750 700 0.00112965
scan 750 700 0 3.95438e-07 0 1.49462e-07 1.18631e-08 1.18631e-08 1.18631e-08 1.97719e-08 2.37263e-08 3.06797e-07
scan 750 700 1 2.82456e-07 0 1.26318e-07 8.47368e-09 8.47368e-09 8.47368e-09 1.41228e-08 1.69474e-08 2.19141e-07
scan 750 700 2 1.69474e-07 0 9.78456e-08 5.08421e-09 5.08421e-09 5.08421e-09 8.47368e-09 1.01684e-08 1.31485e-07
scan 750 700 3 0 0 0 0 0 0 0 0 0
scan 750 700 4 1.12982e-07 0 7.98906e-08 3.38947e-09 3.38947e-09 3.38947e-09 5.64912e-09 6.77894e-09 8.76564e-08
scan 750 700 5 0 0 0 0 0 0 0 0 0
scan 750 700 6 1.12982e-07 0 7.98906e-08 3.38947e-09 3.38947e-09 3.38947e-09 5.64912e-09 6.77894e-09 8.76564e-08
scan 750 700 7 5.64912e-08 0 5.64912e-08 1.69474e-09 1.69474e-09 1.69474e-09 2.82456e-09 3.38947e-09 4.38282e-08
scan 750 700 8 0 0 0 0 0 0 0 0 0
scan 750 700 9 0 0 0 0 0 0 0 0 0
scan 750 700 10 0 0 0 0 0 0 0 0 0
scan 750 700 11 0 0 0 0 0 0 0 0 0
scan 750 700 12 5.64912e-08 0 5.64912e-08 1.69474e-09 1.69474e-09 1.69474e-09 2.82456e-09 3.38947e-09 4.38282e-08
scan 750 700 13 0 0 0 0 0 0 0 0 0
scan 750 700 14 0 0 0 0 0 0 0 0 0
scan 750 700 15 5.64912e-08 0 5.64912e-08 1.69474e-09 1.69474e-09 1.69474e-09 2.82456e-09 3.38947e-09 4.38282e-08
scan 750 700 16 1.12982e-07 0 7.98906e-08 3.38947e-09 3.38947e-09 3.38947e-09 5.64912e-09 6.77894e-09 8.76564e-08
scan 750 700 17 0 0 0 0 0 0 0 0 0
scan 750 700 18 0 0 0 0 0 0 0 0 0
scan 750 700 19 0 0 0 0 0 0 0 0 0
scan 750 700 20 0 0 0 0 0 0 0 0 0
scan 750 700 21 0 0 0 0 0 0 0 0 0
scan 750 700 22 0 0 0 0 0 0 0 0 0
scan 750 700 23 0 0 0 0 0 0 0 0 0
scan 750 700 24 0 0 0 0 0 0 0 0 0
scan 750 700 25 0 0 0 0 0 0 0 0 0
scan 750 700 26 0 0 0 0 0 0 0 0 0
scan 750 700 27 0 0 0 0 0 0 0 0 0
scan 750 700 28 0 0 0 0 0 0 0 0 0
scan 750 700 29 0 0 0 0 0 0 0 0 0
scan 750 700 30 5.64912e-08 0 5.64912e-08 1.69474e-09 1.69474e-09 1.69474e-09 2.82456e-09 3.38947e-09 4.38282e-08
scan 750 700 31 0 0 0 0 0 0 0 0 0
scan 750 700 32 0 0 0 0 0 0 0 0 0
scan 750 700 33 0 0 0 0 0 0 0 0 0
scan 750 700 34 0 0 0 0 0 0 0 0 0
scan 750 700 35 0 0 0 0 0 0 0 0 0
scan 750 700 36 0 0 0 0 0 0 0 0 0
scan 750 700 37 0 0 0 0 0 0 0 0 0
scan 750 700 38 0 0 0 0 0 0 0 0 0
scan 750 700 39 0 0 0 0 0 0 0 0 0
scan 750 700 40 0 0 0 0 0 0 0 0 0
scan 750 700 41 0 0 0 0 0 0 0 0 0
scan 750 700 42 0 0 0 0 0 0 0 0 0
scan 750 700 43 5.64912e-08 0 5.64912e-08 1.69474e-09 1.69474e-09 1.69474e-09 2.82456e-09 3.38947e-09 4.38282e-08
scan 750 700 44 0 0 0 0 0 0 0 0 0
scan 750 700 45 0 0 0 0 0 0 0 0 0
scan 750 700 46 0 0 0 0 0 0 0 0 0
scan 750 700 47 0 0 0 0 0 0 0 0 0
scan 750 700 48 0 0 0 0 0 0 0 0 0
scan 750 700 49 5.64912e-08 0 5.64912e-08 1.69474e-09 1.69474e-09 1.69474e-09 2.82456e-09 3.38947e-09 4.38282e-08
scan 750 700 50 0 0 0 0 0 0 0 0 0
scan 750 700 51 0 0 0 0 0 0 0 0 0
scan 750 700 52 0 0 0 0 0 0 0 0 0
scan 750 700 53 0 0 0 0 0 0 0 0 0
scan 750 700 54 0 0 0 0 0 0 0 0 0
scan 750 700 55 0 0 0 0 0 0 0 0 0
scan 750 700 56 0 0 0 0 0 0 0 0 0
scan 750 700 57 0 0 0 0 0 0 0 0 0
scan 750 700 58 0 0 0 0 0 0 0 0 0
scan 750 700 59 0 0 0 0 0 0 0 0 0
scan 750 700 60 0 0 0 0 0 0 0 0
scan 750 700 61 0 0 0 0 0 0 0 0
scan 750 700 62 0 0 0 0 0 0 0 0
scan 750 700 63 0 0 0 0 0 0 0 0
scan 750 700 64 0 0 0 0 0 0 0 0
scan 750 700 65 0 0 0 0 0 0 0 0
scan 750 700 66 0 0 0 0 0 0 0 0
scan 750 700 67 0 0 0 0 0 0 0 0
scan 750 700 68 0 0 0 0 0 0 0 0
scan 750 700 69 0 0 0 0 0 0 0 0
scan 750 700 70 0 0 0 0 0 0 0 0
scan 750 700 71 0 0 0 0 0 0 0 0
scan 750 700 72 0 0 0 0 0 0 0 0
scan 750 700 73 0 0 0 0 0 0 0 0
scan 750 700 74 0 0 0 0 0 0 0 0
scan 750 700 75 0 0 0 0 0 0 0 0 0
scan 750 700 76 0 0 0 0 0 0 0 0 0
scan 750 700 77 0 0 0 0 0 0 0 0 0
scan 750 700 78 0 0 0 0 0 0 0 0 0
scan 750 700 79 0 0 0 0 0 0 0 0 0
scan 750 700 80 0 0 0 0 0 0 0 0 0
scan 750 700 81 0 0 0 0 0 0 0 0 0
scan 750 700 82 0 0 0 0 0 0 0 0 0
scan 750 700 83 0 0 0 0 0 0 0 0 0
scan 750 700 84 0 0 0 0 0 0 0 0 0
scan 750 700 85 0 0 0 0 0 0 0 0 0
scan 750 700 86 0 0 0 0 0 0 0 0 0
scan 750 700 87 0 0 0 0 0 0 0 0 0
scan 750 700 88 0 0 0 0 0 0 0 0 0
scan 750 700 89 0 0 0 0 0 0 0 0 0
scan 750 700 90 5.64912e-08 0 5.64912e-08 1.69474e-09 1.69474e-09 1.69474e-09 2.82456e-09 3.38947e-09 4.38282e-08
scan 750 700 91 5.64912e-08 0 5.64912e-08 1.69474e-09 1.69474e-09 1.69474e-09 2.82456e-09 3.38947e-09 4.38282e-08
scan 750 700 92 0 0 0 0 0 0 0 0 0
scan 750 700 93 0 0 0 0 0 0 0 0 0
scan 750 700 94 0 0 0 0 0 0 0 0 0
scan 750 700 95 0 0 0 0 0 0 0 0 0
scan 750 700 96 0 0 0 0 0 0 0 0 0
scan 750 700 97 0 0 0 0 0 0 0 0 0
scan 750 700 98 0 0 0 0 0 0 0 0 0
scan 750 700 99 0 0 0 0 0 0 0 0 0
scan 750 700 100 0 0 0 0 0 0 0 0 0
scan 750 700 101 0 0 0 0 0 0 0 0 0
scan 750 700 102 0 0 0 0 0 0 0 0 0
scan 750 700 103 0 0 0 0 0 0 0 0 0
scan 750 700 104 0 0 0 0 0 0 0 0 0
scan 750 700 60 0 0 0 0 0 0 0 0
scan 750 700 61 0 0 0 0 0 0 0 0
scan 750 700 62 0 0 0 0 0 0 0 0
scan 750 700 63 0 0 0 0 0 0 0 0
scan 750 700 64 0 0 0 0 0 0 0 0
scan 750 700 65 0 0 0 0 0 0 0 0
scan 750 700 66 0 0 0 0 0 0 0 0
scan 750 700 67 0 0 0 0 0 0 0 0
scan 750 700 68 0 0 0 0 0 0 0 0
scan 750 700 69 0 0 0 0 0 0 0 0
scan 750 700 70 0 0 0 0 0 0 0 0
scan 750 700 71 0 0 0 0 0 0 0 0
scan 750 700 72 0 0 0 0 0 0 0 0
scan 750 700 73 0 0 0 0 0 0 0 0
scan 750 700 74 0 0 0 0 0 0 0 0
scan 750 700 120 0 0 0 0 0 0 0 0 0
scan 750 700 121 0 0 0 0 0 0 0 0 0
scan 750 700 122 0 0 0 0 0 0 0 0 0
scan 750 700 123 0 0 0 0 0 0 0 0 0
scan 750 700 124 0 0 0 0 0 0 0 0 0
scan 750 700 125 0 0 0 0 0 0 0 0 0
scan 750 700 126 0 0 0 0 0 0 0 0 0
scan 750 700 127 0 0 0 0 0 0 0 0 0
scan 750 700 128 0 0 0 0 0 0 0 0 0
scan 750 700 129 0 0 0 0 0 0 0 0 0
scan 750 700 130 0 0 0 0 0 0 0 0 0
scan 750 700 131 0 0 0 0 0 0 0 0 0
scan 750 700 132 0 0 0 0 0 0 0 0 0
scan 750 700 133 0 0 0 0 0 0 0 0 0
scan 750 700 134 0 0 0 0 0 0 0 0 0
scan 750 700 135 5.64912e-08 0 5.64912e-08 1.69474e-09 1.69474e-09 1.69474e-09 2.82456e-09 3.38947e-09 4.38282e-08
scan 750 700 136 0 0 0 0 0 0 0 0 0
scan 750 700 137 0 0 0 0 0 0 0 0 0
scan 750 700 138 0 0 0 0 0 0 0 0 0
scan 750 700 139 0 0 0 0 0 0 0 0 0
scan 750 700 140 0 0 0 0 0 0 0 0 0
scan 750 700 141 0 0 0 0 0 0 0 0 0
scan 750 700 142 0 0 0 0 0 0 0 0 0
scan 750 700 143 0 0 0 0 0 0 0 0 0
scan 750 700 144 0 0 0 0 0 0 0 0 0
scan 750 700 145 0 0 0 0 0 0 0 0 0
scan 750 700 146 0 0 0 0 0 0 0 0 0
scan 750 700 147 0 0 0 0 0 0 0 0 0
scan 750 700 148 0 0 0 0 0 0 0 0 0
scan 750 700 149 0 0 0 0 0 0 0 0 0
scan 750 700 60 0 0 0 0 0 0 0 0
scan 750 700 61 0 0 0 0 0 0 0 0
scan 750 700 62 0 0 0 0 0 0 0 0
scan 750 700 63 0 0 0 0 0 0 0 0
scan 750 700 64 0 0 0 0 0 0 0 0
scan 750 700 65 0 0 0 0 0 0 0 0
scan 750 700 66 0 0 0 0 0 0 0 0
scan 750 700 67 0 0 0 0 0 0 0 0
scan 750 700 68 0 0 0 0 0 0 0 0
scan 750 700 69 0 0 0 0 0 0 0 0
scan 750 700 70 0 0 0 0 0 0 0 0
scan 750 700 71 0 0 0 0 0 0 0 0
scan 750 700 72 0 0 0 0 0 0 0 0
scan 750 700 73 0 0 0 0 0 0 0 0
scan 750 700 74 0 0 0 0 0 0 0 0
scan 750 700 165 5.64912e-08 0 5.64912e-08 1.69474e-09 1.69474e-09 1.69474e-09 2.82456e-09 3.38947e-09 4.38282e-08
scan 750 700 166 0 0 0 0 0 0 0 0 0
scan 750 700 167 0 0 0 0 0 0 0 0 0
scan 750 700 168 0 0 0 0 0 0 0 0 0
scan 750 700 169 0 0 0 0 0 0 0 0 0
scan 750 700 170 0 0 0 0 0 0 0 0 0
scan 750 700 171 0 0 0 0 0 0 0 0 0
scan 750 700 172 0 0 0 0 0 0 0 0 0
scan 750 700 173 0 0 0 0 0 0 0 0 0
scan 750 700 174 0 0 0 0 0 0 0 0 0
scan 750 700 175 0 0 0 0 0 0 0 0 0
scan 750 700 176 0 0 0 0 0 0 0 0 0
scan 750 700 177 0 0 0 0 0 0 0 0 0
scan 750 700 178 0 0 0 0 0 0 0 0 0
scan 750 700 179 0 0 0 0 0 0 0 0 0
