550 100 0.00761444
scan 550 100 0 7.23371e-06 0 1.65953e-06 2.17011e-07 2.17011e-07 2.17011e-07 3.61686e-07 4.34023e-07 5.48284e-06
scan 550 100 1 1.14217e-05 0 2.0853e-06 3.4265e-07 3.4265e-07 3.4265e-07 5.71083e-07 6.85299e-07 8.65712e-06
scan 550 100 2 1.78939e-05 0 2.6101e-06 5.36818e-07 5.36818e-07 5.36818e-07 8.94696e-07 1.07364e-06 1.35628e-05
scan 550 100 3 2.47469e-05 0 3.06948e-06 7.42408e-07 7.42408e-07 7.42408e-07 1.23735e-06 1.48482e-06 1.87571e-05
scan 550 100 4 8.37588e-05 0 5.64702e-06 2.51276e-06 2.51276e-06 2.51276e-06 4.18794e-06 5.02553e-06 6.34856e-05
scan 550 100 5 1.90361e-06 0 8.5132e-07 5.71083e-08 5.71083e-08 5.71083e-08 9.51805e-08 1.14217e-07 1.44285e-06
scan 550 100 6 4.56866e-06 0 1.31886e-06 1.3706e-07 1.3706e-07 1.3706e-07 2.28433e-07 2.7412e-07 3.46285e-06
scan 550 100 7 2.28433e-06 0 9.32574e-07 6.85299e-08 6.85299e-08 6.85299e-08 1.14217e-07 1.3706e-07 1.73142e-06
scan 550 100 8 4.56866e-06 0 1.31886e-06 1.3706e-07 1.3706e-07 1.3706e-07 2.28433e-07 2.7412e-07 3.46285e-06
scan 550 100 9 2.47469e-05 0 3.06948e-06 7.42408e-07 7.42408e-07 7.42408e-07 1.23735e-06 1.48482e-06 1.87571e-05
scan 550 100 10 1.14217e-06 0 6.5943e-07 3.4265e-08 3.4265e-08 3.4265e-08 5.71083e-08 6.85299e-08 8.65712e-07
scan 550 100 11 1.52289e-05 0 2.4079e-06 4.56866e-07 4.56866e-07 4.56866e-07 7.61444e-07 9.13732e-07 1.15428e-05
scan 550 100 12 1.97975e-05 0 2.74542e-06 5.93926e-07 5.93926e-07 5.93926e-07 9.89877e-07 1.18785e-06 1.50057e-05
scan 550 100 13 2.58891e-05 0 3.13951e-06 7.76672e-07 7.76672e-07 7.76672e-07 1.29445e-06 1.55334e-06 1.96228e-05
scan 550 100 14 0.000193407 0 8.58103e-06 5.8022e-06 5.8022e-06 5.8022e-06 9.67033e-06 1.16044e-05 0.000146594
scan 550 100 15 6.85299e-06 0 1.61527e-06 2.0559e-07 2.0559e-07 2.0559e-07 3.4265e-07 4.1118e-07 5.19427e-06
scan 550 100 16 1.44674e-05 0 2.34693e-06 4.34023e-07 4.34023e-07 4.34023e-07 7.23371e-07 8.68046e-07 1.09657e-05
scan 550 100 17 2.70312e-05 0 3.20802e-06 8.10937e-07 8.10937e-07 8.10937e-07 1.35156e-06 1.62187e-06 2.04885e-05
scan 550 100 18 3.38842e-05 0 3.59172e-06 1.01653e-06 1.01653e-06 1.01653e-06 1.69421e-06 2.03305e-06 2.56828e-05
scan 550 100 19 0.000104318 0 6.30207e-06 3.12953e-06 3.12953e-06 3.12953e-06 5.21589e-06 6.25907e-06 7.90684e-05
scan 550 100 20 2.66505e-06 0 1.0073e-06 7.99516e-08 7.99516e-08 7.99516e-08 1.33253e-07 1.59903e-07 2.01999e-06
scan 550 100 21 3.80722e-06 0 1.20395e-06 1.14217e-07 1.14217e-07 1.14217e-07 1.90361e-07 2.28433e-07 2.88571e-06
scan 550 100 22 4.56866e-06 0 1.31886e-06 1.3706e-07 1.3706e-07 1.3706e-07 2.28433e-07 2.7412e-07 3.46285e-06
scan 550 100 23 7.61444e-06 0 1.70264e-06 2.28433e-07 2.28433e-07 2.28433e-07 3.80722e-07 4.56866e-07 5.77141e-06
scan 550 100 24 2.96963e-05 0 3.36244e-06 8.90889e-07 8.90889e-07 8.90889e-07 1.48482e-06 1.78178e-06 2.25085e-05
scan 550 100 25 1.90361e-06 0 8.5132e-07 5.71083e-08 5.71083e-08 5.71083e-08 9.51805e-08 1.14217e-07 1.44285e-06
scan 550 100 26 9.89877e-06 0 1.94131e-06 2.96963e-07 2.96963e-07 2.96963e-07 4.94938e-07 5.93926e-07 7.50284e-06
scan 550 100 27 1.94168e-05 0 2.7189e-06 5.82504e-07 5.82504e-07 5.82504e-07 9.70841e-07 1.16501e-06 1.47171e-05
scan 550 100 28 3.0077e-05 0 3.38393e-06 9.02311e-07 9.02311e-07 9.02311e-07 1.50385e-06 1.80462e-06 2.27971e-05
scan 550 100 29 0.000198737 0 8.69847e-06 5.9621e-06 5.9621e-06 5.9621e-06 9.93684e-06 1.19242e-05 0.000150634
scan 550 100 30 1.29445e-05 0 2.21997e-06 3.88336e-07 3.88336e-07 3.88336e-07 6.47227e-07 7.76672e-07 9.8114e-06
scan 550 100 31 2.66505e-05 0 3.18535e-06 7.99516e-07 7.99516e-07 7.99516e-07 1.33253e-06 1.59903e-06 2.01999e-05
scan 550 100 32 3.27421e-05 0 3.53067e-06 9.82262e-07 9.82262e-07 9.82262e-07 1.6371e-06 1.96452e-06 2.48171e-05
scan 550 100 33 5.25396e-05 0 4.47247e-06 1.57619e-06 1.57619e-06 1.57619e-06 2.62698e-06 3.15238e-06 3.98228e-05
scan 550 100 34 0.000178178 0 8.23627e-06 5.34533e-06 5.34533e-06 5.34533e-06 8.90889e-06 1.06907e-05 0.000135051
scan 550 100 35 3.4265e-06 0 1.14217e-06 1.02795e-07 1.02795e-07 1.02795e-07 1.71325e-07 2.0559e-07 2.59714e-06
scan 550 100 36 3.04577e-06 0 1.07684e-06 9.13732e-08 9.13732e-08 9.13732e-08 1.52289e-07 1.82746e-07 2.30857e-06
scan 550 100 37 8.7566e-06 0 1.82588e-06 2.62698e-07 2.62698e-07 2.62698e-07 4.3783e-07 5.25396e-07 6.63713e-06
scan 550 100 38 9.89877e-06 0 1.94131e-06 2.96963e-07 2.96963e-07 2.96963e-07 4.94938e-07 5.93926e-07 7.50284e-06
scan 550 100 39 4.53059e-05 0 4.15318e-06 1.35918e-06 1.35918e-06 1.35918e-06 2.26529e-06 2.71835e-06 3.43399e-05
scan 550 100 40 2.66505e-06 0 1.0073e-06 7.99516e-08 7.99516e-08 7.99516e-08 1.33253e-07 1.59903e-07 2.01999e-06
scan 550 100 41 1.56096e-05 0 2.43781e-06 4.68288e-07 4.68288e-07 4.68288e-07 7.8048e-07 9.36576e-07 1.18314e-05
scan 550 100 42 3.35035e-05 0 3.57149e-06 1.00511e-06 1.00511e-06 1.00511e-06 1.67518e-06 2.01021e-06 2.53942e-05
scan 550 100 43 4.60673e-05 0 4.18794e-06 1.38202e-06 1.38202e-06 1.38202e-06 2.30337e-06 2.76404e-06 3.49171e-05
scan 550 100 44 0.000338462 0 1.13516e-05 1.01539e-05 1.01539e-05 1.01539e-05 1.69231e-05 2.03077e-05 0.000256539
scan 550 100 45 0 0 0 0 0 0 0 0 0
scan 550 100 46 7.61444e-07 0 5.38422e-07 2.28433e-08 2.28433e-08 2.28433e-08 3.80722e-08 4.56866e-08 5.77141e-07
scan 550 100 47 0 0 0 0 0 0 0 0 0
scan 550 100 48 1.14217e-06 0 6.5943e-07 3.4265e-08 3.4265e-08 3.4265e-08 5.71083e-08 6.85299e-08 8.65712e-07
scan 550 100 49 7.61444e-07 0 5.38422e-07 2.28433e-08 2.28433e-08 2.28433e-08 3.80722e-08 4.56866e-08 5.77141e-07
scan 550 100 50 0 0 0 0 0 0 0 0 0
scan 550 100 51 3.80722e-07 0 3.80722e-07 1.14217e-08 1.14217e-08 1.14217e-08 1.90361e-08 2.28433e-08 2.88571e-07
scan 550 100 52 0 0 0 0 0 0 0 0 0
scan 550 100 53 0 0 0 0 0 0 0 0 0
scan 550 100 54 0 0 0 0 0 0 0 0 0
scan 550 100 55 0 0 0 0 0 0 0 0 0
scan 550 100 56 3.80722e-07 0 3.80722e-07 1.14217e-08 1.14217e-08 1.14217e-08 1.90361e-08 2.28433e-08 2.88571e-07
scan 550 100 57 0 0 0 0 0 0 0 0 0
scan 550 100 58 7.61444e-07 0 5.38422e-07 2.28433e-08 2.28433e-08 2.28433e-08 3.80722e-08 4.56866e-08 5.77141e-07
scan 550 100 59 3.04577e-06 0 1.07684e-06 9.13732e-08 9.13732e-08 9.13732e-08 1.52289e-07 1.82746e-07 2.30857e-06
scan 550 100 60 0 0 0 0 0 0 0 0
scan 550 100 61 0 0 0 0 0 0 0 0
scan 550 100 62 0 0 0 0 0 0 0 0
scan 550 100 63 0 0 0 0 0 0 0 0
scan 550 100 64 0 0 0 0 0 0 0 0
scan 550 100 65 0 0 0 0 0 0 0 0
scan 550 100 66 0 0 0 0 0 0 0 0
scan 550 100 67 0 0 0 0 0 0 0 0
scan 550 100 68 0 0 0 0 0 0 0 0
scan 550 100 69 0 0 0 0 0 0 0 0
scan 550 100 70 0 0 0 0 0 0 0 0
scan 550 100 71 0 0 0 0 0 0 0 0
scan 550 100 72 0 0 0 0 0 0 0 0
scan 550 100 73 0 0 0 0 0 0 0 0
scan 550 100 74 0 0 0 0 0 0 0 0
scan 550 100 75 3.80722e-07 0 3.80722e-07 1.14217e-08 1.14217e-08 1.14217e-08 1.90361e-08 2.28433e-08 2.88571e-07
scan 550 100 76 0 0 0 0 0 0 0 0 0
scan 550 100 77 3.80722e-07 0 3.80722e-07 1.14217e-08 1.14217e-08 1.14217e-08 1.90361e-08 2.28433e-08 2.88571e-07
scan 550 100 78 3.80722e-07 0 3.80722e-07 1.14217e-08 1.14217e-08 1.14217e-08 1.90361e-08 2.28433e-08 2.88571e-07
scan 550 100 79 0 0 0 0 0 0 0 0 0
scan 550 100 80 0 0 0 0 0 0 0 0 0
scan 550 100 81 0 0 0 0 0 0 0 0 0
scan 550 100 82 0 0 0 0 0 0 0 0 0
scan 550 100 83 0 0 0 0 0 0 0 0 0
scan 550 100 84 0 0 0 0 0 0 0 0 0
scan 550 100 85 0 0 0 0 0 0 0 0 0
scan 550 100 86 0 0 0 0 0 0 0 0 0
scan 550 100 87 7.61444e-07 0 5.38422e-07 2.28433e-08 2.28433e-08 2.28433e-08 3.80722e-08 4.56866e-08 5.77141e-07
scan 550 100 88 0 0 0 0 0 0 0 0 0
scan 550 100 89 1.52289e-06 0 7.61444e-07 4.56866e-08 4.56866e-08 4.56866e-08 7.61444e-08 9.13732e-08 1.15428e-06
scan 550 100 90 1.52289e-06 0 7.61444e-07 4.56866e-08 4.56866e-08 4.56866e-08 7.61444e-08 9.13732e-08 1.15428e-06
scan 550 100 91 1.90361e-06 0 8.5132e-07 5.71083e-08 5.71083e-08 5.71083e-08 9.51805e-08 1.14217e-07 1.44285e-06
scan 550 100 92 3.80722e-07 0 3.80722e-07 1.14217e-08 1.14217e-08 1.14217e-08 1.90361e-08 2.28433e-08 2.88571e-07
scan 550 100 93 1.14217e-06 0 6.5943e-07 3.4265e-08 3.4265e-08 3.4265e-08 5.71083e-08 6.85299e-08 8.65712e-07
scan 550 100 94 1.90361e-06 0 8.5132e-07 5.71083e-08 5.71083e-08 5.71083e-08 9.51805e-08 1.14217e-07 1.44285e-06
scan 550 100 95 0 0 0 0 0 0 0 0 0
scan 550 100 96 3.80722e-07 0 3.80722e-07 1.14217e-08 1.14217e-08 1.14217e-08 1.90361e-08 2.28433e-08 2.88571e-07
scan 550 100 97 0 0 0 0 0 0 0 0 0
scan 550 100 98 0 0 0 0 0 0 0 0 0
scan 550 100 99 3.80722e-07 0 3.80722e-07 1.14217e-08 1.14217e-08 1.14217e-08 1.90361e-08 2.28433e-08 2.88571e-07
scan 550 100 100 0 0 0 0 0 0 0 0 0
scan 550 100 101 3.80722e-07 0 3.80722e-07 1.14217e-08 1.14217e-08 1.14217e-08 1.90361e-08 2.28433e-08 2.88571e-07
scan 550 100 102 2.28433e-06 0 9.32574e-07 6.85299e-08 6.85299e-08 6.85299e-08 1.14217e-07 1.3706e-07 1.73142e-06
scan 550 100 103 7.61444e-07 0 5.38422e-07 2.28433e-08 2.28433e-08 2.28433e-08 3.80722e-08 4.56866e-08 5.77141e-07
scan 550 100 104 5.71083e-06 0 1.47453e-06 1.71325e-07 1.71325e-07 1.71325e-07 2.85541e-07 3.4265e-07 4.32856e-06
scan 550 100 60 0 0 0 0 0 0 0 0
scan 550 100 61 0 0 0 0 0 0 0 0
scan 550 100 62 0 0 0 0 0 0 0 0
scan 550 100 63 0 0 0 0 0 0 0 0
scan 550 100 64 0 0 0 0 0 0 0 0
scan 550 100 65 0 0 0 0 0 0 0 0
scan 550 100 66 0 0 0 0 0 0 0 0
scan 550 100 67 0 0 0 0 0 0 0 0
scan 550 100 68 0 0 0 0 0 0 0 0
scan 550 100 69 0 0 0 0 0 0 0 0
scan 550 100 70 0 0 0 0 0 0 0 0
scan 550 100 71 0 0 0 0 0 0 0 0
scan 550 100 72 0 0 0 0 0 0 0 0
scan 550 100 73 0 0 0 0 0 0 0 0
scan 550 100 74 0 0 0 0 0 0 0 0
scan 550 100 120 0 0 0 0 0 0 0 0 0
scan 550 100 121 7.61444e-07 0 5.38422e-07 2.28433e-08 2.28433e-08 2.28433e-08 3.80722e-08 4.56866e-08 5.77141e-07
scan 550 100 122 0 0 0 0 0 0 0 0 0
scan 550 100 123 0 0 0 0 0 0 0 0 0
scan 550 100 124 0 0 0 0 0 0 0 0 0
scan 550 100 125 0 0 0 0 0 0 0 0 0
scan 550 100 126 0 0 0 0 0 0 0 0 0
scan 550 100 127 3.80722e-07 0 3.80722e-07 1.14217e-08 1.14217e-08 1.14217e-08 1.90361e-08 2.28433e-08 2.88571e-07
scan 550 100 128 0 0 0 0 0 0 0 0 0
scan 550 100 129 7.61444e-07 0 5.38422e-07 2.28433e-08 2.28433e-08 2.28433e-08 3.80722e-08 4.56866e-08 5.77141e-07
scan 550 100 130 0 0 0 0 0 0 0 0 0
scan 550 100 131 0 0 0 0 0 0 0 0 0
scan 550 100 132 7.61444e-07 0 5.38422e-07 2.28433e-08 2.28433e-08 2.28433e-08 3.80722e-08 4.56866e-08 5.77141e-07
scan 550 100 133 0 0 0 0 0 0 0 0 0
scan 550 100 134 1.52289e-06 0 7.61444e-07 4.56866e-08 4.56866e-08 4.56866e-08 7.61444e-08 9.13732e-08 1.15428e-06
scan 550 100 135 1.52289e-06 0 7.61444e-07 4.56866e-08 4.56866e-08 4.56866e-08 7.61444e-08 9.13732e-08 1.15428e-06
scan 550 100 136 1.90361e-06 0 8.5132e-07 5.71083e-08 5.71083e-08 5.71083e-08 9.51805e-08 1.14217e-07 1.44285e-06
scan 550 100 137 7.61444e-07 0 5.38422e-07 2.28433e-08 2.28433e-08 2.28433e-08 3.80722e-08 4.56866e-08 5.77141e-07
scan 550 100 138 1.14217e-06 0 6.5943e-07 3.4265e-08 3.4265e-08 3.4265e-08 5.71083e-08 6.85299e-08 8.65712e-07
scan 550 100 139 1.14217e-06 0 6.5943e-07 3.4265e-08 3.4265e-08 3.4265e-08 5.71083e-08 6.85299e-08 8.65712e-07
scan 550 100 140 0 0 0 0 0 0 0 0 0
scan 550 100 141 0 0 0 0 0 0 0 0 0
scan 550 100 142 7.61444e-07 0 5.38422e-07 2.28433e-08 2.28433e-08 2.28433e-08 3.80722e-08 4.56866e-08 5.77141e-07
scan 550 100 143 3.80722e-07 0 3.80722e-07 1.14217e-08 1.14217e-08 1.14217e-08 1.90361e-08 2.28433e-08 2.88571e-07
scan 550 100 144 3.80722e-07 0 3.80722e-07 1.14217e-08 1.14217e-08 1.14217e-08 1.90361e-08 2.28433e-08 2.88571e-07
scan 550 100 145 0 0 0 0 0 0 0 0 0
scan 550 100 146 0 0 0 0 0 0 0 0 0
scan 550 100 147 7.61444e-07 0 5.38422e-07 2.28433e-08 2.28433e-08 2.28433e-08 3.80722e-08 4.56866e-08 5.77141e-07
scan 550 100 148 3.80722e-07 0 3.80722e-07 1.14217e-08 1.14217e-08 1.14217e-08 1.90361e-08 2.28433e-08 2.88571e-07
scan 550 100 149 3.80722e-06 0 1.20395e-06 1.14217e-07 1.14217e-07 1.14217e-07 1.90361e-07 2.28433e-07 2.88571e-06
scan 550 100 60 0 0 0 0 0 0 0 0
scan 550 100 61 0 0 0 0 0 0 0 0
scan 550 100 62 0 0 0 0 0 0 0 0
scan 550 100 63 0 0 0 0 0 0 0 0
scan 550 100 64 0 0 0 0 0 0 0 0
scan 550 100 65 0 0 0 0 0 0 0 0
scan 550 100 66 0 0 0 0 0 0 0 0
scan 550 100 67 0 0 0 0 0 0 0 0
scan 550 100 68 0 0 0 0 0 0 0 0
scan 550 100 69 0 0 0 0 0 0 0 0
scan 550 100 70 0 0 0 0 0 0 0 0
scan 550 100 71 0 0 0 0 0 0 0 0
scan 550 100 72 0 0 0 0 0 0 0 0
scan 550 100 73 0 0 0 0 0 0 0 0
scan 550 100 74 0 0 0 0 0 0 0 0
scan 550 100 165 0 0 0 0 0 0 0 0 0
scan 550 100 166 0 0 0 0 0 0 0 0 0
scan 550 100 167 0 0 0 0 0 0 0 0 0
scan 550 100 168 3.80722e-07 0 3.80722e-07 1.14217e-08 1.14217e-08 1.14217e-08 1.90361e-08 2.28433e-08 2.88571e-07
scan 550 100 169 0 0 0 0 0 0 0 0 0
scan 550 100 170 0 0 0 0 0 0 0 0 0
scan 550 100 171 0 0 0 0 0 0 0 0 0
scan 550 100 172 0 0 0 0 0 0 0 0 0
scan 550 100 173 0 0 0 0 0 0 0 0 0
scan 550 100 174 0 0 0 0 0 0 0 0 0
scan 550 100 175 0 0 0 0 0 0 0 0 0
scan 550 100 176 0 0 0 0 0 0 0 0 0
scan 550 100 177 0 0 0 0 0 0 0 0 0
scan 550 100 178 3.80722e-07 0 3.80722e-07 1.14217e-08 1.14217e-08 1.14217e-08 1.90361e-08 2.28433e-08 2.88571e-07
scan 550 100 179 1.52289e-06 0 7.61444e-07 4.56866e-08 4.56866e-08 4.56866e-08 7.61444e-08 9.13732e-08 1.15428e-06
