700 200 0.00185119
scan 700 200 0 1.29603e-06 0 3.46378e-07 3.88809e-08 3.88809e-08 3.88809e-08 6.48015e-08 7.77618e-08 1.00158e-06
scan 700 200 1 2.22176e-06 0 4.53516e-07 6.66529e-08 6.66529e-08 6.66529e-08 1.11088e-07 1.33306e-07 1.717e-06
scan 700 200 2 3.61037e-06 0 5.78121e-07 1.08311e-07 1.08311e-07 1.08311e-07 1.80518e-07 2.16622e-07 2.79012e-06
scan 700 200 3 2.77721e-06 0 5.07046e-07 8.33162e-08 8.33162e-08 8.33162e-08 1.3886e-07 1.66632e-07 2.14625e-06
scan 700 200 4 1.52746e-05 0 1.18913e-06 4.58239e-07 4.58239e-07 4.58239e-07 7.63732e-07 9.16478e-07 1.18044e-05
scan 700 200 5 1.85147e-07 0 1.30919e-07 5.55441e-09 5.55441e-09 5.55441e-09 9.25735e-09 1.11088e-08 1.43083e-07
scan 700 200 6 1.85147e-07 0 1.30919e-07 5.55441e-09 5.55441e-09 5.55441e-09 9.25735e-09 1.11088e-08 1.43083e-07
scan 700 200 7 5.55441e-07 0 2.26758e-07 1.66632e-08 1.66632e-08 1.66632e-08 2.77721e-08 3.33265e-08 4.29249e-07
scan 700 200 8 8.33162e-07 0 2.77721e-07 2.49949e-08 2.49949e-08 2.49949e-08 4.16581e-08 4.99897e-08 6.43874e-07
scan 700 200 9 6.66529e-06 0 7.85512e-07 1.99959e-07 1.99959e-07 1.99959e-07 3.33265e-07 3.99918e-07 5.15099e-06
scan 700 200 10 3.70294e-07 0 1.85147e-07 1.11088e-08 1.11088e-08 1.11088e-08 1.85147e-08 2.22176e-08 2.86166e-07
scan 700 200 11 1.48118e-06 0 3.70294e-07 4.44353e-08 4.44353e-08 4.44353e-08 7.40588e-08 8.88706e-08 1.14467e-06
scan 700 200 12 3.98066e-06 0 6.07045e-07 1.1942e-07 1.1942e-07 1.1942e-07 1.99033e-07 2.3884e-07 3.07629e-06
scan 700 200 13 6.85044e-06 0 7.96348e-07 2.05513e-07 2.05513e-07 2.05513e-07 3.42522e-07 4.11026e-07 5.29408e-06
scan 700 200 14 5.1008e-05 0 2.17301e-06 1.53024e-06 1.53024e-06 1.53024e-06 2.5504e-06 3.06048e-06 3.94194e-05
scan 700 200 15 8.33162e-07 0 2.77721e-07 2.49949e-08 2.49949e-08 2.49949e-08 4.16581e-08 4.99897e-08 6.43874e-07
scan 700 200 16 2.03662e-06 0 4.34208e-07 6.10985e-08 6.10985e-08 6.10985e-08 1.01831e-07 1.22197e-07 1.57391e-06
scan 700 200 17 3.51779e-06 0 5.70662e-07 1.05534e-07 1.05534e-07 1.05534e-07 1.7589e-07 2.11068e-07 2.71858e-06
scan 700 200 18 3.51779e-06 0 5.70662e-07 1.05534e-07 1.05534e-07 1.05534e-07 1.7589e-07 2.11068e-07 2.71858e-06
scan 700 200 19 1.89776e-05 0 1.32545e-06 5.69327e-07 5.69327e-07 5.69327e-07 9.48879e-07 1.13865e-06 1.4666e-05
scan 700 200 20 2.77721e-07 0 1.60342e-07 8.33162e-09 8.33162e-09 8.33162e-09 1.3886e-08 1.66632e-08 2.14625e-07
scan 700 200 21 3.70294e-07 0 1.85147e-07 1.11088e-08 1.11088e-08 1.11088e-08 1.85147e-08 2.22176e-08 2.86166e-07
scan 700 200 22 3.70294e-07 0 1.85147e-07 1.11088e-08 1.11088e-08 1.11088e-08 1.85147e-08 2.22176e-08 2.86166e-07
scan 700 200 23 1.11088e-06 0 3.20684e-07 3.33265e-08 3.33265e-08 3.33265e-08 5.55441e-08 6.66529e-08 8.58499e-07
scan 700 200 24 7.96132e-06 0 8.58492e-07 2.3884e-07 2.3884e-07 2.3884e-07 3.98066e-07 4.77679e-07 6.15257e-06
scan 700 200 25 1.85147e-07 0 1.30919e-07 5.55441e-09 5.55441e-09 5.55441e-09 9.25735e-09 1.11088e-08 1.43083e-07
scan 700 200 26 2.12919e-06 0 4.43967e-07 6.38757e-08 6.38757e-08 6.38757e-08 1.0646e-07 1.27751e-07 1.64546e-06
scan 700 200 27 3.61037e-06 0 5.78121e-07 1.08311e-07 1.08311e-07 1.08311e-07 1.80518e-07 2.16622e-07 2.79012e-06
scan 700 200 28 4.44353e-06 0 6.41368e-07 1.33306e-07 1.33306e-07 1.33306e-07 2.22176e-07 2.66612e-07 3.434e-06
scan 700 200 29 4.86011e-05 0 2.12113e-06 1.45803e-06 1.45803e-06 1.45803e-06 2.43005e-06 2.91607e-06 3.75593e-05
scan 700 200 30 3.98066e-06 0 6.07045e-07 1.1942e-07 1.1942e-07 1.1942e-07 1.99033e-07 2.3884e-07 3.07629e-06
scan 700 200 31 5.55441e-06 0 7.17071e-07 1.66632e-07 1.66632e-07 1.66632e-07 2.77721e-07 3.33265e-07 4.29249e-06
scan 700 200 32 8.79448e-06 0 9.02295e-07 2.63835e-07 2.63835e-07 2.63835e-07 4.39724e-07 5.27669e-07 6.79645e-06
scan 700 200 33 1.16643e-05 0 1.03914e-06 3.49928e-07 3.49928e-07 3.49928e-07 5.83213e-07 6.99856e-07 9.01424e-06
scan 700 200 34 5.89693e-05 0 2.33645e-06 1.76908e-06 1.76908e-06 1.76908e-06 2.94847e-06 3.53816e-06 4.5572e-05
scan 700 200 35 3.70294e-07 0 1.85147e-07 1.11088e-08 1.11088e-08 1.11088e-08 1.85147e-08 2.22176e-08 2.86166e-07
scan 700 200 36 1.11088e-06 0 3.20684e-07 3.33265e-08 3.33265e-08 3.33265e-08 5.55441e-08 6.66529e-08 8.58499e-07
scan 700 200 37 1.29603e-06 0 3.46378e-07 3.88809e-08 3.88809e-08 3.88809e-08 6.48015e-08 7.77618e-08 1.00158e-06
scan 700 200 38 2.96235e-06 0 5.23675e-07 8.88706e-08 8.88706e-08 8.88706e-08 1.48118e-07 1.77741e-07 2.28933e-06
scan 700 200 39 2.24028e-05 0 1.44011e-06 6.72084e-07 6.72084e-07 6.72084e-07 1.12014e-06 1.34417e-06 1.73131e-05
scan 700 200 40 8.33162e-07 0 2.77721e-07 2.49949e-08 2.49949e-08 2.49949e-08 4.16581e-08 4.99897e-08 6.43874e-07
scan 700 200 41 4.99897e-06 0 6.80274e-07 1.49969e-07 1.49969e-07 1.49969e-07 2.49949e-07 2.99938e-07 3.86324e-06
scan 700 200 42 9.53507e-06 0 9.39519e-07 2.86052e-07 2.86052e-07 2.86052e-07 4.76754e-07 5.72104e-07 7.36878e-06
scan 700 200 43 1.22197e-05 0 1.06359e-06 3.66591e-07 3.66591e-07 3.66591e-07 6.10985e-07 7.33182e-07 9.44349e-06
scan 700 200 44 0.00012553 0 3.40892e-06 3.76589e-06 3.76589e-06 3.76589e-06 6.27648e-06 7.53178e-06 9.70104e-05
scan 700 200 45 9.25735e-08 0 9.25735e-08 2.77721e-09 2.77721e-09 2.77721e-09 4.62868e-09 5.55441e-09 7.15416e-08
scan 700 200 46 9.25735e-08 0 9.25735e-08 2.77721e-09 2.77721e-09 2.77721e-09 4.62868e-09 5.55441e-09 7.15416e-08
scan 700 200 47 0 0 0 0 0 0 0 0 0
scan 700 200 48 1.85147e-07 0 1.30919e-07 5.55441e-09 5.55441e-09 5.55441e-09 9.25735e-09 1.11088e-08 1.43083e-07
scan 700 200 49 1.85147e-07 0 1.30919e-07 5.55441e-09 5.55441e-09 5.55441e-09 9.25735e-09 1.11088e-08 1.43083e-07
scan 700 200 50 0 0 0 0 0 0 0 0 0
scan 700 200 51 0 0 0 0 0 0 0 0 0
scan 700 200 52 9.25735e-08 0 9.25735e-08 2.77721e-09 2.77721e-09 2.77721e-09 4.62868e-09 5.55441e-09 7.15416e-08
scan 700 200 53 9.25735e-08 0 9.25735e-08 2.77721e-09 2.77721e-09 2.77721e-09 4.62868e-09 5.55441e-09 7.15416e-08
scan 700 200 54 0 0 0 0 0 0 0 0 0
scan 700 200 55 0 0 0 0 0 0 0 0 0
scan 700 200 56 0 0 0 0 0 0 0 0 0
scan 700 200 57 3.70294e-07 0 1.85147e-07 1.11088e-08 1.11088e-08 1.11088e-08 1.85147e-08 2.22176e-08 2.86166e-07
scan 700 200 58 9.25735e-08 0 9.25735e-08 2.77721e-09 2.77721e-09 2.77721e-09 4.62868e-09 5.55441e-09 7.15416e-08
scan 700 200 59 5.55441e-07 0 2.26758e-07 1.66632e-08 1.66632e-08 1.66632e-08 2.77721e-08 3.33265e-08 4.29249e-07
scan 700 200 60 0 0 0 0 0 0 0 0
scan 700 200 61 0 0 0 0 0 0 0 0
scan 700 200 62 0 0 0 0 0 0 0 0
scan 700 200 63 0 0 0 0 0 0 0 0
scan 700 200 64 0 0 0 0 0 0 0 0
scan 700 200 65 0 0 0 0 0 0 0 0
scan 700 200 66 0 0 0 0 0 0 0 0
scan 700 200 67 0 0 0 0 0 0 0 0
scan 700 200 68 0 0 0 0 0 0 0 0
scan 700 200 69 0 0 0 0 0 0 0 0
scan 700 200 70 0 0 0 0 0 0 0 0
scan 700 200 71 0 0 0 0 0 0 0 0
scan 700 200 72 0 0 0 0 0 0 0 0
scan 700 200 73 0 0 0 0 0 0 0 0
scan 700 200 74 0 0 0 0 0 0 0 0
scan 700 200 75 9.25735e-08 0 9.25735e-08 2.77721e-09 2.77721e-09 2.77721e-09 4.62868e-09 5.55441e-09 7.15416e-08
scan 700 200 76 9.25735e-08 0 9.25735e-08 2.77721e-09 2.77721e-09 2.77721e-09 4.62868e-09 5.55441e-09 7.15416e-08
scan 700 200 77 0 0 0 0 0 0 0 0 0
scan 700 200 78 0 0 0 0 0 0 0 0 0
scan 700 200 79 2.77721e-07 0 1.60342e-07 8.33162e-09 8.33162e-09 8.33162e-09 1.3886e-08 1.66632e-08 2.14625e-07
scan 700 200 80 0 0 0 0 0 0 0 0 0
scan 700 200 81 9.25735e-08 0 9.25735e-08 2.77721e-09 2.77721e-09 2.77721e-09 4.62868e-09 5.55441e-09 7.15416e-08
scan 700 200 82 0 0 0 0 0 0 0 0 0
scan 700 200 83 0 0 0 0 0 0 0 0 0
scan 700 200 84 9.25735e-08 0 9.25735e-08 2.77721e-09 2.77721e-09 2.77721e-09 4.62868e-09 5.55441e-09 7.15416e-08
scan 700 200 85 0 0 0 0 0 0 0 0 0
scan 700 200 86 0 0 0 0 0 0 0 0 0
scan 700 200 87 0 0 0 0 0 0 0 0 0
scan 700 200 88 1.85147e-07 0 1.30919e-07 5.55441e-09 5.55441e-09 5.55441e-09 9.25735e-09 1.11088e-08 1.43083e-07
scan 700 200 89 3.70294e-07 0 1.85147e-07 1.11088e-08 1.11088e-08 1.11088e-08 1.85147e-08 2.22176e-08 2.86166e-07
scan 700 200 90 3.70294e-07 0 1.85147e-07 1.11088e-08 1.11088e-08 1.11088e-08 1.85147e-08 2.22176e-08 2.86166e-07
scan 700 200 91 6.48015e-07 0 2.44927e-07 1.94404e-08 1.94404e-08 1.94404e-08 3.24007e-08 3.88809e-08 5.00791e-07
scan 700 200 92 3.70294e-07 0 1.85147e-07 1.11088e-08 1.11088e-08 1.11088e-08 1.85147e-08 2.22176e-08 2.86166e-07
scan 700 200 93 3.70294e-07 0 1.85147e-07 1.11088e-08 1.11088e-08 1.11088e-08 1.85147e-08 2.22176e-08 2.86166e-07
scan 700 200 94 9.25735e-08 0 9.25735e-08 2.77721e-09 2.77721e-09 2.77721e-09 4.62868e-09 5.55441e-09 7.15416e-08
scan 700 200 95 0 0 0 0 0 0 0 0 0
scan 700 200 96 0 0 0 0 0 0 0 0 0
scan 700 200 97 0 0 0 0 0 0 0 0 0
scan 700 200 98 0 0 0 0 0 0 0 0 0
scan 700 200 99 9.25735e-08 0 9.25735e-08 2.77721e-09 2.77721e-09 2.77721e-09 4.62868e-09 5.55441e-09 7.15416e-08
scan 700 200 100 0 0 0 0 0 0 0 0 0
scan 700 200 101 1.85147e-07 0 1.30919e-07 5.55441e-09 5.55441e-09 5.55441e-09 9.25735e-09 1.11088e-08 1.43083e-07
scan 700 200 102 2.77721e-07 0 1.60342e-07 8.33162e-09 8.33162e-09 8.33162e-09 1.3886e-08 1.66632e-08 2.14625e-07
scan 700 200 103 5.55441e-07 0 2.26758e-07 1.66632e-08 1.66632e-08 1.66632e-08 2.77721e-08 3.33265e-08 4.29249e-07
scan 700 200 104 1.94404e-06 0 4.24225e-07 5.83213e-08 5.83213e-08 5.83213e-08 9.72022e-08 1.16643e-07 1.50237e-06
scan 700 200 60 0 0 0 0 0 0 0 0
scan 700 200 61 0 0 0 0 0 0 0 0
scan 700 200 62 0 0 0 0 0 0 0 0
scan 700 200 63 0 0 0 0 0 0 0 0
scan 700 200 64 0 0 0 0 0 0 0 0
scan 700 200 65 0 0 0 0 0 0 0 0
scan 700 200 66 0 0 0 0 0 0 0 0
scan 700 200 67 0 0 0 0 0 0 0 0
scan 700 200 68 0 0 0 0 0 0 0 0
scan 700 200 69 0 0 0 0 0 0 0 0
scan 700 200 70 0 0 0 0 0 0 0 0
scan 700 200 71 0 0 0 0 0 0 0 0
scan 700 200 72 0 0 0 0 0 0 0 0
scan 700 200 73 0 0 0 0 0 0 0 0
scan 700 200 74 0 0 0 0 0 0 0 0
scan 700 200 120 9.25735e-08 0 9.25735e-08 2.77721e-09 2.77721e-09 2.77721e-09 4.62868e-09 5.55441e-09 7.15416e-08
scan 700 200 121 0 0 0 0 0 0 0 0 0
scan 700 200 122 0 0 0 0 0 0 0 0 0
scan 700 200 123 0 0 0 0 0 0 0 0 0
scan 700 200 124 9.25735e-08 0 9.25735e-08 2.77721e-09 2.77721e-09 2.77721e-09 4.62868e-09 5.55441e-09 7.15416e-08
scan 700 200 125 9.25735e-08 0 9.25735e-08 2.77721e-09 2.77721e-09 2.77721e-09 4.62868e-09 5.55441e-09 7.15416e-08
scan 700 200 126 0 0 0 0 0 0 0 0 0
scan 700 200 127 0 0 0 0 0 0 0 0 0
scan 700 200 128 0 0 0 0 0 0 0 0 0
scan 700 200 129 0 0 0 0 0 0 0 0 0
scan 700 200 130 0 0 0 0 0 0 0 0 0
scan 700 200 131 9.25735e-08 0 9.25735e-08 2.77721e-09 2.77721e-09 2.77721e-09 4.62868e-09 5.55441e-09 7.15416e-08
scan 700 200 132 9.25735e-08 0 9.25735e-08 2.77721e-09 2.77721e-09 2.77721e-09 4.62868e-09 5.55441e-09 7.15416e-08
scan 700 200 133 9.25735e-08 0 9.25735e-08 2.77721e-09 2.77721e-09 2.77721e-09 4.62868e-09 5.55441e-09 7.15416e-08
scan 700 200 134 6.48015e-07 0 2.44927e-07 1.94404e-08 1.94404e-08 1.94404e-08 3.24007e-08 3.88809e-08 5.00791e-07
scan 700 200 135 0 0 0 0 0 0 0 0 0
scan 700 200 136 0 0 0 0 0 0 0 0 0
scan 700 200 137 9.25735e-08 0 9.25735e-08 2.77721e-09 2.77721e-09 2.77721e-09 4.62868e-09 5.55441e-09 7.15416e-08
scan 700 200 138 9.25735e-08 0 9.25735e-08 2.77721e-09 2.77721e-09 2.77721e-09 4.62868e-09 5.55441e-09 7.15416e-08
scan 700 200 139 5.55441e-07 0 2.26758e-07 1.66632e-08 1.66632e-08 1.66632e-08 2.77721e-08 3.33265e-08 4.29249e-07
scan 700 200 140 0 0 0 0 0 0 0 0 0
scan 700 200 141 9.25735e-08 0 9.25735e-08 2.77721e-09 2.77721e-09 2.77721e-09 4.62868e-09 5.55441e-09 7.15416e-08
scan 700 200 142 0 0 0 0 0 0 0 0 0
scan 700 200 143 9.25735e-08 0 9.25735e-08 2.77721e-09 2.77721e-09 2.77721e-09 4.62868e-09 5.55441e-09 7.15416e-08
scan 700 200 144 9.25735e-08 0 9.25735e-08 2.77721e-09 2.77721e-09 2.77721e-09 4.62868e-09 5.55441e-09 7.15416e-08
scan 700 200 145 0 0 0 0 0 0 0 0 0
scan 700 200 146 0 0 0 0 0 0 0 0 0
scan 700 200 147 2.77721e-07 0 1.60342e-07 8.33162e-09 8.33162e-09 8.33162e-09 1.3886e-08 1.66632e-08 2.14625e-07
scan 700 200 148 1.85147e-07 0 1.30919e-07 5.55441e-09 5.55441e-09 5.55441e-09 9.25735e-09 1.11088e-08 1.43083e-07
scan 700 200 149 1.29603e-06 0 3.46378e-07 3.88809e-08 3.88809e-08 3.88809e-08 6.48015e-08 7.77618e-08 1.00158e-06
scan 700 200 60 0 0 0 0 0 0 0 0
scan 700 200 61 0 0 0 0 0 0 0 0
scan 700 200 62 0 0 0 0 0 0 0 0
scan 700 200 63 0 0 0 0 0 0 0 0
scan 700 200 64 0 0 0 0 0 0 0 0
scan 700 200 65 0 0 0 0 0 0 0 0
scan 700 200 66 0 0 0 0 0 0 0 0
scan 700 200 67 0 0 0 0 0 0 0 0
scan 700 200 68 0 0 0 0 0 0 0 0
scan 700 200 69 0 0 0 0 0 0 0 0
scan 700 200 70 0 0 0 0 0 0 0 0
scan 700 200 71 0 0 0 0 0 0 0 0
scan 700 200 72 0 0 0 0 0 0 0 0
scan 700 200 73 0 0 0 0 0 0 0 0
scan 700 200 74 0 0 0 0 0 0 0 0
scan 700 200 165 9.25735e-08 0 9.25735e-08 2.77721e-09 2.77721e-09 2.77721e-09 4.62868e-09 5.55441e-09 7.15416e-08
scan 700 200 166 0 0 0 0 0 0 0 0 0
scan 700 200 167 1.85147e-07 0 1.30919e-07 5.55441e-09 5.55441e-09 5.55441e-09 9.25735e-09 1.11088e-08 1.43083e-07
scan 700 200 168 2.77721e-07 0 1.60342e-07 8.33162e-09 8.33162e-09 8.33162e-09 1.3886e-08 1.66632e-08 2.14625e-07
scan 700 200 169 0 0 0 0 0 0 0 0 0
scan 700 200 170 0 0 0 0 0 0 0 0 0
scan 700 200 171 0 0 0 0 0 0 0 0 0
scan 700 200 172 0 0 0 0 0 0 0 0 0
scan 700 200 173 0 0 0 0 0 0 0 0 0
scan 700 200 174 9.25735e-08 0 9.25735e-08 2.77721e-09 2.77721e-09 2.77721e-09 4.62868e-09 5.55441e-09 7.15416e-08
scan 700 200 175 0 0 0 0 0 0 0 0 0
scan 700 200 176 1.85147e-07 0 1.30919e-07 5.55441e-09 5.55441e-09 5.55441e-09 9.25735e-09 1.11088e-08 1.43083e-07
scan 700 200 177 9.25735e-08 0 9.25735e-08 2.77721e-09 2.77721e-09 2.77721e-09 4.62868e-09 5.55441e-09 7.15416e-08
scan 700 200 178 0 0 0 0 0 0 0 0 0
scan 700 200 179 2.77721e-07 0 1.60342e-07 8.33162e-09 8.33162e-09 8.33162e-09 1.3886e-08 1.66632e-08 2.14625e-07
