750 450 0.00112965
scan 750 450 0 6.77792e-07 0 1.95662e-07 2.03338e-08 2.03338e-08 2.03338e-08 3.38896e-08 4.06675e-08 5.25859e-07
scan 750 450 1 2.37227e-06 0 3.6605e-07 7.11682e-08 7.11682e-08 7.11682e-08 1.18614e-07 1.42336e-07 1.84051e-06
scan 750 450 2 3.61489e-06 0 4.51862e-07 1.08447e-07 1.08447e-07 1.08447e-07 1.80745e-07 2.16894e-07 2.80458e-06
scan 750 450 3 4.68806e-06 0 5.14582e-07 1.40642e-07 1.40642e-07 1.40642e-07 2.34403e-07 2.81284e-07 3.63719e-06
scan 750 450 4 1.35558e-05 0 8.75026e-07 4.06675e-07 4.06675e-07 4.06675e-07 6.77792e-07 8.13351e-07 1.05172e-05
scan 750 450 5 2.82414e-07 0 1.26299e-07 8.47241e-09 8.47241e-09 8.47241e-09 1.41207e-08 1.69448e-08 2.19108e-07
scan 750 450 6 2.82414e-07 0 1.26299e-07 8.47241e-09 8.47241e-09 8.47241e-09 1.41207e-08 1.69448e-08 2.19108e-07
scan 750 450 7 3.38896e-07 0 1.38354e-07 1.01669e-08 1.01669e-08 1.01669e-08 1.69448e-08 2.03338e-08 2.6293e-07
scan 750 450 8 5.08344e-07 0 1.69448e-07 1.52503e-08 1.52503e-08 1.52503e-08 2.54172e-08 3.05007e-08 3.94395e-07
scan 750 450 9 6.2131e-07 0 1.87332e-07 1.86393e-08 1.86393e-08 1.86393e-08 3.10655e-08 3.72786e-08 4.82038e-07
scan 750 450 10 1.69448e-07 0 9.78309e-08 5.08344e-09 5.08344e-09 5.08344e-09 8.47241e-09 1.01669e-08 1.31465e-07
scan 750 450 11 2.42876e-06 0 3.70382e-07 7.28627e-08 7.28627e-08 7.28627e-08 1.21438e-07 1.45725e-07 1.88433e-06
scan 750 450 12 3.05007e-06 0 4.15061e-07 9.1502e-08 9.1502e-08 9.1502e-08 1.52503e-07 1.83004e-07 2.36637e-06
scan 750 450 13 4.17972e-06 0 4.85883e-07 1.25392e-07 1.25392e-07 1.25392e-07 2.08986e-07 2.50783e-07 3.2428e-06
scan 750 450 14 2.56431e-05 0 1.20349e-06 7.69294e-07 7.69294e-07 7.69294e-07 1.28216e-06 1.53859e-06 1.9895e-05
scan 750 450 15 1.92041e-06 0 3.29348e-07 5.76124e-08 5.76124e-08 5.76124e-08 9.60206e-08 1.15225e-07 1.48994e-06
scan 750 450 16 2.76765e-06 0 3.95379e-07 8.30296e-08 8.30296e-08 8.30296e-08 1.38383e-07 1.66059e-07 2.14726e-06
scan 750 450 17 4.68806e-06 0 5.14582e-07 1.40642e-07 1.40642e-07 1.40642e-07 2.34403e-07 2.81284e-07 3.63719e-06
scan 750 450 18 6.77792e-06 0 6.18737e-07 2.03338e-07 2.03338e-07 2.03338e-07 3.38896e-07 4.06675e-07 5.25859e-06
scan 750 450 19 1.41207e-05 0 8.9307e-07 4.2362e-07 4.2362e-07 4.2362e-07 7.06034e-07 8.47241e-07 1.09554e-05
scan 750 450 20 2.82414e-07 0 1.26299e-07 8.47241e-09 8.47241e-09 8.47241e-09 1.41207e-08 1.69448e-08 2.19108e-07
scan 750 450 21 7.34275e-07 0 2.03651e-07 2.20283e-08 2.20283e-08 2.20283e-08 3.67138e-08 4.40565e-08 5.69681e-07
scan 750 450 22 4.51862e-07 0 1.59757e-07 1.35558e-08 1.35558e-08 1.35558e-08 2.25931e-08 2.71117e-08 3.50573e-07
scan 750 450 23 4.51862e-07 0 1.59757e-07 1.35558e-08 1.35558e-08 1.35558e-08 2.25931e-08 2.71117e-08 3.50573e-07
scan 750 450 24 1.58152e-06 0 2.98878e-07 4.74455e-08 4.74455e-08 4.74455e-08 7.90758e-08 9.48909e-08 1.22701e-06
scan 750 450 25 2.25931e-07 0 1.12965e-07 6.77792e-09 6.77792e-09 6.77792e-09 1.12965e-08 1.35558e-08 1.75286e-07
scan 750 450 26 2.76765e-06 0 3.95379e-07 8.30296e-08 8.30296e-08 8.30296e-08 1.38383e-07 1.66059e-07 2.14726e-06
scan 750 450 27 3.84082e-06 0 4.65768e-07 1.15225e-07 1.15225e-07 1.15225e-07 1.92041e-07 2.30449e-07 2.97987e-06
scan 750 450 28 3.95379e-06 0 4.72568e-07 1.18614e-07 1.18614e-07 1.18614e-07 1.97689e-07 2.37227e-07 3.06751e-06
scan 750 450 29 3.18562e-05 0 1.34139e-06 9.55687e-07 9.55687e-07 9.55687e-07 1.59281e-06 1.91137e-06 2.47154e-05
scan 750 450 30 7.34275e-07 0 2.03651e-07 2.20283e-08 2.20283e-08 2.20283e-08 3.67138e-08 4.40565e-08 5.69681e-07
scan 750 450 31 2.31579e-06 0 3.61666e-07 6.94737e-08 6.94737e-08 6.94737e-08 1.1579e-07 1.38947e-07 1.79669e-06
scan 750 450 32 2.76765e-06 0 3.95379e-07 8.30296e-08 8.30296e-08 8.30296e-08 1.38383e-07 1.66059e-07 2.14726e-06
scan 750 450 33 3.55841e-06 0 4.48318e-07 1.06752e-07 1.06752e-07 1.06752e-07 1.77921e-07 2.13505e-07 2.76076e-06
scan 750 450 34 6.72144e-06 0 6.16154e-07 2.01643e-07 2.01643e-07 2.01643e-07 3.36072e-07 4.03286e-07 5.21477e-06
scan 750 450 35 1.12965e-07 0 7.98786e-08 3.38896e-09 3.38896e-09 3.38896e-09 5.64827e-09 6.77792e-09 8.76432e-08
scan 750 450 36 2.25931e-07 0 1.12965e-07 6.77792e-09 6.77792e-09 6.77792e-09 1.12965e-08 1.35558e-08 1.75286e-07
scan 750 450 37 4.51862e-07 0 1.59757e-07 1.35558e-08 1.35558e-08 1.35558e-08 2.25931e-08 2.71117e-08 3.50573e-07
scan 750 450 38 2.25931e-07 0 1.12965e-07 6.77792e-09 6.77792e-09 6.77792e-09 1.12965e-08 1.35558e-08 1.75286e-07
scan 750 450 39 1.12965e-06 0 2.52598e-07 3.38896e-08 3.38896e-08 3.38896e-08 5.64827e-08 6.77792e-08 8.76432e-07
scan 750 450 40 2.25931e-07 0 1.12965e-07 6.77792e-09 6.77792e-09 6.77792e-09 1.12965e-08 1.35558e-08 1.75286e-07
scan 750 450 41 6.2131e-07 0 1.87332e-07 1.86393e-08 1.86393e-08 1.86393e-08 3.10655e-08 3.72786e-08 4.82038e-07
scan 750 450 42 2.03338e-06 0 3.38896e-07 6.10013e-08 6.10013e-08 6.10013e-08 1.01669e-07 1.22003e-07 1.57758e-06
scan 750 450 43 3.05007e-06 0 4.15061e-07 9.1502e-08 9.1502e-08 9.1502e-08 1.52503e-07 1.83004e-07 2.36637e-06
scan 750 450 44 1.50244e-05 0 9.21205e-07 4.50732e-07 4.50732e-07 4.50732e-07 7.5122e-07 9.01464e-07 1.16566e-05
scan 750 450 45 0 0 0 0 0 0 0 0 0
scan 750 450 46 0 0 0 0 0 0 0 0 0
scan 750 450 47 1.12965e-07 0 7.98786e-08 3.38896e-09 3.38896e-09 3.38896e-09 5.64827e-09 6.77792e-09 8.76432e-08
scan 750 450 48 0 0 0 0 0 0 0 0 0
scan 750 450 49 0 0 0 0 0 0 0 0 0
scan 750 450 50 0 0 0 0 0 0 0 0 0
scan 750 450 51 1.12965e-07 0 7.98786e-08 3.38896e-09 3.38896e-09 3.38896e-09 5.64827e-09 6.77792e-09 8.76432e-08
scan 750 450 52 0 0 0 0 0 0 0 0 0
scan 750 450 53 0 0 0 0 0 0 0 0 0
scan 750 450 54 0 0 0 0 0 0 0 0 0
scan 750 450 55 0 0 0 0 0 0 0 0 0
scan 750 450 56 0 0 0 0 0 0 0 0 0
scan 750 450 57 5.64827e-08 0 5.64827e-08 1.69448e-09 1.69448e-09 1.69448e-09 2.82414e-09 3.38896e-09 4.38216e-08
scan 750 450 58 5.64827e-08 0 5.64827e-08 1.69448e-09 1.69448e-09 1.69448e-09 2.82414e-09 3.38896e-09 4.38216e-08
scan 750 450 59 2.25931e-07 0 1.12965e-07 6.77792e-09 6.77792e-09 6.77792e-09 1.12965e-08 1.35558e-08 1.75286e-07
scan 750 450 60 0 0 0 0 0 0 0 0
scan 750 450 61 0 0 0 0 0 0 0 0
scan 750 450 62 0 0 0 0 0 0 0 0
scan 750 450 63 0 0 0 0 0 0 0 0
scan 750 450 64 0 0 0 0 0 0 0 0
scan 750 450 65 0 0 0 0 0 0 0 0
scan 750 450 66 0 0 0 0 0 0 0 0
scan 750 450 67 0 0 0 0 0 0 0 0
scan 750 450 68 0 0 0 0 0 0 0 0
scan 750 450 69 0 0 0 0 0 0 0 0
scan 750 450 70 0 0 0 0 0 0 0 0
scan 750 450 71 0 0 0 0 0 0 0 0
scan 750 450 72 0 0 0 0 0 0 0 0
scan 750 450 73 0 0 0 0 0 0 0 0
scan 750 450 74 0 0 0 0 0 0 0 0
scan 750 450 75 0 0 0 0 0 0 0 0 0
scan 750 450 76 0 0 0 0 0 0 0 0 0
scan 750 450 77 0 0 0 0 0 0 0 0 0
scan 750 450 78 0 0 0 0 0 0 0 0 0
scan 750 450 79 0 0 0 0 0 0 0 0 0
scan 750 450 80 0 0 0 0 0 0 0 0 0
scan 750 450 81 0 0 0 0 0 0 0 0 0
scan 750 450 82 0 0 0 0 0 0 0 0 0
scan 750 450 83 0 0 0 0 0 0 0 0 0
scan 750 450 84 0 0 0 0 0 0 0 0 0
scan 750 450 85 0 0 0 0 0 0 0 0 0
scan 750 450 86 5.64827e-08 0 5.64827e-08 1.69448e-09 1.69448e-09 1.69448e-09 2.82414e-09 3.38896e-09 4.38216e-08
scan 750 450 87 0 0 0 0 0 0 0 0 0
scan 750 450 88 0 0 0 0 0 0 0 0 0
scan 750 450 89 0 0 0 0 0 0 0 0 0
scan 750 450 90 5.64827e-08 0 5.64827e-08 1.69448e-09 1.69448e-09 1.69448e-09 2.82414e-09 3.38896e-09 4.38216e-08
scan 750 450 91 5.64827e-08 0 5.64827e-08 1.69448e-09 1.69448e-09 1.69448e-09 2.82414e-09 3.38896e-09 4.38216e-08
scan 750 450 92 0 0 0 0 0 0 0 0 0
scan 750 450 93 0 0 0 0 0 0 0 0 0
scan 750 450 94 0 0 0 0 0 0 0 0 0
scan 750 450 95 0 0 0 0 0 0 0 0 0
scan 750 450 96 0 0 0 0 0 0 0 0 0
scan 750 450 97 0 0 0 0 0 0 0 0 0
scan 750 450 98 0 0 0 0 0 0 0 0 0
scan 750 450 99 0 0 0 0 0 0 0 0 0
scan 750 450 100 0 0 0 0 0 0 0 0 0
scan 750 450 101 0 0 0 0 0 0 0 0 0
scan 750 450 102 2.25931e-07 0 1.12965e-07 6.77792e-09 6.77792e-09 6.77792e-09 1.12965e-08 1.35558e-08 1.75286e-07
scan 750 450 103 0 0 0 0 0 0 0 0 0
scan 750 450 104 2.82414e-07 0 1.26299e-07 8.47241e-09 8.47241e-09 8.47241e-09 1.41207e-08 1.69448e-08 2.19108e-07
scan 750 450 60 0 0 0 0 0 0 0 0
scan 750 450 61 0 0 0 0 0 0 0 0
scan 750 450 62 0 0 0 0 0 0 0 0
scan 750 450 63 0 0 0 0 0 0 0 0
scan 750 450 64 0 0 0 0 0 0 0 0
scan 750 450 65 0 0 0 0 0 0 0 0
scan 750 450 66 0 0 0 0 0 0 0 0
scan 750 450 67 0 0 0 0 0 0 0 0
scan 750 450 68 0 0 0 0 0 0 0 0
scan 750 450 69 0 0 0 0 0 0 0 0
scan 750 450 70 0 0 0 0 0 0 0 0
scan 750 450 71 0 0 0 0 0 0 0 0
scan 750 450 72 0 0 0 0 0 0 0 0
scan 750 450 73 0 0 0 0 0 0 0 0
scan 750 450 74 0 0 0 0 0 0 0 0
scan 750 450 120 0 0 0 0 0 0 0 0 0
scan 750 450 121 0 0 0 0 0 0 0 0 0
scan 750 450 122 0 0 0 0 0 0 0 0 0
scan 750 450 123 5.64827e-08 0 5.64827e-08 1.69448e-09 1.69448e-09 1.69448e-09 2.82414e-09 3.38896e-09 4.38216e-08
scan 750 450 124 0 0 0 0 0 0 0 0 0
scan 750 450 125 0 0 0 0 0 0 0 0 0
scan 750 450 126 0 0 0 0 0 0 0 0 0
scan 750 450 127 0 0 0 0 0 0 0 0 0
scan 750 450 128 0 0 0 0 0 0 0 0 0
scan 750 450 129 0 0 0 0 0 0 0 0 0
scan 750 450 130 0 0 0 0 0 0 0 0 0
scan 750 450 131 5.64827e-08 0 5.64827e-08 1.69448e-09 1.69448e-09 1.69448e-09 2.82414e-09 3.38896e-09 4.38216e-08
scan 750 450 132 5.64827e-08 0 5.64827e-08 1.69448e-09 1.69448e-09 1.69448e-09 2.82414e-09 3.38896e-09 4.38216e-08
scan 750 450 133 0 0 0 0 0 0 0 0 0
scan 750 450 134 2.82414e-07 0 1.26299e-07 8.47241e-09 8.47241e-09 8.47241e-09 1.41207e-08 1.69448e-08 2.19108e-07
scan 750 450 135 0 0 0 0 0 0 0 0 0
scan 750 450 136 5.64827e-08 0 5.64827e-08 1.69448e-09 1.69448e-09 1.69448e-09 2.82414e-09 3.38896e-09 4.38216e-08
scan 750 450 137 5.64827e-08 0 5.64827e-08 1.69448e-09 1.69448e-09 1.69448e-09 2.82414e-09 3.38896e-09 4.38216e-08
scan 750 450 138 1.12965e-07 0 7.98786e-08 3.38896e-09 3.38896e-09 3.38896e-09 5.64827e-09 6.77792e-09 8.76432e-08
scan 750 450 139 1.12965e-07 0 7.98786e-08 3.38896e-09 3.38896e-09 3.38896e-09 5.64827e-09 6.77792e-09 8.76432e-08
scan 750 450 140 0 0 0 0 0 0 0 0 0
scan 750 450 141 0 0 0 0 0 0 0 0 0
scan 750 450 142 5.64827e-08 0 5.64827e-08 1.69448e-09 1.69448e-09 1.69448e-09 2.82414e-09 3.38896e-09 4.38216e-08
scan 750 450 143 0 0 0 0 0 0 0 0 0
scan 750 450 144 0 0 0 0 0 0 0 0 0
scan 750 450 145 0 0 0 0 0 0 0 0 0
scan 750 450 146 1.69448e-07 0 9.78309e-08 5.08344e-09 5.08344e-09 5.08344e-09 8.47241e-09 1.01669e-08 1.31465e-07
scan 750 450 147 1.12965e-07 0 7.98786e-08 3.38896e-09 3.38896e-09 3.38896e-09 5.64827e-09 6.77792e-09 8.76432e-08
scan 750 450 148 1.12965e-07 0 7.98786e-08 3.38896e-09 3.38896e-09 3.38896e-09 5.64827e-09 6.77792e-09 8.76432e-08
scan 750 450 149 2.82414e-07 0 1.26299e-07 8.47241e-09 8.47241e-09 8.47241e-09 1.41207e-08 1.69448e-08 2.19108e-07
scan 750 450 60 0 0 0 0 0 0 0 0
scan 750 450 61 0 0 0 0 0 0 0 0
scan 750 450 62 0 0 0 0 0 0 0 0
scan 750 450 63 0 0 0 0 0 0 0 0
scan 750 450 64 0 0 0 0 0 0 0 0
scan 750 450 65 0 0 0 0 0 0 0 0
scan 750 450 66 0 0 0 0 0 0 0 0
scan 750 450 67 0 0 0 0 0 0 0 0
scan 750 450 68 0 0 0 0 0 0 0 0
scan 750 450 69 0 0 0 0 0 0 0 0
scan 750 450 70 0 0 0 0 0 0 0 0
scan 750 450 71 0 0 0 0 0 0 0 0
scan 750 450 72 0 0 0 0 0 0 0 0
scan 750 450 73 0 0 0 0 0 0 0 0
scan 750 450 74 0 0 0 0 0 0 0 0
scan 750 450 165 0 0 0 0 0 0 0 0 0
scan 750 450 166 0 0 0 0 0 0 0 0 0
scan 750 450 167 5.64827e-08 0 5.64827e-08 1.69448e-09 1.69448e-09 1.69448e-09 2.82414e-09 3.38896e-09 4.38216e-08
scan 750 450 168 0 0 0 0 0 0 0 0 0
scan 750 450 169 5.64827e-08 0 5.64827e-08 1.69448e-09 1.69448e-09 1.69448e-09 2.82414e-09 3.38896e-09 4.38216e-08
scan 750 450 170 0 0 0 0 0 0 0 0 0
scan 750 450 171 0 0 0 0 0 0 0 0 0
scan 750 450 172 0 0 0 0 0 0 0 0 0
scan 750 450 173 0 0 0 0 0 0 0 0 0
scan 750 450 174 5.64827e-08 0 5.64827e-08 1.69448e-09 1.69448e-09 1.69448e-09 2.82414e-09 3.38896e-09 4.38216e-08
scan 750 450 175 0 0 0 0 0 0 0 0 0
scan 750 450 176 0 0 0 0 0 0 0 0 0
scan 750 450 177 0 0 0 0 0 0 0 0 0
scan 750 450 178 0 0 0 0 0 0 0 0 0
scan 750 450 179 5.64827e-08 0 5.64827e-08 1.69448e-09 1.69448e-09 1.69448e-09 2.82414e-09 3.38896e-09 4.38216e-08
