500 0 0.0125398
scan 500 0 0 1.75584e-05 0 3.31822e-06 5.26751e-07 5.26751e-07 5.26751e-07 8.77918e-07 1.0535e-06 1.3193e-05
scan 500 0 1 2.63376e-05 0 4.06397e-06 7.90127e-07 7.90127e-07 7.90127e-07 1.31688e-06 1.58025e-06 1.97896e-05
scan 500 0 2 4.01334e-05 0 5.01668e-06 1.204e-06 1.204e-06 1.204e-06 2.00667e-06 2.408e-06 3.01555e-05
scan 500 0 3 4.64043e-05 0 5.39439e-06 1.39213e-06 1.39213e-06 1.39213e-06 2.32021e-06 2.78426e-06 3.48673e-05
scan 500 0 4 0.000139213 0 9.34335e-06 4.17638e-06 4.17638e-06 4.17638e-06 6.96064e-06 8.35277e-06 0.000104602
scan 500 0 5 1.25417e-06 0 8.86831e-07 3.76251e-08 3.76251e-08 3.76251e-08 6.27085e-08 7.52501e-08 9.4236e-07
scan 500 0 6 6.89793e-06 0 2.0798e-06 2.06938e-07 2.06938e-07 2.06938e-07 3.44896e-07 4.13876e-07 5.18298e-06
scan 500 0 7 8.1521e-06 0 2.26099e-06 2.44563e-07 2.44563e-07 2.44563e-07 4.07605e-07 4.89126e-07 6.12534e-06
scan 500 0 8 8.1521e-06 0 2.26099e-06 2.44563e-07 2.44563e-07 2.44563e-07 4.07605e-07 4.89126e-07 6.12534e-06
scan 500 0 9 4.01334e-05 0 5.01668e-06 1.204e-06 1.204e-06 1.204e-06 2.00667e-06 2.408e-06 3.01555e-05
scan 500 0 10 3.13542e-06 0 1.4022e-06 9.40627e-08 9.40627e-08 9.40627e-08 1.56771e-07 1.88125e-07 2.3559e-06
scan 500 0 11 1.75584e-05 0 3.31822e-06 5.26751e-07 5.26751e-07 5.26751e-07 8.77918e-07 1.0535e-06 1.3193e-05
scan 500 0 12 3.76251e-05 0 4.85738e-06 1.12875e-06 1.12875e-06 1.12875e-06 1.88125e-06 2.2575e-06 2.82708e-05
scan 500 0 13 5.64376e-05 0 5.94905e-06 1.69313e-06 1.69313e-06 1.69313e-06 2.82188e-06 3.38626e-06 4.24062e-05
scan 500 0 14 0.000289713 0 1.34787e-05 8.69139e-06 8.69139e-06 8.69139e-06 1.44857e-05 1.73828e-05 0.000217685
scan 500 0 15 1.69313e-05 0 3.25843e-06 5.07938e-07 5.07938e-07 5.07938e-07 8.46564e-07 1.01588e-06 1.27219e-05
scan 500 0 16 2.88459e-05 0 4.25309e-06 8.65377e-07 8.65377e-07 8.65377e-07 1.44229e-06 1.73075e-06 2.16743e-05
scan 500 0 17 5.83189e-05 0 6.04738e-06 1.74957e-06 1.74957e-06 1.74957e-06 2.91594e-06 3.49913e-06 4.38198e-05
scan 500 0 18 5.58105e-05 0 5.9159e-06 1.67432e-06 1.67432e-06 1.67432e-06 2.79053e-06 3.34863e-06 4.1935e-05
scan 500 0 19 0.000164296 0 1.01503e-05 4.92888e-06 4.92888e-06 4.92888e-06 8.21481e-06 9.85777e-06 0.000123449
scan 500 0 20 5.01668e-06 0 1.77366e-06 1.505e-07 1.505e-07 1.505e-07 2.50834e-07 3.01001e-07 3.76944e-06
scan 500 0 21 5.01668e-06 0 1.77366e-06 1.505e-07 1.505e-07 1.505e-07 2.50834e-07 3.01001e-07 3.76944e-06
scan 500 0 22 3.76251e-06 0 1.53604e-06 1.12875e-07 1.12875e-07 1.12875e-07 1.88125e-07 2.2575e-07 2.82708e-06
scan 500 0 23 1.44229e-05 0 3.00739e-06 4.32688e-07 4.32688e-07 4.32688e-07 7.21147e-07 8.65377e-07 1.08371e-05
scan 500 0 24 4.26417e-05 0 5.17107e-06 1.27925e-06 1.27925e-06 1.27925e-06 2.13209e-06 2.5585e-06 3.20403e-05
scan 500 0 25 4.38959e-06 0 1.65911e-06 1.31688e-07 1.31688e-07 1.31688e-07 2.1948e-07 2.63376e-07 3.29826e-06
scan 500 0 26 2.13209e-05 0 3.6565e-06 6.39626e-07 6.39626e-07 6.39626e-07 1.06604e-06 1.27925e-06 1.60201e-05
scan 500 0 27 3.95063e-05 0 4.97733e-06 1.18519e-06 1.18519e-06 1.18519e-06 1.97532e-06 2.37038e-06 2.96844e-05
scan 500 0 28 5.01668e-05 0 5.60881e-06 1.505e-06 1.505e-06 1.505e-06 2.50834e-06 3.01001e-06 3.76944e-05
scan 500 0 29 0.000313542 0 1.4022e-05 9.40627e-06 9.40627e-06 9.40627e-06 1.56771e-05 1.88125e-05 0.00023559
scan 500 0 30 2.9473e-05 0 4.29908e-06 8.84189e-07 8.84189e-07 8.84189e-07 1.47365e-06 1.76838e-06 2.21455e-05
scan 500 0 31 6.45897e-05 0 6.36421e-06 1.93769e-06 1.93769e-06 1.93769e-06 3.22949e-06 3.87538e-06 4.85316e-05
scan 500 0 32 9.28085e-05 0 7.62881e-06 2.78426e-06 2.78426e-06 2.78426e-06 4.64043e-06 5.56851e-06 6.97347e-05
scan 500 0 33 0.00010535 0 8.12794e-06 3.16051e-06 3.16051e-06 3.16051e-06 5.26751e-06 6.32101e-06 7.91583e-05
scan 500 0 34 0.000258986 0 1.27439e-05 7.76958e-06 7.76958e-06 7.76958e-06 1.29493e-05 1.55392e-05 0.000194597
scan 500 0 35 5.01668e-06 0 1.77366e-06 1.505e-07 1.505e-07 1.505e-07 2.50834e-07 3.01001e-07 3.76944e-06
scan 500 0 36 1.25417e-05 0 2.80441e-06 3.76251e-07 3.76251e-07 3.76251e-07 6.27085e-07 7.52501e-07 9.4236e-06
scan 500 0 37 1.12875e-05 0 2.66049e-06 3.38626e-07 3.38626e-07 3.38626e-07 5.64376e-07 6.77251e-07 8.48124e-06
scan 500 0 38 2.63376e-05 0 4.06397e-06 7.90127e-07 7.90127e-07 7.90127e-07 1.31688e-06 1.58025e-06 1.97896e-05
scan 500 0 39 0.000104096 0 8.07942e-06 3.12288e-06 3.12288e-06 3.12288e-06 5.2048e-06 6.24576e-06 7.82159e-05
scan 500 0 40 6.27085e-06 0 1.98302e-06 1.88125e-07 1.88125e-07 1.88125e-07 3.13542e-07 3.76251e-07 4.7118e-06
scan 500 0 41 3.38626e-05 0 4.60811e-06 1.01588e-06 1.01588e-06 1.01588e-06 1.69313e-06 2.03175e-06 2.54437e-05
scan 500 0 42 8.21481e-05 0 7.17731e-06 2.46444e-06 2.46444e-06 2.46444e-06 4.1074e-06 4.92888e-06 6.17246e-05
scan 500 0 43 8.21481e-05 0 7.17731e-06 2.46444e-06 2.46444e-06 2.46444e-06 4.1074e-06 4.92888e-06 6.17246e-05
scan 500 0 44 0.000578799 0 1.90514e-05 1.7364e-05 1.7364e-05 1.7364e-05 2.894e-05 3.47279e-05 0.000434899
scan 500 0 45 0 0 0 0 0 0 0 0 0
scan 500 0 46 0 0 0 0 0 0 0 0 0
scan 500 0 47 0 0 0 0 0 0 0 0 0
scan 500 0 48 0 0 0 0 0 0 0 0 0
scan 500 0 49 2.50834e-06 0 1.25417e-06 7.52501e-08 7.52501e-08 7.52501e-08 1.25417e-07 1.505e-07 1.88472e-06
scan 500 0 50 0 0 0 0 0 0 0 0 0
scan 500 0 51 0 0 0 0 0 0 0 0 0
scan 500 0 52 0 0 0 0 0 0 0 0 0
scan 500 0 53 0 0 0 0 0 0 0 0 0
scan 500 0 54 0 0 0 0 0 0 0 0 0
scan 500 0 55 0 0 0 0 0 0 0 0 0
scan 500 0 56 6.27085e-07 0 6.27085e-07 1.88125e-08 1.88125e-08 1.88125e-08 3.13542e-08 3.76251e-08 4.7118e-07
scan 500 0 57 1.25417e-06 0 8.86831e-07 3.76251e-08 3.76251e-08 3.76251e-08 6.27085e-08 7.52501e-08 9.4236e-07
scan 500 0 58 6.27085e-07 0 6.27085e-07 1.88125e-08 1.88125e-08 1.88125e-08 3.13542e-08 3.76251e-08 4.7118e-07
scan 500 0 59 4.38959e-06 0 1.65911e-06 1.31688e-07 1.31688e-07 1.31688e-07 2.1948e-07 2.63376e-07 3.29826e-06
scan 500 0 60 0 0 0 0 0 0 0 0
scan 500 0 61 0 0 0 0 0 0 0 0
scan 500 0 62 0 0 0 0 0 0 0 0
scan 500 0 63 0 0 0 0 0 0 0 0
scan 500 0 64 0 0 0 0 0 0 0 0
scan 500 0 65 0 0 0 0 0 0 0 0
scan 500 0 66 0 0 0 0 0 0 0 0
scan 500 0 67 0 0 0 0 0 0 0 0
scan 500 0 68 0 0 0 0 0 0 0 0
scan 500 0 69 0 0 0 0 0 0 0 0
scan 500 0 70 0 0 0 0 0 0 0 0
scan 500 0 71 0 0 0 0 0 0 0 0
scan 500 0 72 0 0 0 0 0 0 0 0
scan 500 0 73 0 0 0 0 0 0 0 0
scan 500 0 74 0 0 0 0 0 0 0 0
scan 500 0 75 0 0 0 0 0 0 0 0 0
scan 500 0 76 0 0 0 0 0 0 0 0 0
scan 500 0 77 6.27085e-07 0 6.27085e-07 1.88125e-08 1.88125e-08 1.88125e-08 3.13542e-08 3.76251e-08 4.7118e-07
scan 500 0 78 0 0 0 0 0 0 0 0 0
scan 500 0 79 0 0 0 0 0 0 0 0 0
scan 500 0 80 0 0 0 0 0 0 0 0 0
scan 500 0 81 0 0 0 0 0 0 0 0 0
scan 500 0 82 6.27085e-07 0 6.27085e-07 1.88125e-08 1.88125e-08 1.88125e-08 3.13542e-08 3.76251e-08 4.7118e-07
scan 500 0 83 0 0 0 0 0 0 0 0 0
scan 500 0 84 6.27085e-07 0 6.27085e-07 1.88125e-08 1.88125e-08 1.88125e-08 3.13542e-08 3.76251e-08 4.7118e-07
scan 500 0 85 0 0 0 0 0 0 0 0 0
scan 500 0 86 6.27085e-07 0 6.27085e-07 1.88125e-08 1.88125e-08 1.88125e-08 3.13542e-08 3.76251e-08 4.7118e-07
scan 500 0 87 0 0 0 0 0 0 0 0 0
scan 500 0 88 1.88125e-06 0 1.08614e-06 5.64376e-08 5.64376e-08 5.64376e-08 9.40627e-08 1.12875e-07 1.41354e-06
scan 500 0 89 1.25417e-06 0 8.86831e-07 3.76251e-08 3.76251e-08 3.76251e-08 6.27085e-08 7.52501e-08 9.4236e-07
scan 500 0 90 5.01668e-06 0 1.77366e-06 1.505e-07 1.505e-07 1.505e-07 2.50834e-07 3.01001e-07 3.76944e-06
scan 500 0 91 4.38959e-06 0 1.65911e-06 1.31688e-07 1.31688e-07 1.31688e-07 2.1948e-07 2.63376e-07 3.29826e-06
scan 500 0 92 6.89793e-06 0 2.0798e-06 2.06938e-07 2.06938e-07 2.06938e-07 3.44896e-07 4.13876e-07 5.18298e-06
scan 500 0 93 1.88125e-06 0 1.08614e-06 5.64376e-08 5.64376e-08 5.64376e-08 9.40627e-08 1.12875e-07 1.41354e-06
scan 500 0 94 3.13542e-06 0 1.4022e-06 9.40627e-08 9.40627e-08 9.40627e-08 1.56771e-07 1.88125e-07 2.3559e-06
scan 500 0 95 0 0 0 0 0 0 0 0 0
scan 500 0 96 6.27085e-07 0 6.27085e-07 1.88125e-08 1.88125e-08 1.88125e-08 3.13542e-08 3.76251e-08 4.7118e-07
scan 500 0 97 6.27085e-07 0 6.27085e-07 1.88125e-08 1.88125e-08 1.88125e-08 3.13542e-08 3.76251e-08 4.7118e-07
scan 500 0 98 6.27085e-07 0 6.27085e-07 1.88125e-08 1.88125e-08 1.88125e-08 3.13542e-08 3.76251e-08 4.7118e-07
scan 500 0 99 6.27085e-07 0 6.27085e-07 1.88125e-08 1.88125e-08 1.88125e-08 3.13542e-08 3.76251e-08 4.7118e-07
scan 500 0 100 0 0 0 0 0 0 0 0 0
scan 500 0 101 6.27085e-07 0 6.27085e-07 1.88125e-08 1.88125e-08 1.88125e-08 3.13542e-08 3.76251e-08 4.7118e-07
scan 500 0 102 2.50834e-06 0 1.25417e-06 7.52501e-08 7.52501e-08 7.52501e-08 1.25417e-07 1.505e-07 1.88472e-06
scan 500 0 103 3.76251e-06 0 1.53604e-06 1.12875e-07 1.12875e-07 1.12875e-07 1.88125e-07 2.2575e-07 2.82708e-06
scan 500 0 104 1.63042e-05 0 3.19752e-06 4.89126e-07 4.89126e-07 4.89126e-07 8.1521e-07 9.78252e-07 1.22507e-05
scan 500 0 60 0 0 0 0 0 0 0 0
scan 500 0 61 0 0 0 0 0 0 0 0
scan 500 0 62 0 0 0 0 0 0 0 0
scan 500 0 63 0 0 0 0 0 0 0 0
scan 500 0 64 0 0 0 0 0 0 0 0
scan 500 0 65 0 0 0 0 0 0 0 0
scan 500 0 66 0 0 0 0 0 0 0 0
scan 500 0 67 0 0 0 0 0 0 0 0
scan 500 0 68 0 0 0 0 0 0 0 0
scan 500 0 69 0 0 0 0 0 0 0 0
scan 500 0 70 0 0 0 0 0 0 0 0
scan 500 0 71 0 0 0 0 0 0 0 0
scan 500 0 72 0 0 0 0 0 0 0 0
scan 500 0 73 0 0 0 0 0 0 0 0
scan 500 0 74 0 0 0 0 0 0 0 0
scan 500 0 120 0 0 0 0 0 0 0 0 0
scan 500 0 121 0 0 0 0 0 0 0 0 0
scan 500 0 122 0 0 0 0 0 0 0 0 0
scan 500 0 123 0 0 0 0 0 0 0 0 0
scan 500 0 124 0 0 0 0 0 0 0 0 0
scan 500 0 125 0 0 0 0 0 0 0 0 0
scan 500 0 126 0 0 0 0 0 0 0 0 0
scan 500 0 127 0 0 0 0 0 0 0 0 0
scan 500 0 128 0 0 0 0 0 0 0 0 0
scan 500 0 129 0 0 0 0 0 0 0 0 0
scan 500 0 130 0 0 0 0 0 0 0 0 0
scan 500 0 131 6.27085e-07 0 6.27085e-07 1.88125e-08 1.88125e-08 1.88125e-08 3.13542e-08 3.76251e-08 4.7118e-07
scan 500 0 132 6.27085e-07 0 6.27085e-07 1.88125e-08 1.88125e-08 1.88125e-08 3.13542e-08 3.76251e-08 4.7118e-07
scan 500 0 133 0 0 0 0 0 0 0 0 0
scan 500 0 134 3.76251e-06 0 1.53604e-06 1.12875e-07 1.12875e-07 1.12875e-07 1.88125e-07 2.2575e-07 2.82708e-06
scan 500 0 135 6.27085e-07 0 6.27085e-07 1.88125e-08 1.88125e-08 1.88125e-08 3.13542e-08 3.76251e-08 4.7118e-07
scan 500 0 136 1.88125e-06 0 1.08614e-06 5.64376e-08 5.64376e-08 5.64376e-08 9.40627e-08 1.12875e-07 1.41354e-06
scan 500 0 137 1.25417e-06 0 8.86831e-07 3.76251e-08 3.76251e-08 3.76251e-08 6.27085e-08 7.52501e-08 9.4236e-07
scan 500 0 138 6.27085e-07 0 6.27085e-07 1.88125e-08 1.88125e-08 1.88125e-08 3.13542e-08 3.76251e-08 4.7118e-07
scan 500 0 139 3.76251e-06 0 1.53604e-06 1.12875e-07 1.12875e-07 1.12875e-07 1.88125e-07 2.2575e-07 2.82708e-06
scan 500 0 140 0 0 0 0 0 0 0 0 0
scan 500 0 141 0 0 0 0 0 0 0 0 0
scan 500 0 142 0 0 0 0 0 0 0 0 0
scan 500 0 143 0 0 0 0 0 0 0 0 0
scan 500 0 144 0 0 0 0 0 0 0 0 0
scan 500 0 145 0 0 0 0 0 0 0 0 0
scan 500 0 146 6.27085e-07 0 6.27085e-07 1.88125e-08 1.88125e-08 1.88125e-08 3.13542e-08 3.76251e-08 4.7118e-07
scan 500 0 147 1.88125e-06 0 1.08614e-06 5.64376e-08 5.64376e-08 5.64376e-08 9.40627e-08 1.12875e-07 1.41354e-06
scan 500 0 148 3.13542e-06 0 1.4022e-06 9.40627e-08 9.40627e-08 9.40627e-08 1.56771e-07 1.88125e-07 2.3559e-06
scan 500 0 149 6.27085e-06 0 1.98302e-06 1.88125e-07 1.88125e-07 1.88125e-07 3.13542e-07 3.76251e-07 4.7118e-06
scan 500 0 60 0 0 0 0 0 0 0 0
scan 500 0 61 0 0 0 0 0 0 0 0
scan 500 0 62 0 0 0 0 0 0 0 0
scan 500 0 63 0 0 0 0 0 0 0 0
scan 500 0 64 0 0 0 0 0 0 0 0
scan 500 0 65 0 0 0 0 0 0 0 0
scan 500 0 66 0 0 0 0 0 0 0 0
scan 500 0 67 0 0 0 0 0 0 0 0
scan 500 0 68 0 0 0 0 0 0 0 0
scan 500 0 69 0 0 0 0 0 0 0 0
scan 500 0 70 0 0 0 0 0 0 0 0
scan 500 0 71 0 0 0 0 0 0 0 0
scan 500 0 72 0 0 0 0 0 0 0 0
scan 500 0 73 0 0 0 0 0 0 0 0
scan 500 0 74 0 0 0 0 0 0 0 0
scan 500 0 165 0 0 0 0 0 0 0 0 0
scan 500 0 166 0 0 0 0 0 0 0 0 0
scan 500 0 167 0 0 0 0 0 0 0 0 0
scan 500 0 168 0 0 0 0 0 0 0 0 0
scan 500 0 169 1.25417e-06 0 8.86831e-07 3.76251e-08 3.76251e-08 3.76251e-08 6.27085e-08 7.52501e-08 9.4236e-07
scan 500 0 170 0 0 0 0 0 0 0 0 0
scan 500 0 171 0 0 0 0 0 0 0 0 0
scan 500 0 172 6.27085e-07 0 6.27085e-07 1.88125e-08 1.88125e-08 1.88125e-08 3.13542e-08 3.76251e-08 4.7118e-07
scan 500 0 173 0 0 0 0 0 0 0 0 0
scan 500 0 174 0 0 0 0 0 0 0 0 0
scan 500 0 175 0 0 0 0 0 0 0 0 0
scan 500 0 176 0 0 0 0 0 0 0 0 0
scan 500 0 177 0 0 0 0 0 0 0 0 0
scan 500 0 178 0 0 0 0 0 0 0 0 0
scan 500 0 179 0 0 0 0 0 0 0 0 0
