950 350 0.000189909
scan 950 350 0 6.64715e-08 0 2.51239e-08 1.99414e-09 1.99414e-09 1.99414e-09 3.32357e-09 3.98829e-09 5.22067e-08
scan 950 350 1 1.42439e-07 0 3.67776e-08 4.27317e-09 4.27317e-09 4.27317e-09 7.12195e-09 8.54633e-09 1.11872e-07
scan 950 350 2 2.18406e-07 0 4.55409e-08 6.55219e-09 6.55219e-09 6.55219e-09 1.09203e-08 1.31044e-08 1.71536e-07
scan 950 350 3 2.0891e-07 0 4.45398e-08 6.26731e-09 6.26731e-09 6.26731e-09 1.04455e-08 1.25346e-08 1.64078e-07
scan 950 350 4 9.7808e-07 0 9.63731e-08 2.93424e-08 2.93424e-08 2.93424e-08 4.8904e-08 5.86848e-08 7.68185e-07
scan 950 350 5 9.49593e-09 0 9.49593e-09 2.84878e-10 2.84878e-10 2.84878e-10 4.74796e-10 5.69756e-10 7.45811e-09
scan 950 350 6 7.59674e-08 0 2.68585e-08 2.27902e-09 2.27902e-09 2.27902e-09 3.79837e-09 4.55804e-09 5.96648e-08
scan 950 350 7 0 0 0 0 0 0 0 0 0
scan 950 350 8 5.69756e-08 0 2.32602e-08 1.70927e-09 1.70927e-09 1.70927e-09 2.84878e-09 3.41853e-09 4.47486e-08
scan 950 350 9 4.653e-07 0 6.64715e-08 1.3959e-08 1.3959e-08 1.3959e-08 2.3265e-08 2.7918e-08 3.65447e-07
scan 950 350 10 1.89919e-08 0 1.34293e-08 5.69756e-10 5.69756e-10 5.69756e-10 9.49593e-10 1.13951e-09 1.49162e-08
scan 950 350 11 1.32943e-07 0 3.55305e-08 3.98829e-09 3.98829e-09 3.98829e-09 6.64715e-09 7.97658e-09 1.04413e-07
scan 950 350 12 1.70927e-07 0 4.02878e-08 5.1278e-09 5.1278e-09 5.1278e-09 8.54633e-09 1.02556e-08 1.34246e-07
scan 950 350 13 5.50764e-07 0 7.23188e-08 1.65229e-08 1.65229e-08 1.65229e-08 2.75382e-08 3.30458e-08 4.3257e-07
scan 950 350 14 6.04891e-06 0 2.39666e-07 1.81467e-07 1.81467e-07 1.81467e-07 3.02445e-07 3.62934e-07 4.75081e-06
scan 950 350 15 2.84878e-08 0 1.64474e-08 8.54633e-10 8.54633e-10 8.54633e-10 1.42439e-09 1.70927e-09 2.23743e-08
scan 950 350 16 1.13951e-07 0 3.28949e-08 3.41853e-09 3.41853e-09 3.41853e-09 5.69756e-09 6.83707e-09 8.94973e-08
scan 950 350 17 1.51935e-07 0 3.79837e-08 4.55804e-09 4.55804e-09 4.55804e-09 7.59674e-09 9.11609e-09 1.1933e-07
scan 950 350 18 1.89919e-07 0 4.24671e-08 5.69756e-09 5.69756e-09 5.69756e-09 9.49593e-09 1.13951e-08 1.49162e-07
scan 950 350 19 1.52884e-06 0 1.2049e-07 4.58653e-08 4.58653e-08 4.58653e-08 7.64422e-08 9.17307e-08 1.20076e-06
scan 950 350 20 9.49593e-09 0 9.49593e-09 2.84878e-10 2.84878e-10 2.84878e-10 4.74796e-10 5.69756e-10 7.45811e-09
scan 950 350 21 1.89919e-08 0 1.34293e-08 5.69756e-10 5.69756e-10 5.69756e-10 9.49593e-10 1.13951e-09 1.49162e-08
scan 950 350 22 4.74796e-08 0 2.12335e-08 1.42439e-09 1.42439e-09 1.42439e-09 2.37398e-09 2.84878e-09 3.72905e-08
scan 950 350 23 1.32943e-07 0 3.55305e-08 3.98829e-09 3.98829e-09 3.98829e-09 6.64715e-09 7.97658e-09 1.04413e-07
scan 950 350 24 5.79252e-07 0 7.41656e-08 1.73775e-08 1.73775e-08 1.73775e-08 2.89626e-08 3.47551e-08 4.54944e-07
scan 950 350 25 1.89919e-08 0 1.34293e-08 5.69756e-10 5.69756e-10 5.69756e-10 9.49593e-10 1.13951e-09 1.49162e-08
scan 950 350 26 5.69756e-08 0 2.32602e-08 1.70927e-09 1.70927e-09 1.70927e-09 2.84878e-09 3.41853e-09 4.47486e-08
scan 950 350 27 1.61431e-07 0 3.91527e-08 4.84292e-09 4.84292e-09 4.84292e-09 8.07154e-09 9.68585e-09 1.26788e-07
scan 950 350 28 3.22862e-07 0 5.53703e-08 9.68585e-09 9.68585e-09 9.68585e-09 1.61431e-08 1.93717e-08 2.53576e-07
scan 950 350 29 4.84292e-06 0 2.14448e-07 1.45288e-07 1.45288e-07 1.45288e-07 2.42146e-07 2.90575e-07 3.80363e-06
scan 950 350 30 1.80423e-07 0 4.13918e-08 5.41268e-09 5.41268e-09 5.41268e-09 9.02113e-09 1.08254e-08 1.41704e-07
scan 950 350 31 4.36813e-07 0 6.44045e-08 1.31044e-08 1.31044e-08 1.31044e-08 2.18406e-08 2.62088e-08 3.43073e-07
scan 950 350 32 6.55219e-07 0 7.88791e-08 1.96566e-08 1.96566e-08 1.96566e-08 3.27609e-08 3.93131e-08 5.14609e-07
scan 950 350 33 8.26146e-07 0 8.85721e-08 2.47844e-08 2.47844e-08 2.47844e-08 4.13073e-08 4.95687e-08 6.48855e-07
scan 950 350 34 6.90354e-06 0 2.56038e-07 2.07106e-07 2.07106e-07 2.07106e-07 3.45177e-07 4.14212e-07 5.42204e-06
scan 950 350 35 1.89919e-08 0 1.34293e-08 5.69756e-10 5.69756e-10 5.69756e-10 9.49593e-10 1.13951e-09 1.49162e-08
scan 950 350 36 6.64715e-08 0 2.51239e-08 1.99414e-09 1.99414e-09 1.99414e-09 3.32357e-09 3.98829e-09 5.22067e-08
scan 950 350 37 6.64715e-08 0 2.51239e-08 1.99414e-09 1.99414e-09 1.99414e-09 3.32357e-09 3.98829e-09 5.22067e-08
scan 950 350 38 3.13366e-07 0 5.45499e-08 9.40097e-09 9.40097e-09 9.40097e-09 1.56683e-08 1.88019e-08 2.46118e-07
scan 950 350 39 2.90575e-06 0 1.66111e-07 8.71726e-08 8.71726e-08 8.71726e-08 1.45288e-07 1.74345e-07 2.28218e-06
scan 950 350 40 7.59674e-08 0 2.68585e-08 2.27902e-09 2.27902e-09 2.27902e-09 3.79837e-09 4.55804e-09 5.96648e-08
scan 950 350 41 6.26731e-07 0 7.71453e-08 1.88019e-08 1.88019e-08 1.88019e-08 3.13366e-08 3.76039e-08 4.92235e-07
scan 950 350 42 8.1665e-07 0 8.80616e-08 2.44995e-08 2.44995e-08 2.44995e-08 4.08325e-08 4.8999e-08 6.41397e-07
scan 950 350 43 1.10153e-06 0 1.02274e-07 3.30458e-08 3.30458e-08 3.30458e-08 5.50764e-08 6.60917e-08 8.6514e-07
scan 950 350 44 2.08056e-05 0 4.44486e-07 6.24167e-07 6.24167e-07 6.24167e-07 1.04028e-06 1.24833e-06 1.63407e-05
scan 950 350 45 2.84878e-08 0 1.64474e-08 8.54633e-10 8.54633e-10 8.54633e-10 1.42439e-09 1.70927e-09 2.23743e-08
scan 950 350 46 1.89919e-08 0 1.34293e-08 5.69756e-10 5.69756e-10 5.69756e-10 9.49593e-10 1.13951e-09 1.49162e-08
scan 950 350 47 3.79837e-08 0 1.89919e-08 1.13951e-09 1.13951e-09 1.13951e-09 1.89919e-09 2.27902e-09 2.98324e-08
scan 950 350 48 9.49593e-09 0 9.49593e-09 2.84878e-10 2.84878e-10 2.84878e-10 4.74796e-10 5.69756e-10 7.45811e-09
scan 950 350 49 0 0 0 0 0 0 0 0 0
scan 950 350 50 0 0 0 0 0 0 0 0 0
scan 950 350 51 9.49593e-09 0 9.49593e-09 2.84878e-10 2.84878e-10 2.84878e-10 4.74796e-10 5.69756e-10 7.45811e-09
scan 950 350 52 9.49593e-09 0 9.49593e-09 2.84878e-10 2.84878e-10 2.84878e-10 4.74796e-10 5.69756e-10 7.45811e-09
scan 950 350 53 9.49593e-09 0 9.49593e-09 2.84878e-10 2.84878e-10 2.84878e-10 4.74796e-10 5.69756e-10 7.45811e-09
scan 950 350 54 0 0 0 0 0 0 0 0 0
scan 950 350 55 0 0 0 0 0 0 0 0 0
scan 950 350 56 9.49593e-09 0 9.49593e-09 2.84878e-10 2.84878e-10 2.84878e-10 4.74796e-10 5.69756e-10 7.45811e-09
scan 950 350 57 9.49593e-09 0 9.49593e-09 2.84878e-10 2.84878e-10 2.84878e-10 4.74796e-10 5.69756e-10 7.45811e-09
scan 950 350 58 0 0 0 0 0 0 0 0 0
scan 950 350 59 9.49593e-08 0 3.00288e-08 2.84878e-09 2.84878e-09 2.84878e-09 4.74796e-09 5.69756e-09 7.45811e-08
scan 950 350 60 0 0 0 0 0 0 0 0
scan 950 350 61 0 0 0 0 0 0 0 0
scan 950 350 62 0 0 0 0 0 0 0 0
scan 950 350 63 0 0 0 0 0 0 0 0
scan 950 350 64 0 0 0 0 0 0 0 0
scan 950 350 65 0 0 0 0 0 0 0 0
scan 950 350 66 0 0 0 0 0 0 0 0
scan 950 350 67 0 0 0 0 0 0 0 0
scan 950 350 68 0 0 0 0 0 0 0 0
scan 950 350 69 0 0 0 0 0 0 0 0
scan 950 350 70 0 0 0 0 0 0 0 0
scan 950 350 71 0 0 0 0 0 0 0 0
scan 950 350 72 0 0 0 0 0 0 0 0
scan 950 350 73 0 0 0 0 0 0 0 0
scan 950 350 74 0 0 0 0 0 0 0 0
scan 950 350 75 0 0 0 0 0 0 0 0 0
scan 950 350 76 9.49593e-09 0 9.49593e-09 2.84878e-10 2.84878e-10 2.84878e-10 4.74796e-10 5.69756e-10 7.45811e-09
scan 950 350 77 0 0 0 0 0 0 0 0 0
scan 950 350 78 9.49593e-09 0 9.49593e-09 2.84878e-10 2.84878e-10 2.84878e-10 4.74796e-10 5.69756e-10 7.45811e-09
scan 950 350 79 9.49593e-09 0 9.49593e-09 2.84878e-10 2.84878e-10 2.84878e-10 4.74796e-10 5.69756e-10 7.45811e-09
scan 950 350 80 0 0 0 0 0 0 0 0 0
scan 950 350 81 0 0 0 0 0 0 0 0 0
scan 950 350 82 0 0 0 0 0 0 0 0 0
scan 950 350 83 0 0 0 0 0 0 0 0 0
scan 950 350 84 0 0 0 0 0 0 0 0 0
scan 950 350 85 0 0 0 0 0 0 0 0 0
scan 950 350 86 0 0 0 0 0 0 0 0 0
scan 950 350 87 0 0 0 0 0 0 0 0 0
scan 950 350 88 0 0 0 0 0 0 0 0 0
scan 950 350 89 5.69756e-08 0 2.32602e-08 1.70927e-09 1.70927e-09 1.70927e-09 2.84878e-09 3.41853e-09 4.47486e-08
scan 950 350 90 2.84878e-08 0 1.64474e-08 8.54633e-10 8.54633e-10 8.54633e-10 1.42439e-09 1.70927e-09 2.23743e-08
scan 950 350 91 3.79837e-08 0 1.89919e-08 1.13951e-09 1.13951e-09 1.13951e-09 1.89919e-09 2.27902e-09 2.98324e-08
scan 950 350 92 4.74796e-08 0 2.12335e-08 1.42439e-09 1.42439e-09 1.42439e-09 2.37398e-09 2.84878e-09 3.72905e-08
scan 950 350 93 9.49593e-09 0 9.49593e-09 2.84878e-10 2.84878e-10 2.84878e-10 4.74796e-10 5.69756e-10 7.45811e-09
scan 950 350 94 3.79837e-08 0 1.89919e-08 1.13951e-09 1.13951e-09 1.13951e-09 1.89919e-09 2.27902e-09 2.98324e-08
scan 950 350 95 0 0 0 0 0 0 0 0 0
scan 950 350 96 9.49593e-09 0 9.49593e-09 2.84878e-10 2.84878e-10 2.84878e-10 4.74796e-10 5.69756e-10 7.45811e-09
scan 950 350 97 9.49593e-09 0 9.49593e-09 2.84878e-10 2.84878e-10 2.84878e-10 4.74796e-10 5.69756e-10 7.45811e-09
scan 950 350 98 9.49593e-09 0 9.49593e-09 2.84878e-10 2.84878e-10 2.84878e-10 4.74796e-10 5.69756e-10 7.45811e-09
scan 950 350 99 2.84878e-08 0 1.64474e-08 8.54633e-10 8.54633e-10 8.54633e-10 1.42439e-09 1.70927e-09 2.23743e-08
scan 950 350 100 0 0 0 0 0 0 0 0 0
scan 950 350 101 9.49593e-09 0 9.49593e-09 2.84878e-10 2.84878e-10 2.84878e-10 4.74796e-10 5.69756e-10 7.45811e-09
scan 950 350 102 2.84878e-08 0 1.64474e-08 8.54633e-10 8.54633e-10 8.54633e-10 1.42439e-09 1.70927e-09 2.23743e-08
scan 950 350 103 4.74796e-08 0 2.12335e-08 1.42439e-09 1.42439e-09 1.42439e-09 2.37398e-09 2.84878e-09 3.72905e-08
scan 950 350 104 4.17821e-07 0 6.29889e-08 1.25346e-08 1.25346e-08 1.25346e-08 2.0891e-08 2.50692e-08 3.28157e-07
scan 950 350 60 0 0 0 0 0 0 0 0
scan 950 350 61 0 0 0 0 0 0 0 0
scan 950 350 62 0 0 0 0 0 0 0 0
scan 950 350 63 0 0 0 0 0 0 0 0
scan 950 350 64 0 0 0 0 0 0 0 0
scan 950 350 65 0 0 0 0 0 0 0 0
scan 950 350 66 0 0 0 0 0 0 0 0
scan 950 350 67 0 0 0 0 0 0 0 0
scan 950 350 68 0 0 0 0 0 0 0 0
scan 950 350 69 0 0 0 0 0 0 0 0
scan 950 350 70 0 0 0 0 0 0 0 0
scan 950 350 71 0 0 0 0 0 0 0 0
scan 950 350 72 0 0 0 0 0 0 0 0
scan 950 350 73 0 0 0 0 0 0 0 0
scan 950 350 74 0 0 0 0 0 0 0 0
scan 950 350 120 0 0 0 0 0 0 0 0 0
scan 950 350 121 0 0 0 0 0 0 0 0 0
scan 950 350 122 0 0 0 0 0 0 0 0 0
scan 950 350 123 0 0 0 0 0 0 0 0 0
scan 950 350 124 0 0 0 0 0 0 0 0 0
scan 950 350 125 0 0 0 0 0 0 0 0 0
scan 950 350 126 0 0 0 0 0 0 0 0 0
scan 950 350 127 0 0 0 0 0 0 0 0 0
scan 950 350 128 0 0 0 0 0 0 0 0 0
scan 950 350 129 9.49593e-09 0 9.49593e-09 2.84878e-10 2.84878e-10 2.84878e-10 4.74796e-10 5.69756e-10 7.45811e-09
scan 950 350 130 0 0 0 0 0 0 0 0 0
scan 950 350 131 9.49593e-09 0 9.49593e-09 2.84878e-10 2.84878e-10 2.84878e-10 4.74796e-10 5.69756e-10 7.45811e-09
scan 950 350 132 0 0 0 0 0 0 0 0 0
scan 950 350 133 9.49593e-09 0 9.49593e-09 2.84878e-10 2.84878e-10 2.84878e-10 4.74796e-10 5.69756e-10 7.45811e-09
scan 950 350 134 1.80423e-07 0 4.13918e-08 5.41268e-09 5.41268e-09 5.41268e-09 9.02113e-09 1.08254e-08 1.41704e-07
scan 950 350 135 2.84878e-08 0 1.64474e-08 8.54633e-10 8.54633e-10 8.54633e-10 1.42439e-09 1.70927e-09 2.23743e-08
scan 950 350 136 3.79837e-08 0 1.89919e-08 1.13951e-09 1.13951e-09 1.13951e-09 1.89919e-09 2.27902e-09 2.98324e-08
scan 950 350 137 9.49593e-09 0 9.49593e-09 2.84878e-10 2.84878e-10 2.84878e-10 4.74796e-10 5.69756e-10 7.45811e-09
scan 950 350 138 1.89919e-08 0 1.34293e-08 5.69756e-10 5.69756e-10 5.69756e-10 9.49593e-10 1.13951e-09 1.49162e-08
scan 950 350 139 8.54633e-08 0 2.84878e-08 2.5639e-09 2.5639e-09 2.5639e-09 4.27317e-09 5.1278e-09 6.7123e-08
scan 950 350 140 0 0 0 0 0 0 0 0 0
scan 950 350 141 0 0 0 0 0 0 0 0 0
scan 950 350 142 0 0 0 0 0 0 0 0 0
scan 950 350 143 9.49593e-09 0 9.49593e-09 2.84878e-10 2.84878e-10 2.84878e-10 4.74796e-10 5.69756e-10 7.45811e-09
scan 950 350 144 1.89919e-08 0 1.34293e-08 5.69756e-10 5.69756e-10 5.69756e-10 9.49593e-10 1.13951e-09 1.49162e-08
scan 950 350 145 9.49593e-09 0 9.49593e-09 2.84878e-10 2.84878e-10 2.84878e-10 4.74796e-10 5.69756e-10 7.45811e-09
scan 950 350 146 0 0 0 0 0 0 0 0 0
scan 950 350 147 1.89919e-08 0 1.34293e-08 5.69756e-10 5.69756e-10 5.69756e-10 9.49593e-10 1.13951e-09 1.49162e-08
scan 950 350 148 1.89919e-08 0 1.34293e-08 5.69756e-10 5.69756e-10 5.69756e-10 9.49593e-10 1.13951e-09 1.49162e-08
scan 950 350 149 1.23447e-07 0 3.42381e-08 3.70341e-09 3.70341e-09 3.70341e-09 6.17235e-09 7.40682e-09 9.69554e-08
scan 950 350 60 0 0 0 0 0 0 0 0
scan 950 350 61 0 0 0 0 0 0 0 0
scan 950 350 62 0 0 0 0 0 0 0 0
scan 950 350 63 0 0 0 0 0 0 0 0
scan 950 350 64 0 0 0 0 0 0 0 0
scan 950 350 65 0 0 0 0 0 0 0 0
scan 950 350 66 0 0 0 0 0 0 0 0
scan 950 350 67 0 0 0 0 0 0 0 0
scan 950 350 68 0 0 0 0 0 0 0 0
scan 950 350 69 0 0 0 0 0 0 0 0
scan 950 350 70 0 0 0 0 0 0 0 0
scan 950 350 71 0 0 0 0 0 0 0 0
scan 950 350 72 0 0 0 0 0 0 0 0
scan 950 350 73 0 0 0 0 0 0 0 0
scan 950 350 74 0 0 0 0 0 0 0 0
scan 950 350 165 9.49593e-09 0 9.49593e-09 2.84878e-10 2.84878e-10 2.84878e-10 4.74796e-10 5.69756e-10 7.45811e-09
scan 950 350 166 0 0 0 0 0 0 0 0 0
scan 950 350 167 9.49593e-09 0 9.49593e-09 2.84878e-10 2.84878e-10 2.84878e-10 4.74796e-10 5.69756e-10 7.45811e-09
scan 950 350 168 1.89919e-08 0 1.34293e-08 5.69756e-10 5.69756e-10 5.69756e-10 9.49593e-10 1.13951e-09 1.49162e-08
scan 950 350 169 1.04455e-07 0 3.14944e-08 3.13366e-09 3.13366e-09 3.13366e-09 5.22276e-09 6.26731e-09 8.20392e-08
scan 950 350 170 0 0 0 0 0 0 0 0 0
scan 950 350 171 0 0 0 0 0 0 0 0 0
scan 950 350 172 9.49593e-09 0 9.49593e-09 2.84878e-10 2.84878e-10 2.84878e-10 4.74796e-10 5.69756e-10 7.45811e-09
scan 950 350 173 0 0 0 0 0 0 0 0 0
scan 950 350 174 0 0 0 0 0 0 0 0 0
scan 950 350 175 0 0 0 0 0 0 0 0 0
scan 950 350 176 0 0 0 0 0 0 0 0 0
scan 950 350 177 0 0 0 0 0 0 0 0 0
scan 950 350 178 9.49593e-09 0 9.49593e-09 2.84878e-10 2.84878e-10 2.84878e-10 4.74796e-10 5.69756e-10 7.45811e-09
scan 950 350 179 9.49593e-08 0 3.00288e-08 2.84878e-09 2.84878e-09 2.84878e-09 4.74796e-09 5.69756e-09 7.45811e-08
