450 150 0.0217971
scan 450 150 0 4.46884e-05 0 6.97916e-06 1.34065e-06 1.34065e-06 1.34065e-06 2.23442e-06 2.68131e-06 3.32198e-05
scan 450 150 1 6.97576e-05 0 8.71969e-06 2.09273e-06 2.09273e-06 2.09273e-06 3.48788e-06 4.18545e-06 5.18554e-05
scan 450 150 2 9.80966e-05 0 1.03403e-05 2.9429e-06 2.9429e-06 2.9429e-06 4.90483e-06 5.88579e-06 7.29216e-05
scan 450 150 3 8.82869e-05 0 9.80966e-06 2.64861e-06 2.64861e-06 2.64861e-06 4.41435e-06 5.29721e-06 6.56295e-05
scan 450 150 4 0.00028448 0 1.76089e-05 8.5344e-06 8.5344e-06 8.5344e-06 1.4224e-05 1.70688e-05 0.000211473
scan 450 150 5 4.35985e-06 0 2.17992e-06 1.30795e-07 1.30795e-07 1.30795e-07 2.17992e-07 2.61591e-07 3.24096e-06
scan 450 150 6 1.30795e-05 0 3.77574e-06 3.92386e-07 3.92386e-07 3.92386e-07 6.53977e-07 7.84773e-07 9.72288e-06
scan 450 150 7 1.52595e-05 0 4.07826e-06 4.57784e-07 4.57784e-07 4.57784e-07 7.62973e-07 9.15568e-07 1.13434e-05
scan 450 150 8 5.44981e-06 0 2.43723e-06 1.63494e-07 1.63494e-07 1.63494e-07 2.7249e-07 3.26989e-07 4.0512e-06
scan 450 150 9 1.96193e-05 0 4.62432e-06 5.88579e-07 5.88579e-07 5.88579e-07 9.80966e-07 1.17716e-06 1.45843e-05
scan 450 150 10 7.62973e-06 0 2.88377e-06 2.28892e-07 2.28892e-07 2.28892e-07 3.81487e-07 4.57784e-07 5.67168e-06
scan 450 150 11 5.44981e-05 0 7.70719e-06 1.63494e-06 1.63494e-06 1.63494e-06 2.7249e-06 3.26989e-06 4.0512e-05
scan 450 150 12 8.82869e-05 0 9.80966e-06 2.64861e-06 2.64861e-06 2.64861e-06 4.41435e-06 5.29721e-06 6.56295e-05
scan 450 150 13 0.000111176 0 1.10081e-05 3.33528e-06 3.33528e-06 3.33528e-06 5.55881e-06 6.67057e-06 8.26445e-05
scan 450 150 14 0.000541711 0 2.42991e-05 1.62513e-05 1.62513e-05 1.62513e-05 2.70856e-05 3.25027e-05 0.000402689
scan 450 150 15 5.12282e-05 0 7.4724e-06 1.53685e-06 1.53685e-06 1.53685e-06 2.56141e-06 3.07369e-06 3.80813e-05
scan 450 150 16 0.000108996 0 1.08996e-05 3.26989e-06 3.26989e-06 3.26989e-06 5.44981e-06 6.53977e-06 8.1024e-05
scan 450 150 17 0.000176574 0 1.38729e-05 5.29721e-06 5.29721e-06 5.29721e-06 8.82869e-06 1.05944e-05 0.000131259
scan 450 150 18 0.000159134 0 1.31701e-05 4.77403e-06 4.77403e-06 4.77403e-06 7.95672e-06 9.54807e-06 0.000118295
scan 450 150 19 0.000250691 0 1.65301e-05 7.52074e-06 7.52074e-06 7.52074e-06 1.25346e-05 1.50415e-05 0.000186355
scan 450 150 20 6.53977e-06 0 2.66985e-06 1.96193e-07 1.96193e-07 1.96193e-07 3.26989e-07 3.92386e-07 4.86144e-06
scan 450 150 21 2.39792e-05 0 5.11237e-06 7.19375e-07 7.19375e-07 7.19375e-07 1.19896e-06 1.43875e-06 1.78253e-05
scan 450 150 22 1.96193e-05 0 4.62432e-06 5.88579e-07 5.88579e-07 5.88579e-07 9.80966e-07 1.17716e-06 1.45843e-05
scan 450 150 23 8.71969e-06 0 3.08288e-06 2.61591e-07 2.61591e-07 2.61591e-07 4.35985e-07 5.23182e-07 6.48192e-06
scan 450 150 24 3.05189e-05 0 5.76754e-06 9.15568e-07 9.15568e-07 9.15568e-07 1.52595e-06 1.83114e-06 2.26867e-05
scan 450 150 25 3.26989e-06 0 1.88787e-06 9.80966e-08 9.80966e-08 9.80966e-08 1.63494e-07 1.96193e-07 2.43072e-06
scan 450 150 26 6.21278e-05 0 8.22903e-06 1.86383e-06 1.86383e-06 1.86383e-06 3.10639e-06 3.72767e-06 4.61837e-05
scan 450 150 27 0.000117716 0 1.13272e-05 3.53148e-06 3.53148e-06 3.53148e-06 5.88579e-06 7.06295e-06 8.75059e-05
scan 450 150 28 0.000143875 0 1.25227e-05 4.31625e-06 4.31625e-06 4.31625e-06 7.19375e-06 8.6325e-06 0.000106952
scan 450 150 29 0.000551521 0 2.45181e-05 1.65456e-05 1.65456e-05 1.65456e-05 2.7576e-05 3.30912e-05 0.000409982
scan 450 150 30 8.71969e-06 0 3.08288e-06 2.61591e-07 2.61591e-07 2.61591e-07 4.35985e-07 5.23182e-07 6.48192e-06
scan 450 150 31 1.63494e-05 0 4.2214e-06 4.90483e-07 4.90483e-07 4.90483e-07 8.17471e-07 9.80966e-07 1.21536e-05
scan 450 150 32 1.52595e-05 0 4.07826e-06 4.57784e-07 4.57784e-07 4.57784e-07 7.62973e-07 9.15568e-07 1.13434e-05
scan 450 150 33 1.85294e-05 0 4.49403e-06 5.55881e-07 5.55881e-07 5.55881e-07 9.26468e-07 1.11176e-06 1.37741e-05
scan 450 150 34 3.05189e-05 0 5.76754e-06 9.15568e-07 9.15568e-07 9.15568e-07 1.52595e-06 1.83114e-06 2.26867e-05
scan 450 150 35 2.17992e-06 0 1.54144e-06 6.53977e-08 6.53977e-08 6.53977e-08 1.08996e-07 1.30795e-07 1.62048e-06
scan 450 150 36 2.17992e-06 0 1.54144e-06 6.53977e-08 6.53977e-08 6.53977e-08 1.08996e-07 1.30795e-07 1.62048e-06
scan 450 150 37 5.44981e-06 0 2.43723e-06 1.63494e-07 1.63494e-07 1.63494e-07 2.7249e-07 3.26989e-07 4.0512e-06
scan 450 150 38 1.08996e-06 0 1.08996e-06 3.26989e-08 3.26989e-08 3.26989e-08 5.44981e-08 6.53977e-08 8.1024e-07
scan 450 150 39 1.41695e-05 0 3.92991e-06 4.25085e-07 4.25085e-07 4.25085e-07 7.08475e-07 8.5017e-07 1.05331e-05
scan 450 150 40 0 0 0 0 0 0 0 0 0
scan 450 150 41 1.30795e-05 0 3.77574e-06 3.92386e-07 3.92386e-07 3.92386e-07 6.53977e-07 7.84773e-07 9.72288e-06
scan 450 150 42 1.41695e-05 0 3.92991e-06 4.25085e-07 4.25085e-07 4.25085e-07 7.08475e-07 8.5017e-07 1.05331e-05
scan 450 150 43 2.28892e-05 0 4.99483e-06 6.86676e-07 6.86676e-07 6.86676e-07 1.14446e-06 1.37335e-06 1.7015e-05
scan 450 150 44 0.000100276 0 1.04545e-05 3.00829e-06 3.00829e-06 3.00829e-06 5.01382e-06 6.01659e-06 7.45421e-05
scan 450 150 45 4.35985e-06 0 2.17992e-06 1.30795e-07 1.30795e-07 1.30795e-07 2.17992e-07 2.61591e-07 3.24096e-06
scan 450 150 46 2.17992e-06 0 1.54144e-06 6.53977e-08 6.53977e-08 6.53977e-08 1.08996e-07 1.30795e-07 1.62048e-06
scan 450 150 47 1.08996e-06 0 1.08996e-06 3.26989e-08 3.26989e-08 3.26989e-08 5.44981e-08 6.53977e-08 8.1024e-07
scan 450 150 48 0 0 0 0 0 0 0 0 0
scan 450 150 49 0 0 0 0 0 0 0 0 0
scan 450 150 50 0 0 0 0 0 0 0 0 0
scan 450 150 51 0 0 0 0 0 0 0 0 0
scan 450 150 52 0 0 0 0 0 0 0 0 0
scan 450 150 53 0 0 0 0 0 0 0 0 0
scan 450 150 54 0 0 0 0 0 0 0 0 0
scan 450 150 55 0 0 0 0 0 0 0 0 0
scan 450 150 56 0 0 0 0 0 0 0 0 0
scan 450 150 57 1.08996e-06 0 1.08996e-06 3.26989e-08 3.26989e-08 3.26989e-08 5.44981e-08 6.53977e-08 8.1024e-07
scan 450 150 58 0 0 0 0 0 0 0 0 0
scan 450 150 59 4.35985e-06 0 2.17992e-06 1.30795e-07 1.30795e-07 1.30795e-07 2.17992e-07 2.61591e-07 3.24096e-06
scan 450 150 60 0 0 0 0 0 0 0 0
scan 450 150 61 0 0 0 0 0 0 0 0
scan 450 150 62 0 0 0 0 0 0 0 0
scan 450 150 63 0 0 0 0 0 0 0 0
scan 450 150 64 0 0 0 0 0 0 0 0
scan 450 150 65 0 0 0 0 0 0 0 0
scan 450 150 66 0 0 0 0 0 0 0 0
scan 450 150 67 0 0 0 0 0 0 0 0
scan 450 150 68 0 0 0 0 0 0 0 0
scan 450 150 69 0 0 0 0 0 0 0 0
scan 450 150 70 0 0 0 0 0 0 0 0
scan 450 150 71 0 0 0 0 0 0 0 0
scan 450 150 72 0 0 0 0 0 0 0 0
scan 450 150 73 0 0 0 0 0 0 0 0
scan 450 150 74 0 0 0 0 0 0 0 0
scan 450 150 75 1.08996e-06 0 1.08996e-06 3.26989e-08 3.26989e-08 3.26989e-08 5.44981e-08 6.53977e-08 8.1024e-07
scan 450 150 76 0 0 0 0 0 0 0 0 0
scan 450 150 77 0 0 0 0 0 0 0 0 0
scan 450 150 78 0 0 0 0 0 0 0 0 0
scan 450 150 79 0 0 0 0 0 0 0 0 0
scan 450 150 80 0 0 0 0 0 0 0 0 0
scan 450 150 81 0 0 0 0 0 0 0 0 0
scan 450 150 82 0 0 0 0 0 0 0 0 0
scan 450 150 83 0 0 0 0 0 0 0 0 0
scan 450 150 84 0 0 0 0 0 0 0 0 0
scan 450 150 85 0 0 0 0 0 0 0 0 0
scan 450 150 86 1.08996e-06 0 1.08996e-06 3.26989e-08 3.26989e-08 3.26989e-08 5.44981e-08 6.53977e-08 8.1024e-07
scan 450 150 87 4.35985e-06 0 2.17992e-06 1.30795e-07 1.30795e-07 1.30795e-07 2.17992e-07 2.61591e-07 3.24096e-06
scan 450 150 88 1.08996e-06 0 1.08996e-06 3.26989e-08 3.26989e-08 3.26989e-08 5.44981e-08 6.53977e-08 8.1024e-07
scan 450 150 89 3.26989e-06 0 1.88787e-06 9.80966e-08 9.80966e-08 9.80966e-08 1.63494e-07 1.96193e-07 2.43072e-06
scan 450 150 90 2.17992e-06 0 1.54144e-06 6.53977e-08 6.53977e-08 6.53977e-08 1.08996e-07 1.30795e-07 1.62048e-06
scan 450 150 91 1.08996e-06 0 1.08996e-06 3.26989e-08 3.26989e-08 3.26989e-08 5.44981e-08 6.53977e-08 8.1024e-07
scan 450 150 92 0 0 0 0 0 0 0 0 0
scan 450 150 93 0 0 0 0 0 0 0 0 0
scan 450 150 94 1.08996e-06 0 1.08996e-06 3.26989e-08 3.26989e-08 3.26989e-08 5.44981e-08 6.53977e-08 8.1024e-07
scan 450 150 95 0 0 0 0 0 0 0 0 0
scan 450 150 96 1.08996e-06 0 1.08996e-06 3.26989e-08 3.26989e-08 3.26989e-08 5.44981e-08 6.53977e-08 8.1024e-07
scan 450 150 97 0 0 0 0 0 0 0 0 0
scan 450 150 98 0 0 0 0 0 0 0 0 0
scan 450 150 99 0 0 0 0 0 0 0 0 0
scan 450 150 100 0 0 0 0 0 0 0 0 0
scan 450 150 101 0 0 0 0 0 0 0 0 0
scan 450 150 102 2.17992e-06 0 1.54144e-06 6.53977e-08 6.53977e-08 6.53977e-08 1.08996e-07 1.30795e-07 1.62048e-06
scan 450 150 103 4.35985e-06 0 2.17992e-06 1.30795e-07 1.30795e-07 1.30795e-07 2.17992e-07 2.61591e-07 3.24096e-06
scan 450 150 104 7.62973e-06 0 2.88377e-06 2.28892e-07 2.28892e-07 2.28892e-07 3.81487e-07 4.57784e-07 5.67168e-06
scan 450 150 60 0 0 0 0 0 0 0 0
scan 450 150 61 0 0 0 0 0 0 0 0
scan 450 150 62 0 0 0 0 0 0 0 0
scan 450 150 63 0 0 0 0 0 0 0 0
scan 450 150 64 0 0 0 0 0 0 0 0
scan 450 150 65 0 0 0 0 0 0 0 0
scan 450 150 66 0 0 0 0 0 0 0 0
scan 450 150 67 0 0 0 0 0 0 0 0
scan 450 150 68 0 0 0 0 0 0 0 0
scan 450 150 69 0 0 0 0 0 0 0 0
scan 450 150 70 0 0 0 0 0 0 0 0
scan 450 150 71 0 0 0 0 0 0 0 0
scan 450 150 72 0 0 0 0 0 0 0 0
scan 450 150 73 0 0 0 0 0 0 0 0
scan 450 150 74 0 0 0 0 0 0 0 0
scan 450 150 120 0 0 0 0 0 0 0 0 0
scan 450 150 121 0 0 0 0 0 0 0 0 0
scan 450 150 122 0 0 0 0 0 0 0 0 0
scan 450 150 123 0 0 0 0 0 0 0 0 0
scan 450 150 124 0 0 0 0 0 0 0 0 0
scan 450 150 125 0 0 0 0 0 0 0 0 0
scan 450 150 126 0 0 0 0 0 0 0 0 0
scan 450 150 127 0 0 0 0 0 0 0 0 0
scan 450 150 128 0 0 0 0 0 0 0 0 0
scan 450 150 129 0 0 0 0 0 0 0 0 0
scan 450 150 130 0 0 0 0 0 0 0 0 0
scan 450 150 131 1.08996e-06 0 1.08996e-06 3.26989e-08 3.26989e-08 3.26989e-08 5.44981e-08 6.53977e-08 8.1024e-07
scan 450 150 132 0 0 0 0 0 0 0 0 0
scan 450 150 133 0 0 0 0 0 0 0 0 0
scan 450 150 134 0 0 0 0 0 0 0 0 0
scan 450 150 135 0 0 0 0 0 0 0 0 0
scan 450 150 136 2.17992e-06 0 1.54144e-06 6.53977e-08 6.53977e-08 6.53977e-08 1.08996e-07 1.30795e-07 1.62048e-06
scan 450 150 137 4.35985e-06 0 2.17992e-06 1.30795e-07 1.30795e-07 1.30795e-07 2.17992e-07 2.61591e-07 3.24096e-06
scan 450 150 138 0 0 0 0 0 0 0 0 0
scan 450 150 139 1.08996e-06 0 1.08996e-06 3.26989e-08 3.26989e-08 3.26989e-08 5.44981e-08 6.53977e-08 8.1024e-07
scan 450 150 140 0 0 0 0 0 0 0 0 0
scan 450 150 141 1.08996e-06 0 1.08996e-06 3.26989e-08 3.26989e-08 3.26989e-08 5.44981e-08 6.53977e-08 8.1024e-07
scan 450 150 142 0 0 0 0 0 0 0 0 0
scan 450 150 143 1.08996e-06 0 1.08996e-06 3.26989e-08 3.26989e-08 3.26989e-08 5.44981e-08 6.53977e-08 8.1024e-07
scan 450 150 144 2.17992e-06 0 1.54144e-06 6.53977e-08 6.53977e-08 6.53977e-08 1.08996e-07 1.30795e-07 1.62048e-06
scan 450 150 145 0 0 0 0 0 0 0 0 0
scan 450 150 146 0 0 0 0 0 0 0 0 0
scan 450 150 147 1.08996e-06 0 1.08996e-06 3.26989e-08 3.26989e-08 3.26989e-08 5.44981e-08 6.53977e-08 8.1024e-07
scan 450 150 148 1.08996e-06 0 1.08996e-06 3.26989e-08 3.26989e-08 3.26989e-08 5.44981e-08 6.53977e-08 8.1024e-07
scan 450 150 149 5.44981e-06 0 2.43723e-06 1.63494e-07 1.63494e-07 1.63494e-07 2.7249e-07 3.26989e-07 4.0512e-06
scan 450 150 60 0 0 0 0 0 0 0 0
scan 450 150 61 0 0 0 0 0 0 0 0
scan 450 150 62 0 0 0 0 0 0 0 0
scan 450 150 63 0 0 0 0 0 0 0 0
scan 450 150 64 0 0 0 0 0 0 0 0
scan 450 150 65 0 0 0 0 0 0 0 0
scan 450 150 66 0 0 0 0 0 0 0 0
scan 450 150 67 0 0 0 0 0 0 0 0
scan 450 150 68 0 0 0 0 0 0 0 0
scan 450 150 69 0 0 0 0 0 0 0 0
scan 450 150 70 0 0 0 0 0 0 0 0
scan 450 150 71 0 0 0 0 0 0 0 0
scan 450 150 72 0 0 0 0 0 0 0 0
scan 450 150 73 0 0 0 0 0 0 0 0
scan 450 150 74 0 0 0 0 0 0 0 0
scan 450 150 165 0 0 0 0 0 0 0 0 0
scan 450 150 166 0 0 0 0 0 0 0 0 0
scan 450 150 167 0 0 0 0 0 0 0 0 0
scan 450 150 168 1.08996e-06 0 1.08996e-06 3.26989e-08 3.26989e-08 3.26989e-08 5.44981e-08 6.53977e-08 8.1024e-07
scan 450 150 169 0 0 0 0 0 0 0 0 0
scan 450 150 170 0 0 0 0 0 0 0 0 0
scan 450 150 171 0 0 0 0 0 0 0 0 0
scan 450 150 172 0 0 0 0 0 0 0 0 0
scan 450 150 173 0 0 0 0 0 0 0 0 0
scan 450 150 174 1.08996e-06 0 1.08996e-06 3.26989e-08 3.26989e-08 3.26989e-08 5.44981e-08 6.53977e-08 8.1024e-07
scan 450 150 175 0 0 0 0 0 0 0 0 0
scan 450 150 176 0 0 0 0 0 0 0 0 0
scan 450 150 177 0 0 0 0 0 0 0 0 0
scan 450 150 178 0 0 0 0 0 0 0 0 0
scan 450 150 179 0 0 0 0 0 0 0 0 0
