750 200 0.00112965
scan 750 200 0 5.02152e-07 0 1.77538e-07 1.50646e-08 1.50646e-08 1.50646e-08 2.51076e-08 3.01291e-08 3.8959e-07
scan 750 200 1 8.78766e-07 0 2.3486e-07 2.6363e-08 2.6363e-08 2.6363e-08 4.39383e-08 5.2726e-08 6.81783e-07
scan 750 200 2 1.50646e-06 0 3.07504e-07 4.51937e-08 4.51937e-08 4.51937e-08 7.53228e-08 9.03874e-08 1.16877e-06
scan 750 200 3 1.38092e-06 0 2.94413e-07 4.14276e-08 4.14276e-08 4.14276e-08 6.90459e-08 8.28551e-08 1.07137e-06
scan 750 200 4 9.7292e-06 0 7.81468e-07 2.91876e-07 2.91876e-07 2.91876e-07 4.8646e-07 5.83752e-07 7.54831e-06
scan 750 200 5 6.2769e-08 0 6.2769e-08 1.88307e-09 1.88307e-09 1.88307e-09 3.13845e-09 3.76614e-09 4.86988e-08
scan 750 200 6 1.88307e-07 0 1.08719e-07 5.64921e-09 5.64921e-09 5.64921e-09 9.41535e-09 1.12984e-08 1.46096e-07
scan 750 200 7 3.13845e-07 0 1.40356e-07 9.41535e-09 9.41535e-09 9.41535e-09 1.56923e-08 1.88307e-08 2.43494e-07
scan 750 200 8 5.02152e-07 0 1.77538e-07 1.50646e-08 1.50646e-08 1.50646e-08 2.51076e-08 3.01291e-08 3.8959e-07
scan 750 200 9 3.82891e-06 0 4.90242e-07 1.14867e-07 1.14867e-07 1.14867e-07 1.91446e-07 2.29735e-07 2.97063e-06
scan 750 200 10 3.13845e-07 0 1.40356e-07 9.41535e-09 9.41535e-09 9.41535e-09 1.56923e-08 1.88307e-08 2.43494e-07
scan 750 200 11 1.31815e-06 0 2.87644e-07 3.95445e-08 3.95445e-08 3.95445e-08 6.59075e-08 7.9089e-08 1.02267e-06
scan 750 200 12 2.76184e-06 0 4.16363e-07 8.28551e-08 8.28551e-08 8.28551e-08 1.38092e-07 1.6571e-07 2.14275e-06
scan 750 200 13 3.13845e-06 0 4.43844e-07 9.41535e-08 9.41535e-08 9.41535e-08 1.56923e-07 1.88307e-07 2.43494e-06
scan 750 200 14 3.27027e-05 0 1.43273e-06 9.8108e-07 9.8108e-07 9.8108e-07 1.63513e-06 1.96216e-06 2.53721e-05
scan 750 200 15 7.53228e-07 0 2.17438e-07 2.25968e-08 2.25968e-08 2.25968e-08 3.76614e-08 4.51937e-08 5.84386e-07
scan 750 200 16 1.12984e-06 0 2.66306e-07 3.38953e-08 3.38953e-08 3.38953e-08 5.64921e-08 6.77905e-08 8.76579e-07
scan 750 200 17 1.63199e-06 0 3.2006e-07 4.89598e-08 4.89598e-08 4.89598e-08 8.15997e-08 9.79197e-08 1.26617e-06
scan 750 200 18 1.38092e-06 0 2.94413e-07 4.14276e-08 4.14276e-08 4.14276e-08 6.90459e-08 8.28551e-08 1.07137e-06
scan 750 200 19 1.21144e-05 0 8.72015e-07 3.63433e-07 3.63433e-07 3.63433e-07 6.05721e-07 7.26865e-07 9.39887e-06
scan 750 200 20 2.51076e-07 0 1.25538e-07 7.53228e-09 7.53228e-09 7.53228e-09 1.25538e-08 1.50646e-08 1.94795e-07
scan 750 200 21 2.51076e-07 0 1.25538e-07 7.53228e-09 7.53228e-09 7.53228e-09 1.25538e-08 1.50646e-08 1.94795e-07
scan 750 200 22 1.25538e-07 0 8.87688e-08 3.76614e-09 3.76614e-09 3.76614e-09 6.2769e-09 7.53228e-09 9.73976e-08
scan 750 200 23 5.64921e-07 0 1.88307e-07 1.69476e-08 1.69476e-08 1.69476e-08 2.82461e-08 3.38953e-08 4.38289e-07
scan 750 200 24 4.83321e-06 0 5.50796e-07 1.44996e-07 1.44996e-07 1.44996e-07 2.41661e-07 2.89993e-07 3.74981e-06
scan 750 200 25 1.88307e-07 0 1.08719e-07 5.64921e-09 5.64921e-09 5.64921e-09 9.41535e-09 1.12984e-08 1.46096e-07
scan 750 200 26 8.15997e-07 0 2.26317e-07 2.44799e-08 2.44799e-08 2.44799e-08 4.07999e-08 4.89598e-08 6.33084e-07
scan 750 200 27 1.8203e-06 0 3.38022e-07 5.4609e-08 5.4609e-08 5.4609e-08 9.10151e-08 1.09218e-07 1.41227e-06
scan 750 200 28 1.63199e-06 0 3.2006e-07 4.89598e-08 4.89598e-08 4.89598e-08 8.15997e-08 9.79197e-08 1.26617e-06
scan 750 200 29 2.81205e-05 0 1.32857e-06 8.43616e-07 8.43616e-07 8.43616e-07 1.40603e-06 1.68723e-06 2.18171e-05
scan 750 200 30 1.25538e-06 0 2.80712e-07 3.76614e-08 3.76614e-08 3.76614e-08 6.2769e-08 7.53228e-08 9.73976e-07
scan 750 200 31 4.20552e-06 0 5.13787e-07 1.26166e-07 1.26166e-07 1.26166e-07 2.10276e-07 2.52331e-07 3.26282e-06
scan 750 200 32 5.14706e-06 0 5.68398e-07 1.54412e-07 1.54412e-07 1.54412e-07 2.57353e-07 3.08824e-07 3.9933e-06
scan 750 200 33 6.46521e-06 0 6.37036e-07 1.93956e-07 1.93956e-07 1.93956e-07 3.2326e-07 3.87913e-07 5.01598e-06
scan 750 200 34 4.02349e-05 0 1.58918e-06 1.20705e-06 1.20705e-06 1.20705e-06 2.01175e-06 2.4141e-06 3.12159e-05
scan 750 200 35 2.51076e-07 0 1.25538e-07 7.53228e-09 7.53228e-09 7.53228e-09 1.25538e-08 1.50646e-08 1.94795e-07
scan 750 200 36 7.53228e-07 0 2.17438e-07 2.25968e-08 2.25968e-08 2.25968e-08 3.76614e-08 4.51937e-08 5.84386e-07
scan 750 200 37 1.38092e-06 0 2.94413e-07 4.14276e-08 4.14276e-08 4.14276e-08 6.90459e-08 8.28551e-08 1.07137e-06
scan 750 200 38 1.8203e-06 0 3.38022e-07 5.4609e-08 5.4609e-08 5.4609e-08 9.10151e-08 1.09218e-07 1.41227e-06
scan 750 200 39 1.56923e-05 0 9.92465e-07 4.70768e-07 4.70768e-07 4.70768e-07 7.84613e-07 9.41535e-07 1.21747e-05
scan 750 200 40 8.78766e-07 0 2.3486e-07 2.6363e-08 2.6363e-08 2.6363e-08 4.39383e-08 5.2726e-08 6.81783e-07
scan 750 200 41 3.4523e-06 0 4.65507e-07 1.03569e-07 1.03569e-07 1.03569e-07 1.72615e-07 2.07138e-07 2.67843e-06
scan 750 200 42 4.95875e-06 0 5.57903e-07 1.48763e-07 1.48763e-07 1.48763e-07 2.47938e-07 2.97525e-07 3.84721e-06
scan 750 200 43 7.84613e-06 0 7.01779e-07 2.35384e-07 2.35384e-07 2.35384e-07 3.92306e-07 4.70768e-07 6.08735e-06
scan 750 200 44 9.81707e-05 0 2.48235e-06 2.94512e-06 2.94512e-06 2.94512e-06 4.90854e-06 5.89024e-06 7.61649e-05
scan 750 200 45 1.25538e-07 0 8.87688e-08 3.76614e-09 3.76614e-09 3.76614e-09 6.2769e-09 7.53228e-09 9.73976e-08
scan 750 200 46 6.2769e-08 0 6.2769e-08 1.88307e-09 1.88307e-09 1.88307e-09 3.13845e-09 3.76614e-09 4.86988e-08
scan 750 200 47 3.76614e-07 0 1.53752e-07 1.12984e-08 1.12984e-08 1.12984e-08 1.88307e-08 2.25968e-08 2.92193e-07
scan 750 200 48 0 0 0 0 0 0 0 0 0
scan 750 200 49 6.2769e-08 0 6.2769e-08 1.88307e-09 1.88307e-09 1.88307e-09 3.13845e-09 3.76614e-09 4.86988e-08
scan 750 200 50 0 0 0 0 0 0 0 0 0
scan 750 200 51 0 0 0 0 0 0 0 0 0
scan 750 200 52 0 0 0 0 0 0 0 0 0
scan 750 200 53 0 0 0 0 0 0 0 0 0
scan 750 200 54 6.2769e-08 0 6.2769e-08 1.88307e-09 1.88307e-09 1.88307e-09 3.13845e-09 3.76614e-09 4.86988e-08
scan 750 200 55 0 0 0 0 0 0 0 0 0
scan 750 200 56 0 0 0 0 0 0 0 0 0
scan 750 200 57 1.25538e-07 0 8.87688e-08 3.76614e-09 3.76614e-09 3.76614e-09 6.2769e-09 7.53228e-09 9.73976e-08
scan 750 200 58 6.2769e-08 0 6.2769e-08 1.88307e-09 1.88307e-09 1.88307e-09 3.13845e-09 3.76614e-09 4.86988e-08
scan 750 200 59 3.76614e-07 0 1.53752e-07 1.12984e-08 1.12984e-08 1.12984e-08 1.88307e-08 2.25968e-08 2.92193e-07
scan 750 200 60 0 0 0 0 0 0 0 0
scan 750 200 61 0 0 0 0 0 0 0 0
scan 750 200 62 0 0 0 0 0 0 0 0
scan 750 200 63 0 0 0 0 0 0 0 0
scan 750 200 64 0 0 0 0 0 0 0 0
scan 750 200 65 0 0 0 0 0 0 0 0
scan 750 200 66 0 0 0 0 0 0 0 0
scan 750 200 67 0 0 0 0 0 0 0 0
scan 750 200 68 0 0 0 0 0 0 0 0
scan 750 200 69 0 0 0 0 0 0 0 0
scan 750 200 70 0 0 0 0 0 0 0 0
scan 750 200 71 0 0 0 0 0 0 0 0
scan 750 200 72 0 0 0 0 0 0 0 0
scan 750 200 73 0 0 0 0 0 0 0 0
scan 750 200 74 0 0 0 0 0 0 0 0
scan 750 200 75 0 0 0 0 0 0 0 0 0
scan 750 200 76 6.2769e-08 0 6.2769e-08 1.88307e-09 1.88307e-09 1.88307e-09 3.13845e-09 3.76614e-09 4.86988e-08
scan 750 200 77 0 0 0 0 0 0 0 0 0
scan 750 200 78 0 0 0 0 0 0 0 0 0
scan 750 200 79 0 0 0 0 0 0 0 0 0
scan 750 200 80 0 0 0 0 0 0 0 0 0
scan 750 200 81 0 0 0 0 0 0 0 0 0
scan 750 200 82 0 0 0 0 0 0 0 0 0
scan 750 200 83 0 0 0 0 0 0 0 0 0
scan 750 200 84 0 0 0 0 0 0 0 0 0
scan 750 200 85 0 0 0 0 0 0 0 0 0
scan 750 200 86 0 0 0 0 0 0 0 0 0
scan 750 200 87 6.2769e-08 0 6.2769e-08 1.88307e-09 1.88307e-09 1.88307e-09 3.13845e-09 3.76614e-09 4.86988e-08
scan 750 200 88 6.2769e-08 0 6.2769e-08 1.88307e-09 1.88307e-09 1.88307e-09 3.13845e-09 3.76614e-09 4.86988e-08
scan 750 200 89 3.76614e-07 0 1.53752e-07 1.12984e-08 1.12984e-08 1.12984e-08 1.88307e-08 2.25968e-08 2.92193e-07
scan 750 200 90 0 0 0 0 0 0 0 0 0
scan 750 200 91 3.76614e-07 0 1.53752e-07 1.12984e-08 1.12984e-08 1.12984e-08 1.88307e-08 2.25968e-08 2.92193e-07
scan 750 200 92 6.2769e-08 0 6.2769e-08 1.88307e-09 1.88307e-09 1.88307e-09 3.13845e-09 3.76614e-09 4.86988e-08
scan 750 200 93 1.88307e-07 0 1.08719e-07 5.64921e-09 5.64921e-09 5.64921e-09 9.41535e-09 1.12984e-08 1.46096e-07
scan 750 200 94 2.51076e-07 0 1.25538e-07 7.53228e-09 7.53228e-09 7.53228e-09 1.25538e-08 1.50646e-08 1.94795e-07
scan 750 200 95 0 0 0 0 0 0 0 0 0
scan 750 200 96 0 0 0 0 0 0 0 0 0
scan 750 200 97 0 0 0 0 0 0 0 0 0
scan 750 200 98 0 0 0 0 0 0 0 0 0
scan 750 200 99 6.2769e-08 0 6.2769e-08 1.88307e-09 1.88307e-09 1.88307e-09 3.13845e-09 3.76614e-09 4.86988e-08
scan 750 200 100 0 0 0 0 0 0 0 0 0
scan 750 200 101 6.2769e-08 0 6.2769e-08 1.88307e-09 1.88307e-09 1.88307e-09 3.13845e-09 3.76614e-09 4.86988e-08
scan 750 200 102 1.25538e-07 0 8.87688e-08 3.76614e-09 3.76614e-09 3.76614e-09 6.2769e-09 7.53228e-09 9.73976e-08
scan 750 200 103 2.51076e-07 0 1.25538e-07 7.53228e-09 7.53228e-09 7.53228e-09 1.25538e-08 1.50646e-08 1.94795e-07
scan 750 200 104 1.69476e-06 0 3.26157e-07 5.08429e-08 5.08429e-08 5.08429e-08 8.47382e-08 1.01686e-07 1.31487e-06
scan 750 200 60 0 0 0 0 0 0 0 0
scan 750 200 61 0 0 0 0 0 0 0 0
scan 750 200 62 0 0 0 0 0 0 0 0
scan 750 200 63 0 0 0 0 0 0 0 0
scan 750 200 64 0 0 0 0 0 0 0 0
scan 750 200 65 0 0 0 0 0 0 0 0
scan 750 200 66 0 0 0 0 0 0 0 0
scan 750 200 67 0 0 0 0 0 0 0 0
scan 750 200 68 0 0 0 0 0 0 0 0
scan 750 200 69 0 0 0 0 0 0 0 0
scan 750 200 70 0 0 0 0 0 0 0 0
scan 750 200 71 0 0 0 0 0 0 0 0
scan 750 200 72 0 0 0 0 0 0 0 0
scan 750 200 73 0 0 0 0 0 0 0 0
scan 750 200 74 0 0 0 0 0 0 0 0
scan 750 200 120 0 0 0 0 0 0 0 0 0
scan 750 200 121 0 0 0 0 0 0 0 0 0
scan 750 200 122 0 0 0 0 0 0 0 0 0
scan 750 200 123 6.2769e-08 0 6.2769e-08 1.88307e-09 1.88307e-09 1.88307e-09 3.13845e-09 3.76614e-09 4.86988e-08
scan 750 200 124 1.25538e-07 0 8.87688e-08 3.76614e-09 3.76614e-09 3.76614e-09 6.2769e-09 7.53228e-09 9.73976e-08
scan 750 200 125 0 0 0 0 0 0 0 0 0
scan 750 200 126 0 0 0 0 0 0 0 0 0
scan 750 200 127 0 0 0 0 0 0 0 0 0
scan 750 200 128 0 0 0 0 0 0 0 0 0
scan 750 200 129 0 0 0 0 0 0 0 0 0
scan 750 200 130 0 0 0 0 0 0 0 0 0
scan 750 200 131 0 0 0 0 0 0 0 0 0
scan 750 200 132 1.88307e-07 0 1.08719e-07 5.64921e-09 5.64921e-09 5.64921e-09 9.41535e-09 1.12984e-08 1.46096e-07
scan 750 200 133 1.25538e-07 0 8.87688e-08 3.76614e-09 3.76614e-09 3.76614e-09 6.2769e-09 7.53228e-09 9.73976e-08
scan 750 200 134 8.15997e-07 0 2.26317e-07 2.44799e-08 2.44799e-08 2.44799e-08 4.07999e-08 4.89598e-08 6.33084e-07
scan 750 200 135 1.88307e-07 0 1.08719e-07 5.64921e-09 5.64921e-09 5.64921e-09 9.41535e-09 1.12984e-08 1.46096e-07
scan 750 200 136 3.13845e-07 0 1.40356e-07 9.41535e-09 9.41535e-09 9.41535e-09 1.56923e-08 1.88307e-08 2.43494e-07
scan 750 200 137 1.25538e-07 0 8.87688e-08 3.76614e-09 3.76614e-09 3.76614e-09 6.2769e-09 7.53228e-09 9.73976e-08
scan 750 200 138 1.25538e-07 0 8.87688e-08 3.76614e-09 3.76614e-09 3.76614e-09 6.2769e-09 7.53228e-09 9.73976e-08
scan 750 200 139 3.76614e-07 0 1.53752e-07 1.12984e-08 1.12984e-08 1.12984e-08 1.88307e-08 2.25968e-08 2.92193e-07
scan 750 200 140 0 0 0 0 0 0 0 0 0
scan 750 200 141 6.2769e-08 0 6.2769e-08 1.88307e-09 1.88307e-09 1.88307e-09 3.13845e-09 3.76614e-09 4.86988e-08
scan 750 200 142 0 0 0 0 0 0 0 0 0
scan 750 200 143 0 0 0 0 0 0 0 0 0
scan 750 200 144 6.2769e-08 0 6.2769e-08 1.88307e-09 1.88307e-09 1.88307e-09 3.13845e-09 3.76614e-09 4.86988e-08
scan 750 200 145 0 0 0 0 0 0 0 0 0
scan 750 200 146 6.2769e-08 0 6.2769e-08 1.88307e-09 1.88307e-09 1.88307e-09 3.13845e-09 3.76614e-09 4.86988e-08
scan 750 200 147 0 0 0 0 0 0 0 0 0
scan 750 200 148 1.25538e-07 0 8.87688e-08 3.76614e-09 3.76614e-09 3.76614e-09 6.2769e-09 7.53228e-09 9.73976e-08
scan 750 200 149 6.2769e-07 0 1.98493e-07 1.88307e-08 1.88307e-08 1.88307e-08 3.13845e-08 3.76614e-08 4.86988e-07
scan 750 200 60 0 0 0 0 0 0 0 0
scan 750 200 61 0 0 0 0 0 0 0 0
scan 750 200 62 0 0 0 0 0 0 0 0
scan 750 200 63 0 0 0 0 0 0 0 0
scan 750 200 64 0 0 0 0 0 0 0 0
scan 750 200 65 0 0 0 0 0 0 0 0
scan 750 200 66 0 0 0 0 0 0 0 0
scan 750 200 67 0 0 0 0 0 0 0 0
scan 750 200 68 0 0 0 0 0 0 0 0
scan 750 200 69 0 0 0 0 0 0 0 0
scan 750 200 70 0 0 0 0 0 0 0 0
scan 750 200 71 0 0 0 0 0 0 0 0
scan 750 200 72 0 0 0 0 0 0 0 0
scan 750 200 73 0 0 0 0 0 0 0 0
scan 750 200 74 0 0 0 0 0 0 0 0
scan 750 200 165 6.2769e-08 0 6.2769e-08 1.88307e-09 1.88307e-09 1.88307e-09 3.13845e-09 3.76614e-09 4.86988e-08
scan 750 200 166 0 0 0 0 0 0 0 0 0
scan 750 200 167 6.2769e-08 0 6.2769e-08 1.88307e-09 1.88307e-09 1.88307e-09 3.13845e-09 3.76614e-09 4.86988e-08
scan 750 200 168 0 0 0 0 0 0 0 0 0
scan 750 200 169 1.25538e-07 0 8.87688e-08 3.76614e-09 3.76614e-09 3.76614e-09 6.2769e-09 7.53228e-09 9.73976e-08
scan 750 200 170 0 0 0 0 0 0 0 0 0
scan 750 200 171 6.2769e-08 0 6.2769e-08 1.88307e-09 1.88307e-09 1.88307e-09 3.13845e-09 3.76614e-09 4.86988e-08
scan 750 200 172 0 0 0 0 0 0 0 0 0
scan 750 200 173 0 0 0 0 0 0 0 0 0
scan 750 200 174 6.2769e-08 0 6.2769e-08 1.88307e-09 1.88307e-09 1.88307e-09 3.13845e-09 3.76614e-09 4.86988e-08
scan 750 200 175 0 0 0 0 0 0 0 0 0
scan 750 200 176 0 0 0 0 0 0 0 0 0
scan 750 200 177 6.2769e-08 0 6.2769e-08 1.88307e-09 1.88307e-09 1.88307e-09 3.13845e-09 3.76614e-09 4.86988e-08
scan 750 200 178 0 0 0 0 0 0 0 0 0
scan 750 200 179 2.51076e-07 0 1.25538e-07 7.53228e-09 7.53228e-09 7.53228e-09 1.25538e-08 1.50646e-08 1.94795e-07
