900 200 0.000291345
scan 900 200 0 1.45687e-07 0 4.60704e-08 4.37062e-09 4.37062e-09 4.37062e-09 7.28436e-09 8.74124e-09 1.14109e-07
scan 900 200 1 2.03962e-07 0 5.45112e-08 6.11887e-09 6.11887e-09 6.11887e-09 1.01981e-08 1.22377e-08 1.59752e-07
scan 900 200 2 2.331e-07 0 5.82749e-08 6.99299e-09 6.99299e-09 6.99299e-09 1.1655e-08 1.3986e-08 1.82574e-07
scan 900 200 3 1.60256e-07 0 4.8319e-08 4.80768e-09 4.80768e-09 4.80768e-09 8.0128e-09 9.61536e-09 1.2552e-07
scan 900 200 4 1.92307e-06 0 1.67382e-07 5.76922e-08 5.76922e-08 5.76922e-08 9.61536e-08 1.15384e-07 1.50624e-06
scan 900 200 5 2.91375e-08 0 2.06033e-08 8.74124e-10 8.74124e-10 8.74124e-10 1.45687e-09 1.74825e-09 2.28218e-08
scan 900 200 6 1.45687e-08 0 1.45687e-08 4.37062e-10 4.37062e-10 4.37062e-10 7.28436e-10 8.74124e-10 1.14109e-08
scan 900 200 7 5.82749e-08 0 2.91375e-08 1.74825e-09 1.74825e-09 1.74825e-09 2.91375e-09 3.49649e-09 4.56435e-08
scan 900 200 8 5.82749e-08 0 2.91375e-08 1.74825e-09 1.74825e-09 1.74825e-09 2.91375e-09 3.49649e-09 4.56435e-08
scan 900 200 9 6.26455e-07 0 9.55335e-08 1.87937e-08 1.87937e-08 1.87937e-08 3.13228e-08 3.75873e-08 4.90668e-07
scan 900 200 10 2.91375e-08 0 2.06033e-08 8.74124e-10 8.74124e-10 8.74124e-10 1.45687e-09 1.74825e-09 2.28218e-08
scan 900 200 11 1.74825e-07 0 5.04676e-08 5.24474e-09 5.24474e-09 5.24474e-09 8.74124e-09 1.04895e-08 1.36931e-07
scan 900 200 12 3.78787e-07 0 7.42862e-08 1.13636e-08 1.13636e-08 1.13636e-08 1.89393e-08 2.27272e-08 2.96683e-07
scan 900 200 13 6.26455e-07 0 9.55335e-08 1.87937e-08 1.87937e-08 1.87937e-08 3.13228e-08 3.75873e-08 4.90668e-07
scan 900 200 14 1.01107e-05 0 3.83797e-07 3.03321e-07 3.03321e-07 3.03321e-07 5.05535e-07 6.06642e-07 7.91915e-06
scan 900 200 15 5.82749e-08 0 2.91375e-08 1.74825e-09 1.74825e-09 1.74825e-09 2.91375e-09 3.49649e-09 4.56435e-08
scan 900 200 16 1.31119e-07 0 4.37062e-08 3.93356e-09 3.93356e-09 3.93356e-09 6.55593e-09 7.86711e-09 1.02698e-07
scan 900 200 17 1.45687e-07 0 4.60704e-08 4.37062e-09 4.37062e-09 4.37062e-09 7.28436e-09 8.74124e-09 1.14109e-07
scan 900 200 18 2.62237e-07 0 6.18099e-08 7.86711e-09 7.86711e-09 7.86711e-09 1.31119e-08 1.57342e-08 2.05396e-07
scan 900 200 19 1.79195e-06 0 1.61575e-07 5.37586e-08 5.37586e-08 5.37586e-08 8.95977e-08 1.07517e-07 1.40354e-06
scan 900 200 20 0 0 0 0 0 0 0 0 0
scan 900 200 21 2.91375e-08 0 2.06033e-08 8.74124e-10 8.74124e-10 8.74124e-10 1.45687e-09 1.74825e-09 2.28218e-08
scan 900 200 22 2.91375e-08 0 2.06033e-08 8.74124e-10 8.74124e-10 8.74124e-10 1.45687e-09 1.74825e-09 2.28218e-08
scan 900 200 23 7.28436e-08 0 3.25767e-08 2.18531e-09 2.18531e-09 2.18531e-09 3.64218e-09 4.37062e-09 5.70544e-08
scan 900 200 24 6.41024e-07 0 9.6638e-08 1.92307e-08 1.92307e-08 1.92307e-08 3.20512e-08 3.84614e-08 5.02079e-07
scan 900 200 25 4.37062e-08 0 2.52338e-08 1.31119e-09 1.31119e-09 1.31119e-09 2.18531e-09 2.62237e-09 3.42327e-08
scan 900 200 26 1.74825e-07 0 5.04676e-08 5.24474e-09 5.24474e-09 5.24474e-09 8.74124e-09 1.04895e-08 1.36931e-07
scan 900 200 27 3.05943e-07 0 6.67623e-08 9.1783e-09 9.1783e-09 9.1783e-09 1.52972e-08 1.83566e-08 2.39629e-07
scan 900 200 28 4.80768e-07 0 8.3691e-08 1.4423e-08 1.4423e-08 1.4423e-08 2.40384e-08 2.88461e-08 3.76559e-07
scan 900 200 29 7.79427e-06 0 3.36976e-07 2.33828e-07 2.33828e-07 2.33828e-07 3.89713e-07 4.67656e-07 6.10482e-06
scan 900 200 30 3.93356e-07 0 7.57013e-08 1.18007e-08 1.18007e-08 1.18007e-08 1.96678e-08 2.36013e-08 3.08094e-07
scan 900 200 31 5.39043e-07 0 8.86181e-08 1.61713e-08 1.61713e-08 1.61713e-08 2.69521e-08 3.23426e-08 4.22203e-07
scan 900 200 32 7.57574e-07 0 1.05057e-07 2.27272e-08 2.27272e-08 2.27272e-08 3.78787e-08 4.54544e-08 5.93366e-07
scan 900 200 33 1.31119e-06 0 1.38211e-07 3.93356e-08 3.93356e-08 3.93356e-08 6.55593e-08 7.86711e-08 1.02698e-06
scan 900 200 34 1.06789e-05 0 3.94433e-07 3.20366e-07 3.20366e-07 3.20366e-07 5.33944e-07 6.40733e-07 8.36418e-06
scan 900 200 35 5.82749e-08 0 2.91375e-08 1.74825e-09 1.74825e-09 1.74825e-09 2.91375e-09 3.49649e-09 4.56435e-08
scan 900 200 36 1.74825e-07 0 5.04676e-08 5.24474e-09 5.24474e-09 5.24474e-09 8.74124e-09 1.04895e-08 1.36931e-07
scan 900 200 37 3.20512e-07 0 6.83334e-08 9.61536e-09 9.61536e-09 9.61536e-09 1.60256e-08 1.92307e-08 2.51039e-07
scan 900 200 38 3.20512e-07 0 6.83334e-08 9.61536e-09 9.61536e-09 9.61536e-09 1.60256e-08 1.92307e-08 2.51039e-07
scan 900 200 39 4.22493e-06 0 2.48096e-07 1.26748e-07 1.26748e-07 1.26748e-07 2.11247e-07 2.53496e-07 3.30916e-06
scan 900 200 40 2.331e-07 0 5.82749e-08 6.99299e-09 6.99299e-09 6.99299e-09 1.1655e-08 1.3986e-08 1.82574e-07
scan 900 200 41 7.86711e-07 0 1.07058e-07 2.36013e-08 2.36013e-08 2.36013e-08 3.93356e-08 4.72027e-08 6.16188e-07
scan 900 200 42 1.23834e-06 0 1.34317e-07 3.71503e-08 3.71503e-08 3.71503e-08 6.19171e-08 7.43005e-08 9.69925e-07
scan 900 200 43 1.74825e-06 0 1.59592e-07 5.24474e-08 5.24474e-08 5.24474e-08 8.74124e-08 1.04895e-07 1.36931e-06
scan 900 200 44 3.7194e-05 0 7.36117e-07 1.11582e-06 1.11582e-06 1.11582e-06 1.8597e-06 2.23164e-06 2.9132e-05
scan 900 200 45 4.37062e-08 0 2.52338e-08 1.31119e-09 1.31119e-09 1.31119e-09 2.18531e-09 2.62237e-09 3.42327e-08
scan 900 200 46 8.74124e-08 0 3.56859e-08 2.62237e-09 2.62237e-09 2.62237e-09 4.37062e-09 5.24474e-09 6.84653e-08
scan 900 200 47 0 0 0 0 0 0 0 0 0
scan 900 200 48 0 0 0 0 0 0 0 0 0
scan 900 200 49 4.37062e-08 0 2.52338e-08 1.31119e-09 1.31119e-09 1.31119e-09 2.18531e-09 2.62237e-09 3.42327e-08
scan 900 200 50 0 0 0 0 0 0 0 0 0
scan 900 200 51 0 0 0 0 0 0 0 0 0
scan 900 200 52 0 0 0 0 0 0 0 0 0
scan 900 200 53 0 0 0 0 0 0 0 0 0
scan 900 200 54 2.91375e-08 0 2.06033e-08 8.74124e-10 8.74124e-10 8.74124e-10 1.45687e-09 1.74825e-09 2.28218e-08
scan 900 200 55 0 0 0 0 0 0 0 0 0
scan 900 200 56 0 0 0 0 0 0 0 0 0
scan 900 200 57 1.45687e-08 0 1.45687e-08 4.37062e-10 4.37062e-10 4.37062e-10 7.28436e-10 8.74124e-10 1.14109e-08
scan 900 200 58 0 0 0 0 0 0 0 0 0
scan 900 200 59 1.74825e-07 0 5.04676e-08 5.24474e-09 5.24474e-09 5.24474e-09 8.74124e-09 1.04895e-08 1.36931e-07
scan 900 200 60 0 0 0 0 0 0 0 0
scan 900 200 61 0 0 0 0 0 0 0 0
scan 900 200 62 0 0 0 0 0 0 0 0
scan 900 200 63 0 0 0 0 0 0 0 0
scan 900 200 64 0 0 0 0 0 0 0 0
scan 900 200 65 0 0 0 0 0 0 0 0
scan 900 200 66 0 0 0 0 0 0 0 0
scan 900 200 67 0 0 0 0 0 0 0 0
scan 900 200 68 0 0 0 0 0 0 0 0
scan 900 200 69 0 0 0 0 0 0 0 0
scan 900 200 70 0 0 0 0 0 0 0 0
scan 900 200 71 0 0 0 0 0 0 0 0
scan 900 200 72 0 0 0 0 0 0 0 0
scan 900 200 73 0 0 0 0 0 0 0 0
scan 900 200 74 0 0 0 0 0 0 0 0
scan 900 200 75 0 0 0 0 0 0 0 0 0
scan 900 200 76 0 0 0 0 0 0 0 0 0
scan 900 200 77 1.45687e-08 0 1.45687e-08 4.37062e-10 4.37062e-10 4.37062e-10 7.28436e-10 8.74124e-10 1.14109e-08
scan 900 200 78 0 0 0 0 0 0 0 0 0
scan 900 200 79 2.91375e-08 0 2.06033e-08 8.74124e-10 8.74124e-10 8.74124e-10 1.45687e-09 1.74825e-09 2.28218e-08
scan 900 200 80 0 0 0 0 0 0 0 0 0
scan 900 200 81 0 0 0 0 0 0 0 0 0
scan 900 200 82 0 0 0 0 0 0 0 0 0
scan 900 200 83 0 0 0 0 0 0 0 0 0
scan 900 200 84 0 0 0 0 0 0 0 0 0
scan 900 200 85 0 0 0 0 0 0 0 0 0
scan 900 200 86 0 0 0 0 0 0 0 0 0
scan 900 200 87 0 0 0 0 0 0 0 0 0
scan 900 200 88 1.45687e-08 0 1.45687e-08 4.37062e-10 4.37062e-10 4.37062e-10 7.28436e-10 8.74124e-10 1.14109e-08
scan 900 200 89 1.74825e-07 0 5.04676e-08 5.24474e-09 5.24474e-09 5.24474e-09 8.74124e-09 1.04895e-08 1.36931e-07
scan 900 200 90 1.01981e-07 0 3.85452e-08 3.05943e-09 3.05943e-09 3.05943e-09 5.09905e-09 6.11887e-09 7.98762e-08
scan 900 200 91 5.82749e-08 0 2.91375e-08 1.74825e-09 1.74825e-09 1.74825e-09 2.91375e-09 3.49649e-09 4.56435e-08
scan 900 200 92 2.91375e-08 0 2.06033e-08 8.74124e-10 8.74124e-10 8.74124e-10 1.45687e-09 1.74825e-09 2.28218e-08
scan 900 200 93 5.82749e-08 0 2.91375e-08 1.74825e-09 1.74825e-09 1.74825e-09 2.91375e-09 3.49649e-09 4.56435e-08
scan 900 200 94 1.01981e-07 0 3.85452e-08 3.05943e-09 3.05943e-09 3.05943e-09 5.09905e-09 6.11887e-09 7.98762e-08
scan 900 200 95 0 0 0 0 0 0 0 0 0
scan 900 200 96 0 0 0 0 0 0 0 0 0
scan 900 200 97 1.45687e-08 0 1.45687e-08 4.37062e-10 4.37062e-10 4.37062e-10 7.28436e-10 8.74124e-10 1.14109e-08
scan 900 200 98 1.45687e-08 0 1.45687e-08 4.37062e-10 4.37062e-10 4.37062e-10 7.28436e-10 8.74124e-10 1.14109e-08
scan 900 200 99 2.91375e-08 0 2.06033e-08 8.74124e-10 8.74124e-10 8.74124e-10 1.45687e-09 1.74825e-09 2.28218e-08
scan 900 200 100 0 0 0 0 0 0 0 0 0
scan 900 200 101 4.37062e-08 0 2.52338e-08 1.31119e-09 1.31119e-09 1.31119e-09 2.18531e-09 2.62237e-09 3.42327e-08
scan 900 200 102 2.91375e-08 0 2.06033e-08 8.74124e-10 8.74124e-10 8.74124e-10 1.45687e-09 1.74825e-09 2.28218e-08
scan 900 200 103 2.91375e-08 0 2.06033e-08 8.74124e-10 8.74124e-10 8.74124e-10 1.45687e-09 1.74825e-09 2.28218e-08
scan 900 200 104 6.11887e-07 0 9.44161e-08 1.83566e-08 1.83566e-08 1.83566e-08 3.05943e-08 3.67132e-08 4.79257e-07
scan 900 200 60 0 0 0 0 0 0 0 0
scan 900 200 61 0 0 0 0 0 0 0 0
scan 900 200 62 0 0 0 0 0 0 0 0
scan 900 200 63 0 0 0 0 0 0 0 0
scan 900 200 64 0 0 0 0 0 0 0 0
scan 900 200 65 0 0 0 0 0 0 0 0
scan 900 200 66 0 0 0 0 0 0 0 0
scan 900 200 67 0 0 0 0 0 0 0 0
scan 900 200 68 0 0 0 0 0 0 0 0
scan 900 200 69 0 0 0 0 0 0 0 0
scan 900 200 70 0 0 0 0 0 0 0 0
scan 900 200 71 0 0 0 0 0 0 0 0
scan 900 200 72 0 0 0 0 0 0 0 0
scan 900 200 73 0 0 0 0 0 0 0 0
scan 900 200 74 0 0 0 0 0 0 0 0
scan 900 200 120 0 0 0 0 0 0 0 0 0
scan 900 200 121 0 0 0 0 0 0 0 0 0
scan 900 200 122 0 0 0 0 0 0 0 0 0
scan 900 200 123 1.45687e-08 0 1.45687e-08 4.37062e-10 4.37062e-10 4.37062e-10 7.28436e-10 8.74124e-10 1.14109e-08
scan 900 200 124 1.01981e-07 0 3.85452e-08 3.05943e-09 3.05943e-09 3.05943e-09 5.09905e-09 6.11887e-09 7.98762e-08
scan 900 200 125 0 0 0 0 0 0 0 0 0
scan 900 200 126 0 0 0 0 0 0 0 0 0
scan 900 200 127 0 0 0 0 0 0 0 0 0
scan 900 200 128 1.45687e-08 0 1.45687e-08 4.37062e-10 4.37062e-10 4.37062e-10 7.28436e-10 8.74124e-10 1.14109e-08
scan 900 200 129 2.91375e-08 0 2.06033e-08 8.74124e-10 8.74124e-10 8.74124e-10 1.45687e-09 1.74825e-09 2.28218e-08
scan 900 200 130 0 0 0 0 0 0 0 0 0
scan 900 200 131 0 0 0 0 0 0 0 0 0
scan 900 200 132 1.45687e-08 0 1.45687e-08 4.37062e-10 4.37062e-10 4.37062e-10 7.28436e-10 8.74124e-10 1.14109e-08
scan 900 200 133 7.28436e-08 0 3.25767e-08 2.18531e-09 2.18531e-09 2.18531e-09 3.64218e-09 4.37062e-09 5.70544e-08
scan 900 200 134 2.18531e-07 0 5.64244e-08 6.55593e-09 6.55593e-09 6.55593e-09 1.09265e-08 1.31119e-08 1.71163e-07
scan 900 200 135 2.91375e-08 0 2.06033e-08 8.74124e-10 8.74124e-10 8.74124e-10 1.45687e-09 1.74825e-09 2.28218e-08
scan 900 200 136 4.37062e-08 0 2.52338e-08 1.31119e-09 1.31119e-09 1.31119e-09 2.18531e-09 2.62237e-09 3.42327e-08
scan 900 200 137 0 0 0 0 0 0 0 0 0
scan 900 200 138 1.45687e-08 0 1.45687e-08 4.37062e-10 4.37062e-10 4.37062e-10 7.28436e-10 8.74124e-10 1.14109e-08
scan 900 200 139 7.28436e-08 0 3.25767e-08 2.18531e-09 2.18531e-09 2.18531e-09 3.64218e-09 4.37062e-09 5.70544e-08
scan 900 200 140 0 0 0 0 0 0 0 0 0
scan 900 200 141 1.45687e-08 0 1.45687e-08 4.37062e-10 4.37062e-10 4.37062e-10 7.28436e-10 8.74124e-10 1.14109e-08
scan 900 200 142 4.37062e-08 0 2.52338e-08 1.31119e-09 1.31119e-09 1.31119e-09 2.18531e-09 2.62237e-09 3.42327e-08
scan 900 200 143 5.82749e-08 0 2.91375e-08 1.74825e-09 1.74825e-09 1.74825e-09 2.91375e-09 3.49649e-09 4.56435e-08
scan 900 200 144 1.45687e-08 0 1.45687e-08 4.37062e-10 4.37062e-10 4.37062e-10 7.28436e-10 8.74124e-10 1.14109e-08
scan 900 200 145 1.45687e-08 0 1.45687e-08 4.37062e-10 4.37062e-10 4.37062e-10 7.28436e-10 8.74124e-10 1.14109e-08
scan 900 200 146 0 0 0 0 0 0 0 0 0
scan 900 200 147 2.91375e-08 0 2.06033e-08 8.74124e-10 8.74124e-10 8.74124e-10 1.45687e-09 1.74825e-09 2.28218e-08
scan 900 200 148 5.82749e-08 0 2.91375e-08 1.74825e-09 1.74825e-09 1.74825e-09 2.91375e-09 3.49649e-09 4.56435e-08
scan 900 200 149 3.20512e-07 0 6.83334e-08 9.61536e-09 9.61536e-09 9.61536e-09 1.60256e-08 1.92307e-08 2.51039e-07
scan 900 200 60 0 0 0 0 0 0 0 0
scan 900 200 61 0 0 0 0 0 0 0 0
scan 900 200 62 0 0 0 0 0 0 0 0
scan 900 200 63 0 0 0 0 0 0 0 0
scan 900 200 64 0 0 0 0 0 0 0 0
scan 900 200 65 0 0 0 0 0 0 0 0
scan 900 200 66 0 0 0 0 0 0 0 0
scan 900 200 67 0 0 0 0 0 0 0 0
scan 900 200 68 0 0 0 0 0 0 0 0
scan 900 200 69 0 0 0 0 0 0 0 0
scan 900 200 70 0 0 0 0 0 0 0 0
scan 900 200 71 0 0 0 0 0 0 0 0
scan 900 200 72 0 0 0 0 0 0 0 0
scan 900 200 73 0 0 0 0 0 0 0 0
scan 900 200 74 0 0 0 0 0 0 0 0
scan 900 200 165 0 0 0 0 0 0 0 0 0
scan 900 200 166 1.45687e-08 0 1.45687e-08 4.37062e-10 4.37062e-10 4.37062e-10 7.28436e-10 8.74124e-10 1.14109e-08
scan 900 200 167 0 0 0 0 0 0 0 0 0
scan 900 200 168 1.45687e-08 0 1.45687e-08 4.37062e-10 4.37062e-10 4.37062e-10 7.28436e-10 8.74124e-10 1.14109e-08
scan 900 200 169 5.82749e-08 0 2.91375e-08 1.74825e-09 1.74825e-09 1.74825e-09 2.91375e-09 3.49649e-09 4.56435e-08
scan 900 200 170 0 0 0 0 0 0 0 0 0
scan 900 200 171 0 0 0 0 0 0 0 0 0
scan 900 200 172 0 0 0 0 0 0 0 0 0
scan 900 200 173 0 0 0 0 0 0 0 0 0
scan 900 200 174 5.82749e-08 0 2.91375e-08 1.74825e-09 1.74825e-09 1.74825e-09 2.91375e-09 3.49649e-09 4.56435e-08
scan 900 200 175 0 0 0 0 0 0 0 0 0
scan 900 200 176 0 0 0 0 0 0 0 0 0
scan 900 200 177 0 0 0 0 0 0 0 0 0
scan 900 200 178 0 0 0 0 0 0 0 0 0
scan 900 200 179 1.1655e-07 0 4.12066e-08 3.49649e-09 3.49649e-09 3.49649e-09 5.82749e-09 6.99299e-09 9.12871e-08
