600 450 0.00474287
scan 600 450 0 7.5886e-06 0 1.34149e-06 2.27658e-07 2.27658e-07 2.27658e-07 3.7943e-07 4.55316e-07 5.79384e-06
scan 600 450 1 1.28058e-05 0 1.74264e-06 3.84173e-07 3.84173e-07 3.84173e-07 6.40288e-07 7.68345e-07 9.7771e-06
scan 600 450 2 8.06288e-06 0 1.38277e-06 2.41886e-07 2.41886e-07 2.41886e-07 4.03144e-07 4.83773e-07 6.15595e-06
scan 600 450 3 6.64002e-06 0 1.25485e-06 1.99201e-07 1.99201e-07 1.99201e-07 3.32001e-07 3.98401e-07 5.06961e-06
scan 600 450 4 9.2486e-06 0 1.48096e-06 2.77458e-07 2.77458e-07 2.77458e-07 4.6243e-07 5.54916e-07 7.06124e-06
scan 600 450 5 1.18572e-06 0 5.30269e-07 3.55715e-08 3.55715e-08 3.55715e-08 5.92859e-08 7.11431e-08 9.05287e-07
scan 600 450 6 4.03144e-06 0 9.77768e-07 1.20943e-07 1.20943e-07 1.20943e-07 2.01572e-07 2.41886e-07 3.07798e-06
scan 600 450 7 4.03144e-06 0 9.77768e-07 1.20943e-07 1.20943e-07 1.20943e-07 2.01572e-07 2.41886e-07 3.07798e-06
scan 600 450 8 1.66001e-06 0 6.27423e-07 4.98002e-08 4.98002e-08 4.98002e-08 8.30003e-08 9.96003e-08 1.2674e-06
scan 600 450 9 7.11431e-07 0 4.10745e-07 2.13429e-08 2.13429e-08 2.13429e-08 3.55715e-08 4.26858e-08 5.43172e-07
scan 600 450 10 1.66001e-06 0 6.27423e-07 4.98002e-08 4.98002e-08 4.98002e-08 8.30003e-08 9.96003e-08 1.2674e-06
scan 600 450 11 8.30003e-06 0 1.40296e-06 2.49001e-07 2.49001e-07 2.49001e-07 4.15001e-07 4.98002e-07 6.33701e-06
scan 600 450 12 1.44658e-05 0 1.85215e-06 4.33973e-07 4.33973e-07 4.33973e-07 7.23288e-07 8.67946e-07 1.10445e-05
scan 600 450 13 1.99201e-05 0 2.17346e-06 5.97602e-07 5.97602e-07 5.97602e-07 9.96003e-07 1.1952e-06 1.52088e-05
scan 600 450 14 2.96429e-05 0 2.65135e-06 8.89288e-07 8.89288e-07 8.89288e-07 1.48215e-06 1.77858e-06 2.26322e-05
scan 600 450 15 1.42286e-06 0 5.80881e-07 4.26858e-08 4.26858e-08 4.26858e-08 7.11431e-08 8.53717e-08 1.08634e-06
scan 600 450 16 9.48574e-07 0 4.74287e-07 2.84572e-08 2.84572e-08 2.84572e-08 4.74287e-08 5.69145e-08 7.2423e-07
scan 600 450 17 1.42286e-06 0 5.80881e-07 4.26858e-08 4.26858e-08 4.26858e-08 7.11431e-08 8.53717e-08 1.08634e-06
scan 600 450 18 1.89715e-06 0 6.70743e-07 5.69145e-08 5.69145e-08 5.69145e-08 9.48574e-08 1.13829e-07 1.44846e-06
scan 600 450 19 2.13429e-06 0 7.11431e-07 6.40288e-08 6.40288e-08 6.40288e-08 1.06715e-07 1.28058e-07 1.62952e-06
scan 600 450 20 2.37144e-07 0 2.37144e-07 7.11431e-09 7.11431e-09 7.11431e-09 1.18572e-08 1.42286e-08 1.81057e-07
scan 600 450 21 0 0 0 0 0 0 0 0 0
scan 600 450 22 0 0 0 0 0 0 0 0 0
scan 600 450 23 4.74287e-07 0 3.35372e-07 1.42286e-08 1.42286e-08 1.42286e-08 2.37144e-08 2.84572e-08 3.62115e-07
scan 600 450 24 0 0 0 0 0 0 0 0 0
scan 600 450 25 0 0 0 0 0 0 0 0 0
scan 600 450 26 1.89715e-06 0 6.70743e-07 5.69145e-08 5.69145e-08 5.69145e-08 9.48574e-08 1.13829e-07 1.44846e-06
scan 600 450 27 1.42286e-06 0 5.80881e-07 4.26858e-08 4.26858e-08 4.26858e-08 7.11431e-08 8.53717e-08 1.08634e-06
scan 600 450 28 2.84572e-06 0 8.2149e-07 8.53717e-08 8.53717e-08 8.53717e-08 1.42286e-07 1.70743e-07 2.17269e-06
scan 600 450 29 3.55715e-06 0 9.18453e-07 1.06715e-07 1.06715e-07 1.06715e-07 1.77858e-07 2.13429e-07 2.71586e-06
scan 600 450 30 7.11431e-07 0 4.10745e-07 2.13429e-08 2.13429e-08 2.13429e-08 3.55715e-08 4.26858e-08 5.43172e-07
scan 600 450 31 1.18572e-06 0 5.30269e-07 3.55715e-08 3.55715e-08 3.55715e-08 5.92859e-08 7.11431e-08 9.05287e-07
scan 600 450 32 2.13429e-06 0 7.11431e-07 6.40288e-08 6.40288e-08 6.40288e-08 1.06715e-07 1.28058e-07 1.62952e-06
scan 600 450 33 9.48574e-07 0 4.74287e-07 2.84572e-08 2.84572e-08 2.84572e-08 4.74287e-08 5.69145e-08 7.2423e-07
scan 600 450 34 9.48574e-07 0 4.74287e-07 2.84572e-08 2.84572e-08 2.84572e-08 4.74287e-08 5.69145e-08 7.2423e-07
scan 600 450 35 2.37144e-07 0 2.37144e-07 7.11431e-09 7.11431e-09 7.11431e-09 1.18572e-08 1.42286e-08 1.81057e-07
scan 600 450 36 0 0 0 0 0 0 0 0 0
scan 600 450 37 0 0 0 0 0 0 0 0 0
scan 600 450 38 0 0 0 0 0 0 0 0 0
scan 600 450 39 7.11431e-07 0 4.10745e-07 2.13429e-08 2.13429e-08 2.13429e-08 3.55715e-08 4.26858e-08 5.43172e-07
scan 600 450 40 2.37144e-07 0 2.37144e-07 7.11431e-09 7.11431e-09 7.11431e-09 1.18572e-08 1.42286e-08 1.81057e-07
scan 600 450 41 7.11431e-07 0 4.10745e-07 2.13429e-08 2.13429e-08 2.13429e-08 3.55715e-08 4.26858e-08 5.43172e-07
scan 600 450 42 7.11431e-07 0 4.10745e-07 2.13429e-08 2.13429e-08 2.13429e-08 3.55715e-08 4.26858e-08 5.43172e-07
scan 600 450 43 1.89715e-06 0 6.70743e-07 5.69145e-08 5.69145e-08 5.69145e-08 9.48574e-08 1.13829e-07 1.44846e-06
scan 600 450 44 1.42286e-06 0 5.80881e-07 4.26858e-08 4.26858e-08 4.26858e-08 7.11431e-08 8.53717e-08 1.08634e-06
scan 600 450 45 0 0 0 0 0 0 0 0 0
scan 600 450 46 0 0 0 0 0 0 0 0 0
scan 600 450 47 0 0 0 0 0 0 0 0 0
scan 600 450 48 0 0 0 0 0 0 0 0 0
scan 600 450 49 2.37144e-07 0 2.37144e-07 7.11431e-09 7.11431e-09 7.11431e-09 1.18572e-08 1.42286e-08 1.81057e-07
scan 600 450 50 0 0 0 0 0 0 0 0 0
scan 600 450 51 0 0 0 0 0 0 0 0 0
scan 600 450 52 0 0 0 0 0 0 0 0 0
scan 600 450 53 0 0 0 0 0 0 0 0 0
scan 600 450 54 0 0 0 0 0 0 0 0 0
scan 600 450 55 0 0 0 0 0 0 0 0 0
scan 600 450 56 0 0 0 0 0 0 0 0 0
scan 600 450 57 0 0 0 0 0 0 0 0 0
scan 600 450 58 0 0 0 0 0 0 0 0 0
scan 600 450 59 0 0 0 0 0 0 0 0 0
scan 600 450 60 0 0 0 0 0 0 0 0
scan 600 450 61 0 0 0 0 0 0 0 0
scan 600 450 62 0 0 0 0 0 0 0 0
scan 600 450 63 0 0 0 0 0 0 0 0
scan 600 450 64 0 0 0 0 0 0 0 0
scan 600 450 65 0 0 0 0 0 0 0 0
scan 600 450 66 0 0 0 0 0 0 0 0
scan 600 450 67 0 0 0 0 0 0 0 0
scan 600 450 68 0 0 0 0 0 0 0 0
scan 600 450 69 0 0 0 0 0 0 0 0
scan 600 450 70 0 0 0 0 0 0 0 0
scan 600 450 71 0 0 0 0 0 0 0 0
scan 600 450 72 0 0 0 0 0 0 0 0
scan 600 450 73 0 0 0 0 0 0 0 0
scan 600 450 74 0 0 0 0 0 0 0 0
scan 600 450 75 2.37144e-07 0 2.37144e-07 7.11431e-09 7.11431e-09 7.11431e-09 1.18572e-08 1.42286e-08 1.81057e-07
scan 600 450 76 0 0 0 0 0 0 0 0 0
scan 600 450 77 0 0 0 0 0 0 0 0 0
scan 600 450 78 0 0 0 0 0 0 0 0 0
scan 600 450 79 0 0 0 0 0 0 0 0 0
scan 600 450 80 0 0 0 0 0 0 0 0 0
scan 600 450 81 2.37144e-07 0 2.37144e-07 7.11431e-09 7.11431e-09 7.11431e-09 1.18572e-08 1.42286e-08 1.81057e-07
scan 600 450 82 0 0 0 0 0 0 0 0 0
scan 600 450 83 0 0 0 0 0 0 0 0 0
scan 600 450 84 0 0 0 0 0 0 0 0 0
scan 600 450 85 2.37144e-07 0 2.37144e-07 7.11431e-09 7.11431e-09 7.11431e-09 1.18572e-08 1.42286e-08 1.81057e-07
scan 600 450 86 2.37144e-07 0 2.37144e-07 7.11431e-09 7.11431e-09 7.11431e-09 1.18572e-08 1.42286e-08 1.81057e-07
scan 600 450 87 2.37144e-07 0 2.37144e-07 7.11431e-09 7.11431e-09 7.11431e-09 1.18572e-08 1.42286e-08 1.81057e-07
scan 600 450 88 4.74287e-07 0 3.35372e-07 1.42286e-08 1.42286e-08 1.42286e-08 2.37144e-08 2.84572e-08 3.62115e-07
scan 600 450 89 0 0 0 0 0 0 0 0 0
scan 600 450 90 2.37144e-07 0 2.37144e-07 7.11431e-09 7.11431e-09 7.11431e-09 1.18572e-08 1.42286e-08 1.81057e-07
scan 600 450 91 2.37144e-07 0 2.37144e-07 7.11431e-09 7.11431e-09 7.11431e-09 1.18572e-08 1.42286e-08 1.81057e-07
scan 600 450 92 0 0 0 0 0 0 0 0 0
scan 600 450 93 0 0 0 0 0 0 0 0 0
scan 600 450 94 0 0 0 0 0 0 0 0 0
scan 600 450 95 0 0 0 0 0 0 0 0 0
scan 600 450 96 0 0 0 0 0 0 0 0 0
scan 600 450 97 0 0 0 0 0 0 0 0 0
scan 600 450 98 0 0 0 0 0 0 0 0 0
scan 600 450 99 0 0 0 0 0 0 0 0 0
scan 600 450 100 0 0 0 0 0 0 0 0 0
scan 600 450 101 0 0 0 0 0 0 0 0 0
scan 600 450 102 4.74287e-07 0 3.35372e-07 1.42286e-08 1.42286e-08 1.42286e-08 2.37144e-08 2.84572e-08 3.62115e-07
scan 600 450 103 0 0 0 0 0 0 0 0 0
scan 600 450 104 2.37144e-07 0 2.37144e-07 7.11431e-09 7.11431e-09 7.11431e-09 1.18572e-08 1.42286e-08 1.81057e-07
scan 600 450 60 0 0 0 0 0 0 0 0
scan 600 450 61 0 0 0 0 0 0 0 0
scan 600 450 62 0 0 0 0 0 0 0 0
scan 600 450 63 0 0 0 0 0 0 0 0
scan 600 450 64 0 0 0 0 0 0 0 0
scan 600 450 65 0 0 0 0 0 0 0 0
scan 600 450 66 0 0 0 0 0 0 0 0
scan 600 450 67 0 0 0 0 0 0 0 0
scan 600 450 68 0 0 0 0 0 0 0 0
scan 600 450 69 0 0 0 0 0 0 0 0
scan 600 450 70 0 0 0 0 0 0 0 0
scan 600 450 71 0 0 0 0 0 0 0 0
scan 600 450 72 0 0 0 0 0 0 0 0
scan 600 450 73 0 0 0 0 0 0 0 0
scan 600 450 74 0 0 0 0 0 0 0 0
scan 600 450 120 0 0 0 0 0 0 0 0 0
scan 600 450 121 2.37144e-07 0 2.37144e-07 7.11431e-09 7.11431e-09 7.11431e-09 1.18572e-08 1.42286e-08 1.81057e-07
scan 600 450 122 0 0 0 0 0 0 0 0 0
scan 600 450 123 0 0 0 0 0 0 0 0 0
scan 600 450 124 0 0 0 0 0 0 0 0 0
scan 600 450 125 0 0 0 0 0 0 0 0 0
scan 600 450 126 0 0 0 0 0 0 0 0 0
scan 600 450 127 0 0 0 0 0 0 0 0 0
scan 600 450 128 0 0 0 0 0 0 0 0 0
scan 600 450 129 0 0 0 0 0 0 0 0 0
scan 600 450 130 0 0 0 0 0 0 0 0 0
scan 600 450 131 2.37144e-07 0 2.37144e-07 7.11431e-09 7.11431e-09 7.11431e-09 1.18572e-08 1.42286e-08 1.81057e-07
scan 600 450 132 0 0 0 0 0 0 0 0 0
scan 600 450 133 0 0 0 0 0 0 0 0 0
scan 600 450 134 4.74287e-07 0 3.35372e-07 1.42286e-08 1.42286e-08 1.42286e-08 2.37144e-08 2.84572e-08 3.62115e-07
scan 600 450 135 0 0 0 0 0 0 0 0 0
scan 600 450 136 0 0 0 0 0 0 0 0 0
scan 600 450 137 0 0 0 0 0 0 0 0 0
scan 600 450 138 0 0 0 0 0 0 0 0 0
scan 600 450 139 0 0 0 0 0 0 0 0 0
scan 600 450 140 0 0 0 0 0 0 0 0 0
scan 600 450 141 0 0 0 0 0 0 0 0 0
scan 600 450 142 0 0 0 0 0 0 0 0 0
scan 600 450 143 0 0 0 0 0 0 0 0 0
scan 600 450 144 0 0 0 0 0 0 0 0 0
scan 600 450 145 0 0 0 0 0 0 0 0 0
scan 600 450 146 0 0 0 0 0 0 0 0 0
scan 600 450 147 0 0 0 0 0 0 0 0 0
scan 600 450 148 2.37144e-07 0 2.37144e-07 7.11431e-09 7.11431e-09 7.11431e-09 1.18572e-08 1.42286e-08 1.81057e-07
scan 600 450 149 0 0 0 0 0 0 0 0 0
scan 600 450 60 0 0 0 0 0 0 0 0
scan 600 450 61 0 0 0 0 0 0 0 0
scan 600 450 62 0 0 0 0 0 0 0 0
scan 600 450 63 0 0 0 0 0 0 0 0
scan 600 450 64 0 0 0 0 0 0 0 0
scan 600 450 65 0 0 0 0 0 0 0 0
scan 600 450 66 0 0 0 0 0 0 0 0
scan 600 450 67 0 0 0 0 0 0 0 0
scan 600 450 68 0 0 0 0 0 0 0 0
scan 600 450 69 0 0 0 0 0 0 0 0
scan 600 450 70 0 0 0 0 0 0 0 0
scan 600 450 71 0 0 0 0 0 0 0 0
scan 600 450 72 0 0 0 0 0 0 0 0
scan 600 450 73 0 0 0 0 0 0 0 0
scan 600 450 74 0 0 0 0 0 0 0 0
scan 600 450 165 0 0 0 0 0 0 0 0 0
scan 600 450 166 0 0 0 0 0 0 0 0 0
scan 600 450 167 0 0 0 0 0 0 0 0 0
scan 600 450 168 0 0 0 0 0 0 0 0 0
scan 600 450 169 0 0 0 0 0 0 0 0 0
scan 600 450 170 0 0 0 0 0 0 0 0 0
scan 600 450 171 0 0 0 0 0 0 0 0 0
scan 600 450 172 0 0 0 0 0 0 0 0 0
scan 600 450 173 0 0 0 0 0 0 0 0 0
scan 600 450 174 0 0 0 0 0 0 0 0 0
scan 600 450 175 0 0 0 0 0 0 0 0 0
scan 600 450 176 0 0 0 0 0 0 0 0 0
scan 600 450 177 0 0 0 0 0 0 0 0 0
scan 600 450 178 0 0 0 0 0 0 0 0 0
scan 600 450 179 0 0 0 0 0 0 0 0 0
