850 100 0.000467488
scan 850 100 0 1.63621e-07 0 6.18429e-08 4.90863e-09 4.90863e-09 4.90863e-09 8.18104e-09 9.81725e-09 1.27841e-07
scan 850 100 1 5.37611e-07 0 1.121e-07 1.61283e-08 1.61283e-08 1.61283e-08 2.68806e-08 3.22567e-08 4.20049e-07
scan 850 100 2 3.73991e-07 0 9.34976e-08 1.12197e-08 1.12197e-08 1.12197e-08 1.86995e-08 2.24394e-08 2.92208e-07
scan 850 100 3 3.03867e-07 0 8.42776e-08 9.11602e-09 9.11602e-09 9.11602e-09 1.51934e-08 1.8232e-08 2.37419e-07
scan 850 100 4 2.31407e-06 0 2.32572e-07 6.9422e-08 6.9422e-08 6.9422e-08 1.15703e-07 1.38844e-07 1.80804e-06
scan 850 100 5 2.33744e-08 0 2.33744e-08 7.01232e-10 7.01232e-10 7.01232e-10 1.16872e-09 1.40246e-09 1.8263e-08
scan 850 100 6 4.67488e-08 0 3.30564e-08 1.40246e-09 1.40246e-09 1.40246e-09 2.33744e-09 2.80493e-09 3.6526e-08
scan 850 100 7 1.16872e-07 0 5.22668e-08 3.50616e-09 3.50616e-09 3.50616e-09 5.8436e-09 7.01232e-09 9.13149e-08
scan 850 100 8 9.34976e-08 0 4.67488e-08 2.80493e-09 2.80493e-09 2.80493e-09 4.67488e-09 5.60986e-09 7.30519e-08
scan 850 100 9 1.0051e-06 0 1.53276e-07 3.0153e-08 3.0153e-08 3.0153e-08 5.0255e-08 6.0306e-08 7.85308e-07
scan 850 100 10 7.01232e-08 0 4.04857e-08 2.1037e-09 2.1037e-09 2.1037e-09 3.50616e-09 4.20739e-09 5.47889e-08
scan 850 100 11 2.57119e-07 0 7.75242e-08 7.71356e-09 7.71356e-09 7.71356e-09 1.28559e-08 1.54271e-08 2.00893e-07
scan 850 100 12 8.41479e-07 0 1.40246e-07 2.52444e-08 2.52444e-08 2.52444e-08 4.20739e-08 5.04887e-08 6.57467e-07
scan 850 100 13 8.41479e-07 0 1.40246e-07 2.52444e-08 2.52444e-08 2.52444e-08 4.20739e-08 5.04887e-08 6.57467e-07
scan 850 100 14 1.50531e-05 0 5.93176e-07 4.51594e-07 4.51594e-07 4.51594e-07 7.52656e-07 9.03187e-07 1.17614e-05
scan 850 100 15 4.67488e-08 0 3.30564e-08 1.40246e-09 1.40246e-09 1.40246e-09 2.33744e-09 2.80493e-09 3.6526e-08
scan 850 100 16 1.86995e-07 0 6.61128e-08 5.60986e-09 5.60986e-09 5.60986e-09 9.34976e-09 1.12197e-08 1.46104e-07
scan 850 100 17 4.44114e-07 0 1.01887e-07 1.33234e-08 1.33234e-08 1.33234e-08 2.22057e-08 2.66468e-08 3.46997e-07
scan 850 100 18 2.57119e-07 0 7.75242e-08 7.71356e-09 7.71356e-09 7.71356e-09 1.28559e-08 1.54271e-08 2.00893e-07
scan 850 100 19 3.1088e-06 0 2.69567e-07 9.32639e-08 9.32639e-08 9.32639e-08 1.5544e-07 1.86528e-07 2.42898e-06
scan 850 100 20 7.01232e-08 0 4.04857e-08 2.1037e-09 2.1037e-09 2.1037e-09 3.50616e-09 4.20739e-09 5.47889e-08
scan 850 100 21 1.16872e-07 0 5.22668e-08 3.50616e-09 3.50616e-09 3.50616e-09 5.8436e-09 7.01232e-09 9.13149e-08
scan 850 100 22 4.67488e-08 0 3.30564e-08 1.40246e-09 1.40246e-09 1.40246e-09 2.33744e-09 2.80493e-09 3.6526e-08
scan 850 100 23 9.34976e-08 0 4.67488e-08 2.80493e-09 2.80493e-09 2.80493e-09 4.67488e-09 5.60986e-09 7.30519e-08
scan 850 100 24 1.19209e-06 0 1.66927e-07 3.57628e-08 3.57628e-08 3.57628e-08 5.96047e-08 7.15257e-08 9.31412e-07
scan 850 100 25 0 0 0 0 0 0 0 0 0
scan 850 100 26 2.57119e-07 0 7.75242e-08 7.71356e-09 7.71356e-09 7.71356e-09 1.28559e-08 1.54271e-08 2.00893e-07
scan 850 100 27 3.97365e-07 0 9.63752e-08 1.19209e-08 1.19209e-08 1.19209e-08 1.98682e-08 2.38419e-08 3.10471e-07
scan 850 100 28 4.44114e-07 0 1.01887e-07 1.33234e-08 1.33234e-08 1.33234e-08 2.22057e-08 2.66468e-08 3.46997e-07
scan 850 100 29 1.33702e-05 0 5.59035e-07 4.01105e-07 4.01105e-07 4.01105e-07 6.68508e-07 8.0221e-07 1.04464e-05
scan 850 100 30 5.8436e-07 0 1.16872e-07 1.75308e-08 1.75308e-08 1.75308e-08 2.9218e-08 3.50616e-08 4.56575e-07
scan 850 100 31 1.0986e-06 0 1.60247e-07 3.29579e-08 3.29579e-08 3.29579e-08 5.49299e-08 6.59158e-08 8.5836e-07
scan 850 100 32 1.40246e-06 0 1.81057e-07 4.20739e-08 4.20739e-08 4.20739e-08 7.01232e-08 8.41479e-08 1.09578e-06
scan 850 100 33 2.43094e-06 0 2.38373e-07 7.29282e-08 7.29282e-08 7.29282e-08 1.21547e-07 1.45856e-07 1.89935e-06
scan 850 100 34 1.81619e-05 0 6.51555e-07 5.44858e-07 5.44858e-07 5.44858e-07 9.08096e-07 1.08972e-06 1.41903e-05
scan 850 100 35 1.86995e-07 0 6.61128e-08 5.60986e-09 5.60986e-09 5.60986e-09 9.34976e-09 1.12197e-08 1.46104e-07
scan 850 100 36 2.57119e-07 0 7.75242e-08 7.71356e-09 7.71356e-09 7.71356e-09 1.28559e-08 1.54271e-08 2.00893e-07
scan 850 100 37 4.44114e-07 0 1.01887e-07 1.33234e-08 1.33234e-08 1.33234e-08 2.22057e-08 2.66468e-08 3.46997e-07
scan 850 100 38 7.24607e-07 0 1.30143e-07 2.17382e-08 2.17382e-08 2.17382e-08 3.62303e-08 4.34764e-08 5.66152e-07
scan 850 100 39 6.54484e-06 0 3.91129e-07 1.96345e-07 1.96345e-07 1.96345e-07 3.27242e-07 3.9269e-07 5.11364e-06
scan 850 100 40 3.03867e-07 0 8.42776e-08 9.11602e-09 9.11602e-09 9.11602e-09 1.51934e-08 1.8232e-08 2.37419e-07
scan 850 100 41 1.42584e-06 0 1.8256e-07 4.27752e-08 4.27752e-08 4.27752e-08 7.1292e-08 8.55503e-08 1.11404e-06
scan 850 100 42 2.03357e-06 0 2.18022e-07 6.10072e-08 6.10072e-08 6.10072e-08 1.01679e-07 1.22014e-07 1.58888e-06
scan 850 100 43 3.34254e-06 0 2.79517e-07 1.00276e-07 1.00276e-07 1.00276e-07 1.67127e-07 2.00552e-07 2.61161e-06
scan 850 100 44 6.03294e-05 0 1.1875e-06 1.80988e-06 1.80988e-06 1.80988e-06 3.01647e-06 3.61976e-06 4.71368e-05
scan 850 100 45 2.33744e-08 0 2.33744e-08 7.01232e-10 7.01232e-10 7.01232e-10 1.16872e-09 1.40246e-09 1.8263e-08
scan 850 100 46 9.34976e-08 0 4.67488e-08 2.80493e-09 2.80493e-09 2.80493e-09 4.67488e-09 5.60986e-09 7.30519e-08
scan 850 100 47 2.33744e-08 0 2.33744e-08 7.01232e-10 7.01232e-10 7.01232e-10 1.16872e-09 1.40246e-09 1.8263e-08
scan 850 100 48 0 0 0 0 0 0 0 0 0
scan 850 100 49 2.33744e-08 0 2.33744e-08 7.01232e-10 7.01232e-10 7.01232e-10 1.16872e-09 1.40246e-09 1.8263e-08
scan 850 100 50 0 0 0 0 0 0 0 0 0
scan 850 100 51 4.67488e-08 0 3.30564e-08 1.40246e-09 1.40246e-09 1.40246e-09 2.33744e-09 2.80493e-09 3.6526e-08
scan 850 100 52 0 0 0 0 0 0 0 0 0
scan 850 100 53 0 0 0 0 0 0 0 0 0
scan 850 100 54 0 0 0 0 0 0 0 0 0
scan 850 100 55 0 0 0 0 0 0 0 0 0
scan 850 100 56 0 0 0 0 0 0 0 0 0
scan 850 100 57 7.01232e-08 0 4.04857e-08 2.1037e-09 2.1037e-09 2.1037e-09 3.50616e-09 4.20739e-09 5.47889e-08
scan 850 100 58 4.67488e-08 0 3.30564e-08 1.40246e-09 1.40246e-09 1.40246e-09 2.33744e-09 2.80493e-09 3.6526e-08
scan 850 100 59 2.1037e-07 0 7.01232e-08 6.31109e-09 6.31109e-09 6.31109e-09 1.05185e-08 1.26222e-08 1.64367e-07
scan 850 100 60 0 0 0 0 0 0 0 0
scan 850 100 61 0 0 0 0 0 0 0 0
scan 850 100 62 0 0 0 0 0 0 0 0
scan 850 100 63 0 0 0 0 0 0 0 0
scan 850 100 64 0 0 0 0 0 0 0 0
scan 850 100 65 0 0 0 0 0 0 0 0
scan 850 100 66 0 0 0 0 0 0 0 0
scan 850 100 67 0 0 0 0 0 0 0 0
scan 850 100 68 0 0 0 0 0 0 0 0
scan 850 100 69 0 0 0 0 0 0 0 0
scan 850 100 70 0 0 0 0 0 0 0 0
scan 850 100 71 0 0 0 0 0 0 0 0
scan 850 100 72 0 0 0 0 0 0 0 0
scan 850 100 73 0 0 0 0 0 0 0 0
scan 850 100 74 0 0 0 0 0 0 0 0
scan 850 100 75 0 0 0 0 0 0 0 0 0
scan 850 100 76 0 0 0 0 0 0 0 0 0
scan 850 100 77 0 0 0 0 0 0 0 0 0
scan 850 100 78 0 0 0 0 0 0 0 0 0
scan 850 100 79 2.33744e-08 0 2.33744e-08 7.01232e-10 7.01232e-10 7.01232e-10 1.16872e-09 1.40246e-09 1.8263e-08
scan 850 100 80 0 0 0 0 0 0 0 0 0
scan 850 100 81 0 0 0 0 0 0 0 0 0
scan 850 100 82 0 0 0 0 0 0 0 0 0
scan 850 100 83 0 0 0 0 0 0 0 0 0
scan 850 100 84 0 0 0 0 0 0 0 0 0
scan 850 100 85 0 0 0 0 0 0 0 0 0
scan 850 100 86 0 0 0 0 0 0 0 0 0
scan 850 100 87 0 0 0 0 0 0 0 0 0
scan 850 100 88 2.33744e-08 0 2.33744e-08 7.01232e-10 7.01232e-10 7.01232e-10 1.16872e-09 1.40246e-09 1.8263e-08
scan 850 100 89 2.33744e-07 0 7.39164e-08 7.01232e-09 7.01232e-09 7.01232e-09 1.16872e-08 1.40246e-08 1.8263e-07
scan 850 100 90 7.01232e-08 0 4.04857e-08 2.1037e-09 2.1037e-09 2.1037e-09 3.50616e-09 4.20739e-09 5.47889e-08
scan 850 100 91 9.34976e-08 0 4.67488e-08 2.80493e-09 2.80493e-09 2.80493e-09 4.67488e-09 5.60986e-09 7.30519e-08
scan 850 100 92 1.16872e-07 0 5.22668e-08 3.50616e-09 3.50616e-09 3.50616e-09 5.8436e-09 7.01232e-09 9.13149e-08
scan 850 100 93 1.16872e-07 0 5.22668e-08 3.50616e-09 3.50616e-09 3.50616e-09 5.8436e-09 7.01232e-09 9.13149e-08
scan 850 100 94 1.63621e-07 0 6.18429e-08 4.90863e-09 4.90863e-09 4.90863e-09 8.18104e-09 9.81725e-09 1.27841e-07
scan 850 100 95 2.33744e-08 0 2.33744e-08 7.01232e-10 7.01232e-10 7.01232e-10 1.16872e-09 1.40246e-09 1.8263e-08
scan 850 100 96 4.67488e-08 0 3.30564e-08 1.40246e-09 1.40246e-09 1.40246e-09 2.33744e-09 2.80493e-09 3.6526e-08
scan 850 100 97 2.33744e-08 0 2.33744e-08 7.01232e-10 7.01232e-10 7.01232e-10 1.16872e-09 1.40246e-09 1.8263e-08
scan 850 100 98 2.33744e-08 0 2.33744e-08 7.01232e-10 7.01232e-10 7.01232e-10 1.16872e-09 1.40246e-09 1.8263e-08
scan 850 100 99 2.33744e-08 0 2.33744e-08 7.01232e-10 7.01232e-10 7.01232e-10 1.16872e-09 1.40246e-09 1.8263e-08
scan 850 100 100 0 0 0 0 0 0 0 0 0
scan 850 100 101 4.67488e-08 0 3.30564e-08 1.40246e-09 1.40246e-09 1.40246e-09 2.33744e-09 2.80493e-09 3.6526e-08
scan 850 100 102 1.63621e-07 0 6.18429e-08 4.90863e-09 4.90863e-09 4.90863e-09 8.18104e-09 9.81725e-09 1.27841e-07
scan 850 100 103 1.63621e-07 0 6.18429e-08 4.90863e-09 4.90863e-09 4.90863e-09 8.18104e-09 9.81725e-09 1.27841e-07
scan 850 100 104 1.07522e-06 0 1.58533e-07 3.22567e-08 3.22567e-08 3.22567e-08 5.37611e-08 6.45134e-08 8.40097e-07
scan 850 100 60 0 0 0 0 0 0 0 0
scan 850 100 61 0 0 0 0 0 0 0 0
scan 850 100 62 0 0 0 0 0 0 0 0
scan 850 100 63 0 0 0 0 0 0 0 0
scan 850 100 64 0 0 0 0 0 0 0 0
scan 850 100 65 0 0 0 0 0 0 0 0
scan 850 100 66 0 0 0 0 0 0 0 0
scan 850 100 67 0 0 0 0 0 0 0 0
scan 850 100 68 0 0 0 0 0 0 0 0
scan 850 100 69 0 0 0 0 0 0 0 0
scan 850 100 70 0 0 0 0 0 0 0 0
scan 850 100 71 0 0 0 0 0 0 0 0
scan 850 100 72 0 0 0 0 0 0 0 0
scan 850 100 73 0 0 0 0 0 0 0 0
scan 850 100 74 0 0 0 0 0 0 0 0
scan 850 100 120 0 0 0 0 0 0 0 0 0
scan 850 100 121 0 0 0 0 0 0 0 0 0
scan 850 100 122 4.67488e-08 0 3.30564e-08 1.40246e-09 1.40246e-09 1.40246e-09 2.33744e-09 2.80493e-09 3.6526e-08
scan 850 100 123 1.16872e-07 0 5.22668e-08 3.50616e-09 3.50616e-09 3.50616e-09 5.8436e-09 7.01232e-09 9.13149e-08
scan 850 100 124 9.34976e-08 0 4.67488e-08 2.80493e-09 2.80493e-09 2.80493e-09 4.67488e-09 5.60986e-09 7.30519e-08
scan 850 100 125 0 0 0 0 0 0 0 0 0
scan 850 100 126 0 0 0 0 0 0 0 0 0
scan 850 100 127 0 0 0 0 0 0 0 0 0
scan 850 100 128 0 0 0 0 0 0 0 0 0
scan 850 100 129 4.67488e-08 0 3.30564e-08 1.40246e-09 1.40246e-09 1.40246e-09 2.33744e-09 2.80493e-09 3.6526e-08
scan 850 100 130 0 0 0 0 0 0 0 0 0
scan 850 100 131 2.33744e-08 0 2.33744e-08 7.01232e-10 7.01232e-10 7.01232e-10 1.16872e-09 1.40246e-09 1.8263e-08
scan 850 100 132 2.33744e-08 0 2.33744e-08 7.01232e-10 7.01232e-10 7.01232e-10 1.16872e-09 1.40246e-09 1.8263e-08
scan 850 100 133 0 0 0 0 0 0 0 0 0
scan 850 100 134 5.60986e-07 0 1.14511e-07 1.68296e-08 1.68296e-08 1.68296e-08 2.80493e-08 3.36592e-08 4.38312e-07
scan 850 100 135 7.01232e-08 0 4.04857e-08 2.1037e-09 2.1037e-09 2.1037e-09 3.50616e-09 4.20739e-09 5.47889e-08
scan 850 100 136 4.67488e-08 0 3.30564e-08 1.40246e-09 1.40246e-09 1.40246e-09 2.33744e-09 2.80493e-09 3.6526e-08
scan 850 100 137 7.01232e-08 0 4.04857e-08 2.1037e-09 2.1037e-09 2.1037e-09 3.50616e-09 4.20739e-09 5.47889e-08
scan 850 100 138 0 0 0 0 0 0 0 0 0
scan 850 100 139 2.57119e-07 0 7.75242e-08 7.71356e-09 7.71356e-09 7.71356e-09 1.28559e-08 1.54271e-08 2.00893e-07
scan 850 100 140 2.33744e-08 0 2.33744e-08 7.01232e-10 7.01232e-10 7.01232e-10 1.16872e-09 1.40246e-09 1.8263e-08
scan 850 100 141 0 0 0 0 0 0 0 0 0
scan 850 100 142 0 0 0 0 0 0 0 0 0
scan 850 100 143 0 0 0 0 0 0 0 0 0
scan 850 100 144 9.34976e-08 0 4.67488e-08 2.80493e-09 2.80493e-09 2.80493e-09 4.67488e-09 5.60986e-09 7.30519e-08
scan 850 100 145 0 0 0 0 0 0 0 0 0
scan 850 100 146 0 0 0 0 0 0 0 0 0
scan 850 100 147 0 0 0 0 0 0 0 0 0
scan 850 100 148 7.01232e-08 0 4.04857e-08 2.1037e-09 2.1037e-09 2.1037e-09 3.50616e-09 4.20739e-09 5.47889e-08
scan 850 100 149 6.07735e-07 0 1.19187e-07 1.8232e-08 1.8232e-08 1.8232e-08 3.03867e-08 3.64641e-08 4.74838e-07
scan 850 100 60 0 0 0 0 0 0 0 0
scan 850 100 61 0 0 0 0 0 0 0 0
scan 850 100 62 0 0 0 0 0 0 0 0
scan 850 100 63 0 0 0 0 0 0 0 0
scan 850 100 64 0 0 0 0 0 0 0 0
scan 850 100 65 0 0 0 0 0 0 0 0
scan 850 100 66 0 0 0 0 0 0 0 0
scan 850 100 67 0 0 0 0 0 0 0 0
scan 850 100 68 0 0 0 0 0 0 0 0
scan 850 100 69 0 0 0 0 0 0 0 0
scan 850 100 70 0 0 0 0 0 0 0 0
scan 850 100 71 0 0 0 0 0 0 0 0
scan 850 100 72 0 0 0 0 0 0 0 0
scan 850 100 73 0 0 0 0 0 0 0 0
scan 850 100 74 0 0 0 0 0 0 0 0
scan 850 100 165 4.67488e-08 0 3.30564e-08 1.40246e-09 1.40246e-09 1.40246e-09 2.33744e-09 2.80493e-09 3.6526e-08
scan 850 100 166 2.33744e-08 0 2.33744e-08 7.01232e-10 7.01232e-10 7.01232e-10 1.16872e-09 1.40246e-09 1.8263e-08
scan 850 100 167 9.34976e-08 0 4.67488e-08 2.80493e-09 2.80493e-09 2.80493e-09 4.67488e-09 5.60986e-09 7.30519e-08
scan 850 100 168 2.33744e-08 0 2.33744e-08 7.01232e-10 7.01232e-10 7.01232e-10 1.16872e-09 1.40246e-09 1.8263e-08
scan 850 100 169 7.01232e-08 0 4.04857e-08 2.1037e-09 2.1037e-09 2.1037e-09 3.50616e-09 4.20739e-09 5.47889e-08
scan 850 100 170 0 0 0 0 0 0 0 0 0
scan 850 100 171 0 0 0 0 0 0 0 0 0
scan 850 100 172 0 0 0 0 0 0 0 0 0
scan 850 100 173 0 0 0 0 0 0 0 0 0
scan 850 100 174 2.33744e-08 0 2.33744e-08 7.01232e-10 7.01232e-10 7.01232e-10 1.16872e-09 1.40246e-09 1.8263e-08
scan 850 100 175 0 0 0 0 0 0 0 0 0
scan 850 100 176 2.33744e-08 0 2.33744e-08 7.01232e-10 7.01232e-10 7.01232e-10 1.16872e-09 1.40246e-09 1.8263e-08
scan 850 100 177 0 0 0 0 0 0 0 0 0
scan 850 100 178 0 0 0 0 0 0 0 0 0
scan 850 100 179 3.50616e-07 0 9.05287e-08 1.05185e-08 1.05185e-08 1.05185e-08 1.75308e-08 2.1037e-08 2.73945e-07
