700 100 0.00185119
scan 700 100 0 2.40679e-06 0 4.72011e-07 7.22037e-08 7.22037e-08 7.22037e-08 1.2034e-07 1.44407e-07 1.85999e-06
scan 700 100 1 1.57367e-06 0 3.81671e-07 4.72101e-08 4.72101e-08 4.72101e-08 7.86836e-08 9.44203e-08 1.21615e-06
scan 700 100 2 2.49936e-06 0 4.81002e-07 7.49808e-08 7.49808e-08 7.49808e-08 1.24968e-07 1.49962e-07 1.93153e-06
scan 700 100 3 2.6845e-06 0 4.98499e-07 8.05349e-08 8.05349e-08 8.05349e-08 1.34225e-07 1.6107e-07 2.0746e-06
scan 700 100 4 1.37002e-05 0 1.12615e-06 4.11006e-07 4.11006e-07 4.11006e-07 6.8501e-07 8.22012e-07 1.05876e-05
scan 700 100 5 9.25689e-08 0 9.25689e-08 2.77707e-09 2.77707e-09 2.77707e-09 4.62844e-09 5.55413e-09 7.1538e-08
scan 700 100 6 3.70276e-07 0 1.85138e-07 1.11083e-08 1.11083e-08 1.11083e-08 1.85138e-08 2.22165e-08 2.86152e-07
scan 700 100 7 9.25689e-08 0 9.25689e-08 2.77707e-09 2.77707e-09 2.77707e-09 4.62844e-09 5.55413e-09 7.1538e-08
scan 700 100 8 9.25689e-08 0 9.25689e-08 2.77707e-09 2.77707e-09 2.77707e-09 4.62844e-09 5.55413e-09 7.1538e-08
scan 700 100 9 5.46156e-06 0 7.11035e-07 1.63847e-07 1.63847e-07 1.63847e-07 2.73078e-07 3.27694e-07 4.22074e-06
scan 700 100 10 1.85138e-07 0 1.30912e-07 5.55413e-09 5.55413e-09 5.55413e-09 9.25689e-09 1.11083e-08 1.43076e-07
scan 700 100 11 2.31422e-06 0 4.62844e-07 6.94267e-08 6.94267e-08 6.94267e-08 1.15711e-07 1.38853e-07 1.78845e-06
scan 700 100 12 3.70276e-06 0 5.85457e-07 1.11083e-07 1.11083e-07 1.11083e-07 1.85138e-07 2.22165e-07 2.86152e-06
scan 700 100 13 5.55413e-06 0 7.17036e-07 1.66624e-07 1.66624e-07 1.66624e-07 2.77707e-07 3.33248e-07 4.29228e-06
scan 700 100 14 5.40602e-05 0 2.23703e-06 1.62181e-06 1.62181e-06 1.62181e-06 2.70301e-06 3.24361e-06 4.17782e-05
scan 700 100 15 7.40551e-07 0 2.61824e-07 2.22165e-08 2.22165e-08 2.22165e-08 3.70276e-08 4.44331e-08 5.72304e-07
scan 700 100 16 1.4811e-06 0 3.70276e-07 4.44331e-08 4.44331e-08 4.44331e-08 7.40551e-08 8.88661e-08 1.14461e-06
scan 700 100 17 3.88789e-06 0 5.99915e-07 1.16637e-07 1.16637e-07 1.16637e-07 1.94395e-07 2.33274e-07 3.0046e-06
scan 700 100 18 2.12908e-06 0 4.43945e-07 6.38725e-08 6.38725e-08 6.38725e-08 1.06454e-07 1.27745e-07 1.64537e-06
scan 700 100 19 1.9532e-05 0 1.34464e-06 5.85961e-07 5.85961e-07 5.85961e-07 9.76602e-07 1.17192e-06 1.50945e-05
scan 700 100 20 9.25689e-08 0 9.25689e-08 2.77707e-09 2.77707e-09 2.77707e-09 4.62844e-09 5.55413e-09 7.1538e-08
scan 700 100 21 1.85138e-07 0 1.30912e-07 5.55413e-09 5.55413e-09 5.55413e-09 9.25689e-09 1.11083e-08 1.43076e-07
scan 700 100 22 5.55413e-07 0 2.26747e-07 1.66624e-08 1.66624e-08 1.66624e-08 2.77707e-08 3.33248e-08 4.29228e-07
scan 700 100 23 1.57367e-06 0 3.81671e-07 4.72101e-08 4.72101e-08 4.72101e-08 7.86836e-08 9.44203e-08 1.21615e-06
scan 700 100 24 6.29468e-06 0 7.63343e-07 1.88841e-07 1.88841e-07 1.88841e-07 3.14734e-07 3.77681e-07 4.86458e-06
scan 700 100 25 7.40551e-07 0 2.61824e-07 2.22165e-08 2.22165e-08 2.22165e-08 3.70276e-08 4.44331e-08 5.72304e-07
scan 700 100 26 2.12908e-06 0 4.43945e-07 6.38725e-08 6.38725e-08 6.38725e-08 1.06454e-07 1.27745e-07 1.64537e-06
scan 700 100 27 2.77707e-06 0 5.07021e-07 8.3312e-08 8.3312e-08 8.3312e-08 1.38853e-07 1.66624e-07 2.14614e-06
scan 700 100 28 4.53588e-06 0 6.47982e-07 1.36076e-07 1.36076e-07 1.36076e-07 2.26794e-07 2.72153e-07 3.50536e-06
scan 700 100 29 5.02649e-05 0 2.15707e-06 1.50795e-06 1.50795e-06 1.50795e-06 2.51325e-06 3.01589e-06 3.88451e-05
scan 700 100 30 1.38853e-06 0 3.58518e-07 4.1656e-08 4.1656e-08 4.1656e-08 6.94267e-08 8.3312e-08 1.07307e-06
scan 700 100 31 5.83184e-06 0 7.34743e-07 1.74955e-07 1.74955e-07 1.74955e-07 2.91592e-07 3.4991e-07 4.50689e-06
scan 700 100 32 1.03677e-05 0 9.79657e-07 3.11031e-07 3.11031e-07 3.11031e-07 5.18386e-07 6.22063e-07 8.01225e-06
scan 700 100 33 1.28671e-05 0 1.09137e-06 3.86012e-07 3.86012e-07 3.86012e-07 6.43354e-07 7.72025e-07 9.94378e-06
scan 700 100 34 6.6557e-05 0 2.48216e-06 1.99671e-06 1.99671e-06 1.99671e-06 3.32785e-06 3.99342e-06 5.14358e-05
scan 700 100 35 7.40551e-07 0 2.61824e-07 2.22165e-08 2.22165e-08 2.22165e-08 3.70276e-08 4.44331e-08 5.72304e-07
scan 700 100 36 7.40551e-07 0 2.61824e-07 2.22165e-08 2.22165e-08 2.22165e-08 3.70276e-08 4.44331e-08 5.72304e-07
scan 700 100 37 1.85138e-06 0 4.13981e-07 5.55413e-08 5.55413e-08 5.55413e-08 9.25689e-08 1.11083e-07 1.43076e-06
scan 700 100 38 3.61019e-06 0 5.78093e-07 1.08306e-07 1.08306e-07 1.08306e-07 1.80509e-07 2.16611e-07 2.78998e-06
scan 700 100 39 2.44382e-05 0 1.50407e-06 7.33146e-07 7.33146e-07 7.33146e-07 1.22191e-06 1.46629e-06 1.8886e-05
scan 700 100 40 1.38853e-06 0 3.58518e-07 4.1656e-08 4.1656e-08 4.1656e-08 6.94267e-08 8.3312e-08 1.07307e-06
scan 700 100 41 5.369e-06 0 7.04984e-07 1.6107e-07 1.6107e-07 1.6107e-07 2.6845e-07 3.2214e-07 4.1492e-06
scan 700 100 42 1.01826e-05 0 9.70871e-07 3.05477e-07 3.05477e-07 3.05477e-07 5.09129e-07 6.10955e-07 7.86918e-06
scan 700 100 43 1.08306e-05 0 1.00129e-06 3.24917e-07 3.24917e-07 3.24917e-07 5.41528e-07 6.49834e-07 8.36994e-06
scan 700 100 44 0.000169216 0 3.95779e-06 5.07648e-06 5.07648e-06 5.07648e-06 8.4608e-06 1.0153e-05 0.000130771
scan 700 100 45 0 0 0 0 0 0 0 0 0
scan 700 100 46 3.70276e-07 0 1.85138e-07 1.11083e-08 1.11083e-08 1.11083e-08 1.85138e-08 2.22165e-08 2.86152e-07
scan 700 100 47 0 0 0 0 0 0 0 0 0
scan 700 100 48 1.85138e-07 0 1.30912e-07 5.55413e-09 5.55413e-09 5.55413e-09 9.25689e-09 1.11083e-08 1.43076e-07
scan 700 100 49 0 0 0 0 0 0 0 0 0
scan 700 100 50 0 0 0 0 0 0 0 0 0
scan 700 100 51 9.25689e-08 0 9.25689e-08 2.77707e-09 2.77707e-09 2.77707e-09 4.62844e-09 5.55413e-09 7.1538e-08
scan 700 100 52 0 0 0 0 0 0 0 0 0
scan 700 100 53 0 0 0 0 0 0 0 0 0
scan 700 100 54 1.85138e-07 0 1.30912e-07 5.55413e-09 5.55413e-09 5.55413e-09 9.25689e-09 1.11083e-08 1.43076e-07
scan 700 100 55 0 0 0 0 0 0 0 0 0
scan 700 100 56 9.25689e-08 0 9.25689e-08 2.77707e-09 2.77707e-09 2.77707e-09 4.62844e-09 5.55413e-09 7.1538e-08
scan 700 100 57 9.25689e-08 0 9.25689e-08 2.77707e-09 2.77707e-09 2.77707e-09 4.62844e-09 5.55413e-09 7.1538e-08
scan 700 100 58 2.77707e-07 0 1.60334e-07 8.3312e-09 8.3312e-09 8.3312e-09 1.38853e-08 1.66624e-08 2.14614e-07
scan 700 100 59 1.75881e-06 0 4.03498e-07 5.27643e-08 5.27643e-08 5.27643e-08 8.79404e-08 1.05529e-07 1.35922e-06
scan 700 100 60 0 0 0 0 0 0 0 0
scan 700 100 61 0 0 0 0 0 0 0 0
scan 700 100 62 0 0 0 0 0 0 0 0
scan 700 100 63 0 0 0 0 0 0 0 0
scan 700 100 64 0 0 0 0 0 0 0 0
scan 700 100 65 0 0 0 0 0 0 0 0
scan 700 100 66 0 0 0 0 0 0 0 0
scan 700 100 67 0 0 0 0 0 0 0 0
scan 700 100 68 0 0 0 0 0 0 0 0
scan 700 100 69 0 0 0 0 0 0 0 0
scan 700 100 70 0 0 0 0 0 0 0 0
scan 700 100 71 0 0 0 0 0 0 0 0
scan 700 100 72 0 0 0 0 0 0 0 0
scan 700 100 73 0 0 0 0 0 0 0 0
scan 700 100 74 0 0 0 0 0 0 0 0
scan 700 100 75 0 0 0 0 0 0 0 0 0
scan 700 100 76 0 0 0 0 0 0 0 0 0
scan 700 100 77 0 0 0 0 0 0 0 0 0
scan 700 100 78 0 0 0 0 0 0 0 0 0
scan 700 100 79 0 0 0 0 0 0 0 0 0
scan 700 100 80 0 0 0 0 0 0 0 0 0
scan 700 100 81 0 0 0 0 0 0 0 0 0
scan 700 100 82 0 0 0 0 0 0 0 0 0
scan 700 100 83 0 0 0 0 0 0 0 0 0
scan 700 100 84 0 0 0 0 0 0 0 0 0
scan 700 100 85 0 0 0 0 0 0 0 0 0
scan 700 100 86 9.25689e-08 0 9.25689e-08 2.77707e-09 2.77707e-09 2.77707e-09 4.62844e-09 5.55413e-09 7.1538e-08
scan 700 100 87 9.25689e-08 0 9.25689e-08 2.77707e-09 2.77707e-09 2.77707e-09 4.62844e-09 5.55413e-09 7.1538e-08
scan 700 100 88 9.25689e-08 0 9.25689e-08 2.77707e-09 2.77707e-09 2.77707e-09 4.62844e-09 5.55413e-09 7.1538e-08
scan 700 100 89 7.40551e-07 0 2.61824e-07 2.22165e-08 2.22165e-08 2.22165e-08 3.70276e-08 4.44331e-08 5.72304e-07
scan 700 100 90 3.70276e-07 0 1.85138e-07 1.11083e-08 1.11083e-08 1.11083e-08 1.85138e-08 2.22165e-08 2.86152e-07
scan 700 100 91 3.70276e-07 0 1.85138e-07 1.11083e-08 1.11083e-08 1.11083e-08 1.85138e-08 2.22165e-08 2.86152e-07
scan 700 100 92 4.62844e-07 0 2.0699e-07 1.38853e-08 1.38853e-08 1.38853e-08 2.31422e-08 2.77707e-08 3.5769e-07
scan 700 100 93 9.25689e-08 0 9.25689e-08 2.77707e-09 2.77707e-09 2.77707e-09 4.62844e-09 5.55413e-09 7.1538e-08
scan 700 100 94 4.62844e-07 0 2.0699e-07 1.38853e-08 1.38853e-08 1.38853e-08 2.31422e-08 2.77707e-08 3.5769e-07
scan 700 100 95 0 0 0 0 0 0 0 0 0
scan 700 100 96 0 0 0 0 0 0 0 0 0
scan 700 100 97 9.25689e-08 0 9.25689e-08 2.77707e-09 2.77707e-09 2.77707e-09 4.62844e-09 5.55413e-09 7.1538e-08
scan 700 100 98 0 0 0 0 0 0 0 0 0
scan 700 100 99 0 0 0 0 0 0 0 0 0
scan 700 100 100 0 0 0 0 0 0 0 0 0
scan 700 100 101 1.85138e-07 0 1.30912e-07 5.55413e-09 5.55413e-09 5.55413e-09 9.25689e-09 1.11083e-08 1.43076e-07
scan 700 100 102 5.55413e-07 0 2.26747e-07 1.66624e-08 1.66624e-08 1.66624e-08 2.77707e-08 3.33248e-08 4.29228e-07
scan 700 100 103 9.25689e-07 0 2.92729e-07 2.77707e-08 2.77707e-08 2.77707e-08 4.62844e-08 5.55413e-08 7.1538e-07
scan 700 100 104 2.77707e-06 0 5.07021e-07 8.3312e-08 8.3312e-08 8.3312e-08 1.38853e-07 1.66624e-07 2.14614e-06
scan 700 100 60 0 0 0 0 0 0 0 0
scan 700 100 61 0 0 0 0 0 0 0 0
scan 700 100 62 0 0 0 0 0 0 0 0
scan 700 100 63 0 0 0 0 0 0 0 0
scan 700 100 64 0 0 0 0 0 0 0 0
scan 700 100 65 0 0 0 0 0 0 0 0
scan 700 100 66 0 0 0 0 0 0 0 0
scan 700 100 67 0 0 0 0 0 0 0 0
scan 700 100 68 0 0 0 0 0 0 0 0
scan 700 100 69 0 0 0 0 0 0 0 0
scan 700 100 70 0 0 0 0 0 0 0 0
scan 700 100 71 0 0 0 0 0 0 0 0
scan 700 100 72 0 0 0 0 0 0 0 0
scan 700 100 73 0 0 0 0 0 0 0 0
scan 700 100 74 0 0 0 0 0 0 0 0
scan 700 100 120 0 0 0 0 0 0 0 0 0
scan 700 100 121 0 0 0 0 0 0 0 0 0
scan 700 100 122 9.25689e-08 0 9.25689e-08 2.77707e-09 2.77707e-09 2.77707e-09 4.62844e-09 5.55413e-09 7.1538e-08
scan 700 100 123 1.85138e-07 0 1.30912e-07 5.55413e-09 5.55413e-09 5.55413e-09 9.25689e-09 1.11083e-08 1.43076e-07
scan 700 100 124 9.25689e-08 0 9.25689e-08 2.77707e-09 2.77707e-09 2.77707e-09 4.62844e-09 5.55413e-09 7.1538e-08
scan 700 100 125 0 0 0 0 0 0 0 0 0
scan 700 100 126 0 0 0 0 0 0 0 0 0
scan 700 100 127 0 0 0 0 0 0 0 0 0
scan 700 100 128 0 0 0 0 0 0 0 0 0
scan 700 100 129 9.25689e-08 0 9.25689e-08 2.77707e-09 2.77707e-09 2.77707e-09 4.62844e-09 5.55413e-09 7.1538e-08
scan 700 100 130 0 0 0 0 0 0 0 0 0
scan 700 100 131 0 0 0 0 0 0 0 0 0
scan 700 100 132 1.85138e-07 0 1.30912e-07 5.55413e-09 5.55413e-09 5.55413e-09 9.25689e-09 1.11083e-08 1.43076e-07
scan 700 100 133 1.85138e-07 0 1.30912e-07 5.55413e-09 5.55413e-09 5.55413e-09 9.25689e-09 1.11083e-08 1.43076e-07
scan 700 100 134 1.11083e-06 0 3.20668e-07 3.33248e-08 3.33248e-08 3.33248e-08 5.55413e-08 6.66496e-08 8.58456e-07
scan 700 100 135 9.25689e-08 0 9.25689e-08 2.77707e-09 2.77707e-09 2.77707e-09 4.62844e-09 5.55413e-09 7.1538e-08
scan 700 100 136 4.62844e-07 0 2.0699e-07 1.38853e-08 1.38853e-08 1.38853e-08 2.31422e-08 2.77707e-08 3.5769e-07
scan 700 100 137 3.70276e-07 0 1.85138e-07 1.11083e-08 1.11083e-08 1.11083e-08 1.85138e-08 2.22165e-08 2.86152e-07
scan 700 100 138 1.85138e-07 0 1.30912e-07 5.55413e-09 5.55413e-09 5.55413e-09 9.25689e-09 1.11083e-08 1.43076e-07
scan 700 100 139 4.62844e-07 0 2.0699e-07 1.38853e-08 1.38853e-08 1.38853e-08 2.31422e-08 2.77707e-08 3.5769e-07
scan 700 100 140 0 0 0 0 0 0 0 0 0
scan 700 100 141 9.25689e-08 0 9.25689e-08 2.77707e-09 2.77707e-09 2.77707e-09 4.62844e-09 5.55413e-09 7.1538e-08
scan 700 100 142 1.85138e-07 0 1.30912e-07 5.55413e-09 5.55413e-09 5.55413e-09 9.25689e-09 1.11083e-08 1.43076e-07
scan 700 100 143 9.25689e-08 0 9.25689e-08 2.77707e-09 2.77707e-09 2.77707e-09 4.62844e-09 5.55413e-09 7.1538e-08
scan 700 100 144 2.77707e-07 0 1.60334e-07 8.3312e-09 8.3312e-09 8.3312e-09 1.38853e-08 1.66624e-08 2.14614e-07
scan 700 100 145 0 0 0 0 0 0 0 0 0
scan 700 100 146 9.25689e-08 0 9.25689e-08 2.77707e-09 2.77707e-09 2.77707e-09 4.62844e-09 5.55413e-09 7.1538e-08
scan 700 100 147 0 0 0 0 0 0 0 0 0
scan 700 100 148 3.70276e-07 0 1.85138e-07 1.11083e-08 1.11083e-08 1.11083e-08 1.85138e-08 2.22165e-08 2.86152e-07
scan 700 100 149 1.38853e-06 0 3.58518e-07 4.1656e-08 4.1656e-08 4.1656e-08 6.94267e-08 8.3312e-08 1.07307e-06
scan 700 100 60 0 0 0 0 0 0 0 0
scan 700 100 61 0 0 0 0 0 0 0 0
scan 700 100 62 0 0 0 0 0 0 0 0
scan 700 100 63 0 0 0 0 0 0 0 0
scan 700 100 64 0 0 0 0 0 0 0 0
scan 700 100 65 0 0 0 0 0 0 0 0
scan 700 100 66 0 0 0 0 0 0 0 0
scan 700 100 67 0 0 0 0 0 0 0 0
scan 700 100 68 0 0 0 0 0 0 0 0
scan 700 100 69 0 0 0 0 0 0 0 0
scan 700 100 70 0 0 0 0 0 0 0 0
scan 700 100 71 0 0 0 0 0 0 0 0
scan 700 100 72 0 0 0 0 0 0 0 0
scan 700 100 73 0 0 0 0 0 0 0 0
scan 700 100 74 0 0 0 0 0 0 0 0
scan 700 100 165 9.25689e-08 0 9.25689e-08 2.77707e-09 2.77707e-09 2.77707e-09 4.62844e-09 5.55413e-09 7.1538e-08
scan 700 100 166 0 0 0 0 0 0 0 0 0
scan 700 100 167 9.25689e-08 0 9.25689e-08 2.77707e-09 2.77707e-09 2.77707e-09 4.62844e-09 5.55413e-09 7.1538e-08
scan 700 100 168 0 0 0 0 0 0 0 0 0
scan 700 100 169 1.85138e-07 0 1.30912e-07 5.55413e-09 5.55413e-09 5.55413e-09 9.25689e-09 1.11083e-08 1.43076e-07
scan 700 100 170 0 0 0 0 0 0 0 0 0
scan 700 100 171 0 0 0 0 0 0 0 0 0
scan 700 100 172 0 0 0 0 0 0 0 0 0
scan 700 100 173 9.25689e-08 0 9.25689e-08 2.77707e-09 2.77707e-09 2.77707e-09 4.62844e-09 5.55413e-09 7.1538e-08
scan 700 100 174 9.25689e-08 0 9.25689e-08 2.77707e-09 2.77707e-09 2.77707e-09 4.62844e-09 5.55413e-09 7.1538e-08
scan 700 100 175 0 0 0 0 0 0 0 0 0
scan 700 100 176 0 0 0 0 0 0 0 0 0
scan 700 100 177 0 0 0 0 0 0 0 0 0
scan 700 100 178 0 0 0 0 0 0 0 0 0
scan 700 100 179 5.55413e-07 0 2.26747e-07 1.66624e-08 1.66624e-08 1.66624e-08 2.77707e-08 3.33248e-08 4.29228e-07
