850 550 0.000467488
scan 850 550 0 5.14314e-07 0 1.09652e-07 1.54294e-08 1.54294e-08 1.54294e-08 2.57157e-08 3.08589e-08 4.01846e-07
scan 850 550 1 9.35117e-07 0 1.47855e-07 2.80535e-08 2.80535e-08 2.80535e-08 4.67558e-08 5.6107e-08 7.30629e-07
scan 850 550 2 1.12214e-06 0 1.61967e-07 3.36642e-08 3.36642e-08 3.36642e-08 5.6107e-08 6.73284e-08 8.76755e-07
scan 850 550 3 1.54294e-06 0 1.89923e-07 4.62883e-08 4.62883e-08 4.62883e-08 7.71471e-08 9.25766e-08 1.20554e-06
scan 850 550 4 5.28341e-06 0 3.51447e-07 1.58502e-07 1.58502e-07 1.58502e-07 2.6417e-07 3.17005e-07 4.12805e-06
scan 850 550 5 1.40268e-07 0 5.7264e-08 4.20803e-09 4.20803e-09 4.20803e-09 7.01338e-09 8.41605e-09 1.09594e-07
scan 850 550 6 1.63645e-07 0 6.18522e-08 4.90936e-09 4.90936e-09 4.90936e-09 8.18227e-09 9.81873e-09 1.2786e-07
scan 850 550 7 1.63645e-07 0 6.18522e-08 4.90936e-09 4.90936e-09 4.90936e-09 8.18227e-09 9.81873e-09 1.2786e-07
scan 850 550 8 7.01338e-08 0 4.04917e-08 2.10401e-09 2.10401e-09 2.10401e-09 3.50669e-09 4.20803e-09 5.47972e-08
scan 850 550 9 6.07826e-07 0 1.19204e-07 1.82348e-08 1.82348e-08 1.82348e-08 3.03913e-08 3.64696e-08 4.74909e-07
scan 850 550 10 7.01338e-08 0 4.04917e-08 2.10401e-09 2.10401e-09 2.10401e-09 3.50669e-09 4.20803e-09 5.47972e-08
scan 850 550 11 8.41605e-07 0 1.40268e-07 2.52482e-08 2.52482e-08 2.52482e-08 4.20803e-08 5.04963e-08 6.57566e-07
scan 850 550 12 1.33254e-06 0 1.76499e-07 3.99762e-08 3.99762e-08 3.99762e-08 6.66271e-08 7.99525e-08 1.04115e-06
scan 850 550 13 1.65983e-06 0 1.96986e-07 4.9795e-08 4.9795e-08 4.9795e-08 8.29916e-08 9.95899e-08 1.29687e-06
scan 850 550 14 1.11513e-05 0 5.10581e-07 3.34538e-07 3.34538e-07 3.34538e-07 5.57563e-07 6.69076e-07 8.71275e-06
scan 850 550 15 5.6107e-07 0 1.14528e-07 1.68321e-08 1.68321e-08 1.68321e-08 2.80535e-08 3.36642e-08 4.38377e-07
scan 850 550 16 1.28579e-06 0 1.73375e-07 3.85736e-08 3.85736e-08 3.85736e-08 6.42893e-08 7.71471e-08 1.00461e-06
scan 850 550 17 2.15077e-06 0 2.24233e-07 6.45231e-08 6.45231e-08 6.45231e-08 1.07538e-07 1.29046e-07 1.68045e-06
scan 850 550 18 2.03388e-06 0 2.18055e-07 6.10164e-08 6.10164e-08 6.10164e-08 1.01694e-07 1.22033e-07 1.58912e-06
scan 850 550 19 5.89124e-06 0 3.71113e-07 1.76737e-07 1.76737e-07 1.76737e-07 2.94562e-07 3.53474e-07 4.60296e-06
scan 850 550 20 1.63645e-07 0 6.18522e-08 4.90936e-09 4.90936e-09 4.90936e-09 8.18227e-09 9.81873e-09 1.2786e-07
scan 850 550 21 1.87023e-07 0 6.61227e-08 5.6107e-09 5.6107e-09 5.6107e-09 9.35117e-09 1.12214e-08 1.46126e-07
scan 850 550 22 2.10401e-07 0 7.01338e-08 6.31204e-09 6.31204e-09 6.31204e-09 1.05201e-08 1.26241e-08 1.64392e-07
scan 850 550 23 2.57157e-07 0 7.75358e-08 7.71471e-09 7.71471e-09 7.71471e-09 1.28579e-08 1.54294e-08 2.00923e-07
scan 850 550 24 4.4418e-07 0 1.01902e-07 1.33254e-08 1.33254e-08 1.33254e-08 2.2209e-08 2.66508e-08 3.47049e-07
scan 850 550 25 9.35117e-08 0 4.67558e-08 2.80535e-09 2.80535e-09 2.80535e-09 4.67558e-09 5.6107e-09 7.30629e-08
scan 850 550 26 7.71471e-07 0 1.34296e-07 2.31441e-08 2.31441e-08 2.31441e-08 3.85736e-08 4.62883e-08 6.02769e-07
scan 850 550 27 1.8001e-06 0 2.0514e-07 5.4003e-08 5.4003e-08 5.4003e-08 9.0005e-08 1.08006e-07 1.40646e-06
scan 850 550 28 2.17415e-06 0 2.25448e-07 6.52244e-08 6.52244e-08 6.52244e-08 1.08707e-07 1.30449e-07 1.69871e-06
scan 850 550 29 1.26708e-05 0 5.44259e-07 3.80125e-07 3.80125e-07 3.80125e-07 6.33542e-07 7.6025e-07 9.90002e-06
scan 850 550 30 2.10401e-07 0 7.01338e-08 6.31204e-09 6.31204e-09 6.31204e-09 1.05201e-08 1.26241e-08 1.64392e-07
scan 850 550 31 8.41605e-07 0 1.40268e-07 2.52482e-08 2.52482e-08 2.52482e-08 4.20803e-08 5.04963e-08 6.57566e-07
scan 850 550 32 9.81873e-07 0 1.51506e-07 2.94562e-08 2.94562e-08 2.94562e-08 4.90936e-08 5.89124e-08 7.6716e-07
scan 850 550 33 1.63645e-06 0 1.95594e-07 4.90936e-08 4.90936e-08 4.90936e-08 8.18227e-08 9.81873e-08 1.2786e-06
scan 850 550 34 2.969e-06 0 2.63456e-07 8.90699e-08 8.90699e-08 8.90699e-08 1.4845e-07 1.7814e-07 2.31975e-06
scan 850 550 35 9.35117e-08 0 4.67558e-08 2.80535e-09 2.80535e-09 2.80535e-09 4.67558e-09 5.6107e-09 7.30629e-08
scan 850 550 36 1.40268e-07 0 5.7264e-08 4.20803e-09 4.20803e-09 4.20803e-09 7.01338e-09 8.41605e-09 1.09594e-07
scan 850 550 37 7.01338e-08 0 4.04917e-08 2.10401e-09 2.10401e-09 2.10401e-09 3.50669e-09 4.20803e-09 5.47972e-08
scan 850 550 38 1.40268e-07 0 5.7264e-08 4.20803e-09 4.20803e-09 4.20803e-09 7.01338e-09 8.41605e-09 1.09594e-07
scan 850 550 39 4.67558e-07 0 1.04549e-07 1.40268e-08 1.40268e-08 1.40268e-08 2.33779e-08 2.80535e-08 3.65314e-07
scan 850 550 40 2.33779e-08 0 2.33779e-08 7.01338e-10 7.01338e-10 7.01338e-10 1.1689e-09 1.40268e-09 1.82657e-08
scan 850 550 41 4.20803e-07 0 9.91841e-08 1.26241e-08 1.26241e-08 1.26241e-08 2.10401e-08 2.52482e-08 3.28783e-07
scan 850 550 42 7.94849e-07 0 1.36316e-07 2.38455e-08 2.38455e-08 2.38455e-08 3.97425e-08 4.7691e-08 6.21035e-07
scan 850 550 43 1.21565e-06 0 1.68581e-07 3.64696e-08 3.64696e-08 3.64696e-08 6.07826e-08 7.29391e-08 9.49818e-07
scan 850 550 44 7.36404e-06 0 4.14917e-07 2.20921e-07 2.20921e-07 2.20921e-07 3.68202e-07 4.41843e-07 5.7537e-06
scan 850 550 45 0 0 0 0 0 0 0 0 0
scan 850 550 46 0 0 0 0 0 0 0 0 0
scan 850 550 47 0 0 0 0 0 0 0 0 0
scan 850 550 48 0 0 0 0 0 0 0 0 0
scan 850 550 49 0 0 0 0 0 0 0 0 0
scan 850 550 50 0 0 0 0 0 0 0 0 0
scan 850 550 51 0 0 0 0 0 0 0 0 0
scan 850 550 52 0 0 0 0 0 0 0 0 0
scan 850 550 53 0 0 0 0 0 0 0 0 0
scan 850 550 54 0 0 0 0 0 0 0 0 0
scan 850 550 55 0 0 0 0 0 0 0 0 0
scan 850 550 56 2.33779e-08 0 2.33779e-08 7.01338e-10 7.01338e-10 7.01338e-10 1.1689e-09 1.40268e-09 1.82657e-08
scan 850 550 57 4.67558e-08 0 3.30614e-08 1.40268e-09 1.40268e-09 1.40268e-09 2.33779e-09 2.80535e-09 3.65314e-08
scan 850 550 58 2.33779e-08 0 2.33779e-08 7.01338e-10 7.01338e-10 7.01338e-10 1.1689e-09 1.40268e-09 1.82657e-08
scan 850 550 59 4.67558e-08 0 3.30614e-08 1.40268e-09 1.40268e-09 1.40268e-09 2.33779e-09 2.80535e-09 3.65314e-08
scan 850 550 60 0 0 0 0 0 0 0 0
scan 850 550 61 0 0 0 0 0 0 0 0
scan 850 550 62 0 0 0 0 0 0 0 0
scan 850 550 63 0 0 0 0 0 0 0 0
scan 850 550 64 0 0 0 0 0 0 0 0
scan 850 550 65 0 0 0 0 0 0 0 0
scan 850 550 66 0 0 0 0 0 0 0 0
scan 850 550 67 0 0 0 0 0 0 0 0
scan 850 550 68 0 0 0 0 0 0 0 0
scan 850 550 69 0 0 0 0 0 0 0 0
scan 850 550 70 0 0 0 0 0 0 0 0
scan 850 550 71 0 0 0 0 0 0 0 0
scan 850 550 72 0 0 0 0 0 0 0 0
scan 850 550 73 0 0 0 0 0 0 0 0
scan 850 550 74 0 0 0 0 0 0 0 0
scan 850 550 75 0 0 0 0 0 0 0 0 0
scan 850 550 76 0 0 0 0 0 0 0 0 0
scan 850 550 77 0 0 0 0 0 0 0 0 0
scan 850 550 78 0 0 0 0 0 0 0 0 0
scan 850 550 79 0 0 0 0 0 0 0 0 0
scan 850 550 80 0 0 0 0 0 0 0 0 0
scan 850 550 81 2.33779e-08 0 2.33779e-08 7.01338e-10 7.01338e-10 7.01338e-10 1.1689e-09 1.40268e-09 1.82657e-08
scan 850 550 82 0 0 0 0 0 0 0 0 0
scan 850 550 83 0 0 0 0 0 0 0 0 0
scan 850 550 84 0 0 0 0 0 0 0 0 0
scan 850 550 85 0 0 0 0 0 0 0 0 0
scan 850 550 86 0 0 0 0 0 0 0 0 0
scan 850 550 87 0 0 0 0 0 0 0 0 0
scan 850 550 88 0 0 0 0 0 0 0 0 0
scan 850 550 89 7.01338e-08 0 4.04917e-08 2.10401e-09 2.10401e-09 2.10401e-09 3.50669e-09 4.20803e-09 5.47972e-08
scan 850 550 90 0 0 0 0 0 0 0 0 0
scan 850 550 91 4.67558e-08 0 3.30614e-08 1.40268e-09 1.40268e-09 1.40268e-09 2.33779e-09 2.80535e-09 3.65314e-08
scan 850 550 92 0 0 0 0 0 0 0 0 0
scan 850 550 93 2.33779e-08 0 2.33779e-08 7.01338e-10 7.01338e-10 7.01338e-10 1.1689e-09 1.40268e-09 1.82657e-08
scan 850 550 94 2.33779e-08 0 2.33779e-08 7.01338e-10 7.01338e-10 7.01338e-10 1.1689e-09 1.40268e-09 1.82657e-08
scan 850 550 95 0 0 0 0 0 0 0 0 0
scan 850 550 96 0 0 0 0 0 0 0 0 0
scan 850 550 97 0 0 0 0 0 0 0 0 0
scan 850 550 98 0 0 0 0 0 0 0 0 0
scan 850 550 99 0 0 0 0 0 0 0 0 0
scan 850 550 100 0 0 0 0 0 0 0 0 0
scan 850 550 101 2.33779e-08 0 2.33779e-08 7.01338e-10 7.01338e-10 7.01338e-10 1.1689e-09 1.40268e-09 1.82657e-08
scan 850 550 102 7.01338e-08 0 4.04917e-08 2.10401e-09 2.10401e-09 2.10401e-09 3.50669e-09 4.20803e-09 5.47972e-08
scan 850 550 103 4.67558e-08 0 3.30614e-08 1.40268e-09 1.40268e-09 1.40268e-09 2.33779e-09 2.80535e-09 3.65314e-08
scan 850 550 104 2.10401e-07 0 7.01338e-08 6.31204e-09 6.31204e-09 6.31204e-09 1.05201e-08 1.26241e-08 1.64392e-07
scan 850 550 60 0 0 0 0 0 0 0 0
scan 850 550 61 0 0 0 0 0 0 0 0
scan 850 550 62 0 0 0 0 0 0 0 0
scan 850 550 63 0 0 0 0 0 0 0 0
scan 850 550 64 0 0 0 0 0 0 0 0
scan 850 550 65 0 0 0 0 0 0 0 0
scan 850 550 66 0 0 0 0 0 0 0 0
scan 850 550 67 0 0 0 0 0 0 0 0
scan 850 550 68 0 0 0 0 0 0 0 0
scan 850 550 69 0 0 0 0 0 0 0 0
scan 850 550 70 0 0 0 0 0 0 0 0
scan 850 550 71 0 0 0 0 0 0 0 0
scan 850 550 72 0 0 0 0 0 0 0 0
scan 850 550 73 0 0 0 0 0 0 0 0
scan 850 550 74 0 0 0 0 0 0 0 0
scan 850 550 120 0 0 0 0 0 0 0 0 0
scan 850 550 121 0 0 0 0 0 0 0 0 0
scan 850 550 122 0 0 0 0 0 0 0 0 0
scan 850 550 123 0 0 0 0 0 0 0 0 0
scan 850 550 124 0 0 0 0 0 0 0 0 0
scan 850 550 125 0 0 0 0 0 0 0 0 0
scan 850 550 126 0 0 0 0 0 0 0 0 0
scan 850 550 127 0 0 0 0 0 0 0 0 0
scan 850 550 128 0 0 0 0 0 0 0 0 0
scan 850 550 129 0 0 0 0 0 0 0 0 0
scan 850 550 130 2.33779e-08 0 2.33779e-08 7.01338e-10 7.01338e-10 7.01338e-10 1.1689e-09 1.40268e-09 1.82657e-08
scan 850 550 131 2.33779e-08 0 2.33779e-08 7.01338e-10 7.01338e-10 7.01338e-10 1.1689e-09 1.40268e-09 1.82657e-08
scan 850 550 132 0 0 0 0 0 0 0 0 0
scan 850 550 133 0 0 0 0 0 0 0 0 0
scan 850 550 134 0 0 0 0 0 0 0 0 0
scan 850 550 135 0 0 0 0 0 0 0 0 0
scan 850 550 136 0 0 0 0 0 0 0 0 0
scan 850 550 137 0 0 0 0 0 0 0 0 0
scan 850 550 138 2.33779e-08 0 2.33779e-08 7.01338e-10 7.01338e-10 7.01338e-10 1.1689e-09 1.40268e-09 1.82657e-08
scan 850 550 139 0 0 0 0 0 0 0 0 0
scan 850 550 140 0 0 0 0 0 0 0 0 0
scan 850 550 141 2.33779e-08 0 2.33779e-08 7.01338e-10 7.01338e-10 7.01338e-10 1.1689e-09 1.40268e-09 1.82657e-08
scan 850 550 142 0 0 0 0 0 0 0 0 0
scan 850 550 143 2.33779e-08 0 2.33779e-08 7.01338e-10 7.01338e-10 7.01338e-10 1.1689e-09 1.40268e-09 1.82657e-08
scan 850 550 144 2.33779e-08 0 2.33779e-08 7.01338e-10 7.01338e-10 7.01338e-10 1.1689e-09 1.40268e-09 1.82657e-08
scan 850 550 145 0 0 0 0 0 0 0 0 0
scan 850 550 146 2.33779e-08 0 2.33779e-08 7.01338e-10 7.01338e-10 7.01338e-10 1.1689e-09 1.40268e-09 1.82657e-08
scan 850 550 147 0 0 0 0 0 0 0 0 0
scan 850 550 148 2.33779e-08 0 2.33779e-08 7.01338e-10 7.01338e-10 7.01338e-10 1.1689e-09 1.40268e-09 1.82657e-08
scan 850 550 149 1.40268e-07 0 5.7264e-08 4.20803e-09 4.20803e-09 4.20803e-09 7.01338e-09 8.41605e-09 1.09594e-07
scan 850 550 60 0 0 0 0 0 0 0 0
scan 850 550 61 0 0 0 0 0 0 0 0
scan 850 550 62 0 0 0 0 0 0 0 0
scan 850 550 63 0 0 0 0 0 0 0 0
scan 850 550 64 0 0 0 0 0 0 0 0
scan 850 550 65 0 0 0 0 0 0 0 0
scan 850 550 66 0 0 0 0 0 0 0 0
scan 850 550 67 0 0 0 0 0 0 0 0
scan 850 550 68 0 0 0 0 0 0 0 0
scan 850 550 69 0 0 0 0 0 0 0 0
scan 850 550 70 0 0 0 0 0 0 0 0
scan 850 550 71 0 0 0 0 0 0 0 0
scan 850 550 72 0 0 0 0 0 0 0 0
scan 850 550 73 0 0 0 0 0 0 0 0
scan 850 550 74 0 0 0 0 0 0 0 0
scan 850 550 165 0 0 0 0 0 0 0 0 0
scan 850 550 166 0 0 0 0 0 0 0 0 0
scan 850 550 167 0 0 0 0 0 0 0 0 0
scan 850 550 168 0 0 0 0 0 0 0 0 0
scan 850 550 169 0 0 0 0 0 0 0 0 0
scan 850 550 170 0 0 0 0 0 0 0 0 0
scan 850 550 171 0 0 0 0 0 0 0 0 0
scan 850 550 172 0 0 0 0 0 0 0 0 0
scan 850 550 173 0 0 0 0 0 0 0 0 0
scan 850 550 174 4.67558e-08 0 3.30614e-08 1.40268e-09 1.40268e-09 1.40268e-09 2.33779e-09 2.80535e-09 3.65314e-08
scan 850 550 175 0 0 0 0 0 0 0 0 0
scan 850 550 176 0 0 0 0 0 0 0 0 0
scan 850 550 177 0 0 0 0 0 0 0 0 0
scan 850 550 178 0 0 0 0 0 0 0 0 0
scan 850 550 179 7.01338e-08 0 4.04917e-08 2.10401e-09 2.10401e-09 2.10401e-09 3.50669e-09 4.20803e-09 5.47972e-08
