950 400 0.000189909
scan 950 400 0 8.54676e-08 0 2.84892e-08 2.56403e-09 2.56403e-09 2.56403e-09 4.27338e-09 5.12806e-09 6.71263e-08
scan 950 400 1 1.42446e-07 0 3.67794e-08 4.27338e-09 4.27338e-09 4.27338e-09 7.1223e-09 8.54676e-09 1.11877e-07
scan 950 400 2 1.13957e-07 0 3.28965e-08 3.4187e-09 3.4187e-09 3.4187e-09 5.69784e-09 6.83741e-09 8.95017e-08
scan 950 400 3 1.0446e-07 0 3.1496e-08 3.13381e-09 3.13381e-09 3.13381e-09 5.22302e-09 6.26763e-09 8.20433e-08
scan 950 400 4 1.36748e-06 0 1.13957e-07 4.10245e-08 4.10245e-08 4.10245e-08 6.83741e-08 8.20489e-08 1.07402e-06
scan 950 400 5 9.4964e-09 0 9.4964e-09 2.84892e-10 2.84892e-10 2.84892e-10 4.7482e-10 5.69784e-10 7.45848e-09
scan 950 400 6 3.79856e-08 0 1.89928e-08 1.13957e-09 1.13957e-09 1.13957e-09 1.89928e-09 2.27914e-09 2.98339e-08
scan 950 400 7 4.7482e-08 0 2.12346e-08 1.42446e-09 1.42446e-09 1.42446e-09 2.3741e-09 2.84892e-09 3.72924e-08
scan 950 400 8 1.23453e-07 0 3.42398e-08 3.7036e-09 3.7036e-09 3.7036e-09 6.17266e-09 7.40719e-09 9.69602e-08
scan 950 400 9 5.12806e-07 0 6.9784e-08 1.53842e-08 1.53842e-08 1.53842e-08 2.56403e-08 3.07683e-08 4.02758e-07
scan 950 400 10 9.4964e-09 0 9.4964e-09 2.84892e-10 2.84892e-10 2.84892e-10 4.7482e-10 5.69784e-10 7.45848e-09
scan 950 400 11 1.42446e-07 0 3.67794e-08 4.27338e-09 4.27338e-09 4.27338e-09 7.1223e-09 8.54676e-09 1.11877e-07
scan 950 400 12 3.22878e-07 0 5.53731e-08 9.68633e-09 9.68633e-09 9.68633e-09 1.61439e-08 1.93727e-08 2.53588e-07
scan 950 400 13 5.31798e-07 0 7.10646e-08 1.5954e-08 1.5954e-08 1.5954e-08 2.65899e-08 3.19079e-08 4.17675e-07
scan 950 400 14 5.64086e-06 0 2.31447e-07 1.69226e-07 1.69226e-07 1.69226e-07 2.82043e-07 3.38452e-07 4.43034e-06
scan 950 400 15 7.59712e-08 0 2.68599e-08 2.27914e-09 2.27914e-09 2.27914e-09 3.79856e-09 4.55827e-09 5.96678e-08
scan 950 400 16 1.80432e-07 0 4.13939e-08 5.41295e-09 5.41295e-09 5.41295e-09 9.02158e-09 1.08259e-08 1.41711e-07
scan 950 400 17 2.08921e-07 0 4.45421e-08 6.26763e-09 6.26763e-09 6.26763e-09 1.0446e-08 1.25353e-08 1.64087e-07
scan 950 400 18 2.46906e-07 0 4.84223e-08 7.40719e-09 7.40719e-09 7.40719e-09 1.23453e-08 1.48144e-08 1.9392e-07
scan 950 400 19 1.62388e-06 0 1.24182e-07 4.87165e-08 4.87165e-08 4.87165e-08 8.11942e-08 9.74331e-08 1.2754e-06
scan 950 400 20 1.89928e-08 0 1.34299e-08 5.69784e-10 5.69784e-10 5.69784e-10 9.4964e-10 1.13957e-09 1.4917e-08
scan 950 400 21 3.79856e-08 0 1.89928e-08 1.13957e-09 1.13957e-09 1.13957e-09 1.89928e-09 2.27914e-09 2.98339e-08
scan 950 400 22 1.89928e-08 0 1.34299e-08 5.69784e-10 5.69784e-10 5.69784e-10 9.4964e-10 1.13957e-09 1.4917e-08
scan 950 400 23 4.7482e-08 0 2.12346e-08 1.42446e-09 1.42446e-09 1.42446e-09 2.3741e-09 2.84892e-09 3.72924e-08
scan 950 400 24 7.88201e-07 0 8.65163e-08 2.3646e-08 2.3646e-08 2.3646e-08 3.94101e-08 4.72921e-08 6.19054e-07
scan 950 400 25 1.89928e-08 0 1.34299e-08 5.69784e-10 5.69784e-10 5.69784e-10 9.4964e-10 1.13957e-09 1.4917e-08
scan 950 400 26 1.42446e-07 0 3.67794e-08 4.27338e-09 4.27338e-09 4.27338e-09 7.1223e-09 8.54676e-09 1.11877e-07
scan 950 400 27 2.3741e-07 0 4.7482e-08 7.1223e-09 7.1223e-09 7.1223e-09 1.18705e-08 1.42446e-08 1.86462e-07
scan 950 400 28 3.22878e-07 0 5.53731e-08 9.68633e-09 9.68633e-09 9.68633e-09 1.61439e-08 1.93727e-08 2.53588e-07
scan 950 400 29 5.0236e-06 0 2.18417e-07 1.50708e-07 1.50708e-07 1.50708e-07 2.5118e-07 3.01416e-07 3.94554e-06
scan 950 400 30 1.89928e-07 0 4.24692e-08 5.69784e-09 5.69784e-09 5.69784e-09 9.4964e-09 1.13957e-08 1.4917e-07
scan 950 400 31 3.7036e-07 0 5.9305e-08 1.11108e-08 1.11108e-08 1.11108e-08 1.8518e-08 2.22216e-08 2.90881e-07
scan 950 400 32 6.0777e-07 0 7.59712e-08 1.82331e-08 1.82331e-08 1.82331e-08 3.03885e-08 3.64662e-08 4.77343e-07
scan 950 400 33 7.1223e-07 0 8.22413e-08 2.13669e-08 2.13669e-08 2.13669e-08 3.56115e-08 4.27338e-08 5.59386e-07
scan 950 400 34 6.80892e-06 0 2.54284e-07 2.04268e-07 2.04268e-07 2.04268e-07 3.40446e-07 4.08535e-07 5.34773e-06
scan 950 400 35 4.7482e-08 0 2.12346e-08 1.42446e-09 1.42446e-09 1.42446e-09 2.3741e-09 2.84892e-09 3.72924e-08
scan 950 400 36 1.13957e-07 0 3.28965e-08 3.4187e-09 3.4187e-09 3.4187e-09 5.69784e-09 6.83741e-09 8.95017e-08
scan 950 400 37 1.42446e-07 0 3.67794e-08 4.27338e-09 4.27338e-09 4.27338e-09 7.1223e-09 8.54676e-09 1.11877e-07
scan 950 400 38 2.56403e-07 0 4.93448e-08 7.69209e-09 7.69209e-09 7.69209e-09 1.28201e-08 1.53842e-08 2.01379e-07
scan 950 400 39 2.6495e-06 0 1.58621e-07 7.94849e-08 7.94849e-08 7.94849e-08 1.32475e-07 1.5897e-07 2.08092e-06
scan 950 400 40 5.69784e-08 0 2.32613e-08 1.70935e-09 1.70935e-09 1.70935e-09 2.84892e-09 3.4187e-09 4.47509e-08
scan 950 400 41 4.17842e-07 0 6.2992e-08 1.25353e-08 1.25353e-08 1.25353e-08 2.08921e-08 2.50705e-08 3.28173e-07
scan 950 400 42 8.54676e-07 0 9.00908e-08 2.56403e-08 2.56403e-08 2.56403e-08 4.27338e-08 5.12806e-08 6.71263e-07
scan 950 400 43 1.12058e-06 0 1.03157e-07 3.36173e-08 3.36173e-08 3.36173e-08 5.60288e-08 6.72345e-08 8.80101e-07
scan 950 400 44 1.89833e-05 0 4.24586e-07 5.69499e-07 5.69499e-07 5.69499e-07 9.49165e-07 1.139e-06 1.49095e-05
scan 950 400 45 9.4964e-09 0 9.4964e-09 2.84892e-10 2.84892e-10 2.84892e-10 4.7482e-10 5.69784e-10 7.45848e-09
scan 950 400 46 9.4964e-09 0 9.4964e-09 2.84892e-10 2.84892e-10 2.84892e-10 4.7482e-10 5.69784e-10 7.45848e-09
scan 950 400 47 9.4964e-09 0 9.4964e-09 2.84892e-10 2.84892e-10 2.84892e-10 4.7482e-10 5.69784e-10 7.45848e-09
scan 950 400 48 9.4964e-09 0 9.4964e-09 2.84892e-10 2.84892e-10 2.84892e-10 4.7482e-10 5.69784e-10 7.45848e-09
scan 950 400 49 3.79856e-08 0 1.89928e-08 1.13957e-09 1.13957e-09 1.13957e-09 1.89928e-09 2.27914e-09 2.98339e-08
scan 950 400 50 0 0 0 0 0 0 0 0 0
scan 950 400 51 0 0 0 0 0 0 0 0 0
scan 950 400 52 0 0 0 0 0 0 0 0 0
scan 950 400 53 0 0 0 0 0 0 0 0 0
scan 950 400 54 0 0 0 0 0 0 0 0 0
scan 950 400 55 0 0 0 0 0 0 0 0 0
scan 950 400 56 9.4964e-09 0 9.4964e-09 2.84892e-10 2.84892e-10 2.84892e-10 4.7482e-10 5.69784e-10 7.45848e-09
scan 950 400 57 1.89928e-08 0 1.34299e-08 5.69784e-10 5.69784e-10 5.69784e-10 9.4964e-10 1.13957e-09 1.4917e-08
scan 950 400 58 4.7482e-08 0 2.12346e-08 1.42446e-09 1.42446e-09 1.42446e-09 2.3741e-09 2.84892e-09 3.72924e-08
scan 950 400 59 1.0446e-07 0 3.1496e-08 3.13381e-09 3.13381e-09 3.13381e-09 5.22302e-09 6.26763e-09 8.20433e-08
scan 950 400 60 0 0 0 0 0 0 0 0
scan 950 400 61 0 0 0 0 0 0 0 0
scan 950 400 62 0 0 0 0 0 0 0 0
scan 950 400 63 0 0 0 0 0 0 0 0
scan 950 400 64 0 0 0 0 0 0 0 0
scan 950 400 65 0 0 0 0 0 0 0 0
scan 950 400 66 0 0 0 0 0 0 0 0
scan 950 400 67 0 0 0 0 0 0 0 0
scan 950 400 68 0 0 0 0 0 0 0 0
scan 950 400 69 0 0 0 0 0 0 0 0
scan 950 400 70 0 0 0 0 0 0 0 0
scan 950 400 71 0 0 0 0 0 0 0 0
scan 950 400 72 0 0 0 0 0 0 0 0
scan 950 400 73 0 0 0 0 0 0 0 0
scan 950 400 74 0 0 0 0 0 0 0 0
scan 950 400 75 0 0 0 0 0 0 0 0 0
scan 950 400 76 0 0 0 0 0 0 0 0 0
scan 950 400 77 0 0 0 0 0 0 0 0 0
scan 950 400 78 0 0 0 0 0 0 0 0 0
scan 950 400 79 0 0 0 0 0 0 0 0 0
scan 950 400 80 0 0 0 0 0 0 0 0 0
scan 950 400 81 0 0 0 0 0 0 0 0 0
scan 950 400 82 0 0 0 0 0 0 0 0 0
scan 950 400 83 0 0 0 0 0 0 0 0 0
scan 950 400 84 0 0 0 0 0 0 0 0 0
scan 950 400 85 0 0 0 0 0 0 0 0 0
scan 950 400 86 0 0 0 0 0 0 0 0 0
scan 950 400 87 0 0 0 0 0 0 0 0 0
scan 950 400 88 9.4964e-09 0 9.4964e-09 2.84892e-10 2.84892e-10 2.84892e-10 4.7482e-10 5.69784e-10 7.45848e-09
scan 950 400 89 4.7482e-08 0 2.12346e-08 1.42446e-09 1.42446e-09 1.42446e-09 2.3741e-09 2.84892e-09 3.72924e-08
scan 950 400 90 9.4964e-09 0 9.4964e-09 2.84892e-10 2.84892e-10 2.84892e-10 4.7482e-10 5.69784e-10 7.45848e-09
scan 950 400 91 1.89928e-08 0 1.34299e-08 5.69784e-10 5.69784e-10 5.69784e-10 9.4964e-10 1.13957e-09 1.4917e-08
scan 950 400 92 2.84892e-08 0 1.64483e-08 8.54676e-10 8.54676e-10 8.54676e-10 1.42446e-09 1.70935e-09 2.23754e-08
scan 950 400 93 9.4964e-09 0 9.4964e-09 2.84892e-10 2.84892e-10 2.84892e-10 4.7482e-10 5.69784e-10 7.45848e-09
scan 950 400 94 3.79856e-08 0 1.89928e-08 1.13957e-09 1.13957e-09 1.13957e-09 1.89928e-09 2.27914e-09 2.98339e-08
scan 950 400 95 0 0 0 0 0 0 0 0 0
scan 950 400 96 1.89928e-08 0 1.34299e-08 5.69784e-10 5.69784e-10 5.69784e-10 9.4964e-10 1.13957e-09 1.4917e-08
scan 950 400 97 0 0 0 0 0 0 0 0 0
scan 950 400 98 1.89928e-08 0 1.34299e-08 5.69784e-10 5.69784e-10 5.69784e-10 9.4964e-10 1.13957e-09 1.4917e-08
scan 950 400 99 9.4964e-09 0 9.4964e-09 2.84892e-10 2.84892e-10 2.84892e-10 4.7482e-10 5.69784e-10 7.45848e-09
scan 950 400 100 9.4964e-09 0 9.4964e-09 2.84892e-10 2.84892e-10 2.84892e-10 4.7482e-10 5.69784e-10 7.45848e-09
scan 950 400 101 1.89928e-08 0 1.34299e-08 5.69784e-10 5.69784e-10 5.69784e-10 9.4964e-10 1.13957e-09 1.4917e-08
scan 950 400 102 9.4964e-09 0 9.4964e-09 2.84892e-10 2.84892e-10 2.84892e-10 4.7482e-10 5.69784e-10 7.45848e-09
scan 950 400 103 2.84892e-08 0 1.64483e-08 8.54676e-10 8.54676e-10 8.54676e-10 1.42446e-09 1.70935e-09 2.23754e-08
scan 950 400 104 2.46906e-07 0 4.84223e-08 7.40719e-09 7.40719e-09 7.40719e-09 1.23453e-08 1.48144e-08 1.9392e-07
scan 950 400 60 0 0 0 0 0 0 0 0
scan 950 400 61 0 0 0 0 0 0 0 0
scan 950 400 62 0 0 0 0 0 0 0 0
scan 950 400 63 0 0 0 0 0 0 0 0
scan 950 400 64 0 0 0 0 0 0 0 0
scan 950 400 65 0 0 0 0 0 0 0 0
scan 950 400 66 0 0 0 0 0 0 0 0
scan 950 400 67 0 0 0 0 0 0 0 0
scan 950 400 68 0 0 0 0 0 0 0 0
scan 950 400 69 0 0 0 0 0 0 0 0
scan 950 400 70 0 0 0 0 0 0 0 0
scan 950 400 71 0 0 0 0 0 0 0 0
scan 950 400 72 0 0 0 0 0 0 0 0
scan 950 400 73 0 0 0 0 0 0 0 0
scan 950 400 74 0 0 0 0 0 0 0 0
scan 950 400 120 9.4964e-09 0 9.4964e-09 2.84892e-10 2.84892e-10 2.84892e-10 4.7482e-10 5.69784e-10 7.45848e-09
scan 950 400 121 0 0 0 0 0 0 0 0 0
scan 950 400 122 0 0 0 0 0 0 0 0 0
scan 950 400 123 9.4964e-09 0 9.4964e-09 2.84892e-10 2.84892e-10 2.84892e-10 4.7482e-10 5.69784e-10 7.45848e-09
scan 950 400 124 6.64748e-08 0 2.51251e-08 1.99424e-09 1.99424e-09 1.99424e-09 3.32374e-09 3.98849e-09 5.22094e-08
scan 950 400 125 0 0 0 0 0 0 0 0 0
scan 950 400 126 0 0 0 0 0 0 0 0 0
scan 950 400 127 0 0 0 0 0 0 0 0 0
scan 950 400 128 0 0 0 0 0 0 0 0 0
scan 950 400 129 0 0 0 0 0 0 0 0 0
scan 950 400 130 0 0 0 0 0 0 0 0 0
scan 950 400 131 0 0 0 0 0 0 0 0 0
scan 950 400 132 9.4964e-09 0 9.4964e-09 2.84892e-10 2.84892e-10 2.84892e-10 4.7482e-10 5.69784e-10 7.45848e-09
scan 950 400 133 0 0 0 0 0 0 0 0 0
scan 950 400 134 7.59712e-08 0 2.68599e-08 2.27914e-09 2.27914e-09 2.27914e-09 3.79856e-09 4.55827e-09 5.96678e-08
scan 950 400 135 2.84892e-08 0 1.64483e-08 8.54676e-10 8.54676e-10 8.54676e-10 1.42446e-09 1.70935e-09 2.23754e-08
scan 950 400 136 9.4964e-09 0 9.4964e-09 2.84892e-10 2.84892e-10 2.84892e-10 4.7482e-10 5.69784e-10 7.45848e-09
scan 950 400 137 9.4964e-09 0 9.4964e-09 2.84892e-10 2.84892e-10 2.84892e-10 4.7482e-10 5.69784e-10 7.45848e-09
scan 950 400 138 1.89928e-08 0 1.34299e-08 5.69784e-10 5.69784e-10 5.69784e-10 9.4964e-10 1.13957e-09 1.4917e-08
scan 950 400 139 4.7482e-08 0 2.12346e-08 1.42446e-09 1.42446e-09 1.42446e-09 2.3741e-09 2.84892e-09 3.72924e-08
scan 950 400 140 0 0 0 0 0 0 0 0 0
scan 950 400 141 9.4964e-09 0 9.4964e-09 2.84892e-10 2.84892e-10 2.84892e-10 4.7482e-10 5.69784e-10 7.45848e-09
scan 950 400 142 0 0 0 0 0 0 0 0 0
scan 950 400 143 1.89928e-08 0 1.34299e-08 5.69784e-10 5.69784e-10 5.69784e-10 9.4964e-10 1.13957e-09 1.4917e-08
scan 950 400 144 2.84892e-08 0 1.64483e-08 8.54676e-10 8.54676e-10 8.54676e-10 1.42446e-09 1.70935e-09 2.23754e-08
scan 950 400 145 0 0 0 0 0 0 0 0 0
scan 950 400 146 0 0 0 0 0 0 0 0 0
scan 950 400 147 0 0 0 0 0 0 0 0 0
scan 950 400 148 0 0 0 0 0 0 0 0 0
scan 950 400 149 1.23453e-07 0 3.42398e-08 3.7036e-09 3.7036e-09 3.7036e-09 6.17266e-09 7.40719e-09 9.69602e-08
scan 950 400 60 0 0 0 0 0 0 0 0
scan 950 400 61 0 0 0 0 0 0 0 0
scan 950 400 62 0 0 0 0 0 0 0 0
scan 950 400 63 0 0 0 0 0 0 0 0
scan 950 400 64 0 0 0 0 0 0 0 0
scan 950 400 65 0 0 0 0 0 0 0 0
scan 950 400 66 0 0 0 0 0 0 0 0
scan 950 400 67 0 0 0 0 0 0 0 0
scan 950 400 68 0 0 0 0 0 0 0 0
scan 950 400 69 0 0 0 0 0 0 0 0
scan 950 400 70 0 0 0 0 0 0 0 0
scan 950 400 71 0 0 0 0 0 0 0 0
scan 950 400 72 0 0 0 0 0 0 0 0
scan 950 400 73 0 0 0 0 0 0 0 0
scan 950 400 74 0 0 0 0 0 0 0 0
scan 950 400 165 0 0 0 0 0 0 0 0 0
scan 950 400 166 0 0 0 0 0 0 0 0 0
scan 950 400 167 9.4964e-09 0 9.4964e-09 2.84892e-10 2.84892e-10 2.84892e-10 4.7482e-10 5.69784e-10 7.45848e-09
scan 950 400 168 1.89928e-08 0 1.34299e-08 5.69784e-10 5.69784e-10 5.69784e-10 9.4964e-10 1.13957e-09 1.4917e-08
scan 950 400 169 1.89928e-08 0 1.34299e-08 5.69784e-10 5.69784e-10 5.69784e-10 9.4964e-10 1.13957e-09 1.4917e-08
scan 950 400 170 0 0 0 0 0 0 0 0 0
scan 950 400 171 0 0 0 0 0 0 0 0 0
scan 950 400 172 0 0 0 0 0 0 0 0 0
scan 950 400 173 0 0 0 0 0 0 0 0 0
scan 950 400 174 9.4964e-09 0 9.4964e-09 2.84892e-10 2.84892e-10 2.84892e-10 4.7482e-10 5.69784e-10 7.45848e-09
scan 950 400 175 0 0 0 0 0 0 0 0 0
scan 950 400 176 0 0 0 0 0 0 0 0 0
scan 950 400 177 0 0 0 0 0 0 0 0 0
scan 950 400 178 0 0 0 0 0 0 0 0 0
scan 950 400 179 8.54676e-08 0 2.84892e-08 2.56403e-09 2.56403e-09 2.56403e-09 4.27338e-09 5.12806e-09 6.71263e-08
