750 150 0.00112965
scan 750 150 0 3.95458e-07 0 1.49469e-07 1.18637e-08 1.18637e-08 1.18637e-08 1.97729e-08 2.37275e-08 3.06813e-07
scan 750 150 1 1.29936e-06 0 2.70936e-07 3.89809e-08 3.89809e-08 3.89809e-08 6.49681e-08 7.79617e-08 1.0081e-06
scan 750 150 2 9.03904e-07 0 2.25976e-07 2.71171e-08 2.71171e-08 2.71171e-08 4.51952e-08 5.42342e-08 7.01286e-07
scan 750 150 3 1.01689e-06 0 2.39684e-07 3.05068e-08 3.05068e-08 3.05068e-08 5.08446e-08 6.10135e-08 7.88947e-07
scan 750 150 4 9.71697e-06 0 7.40912e-07 2.91509e-07 2.91509e-07 2.91509e-07 4.85848e-07 5.83018e-07 7.53883e-06
scan 750 150 5 1.12988e-07 0 7.98946e-08 3.38964e-09 3.38964e-09 3.38964e-09 5.6494e-09 6.77928e-09 8.76608e-08
scan 750 150 6 2.8247e-07 0 1.26324e-07 8.4741e-09 8.4741e-09 8.4741e-09 1.41235e-08 1.69482e-08 2.19152e-07
scan 750 150 7 2.25976e-07 0 1.12988e-07 6.77928e-09 6.77928e-09 6.77928e-09 1.12988e-08 1.35586e-08 1.75322e-07
scan 750 150 8 2.25976e-07 0 1.12988e-07 6.77928e-09 6.77928e-09 6.77928e-09 1.12988e-08 1.35586e-08 1.75322e-07
scan 750 150 9 2.65522e-06 0 3.87303e-07 7.96565e-08 7.96565e-08 7.96565e-08 1.32761e-07 1.59313e-07 2.06003e-06
scan 750 150 10 1.69482e-07 0 9.78505e-08 5.08446e-09 5.08446e-09 5.08446e-09 8.4741e-09 1.01689e-08 1.31491e-07
scan 750 150 11 1.18637e-06 0 2.58888e-07 3.55912e-08 3.55912e-08 3.55912e-08 5.93187e-08 7.11824e-08 9.20438e-07
scan 750 150 12 2.48574e-06 0 3.74739e-07 7.45721e-08 7.45721e-08 7.45721e-08 1.24287e-07 1.49144e-07 1.92854e-06
scan 750 150 13 2.93769e-06 0 4.07384e-07 8.81306e-08 8.81306e-08 8.81306e-08 1.46884e-07 1.76261e-07 2.27918e-06
scan 750 150 14 3.61562e-05 0 1.4292e-06 1.08468e-06 1.08468e-06 1.08468e-06 1.80781e-06 2.16937e-06 2.80514e-05
scan 750 150 15 6.21434e-07 0 1.87369e-07 1.8643e-08 1.8643e-08 1.8643e-08 3.10717e-08 3.7286e-08 4.82134e-07
scan 750 150 16 8.4741e-07 0 2.188e-07 2.54223e-08 2.54223e-08 2.54223e-08 4.23705e-08 5.08446e-08 6.57456e-07
scan 750 150 17 1.46884e-06 0 2.88064e-07 4.40653e-08 4.40653e-08 4.40653e-08 7.34422e-08 8.81306e-08 1.13959e-06
scan 750 150 18 2.09028e-06 0 3.4364e-07 6.27083e-08 6.27083e-08 6.27083e-08 1.04514e-07 1.25417e-07 1.62172e-06
scan 750 150 19 1.01124e-05 0 7.55838e-07 3.03373e-07 3.03373e-07 3.03373e-07 5.05621e-07 6.06746e-07 7.84564e-06
scan 750 150 20 1.69482e-07 0 9.78505e-08 5.08446e-09 5.08446e-09 5.08446e-09 8.4741e-09 1.01689e-08 1.31491e-07
scan 750 150 21 3.38964e-07 0 1.38381e-07 1.01689e-08 1.01689e-08 1.01689e-08 1.69482e-08 2.03378e-08 2.62982e-07
scan 750 150 22 1.69482e-07 0 9.78505e-08 5.08446e-09 5.08446e-09 5.08446e-09 8.4741e-09 1.01689e-08 1.31491e-07
scan 750 150 23 4.51952e-07 0 1.59789e-07 1.35586e-08 1.35586e-08 1.35586e-08 2.25976e-08 2.71171e-08 3.50643e-07
scan 750 150 24 4.12406e-06 0 4.82685e-07 1.23722e-07 1.23722e-07 1.23722e-07 2.06203e-07 2.47444e-07 3.19962e-06
scan 750 150 25 1.12988e-07 0 7.98946e-08 3.38964e-09 3.38964e-09 3.38964e-09 5.6494e-09 6.77928e-09 8.76608e-08
scan 750 150 26 1.01689e-06 0 2.39684e-07 3.05068e-08 3.05068e-08 3.05068e-08 5.08446e-08 6.10135e-08 7.88947e-07
scan 750 150 27 1.58183e-06 0 2.98938e-07 4.7455e-08 4.7455e-08 4.7455e-08 7.90916e-08 9.49099e-08 1.22725e-06
scan 750 150 28 2.09028e-06 0 3.4364e-07 6.27083e-08 6.27083e-08 6.27083e-08 1.04514e-07 1.25417e-07 1.62172e-06
scan 750 150 29 3.01113e-05 0 1.30427e-06 9.03339e-07 9.03339e-07 9.03339e-07 1.50557e-06 1.80668e-06 2.33616e-05
scan 750 150 30 1.18637e-06 0 2.58888e-07 3.55912e-08 3.55912e-08 3.55912e-08 5.93187e-08 7.11824e-08 9.20438e-07
scan 750 150 31 2.93769e-06 0 4.07384e-07 8.81306e-08 8.81306e-08 8.81306e-08 1.46884e-07 1.76261e-07 2.27918e-06
scan 750 150 32 4.7455e-06 0 5.17776e-07 1.42365e-07 1.42365e-07 1.42365e-07 2.37275e-07 2.8473e-07 3.68175e-06
scan 750 150 33 7.11824e-06 0 6.34144e-07 2.13547e-07 2.13547e-07 2.13547e-07 3.55912e-07 4.27095e-07 5.52263e-06
scan 750 150 34 4.03367e-05 0 1.50956e-06 1.2101e-06 1.2101e-06 1.2101e-06 2.01684e-06 2.4202e-06 3.12949e-05
scan 750 150 35 4.51952e-07 0 1.59789e-07 1.35586e-08 1.35586e-08 1.35586e-08 2.25976e-08 2.71171e-08 3.50643e-07
scan 750 150 36 6.77928e-07 0 1.95701e-07 2.03378e-08 2.03378e-08 2.03378e-08 3.38964e-08 4.06757e-08 5.25965e-07
scan 750 150 37 1.12988e-06 0 2.52649e-07 3.38964e-08 3.38964e-08 3.38964e-08 5.6494e-08 6.77928e-08 8.76608e-07
scan 750 150 38 2.37275e-06 0 3.66123e-07 7.11824e-08 7.11824e-08 7.11824e-08 1.18637e-07 1.42365e-07 1.84088e-06
scan 750 150 39 1.50274e-05 0 9.21389e-07 4.50822e-07 4.50822e-07 4.50822e-07 7.5137e-07 9.01644e-07 1.16589e-05
scan 750 150 40 6.21434e-07 0 1.87369e-07 1.8643e-08 1.8643e-08 1.8643e-08 3.10717e-08 3.7286e-08 4.82134e-07
scan 750 150 41 4.18056e-06 0 4.8598e-07 1.25417e-07 1.25417e-07 1.25417e-07 2.09028e-07 2.50833e-07 3.24345e-06
scan 750 150 42 6.10135e-06 0 5.87103e-07 1.83041e-07 1.83041e-07 1.83041e-07 3.05068e-07 3.66081e-07 4.73368e-06
scan 750 150 43 8.70008e-06 0 7.01072e-07 2.61002e-07 2.61002e-07 2.61002e-07 4.35004e-07 5.22005e-07 6.74988e-06
scan 750 150 44 0.000105983 0 2.44691e-06 3.17948e-06 3.17948e-06 3.17948e-06 5.29914e-06 6.35896e-06 8.22258e-05
scan 750 150 45 1.12988e-07 0 7.98946e-08 3.38964e-09 3.38964e-09 3.38964e-09 5.6494e-09 6.77928e-09 8.76608e-08
scan 750 150 46 1.12988e-07 0 7.98946e-08 3.38964e-09 3.38964e-09 3.38964e-09 5.6494e-09 6.77928e-09 8.76608e-08
scan 750 150 47 1.12988e-07 0 7.98946e-08 3.38964e-09 3.38964e-09 3.38964e-09 5.6494e-09 6.77928e-09 8.76608e-08
scan 750 150 48 5.6494e-08 0 5.6494e-08 1.69482e-09 1.69482e-09 1.69482e-09 2.8247e-09 3.38964e-09 4.38304e-08
scan 750 150 49 2.25976e-07 0 1.12988e-07 6.77928e-09 6.77928e-09 6.77928e-09 1.12988e-08 1.35586e-08 1.75322e-07
scan 750 150 50 0 0 0 0 0 0 0 0 0
scan 750 150 51 0 0 0 0 0 0 0 0 0
scan 750 150 52 0 0 0 0 0 0 0 0 0
scan 750 150 53 0 0 0 0 0 0 0 0 0
scan 750 150 54 0 0 0 0 0 0 0 0 0
scan 750 150 55 0 0 0 0 0 0 0 0 0
scan 750 150 56 1.12988e-07 0 7.98946e-08 3.38964e-09 3.38964e-09 3.38964e-09 5.6494e-09 6.77928e-09 8.76608e-08
scan 750 150 57 5.6494e-08 0 5.6494e-08 1.69482e-09 1.69482e-09 1.69482e-09 2.8247e-09 3.38964e-09 4.38304e-08
scan 750 150 58 2.8247e-07 0 1.26324e-07 8.4741e-09 8.4741e-09 8.4741e-09 1.41235e-08 1.69482e-08 2.19152e-07
scan 750 150 59 7.90916e-07 0 2.11381e-07 2.37275e-08 2.37275e-08 2.37275e-08 3.95458e-08 4.7455e-08 6.13625e-07
scan 750 150 60 0 0 0 0 0 0 0 0
scan 750 150 61 0 0 0 0 0 0 0 0
scan 750 150 62 0 0 0 0 0 0 0 0
scan 750 150 63 0 0 0 0 0 0 0 0
scan 750 150 64 0 0 0 0 0 0 0 0
scan 750 150 65 0 0 0 0 0 0 0 0
scan 750 150 66 0 0 0 0 0 0 0 0
scan 750 150 67 0 0 0 0 0 0 0 0
scan 750 150 68 0 0 0 0 0 0 0 0
scan 750 150 69 0 0 0 0 0 0 0 0
scan 750 150 70 0 0 0 0 0 0 0 0
scan 750 150 71 0 0 0 0 0 0 0 0
scan 750 150 72 0 0 0 0 0 0 0 0
scan 750 150 73 0 0 0 0 0 0 0 0
scan 750 150 74 0 0 0 0 0 0 0 0
scan 750 150 75 0 0 0 0 0 0 0 0 0
scan 750 150 76 0 0 0 0 0 0 0 0 0
scan 750 150 77 0 0 0 0 0 0 0 0 0
scan 750 150 78 0 0 0 0 0 0 0 0 0
scan 750 150 79 0 0 0 0 0 0 0 0 0
scan 750 150 80 0 0 0 0 0 0 0 0 0
scan 750 150 81 0 0 0 0 0 0 0 0 0
scan 750 150 82 0 0 0 0 0 0 0 0 0
scan 750 150 83 0 0 0 0 0 0 0 0 0
scan 750 150 84 5.6494e-08 0 5.6494e-08 1.69482e-09 1.69482e-09 1.69482e-09 2.8247e-09 3.38964e-09 4.38304e-08
scan 750 150 85 0 0 0 0 0 0 0 0 0
scan 750 150 86 0 0 0 0 0 0 0 0 0
scan 750 150 87 5.6494e-08 0 5.6494e-08 1.69482e-09 1.69482e-09 1.69482e-09 2.8247e-09 3.38964e-09 4.38304e-08
scan 750 150 88 5.6494e-08 0 5.6494e-08 1.69482e-09 1.69482e-09 1.69482e-09 2.8247e-09 3.38964e-09 4.38304e-08
scan 750 150 89 5.08446e-07 0 1.69482e-07 1.52534e-08 1.52534e-08 1.52534e-08 2.54223e-08 3.05068e-08 3.94473e-07
scan 750 150 90 2.8247e-07 0 1.26324e-07 8.4741e-09 8.4741e-09 8.4741e-09 1.41235e-08 1.69482e-08 2.19152e-07
scan 750 150 91 5.08446e-07 0 1.69482e-07 1.52534e-08 1.52534e-08 1.52534e-08 2.54223e-08 3.05068e-08 3.94473e-07
scan 750 150 92 3.38964e-07 0 1.38381e-07 1.01689e-08 1.01689e-08 1.01689e-08 1.69482e-08 2.03378e-08 2.62982e-07
scan 750 150 93 1.12988e-07 0 7.98946e-08 3.38964e-09 3.38964e-09 3.38964e-09 5.6494e-09 6.77928e-09 8.76608e-08
scan 750 150 94 2.8247e-07 0 1.26324e-07 8.4741e-09 8.4741e-09 8.4741e-09 1.41235e-08 1.69482e-08 2.19152e-07
scan 750 150 95 1.12988e-07 0 7.98946e-08 3.38964e-09 3.38964e-09 3.38964e-09 5.6494e-09 6.77928e-09 8.76608e-08
scan 750 150 96 1.12988e-07 0 7.98946e-08 3.38964e-09 3.38964e-09 3.38964e-09 5.6494e-09 6.77928e-09 8.76608e-08
scan 750 150 97 5.6494e-08 0 5.6494e-08 1.69482e-09 1.69482e-09 1.69482e-09 2.8247e-09 3.38964e-09 4.38304e-08
scan 750 150 98 0 0 0 0 0 0 0 0 0
scan 750 150 99 5.6494e-08 0 5.6494e-08 1.69482e-09 1.69482e-09 1.69482e-09 2.8247e-09 3.38964e-09 4.38304e-08
scan 750 150 100 0 0 0 0 0 0 0 0 0
scan 750 150 101 1.69482e-07 0 9.78505e-08 5.08446e-09 5.08446e-09 5.08446e-09 8.4741e-09 1.01689e-08 1.31491e-07
scan 750 150 102 2.25976e-07 0 1.12988e-07 6.77928e-09 6.77928e-09 6.77928e-09 1.12988e-08 1.35586e-08 1.75322e-07
scan 750 150 103 4.51952e-07 0 1.59789e-07 1.35586e-08 1.35586e-08 1.35586e-08 2.25976e-08 2.71171e-08 3.50643e-07
scan 750 150 104 2.31625e-06 0 3.61738e-07 6.94876e-08 6.94876e-08 6.94876e-08 1.15813e-07 1.38975e-07 1.79705e-06
scan 750 150 60 0 0 0 0 0 0 0 0
scan 750 150 61 0 0 0 0 0 0 0 0
scan 750 150 62 0 0 0 0 0 0 0 0
scan 750 150 63 0 0 0 0 0 0 0 0
scan 750 150 64 0 0 0 0 0 0 0 0
scan 750 150 65 0 0 0 0 0 0 0 0
scan 750 150 66 0 0 0 0 0 0 0 0
scan 750 150 67 0 0 0 0 0 0 0 0
scan 750 150 68 0 0 0 0 0 0 0 0
scan 750 150 69 0 0 0 0 0 0 0 0
scan 750 150 70 0 0 0 0 0 0 0 0
scan 750 150 71 0 0 0 0 0 0 0 0
scan 750 150 72 0 0 0 0 0 0 0 0
scan 750 150 73 0 0 0 0 0 0 0 0
scan 750 150 74 0 0 0 0 0 0 0 0
scan 750 150 120 5.6494e-08 0 5.6494e-08 1.69482e-09 1.69482e-09 1.69482e-09 2.8247e-09 3.38964e-09 4.38304e-08
scan 750 150 121 0 0 0 0 0 0 0 0 0
scan 750 150 122 5.6494e-08 0 5.6494e-08 1.69482e-09 1.69482e-09 1.69482e-09 2.8247e-09 3.38964e-09 4.38304e-08
scan 750 150 123 0 0 0 0 0 0 0 0 0
scan 750 150 124 5.6494e-08 0 5.6494e-08 1.69482e-09 1.69482e-09 1.69482e-09 2.8247e-09 3.38964e-09 4.38304e-08
scan 750 150 125 0 0 0 0 0 0 0 0 0
scan 750 150 126 0 0 0 0 0 0 0 0 0
scan 750 150 127 0 0 0 0 0 0 0 0 0
scan 750 150 128 0 0 0 0 0 0 0 0 0
scan 750 150 129 0 0 0 0 0 0 0 0 0
scan 750 150 130 0 0 0 0 0 0 0 0 0
scan 750 150 131 5.6494e-08 0 5.6494e-08 1.69482e-09 1.69482e-09 1.69482e-09 2.8247e-09 3.38964e-09 4.38304e-08
scan 750 150 132 5.6494e-08 0 5.6494e-08 1.69482e-09 1.69482e-09 1.69482e-09 2.8247e-09 3.38964e-09 4.38304e-08
scan 750 150 133 0 0 0 0 0 0 0 0 0
scan 750 150 134 8.4741e-07 0 2.188e-07 2.54223e-08 2.54223e-08 2.54223e-08 4.23705e-08 5.08446e-08 6.57456e-07
scan 750 150 135 5.6494e-08 0 5.6494e-08 1.69482e-09 1.69482e-09 1.69482e-09 2.8247e-09 3.38964e-09 4.38304e-08
scan 750 150 136 1.69482e-07 0 9.78505e-08 5.08446e-09 5.08446e-09 5.08446e-09 8.4741e-09 1.01689e-08 1.31491e-07
scan 750 150 137 2.25976e-07 0 1.12988e-07 6.77928e-09 6.77928e-09 6.77928e-09 1.12988e-08 1.35586e-08 1.75322e-07
scan 750 150 138 1.12988e-07 0 7.98946e-08 3.38964e-09 3.38964e-09 3.38964e-09 5.6494e-09 6.77928e-09 8.76608e-08
scan 750 150 139 5.6494e-07 0 1.7865e-07 1.69482e-08 1.69482e-08 1.69482e-08 2.8247e-08 3.38964e-08 4.38304e-07
scan 750 150 140 0 0 0 0 0 0 0 0 0
scan 750 150 141 0 0 0 0 0 0 0 0 0
scan 750 150 142 0 0 0 0 0 0 0 0 0
scan 750 150 143 5.6494e-08 0 5.6494e-08 1.69482e-09 1.69482e-09 1.69482e-09 2.8247e-09 3.38964e-09 4.38304e-08
scan 750 150 144 1.12988e-07 0 7.98946e-08 3.38964e-09 3.38964e-09 3.38964e-09 5.6494e-09 6.77928e-09 8.76608e-08
scan 750 150 145 0 0 0 0 0 0 0 0 0
scan 750 150 146 5.6494e-08 0 5.6494e-08 1.69482e-09 1.69482e-09 1.69482e-09 2.8247e-09 3.38964e-09 4.38304e-08
scan 750 150 147 0 0 0 0 0 0 0 0 0
scan 750 150 148 1.12988e-07 0 7.98946e-08 3.38964e-09 3.38964e-09 3.38964e-09 5.6494e-09 6.77928e-09 8.76608e-08
scan 750 150 149 5.6494e-07 0 1.7865e-07 1.69482e-08 1.69482e-08 1.69482e-08 2.8247e-08 3.38964e-08 4.38304e-07
scan 750 150 60 0 0 0 0 0 0 0 0
scan 750 150 61 0 0 0 0 0 0 0 0
scan 750 150 62 0 0 0 0 0 0 0 0
scan 750 150 63 0 0 0 0 0 0 0 0
scan 750 150 64 0 0 0 0 0 0 0 0
scan 750 150 65 0 0 0 0 0 0 0 0
scan 750 150 66 0 0 0 0 0 0 0 0
scan 750 150 67 0 0 0 0 0 0 0 0
scan 750 150 68 0 0 0 0 0 0 0 0
scan 750 150 69 0 0 0 0 0 0 0 0
scan 750 150 70 0 0 0 0 0 0 0 0
scan 750 150 71 0 0 0 0 0 0 0 0
scan 750 150 72 0 0 0 0 0 0 0 0
scan 750 150 73 0 0 0 0 0 0 0 0
scan 750 150 74 0 0 0 0 0 0 0 0
scan 750 150 165 0 0 0 0 0 0 0 0 0
scan 750 150 166 5.6494e-08 0 5.6494e-08 1.69482e-09 1.69482e-09 1.69482e-09 2.8247e-09 3.38964e-09 4.38304e-08
scan 750 150 167 0 0 0 0 0 0 0 0 0
scan 750 150 168 5.6494e-08 0 5.6494e-08 1.69482e-09 1.69482e-09 1.69482e-09 2.8247e-09 3.38964e-09 4.38304e-08
scan 750 150 169 2.8247e-07 0 1.26324e-07 8.4741e-09 8.4741e-09 8.4741e-09 1.41235e-08 1.69482e-08 2.19152e-07
scan 750 150 170 0 0 0 0 0 0 0 0 0
scan 750 150 171 0 0 0 0 0 0 0 0 0
scan 750 150 172 0 0 0 0 0 0 0 0 0
scan 750 150 173 1.12988e-07 0 7.98946e-08 3.38964e-09 3.38964e-09 3.38964e-09 5.6494e-09 6.77928e-09 8.76608e-08
scan 750 150 174 0 0 0 0 0 0 0 0 0
scan 750 150 175 0 0 0 0 0 0 0 0 0
scan 750 150 176 5.6494e-08 0 5.6494e-08 1.69482e-09 1.69482e-09 1.69482e-09 2.8247e-09 3.38964e-09 4.38304e-08
scan 750 150 177 0 0 0 0 0 0 0 0 0
scan 750 150 178 0 0 0 0 0 0 0 0 0
scan 750 150 179 1.69482e-07 0 9.78505e-08 5.08446e-09 5.08446e-09 5.08446e-09 8.4741e-09 1.01689e-08 1.31491e-07
