xsec 900 550 0.000291345
scan 900 550 0 1.89384e-07 0 5.25257e-08 5.68152e-09 5.68152e-09 5.68152e-09 9.4692e-09 1.1363e-08 1.48334e-07
scan 900 550 1 3.93336e-07 0 7.56975e-08 1.18001e-08 1.18001e-08 1.18001e-08 1.96668e-08 2.36002e-08 3.08079e-07
scan 900 550 2 5.97288e-07 0 9.32807e-08 1.79186e-08 1.79186e-08 1.79186e-08 2.98644e-08 3.58373e-08 4.67823e-07
scan 900 550 3 8.0124e-07 0 1.08039e-07 2.40372e-08 2.40372e-08 2.40372e-08 4.0062e-08 4.80744e-08 6.27567e-07
scan 900 550 4 4.02077e-06 0 2.42022e-07 1.20623e-07 1.20623e-07 1.20623e-07 2.01038e-07 2.41246e-07 3.14925e-06
scan 900 550 5 2.9136e-08 0 2.06023e-08 8.7408e-10 8.7408e-10 8.7408e-10 1.4568e-09 1.74816e-09 2.28206e-08
scan 900 550 6 1.01976e-07 0 3.85433e-08 3.05928e-09 3.05928e-09 3.05928e-09 5.0988e-09 6.11856e-09 7.98722e-08
scan 900 550 7 1.01976e-07 0 3.85433e-08 3.05928e-09 3.05928e-09 3.05928e-09 5.0988e-09 6.11856e-09 7.98722e-08
scan 900 550 8 8.7408e-08 0 3.56842e-08 2.62224e-09 2.62224e-09 2.62224e-09 4.3704e-09 5.24448e-09 6.84619e-08
scan 900 550 9 9.90624e-07 0 1.20131e-07 2.97187e-08 2.97187e-08 2.97187e-08 4.95312e-08 5.94374e-08 7.75901e-07
scan 900 550 10 7.284e-08 0 3.2575e-08 2.1852e-09 2.1852e-09 2.1852e-09 3.642e-09 4.3704e-09 5.70516e-08
scan 900 550 11 3.05928e-07 0 6.6759e-08 9.17784e-09 9.17784e-09 9.17784e-09 1.52964e-08 1.83557e-08 2.39617e-07
scan 900 550 12 6.11856e-07 0 9.44114e-08 1.83557e-08 1.83557e-08 1.83557e-08 3.05928e-08 3.67114e-08 4.79233e-07
scan 900 550 13 8.30376e-07 0 1.09986e-07 2.49113e-08 2.49113e-08 2.49113e-08 4.15188e-08 4.98226e-08 6.50388e-07
scan 900 550 14 6.9198e-06 0 3.17502e-07 2.07594e-07 2.07594e-07 2.07594e-07 3.4599e-07 4.15188e-07 5.4199e-06
scan 900 550 15 3.05928e-07 0 6.6759e-08 9.17784e-09 9.17784e-09 9.17784e-09 1.52964e-08 1.83557e-08 2.39617e-07
scan 900 550 16 6.11856e-07 0 9.44114e-08 1.83557e-08 1.83557e-08 1.83557e-08 3.05928e-08 3.67114e-08 4.79233e-07
scan 900 550 17 9.76056e-07 0 1.19244e-07 2.92817e-08 2.92817e-08 2.92817e-08 4.88028e-08 5.85634e-08 7.64491e-07
scan 900 550 18 1.42766e-06 0 1.44216e-07 4.28299e-08 4.28299e-08 4.28299e-08 7.13832e-08 8.56598e-08 1.11821e-06
scan 900 550 19 3.88966e-06 0 2.38043e-07 1.1669e-07 1.1669e-07 1.1669e-07 1.94483e-07 2.33379e-07 3.04655e-06
scan 900 550 20 2.9136e-08 0 2.06023e-08 8.7408e-10 8.7408e-10 8.7408e-10 1.4568e-09 1.74816e-09 2.28206e-08
scan 900 550 21 7.284e-08 0 3.2575e-08 2.1852e-09 2.1852e-09 2.1852e-09 3.642e-09 4.3704e-09 5.70516e-08
scan 900 550 22 1.4568e-07 0 4.60681e-08 4.3704e-09 4.3704e-09 4.3704e-09 7.284e-09 8.7408e-09 1.14103e-07
scan 900 550 23 1.31112e-07 0 4.3704e-08 3.93336e-09 3.93336e-09 3.93336e-09 6.5556e-09 7.86672e-09 1.02693e-07
scan 900 550 24 7.42968e-07 0 1.04036e-07 2.2289e-08 2.2289e-08 2.2289e-08 3.71484e-08 4.45781e-08 5.81926e-07
scan 900 550 25 5.8272e-08 0 2.9136e-08 1.74816e-09 1.74816e-09 1.74816e-09 2.9136e-09 3.49632e-09 4.56413e-08
scan 900 550 26 5.39016e-07 0 8.86137e-08 1.61705e-08 1.61705e-08 1.61705e-08 2.69508e-08 3.2341e-08 4.22182e-07
scan 900 550 27 6.5556e-07 0 9.77251e-08 1.96668e-08 1.96668e-08 1.96668e-08 3.2778e-08 3.93336e-08 5.13464e-07
scan 900 550 28 8.88648e-07 0 1.1378e-07 2.66594e-08 2.66594e-08 2.66594e-08 4.44324e-08 5.33189e-08 6.96029e-07
scan 900 550 29 8.14351e-06 0 3.44434e-07 2.44305e-07 2.44305e-07 2.44305e-07 4.07176e-07 4.88611e-07 6.37837e-06
scan 900 550 30 2.9136e-07 0 6.51501e-08 8.7408e-09 8.7408e-09 8.7408e-09 1.4568e-08 1.74816e-08 2.28206e-07
scan 900 550 31 5.8272e-07 0 9.21361e-08 1.74816e-08 1.74816e-08 1.74816e-08 2.9136e-08 3.49632e-08 4.56413e-07
scan 900 550 32 1.0926e-06 0 1.26163e-07 3.2778e-08 3.2778e-08 3.2778e-08 5.463e-08 6.5556e-08 8.55774e-07
scan 900 550 33 1.22371e-06 0 1.33518e-07 3.67114e-08 3.67114e-08 3.67114e-08 6.11856e-08 7.34227e-08 9.58467e-07
scan 900 550 34 4.4141e-06 0 2.53584e-07 1.32423e-07 1.32423e-07 1.32423e-07 2.20705e-07 2.64846e-07 3.45733e-06
scan 900 550 35 8.7408e-08 0 3.56842e-08 2.62224e-09 2.62224e-09 2.62224e-09 4.3704e-09 5.24448e-09 6.84619e-08
scan 900 550 36 1.74816e-07 0 5.0465e-08 5.24448e-09 5.24448e-09 5.24448e-09 8.7408e-09 1.0489e-08 1.36924e-07
scan 900 550 37 1.16544e-07 0 4.12045e-08 3.49632e-09 3.49632e-09 3.49632e-09 5.8272e-09 6.99264e-09 9.12825e-08
scan 900 550 38 2.1852e-07 0 5.64216e-08 6.5556e-09 6.5556e-09 6.5556e-09 1.0926e-08 1.31112e-08 1.71155e-07
scan 900 550 39 1.0489e-06 0 1.23614e-07 3.14669e-08 3.14669e-08 3.14669e-08 5.24448e-08 6.29338e-08 8.21543e-07
scan 900 550 40 2.9136e-08 0 2.06023e-08 8.7408e-10 8.7408e-10 8.7408e-10 1.4568e-09 1.74816e-09 2.28206e-08
scan 900 550 41 5.97288e-07 0 9.32807e-08 1.79186e-08 1.79186e-08 1.79186e-08 2.98644e-08 3.58373e-08 4.67823e-07
scan 900 550 42 6.26424e-07 0 9.55288e-08 1.87927e-08 1.87927e-08 1.87927e-08 3.13212e-08 3.75854e-08 4.90644e-07
scan 900 550 43 1.07803e-06 0 1.25319e-07 3.2341e-08 3.2341e-08 3.2341e-08 5.39016e-08 6.46819e-08 8.44363e-07
scan 900 550 44 9.74599e-06 0 3.76802e-07 2.9238e-07 2.9238e-07 2.9238e-07 4.873e-07 5.84759e-07 7.6335e-06
scan 900 550 45 1.4568e-08 0 1.4568e-08 4.3704e-10 4.3704e-10 4.3704e-10 7.284e-10 8.7408e-10 1.14103e-08
scan 900 550 46 1.4568e-08 0 1.4568e-08 4.3704e-10 4.3704e-10 4.3704e-10 7.284e-10 8.7408e-10 1.14103e-08
scan 900 550 47 0 0 0 0 0 0 0 0 0
scan 900 550 48 0 0 0 0 0 0 0 0 0
scan 900 550 49 1.4568e-08 0 1.4568e-08 4.3704e-10 4.3704e-10 4.3704e-10 7.284e-10 8.7408e-10 1.14103e-08
scan 900 550 50 0 0 0 0 0 0 0 0 0
scan 900 550 51 0 0 0 0 0 0 0 0 0
scan 900 550 52 0 0 0 0 0 0 0 0 0
scan 900 550 53 0 0 0 0 0 0 0 0 0
scan 900 550 54 0 0 0 0 0 0 0 0 0
scan 900 550 55 0 0 0 0 0 0 0 0 0
scan 900 550 56 0 0 0 0 0 0 0 0 0
scan 900 550 57 2.9136e-08 0 2.06023e-08 8.7408e-10 8.7408e-10 8.7408e-10 1.4568e-09 1.74816e-09 2.28206e-08
scan 900 550 58 4.3704e-08 0 2.52325e-08 1.31112e-09 1.31112e-09 1.31112e-09 2.1852e-09 2.62224e-09 3.42309e-08
scan 900 550 59 1.01976e-07 0 3.85433e-08 3.05928e-09 3.05928e-09 3.05928e-09 5.0988e-09 6.11856e-09 7.98722e-08
scan 900 550 60 0 0 0 0 0 0 0 0
scan 900 550 61 0 0 0 0 0 0 0 0
scan 900 550 62 0 0 0 0 0 0 0 0
scan 900 550 63 0 0 0 0 0 0 0 0
scan 900 550 64 0 0 0 0 0 0 0 0
scan 900 550 65 0 0 0 0 0 0 0 0
scan 900 550 66 0 0 0 0 0 0 0 0
scan 900 550 67 0 0 0 0 0 0 0 0
scan 900 550 68 0 0 0 0 0 0 0 0
scan 900 550 69 0 0 0 0 0 0 0 0
scan 900 550 70 0 0 0 0 0 0 0 0
scan 900 550 71 0 0 0 0 0 0 0 0
scan 900 550 72 0 0 0 0 0 0 0 0
scan 900 550 73 0 0 0 0 0 0 0 0
scan 900 550 74 0 0 0 0 0 0 0 0
scan 900 550 75 0 0 0 0 0 0 0 0 0
scan 900 550 76 0 0 0 0 0 0 0 0 0
scan 900 550 77 1.4568e-08 0 1.4568e-08 4.3704e-10 4.3704e-10 4.3704e-10 7.284e-10 8.7408e-10 1.14103e-08
scan 900 550 78 0 0 0 0 0 0 0 0 0
scan 900 550 79 0 0 0 0 0 0 0 0 0
scan 900 550 80 0 0 0 0 0 0 0 0 0
scan 900 550 81 0 0 0 0 0 0 0 0 0
scan 900 550 82 0 0 0 0 0 0 0 0 0
scan 900 550 83 0 0 0 0 0 0 0 0 0
scan 900 550 84 0 0 0 0 0 0 0 0 0
scan 900 550 85 0 0 0 0 0 0 0 0 0
scan 900 550 86 0 0 0 0 0 0 0 0 0
scan 900 550 87 0 0 0 0 0 0 0 0 0
scan 900 550 88 2.9136e-08 0 2.06023e-08 8.7408e-10 8.7408e-10 8.7408e-10 1.4568e-09 1.74816e-09 2.28206e-08
scan 900 550 89 1.4568e-08 0 1.4568e-08 4.3704e-10 4.3704e-10 4.3704e-10 7.284e-10 8.7408e-10 1.14103e-08
scan 900 550 90 0 0 0 0 0 0 0 0 0
scan 900 550 91 1.4568e-08 0 1.4568e-08 4.3704e-10 4.3704e-10 4.3704e-10 7.284e-10 8.7408e-10 1.14103e-08
scan 900 550 92 1.4568e-08 0 1.4568e-08 4.3704e-10 4.3704e-10 4.3704e-10 7.284e-10 8.7408e-10 1.14103e-08
scan 900 550 93 0 0 0 0 0 0 0 0 0
scan 900 550 94 4.3704e-08 0 2.52325e-08 1.31112e-09 1.31112e-09 1.31112e-09 2.1852e-09 2.62224e-09 3.42309e-08
scan 900 550 95 0 0 0 0 0 0 0 0 0
scan 900 550 96 0 0 0 0 0 0 0 0 0
scan 900 550 97 0 0 0 0 0 0 0 0 0
scan 900 550 98 0 0 0 0 0 0 0 0 0
scan 900 550 99 0 0 0 0 0 0 0 0 0
scan 900 550 100 0 0 0 0 0 0 0 0 0
scan 900 550 101 1.4568e-08 0 1.4568e-08 4.3704e-10 4.3704e-10 4.3704e-10 7.284e-10 8.7408e-10 1.14103e-08
scan 900 550 102 1.4568e-08 0 1.4568e-08 4.3704e-10 4.3704e-10 4.3704e-10 7.284e-10 8.7408e-10 1.14103e-08
scan 900 550 103 0 0 0 0 0 0 0 0 0
scan 900 550 104 1.4568e-07 0 4.60681e-08 4.3704e-09 4.3704e-09 4.3704e-09 7.284e-09 8.7408e-09 1.14103e-07
scan 900 550 60 0 0 0 0 0 0 0 0
scan 900 550 61 0 0 0 0 0 0 0 0
scan 900 550 62 0 0 0 0 0 0 0 0
scan 900 550 63 0 0 0 0 0 0 0 0
scan 900 550 64 0 0 0 0 0 0 0 0
scan 900 550 65 0 0 0 0 0 0 0 0
scan 900 550 66 0 0 0 0 0 0 0 0
scan 900 550 67 0 0 0 0 0 0 0 0
scan 900 550 68 0 0 0 0 0 0 0 0
scan 900 550 69 0 0 0 0 0 0 0 0
scan 900 550 70 0 0 0 0 0 0 0 0
scan 900 550 71 0 0 0 0 0 0 0 0
scan 900 550 72 0 0 0 0 0 0 0 0
scan 900 550 73 0 0 0 0 0 0 0 0
scan 900 550 74 0 0 0 0 0 0 0 0
scan 900 550 120 0 0 0 0 0 0 0 0 0
scan 900 550 121 0 0 0 0 0 0 0 0 0
scan 900 550 122 0 0 0 0 0 0 0 0 0
scan 900 550 123 0 0 0 0 0 0 0 0 0
scan 900 550 124 0 0 0 0 0 0 0 0 0
scan 900 550 125 0 0 0 0 0 0 0 0 0
scan 900 550 126 0 0 0 0 0 0 0 0 0
scan 900 550 127 0 0 0 0 0 0 0 0 0
scan 900 550 128 0 0 0 0 0 0 0 0 0
scan 900 550 129 0 0 0 0 0 0 0 0 0
scan 900 550 130 0 0 0 0 0 0 0 0 0
scan 900 550 131 1.4568e-08 0 1.4568e-08 4.3704e-10 4.3704e-10 4.3704e-10 7.284e-10 8.7408e-10 1.14103e-08
scan 900 550 132 0 0 0 0 0 0 0 0 0
scan 900 550 133 1.4568e-08 0 1.4568e-08 4.3704e-10 4.3704e-10 4.3704e-10 7.284e-10 8.7408e-10 1.14103e-08
scan 900 550 134 5.8272e-08 0 2.9136e-08 1.74816e-09 1.74816e-09 1.74816e-09 2.9136e-09 3.49632e-09 4.56413e-08
scan 900 550 135 0 0 0 0 0 0 0 0 0
scan 900 550 136 2.9136e-08 0 2.06023e-08 8.7408e-10 8.7408e-10 8.7408e-10 1.4568e-09 1.74816e-09 2.28206e-08
scan 900 550 137 4.3704e-08 0 2.52325e-08 1.31112e-09 1.31112e-09 1.31112e-09 2.1852e-09 2.62224e-09 3.42309e-08
scan 900 550 138 2.9136e-08 0 2.06023e-08 8.7408e-10 8.7408e-10 8.7408e-10 1.4568e-09 1.74816e-09 2.28206e-08
scan 900 550 139 4.3704e-08 0 2.52325e-08 1.31112e-09 1.31112e-09 1.31112e-09 2.1852e-09 2.62224e-09 3.42309e-08
scan 900 550 140 0 0 0 0 0 0 0 0 0
scan 900 550 141 0 0 0 0 0 0 0 0 0
scan 900 550 142 0 0 0 0 0 0 0 0 0
scan 900 550 143 0 0 0 0 0 0 0 0 0
scan 900 550 144 0 0 0 0 0 0 0 0 0
scan 900 550 145 0 0 0 0 0 0 0 0 0
scan 900 550 146 1.4568e-08 0 1.4568e-08 4.3704e-10 4.3704e-10 4.3704e-10 7.284e-10 8.7408e-10 1.14103e-08
scan 900 550 147 7.284e-08 0 3.2575e-08 2.1852e-09 2.1852e-09 2.1852e-09 3.642e-09 4.3704e-09 5.70516e-08
scan 900 550 148 0 0 0 0 0 0 0 0 0
scan 900 550 149 7.284e-08 0 3.2575e-08 2.1852e-09 2.1852e-09 2.1852e-09 3.642e-09 4.3704e-09 5.70516e-08
scan 900 550 60 0 0 0 0 0 0 0 0
scan 900 550 61 0 0 0 0 0 0 0 0
scan 900 550 62 0 0 0 0 0 0 0 0
scan 900 550 63 0 0 0 0 0 0 0 0
scan 900 550 64 0 0 0 0 0 0 0 0
scan 900 550 65 0 0 0 0 0 0 0 0
scan 900 550 66 0 0 0 0 0 0 0 0
scan 900 550 67 0 0 0 0 0 0 0 0
scan 900 550 68 0 0 0 0 0 0 0 0
scan 900 550 69 0 0 0 0 0 0 0 0
scan 900 550 70 0 0 0 0 0 0 0 0
scan 900 550 71 0 0 0 0 0 0 0 0
scan 900 550 72 0 0 0 0 0 0 0 0
scan 900 550 73 0 0 0 0 0 0 0 0
scan 900 550 74 0 0 0 0 0 0 0 0
scan 900 550 165 1.4568e-08 0 1.4568e-08 4.3704e-10 4.3704e-10 4.3704e-10 7.284e-10 8.7408e-10 1.14103e-08
scan 900 550 166 0 0 0 0 0 0 0 0 0
scan 900 550 167 0 0 0 0 0 0 0 0 0
scan 900 550 168 0 0 0 0 0 0 0 0 0
scan 900 550 169 1.4568e-08 0 1.4568e-08 4.3704e-10 4.3704e-10 4.3704e-10 7.284e-10 8.7408e-10 1.14103e-08
scan 900 550 170 0 0 0 0 0 0 0 0 0
scan 900 550 171 0 0 0 0 0 0 0 0 0
scan 900 550 172 0 0 0 0 0 0 0 0 0
scan 900 550 173 0 0 0 0 0 0 0 0 0
scan 900 550 174 1.4568e-08 0 1.4568e-08 4.3704e-10 4.3704e-10 4.3704e-10 7.284e-10 8.7408e-10 1.14103e-08
scan 900 550 175 0 0 0 0 0 0 0 0 0
scan 900 550 176 0 0 0 0 0 0 0 0 0
scan 900 550 177 0 0 0 0 0 0 0 0 0
scan 900 550 178 0 0 0 0 0 0 0 0 0
scan 900 550 179 4.3704e-08 0 2.52325e-08 1.31112e-09 1.31112e-09 1.31112e-09 2.1852e-09 2.62224e-09 3.42309e-08
