xsec 600 100 0.00474287
scan 600 100 0 3.42541e-06 0 9.50037e-07 1.02762e-07 1.02762e-07 1.02762e-07 1.7127e-07 2.05524e-07 2.61527e-06
scan 600 100 1 4.21589e-06 0 1.05397e-06 1.26477e-07 1.26477e-07 1.26477e-07 2.10794e-07 2.52953e-07 3.2188e-06
scan 600 100 2 8.69527e-06 0 1.51365e-06 2.60858e-07 2.60858e-07 2.60858e-07 4.34763e-07 5.21716e-07 6.63877e-06
scan 600 100 3 1.37016e-05 0 1.90007e-06 4.11049e-07 4.11049e-07 4.11049e-07 6.85082e-07 8.22098e-07 1.04611e-05
scan 600 100 4 4.76922e-05 0 3.54493e-06 1.43077e-06 1.43077e-06 1.43077e-06 2.38461e-06 2.86153e-06 3.64127e-05
scan 600 100 5 0 0 0 0 0 0 0 0 0
scan 600 100 6 1.31746e-06 0 5.89188e-07 3.95239e-08 3.95239e-08 3.95239e-08 6.58732e-08 7.90479e-08 1.00587e-06
scan 600 100 7 1.58096e-06 0 6.45423e-07 4.74287e-08 4.74287e-08 4.74287e-08 7.90479e-08 9.48574e-08 1.20705e-06
scan 600 100 8 2.63493e-06 0 8.33238e-07 7.90479e-08 7.90479e-08 7.90479e-08 1.31746e-07 1.58096e-07 2.01175e-06
scan 600 100 9 1.60731e-05 0 2.05795e-06 4.82192e-07 4.82192e-07 4.82192e-07 8.03653e-07 9.64384e-07 1.22717e-05
scan 600 100 10 5.26986e-07 0 3.72635e-07 1.58096e-08 1.58096e-08 1.58096e-08 2.63493e-08 3.16191e-08 4.0235e-07
scan 600 100 11 3.95239e-06 0 1.0205e-06 1.18572e-07 1.18572e-07 1.18572e-07 1.9762e-07 2.37144e-07 3.01762e-06
scan 600 100 12 1.00127e-05 0 1.62428e-06 3.00382e-07 3.00382e-07 3.00382e-07 5.00636e-07 6.00764e-07 7.64465e-06
scan 600 100 13 1.58096e-05 0 2.04101e-06 4.74287e-07 4.74287e-07 4.74287e-07 7.90479e-07 9.48574e-07 1.20705e-05
scan 600 100 14 0.000125159 0 5.74269e-06 3.75477e-06 3.75477e-06 3.75477e-06 6.25796e-06 7.50955e-06 9.55581e-05
scan 600 100 15 2.89842e-06 0 8.73907e-07 8.69527e-08 8.69527e-08 8.69527e-08 1.44921e-07 1.73905e-07 2.21292e-06
scan 600 100 16 8.69527e-06 0 1.51365e-06 2.60858e-07 2.60858e-07 2.60858e-07 4.34763e-07 5.21716e-07 6.63877e-06
scan 600 100 17 1.10667e-05 0 1.70763e-06 3.32001e-07 3.32001e-07 3.32001e-07 5.53335e-07 6.64002e-07 8.44935e-06
scan 600 100 18 1.42286e-05 0 1.93627e-06 4.26858e-07 4.26858e-07 4.26858e-07 7.11431e-07 8.53717e-07 1.08634e-05
scan 600 100 19 5.42795e-05 0 3.78183e-06 1.62839e-06 1.62839e-06 1.62839e-06 2.71398e-06 3.25677e-06 4.1442e-05
scan 600 100 20 1.05397e-06 0 5.26986e-07 3.16191e-08 3.16191e-08 3.16191e-08 5.26986e-08 6.32383e-08 8.047e-07
scan 600 100 21 1.58096e-06 0 6.45423e-07 4.74287e-08 4.74287e-08 4.74287e-08 7.90479e-08 9.48574e-08 1.20705e-06
scan 600 100 22 2.37144e-06 0 7.90479e-07 7.11431e-08 7.11431e-08 7.11431e-08 1.18572e-07 1.42286e-07 1.81057e-06
scan 600 100 23 3.42541e-06 0 9.50037e-07 1.02762e-07 1.02762e-07 1.02762e-07 1.7127e-07 2.05524e-07 2.61527e-06
scan 600 100 24 2.21334e-05 0 2.41495e-06 6.64002e-07 6.64002e-07 6.64002e-07 1.10667e-06 1.328e-06 1.68987e-05
scan 600 100 25 5.26986e-07 0 3.72635e-07 1.58096e-08 1.58096e-08 1.58096e-08 2.63493e-08 3.16191e-08 4.0235e-07
scan 600 100 26 3.95239e-06 0 1.0205e-06 1.18572e-07 1.18572e-07 1.18572e-07 1.9762e-07 2.37144e-07 3.01762e-06
scan 600 100 27 9.48574e-06 0 1.58096e-06 2.84572e-07 2.84572e-07 2.84572e-07 4.74287e-07 5.69145e-07 7.2423e-06
scan 600 100 28 1.37016e-05 0 1.90007e-06 4.11049e-07 4.11049e-07 4.11049e-07 6.85082e-07 8.22098e-07 1.04611e-05
scan 600 100 29 0.000119889 0 5.6205e-06 3.59668e-06 3.59668e-06 3.59668e-06 5.99446e-06 7.19336e-06 9.15346e-05
scan 600 100 30 8.69527e-06 0 1.51365e-06 2.60858e-07 2.60858e-07 2.60858e-07 4.34763e-07 5.21716e-07 6.63877e-06
scan 600 100 31 1.89715e-05 0 2.23581e-06 5.69145e-07 5.69145e-07 5.69145e-07 9.48574e-07 1.13829e-06 1.44846e-05
scan 600 100 32 2.76668e-05 0 2.7e-06 8.30003e-07 8.30003e-07 8.30003e-07 1.38334e-06 1.66001e-06 2.11234e-05
scan 600 100 33 3.55715e-05 0 3.06151e-06 1.06715e-06 1.06715e-06 1.06715e-06 1.77858e-06 2.13429e-06 2.71586e-05
scan 600 100 34 0.000135699 0 5.97961e-06 4.07097e-06 4.07097e-06 4.07097e-06 6.78494e-06 8.14193e-06 0.000103605
scan 600 100 35 1.31746e-06 0 5.89188e-07 3.95239e-08 3.95239e-08 3.95239e-08 6.58732e-08 7.90479e-08 1.00587e-06
scan 600 100 36 2.37144e-06 0 7.90479e-07 7.11431e-08 7.11431e-08 7.11431e-08 1.18572e-07 1.42286e-07 1.81057e-06
scan 600 100 37 3.95239e-06 0 1.0205e-06 1.18572e-07 1.18572e-07 1.18572e-07 1.9762e-07 2.37144e-07 3.01762e-06
scan 600 100 38 7.3778e-06 0 1.39427e-06 2.21334e-07 2.21334e-07 2.21334e-07 3.6889e-07 4.42668e-07 5.6329e-06
scan 600 100 39 4.87462e-05 0 3.58389e-06 1.46239e-06 1.46239e-06 1.46239e-06 2.43731e-06 2.92477e-06 3.72174e-05
scan 600 100 40 2.10794e-06 0 7.4527e-07 6.32383e-08 6.32383e-08 6.32383e-08 1.05397e-07 1.26477e-07 1.6094e-06
scan 600 100 41 1.50191e-05 0 1.98933e-06 4.50573e-07 4.50573e-07 4.50573e-07 7.50955e-07 9.01146e-07 1.1467e-05
scan 600 100 42 2.55588e-05 0 2.5951e-06 7.66764e-07 7.66764e-07 7.66764e-07 1.27794e-06 1.53353e-06 1.9514e-05
scan 600 100 43 3.24096e-05 0 2.92228e-06 9.72289e-07 9.72289e-07 9.72289e-07 1.62048e-06 1.94458e-06 2.47445e-05
scan 600 100 44 0.000296429 0 8.83782e-06 8.89288e-06 8.89288e-06 8.89288e-06 1.48215e-05 1.77858e-05 0.000226322
scan 600 100 45 5.26986e-07 0 3.72635e-07 1.58096e-08 1.58096e-08 1.58096e-08 2.63493e-08 3.16191e-08 4.0235e-07
scan 600 100 46 0 0 0 0 0 0 0 0 0
scan 600 100 47 0 0 0 0 0 0 0 0 0
scan 600 100 48 5.26986e-07 0 3.72635e-07 1.58096e-08 1.58096e-08 1.58096e-08 2.63493e-08 3.16191e-08 4.0235e-07
scan 600 100 49 5.26986e-07 0 3.72635e-07 1.58096e-08 1.58096e-08 1.58096e-08 2.63493e-08 3.16191e-08 4.0235e-07
scan 600 100 50 2.63493e-07 0 2.63493e-07 7.90479e-09 7.90479e-09 7.90479e-09 1.31746e-08 1.58096e-08 2.01175e-07
scan 600 100 51 2.63493e-07 0 2.63493e-07 7.90479e-09 7.90479e-09 7.90479e-09 1.31746e-08 1.58096e-08 2.01175e-07
scan 600 100 52 0 0 0 0 0 0 0 0 0
scan 600 100 53 0 0 0 0 0 0 0 0 0
scan 600 100 54 0 0 0 0 0 0 0 0 0
scan 600 100 55 0 0 0 0 0 0 0 0 0
scan 600 100 56 2.63493e-07 0 2.63493e-07 7.90479e-09 7.90479e-09 7.90479e-09 1.31746e-08 1.58096e-08 2.01175e-07
scan 600 100 57 2.63493e-07 0 2.63493e-07 7.90479e-09 7.90479e-09 7.90479e-09 1.31746e-08 1.58096e-08 2.01175e-07
scan 600 100 58 5.26986e-07 0 3.72635e-07 1.58096e-08 1.58096e-08 1.58096e-08 2.63493e-08 3.16191e-08 4.0235e-07
scan 600 100 59 1.31746e-06 0 5.89188e-07 3.95239e-08 3.95239e-08 3.95239e-08 6.58732e-08 7.90479e-08 1.00587e-06
scan 600 100 60 0 0 0 0 0 0 0 0
scan 600 100 61 0 0 0 0 0 0 0 0
scan 600 100 62 0 0 0 0 0 0 0 0
scan 600 100 63 0 0 0 0 0 0 0 0
scan 600 100 64 0 0 0 0 0 0 0 0
scan 600 100 65 0 0 0 0 0 0 0 0
scan 600 100 66 0 0 0 0 0 0 0 0
scan 600 100 67 0 0 0 0 0 0 0 0
scan 600 100 68 0 0 0 0 0 0 0 0
scan 600 100 69 0 0 0 0 0 0 0 0
scan 600 100 70 0 0 0 0 0 0 0 0
scan 600 100 71 0 0 0 0 0 0 0 0
scan 600 100 72 0 0 0 0 0 0 0 0
scan 600 100 73 0 0 0 0 0 0 0 0
scan 600 100 74 0 0 0 0 0 0 0 0
scan 600 100 75 0 0 0 0 0 0 0 0 0
scan 600 100 76 0 0 0 0 0 0 0 0 0
scan 600 100 77 0 0 0 0 0 0 0 0 0
scan 600 100 78 0 0 0 0 0 0 0 0 0
scan 600 100 79 0 0 0 0 0 0 0 0 0
scan 600 100 80 0 0 0 0 0 0 0 0 0
scan 600 100 81 0 0 0 0 0 0 0 0 0
scan 600 100 82 0 0 0 0 0 0 0 0 0
scan 600 100 83 0 0 0 0 0 0 0 0 0
scan 600 100 84 0 0 0 0 0 0 0 0 0
scan 600 100 85 0 0 0 0 0 0 0 0 0
scan 600 100 86 2.63493e-07 0 2.63493e-07 7.90479e-09 7.90479e-09 7.90479e-09 1.31746e-08 1.58096e-08 2.01175e-07
scan 600 100 87 0 0 0 0 0 0 0 0 0
scan 600 100 88 5.26986e-07 0 3.72635e-07 1.58096e-08 1.58096e-08 1.58096e-08 2.63493e-08 3.16191e-08 4.0235e-07
scan 600 100 89 1.31746e-06 0 5.89188e-07 3.95239e-08 3.95239e-08 3.95239e-08 6.58732e-08 7.90479e-08 1.00587e-06
scan 600 100 90 7.90479e-07 0 4.56383e-07 2.37144e-08 2.37144e-08 2.37144e-08 3.95239e-08 4.74287e-08 6.03525e-07
scan 600 100 91 1.31746e-06 0 5.89188e-07 3.95239e-08 3.95239e-08 3.95239e-08 6.58732e-08 7.90479e-08 1.00587e-06
scan 600 100 92 5.26986e-07 0 3.72635e-07 1.58096e-08 1.58096e-08 1.58096e-08 2.63493e-08 3.16191e-08 4.0235e-07
scan 600 100 93 7.90479e-07 0 4.56383e-07 2.37144e-08 2.37144e-08 2.37144e-08 3.95239e-08 4.74287e-08 6.03525e-07
scan 600 100 94 5.26986e-07 0 3.72635e-07 1.58096e-08 1.58096e-08 1.58096e-08 2.63493e-08 3.16191e-08 4.0235e-07
scan 600 100 95 0 0 0 0 0 0 0 0 0
scan 600 100 96 2.63493e-07 0 2.63493e-07 7.90479e-09 7.90479e-09 7.90479e-09 1.31746e-08 1.58096e-08 2.01175e-07
scan 600 100 97 2.63493e-07 0 2.63493e-07 7.90479e-09 7.90479e-09 7.90479e-09 1.31746e-08 1.58096e-08 2.01175e-07
scan 600 100 98 0 0 0 0 0 0 0 0 0
scan 600 100 99 2.63493e-07 0 2.63493e-07 7.90479e-09 7.90479e-09 7.90479e-09 1.31746e-08 1.58096e-08 2.01175e-07
scan 600 100 100 0 0 0 0 0 0 0 0 0
scan 600 100 101 0 0 0 0 0 0 0 0 0
scan 600 100 102 5.26986e-07 0 3.72635e-07 1.58096e-08 1.58096e-08 1.58096e-08 2.63493e-08 3.16191e-08 4.0235e-07
scan 600 100 103 1.58096e-06 0 6.45423e-07 4.74287e-08 4.74287e-08 4.74287e-08 7.90479e-08 9.48574e-08 1.20705e-06
scan 600 100 104 4.21589e-06 0 1.05397e-06 1.26477e-07 1.26477e-07 1.26477e-07 2.10794e-07 2.52953e-07 3.2188e-06
scan 600 100 60 0 0 0 0 0 0 0 0
scan 600 100 61 0 0 0 0 0 0 0 0
scan 600 100 62 0 0 0 0 0 0 0 0
scan 600 100 63 0 0 0 0 0 0 0 0
scan 600 100 64 0 0 0 0 0 0 0 0
scan 600 100 65 0 0 0 0 0 0 0 0
scan 600 100 66 0 0 0 0 0 0 0 0
scan 600 100 67 0 0 0 0 0 0 0 0
scan 600 100 68 0 0 0 0 0 0 0 0
scan 600 100 69 0 0 0 0 0 0 0 0
scan 600 100 70 0 0 0 0 0 0 0 0
scan 600 100 71 0 0 0 0 0 0 0 0
scan 600 100 72 0 0 0 0 0 0 0 0
scan 600 100 73 0 0 0 0 0 0 0 0
scan 600 100 74 0 0 0 0 0 0 0 0
scan 600 100 120 0 0 0 0 0 0 0 0 0
scan 600 100 121 0 0 0 0 0 0 0 0 0
scan 600 100 122 2.63493e-07 0 2.63493e-07 7.90479e-09 7.90479e-09 7.90479e-09 1.31746e-08 1.58096e-08 2.01175e-07
scan 600 100 123 0 0 0 0 0 0 0 0 0
scan 600 100 124 5.26986e-07 0 3.72635e-07 1.58096e-08 1.58096e-08 1.58096e-08 2.63493e-08 3.16191e-08 4.0235e-07
scan 600 100 125 0 0 0 0 0 0 0 0 0
scan 600 100 126 0 0 0 0 0 0 0 0 0
scan 600 100 127 0 0 0 0 0 0 0 0 0
scan 600 100 128 0 0 0 0 0 0 0 0 0
scan 600 100 129 2.63493e-07 0 2.63493e-07 7.90479e-09 7.90479e-09 7.90479e-09 1.31746e-08 1.58096e-08 2.01175e-07
scan 600 100 130 0 0 0 0 0 0 0 0 0
scan 600 100 131 0 0 0 0 0 0 0 0 0
scan 600 100 132 2.63493e-07 0 2.63493e-07 7.90479e-09 7.90479e-09 7.90479e-09 1.31746e-08 1.58096e-08 2.01175e-07
scan 600 100 133 0 0 0 0 0 0 0 0 0
scan 600 100 134 1.05397e-06 0 5.26986e-07 3.16191e-08 3.16191e-08 3.16191e-08 5.26986e-08 6.32383e-08 8.047e-07
scan 600 100 135 2.63493e-07 0 2.63493e-07 7.90479e-09 7.90479e-09 7.90479e-09 1.31746e-08 1.58096e-08 2.01175e-07
scan 600 100 136 2.63493e-07 0 2.63493e-07 7.90479e-09 7.90479e-09 7.90479e-09 1.31746e-08 1.58096e-08 2.01175e-07
scan 600 100 137 2.63493e-07 0 2.63493e-07 7.90479e-09 7.90479e-09 7.90479e-09 1.31746e-08 1.58096e-08 2.01175e-07
scan 600 100 138 2.63493e-07 0 2.63493e-07 7.90479e-09 7.90479e-09 7.90479e-09 1.31746e-08 1.58096e-08 2.01175e-07
scan 600 100 139 1.31746e-06 0 5.89188e-07 3.95239e-08 3.95239e-08 3.95239e-08 6.58732e-08 7.90479e-08 1.00587e-06
scan 600 100 140 0 0 0 0 0 0 0 0 0
scan 600 100 141 0 0 0 0 0 0 0 0 0
scan 600 100 142 2.63493e-07 0 2.63493e-07 7.90479e-09 7.90479e-09 7.90479e-09 1.31746e-08 1.58096e-08 2.01175e-07
scan 600 100 143 2.63493e-07 0 2.63493e-07 7.90479e-09 7.90479e-09 7.90479e-09 1.31746e-08 1.58096e-08 2.01175e-07
scan 600 100 144 5.26986e-07 0 3.72635e-07 1.58096e-08 1.58096e-08 1.58096e-08 2.63493e-08 3.16191e-08 4.0235e-07
scan 600 100 145 0 0 0 0 0 0 0 0 0
scan 600 100 146 0 0 0 0 0 0 0 0 0
scan 600 100 147 5.26986e-07 0 3.72635e-07 1.58096e-08 1.58096e-08 1.58096e-08 2.63493e-08 3.16191e-08 4.0235e-07
scan 600 100 148 5.26986e-07 0 3.72635e-07 1.58096e-08 1.58096e-08 1.58096e-08 2.63493e-08 3.16191e-08 4.0235e-07
scan 600 100 149 1.58096e-06 0 6.45423e-07 4.74287e-08 4.74287e-08 4.74287e-08 7.90479e-08 9.48574e-08 1.20705e-06
scan 600 100 60 0 0 0 0 0 0 0 0
scan 600 100 61 0 0 0 0 0 0 0 0
scan 600 100 62 0 0 0 0 0 0 0 0
scan 600 100 63 0 0 0 0 0 0 0 0
scan 600 100 64 0 0 0 0 0 0 0 0
scan 600 100 65 0 0 0 0 0 0 0 0
scan 600 100 66 0 0 0 0 0 0 0 0
scan 600 100 67 0 0 0 0 0 0 0 0
scan 600 100 68 0 0 0 0 0 0 0 0
scan 600 100 69 0 0 0 0 0 0 0 0
scan 600 100 70 0 0 0 0 0 0 0 0
scan 600 100 71 0 0 0 0 0 0 0 0
scan 600 100 72 0 0 0 0 0 0 0 0
scan 600 100 73 0 0 0 0 0 0 0 0
scan 600 100 74 0 0 0 0 0 0 0 0
scan 600 100 165 0 0 0 0 0 0 0 0 0
scan 600 100 166 0 0 0 0 0 0 0 0 0
scan 600 100 167 2.63493e-07 0 2.63493e-07 7.90479e-09 7.90479e-09 7.90479e-09 1.31746e-08 1.58096e-08 2.01175e-07
scan 600 100 168 2.63493e-07 0 2.63493e-07 7.90479e-09 7.90479e-09 7.90479e-09 1.31746e-08 1.58096e-08 2.01175e-07
scan 600 100 169 5.26986e-07 0 3.72635e-07 1.58096e-08 1.58096e-08 1.58096e-08 2.63493e-08 3.16191e-08 4.0235e-07
scan 600 100 170 0 0 0 0 0 0 0 0 0
scan 600 100 171 0 0 0 0 0 0 0 0 0
scan 600 100 172 2.63493e-07 0 2.63493e-07 7.90479e-09 7.90479e-09 7.90479e-09 1.31746e-08 1.58096e-08 2.01175e-07
scan 600 100 173 0 0 0 0 0 0 0 0 0
scan 600 100 174 0 0 0 0 0 0 0 0 0
scan 600 100 175 0 0 0 0 0 0 0 0 0
scan 600 100 176 0 0 0 0 0 0 0 0 0
scan 600 100 177 0 0 0 0 0 0 0 0 0
scan 600 100 178 0 0 0 0 0 0 0 0 0
scan 600 100 179 7.90479e-07 0 4.56383e-07 2.37144e-08 2.37144e-08 2.37144e-08 3.95239e-08 4.74287e-08 6.03525e-07
