xsec 750 400 0.00112965
scan 750 400 0 8.47241e-07 0 2.18757e-07 2.54172e-08 2.54172e-08 2.54172e-08 4.2362e-08 5.08344e-08 6.57324e-07
scan 750 400 1 1.69448e-06 0 3.09368e-07 5.08344e-08 5.08344e-08 5.08344e-08 8.47241e-08 1.01669e-07 1.31465e-06
scan 750 400 2 3.16303e-06 0 4.22678e-07 9.48909e-08 9.48909e-08 9.48909e-08 1.58152e-07 1.89782e-07 2.45401e-06
scan 750 400 3 3.33248e-06 0 4.33852e-07 9.99744e-08 9.99744e-08 9.99744e-08 1.66624e-07 1.99949e-07 2.58548e-06
scan 750 400 4 1.33864e-05 0 8.6954e-07 4.01592e-07 4.01592e-07 4.01592e-07 6.6932e-07 8.03184e-07 1.03857e-05
scan 750 400 5 1.69448e-07 0 9.78309e-08 5.08344e-09 5.08344e-09 5.08344e-09 8.47241e-09 1.01669e-08 1.31465e-07
scan 750 400 6 1.69448e-07 0 9.78309e-08 5.08344e-09 5.08344e-09 5.08344e-09 8.47241e-09 1.01669e-08 1.31465e-07
scan 750 400 7 4.51862e-07 0 1.59757e-07 1.35558e-08 1.35558e-08 1.35558e-08 2.25931e-08 2.71117e-08 3.50573e-07
scan 750 400 8 3.38896e-07 0 1.38354e-07 1.01669e-08 1.01669e-08 1.01669e-08 1.69448e-08 2.03338e-08 2.6293e-07
scan 750 400 9 2.71117e-06 0 3.91324e-07 8.13351e-08 8.13351e-08 8.13351e-08 1.35558e-07 1.6267e-07 2.10344e-06
scan 750 400 10 1.12965e-07 0 7.98786e-08 3.38896e-09 3.38896e-09 3.38896e-09 5.64827e-09 6.77792e-09 8.76432e-08
scan 750 400 11 1.80745e-06 0 3.19514e-07 5.42234e-08 5.42234e-08 5.42234e-08 9.03723e-08 1.08447e-07 1.40229e-06
scan 750 400 12 2.5982e-06 0 3.83084e-07 7.79461e-08 7.79461e-08 7.79461e-08 1.2991e-07 1.55892e-07 2.01579e-06
scan 750 400 13 2.88062e-06 0 4.03367e-07 8.64185e-08 8.64185e-08 8.64185e-08 1.44031e-07 1.72837e-07 2.2349e-06
scan 750 400 14 2.74506e-05 0 1.24518e-06 8.23518e-07 8.23518e-07 8.23518e-07 1.37253e-06 1.64704e-06 2.12973e-05
scan 750 400 15 1.18614e-06 0 2.58836e-07 3.55841e-08 3.55841e-08 3.55841e-08 5.93068e-08 7.11682e-08 9.20254e-07
scan 750 400 16 2.82414e-06 0 3.99393e-07 8.47241e-08 8.47241e-08 8.47241e-08 1.41207e-07 1.69448e-07 2.19108e-06
scan 750 400 17 4.40565e-06 0 4.98842e-07 1.3217e-07 1.3217e-07 1.3217e-07 2.20283e-07 2.64339e-07 3.41809e-06
scan 750 400 18 4.5751e-06 0 5.08344e-07 1.37253e-07 1.37253e-07 1.37253e-07 2.28755e-07 2.74506e-07 3.54955e-06
scan 750 400 19 1.76791e-05 0 9.99281e-07 5.30373e-07 5.30373e-07 5.30373e-07 8.83954e-07 1.06075e-06 1.37162e-05
scan 750 400 20 5.64827e-07 0 1.78614e-07 1.69448e-08 1.69448e-08 1.69448e-08 2.82414e-08 3.38896e-08 4.38216e-07
scan 750 400 21 3.95379e-07 0 1.49439e-07 1.18614e-08 1.18614e-08 1.18614e-08 1.97689e-08 2.37227e-08 3.06751e-07
scan 750 400 22 5.64827e-07 0 1.78614e-07 1.69448e-08 1.69448e-08 1.69448e-08 2.82414e-08 3.38896e-08 4.38216e-07
scan 750 400 23 5.64827e-07 0 1.78614e-07 1.69448e-08 1.69448e-08 1.69448e-08 2.82414e-08 3.38896e-08 4.38216e-07
scan 750 400 24 3.33248e-06 0 4.33852e-07 9.99744e-08 9.99744e-08 9.99744e-08 1.66624e-07 1.99949e-07 2.58548e-06
scan 750 400 25 3.38896e-07 0 1.38354e-07 1.01669e-08 1.01669e-08 1.01669e-08 1.69448e-08 2.03338e-08 2.6293e-07
scan 750 400 26 1.69448e-06 0 3.09368e-07 5.08344e-08 5.08344e-08 5.08344e-08 8.47241e-08 1.01669e-07 1.31465e-06
scan 750 400 27 3.38896e-06 0 4.37513e-07 1.01669e-07 1.01669e-07 1.01669e-07 1.69448e-07 2.03338e-07 2.6293e-06
scan 750 400 28 4.06675e-06 0 4.79272e-07 1.22003e-07 1.22003e-07 1.22003e-07 2.03338e-07 2.44005e-07 3.15516e-06
scan 750 400 29 2.9258e-05 0 1.28552e-06 8.77741e-07 8.77741e-07 8.77741e-07 1.4629e-06 1.75548e-06 2.26996e-05
scan 750 400 30 1.07317e-06 0 2.46202e-07 3.21951e-08 3.21951e-08 3.21951e-08 5.36586e-08 6.43903e-08 8.32611e-07
scan 750 400 31 2.03338e-06 0 3.38896e-07 6.10013e-08 6.10013e-08 6.10013e-08 1.01669e-07 1.22003e-07 1.57758e-06
scan 750 400 32 4.68806e-06 0 5.14582e-07 1.40642e-07 1.40642e-07 1.40642e-07 2.34403e-07 2.81284e-07 3.63719e-06
scan 750 400 33 5.13993e-06 0 5.38811e-07 1.54198e-07 1.54198e-07 1.54198e-07 2.56996e-07 3.08396e-07 3.98777e-06
scan 750 400 34 1.64365e-05 0 9.63523e-07 4.93094e-07 4.93094e-07 4.93094e-07 8.21823e-07 9.86188e-07 1.27521e-05
scan 750 400 35 3.38896e-07 0 1.38354e-07 1.01669e-08 1.01669e-08 1.01669e-08 1.69448e-08 2.03338e-08 2.6293e-07
scan 750 400 36 7.34275e-07 0 2.03651e-07 2.20283e-08 2.20283e-08 2.20283e-08 3.67138e-08 4.40565e-08 5.69681e-07
scan 750 400 37 4.51862e-07 0 1.59757e-07 1.35558e-08 1.35558e-08 1.35558e-08 2.25931e-08 2.71117e-08 3.50573e-07
scan 750 400 38 1.12965e-06 0 2.52598e-07 3.38896e-08 3.38896e-08 3.38896e-08 5.64827e-08 6.77792e-08 8.76432e-07
scan 750 400 39 2.88062e-06 0 4.03367e-07 8.64185e-08 8.64185e-08 8.64185e-08 1.44031e-07 1.72837e-07 2.2349e-06
scan 750 400 40 1.69448e-07 0 9.78309e-08 5.08344e-09 5.08344e-09 5.08344e-09 8.47241e-09 1.01669e-08 1.31465e-07
scan 750 400 41 2.03338e-06 0 3.38896e-07 6.10013e-08 6.10013e-08 6.10013e-08 1.01669e-07 1.22003e-07 1.57758e-06
scan 750 400 42 3.61489e-06 0 4.51862e-07 1.08447e-07 1.08447e-07 1.08447e-07 1.80745e-07 2.16894e-07 2.80458e-06
scan 750 400 43 4.85751e-06 0 5.23799e-07 1.45725e-07 1.45725e-07 1.45725e-07 2.42876e-07 2.91451e-07 3.76866e-06
scan 750 400 44 3.47369e-05 0 1.40073e-06 1.04211e-06 1.04211e-06 1.04211e-06 1.73684e-06 2.08421e-06 2.69503e-05
scan 750 400 45 5.64827e-08 0 5.64827e-08 1.69448e-09 1.69448e-09 1.69448e-09 2.82414e-09 3.38896e-09 4.38216e-08
scan 750 400 46 0 0 0 0 0 0 0 0 0
scan 750 400 47 5.64827e-08 0 5.64827e-08 1.69448e-09 1.69448e-09 1.69448e-09 2.82414e-09 3.38896e-09 4.38216e-08
scan 750 400 48 0 0 0 0 0 0 0 0 0
scan 750 400 49 0 0 0 0 0 0 0 0 0
scan 750 400 50 0 0 0 0 0 0 0 0 0
scan 750 400 51 5.64827e-08 0 5.64827e-08 1.69448e-09 1.69448e-09 1.69448e-09 2.82414e-09 3.38896e-09 4.38216e-08
scan 750 400 52 0 0 0 0 0 0 0 0 0
scan 750 400 53 0 0 0 0 0 0 0 0 0
scan 750 400 54 0 0 0 0 0 0 0 0 0
scan 750 400 55 0 0 0 0 0 0 0 0 0
scan 750 400 56 0 0 0 0 0 0 0 0 0
scan 750 400 57 1.69448e-07 0 9.78309e-08 5.08344e-09 5.08344e-09 5.08344e-09 8.47241e-09 1.01669e-08 1.31465e-07
scan 750 400 58 5.64827e-08 0 5.64827e-08 1.69448e-09 1.69448e-09 1.69448e-09 2.82414e-09 3.38896e-09 4.38216e-08
scan 750 400 59 2.82414e-07 0 1.26299e-07 8.47241e-09 8.47241e-09 8.47241e-09 1.41207e-08 1.69448e-08 2.19108e-07
scan 750 400 60 0 0 0 0 0 0 0 0
scan 750 400 61 0 0 0 0 0 0 0 0
scan 750 400 62 0 0 0 0 0 0 0 0
scan 750 400 63 0 0 0 0 0 0 0 0
scan 750 400 64 0 0 0 0 0 0 0 0
scan 750 400 65 0 0 0 0 0 0 0 0
scan 750 400 66 0 0 0 0 0 0 0 0
scan 750 400 67 0 0 0 0 0 0 0 0
scan 750 400 68 0 0 0 0 0 0 0 0
scan 750 400 69 0 0 0 0 0 0 0 0
scan 750 400 70 0 0 0 0 0 0 0 0
scan 750 400 71 0 0 0 0 0 0 0 0
scan 750 400 72 0 0 0 0 0 0 0 0
scan 750 400 73 0 0 0 0 0 0 0 0
scan 750 400 74 0 0 0 0 0 0 0 0
scan 750 400 75 0 0 0 0 0 0 0 0 0
scan 750 400 76 0 0 0 0 0 0 0 0 0
scan 750 400 77 0 0 0 0 0 0 0 0 0
scan 750 400 78 0 0 0 0 0 0 0 0 0
scan 750 400 79 5.64827e-08 0 5.64827e-08 1.69448e-09 1.69448e-09 1.69448e-09 2.82414e-09 3.38896e-09 4.38216e-08
scan 750 400 80 0 0 0 0 0 0 0 0 0
scan 750 400 81 0 0 0 0 0 0 0 0 0
scan 750 400 82 0 0 0 0 0 0 0 0 0
scan 750 400 83 0 0 0 0 0 0 0 0 0
scan 750 400 84 0 0 0 0 0 0 0 0 0
scan 750 400 85 0 0 0 0 0 0 0 0 0
scan 750 400 86 0 0 0 0 0 0 0 0 0
scan 750 400 87 0 0 0 0 0 0 0 0 0
scan 750 400 88 0 0 0 0 0 0 0 0 0
scan 750 400 89 5.64827e-08 0 5.64827e-08 1.69448e-09 1.69448e-09 1.69448e-09 2.82414e-09 3.38896e-09 4.38216e-08
scan 750 400 90 0 0 0 0 0 0 0 0 0
scan 750 400 91 1.12965e-07 0 7.98786e-08 3.38896e-09 3.38896e-09 3.38896e-09 5.64827e-09 6.77792e-09 8.76432e-08
scan 750 400 92 0 0 0 0 0 0 0 0 0
scan 750 400 93 5.64827e-08 0 5.64827e-08 1.69448e-09 1.69448e-09 1.69448e-09 2.82414e-09 3.38896e-09 4.38216e-08
scan 750 400 94 1.69448e-07 0 9.78309e-08 5.08344e-09 5.08344e-09 5.08344e-09 8.47241e-09 1.01669e-08 1.31465e-07
scan 750 400 95 0 0 0 0 0 0 0 0 0
scan 750 400 96 0 0 0 0 0 0 0 0 0
scan 750 400 97 0 0 0 0 0 0 0 0 0
scan 750 400 98 0 0 0 0 0 0 0 0 0
scan 750 400 99 0 0 0 0 0 0 0 0 0
scan 750 400 100 0 0 0 0 0 0 0 0 0
scan 750 400 101 1.12965e-07 0 7.98786e-08 3.38896e-09 3.38896e-09 3.38896e-09 5.64827e-09 6.77792e-09 8.76432e-08
scan 750 400 102 1.12965e-07 0 7.98786e-08 3.38896e-09 3.38896e-09 3.38896e-09 5.64827e-09 6.77792e-09 8.76432e-08
scan 750 400 103 1.12965e-07 0 7.98786e-08 3.38896e-09 3.38896e-09 3.38896e-09 5.64827e-09 6.77792e-09 8.76432e-08
scan 750 400 104 6.77792e-07 0 1.95662e-07 2.03338e-08 2.03338e-08 2.03338e-08 3.38896e-08 4.06675e-08 5.25859e-07
scan 750 400 60 0 0 0 0 0 0 0 0
scan 750 400 61 0 0 0 0 0 0 0 0
scan 750 400 62 0 0 0 0 0 0 0 0
scan 750 400 63 0 0 0 0 0 0 0 0
scan 750 400 64 0 0 0 0 0 0 0 0
scan 750 400 65 0 0 0 0 0 0 0 0
scan 750 400 66 0 0 0 0 0 0 0 0
scan 750 400 67 0 0 0 0 0 0 0 0
scan 750 400 68 0 0 0 0 0 0 0 0
scan 750 400 69 0 0 0 0 0 0 0 0
scan 750 400 70 0 0 0 0 0 0 0 0
scan 750 400 71 0 0 0 0 0 0 0 0
scan 750 400 72 0 0 0 0 0 0 0 0
scan 750 400 73 0 0 0 0 0 0 0 0
scan 750 400 74 0 0 0 0 0 0 0 0
scan 750 400 120 0 0 0 0 0 0 0 0 0
scan 750 400 121 0 0 0 0 0 0 0 0 0
scan 750 400 122 0 0 0 0 0 0 0 0 0
scan 750 400 123 0 0 0 0 0 0 0 0 0
scan 750 400 124 0 0 0 0 0 0 0 0 0
scan 750 400 125 0 0 0 0 0 0 0 0 0
scan 750 400 126 0 0 0 0 0 0 0 0 0
scan 750 400 127 0 0 0 0 0 0 0 0 0
scan 750 400 128 5.64827e-08 0 5.64827e-08 1.69448e-09 1.69448e-09 1.69448e-09 2.82414e-09 3.38896e-09 4.38216e-08
scan 750 400 129 0 0 0 0 0 0 0 0 0
scan 750 400 130 0 0 0 0 0 0 0 0 0
scan 750 400 131 0 0 0 0 0 0 0 0 0
scan 750 400 132 0 0 0 0 0 0 0 0 0
scan 750 400 133 5.64827e-08 0 5.64827e-08 1.69448e-09 1.69448e-09 1.69448e-09 2.82414e-09 3.38896e-09 4.38216e-08
scan 750 400 134 3.95379e-07 0 1.49439e-07 1.18614e-08 1.18614e-08 1.18614e-08 1.97689e-08 2.37227e-08 3.06751e-07
scan 750 400 135 5.64827e-08 0 5.64827e-08 1.69448e-09 1.69448e-09 1.69448e-09 2.82414e-09 3.38896e-09 4.38216e-08
scan 750 400 136 1.69448e-07 0 9.78309e-08 5.08344e-09 5.08344e-09 5.08344e-09 8.47241e-09 1.01669e-08 1.31465e-07
scan 750 400 137 0 0 0 0 0 0 0 0 0
scan 750 400 138 0 0 0 0 0 0 0 0 0
scan 750 400 139 1.69448e-07 0 9.78309e-08 5.08344e-09 5.08344e-09 5.08344e-09 8.47241e-09 1.01669e-08 1.31465e-07
scan 750 400 140 0 0 0 0 0 0 0 0 0
scan 750 400 141 5.64827e-08 0 5.64827e-08 1.69448e-09 1.69448e-09 1.69448e-09 2.82414e-09 3.38896e-09 4.38216e-08
scan 750 400 142 0 0 0 0 0 0 0 0 0
scan 750 400 143 0 0 0 0 0 0 0 0 0
scan 750 400 144 0 0 0 0 0 0 0 0 0
scan 750 400 145 0 0 0 0 0 0 0 0 0
scan 750 400 146 0 0 0 0 0 0 0 0 0
scan 750 400 147 5.64827e-08 0 5.64827e-08 1.69448e-09 1.69448e-09 1.69448e-09 2.82414e-09 3.38896e-09 4.38216e-08
scan 750 400 148 5.64827e-08 0 5.64827e-08 1.69448e-09 1.69448e-09 1.69448e-09 2.82414e-09 3.38896e-09 4.38216e-08
scan 750 400 149 3.38896e-07 0 1.38354e-07 1.01669e-08 1.01669e-08 1.01669e-08 1.69448e-08 2.03338e-08 2.6293e-07
scan 750 400 60 0 0 0 0 0 0 0 0
scan 750 400 61 0 0 0 0 0 0 0 0
scan 750 400 62 0 0 0 0 0 0 0 0
scan 750 400 63 0 0 0 0 0 0 0 0
scan 750 400 64 0 0 0 0 0 0 0 0
scan 750 400 65 0 0 0 0 0 0 0 0
scan 750 400 66 0 0 0 0 0 0 0 0
scan 750 400 67 0 0 0 0 0 0 0 0
scan 750 400 68 0 0 0 0 0 0 0 0
scan 750 400 69 0 0 0 0 0 0 0 0
scan 750 400 70 0 0 0 0 0 0 0 0
scan 750 400 71 0 0 0 0 0 0 0 0
scan 750 400 72 0 0 0 0 0 0 0 0
scan 750 400 73 0 0 0 0 0 0 0 0
scan 750 400 74 0 0 0 0 0 0 0 0
scan 750 400 165 0 0 0 0 0 0 0 0 0
scan 750 400 166 0 0 0 0 0 0 0 0 0
scan 750 400 167 5.64827e-08 0 5.64827e-08 1.69448e-09 1.69448e-09 1.69448e-09 2.82414e-09 3.38896e-09 4.38216e-08
scan 750 400 168 0 0 0 0 0 0 0 0 0
scan 750 400 169 5.64827e-08 0 5.64827e-08 1.69448e-09 1.69448e-09 1.69448e-09 2.82414e-09 3.38896e-09 4.38216e-08
scan 750 400 170 0 0 0 0 0 0 0 0 0
scan 750 400 171 0 0 0 0 0 0 0 0 0
scan 750 400 172 0 0 0 0 0 0 0 0 0
scan 750 400 173 0 0 0 0 0 0 0 0 0
scan 750 400 174 5.64827e-08 0 5.64827e-08 1.69448e-09 1.69448e-09 1.69448e-09 2.82414e-09 3.38896e-09 4.38216e-08
scan 750 400 175 0 0 0 0 0 0 0 0 0
scan 750 400 176 0 0 0 0 0 0 0 0 0
scan 750 400 177 0 0 0 0 0 0 0 0 0
scan 750 400 178 0 0 0 0 0 0 0 0 0
scan 750 400 179 0 0 0 0 0 0 0 0 0
