xsec 700 500 0.00185119
scan 700 500 0 3.51727e-06 0 8.06916e-07 1.05518e-07 1.05518e-07 1.05518e-07 1.75863e-07 2.11036e-07 2.71817e-06
scan 700 500 1 4.44286e-06 0 9.06895e-07 1.33286e-07 1.33286e-07 1.33286e-07 2.22143e-07 2.66572e-07 3.43348e-06
scan 700 500 2 8.33037e-06 0 1.24182e-06 2.49911e-07 2.49911e-07 2.49911e-07 4.16518e-07 4.99822e-07 6.43778e-06
scan 700 500 3 5.36846e-06 0 9.96898e-07 1.61054e-07 1.61054e-07 1.61054e-07 2.68423e-07 3.22108e-07 4.14879e-06
scan 700 500 4 1.16625e-05 0 1.46934e-06 3.49875e-07 3.49875e-07 3.49875e-07 5.83126e-07 6.99751e-07 9.01289e-06
scan 700 500 5 1.48095e-06 0 5.23596e-07 4.44286e-08 4.44286e-08 4.44286e-08 7.40477e-08 8.88572e-08 1.14449e-06
scan 700 500 6 2.40655e-06 0 6.67457e-07 7.21965e-08 7.21965e-08 7.21965e-08 1.20328e-07 1.44393e-07 1.8598e-06
scan 700 500 7 1.85119e-06 0 5.85399e-07 5.55358e-08 5.55358e-08 5.55358e-08 9.25596e-08 1.11072e-07 1.43062e-06
scan 700 500 8 5.55358e-07 0 3.20636e-07 1.66607e-08 1.66607e-08 1.66607e-08 2.77679e-08 3.33215e-08 4.29185e-07
scan 700 500 9 1.11072e-06 0 4.53448e-07 3.33215e-08 3.33215e-08 3.33215e-08 5.55358e-08 6.66429e-08 8.5837e-07
scan 700 500 10 3.70239e-07 0 2.61798e-07 1.11072e-08 1.11072e-08 1.11072e-08 1.85119e-08 2.22143e-08 2.86123e-07
scan 700 500 11 5.18334e-06 0 9.79559e-07 1.555e-07 1.555e-07 1.555e-07 2.59167e-07 3.11e-07 4.00573e-06
scan 700 500 12 1.03667e-05 0 1.38531e-06 3.11e-07 3.11e-07 3.11e-07 5.18334e-07 6.22001e-07 8.01145e-06
scan 700 500 13 1.22179e-05 0 1.50392e-06 3.66536e-07 3.66536e-07 3.66536e-07 6.10894e-07 7.33072e-07 9.44207e-06
scan 700 500 14 3.27661e-05 0 2.46285e-06 9.82983e-07 9.82983e-07 9.82983e-07 1.63831e-06 1.96597e-06 2.53219e-05
scan 700 500 15 2.22143e-06 0 6.41272e-07 6.66429e-08 6.66429e-08 6.66429e-08 1.11072e-07 1.33286e-07 1.71674e-06
scan 700 500 16 2.96191e-06 0 7.40477e-07 8.88572e-08 8.88572e-08 8.88572e-08 1.48095e-07 1.77714e-07 2.28899e-06
scan 700 500 17 3.14703e-06 0 7.63266e-07 9.44108e-08 9.44108e-08 9.44108e-08 1.57351e-07 1.88822e-07 2.43205e-06
scan 700 500 18 1.29583e-06 0 4.8978e-07 3.8875e-08 3.8875e-08 3.8875e-08 6.47917e-08 7.77501e-08 1.00143e-06
scan 700 500 19 2.59167e-06 0 6.92653e-07 7.77501e-08 7.77501e-08 7.77501e-08 1.29583e-07 1.555e-07 2.00286e-06
scan 700 500 20 7.40477e-07 0 3.70239e-07 2.22143e-08 2.22143e-08 2.22143e-08 3.70239e-08 4.44286e-08 5.72247e-07
scan 700 500 21 1.29583e-06 0 4.8978e-07 3.8875e-08 3.8875e-08 3.8875e-08 6.47917e-08 7.77501e-08 1.00143e-06
scan 700 500 22 0 0 0 0 0 0 0 0 0
scan 700 500 23 5.55358e-07 0 3.20636e-07 1.66607e-08 1.66607e-08 1.66607e-08 2.77679e-08 3.33215e-08 4.29185e-07
scan 700 500 24 7.40477e-07 0 3.70239e-07 2.22143e-08 2.22143e-08 2.22143e-08 3.70239e-08 4.44286e-08 5.72247e-07
scan 700 500 25 0 0 0 0 0 0 0 0 0
scan 700 500 26 3.70239e-07 0 2.61798e-07 1.11072e-08 1.11072e-08 1.11072e-08 1.85119e-08 2.22143e-08 2.86123e-07
scan 700 500 27 4.07262e-06 0 8.68286e-07 1.22179e-07 1.22179e-07 1.22179e-07 2.03631e-07 2.44357e-07 3.14736e-06
scan 700 500 28 3.33215e-06 0 7.85395e-07 9.99644e-08 9.99644e-08 9.99644e-08 1.66607e-07 1.99929e-07 2.57511e-06
scan 700 500 29 6.29406e-06 0 1.07942e-06 1.88822e-07 1.88822e-07 1.88822e-07 3.14703e-07 3.77643e-07 4.8641e-06
scan 700 500 30 3.70239e-07 0 2.61798e-07 1.11072e-08 1.11072e-08 1.11072e-08 1.85119e-08 2.22143e-08 2.86123e-07
scan 700 500 31 5.55358e-07 0 3.20636e-07 1.66607e-08 1.66607e-08 1.66607e-08 2.77679e-08 3.33215e-08 4.29185e-07
scan 700 500 32 5.55358e-07 0 3.20636e-07 1.66607e-08 1.66607e-08 1.66607e-08 2.77679e-08 3.33215e-08 4.29185e-07
scan 700 500 33 1.85119e-07 0 1.85119e-07 5.55358e-09 5.55358e-09 5.55358e-09 9.25596e-09 1.11072e-08 1.43062e-07
scan 700 500 34 3.70239e-07 0 2.61798e-07 1.11072e-08 1.11072e-08 1.11072e-08 1.85119e-08 2.22143e-08 2.86123e-07
scan 700 500 35 1.85119e-07 0 1.85119e-07 5.55358e-09 5.55358e-09 5.55358e-09 9.25596e-09 1.11072e-08 1.43062e-07
scan 700 500 36 0 0 0 0 0 0 0 0 0
scan 700 500 37 0 0 0 0 0 0 0 0 0
scan 700 500 38 0 0 0 0 0 0 0 0 0
scan 700 500 39 5.55358e-07 0 3.20636e-07 1.66607e-08 1.66607e-08 1.66607e-08 2.77679e-08 3.33215e-08 4.29185e-07
scan 700 500 40 1.85119e-07 0 1.85119e-07 5.55358e-09 5.55358e-09 5.55358e-09 9.25596e-09 1.11072e-08 1.43062e-07
scan 700 500 41 1.85119e-07 0 1.85119e-07 5.55358e-09 5.55358e-09 5.55358e-09 9.25596e-09 1.11072e-08 1.43062e-07
scan 700 500 42 5.55358e-07 0 3.20636e-07 1.66607e-08 1.66607e-08 1.66607e-08 2.77679e-08 3.33215e-08 4.29185e-07
scan 700 500 43 9.25596e-07 0 4.13939e-07 2.77679e-08 2.77679e-08 2.77679e-08 4.62798e-08 5.55358e-08 7.15308e-07
scan 700 500 44 1.11072e-06 0 4.53448e-07 3.33215e-08 3.33215e-08 3.33215e-08 5.55358e-08 6.66429e-08 8.5837e-07
scan 700 500 45 1.85119e-07 0 1.85119e-07 5.55358e-09 5.55358e-09 5.55358e-09 9.25596e-09 1.11072e-08 1.43062e-07
scan 700 500 46 1.85119e-07 0 1.85119e-07 5.55358e-09 5.55358e-09 5.55358e-09 9.25596e-09 1.11072e-08 1.43062e-07
scan 700 500 47 0 0 0 0 0 0 0 0 0
scan 700 500 48 0 0 0 0 0 0 0 0 0
scan 700 500 49 1.85119e-07 0 1.85119e-07 5.55358e-09 5.55358e-09 5.55358e-09 9.25596e-09 1.11072e-08 1.43062e-07
scan 700 500 50 0 0 0 0 0 0 0 0 0
scan 700 500 51 0 0 0 0 0 0 0 0 0
scan 700 500 52 0 0 0 0 0 0 0 0 0
scan 700 500 53 0 0 0 0 0 0 0 0 0
scan 700 500 54 0 0 0 0 0 0 0 0 0
scan 700 500 55 0 0 0 0 0 0 0 0 0
scan 700 500 56 0 0 0 0 0 0 0 0 0
scan 700 500 57 0 0 0 0 0 0 0 0 0
scan 700 500 58 0 0 0 0 0 0 0 0 0
scan 700 500 59 0 0 0 0 0 0 0 0 0
scan 700 500 60 0 0 0 0 0 0 0 0
scan 700 500 61 0 0 0 0 0 0 0 0
scan 700 500 62 0 0 0 0 0 0 0 0
scan 700 500 63 0 0 0 0 0 0 0 0
scan 700 500 64 0 0 0 0 0 0 0 0
scan 700 500 65 0 0 0 0 0 0 0 0
scan 700 500 66 0 0 0 0 0 0 0 0
scan 700 500 67 0 0 0 0 0 0 0 0
scan 700 500 68 0 0 0 0 0 0 0 0
scan 700 500 69 0 0 0 0 0 0 0 0
scan 700 500 70 0 0 0 0 0 0 0 0
scan 700 500 71 0 0 0 0 0 0 0 0
scan 700 500 72 0 0 0 0 0 0 0 0
scan 700 500 73 0 0 0 0 0 0 0 0
scan 700 500 74 0 0 0 0 0 0 0 0
scan 700 500 75 0 0 0 0 0 0 0 0 0
scan 700 500 76 0 0 0 0 0 0 0 0 0
scan 700 500 77 0 0 0 0 0 0 0 0 0
scan 700 500 78 0 0 0 0 0 0 0 0 0
scan 700 500 79 0 0 0 0 0 0 0 0 0
scan 700 500 80 0 0 0 0 0 0 0 0 0
scan 700 500 81 0 0 0 0 0 0 0 0 0
scan 700 500 82 0 0 0 0 0 0 0 0 0
scan 700 500 83 0 0 0 0 0 0 0 0 0
scan 700 500 84 0 0 0 0 0 0 0 0 0
scan 700 500 85 0 0 0 0 0 0 0 0 0
scan 700 500 86 0 0 0 0 0 0 0 0 0
scan 700 500 87 0 0 0 0 0 0 0 0 0
scan 700 500 88 0 0 0 0 0 0 0 0 0
scan 700 500 89 0 0 0 0 0 0 0 0 0
scan 700 500 90 0 0 0 0 0 0 0 0 0
scan 700 500 91 1.85119e-07 0 1.85119e-07 5.55358e-09 5.55358e-09 5.55358e-09 9.25596e-09 1.11072e-08 1.43062e-07
scan 700 500 92 0 0 0 0 0 0 0 0 0
scan 700 500 93 0 0 0 0 0 0 0 0 0
scan 700 500 94 0 0 0 0 0 0 0 0 0
scan 700 500 95 0 0 0 0 0 0 0 0 0
scan 700 500 96 0 0 0 0 0 0 0 0 0
scan 700 500 97 0 0 0 0 0 0 0 0 0
scan 700 500 98 0 0 0 0 0 0 0 0 0
scan 700 500 99 0 0 0 0 0 0 0 0 0
scan 700 500 100 0 0 0 0 0 0 0 0 0
scan 700 500 101 0 0 0 0 0 0 0 0 0
scan 700 500 102 0 0 0 0 0 0 0 0 0
scan 700 500 103 0 0 0 0 0 0 0 0 0
scan 700 500 104 7.40477e-07 0 3.70239e-07 2.22143e-08 2.22143e-08 2.22143e-08 3.70239e-08 4.44286e-08 5.72247e-07
scan 700 500 60 0 0 0 0 0 0 0 0
scan 700 500 61 0 0 0 0 0 0 0 0
scan 700 500 62 0 0 0 0 0 0 0 0
scan 700 500 63 0 0 0 0 0 0 0 0
scan 700 500 64 0 0 0 0 0 0 0 0
scan 700 500 65 0 0 0 0 0 0 0 0
scan 700 500 66 0 0 0 0 0 0 0 0
scan 700 500 67 0 0 0 0 0 0 0 0
scan 700 500 68 0 0 0 0 0 0 0 0
scan 700 500 69 0 0 0 0 0 0 0 0
scan 700 500 70 0 0 0 0 0 0 0 0
scan 700 500 71 0 0 0 0 0 0 0 0
scan 700 500 72 0 0 0 0 0 0 0 0
scan 700 500 73 0 0 0 0 0 0 0 0
scan 700 500 74 0 0 0 0 0 0 0 0
scan 700 500 120 0 0 0 0 0 0 0 0 0
scan 700 500 121 0 0 0 0 0 0 0 0 0
scan 700 500 122 0 0 0 0 0 0 0 0 0
scan 700 500 123 0 0 0 0 0 0 0 0 0
scan 700 500 124 0 0 0 0 0 0 0 0 0
scan 700 500 125 0 0 0 0 0 0 0 0 0
scan 700 500 126 0 0 0 0 0 0 0 0 0
scan 700 500 127 0 0 0 0 0 0 0 0 0
scan 700 500 128 0 0 0 0 0 0 0 0 0
scan 700 500 129 0 0 0 0 0 0 0 0 0
scan 700 500 130 0 0 0 0 0 0 0 0 0
scan 700 500 131 0 0 0 0 0 0 0 0 0
scan 700 500 132 0 0 0 0 0 0 0 0 0
scan 700 500 133 0 0 0 0 0 0 0 0 0
scan 700 500 134 0 0 0 0 0 0 0 0 0
scan 700 500 135 0 0 0 0 0 0 0 0 0
scan 700 500 136 0 0 0 0 0 0 0 0 0
scan 700 500 137 0 0 0 0 0 0 0 0 0
scan 700 500 138 0 0 0 0 0 0 0 0 0
scan 700 500 139 0 0 0 0 0 0 0 0 0
scan 700 500 140 0 0 0 0 0 0 0 0 0
scan 700 500 141 0 0 0 0 0 0 0 0 0
scan 700 500 142 0 0 0 0 0 0 0 0 0
scan 700 500 143 0 0 0 0 0 0 0 0 0
scan 700 500 144 0 0 0 0 0 0 0 0 0
scan 700 500 145 0 0 0 0 0 0 0 0 0
scan 700 500 146 0 0 0 0 0 0 0 0 0
scan 700 500 147 0 0 0 0 0 0 0 0 0
scan 700 500 148 0 0 0 0 0 0 0 0 0
scan 700 500 149 0 0 0 0 0 0 0 0 0
scan 700 500 60 0 0 0 0 0 0 0 0
scan 700 500 61 0 0 0 0 0 0 0 0
scan 700 500 62 0 0 0 0 0 0 0 0
scan 700 500 63 0 0 0 0 0 0 0 0
scan 700 500 64 0 0 0 0 0 0 0 0
scan 700 500 65 0 0 0 0 0 0 0 0
scan 700 500 66 0 0 0 0 0 0 0 0
scan 700 500 67 0 0 0 0 0 0 0 0
scan 700 500 68 0 0 0 0 0 0 0 0
scan 700 500 69 0 0 0 0 0 0 0 0
scan 700 500 70 0 0 0 0 0 0 0 0
scan 700 500 71 0 0 0 0 0 0 0 0
scan 700 500 72 0 0 0 0 0 0 0 0
scan 700 500 73 0 0 0 0 0 0 0 0
scan 700 500 74 0 0 0 0 0 0 0 0
scan 700 500 165 0 0 0 0 0 0 0 0 0
scan 700 500 166 0 0 0 0 0 0 0 0 0
scan 700 500 167 0 0 0 0 0 0 0 0 0
scan 700 500 168 0 0 0 0 0 0 0 0 0
scan 700 500 169 0 0 0 0 0 0 0 0 0
scan 700 500 170 0 0 0 0 0 0 0 0 0
scan 700 500 171 0 0 0 0 0 0 0 0 0
scan 700 500 172 0 0 0 0 0 0 0 0 0
scan 700 500 173 0 0 0 0 0 0 0 0 0
scan 700 500 174 0 0 0 0 0 0 0 0 0
scan 700 500 175 0 0 0 0 0 0 0 0 0
scan 700 500 176 0 0 0 0 0 0 0 0 0
scan 700 500 177 0 0 0 0 0 0 0 0 0
scan 700 500 178 0 0 0 0 0 0 0 0 0
scan 700 500 179 0 0 0 0 0 0 0 0 0
