xsec 900 100 0.000291345
scan 900 100 0 1.01971e-07 0 3.85414e-08 3.05913e-09 3.05913e-09 3.05913e-09 5.09854e-09 6.11825e-09 7.98682e-08
scan 900 100 1 2.03942e-07 0 5.45057e-08 6.11825e-09 6.11825e-09 6.11825e-09 1.01971e-08 1.22365e-08 1.59736e-07
scan 900 100 2 1.45673e-07 0 4.60658e-08 4.37018e-09 4.37018e-09 4.37018e-09 7.28364e-09 8.74036e-09 1.14097e-07
scan 900 100 3 1.01971e-07 0 3.85414e-08 3.05913e-09 3.05913e-09 3.05913e-09 5.09854e-09 6.11825e-09 7.98682e-08
scan 900 100 4 1.17995e-06 0 1.31105e-07 3.53985e-08 3.53985e-08 3.53985e-08 5.89974e-08 7.07969e-08 9.24189e-07
scan 900 100 5 0 0 0 0 0 0 0 0 0
scan 900 100 6 4.37018e-08 0 2.52313e-08 1.31105e-09 1.31105e-09 1.31105e-09 2.18509e-09 2.62211e-09 3.42292e-08
scan 900 100 7 4.37018e-08 0 2.52313e-08 1.31105e-09 1.31105e-09 1.31105e-09 2.18509e-09 2.62211e-09 3.42292e-08
scan 900 100 8 2.91345e-08 0 2.06012e-08 8.74036e-10 8.74036e-10 8.74036e-10 1.45673e-09 1.74807e-09 2.28195e-08
scan 900 100 9 4.95287e-07 0 8.49411e-08 1.48586e-08 1.48586e-08 1.48586e-08 2.47644e-08 2.97172e-08 3.87931e-07
scan 900 100 10 1.45673e-08 0 1.45673e-08 4.37018e-10 4.37018e-10 4.37018e-10 7.28364e-10 8.74036e-10 1.14097e-08
scan 900 100 11 1.6024e-07 0 4.83142e-08 4.8072e-09 4.8072e-09 4.8072e-09 8.012e-09 9.6144e-09 1.25507e-07
scan 900 100 12 2.62211e-07 0 6.18037e-08 7.86633e-09 7.86633e-09 7.86633e-09 1.31105e-08 1.57327e-08 2.05375e-07
scan 900 100 13 4.07884e-07 0 7.70827e-08 1.22365e-08 1.22365e-08 1.22365e-08 2.03942e-08 2.4473e-08 3.19473e-07
scan 900 100 14 9.17738e-06 0 3.65636e-07 2.75321e-07 2.75321e-07 2.75321e-07 4.58869e-07 5.50643e-07 7.18814e-06
scan 900 100 15 7.28364e-08 0 3.25734e-08 2.18509e-09 2.18509e-09 2.18509e-09 3.64182e-09 4.37018e-09 5.70487e-08
scan 900 100 16 1.01971e-07 0 3.85414e-08 3.05913e-09 3.05913e-09 3.05913e-09 5.09854e-09 6.11825e-09 7.98682e-08
scan 900 100 17 2.03942e-07 0 5.45057e-08 6.11825e-09 6.11825e-09 6.11825e-09 1.01971e-08 1.22365e-08 1.59736e-07
scan 900 100 18 1.45673e-07 0 4.60658e-08 4.37018e-09 4.37018e-09 4.37018e-09 7.28364e-09 8.74036e-09 1.14097e-07
scan 900 100 19 1.74807e-06 0 1.59576e-07 5.24422e-08 5.24422e-08 5.24422e-08 8.74036e-08 1.04884e-07 1.36917e-06
scan 900 100 20 1.45673e-08 0 1.45673e-08 4.37018e-10 4.37018e-10 4.37018e-10 7.28364e-10 8.74036e-10 1.14097e-08
scan 900 100 21 0 0 0 0 0 0 0 0 0
scan 900 100 22 1.01971e-07 0 3.85414e-08 3.05913e-09 3.05913e-09 3.05913e-09 5.09854e-09 6.11825e-09 7.98682e-08
scan 900 100 23 8.74036e-08 0 3.56824e-08 2.62211e-09 2.62211e-09 2.62211e-09 4.37018e-09 5.24422e-09 6.84585e-08
scan 900 100 24 7.13796e-07 0 1.01971e-07 2.14139e-08 2.14139e-08 2.14139e-08 3.56898e-08 4.28278e-08 5.59078e-07
scan 900 100 25 1.45673e-08 0 1.45673e-08 4.37018e-10 4.37018e-10 4.37018e-10 7.28364e-10 8.74036e-10 1.14097e-08
scan 900 100 26 7.28364e-08 0 3.25734e-08 2.18509e-09 2.18509e-09 2.18509e-09 3.64182e-09 4.37018e-09 5.70487e-08
scan 900 100 27 2.47644e-07 0 6.00624e-08 7.42931e-09 7.42931e-09 7.42931e-09 1.23822e-08 1.48586e-08 1.93966e-07
scan 900 100 28 2.47644e-07 0 6.00624e-08 7.42931e-09 7.42931e-09 7.42931e-09 1.23822e-08 1.48586e-08 1.93966e-07
scan 900 100 29 7.42931e-06 0 3.28975e-07 2.22879e-07 2.22879e-07 2.22879e-07 3.71465e-07 4.45758e-07 5.81897e-06
scan 900 100 30 1.74807e-07 0 5.04625e-08 5.24422e-09 5.24422e-09 5.24422e-09 8.74036e-09 1.04884e-08 1.36917e-07
scan 900 100 31 6.11825e-07 0 9.44067e-08 1.83548e-08 1.83548e-08 1.83548e-08 3.05913e-08 3.67095e-08 4.79209e-07
scan 900 100 32 1.10711e-06 0 1.26995e-07 3.32134e-08 3.32134e-08 3.32134e-08 5.53556e-08 6.64268e-08 8.67141e-07
scan 900 100 33 1.19452e-06 0 1.31912e-07 3.58355e-08 3.58355e-08 3.58355e-08 5.97258e-08 7.1671e-08 9.35599e-07
scan 900 100 34 1.13479e-05 0 4.06581e-07 3.40437e-07 3.40437e-07 3.40437e-07 5.67395e-07 6.80874e-07 8.88819e-06
scan 900 100 35 5.82691e-08 0 2.91345e-08 1.74807e-09 1.74807e-09 1.74807e-09 2.91345e-09 3.49614e-09 4.5639e-08
scan 900 100 36 1.6024e-07 0 4.83142e-08 4.8072e-09 4.8072e-09 4.8072e-09 8.012e-09 9.6144e-09 1.25507e-07
scan 900 100 37 2.33076e-07 0 5.82691e-08 6.99229e-09 6.99229e-09 6.99229e-09 1.16538e-08 1.39846e-08 1.82556e-07
scan 900 100 38 3.93316e-07 0 7.56938e-08 1.17995e-08 1.17995e-08 1.17995e-08 1.96658e-08 2.3599e-08 3.08063e-07
scan 900 100 39 4.20994e-06 0 2.47644e-07 1.26298e-07 1.26298e-07 1.26298e-07 2.10497e-07 2.52596e-07 3.29742e-06
scan 900 100 40 1.16538e-07 0 4.12025e-08 3.49614e-09 3.49614e-09 3.49614e-09 5.82691e-09 6.99229e-09 9.1278e-08
scan 900 100 41 6.84662e-07 0 9.98682e-08 2.05399e-08 2.05399e-08 2.05399e-08 3.42331e-08 4.10797e-08 5.36258e-07
scan 900 100 42 1.39846e-06 0 1.4273e-07 4.19537e-08 4.19537e-08 4.19537e-08 6.99229e-08 8.39075e-08 1.09534e-06
scan 900 100 43 1.96658e-06 0 1.69256e-07 5.89974e-08 5.89974e-08 5.89974e-08 9.83291e-08 1.17995e-07 1.54032e-06
scan 900 100 44 4.22159e-05 0 7.84201e-07 1.26648e-06 1.26648e-06 1.26648e-06 2.1108e-06 2.53296e-06 3.30654e-05
scan 900 100 45 4.37018e-08 0 2.52313e-08 1.31105e-09 1.31105e-09 1.31105e-09 2.18509e-09 2.62211e-09 3.42292e-08
scan 900 100 46 2.91345e-08 0 2.06012e-08 8.74036e-10 8.74036e-10 8.74036e-10 1.45673e-09 1.74807e-09 2.28195e-08
scan 900 100 47 2.91345e-08 0 2.06012e-08 8.74036e-10 8.74036e-10 8.74036e-10 1.45673e-09 1.74807e-09 2.28195e-08
scan 900 100 48 0 0 0 0 0 0 0 0 0
scan 900 100 49 4.37018e-08 0 2.52313e-08 1.31105e-09 1.31105e-09 1.31105e-09 2.18509e-09 2.62211e-09 3.42292e-08
scan 900 100 50 0 0 0 0 0 0 0 0 0
scan 900 100 51 1.45673e-08 0 1.45673e-08 4.37018e-10 4.37018e-10 4.37018e-10 7.28364e-10 8.74036e-10 1.14097e-08
scan 900 100 52 1.45673e-08 0 1.45673e-08 4.37018e-10 4.37018e-10 4.37018e-10 7.28364e-10 8.74036e-10 1.14097e-08
scan 900 100 53 1.45673e-08 0 1.45673e-08 4.37018e-10 4.37018e-10 4.37018e-10 7.28364e-10 8.74036e-10 1.14097e-08
scan 900 100 54 1.45673e-08 0 1.45673e-08 4.37018e-10 4.37018e-10 4.37018e-10 7.28364e-10 8.74036e-10 1.14097e-08
scan 900 100 55 0 0 0 0 0 0 0 0 0
scan 900 100 56 0 0 0 0 0 0 0 0 0
scan 900 100 57 1.45673e-08 0 1.45673e-08 4.37018e-10 4.37018e-10 4.37018e-10 7.28364e-10 8.74036e-10 1.14097e-08
scan 900 100 58 2.91345e-08 0 2.06012e-08 8.74036e-10 8.74036e-10 8.74036e-10 1.45673e-09 1.74807e-09 2.28195e-08
scan 900 100 59 3.35047e-07 0 6.98622e-08 1.00514e-08 1.00514e-08 1.00514e-08 1.67524e-08 2.01028e-08 2.62424e-07
scan 900 100 60 0 0 0 0 0 0 0 0
scan 900 100 61 0 0 0 0 0 0 0 0
scan 900 100 62 0 0 0 0 0 0 0 0
scan 900 100 63 0 0 0 0 0 0 0 0
scan 900 100 64 0 0 0 0 0 0 0 0
scan 900 100 65 0 0 0 0 0 0 0 0
scan 900 100 66 0 0 0 0 0 0 0 0
scan 900 100 67 0 0 0 0 0 0 0 0
scan 900 100 68 0 0 0 0 0 0 0 0
scan 900 100 69 0 0 0 0 0 0 0 0
scan 900 100 70 0 0 0 0 0 0 0 0
scan 900 100 71 0 0 0 0 0 0 0 0
scan 900 100 72 0 0 0 0 0 0 0 0
scan 900 100 73 0 0 0 0 0 0 0 0
scan 900 100 74 0 0 0 0 0 0 0 0
scan 900 100 75 0 0 0 0 0 0 0 0 0
scan 900 100 76 1.45673e-08 0 1.45673e-08 4.37018e-10 4.37018e-10 4.37018e-10 7.28364e-10 8.74036e-10 1.14097e-08
scan 900 100 77 1.45673e-08 0 1.45673e-08 4.37018e-10 4.37018e-10 4.37018e-10 7.28364e-10 8.74036e-10 1.14097e-08
scan 900 100 78 1.45673e-08 0 1.45673e-08 4.37018e-10 4.37018e-10 4.37018e-10 7.28364e-10 8.74036e-10 1.14097e-08
scan 900 100 79 1.45673e-08 0 1.45673e-08 4.37018e-10 4.37018e-10 4.37018e-10 7.28364e-10 8.74036e-10 1.14097e-08
scan 900 100 80 0 0 0 0 0 0 0 0 0
scan 900 100 81 0 0 0 0 0 0 0 0 0
scan 900 100 82 0 0 0 0 0 0 0 0 0
scan 900 100 83 0 0 0 0 0 0 0 0 0
scan 900 100 84 0 0 0 0 0 0 0 0 0
scan 900 100 85 0 0 0 0 0 0 0 0 0
scan 900 100 86 0 0 0 0 0 0 0 0 0
scan 900 100 87 1.45673e-08 0 1.45673e-08 4.37018e-10 4.37018e-10 4.37018e-10 7.28364e-10 8.74036e-10 1.14097e-08
scan 900 100 88 0 0 0 0 0 0 0 0 0
scan 900 100 89 1.31105e-07 0 4.37018e-08 3.93316e-09 3.93316e-09 3.93316e-09 6.55527e-09 7.86633e-09 1.02688e-07
scan 900 100 90 5.82691e-08 0 2.91345e-08 1.74807e-09 1.74807e-09 1.74807e-09 2.91345e-09 3.49614e-09 4.5639e-08
scan 900 100 91 7.28364e-08 0 3.25734e-08 2.18509e-09 2.18509e-09 2.18509e-09 3.64182e-09 4.37018e-09 5.70487e-08
scan 900 100 92 7.28364e-08 0 3.25734e-08 2.18509e-09 2.18509e-09 2.18509e-09 3.64182e-09 4.37018e-09 5.70487e-08
scan 900 100 93 1.45673e-08 0 1.45673e-08 4.37018e-10 4.37018e-10 4.37018e-10 7.28364e-10 8.74036e-10 1.14097e-08
scan 900 100 94 1.6024e-07 0 4.83142e-08 4.8072e-09 4.8072e-09 4.8072e-09 8.012e-09 9.6144e-09 1.25507e-07
scan 900 100 95 0 0 0 0 0 0 0 0 0
scan 900 100 96 4.37018e-08 0 2.52313e-08 1.31105e-09 1.31105e-09 1.31105e-09 2.18509e-09 2.62211e-09 3.42292e-08
scan 900 100 97 0 0 0 0 0 0 0 0 0
scan 900 100 98 0 0 0 0 0 0 0 0 0
scan 900 100 99 0 0 0 0 0 0 0 0 0
scan 900 100 100 0 0 0 0 0 0 0 0 0
scan 900 100 101 1.45673e-08 0 1.45673e-08 4.37018e-10 4.37018e-10 4.37018e-10 7.28364e-10 8.74036e-10 1.14097e-08
scan 900 100 102 1.16538e-07 0 4.12025e-08 3.49614e-09 3.49614e-09 3.49614e-09 5.82691e-09 6.99229e-09 9.1278e-08
scan 900 100 103 1.01971e-07 0 3.85414e-08 3.05913e-09 3.05913e-09 3.05913e-09 5.09854e-09 6.11825e-09 7.98682e-08
scan 900 100 104 7.13796e-07 0 1.01971e-07 2.14139e-08 2.14139e-08 2.14139e-08 3.56898e-08 4.28278e-08 5.59078e-07
scan 900 100 60 0 0 0 0 0 0 0 0
scan 900 100 61 0 0 0 0 0 0 0 0
scan 900 100 62 0 0 0 0 0 0 0 0
scan 900 100 63 0 0 0 0 0 0 0 0
scan 900 100 64 0 0 0 0 0 0 0 0
scan 900 100 65 0 0 0 0 0 0 0 0
scan 900 100 66 0 0 0 0 0 0 0 0
scan 900 100 67 0 0 0 0 0 0 0 0
scan 900 100 68 0 0 0 0 0 0 0 0
scan 900 100 69 0 0 0 0 0 0 0 0
scan 900 100 70 0 0 0 0 0 0 0 0
scan 900 100 71 0 0 0 0 0 0 0 0
scan 900 100 72 0 0 0 0 0 0 0 0
scan 900 100 73 0 0 0 0 0 0 0 0
scan 900 100 74 0 0 0 0 0 0 0 0
scan 900 100 120 0 0 0 0 0 0 0 0 0
scan 900 100 121 0 0 0 0 0 0 0 0 0
scan 900 100 122 1.45673e-08 0 1.45673e-08 4.37018e-10 4.37018e-10 4.37018e-10 7.28364e-10 8.74036e-10 1.14097e-08
scan 900 100 123 1.45673e-08 0 1.45673e-08 4.37018e-10 4.37018e-10 4.37018e-10 7.28364e-10 8.74036e-10 1.14097e-08
scan 900 100 124 4.37018e-08 0 2.52313e-08 1.31105e-09 1.31105e-09 1.31105e-09 2.18509e-09 2.62211e-09 3.42292e-08
scan 900 100 125 0 0 0 0 0 0 0 0 0
scan 900 100 126 0 0 0 0 0 0 0 0 0
scan 900 100 127 0 0 0 0 0 0 0 0 0
scan 900 100 128 1.45673e-08 0 1.45673e-08 4.37018e-10 4.37018e-10 4.37018e-10 7.28364e-10 8.74036e-10 1.14097e-08
scan 900 100 129 1.45673e-08 0 1.45673e-08 4.37018e-10 4.37018e-10 4.37018e-10 7.28364e-10 8.74036e-10 1.14097e-08
scan 900 100 130 0 0 0 0 0 0 0 0 0
scan 900 100 131 0 0 0 0 0 0 0 0 0
scan 900 100 132 2.91345e-08 0 2.06012e-08 8.74036e-10 8.74036e-10 8.74036e-10 1.45673e-09 1.74807e-09 2.28195e-08
scan 900 100 133 5.82691e-08 0 2.91345e-08 1.74807e-09 1.74807e-09 1.74807e-09 2.91345e-09 3.49614e-09 4.5639e-08
scan 900 100 134 4.22451e-07 0 7.84472e-08 1.26735e-08 1.26735e-08 1.26735e-08 2.11225e-08 2.53471e-08 3.30883e-07
scan 900 100 135 2.91345e-08 0 2.06012e-08 8.74036e-10 8.74036e-10 8.74036e-10 1.45673e-09 1.74807e-09 2.28195e-08
scan 900 100 136 4.37018e-08 0 2.52313e-08 1.31105e-09 1.31105e-09 1.31105e-09 2.18509e-09 2.62211e-09 3.42292e-08
scan 900 100 137 4.37018e-08 0 2.52313e-08 1.31105e-09 1.31105e-09 1.31105e-09 2.18509e-09 2.62211e-09 3.42292e-08
scan 900 100 138 2.91345e-08 0 2.06012e-08 8.74036e-10 8.74036e-10 8.74036e-10 1.45673e-09 1.74807e-09 2.28195e-08
scan 900 100 139 1.16538e-07 0 4.12025e-08 3.49614e-09 3.49614e-09 3.49614e-09 5.82691e-09 6.99229e-09 9.1278e-08
scan 900 100 140 0 0 0 0 0 0 0 0 0
scan 900 100 141 0 0 0 0 0 0 0 0 0
scan 900 100 142 0 0 0 0 0 0 0 0 0
scan 900 100 143 2.91345e-08 0 2.06012e-08 8.74036e-10 8.74036e-10 8.74036e-10 1.45673e-09 1.74807e-09 2.28195e-08
scan 900 100 144 8.74036e-08 0 3.56824e-08 2.62211e-09 2.62211e-09 2.62211e-09 4.37018e-09 5.24422e-09 6.84585e-08
scan 900 100 145 0 0 0 0 0 0 0 0 0
scan 900 100 146 1.45673e-08 0 1.45673e-08 4.37018e-10 4.37018e-10 4.37018e-10 7.28364e-10 8.74036e-10 1.14097e-08
scan 900 100 147 1.45673e-08 0 1.45673e-08 4.37018e-10 4.37018e-10 4.37018e-10 7.28364e-10 8.74036e-10 1.14097e-08
scan 900 100 148 7.28364e-08 0 3.25734e-08 2.18509e-09 2.18509e-09 2.18509e-09 3.64182e-09 4.37018e-09 5.70487e-08
scan 900 100 149 4.07884e-07 0 7.70827e-08 1.22365e-08 1.22365e-08 1.22365e-08 2.03942e-08 2.4473e-08 3.19473e-07
scan 900 100 60 0 0 0 0 0 0 0 0
scan 900 100 61 0 0 0 0 0 0 0 0
scan 900 100 62 0 0 0 0 0 0 0 0
scan 900 100 63 0 0 0 0 0 0 0 0
scan 900 100 64 0 0 0 0 0 0 0 0
scan 900 100 65 0 0 0 0 0 0 0 0
scan 900 100 66 0 0 0 0 0 0 0 0
scan 900 100 67 0 0 0 0 0 0 0 0
scan 900 100 68 0 0 0 0 0 0 0 0
scan 900 100 69 0 0 0 0 0 0 0 0
scan 900 100 70 0 0 0 0 0 0 0 0
scan 900 100 71 0 0 0 0 0 0 0 0
scan 900 100 72 0 0 0 0 0 0 0 0
scan 900 100 73 0 0 0 0 0 0 0 0
scan 900 100 74 0 0 0 0 0 0 0 0
scan 900 100 165 1.45673e-08 0 1.45673e-08 4.37018e-10 4.37018e-10 4.37018e-10 7.28364e-10 8.74036e-10 1.14097e-08
scan 900 100 166 1.45673e-08 0 1.45673e-08 4.37018e-10 4.37018e-10 4.37018e-10 7.28364e-10 8.74036e-10 1.14097e-08
scan 900 100 167 1.45673e-08 0 1.45673e-08 4.37018e-10 4.37018e-10 4.37018e-10 7.28364e-10 8.74036e-10 1.14097e-08
scan 900 100 168 1.45673e-08 0 1.45673e-08 4.37018e-10 4.37018e-10 4.37018e-10 7.28364e-10 8.74036e-10 1.14097e-08
scan 900 100 169 1.01971e-07 0 3.85414e-08 3.05913e-09 3.05913e-09 3.05913e-09 5.09854e-09 6.11825e-09 7.98682e-08
scan 900 100 170 0 0 0 0 0 0 0 0 0
scan 900 100 171 0 0 0 0 0 0 0 0 0
scan 900 100 172 0 0 0 0 0 0 0 0 0
scan 900 100 173 1.45673e-08 0 1.45673e-08 4.37018e-10 4.37018e-10 4.37018e-10 7.28364e-10 8.74036e-10 1.14097e-08
scan 900 100 174 4.37018e-08 0 2.52313e-08 1.31105e-09 1.31105e-09 1.31105e-09 2.18509e-09 2.62211e-09 3.42292e-08
scan 900 100 175 0 0 0 0 0 0 0 0 0
scan 900 100 176 2.91345e-08 0 2.06012e-08 8.74036e-10 8.74036e-10 8.74036e-10 1.45673e-09 1.74807e-09 2.28195e-08
scan 900 100 177 0 0 0 0 0 0 0 0 0
scan 900 100 178 1.45673e-08 0 1.45673e-08 4.37018e-10 4.37018e-10 4.37018e-10 7.28364e-10 8.74036e-10 1.14097e-08
scan 900 100 179 7.28364e-08 0 3.25734e-08 2.18509e-09 2.18509e-09 2.18509e-09 3.64182e-09 4.37018e-09 5.70487e-08
