xsec 600 0 0.00474287
scan 600 0 0 3.55751e-06 0 9.18545e-07 1.06725e-07 1.06725e-07 1.06725e-07 1.77875e-07 2.13451e-07 2.71613e-06
scan 600 0 1 8.06369e-06 0 1.38291e-06 2.41911e-07 2.41911e-07 2.41911e-07 4.03184e-07 4.83821e-07 6.15657e-06
scan 600 0 2 9.72386e-06 0 1.51861e-06 2.91716e-07 2.91716e-07 2.91716e-07 4.86193e-07 5.83432e-07 7.4241e-06
scan 600 0 3 9.24953e-06 0 1.48111e-06 2.77486e-07 2.77486e-07 2.77486e-07 4.62476e-07 5.54972e-07 7.06195e-06
scan 600 0 4 3.88954e-05 0 3.03722e-06 1.16686e-06 1.16686e-06 1.16686e-06 1.94477e-06 2.33373e-06 2.96964e-05
scan 600 0 5 1.18584e-06 0 5.30322e-07 3.55751e-08 3.55751e-08 3.55751e-08 5.92918e-08 7.11502e-08 9.05378e-07
scan 600 0 6 7.11502e-07 0 4.10786e-07 2.13451e-08 2.13451e-08 2.13451e-08 3.55751e-08 4.26901e-08 5.43227e-07
scan 600 0 7 7.11502e-07 0 4.10786e-07 2.13451e-08 2.13451e-08 2.13451e-08 3.55751e-08 4.26901e-08 5.43227e-07
scan 600 0 8 3.55751e-06 0 9.18545e-07 1.06725e-07 1.06725e-07 1.06725e-07 1.77875e-07 2.13451e-07 2.71613e-06
scan 600 0 9 1.04354e-05 0 1.57319e-06 3.13061e-07 3.13061e-07 3.13061e-07 5.21768e-07 6.26122e-07 7.96732e-06
scan 600 0 10 4.74335e-07 0 3.35405e-07 1.423e-08 1.423e-08 1.423e-08 2.37167e-08 2.84601e-08 3.62151e-07
scan 600 0 11 4.74335e-06 0 1.06064e-06 1.423e-07 1.423e-07 1.423e-07 2.37167e-07 2.84601e-07 3.62151e-06
scan 600 0 12 9.72386e-06 0 1.51861e-06 2.91716e-07 2.91716e-07 2.91716e-07 4.86193e-07 5.83432e-07 7.4241e-06
scan 600 0 13 1.7076e-05 0 2.01243e-06 5.12281e-07 5.12281e-07 5.12281e-07 8.53802e-07 1.02456e-06 1.30374e-05
scan 600 0 14 0.000131391 0 5.58226e-06 3.94172e-06 3.94172e-06 3.94172e-06 6.56953e-06 7.88344e-06 0.000100316
scan 600 0 15 3.08318e-06 0 8.55119e-07 9.24953e-08 9.24953e-08 9.24953e-08 1.54159e-07 1.84991e-07 2.35398e-06
scan 600 0 16 7.58935e-06 0 1.34162e-06 2.27681e-07 2.27681e-07 2.27681e-07 3.79468e-07 4.55361e-07 5.79442e-06
scan 600 0 17 9.72386e-06 0 1.51861e-06 2.91716e-07 2.91716e-07 2.91716e-07 4.86193e-07 5.83432e-07 7.4241e-06
scan 600 0 18 1.39929e-05 0 1.82172e-06 4.19786e-07 4.19786e-07 4.19786e-07 6.99644e-07 8.39572e-07 1.06835e-05
scan 600 0 19 4.6722e-05 0 3.3288e-06 1.40166e-06 1.40166e-06 1.40166e-06 2.3361e-06 2.80332e-06 3.56719e-05
scan 600 0 20 2.37167e-07 0 2.37167e-07 7.11502e-09 7.11502e-09 7.11502e-09 1.18584e-08 1.423e-08 1.81076e-07
scan 600 0 21 7.11502e-07 0 4.10786e-07 2.13451e-08 2.13451e-08 2.13451e-08 3.55751e-08 4.26901e-08 5.43227e-07
scan 600 0 22 3.55751e-06 0 9.18545e-07 1.06725e-07 1.06725e-07 1.06725e-07 1.77875e-07 2.13451e-07 2.71613e-06
scan 600 0 23 3.08318e-06 0 8.55119e-07 9.24953e-08 9.24953e-08 9.24953e-08 1.54159e-07 1.84991e-07 2.35398e-06
scan 600 0 24 1.47044e-05 0 1.86746e-06 4.41131e-07 4.41131e-07 4.41131e-07 7.35219e-07 8.82262e-07 1.12267e-05
scan 600 0 25 9.48669e-07 0 4.74335e-07 2.84601e-08 2.84601e-08 2.84601e-08 4.74335e-08 5.69202e-08 7.24302e-07
scan 600 0 26 4.03184e-06 0 9.77866e-07 1.20955e-07 1.20955e-07 1.20955e-07 2.01592e-07 2.41911e-07 3.07828e-06
scan 600 0 27 9.96103e-06 0 1.53702e-06 2.98831e-07 2.98831e-07 2.98831e-07 4.98051e-07 5.97662e-07 7.60517e-06
scan 600 0 28 1.54159e-05 0 1.9121e-06 4.62476e-07 4.62476e-07 4.62476e-07 7.70794e-07 9.24953e-07 1.17699e-05
scan 600 0 29 0.000125936 0 5.46515e-06 3.77808e-06 3.77808e-06 3.77808e-06 6.29679e-06 7.55615e-06 9.61511e-05
scan 600 0 30 4.50618e-06 0 1.03379e-06 1.35185e-07 1.35185e-07 1.35185e-07 2.25309e-07 2.70371e-07 3.44043e-06
scan 600 0 31 1.66017e-05 0 1.98428e-06 4.98051e-07 4.98051e-07 4.98051e-07 8.30086e-07 9.96103e-07 1.26753e-05
scan 600 0 32 2.96459e-05 0 2.65161e-06 8.89377e-07 8.89377e-07 8.89377e-07 1.4823e-06 1.77875e-06 2.26344e-05
scan 600 0 33 3.72353e-05 0 2.9717e-06 1.11706e-06 1.11706e-06 1.11706e-06 1.86176e-06 2.23412e-06 2.84289e-05
scan 600 0 34 0.000148941 0 5.9434e-06 4.46823e-06 4.46823e-06 4.46823e-06 7.44705e-06 8.93646e-06 0.000113715
scan 600 0 35 3.08318e-06 0 8.55119e-07 9.24953e-08 9.24953e-08 9.24953e-08 1.54159e-07 1.84991e-07 2.35398e-06
scan 600 0 36 4.26901e-06 0 1.00622e-06 1.2807e-07 1.2807e-07 1.2807e-07 2.13451e-07 2.56141e-07 3.25936e-06
scan 600 0 37 3.79468e-06 0 9.48669e-07 1.1384e-07 1.1384e-07 1.1384e-07 1.89734e-07 2.27681e-07 2.89721e-06
scan 600 0 38 1.20955e-05 0 1.69371e-06 3.62866e-07 3.62866e-07 3.62866e-07 6.04777e-07 7.25732e-07 9.23485e-06
scan 600 0 39 5.45485e-05 0 3.59682e-06 1.63645e-06 1.63645e-06 1.63645e-06 2.72742e-06 3.27291e-06 4.16474e-05
scan 600 0 40 3.08318e-06 0 8.55119e-07 9.24953e-08 9.24953e-08 9.24953e-08 1.54159e-07 1.84991e-07 2.35398e-06
scan 600 0 41 1.58902e-05 0 1.9413e-06 4.76706e-07 4.76706e-07 4.76706e-07 7.94511e-07 9.53413e-07 1.21321e-05
scan 600 0 42 3.08318e-05 0 2.70412e-06 9.24953e-07 9.24953e-07 9.24953e-07 1.54159e-06 1.84991e-06 2.35398e-05
scan 600 0 43 3.74724e-05 0 2.98115e-06 1.12417e-06 1.12417e-06 1.12417e-06 1.87362e-06 2.24835e-06 2.86099e-05
scan 600 0 44 0.00036168 0 9.26168e-06 1.08504e-05 1.08504e-05 1.08504e-05 1.8084e-05 2.17008e-05 0.00027614
scan 600 0 45 4.74335e-07 0 3.35405e-07 1.423e-08 1.423e-08 1.423e-08 2.37167e-08 2.84601e-08 3.62151e-07
scan 600 0 46 7.11502e-07 0 4.10786e-07 2.13451e-08 2.13451e-08 2.13451e-08 3.55751e-08 4.26901e-08 5.43227e-07
scan 600 0 47 7.11502e-07 0 4.10786e-07 2.13451e-08 2.13451e-08 2.13451e-08 3.55751e-08 4.26901e-08 5.43227e-07
scan 600 0 48 2.37167e-07 0 2.37167e-07 7.11502e-09 7.11502e-09 7.11502e-09 1.18584e-08 1.423e-08 1.81076e-07
scan 600 0 49 2.37167e-07 0 2.37167e-07 7.11502e-09 7.11502e-09 7.11502e-09 1.18584e-08 1.423e-08 1.81076e-07
scan 600 0 50 0 0 0 0 0 0 0 0 0
scan 600 0 51 2.37167e-07 0 2.37167e-07 7.11502e-09 7.11502e-09 7.11502e-09 1.18584e-08 1.423e-08 1.81076e-07
scan 600 0 52 2.37167e-07 0 2.37167e-07 7.11502e-09 7.11502e-09 7.11502e-09 1.18584e-08 1.423e-08 1.81076e-07
scan 600 0 53 0 0 0 0 0 0 0 0 0
scan 600 0 54 0 0 0 0 0 0 0 0 0
scan 600 0 55 0 0 0 0 0 0 0 0 0
scan 600 0 56 2.37167e-07 0 2.37167e-07 7.11502e-09 7.11502e-09 7.11502e-09 1.18584e-08 1.423e-08 1.81076e-07
scan 600 0 57 2.37167e-07 0 2.37167e-07 7.11502e-09 7.11502e-09 7.11502e-09 1.18584e-08 1.423e-08 1.81076e-07
scan 600 0 58 4.74335e-07 0 3.35405e-07 1.423e-08 1.423e-08 1.423e-08 2.37167e-08 2.84601e-08 3.62151e-07
scan 600 0 59 3.55751e-06 0 9.18545e-07 1.06725e-07 1.06725e-07 1.06725e-07 1.77875e-07 2.13451e-07 2.71613e-06
scan 600 0 60 0 0 0 0 0 0 0 0
scan 600 0 61 0 0 0 0 0 0 0 0
scan 600 0 62 0 0 0 0 0 0 0 0
scan 600 0 63 0 0 0 0 0 0 0 0
scan 600 0 64 0 0 0 0 0 0 0 0
scan 600 0 65 0 0 0 0 0 0 0 0
scan 600 0 66 0 0 0 0 0 0 0 0
scan 600 0 67 0 0 0 0 0 0 0 0
scan 600 0 68 0 0 0 0 0 0 0 0
scan 600 0 69 0 0 0 0 0 0 0 0
scan 600 0 70 0 0 0 0 0 0 0 0
scan 600 0 71 0 0 0 0 0 0 0 0
scan 600 0 72 0 0 0 0 0 0 0 0
scan 600 0 73 0 0 0 0 0 0 0 0
scan 600 0 74 0 0 0 0 0 0 0 0
scan 600 0 75 7.11502e-07 0 4.10786e-07 2.13451e-08 2.13451e-08 2.13451e-08 3.55751e-08 4.26901e-08 5.43227e-07
scan 600 0 76 0 0 0 0 0 0 0 0 0
scan 600 0 77 0 0 0 0 0 0 0 0 0
scan 600 0 78 0 0 0 0 0 0 0 0 0
scan 600 0 79 2.37167e-07 0 2.37167e-07 7.11502e-09 7.11502e-09 7.11502e-09 1.18584e-08 1.423e-08 1.81076e-07
scan 600 0 80 0 0 0 0 0 0 0 0 0
scan 600 0 81 0 0 0 0 0 0 0 0 0
scan 600 0 82 0 0 0 0 0 0 0 0 0
scan 600 0 83 2.37167e-07 0 2.37167e-07 7.11502e-09 7.11502e-09 7.11502e-09 1.18584e-08 1.423e-08 1.81076e-07
scan 600 0 84 0 0 0 0 0 0 0 0 0
scan 600 0 85 0 0 0 0 0 0 0 0 0
scan 600 0 86 2.37167e-07 0 2.37167e-07 7.11502e-09 7.11502e-09 7.11502e-09 1.18584e-08 1.423e-08 1.81076e-07
scan 600 0 87 2.37167e-07 0 2.37167e-07 7.11502e-09 7.11502e-09 7.11502e-09 1.18584e-08 1.423e-08 1.81076e-07
scan 600 0 88 0 0 0 0 0 0 0 0 0
scan 600 0 89 1.66017e-06 0 6.27486e-07 4.98051e-08 4.98051e-08 4.98051e-08 8.30086e-08 9.96103e-08 1.26753e-06
scan 600 0 90 1.66017e-06 0 6.27486e-07 4.98051e-08 4.98051e-08 4.98051e-08 8.30086e-08 9.96103e-08 1.26753e-06
scan 600 0 91 2.37167e-06 0 7.49989e-07 7.11502e-08 7.11502e-08 7.11502e-08 1.18584e-07 1.423e-07 1.81076e-06
scan 600 0 92 7.11502e-07 0 4.10786e-07 2.13451e-08 2.13451e-08 2.13451e-08 3.55751e-08 4.26901e-08 5.43227e-07
scan 600 0 93 7.11502e-07 0 4.10786e-07 2.13451e-08 2.13451e-08 2.13451e-08 3.55751e-08 4.26901e-08 5.43227e-07
scan 600 0 94 1.18584e-06 0 5.30322e-07 3.55751e-08 3.55751e-08 3.55751e-08 5.92918e-08 7.11502e-08 9.05378e-07
scan 600 0 95 0 0 0 0 0 0 0 0 0
scan 600 0 96 2.37167e-07 0 2.37167e-07 7.11502e-09 7.11502e-09 7.11502e-09 1.18584e-08 1.423e-08 1.81076e-07
scan 600 0 97 9.48669e-07 0 4.74335e-07 2.84601e-08 2.84601e-08 2.84601e-08 4.74335e-08 5.69202e-08 7.24302e-07
scan 600 0 98 4.74335e-07 0 3.35405e-07 1.423e-08 1.423e-08 1.423e-08 2.37167e-08 2.84601e-08 3.62151e-07
scan 600 0 99 2.37167e-07 0 2.37167e-07 7.11502e-09 7.11502e-09 7.11502e-09 1.18584e-08 1.423e-08 1.81076e-07
scan 600 0 100 0 0 0 0 0 0 0 0 0
scan 600 0 101 0 0 0 0 0 0 0 0 0
scan 600 0 102 1.18584e-06 0 5.30322e-07 3.55751e-08 3.55751e-08 3.55751e-08 5.92918e-08 7.11502e-08 9.05378e-07
scan 600 0 103 1.89734e-06 0 6.7081e-07 5.69202e-08 5.69202e-08 5.69202e-08 9.48669e-08 1.1384e-07 1.4486e-06
scan 600 0 104 9.24953e-06 0 1.48111e-06 2.77486e-07 2.77486e-07 2.77486e-07 4.62476e-07 5.54972e-07 7.06195e-06
scan 600 0 60 0 0 0 0 0 0 0 0
scan 600 0 61 0 0 0 0 0 0 0 0
scan 600 0 62 0 0 0 0 0 0 0 0
scan 600 0 63 0 0 0 0 0 0 0 0
scan 600 0 64 0 0 0 0 0 0 0 0
scan 600 0 65 0 0 0 0 0 0 0 0
scan 600 0 66 0 0 0 0 0 0 0 0
scan 600 0 67 0 0 0 0 0 0 0 0
scan 600 0 68 0 0 0 0 0 0 0 0
scan 600 0 69 0 0 0 0 0 0 0 0
scan 600 0 70 0 0 0 0 0 0 0 0
scan 600 0 71 0 0 0 0 0 0 0 0
scan 600 0 72 0 0 0 0 0 0 0 0
scan 600 0 73 0 0 0 0 0 0 0 0
scan 600 0 74 0 0 0 0 0 0 0 0
scan 600 0 120 0 0 0 0 0 0 0 0 0
scan 600 0 121 0 0 0 0 0 0 0 0 0
scan 600 0 122 2.37167e-07 0 2.37167e-07 7.11502e-09 7.11502e-09 7.11502e-09 1.18584e-08 1.423e-08 1.81076e-07
scan 600 0 123 0 0 0 0 0 0 0 0 0
scan 600 0 124 4.74335e-07 0 3.35405e-07 1.423e-08 1.423e-08 1.423e-08 2.37167e-08 2.84601e-08 3.62151e-07
scan 600 0 125 0 0 0 0 0 0 0 0 0
scan 600 0 126 0 0 0 0 0 0 0 0 0
scan 600 0 127 0 0 0 0 0 0 0 0 0
scan 600 0 128 0 0 0 0 0 0 0 0 0
scan 600 0 129 2.37167e-07 0 2.37167e-07 7.11502e-09 7.11502e-09 7.11502e-09 1.18584e-08 1.423e-08 1.81076e-07
scan 600 0 130 0 0 0 0 0 0 0 0 0
scan 600 0 131 0 0 0 0 0 0 0 0 0
scan 600 0 132 4.74335e-07 0 3.35405e-07 1.423e-08 1.423e-08 1.423e-08 2.37167e-08 2.84601e-08 3.62151e-07
scan 600 0 133 4.74335e-07 0 3.35405e-07 1.423e-08 1.423e-08 1.423e-08 2.37167e-08 2.84601e-08 3.62151e-07
scan 600 0 134 9.48669e-07 0 4.74335e-07 2.84601e-08 2.84601e-08 2.84601e-08 4.74335e-08 5.69202e-08 7.24302e-07
scan 600 0 135 4.74335e-07 0 3.35405e-07 1.423e-08 1.423e-08 1.423e-08 2.37167e-08 2.84601e-08 3.62151e-07
scan 600 0 136 4.74335e-07 0 3.35405e-07 1.423e-08 1.423e-08 1.423e-08 2.37167e-08 2.84601e-08 3.62151e-07
scan 600 0 137 1.18584e-06 0 5.30322e-07 3.55751e-08 3.55751e-08 3.55751e-08 5.92918e-08 7.11502e-08 9.05378e-07
scan 600 0 138 4.74335e-07 0 3.35405e-07 1.423e-08 1.423e-08 1.423e-08 2.37167e-08 2.84601e-08 3.62151e-07
scan 600 0 139 7.11502e-07 0 4.10786e-07 2.13451e-08 2.13451e-08 2.13451e-08 3.55751e-08 4.26901e-08 5.43227e-07
scan 600 0 140 0 0 0 0 0 0 0 0 0
scan 600 0 141 0 0 0 0 0 0 0 0 0
scan 600 0 142 2.37167e-07 0 2.37167e-07 7.11502e-09 7.11502e-09 7.11502e-09 1.18584e-08 1.423e-08 1.81076e-07
scan 600 0 143 0 0 0 0 0 0 0 0 0
scan 600 0 144 9.48669e-07 0 4.74335e-07 2.84601e-08 2.84601e-08 2.84601e-08 4.74335e-08 5.69202e-08 7.24302e-07
scan 600 0 145 0 0 0 0 0 0 0 0 0
scan 600 0 146 4.74335e-07 0 3.35405e-07 1.423e-08 1.423e-08 1.423e-08 2.37167e-08 2.84601e-08 3.62151e-07
scan 600 0 147 7.11502e-07 0 4.10786e-07 2.13451e-08 2.13451e-08 2.13451e-08 3.55751e-08 4.26901e-08 5.43227e-07
scan 600 0 148 1.18584e-06 0 5.30322e-07 3.55751e-08 3.55751e-08 3.55751e-08 5.92918e-08 7.11502e-08 9.05378e-07
scan 600 0 149 2.13451e-06 0 7.11502e-07 6.40352e-08 6.40352e-08 6.40352e-08 1.06725e-07 1.2807e-07 1.62968e-06
scan 600 0 60 0 0 0 0 0 0 0 0
scan 600 0 61 0 0 0 0 0 0 0 0
scan 600 0 62 0 0 0 0 0 0 0 0
scan 600 0 63 0 0 0 0 0 0 0 0
scan 600 0 64 0 0 0 0 0 0 0 0
scan 600 0 65 0 0 0 0 0 0 0 0
scan 600 0 66 0 0 0 0 0 0 0 0
scan 600 0 67 0 0 0 0 0 0 0 0
scan 600 0 68 0 0 0 0 0 0 0 0
scan 600 0 69 0 0 0 0 0 0 0 0
scan 600 0 70 0 0 0 0 0 0 0 0
scan 600 0 71 0 0 0 0 0 0 0 0
scan 600 0 72 0 0 0 0 0 0 0 0
scan 600 0 73 0 0 0 0 0 0 0 0
scan 600 0 74 0 0 0 0 0 0 0 0
scan 600 0 165 0 0 0 0 0 0 0 0 0
scan 600 0 166 0 0 0 0 0 0 0 0 0
scan 600 0 167 2.37167e-07 0 2.37167e-07 7.11502e-09 7.11502e-09 7.11502e-09 1.18584e-08 1.423e-08 1.81076e-07
scan 600 0 168 2.37167e-07 0 2.37167e-07 7.11502e-09 7.11502e-09 7.11502e-09 1.18584e-08 1.423e-08 1.81076e-07
scan 600 0 169 2.37167e-07 0 2.37167e-07 7.11502e-09 7.11502e-09 7.11502e-09 1.18584e-08 1.423e-08 1.81076e-07
scan 600 0 170 0 0 0 0 0 0 0 0 0
scan 600 0 171 2.37167e-07 0 2.37167e-07 7.11502e-09 7.11502e-09 7.11502e-09 1.18584e-08 1.423e-08 1.81076e-07
scan 600 0 172 2.37167e-07 0 2.37167e-07 7.11502e-09 7.11502e-09 7.11502e-09 1.18584e-08 1.423e-08 1.81076e-07
scan 600 0 173 2.37167e-07 0 2.37167e-07 7.11502e-09 7.11502e-09 7.11502e-09 1.18584e-08 1.423e-08 1.81076e-07
scan 600 0 174 2.37167e-07 0 2.37167e-07 7.11502e-09 7.11502e-09 7.11502e-09 1.18584e-08 1.423e-08 1.81076e-07
scan 600 0 175 0 0 0 0 0 0 0 0 0
scan 600 0 176 0 0 0 0 0 0 0 0 0
scan 600 0 177 0 0 0 0 0 0 0 0 0
scan 600 0 178 0 0 0 0 0 0 0 0 0
scan 600 0 179 1.66017e-06 0 6.27486e-07 4.98051e-08 4.98051e-08 4.98051e-08 8.30086e-08 9.96103e-08 1.26753e-06
