xsec 750 550 0.00112965
scan 750 550 0 2.99388e-06 0 4.11241e-07 8.98165e-08 8.98165e-08 8.98165e-08 1.49694e-07 1.79633e-07 2.32278e-06
scan 750 550 1 4.51907e-06 0 5.05247e-07 1.35572e-07 1.35572e-07 1.35572e-07 2.25953e-07 2.71144e-07 3.50608e-06
scan 750 550 2 4.80151e-06 0 5.20797e-07 1.44045e-07 1.44045e-07 1.44045e-07 2.40075e-07 2.88091e-07 3.72521e-06
scan 750 550 3 3.67174e-06 0 4.55424e-07 1.10152e-07 1.10152e-07 1.10152e-07 1.83587e-07 2.20305e-07 2.84869e-06
scan 750 550 4 5.98776e-06 0 5.81583e-07 1.79633e-07 1.79633e-07 1.79633e-07 2.99388e-07 3.59266e-07 4.64556e-06
scan 750 550 5 3.95418e-07 0 1.49454e-07 1.18626e-08 1.18626e-08 1.18626e-08 1.97709e-08 2.37251e-08 3.06782e-07
scan 750 550 6 9.60302e-07 0 2.32907e-07 2.88091e-08 2.88091e-08 2.88091e-08 4.80151e-08 5.76181e-08 7.45042e-07
scan 750 550 7 8.47325e-07 0 2.18778e-07 2.54198e-08 2.54198e-08 2.54198e-08 4.23663e-08 5.08395e-08 6.5739e-07
scan 750 550 8 5.08395e-07 0 1.69465e-07 1.52519e-08 1.52519e-08 1.52519e-08 2.54198e-08 3.05037e-08 3.94434e-07
scan 750 550 9 7.34349e-07 0 2.03672e-07 2.20305e-08 2.20305e-08 2.20305e-08 3.67174e-08 4.40609e-08 5.69738e-07
scan 750 550 10 1.69465e-07 0 9.78407e-08 5.08395e-09 5.08395e-09 5.08395e-09 8.47325e-09 1.01679e-08 1.31478e-07
scan 750 550 11 1.9206e-06 0 3.29381e-07 5.76181e-08 5.76181e-08 5.76181e-08 9.60302e-08 1.15236e-07 1.49008e-06
scan 750 550 12 5.14044e-06 0 5.38865e-07 1.54213e-07 1.54213e-07 1.54213e-07 2.57022e-07 3.08426e-07 3.98817e-06
scan 750 550 13 6.21372e-06 0 5.92455e-07 1.86412e-07 1.86412e-07 1.86412e-07 3.10686e-07 3.72823e-07 4.82086e-06
scan 750 550 14 1.89801e-05 0 1.03545e-06 5.69403e-07 5.69403e-07 5.69403e-07 9.49004e-07 1.13881e-06 1.47255e-05
scan 750 550 15 1.24274e-06 0 2.64954e-07 3.72823e-08 3.72823e-08 3.72823e-08 6.21372e-08 7.45646e-08 9.64172e-07
scan 750 550 16 2.03358e-06 0 3.3893e-07 6.10074e-08 6.10074e-08 6.10074e-08 1.01679e-07 1.22015e-07 1.57774e-06
scan 750 550 17 1.41221e-06 0 2.82442e-07 4.23663e-08 4.23663e-08 4.23663e-08 7.06104e-08 8.47325e-08 1.09565e-06
scan 750 550 18 1.18626e-06 0 2.58862e-07 3.55877e-08 3.55877e-08 3.55877e-08 5.93128e-08 7.11753e-08 9.20346e-07
scan 750 550 19 1.12977e-06 0 2.52624e-07 3.3893e-08 3.3893e-08 3.3893e-08 5.64883e-08 6.7786e-08 8.7652e-07
scan 750 550 20 0 0 0 0 0 0 0 0 0
scan 750 550 21 3.95418e-07 0 1.49454e-07 1.18626e-08 1.18626e-08 1.18626e-08 1.97709e-08 2.37251e-08 3.06782e-07
scan 750 550 22 1.69465e-07 0 9.78407e-08 5.08395e-09 5.08395e-09 5.08395e-09 8.47325e-09 1.01679e-08 1.31478e-07
scan 750 550 23 2.25953e-07 0 1.12977e-07 6.7786e-09 6.7786e-09 6.7786e-09 1.12977e-08 1.35572e-08 1.75304e-07
scan 750 550 24 1.12977e-07 0 7.98866e-08 3.3893e-09 3.3893e-09 3.3893e-09 5.64883e-09 6.7786e-09 8.7652e-08
scan 750 550 25 5.64883e-08 0 5.64883e-08 1.69465e-09 1.69465e-09 1.69465e-09 2.82442e-09 3.3893e-09 4.3826e-08
scan 750 550 26 1.01679e-06 0 2.3966e-07 3.05037e-08 3.05037e-08 3.05037e-08 5.08395e-08 6.10074e-08 7.88868e-07
scan 750 550 27 1.75114e-06 0 3.14514e-07 5.25342e-08 5.25342e-08 5.25342e-08 8.75569e-08 1.05068e-07 1.35861e-06
scan 750 550 28 1.58167e-06 0 2.98908e-07 4.74502e-08 4.74502e-08 4.74502e-08 7.90837e-08 9.49004e-08 1.22713e-06
scan 750 550 29 4.91449e-06 0 5.26888e-07 1.47435e-07 1.47435e-07 1.47435e-07 2.45724e-07 2.94869e-07 3.81286e-06
scan 750 550 30 2.82442e-07 0 1.26312e-07 8.47325e-09 8.47325e-09 8.47325e-09 1.41221e-08 1.69465e-08 2.1913e-07
scan 750 550 31 3.3893e-07 0 1.38368e-07 1.01679e-08 1.01679e-08 1.01679e-08 1.69465e-08 2.03358e-08 2.62956e-07
scan 750 550 32 1.12977e-07 0 7.98866e-08 3.3893e-09 3.3893e-09 3.3893e-09 5.64883e-09 6.7786e-09 8.7652e-08
scan 750 550 33 5.64883e-08 0 5.64883e-08 1.69465e-09 1.69465e-09 1.69465e-09 2.82442e-09 3.3893e-09 4.3826e-08
scan 750 550 34 6.7786e-07 0 1.95681e-07 2.03358e-08 2.03358e-08 2.03358e-08 3.3893e-08 4.06716e-08 5.25912e-07
scan 750 550 35 0 0 0 0 0 0 0 0 0
scan 750 550 36 0 0 0 0 0 0 0 0 0
scan 750 550 37 5.64883e-08 0 5.64883e-08 1.69465e-09 1.69465e-09 1.69465e-09 2.82442e-09 3.3893e-09 4.3826e-08
scan 750 550 38 0 0 0 0 0 0 0 0 0
scan 750 550 39 3.95418e-07 0 1.49454e-07 1.18626e-08 1.18626e-08 1.18626e-08 1.97709e-08 2.37251e-08 3.06782e-07
scan 750 550 40 5.64883e-08 0 5.64883e-08 1.69465e-09 1.69465e-09 1.69465e-09 2.82442e-09 3.3893e-09 4.3826e-08
scan 750 550 41 1.12977e-07 0 7.98866e-08 3.3893e-09 3.3893e-09 3.3893e-09 5.64883e-09 6.7786e-09 8.7652e-08
scan 750 550 42 6.21372e-07 0 1.87351e-07 1.86412e-08 1.86412e-08 1.86412e-08 3.10686e-08 3.72823e-08 4.82086e-07
scan 750 550 43 4.51907e-07 0 1.59773e-07 1.35572e-08 1.35572e-08 1.35572e-08 2.25953e-08 2.71144e-08 3.50608e-07
scan 750 550 44 1.07328e-06 0 2.46227e-07 3.21984e-08 3.21984e-08 3.21984e-08 5.36639e-08 6.43967e-08 8.32694e-07
scan 750 550 45 0 0 0 0 0 0 0 0 0
scan 750 550 46 0 0 0 0 0 0 0 0 0
scan 750 550 47 0 0 0 0 0 0 0 0 0
scan 750 550 48 0 0 0 0 0 0 0 0 0
scan 750 550 49 5.64883e-08 0 5.64883e-08 1.69465e-09 1.69465e-09 1.69465e-09 2.82442e-09 3.3893e-09 4.3826e-08
scan 750 550 50 0 0 0 0 0 0 0 0 0
scan 750 550 51 0 0 0 0 0 0 0 0 0
scan 750 550 52 0 0 0 0 0 0 0 0 0
scan 750 550 53 0 0 0 0 0 0 0 0 0
scan 750 550 54 0 0 0 0 0 0 0 0 0
scan 750 550 55 0 0 0 0 0 0 0 0 0
scan 750 550 56 5.64883e-08 0 5.64883e-08 1.69465e-09 1.69465e-09 1.69465e-09 2.82442e-09 3.3893e-09 4.3826e-08
scan 750 550 57 5.64883e-08 0 5.64883e-08 1.69465e-09 1.69465e-09 1.69465e-09 2.82442e-09 3.3893e-09 4.3826e-08
scan 750 550 58 0 0 0 0 0 0 0 0 0
scan 750 550 59 5.64883e-08 0 5.64883e-08 1.69465e-09 1.69465e-09 1.69465e-09 2.82442e-09 3.3893e-09 4.3826e-08
scan 750 550 60 0 0 0 0 0 0 0 0
scan 750 550 61 0 0 0 0 0 0 0 0
scan 750 550 62 0 0 0 0 0 0 0 0
scan 750 550 63 0 0 0 0 0 0 0 0
scan 750 550 64 0 0 0 0 0 0 0 0
scan 750 550 65 0 0 0 0 0 0 0 0
scan 750 550 66 0 0 0 0 0 0 0 0
scan 750 550 67 0 0 0 0 0 0 0 0
scan 750 550 68 0 0 0 0 0 0 0 0
scan 750 550 69 0 0 0 0 0 0 0 0
scan 750 550 70 0 0 0 0 0 0 0 0
scan 750 550 71 0 0 0 0 0 0 0 0
scan 750 550 72 0 0 0 0 0 0 0 0
scan 750 550 73 0 0 0 0 0 0 0 0
scan 750 550 74 0 0 0 0 0 0 0 0
scan 750 550 75 0 0 0 0 0 0 0 0 0
scan 750 550 76 0 0 0 0 0 0 0 0 0
scan 750 550 77 0 0 0 0 0 0 0 0 0
scan 750 550 78 0 0 0 0 0 0 0 0 0
scan 750 550 79 0 0 0 0 0 0 0 0 0
scan 750 550 80 0 0 0 0 0 0 0 0 0
scan 750 550 81 0 0 0 0 0 0 0 0 0
scan 750 550 82 5.64883e-08 0 5.64883e-08 1.69465e-09 1.69465e-09 1.69465e-09 2.82442e-09 3.3893e-09 4.3826e-08
scan 750 550 83 0 0 0 0 0 0 0 0 0
scan 750 550 84 0 0 0 0 0 0 0 0 0
scan 750 550 85 0 0 0 0 0 0 0 0 0
scan 750 550 86 5.64883e-08 0 5.64883e-08 1.69465e-09 1.69465e-09 1.69465e-09 2.82442e-09 3.3893e-09 4.3826e-08
scan 750 550 87 0 0 0 0 0 0 0 0 0
scan 750 550 88 0 0 0 0 0 0 0 0 0
scan 750 550 89 0 0 0 0 0 0 0 0 0
scan 750 550 90 5.64883e-08 0 5.64883e-08 1.69465e-09 1.69465e-09 1.69465e-09 2.82442e-09 3.3893e-09 4.3826e-08
scan 750 550 91 5.64883e-08 0 5.64883e-08 1.69465e-09 1.69465e-09 1.69465e-09 2.82442e-09 3.3893e-09 4.3826e-08
scan 750 550 92 0 0 0 0 0 0 0 0 0
scan 750 550 93 0 0 0 0 0 0 0 0 0
scan 750 550 94 0 0 0 0 0 0 0 0 0
scan 750 550 95 0 0 0 0 0 0 0 0 0
scan 750 550 96 0 0 0 0 0 0 0 0 0
scan 750 550 97 0 0 0 0 0 0 0 0 0
scan 750 550 98 5.64883e-08 0 5.64883e-08 1.69465e-09 1.69465e-09 1.69465e-09 2.82442e-09 3.3893e-09 4.3826e-08
scan 750 550 99 0 0 0 0 0 0 0 0 0
scan 750 550 100 0 0 0 0 0 0 0 0 0
scan 750 550 101 0 0 0 0 0 0 0 0 0
scan 750 550 102 5.64883e-08 0 5.64883e-08 1.69465e-09 1.69465e-09 1.69465e-09 2.82442e-09 3.3893e-09 4.3826e-08
scan 750 550 103 0 0 0 0 0 0 0 0 0
scan 750 550 104 5.64883e-08 0 5.64883e-08 1.69465e-09 1.69465e-09 1.69465e-09 2.82442e-09 3.3893e-09 4.3826e-08
scan 750 550 60 0 0 0 0 0 0 0 0
scan 750 550 61 0 0 0 0 0 0 0 0
scan 750 550 62 0 0 0 0 0 0 0 0
scan 750 550 63 0 0 0 0 0 0 0 0
scan 750 550 64 0 0 0 0 0 0 0 0
scan 750 550 65 0 0 0 0 0 0 0 0
scan 750 550 66 0 0 0 0 0 0 0 0
scan 750 550 67 0 0 0 0 0 0 0 0
scan 750 550 68 0 0 0 0 0 0 0 0
scan 750 550 69 0 0 0 0 0 0 0 0
scan 750 550 70 0 0 0 0 0 0 0 0
scan 750 550 71 0 0 0 0 0 0 0 0
scan 750 550 72 0 0 0 0 0 0 0 0
scan 750 550 73 0 0 0 0 0 0 0 0
scan 750 550 74 0 0 0 0 0 0 0 0
scan 750 550 120 0 0 0 0 0 0 0 0 0
scan 750 550 121 5.64883e-08 0 5.64883e-08 1.69465e-09 1.69465e-09 1.69465e-09 2.82442e-09 3.3893e-09 4.3826e-08
scan 750 550 122 0 0 0 0 0 0 0 0 0
scan 750 550 123 0 0 0 0 0 0 0 0 0
scan 750 550 124 0 0 0 0 0 0 0 0 0
scan 750 550 125 0 0 0 0 0 0 0 0 0
scan 750 550 126 0 0 0 0 0 0 0 0 0
scan 750 550 127 0 0 0 0 0 0 0 0 0
scan 750 550 128 0 0 0 0 0 0 0 0 0
scan 750 550 129 0 0 0 0 0 0 0 0 0
scan 750 550 130 0 0 0 0 0 0 0 0 0
scan 750 550 131 0 0 0 0 0 0 0 0 0
scan 750 550 132 5.64883e-08 0 5.64883e-08 1.69465e-09 1.69465e-09 1.69465e-09 2.82442e-09 3.3893e-09 4.3826e-08
scan 750 550 133 0 0 0 0 0 0 0 0 0
scan 750 550 134 1.12977e-07 0 7.98866e-08 3.3893e-09 3.3893e-09 3.3893e-09 5.64883e-09 6.7786e-09 8.7652e-08
scan 750 550 135 5.64883e-08 0 5.64883e-08 1.69465e-09 1.69465e-09 1.69465e-09 2.82442e-09 3.3893e-09 4.3826e-08
scan 750 550 136 0 0 0 0 0 0 0 0 0
scan 750 550 137 0 0 0 0 0 0 0 0 0
scan 750 550 138 0 0 0 0 0 0 0 0 0
scan 750 550 139 0 0 0 0 0 0 0 0 0
scan 750 550 140 0 0 0 0 0 0 0 0 0
scan 750 550 141 0 0 0 0 0 0 0 0 0
scan 750 550 142 0 0 0 0 0 0 0 0 0
scan 750 550 143 0 0 0 0 0 0 0 0 0
scan 750 550 144 1.12977e-07 0 7.98866e-08 3.3893e-09 3.3893e-09 3.3893e-09 5.64883e-09 6.7786e-09 8.7652e-08
scan 750 550 145 0 0 0 0 0 0 0 0 0
scan 750 550 146 0 0 0 0 0 0 0 0 0
scan 750 550 147 0 0 0 0 0 0 0 0 0
scan 750 550 148 0 0 0 0 0 0 0 0 0
scan 750 550 149 0 0 0 0 0 0 0 0 0
scan 750 550 60 0 0 0 0 0 0 0 0
scan 750 550 61 0 0 0 0 0 0 0 0
scan 750 550 62 0 0 0 0 0 0 0 0
scan 750 550 63 0 0 0 0 0 0 0 0
scan 750 550 64 0 0 0 0 0 0 0 0
scan 750 550 65 0 0 0 0 0 0 0 0
scan 750 550 66 0 0 0 0 0 0 0 0
scan 750 550 67 0 0 0 0 0 0 0 0
scan 750 550 68 0 0 0 0 0 0 0 0
scan 750 550 69 0 0 0 0 0 0 0 0
scan 750 550 70 0 0 0 0 0 0 0 0
scan 750 550 71 0 0 0 0 0 0 0 0
scan 750 550 72 0 0 0 0 0 0 0 0
scan 750 550 73 0 0 0 0 0 0 0 0
scan 750 550 74 0 0 0 0 0 0 0 0
scan 750 550 165 0 0 0 0 0 0 0 0 0
scan 750 550 166 0 0 0 0 0 0 0 0 0
scan 750 550 167 0 0 0 0 0 0 0 0 0
scan 750 550 168 0 0 0 0 0 0 0 0 0
scan 750 550 169 0 0 0 0 0 0 0 0 0
scan 750 550 170 0 0 0 0 0 0 0 0 0
scan 750 550 171 0 0 0 0 0 0 0 0 0
scan 750 550 172 5.64883e-08 0 5.64883e-08 1.69465e-09 1.69465e-09 1.69465e-09 2.82442e-09 3.3893e-09 4.3826e-08
scan 750 550 173 0 0 0 0 0 0 0 0 0
scan 750 550 174 0 0 0 0 0 0 0 0 0
scan 750 550 175 0 0 0 0 0 0 0 0 0
scan 750 550 176 0 0 0 0 0 0 0 0 0
scan 750 550 177 0 0 0 0 0 0 0 0 0
scan 750 550 178 5.64883e-08 0 5.64883e-08 1.69465e-09 1.69465e-09 1.69465e-09 2.82442e-09 3.3893e-09 4.3826e-08
scan 750 550 179 0 0 0 0 0 0 0 0 0
