xsec 400 200 0.0393429
scan 400 200 0 0.00012393 0 1.56137e-05 3.7179e-06 3.7179e-06 3.7179e-06 6.1965e-06 7.4358e-06 9.10509e-05
scan 400 200 1 0.000236057 0 2.1549e-05 7.08171e-06 7.08171e-06 7.08171e-06 1.18029e-05 1.41634e-05 0.00017343
scan 400 200 2 0.000208517 0 2.0253e-05 6.25551e-06 6.25551e-06 6.25551e-06 1.04259e-05 1.2511e-05 0.000153197
scan 400 200 3 0.000175076 0 1.8558e-05 5.25227e-06 5.25227e-06 5.25227e-06 8.75379e-06 1.05045e-05 0.000128628
scan 400 200 4 0.000306874 0 2.45696e-05 9.20623e-06 9.20623e-06 9.20623e-06 1.53437e-05 1.84125e-05 0.000225459
scan 400 200 5 3.34414e-05 0 8.11074e-06 1.00324e-06 1.00324e-06 1.00324e-06 1.67207e-06 2.00649e-06 2.45693e-05
scan 400 200 6 5.90143e-05 0 1.07745e-05 1.77043e-06 1.77043e-06 1.77043e-06 2.95071e-06 3.54086e-06 4.33576e-05
scan 400 200 7 3.73757e-05 0 8.57458e-06 1.12127e-06 1.12127e-06 1.12127e-06 1.86879e-06 2.24254e-06 2.74598e-05
scan 400 200 8 2.754e-05 0 7.36037e-06 8.262e-07 8.262e-07 8.262e-07 1.377e-06 1.6524e-06 2.02335e-05
scan 400 200 9 2.36057e-05 0 6.81438e-06 7.08171e-07 7.08171e-07 7.08171e-07 1.18029e-06 1.41634e-06 1.7343e-05
scan 400 200 10 5.90143e-06 0 3.40719e-06 1.77043e-07 1.77043e-07 1.77043e-07 2.95071e-07 3.54086e-07 4.33576e-06
scan 400 200 11 0.000106226 0 1.44555e-05 3.18677e-06 3.18677e-06 3.18677e-06 5.31129e-06 6.37354e-06 7.80437e-05
scan 400 200 12 0.000232123 0 2.13686e-05 6.96369e-06 6.96369e-06 6.96369e-06 1.16061e-05 1.39274e-05 0.00017054
scan 400 200 13 0.000340316 0 2.58737e-05 1.02095e-05 1.02095e-05 1.02095e-05 1.70158e-05 2.04189e-05 0.000250029
scan 400 200 14 0.000664894 0 3.61655e-05 1.99468e-05 1.99468e-05 1.99468e-05 3.32447e-05 3.98937e-05 0.000488495
scan 400 200 15 2.16386e-05 0 6.52427e-06 6.49157e-07 6.49157e-07 6.49157e-07 1.08193e-06 1.29831e-06 1.58978e-05
scan 400 200 16 3.14743e-05 0 7.86857e-06 9.44229e-07 9.44229e-07 9.44229e-07 1.57371e-06 1.88846e-06 2.3124e-05
scan 400 200 17 4.32771e-05 0 9.22672e-06 1.29831e-06 1.29831e-06 1.29831e-06 2.16386e-06 2.59663e-06 3.17956e-05
scan 400 200 18 1.57371e-05 0 5.56392e-06 4.72114e-07 4.72114e-07 4.72114e-07 7.86857e-07 9.44229e-07 1.1562e-05
scan 400 200 19 3.14743e-05 0 7.86857e-06 9.44229e-07 9.44229e-07 9.44229e-07 1.57371e-06 1.88846e-06 2.3124e-05
scan 400 200 20 1.96714e-06 0 1.96714e-06 5.90143e-08 5.90143e-08 5.90143e-08 9.83571e-08 1.18029e-07 1.44525e-06
scan 400 200 21 1.18029e-05 0 4.8185e-06 3.54086e-07 3.54086e-07 3.54086e-07 5.90143e-07 7.08171e-07 8.67152e-06
scan 400 200 22 5.90143e-06 0 3.40719e-06 1.77043e-07 1.77043e-07 1.77043e-07 2.95071e-07 3.54086e-07 4.33576e-06
scan 400 200 23 3.93429e-06 0 2.78196e-06 1.18029e-07 1.18029e-07 1.18029e-07 1.96714e-07 2.36057e-07 2.89051e-06
scan 400 200 24 9.83571e-06 0 4.39867e-06 2.95071e-07 2.95071e-07 2.95071e-07 4.91786e-07 5.90143e-07 7.22626e-06
scan 400 200 25 0 0 0 0 0 0 0 0 0
scan 400 200 26 7.86857e-06 0 3.93429e-06 2.36057e-07 2.36057e-07 2.36057e-07 3.93429e-07 4.72114e-07 5.78101e-06
scan 400 200 27 4.52443e-05 0 9.43409e-06 1.35733e-06 1.35733e-06 1.35733e-06 2.26221e-06 2.71466e-06 3.32408e-05
scan 400 200 28 5.31129e-05 0 1.02216e-05 1.59339e-06 1.59339e-06 1.59339e-06 2.65564e-06 3.18677e-06 3.90218e-05
scan 400 200 29 7.86857e-05 0 1.24413e-05 2.36057e-06 2.36057e-06 2.36057e-06 3.93429e-06 4.72114e-06 5.78101e-05
scan 400 200 30 7.86857e-06 0 3.93429e-06 2.36057e-07 2.36057e-07 2.36057e-07 3.93429e-07 4.72114e-07 5.78101e-06
scan 400 200 31 1.57371e-05 0 5.56392e-06 4.72114e-07 4.72114e-07 4.72114e-07 7.86857e-07 9.44229e-07 1.1562e-05
scan 400 200 32 1.77043e-05 0 5.90143e-06 5.31129e-07 5.31129e-07 5.31129e-07 8.85214e-07 1.06226e-06 1.30073e-05
scan 400 200 33 1.77043e-05 0 5.90143e-06 5.31129e-07 5.31129e-07 5.31129e-07 8.85214e-07 1.06226e-06 1.30073e-05
scan 400 200 34 1.96714e-05 0 6.22065e-06 5.90143e-07 5.90143e-07 5.90143e-07 9.83571e-07 1.18029e-06 1.44525e-05
scan 400 200 35 1.96714e-06 0 1.96714e-06 5.90143e-08 5.90143e-08 5.90143e-08 9.83571e-08 1.18029e-07 1.44525e-06
scan 400 200 36 1.96714e-06 0 1.96714e-06 5.90143e-08 5.90143e-08 5.90143e-08 9.83571e-08 1.18029e-07 1.44525e-06
scan 400 200 37 1.96714e-06 0 1.96714e-06 5.90143e-08 5.90143e-08 5.90143e-08 9.83571e-08 1.18029e-07 1.44525e-06
scan 400 200 38 1.96714e-06 0 1.96714e-06 5.90143e-08 5.90143e-08 5.90143e-08 9.83571e-08 1.18029e-07 1.44525e-06
scan 400 200 39 1.18029e-05 0 4.8185e-06 3.54086e-07 3.54086e-07 3.54086e-07 5.90143e-07 7.08171e-07 8.67152e-06
scan 400 200 40 0 0 0 0 0 0 0 0 0
scan 400 200 41 1.377e-05 0 5.20457e-06 4.131e-07 4.131e-07 4.131e-07 6.885e-07 8.262e-07 1.01168e-05
scan 400 200 42 1.18029e-05 0 4.8185e-06 3.54086e-07 3.54086e-07 3.54086e-07 5.90143e-07 7.08171e-07 8.67152e-06
scan 400 200 43 1.96714e-05 0 6.22065e-06 5.90143e-07 5.90143e-07 5.90143e-07 9.83571e-07 1.18029e-06 1.44525e-05
scan 400 200 44 5.11457e-05 0 1.00305e-05 1.53437e-06 1.53437e-06 1.53437e-06 2.55729e-06 3.06874e-06 3.75766e-05
scan 400 200 45 0 0 0 0 0 0 0 0 0
scan 400 200 46 0 0 0 0 0 0 0 0 0
scan 400 200 47 1.96714e-06 0 1.96714e-06 5.90143e-08 5.90143e-08 5.90143e-08 9.83571e-08 1.18029e-07 1.44525e-06
scan 400 200 48 0 0 0 0 0 0 0 0 0
scan 400 200 49 1.96714e-06 0 1.96714e-06 5.90143e-08 5.90143e-08 5.90143e-08 9.83571e-08 1.18029e-07 1.44525e-06
scan 400 200 50 0 0 0 0 0 0 0 0 0
scan 400 200 51 0 0 0 0 0 0 0 0 0
scan 400 200 52 0 0 0 0 0 0 0 0 0
scan 400 200 53 0 0 0 0 0 0 0 0 0
scan 400 200 54 0 0 0 0 0 0 0 0 0
scan 400 200 55 0 0 0 0 0 0 0 0 0
scan 400 200 56 0 0 0 0 0 0 0 0 0
scan 400 200 57 0 0 0 0 0 0 0 0 0
scan 400 200 58 0 0 0 0 0 0 0 0 0
scan 400 200 59 0 0 0 0 0 0 0 0 0
scan 400 200 60 0 0 0 0 0 0 0 0
scan 400 200 61 0 0 0 0 0 0 0 0
scan 400 200 62 0 0 0 0 0 0 0 0
scan 400 200 63 0 0 0 0 0 0 0 0
scan 400 200 64 0 0 0 0 0 0 0 0
scan 400 200 65 0 0 0 0 0 0 0 0
scan 400 200 66 0 0 0 0 0 0 0 0
scan 400 200 67 0 0 0 0 0 0 0 0
scan 400 200 68 0 0 0 0 0 0 0 0
scan 400 200 69 0 0 0 0 0 0 0 0
scan 400 200 70 0 0 0 0 0 0 0 0
scan 400 200 71 0 0 0 0 0 0 0 0
scan 400 200 72 0 0 0 0 0 0 0 0
scan 400 200 73 0 0 0 0 0 0 0 0
scan 400 200 74 0 0 0 0 0 0 0 0
scan 400 200 75 3.93429e-06 0 2.78196e-06 1.18029e-07 1.18029e-07 1.18029e-07 1.96714e-07 2.36057e-07 2.89051e-06
scan 400 200 76 0 0 0 0 0 0 0 0 0
scan 400 200 77 0 0 0 0 0 0 0 0 0
scan 400 200 78 0 0 0 0 0 0 0 0 0
scan 400 200 79 0 0 0 0 0 0 0 0 0
scan 400 200 80 0 0 0 0 0 0 0 0 0
scan 400 200 81 0 0 0 0 0 0 0 0 0
scan 400 200 82 0 0 0 0 0 0 0 0 0
scan 400 200 83 0 0 0 0 0 0 0 0 0
scan 400 200 84 0 0 0 0 0 0 0 0 0
scan 400 200 85 0 0 0 0 0 0 0 0 0
scan 400 200 86 0 0 0 0 0 0 0 0 0
scan 400 200 87 0 0 0 0 0 0 0 0 0
scan 400 200 88 1.96714e-06 0 1.96714e-06 5.90143e-08 5.90143e-08 5.90143e-08 9.83571e-08 1.18029e-07 1.44525e-06
scan 400 200 89 3.93429e-06 0 2.78196e-06 1.18029e-07 1.18029e-07 1.18029e-07 1.96714e-07 2.36057e-07 2.89051e-06
scan 400 200 90 1.96714e-06 0 1.96714e-06 5.90143e-08 5.90143e-08 5.90143e-08 9.83571e-08 1.18029e-07 1.44525e-06
scan 400 200 91 0 0 0 0 0 0 0 0 0
scan 400 200 92 0 0 0 0 0 0 0 0 0
scan 400 200 93 0 0 0 0 0 0 0 0 0
scan 400 200 94 0 0 0 0 0 0 0 0 0
scan 400 200 95 0 0 0 0 0 0 0 0 0
scan 400 200 96 0 0 0 0 0 0 0 0 0
scan 400 200 97 0 0 0 0 0 0 0 0 0
scan 400 200 98 0 0 0 0 0 0 0 0 0
scan 400 200 99 0 0 0 0 0 0 0 0 0
scan 400 200 100 0 0 0 0 0 0 0 0 0
scan 400 200 101 1.96714e-06 0 1.96714e-06 5.90143e-08 5.90143e-08 5.90143e-08 9.83571e-08 1.18029e-07 1.44525e-06
scan 400 200 102 5.90143e-06 0 3.40719e-06 1.77043e-07 1.77043e-07 1.77043e-07 2.95071e-07 3.54086e-07 4.33576e-06
scan 400 200 103 5.90143e-06 0 3.40719e-06 1.77043e-07 1.77043e-07 1.77043e-07 2.95071e-07 3.54086e-07 4.33576e-06
scan 400 200 104 9.83571e-06 0 4.39867e-06 2.95071e-07 2.95071e-07 2.95071e-07 4.91786e-07 5.90143e-07 7.22626e-06
scan 400 200 60 0 0 0 0 0 0 0 0
scan 400 200 61 0 0 0 0 0 0 0 0
scan 400 200 62 0 0 0 0 0 0 0 0
scan 400 200 63 0 0 0 0 0 0 0 0
scan 400 200 64 0 0 0 0 0 0 0 0
scan 400 200 65 0 0 0 0 0 0 0 0
scan 400 200 66 0 0 0 0 0 0 0 0
scan 400 200 67 0 0 0 0 0 0 0 0
scan 400 200 68 0 0 0 0 0 0 0 0
scan 400 200 69 0 0 0 0 0 0 0 0
scan 400 200 70 0 0 0 0 0 0 0 0
scan 400 200 71 0 0 0 0 0 0 0 0
scan 400 200 72 0 0 0 0 0 0 0 0
scan 400 200 73 0 0 0 0 0 0 0 0
scan 400 200 74 0 0 0 0 0 0 0 0
scan 400 200 120 0 0 0 0 0 0 0 0 0
scan 400 200 121 0 0 0 0 0 0 0 0 0
scan 400 200 122 0 0 0 0 0 0 0 0 0
scan 400 200 123 0 0 0 0 0 0 0 0 0
scan 400 200 124 0 0 0 0 0 0 0 0 0
scan 400 200 125 1.96714e-06 0 1.96714e-06 5.90143e-08 5.90143e-08 5.90143e-08 9.83571e-08 1.18029e-07 1.44525e-06
scan 400 200 126 1.96714e-06 0 1.96714e-06 5.90143e-08 5.90143e-08 5.90143e-08 9.83571e-08 1.18029e-07 1.44525e-06
scan 400 200 127 0 0 0 0 0 0 0 0 0
scan 400 200 128 0 0 0 0 0 0 0 0 0
scan 400 200 129 0 0 0 0 0 0 0 0 0
scan 400 200 130 0 0 0 0 0 0 0 0 0
scan 400 200 131 0 0 0 0 0 0 0 0 0
scan 400 200 132 1.96714e-06 0 1.96714e-06 5.90143e-08 5.90143e-08 5.90143e-08 9.83571e-08 1.18029e-07 1.44525e-06
scan 400 200 133 1.96714e-06 0 1.96714e-06 5.90143e-08 5.90143e-08 5.90143e-08 9.83571e-08 1.18029e-07 1.44525e-06
scan 400 200 134 0 0 0 0 0 0 0 0 0
scan 400 200 135 3.93429e-06 0 2.78196e-06 1.18029e-07 1.18029e-07 1.18029e-07 1.96714e-07 2.36057e-07 2.89051e-06
scan 400 200 136 1.96714e-06 0 1.96714e-06 5.90143e-08 5.90143e-08 5.90143e-08 9.83571e-08 1.18029e-07 1.44525e-06
scan 400 200 137 0 0 0 0 0 0 0 0 0
scan 400 200 138 1.96714e-06 0 1.96714e-06 5.90143e-08 5.90143e-08 5.90143e-08 9.83571e-08 1.18029e-07 1.44525e-06
scan 400 200 139 0 0 0 0 0 0 0 0 0
scan 400 200 140 0 0 0 0 0 0 0 0 0
scan 400 200 141 0 0 0 0 0 0 0 0 0
scan 400 200 142 0 0 0 0 0 0 0 0 0
scan 400 200 143 0 0 0 0 0 0 0 0 0
scan 400 200 144 0 0 0 0 0 0 0 0 0
scan 400 200 145 0 0 0 0 0 0 0 0 0
scan 400 200 146 0 0 0 0 0 0 0 0 0
scan 400 200 147 0 0 0 0 0 0 0 0 0
scan 400 200 148 0 0 0 0 0 0 0 0 0
scan 400 200 149 0 0 0 0 0 0 0 0 0
scan 400 200 60 0 0 0 0 0 0 0 0
scan 400 200 61 0 0 0 0 0 0 0 0
scan 400 200 62 0 0 0 0 0 0 0 0
scan 400 200 63 0 0 0 0 0 0 0 0
scan 400 200 64 0 0 0 0 0 0 0 0
scan 400 200 65 0 0 0 0 0 0 0 0
scan 400 200 66 0 0 0 0 0 0 0 0
scan 400 200 67 0 0 0 0 0 0 0 0
scan 400 200 68 0 0 0 0 0 0 0 0
scan 400 200 69 0 0 0 0 0 0 0 0
scan 400 200 70 0 0 0 0 0 0 0 0
scan 400 200 71 0 0 0 0 0 0 0 0
scan 400 200 72 0 0 0 0 0 0 0 0
scan 400 200 73 0 0 0 0 0 0 0 0
scan 400 200 74 0 0 0 0 0 0 0 0
scan 400 200 165 0 0 0 0 0 0 0 0 0
scan 400 200 166 0 0 0 0 0 0 0 0 0
scan 400 200 167 0 0 0 0 0 0 0 0 0
scan 400 200 168 1.96714e-06 0 1.96714e-06 5.90143e-08 5.90143e-08 5.90143e-08 9.83571e-08 1.18029e-07 1.44525e-06
scan 400 200 169 0 0 0 0 0 0 0 0 0
scan 400 200 170 0 0 0 0 0 0 0 0 0
scan 400 200 171 0 0 0 0 0 0 0 0 0
scan 400 200 172 0 0 0 0 0 0 0 0 0
scan 400 200 173 0 0 0 0 0 0 0 0 0
scan 400 200 174 1.96714e-06 0 1.96714e-06 5.90143e-08 5.90143e-08 5.90143e-08 9.83571e-08 1.18029e-07 1.44525e-06
scan 400 200 175 0 0 0 0 0 0 0 0 0
scan 400 200 176 0 0 0 0 0 0 0 0 0
scan 400 200 177 0 0 0 0 0 0 0 0 0
scan 400 200 178 0 0 0 0 0 0 0 0 0
scan 400 200 179 0 0 0 0 0 0 0 0 0
