xsec 900 450 0.000291345
scan 900 450 0 1.70008e-07 0 6.4257e-08 5.10024e-09 5.10024e-09 5.10024e-09 8.50041e-09 1.02005e-08 1.33158e-07
scan 900 450 1 2.91443e-07 0 8.41322e-08 8.74328e-09 8.74328e-09 8.74328e-09 1.45721e-08 1.74866e-08 2.28271e-07
scan 900 450 2 6.07172e-07 0 1.21434e-07 1.82152e-08 1.82152e-08 1.82152e-08 3.03586e-08 3.64303e-08 4.75565e-07
scan 900 450 3 6.07172e-07 0 1.21434e-07 1.82152e-08 1.82152e-08 1.82152e-08 3.03586e-08 3.64303e-08 4.75565e-07
scan 900 450 4 2.57441e-06 0 2.50049e-07 7.72323e-08 7.72323e-08 7.72323e-08 1.2872e-07 1.54465e-07 2.01639e-06
scan 900 450 5 0 0 0 0 0 0 0 0 0
scan 900 450 6 7.28606e-08 0 4.20661e-08 2.18582e-09 2.18582e-09 2.18582e-09 3.64303e-09 4.37164e-09 5.70677e-08
scan 900 450 7 7.28606e-08 0 4.20661e-08 2.18582e-09 2.18582e-09 2.18582e-09 3.64303e-09 4.37164e-09 5.70677e-08
scan 900 450 8 1.21434e-07 0 5.43071e-08 3.64303e-09 3.64303e-09 3.64303e-09 6.07172e-09 7.28606e-09 9.51129e-08
scan 900 450 9 1.26292e-06 0 1.75135e-07 3.78875e-08 3.78875e-08 3.78875e-08 6.31459e-08 7.57751e-08 9.89174e-07
scan 900 450 10 2.42869e-08 0 2.42869e-08 7.28606e-10 7.28606e-10 7.28606e-10 1.21434e-09 1.45721e-09 1.90226e-08
scan 900 450 11 3.15729e-07 0 8.75676e-08 9.47188e-09 9.47188e-09 9.47188e-09 1.57865e-08 1.89438e-08 2.47294e-07
scan 900 450 12 5.82885e-07 0 1.18981e-07 1.74866e-08 1.74866e-08 1.74866e-08 2.91443e-08 3.49731e-08 4.56542e-07
scan 900 450 13 7.52893e-07 0 1.35224e-07 2.25868e-08 2.25868e-08 2.25868e-08 3.76447e-08 4.51736e-08 5.897e-07
scan 900 450 14 7.84466e-06 0 4.36489e-07 2.3534e-07 2.3534e-07 2.3534e-07 3.92233e-07 4.7068e-07 6.14429e-06
scan 900 450 15 7.28606e-08 0 4.20661e-08 2.18582e-09 2.18582e-09 2.18582e-09 3.64303e-09 4.37164e-09 5.70677e-08
scan 900 450 16 5.10024e-07 0 1.11296e-07 1.53007e-08 1.53007e-08 1.53007e-08 2.55012e-08 3.06015e-08 3.99474e-07
scan 900 450 17 5.10024e-07 0 1.11296e-07 1.53007e-08 1.53007e-08 1.53007e-08 2.55012e-08 3.06015e-08 3.99474e-07
scan 900 450 18 8.50041e-07 0 1.43683e-07 2.55012e-08 2.55012e-08 2.55012e-08 4.2502e-08 5.10024e-08 6.6579e-07
scan 900 450 19 3.40016e-06 0 2.87366e-07 1.02005e-07 1.02005e-07 1.02005e-07 1.70008e-07 2.0401e-07 2.66316e-06
scan 900 450 20 4.85738e-08 0 3.43468e-08 1.45721e-09 1.45721e-09 1.45721e-09 2.42869e-09 2.91443e-09 3.80452e-08
scan 900 450 21 4.85738e-08 0 3.43468e-08 1.45721e-09 1.45721e-09 1.45721e-09 2.42869e-09 2.91443e-09 3.80452e-08
scan 900 450 22 0 0 0 0 0 0 0 0 0
scan 900 450 23 2.18582e-07 0 7.28606e-08 6.55746e-09 6.55746e-09 6.55746e-09 1.09291e-08 1.31149e-08 1.71203e-07
scan 900 450 24 1.40864e-06 0 1.84963e-07 4.22592e-08 4.22592e-08 4.22592e-08 7.0432e-08 8.45183e-08 1.10331e-06
scan 900 450 25 0 0 0 0 0 0 0 0 0
scan 900 450 26 1.70008e-07 0 6.4257e-08 5.10024e-09 5.10024e-09 5.10024e-09 8.50041e-09 1.02005e-08 1.33158e-07
scan 900 450 27 4.12877e-07 0 1.00137e-07 1.23863e-08 1.23863e-08 1.23863e-08 2.06438e-08 2.47726e-08 3.23384e-07
scan 900 450 28 4.85738e-07 0 1.08614e-07 1.45721e-08 1.45721e-08 1.45721e-08 2.42869e-08 2.91443e-08 3.80452e-07
scan 900 450 29 7.18892e-06 0 4.17847e-07 2.15667e-07 2.15667e-07 2.15667e-07 3.59446e-07 4.31335e-07 5.63068e-06
scan 900 450 30 3.8859e-07 0 9.71475e-08 1.16577e-08 1.16577e-08 1.16577e-08 1.94295e-08 2.33154e-08 3.04361e-07
scan 900 450 31 8.01467e-07 0 1.39518e-07 2.4044e-08 2.4044e-08 2.4044e-08 4.00734e-08 4.8088e-08 6.27745e-07
scan 900 450 32 1.06862e-06 0 1.61101e-07 3.20587e-08 3.20587e-08 3.20587e-08 5.34311e-08 6.41174e-08 8.36994e-07
scan 900 450 33 2.01581e-06 0 2.21264e-07 6.04743e-08 6.04743e-08 6.04743e-08 1.00791e-07 1.20949e-07 1.57887e-06
scan 900 450 34 8.86471e-06 0 4.64e-07 2.65941e-07 2.65941e-07 2.65941e-07 4.43236e-07 5.31883e-07 6.94324e-06
scan 900 450 35 9.71475e-08 0 4.85738e-08 2.91443e-09 2.91443e-09 2.91443e-09 4.85738e-09 5.82885e-09 7.60903e-08
scan 900 450 36 9.71475e-08 0 4.85738e-08 2.91443e-09 2.91443e-09 2.91443e-09 4.85738e-09 5.82885e-09 7.60903e-08
scan 900 450 37 2.18582e-07 0 7.28606e-08 6.55746e-09 6.55746e-09 6.55746e-09 1.09291e-08 1.31149e-08 1.71203e-07
scan 900 450 38 4.85738e-07 0 1.08614e-07 1.45721e-08 1.45721e-08 1.45721e-08 2.42869e-08 2.91443e-08 3.80452e-07
scan 900 450 39 3.20587e-06 0 2.79035e-07 9.6176e-08 9.6176e-08 9.6176e-08 1.60293e-07 1.92352e-07 2.51098e-06
scan 900 450 40 1.94295e-07 0 6.86937e-08 5.82885e-09 5.82885e-09 5.82885e-09 9.71475e-09 1.16577e-08 1.52181e-07
scan 900 450 41 5.58598e-07 0 1.16476e-07 1.67579e-08 1.67579e-08 1.67579e-08 2.79299e-08 3.35159e-08 4.37519e-07
scan 900 450 42 8.25754e-07 0 1.41616e-07 2.47726e-08 2.47726e-08 2.47726e-08 4.12877e-08 4.95452e-08 6.46768e-07
scan 900 450 43 1.60293e-06 0 1.97308e-07 4.8088e-08 4.8088e-08 4.8088e-08 8.01467e-08 9.6176e-08 1.25549e-06
scan 900 450 44 2.00367e-05 0 6.97588e-07 6.011e-07 6.011e-07 6.011e-07 1.00183e-06 1.2022e-06 1.56936e-05
scan 900 450 45 0 0 0 0 0 0 0 0 0
scan 900 450 46 2.42869e-08 0 2.42869e-08 7.28606e-10 7.28606e-10 7.28606e-10 1.21434e-09 1.45721e-09 1.90226e-08
scan 900 450 47 0 0 0 0 0 0 0 0 0
scan 900 450 48 2.42869e-08 0 2.42869e-08 7.28606e-10 7.28606e-10 7.28606e-10 1.21434e-09 1.45721e-09 1.90226e-08
scan 900 450 49 0 0 0 0 0 0 0 0 0
scan 900 450 50 0 0 0 0 0 0 0 0 0
scan 900 450 51 0 0 0 0 0 0 0 0 0
scan 900 450 52 4.85738e-08 0 3.43468e-08 1.45721e-09 1.45721e-09 1.45721e-09 2.42869e-09 2.91443e-09 3.80452e-08
scan 900 450 53 0 0 0 0 0 0 0 0 0
scan 900 450 54 2.42869e-08 0 2.42869e-08 7.28606e-10 7.28606e-10 7.28606e-10 1.21434e-09 1.45721e-09 1.90226e-08
scan 900 450 55 0 0 0 0 0 0 0 0 0
scan 900 450 56 0 0 0 0 0 0 0 0 0
scan 900 450 57 0 0 0 0 0 0 0 0 0
scan 900 450 58 2.42869e-08 0 2.42869e-08 7.28606e-10 7.28606e-10 7.28606e-10 1.21434e-09 1.45721e-09 1.90226e-08
scan 900 450 59 1.21434e-07 0 5.43071e-08 3.64303e-09 3.64303e-09 3.64303e-09 6.07172e-09 7.28606e-09 9.51129e-08
scan 900 450 60 0 0 0 0 0 0 0 0
scan 900 450 61 0 0 0 0 0 0 0 0
scan 900 450 62 0 0 0 0 0 0 0 0
scan 900 450 63 0 0 0 0 0 0 0 0
scan 900 450 64 0 0 0 0 0 0 0 0
scan 900 450 65 0 0 0 0 0 0 0 0
scan 900 450 66 0 0 0 0 0 0 0 0
scan 900 450 67 0 0 0 0 0 0 0 0
scan 900 450 68 0 0 0 0 0 0 0 0
scan 900 450 69 0 0 0 0 0 0 0 0
scan 900 450 70 0 0 0 0 0 0 0 0
scan 900 450 71 0 0 0 0 0 0 0 0
scan 900 450 72 0 0 0 0 0 0 0 0
scan 900 450 73 0 0 0 0 0 0 0 0
scan 900 450 74 0 0 0 0 0 0 0 0
scan 900 450 75 0 0 0 0 0 0 0 0 0
scan 900 450 76 0 0 0 0 0 0 0 0 0
scan 900 450 77 0 0 0 0 0 0 0 0 0
scan 900 450 78 0 0 0 0 0 0 0 0 0
scan 900 450 79 0 0 0 0 0 0 0 0 0
scan 900 450 80 0 0 0 0 0 0 0 0 0
scan 900 450 81 0 0 0 0 0 0 0 0 0
scan 900 450 82 0 0 0 0 0 0 0 0 0
scan 900 450 83 0 0 0 0 0 0 0 0 0
scan 900 450 84 0 0 0 0 0 0 0 0 0
scan 900 450 85 0 0 0 0 0 0 0 0 0
scan 900 450 86 2.42869e-08 0 2.42869e-08 7.28606e-10 7.28606e-10 7.28606e-10 1.21434e-09 1.45721e-09 1.90226e-08
scan 900 450 87 2.42869e-08 0 2.42869e-08 7.28606e-10 7.28606e-10 7.28606e-10 1.21434e-09 1.45721e-09 1.90226e-08
scan 900 450 88 2.42869e-08 0 2.42869e-08 7.28606e-10 7.28606e-10 7.28606e-10 1.21434e-09 1.45721e-09 1.90226e-08
scan 900 450 89 4.85738e-08 0 3.43468e-08 1.45721e-09 1.45721e-09 1.45721e-09 2.42869e-09 2.91443e-09 3.80452e-08
scan 900 450 90 2.42869e-08 0 2.42869e-08 7.28606e-10 7.28606e-10 7.28606e-10 1.21434e-09 1.45721e-09 1.90226e-08
scan 900 450 91 9.71475e-08 0 4.85738e-08 2.91443e-09 2.91443e-09 2.91443e-09 4.85738e-09 5.82885e-09 7.60903e-08
scan 900 450 92 2.42869e-08 0 2.42869e-08 7.28606e-10 7.28606e-10 7.28606e-10 1.21434e-09 1.45721e-09 1.90226e-08
scan 900 450 93 2.42869e-08 0 2.42869e-08 7.28606e-10 7.28606e-10 7.28606e-10 1.21434e-09 1.45721e-09 1.90226e-08
scan 900 450 94 0 0 0 0 0 0 0 0 0
scan 900 450 95 0 0 0 0 0 0 0 0 0
scan 900 450 96 0 0 0 0 0 0 0 0 0
scan 900 450 97 0 0 0 0 0 0 0 0 0
scan 900 450 98 0 0 0 0 0 0 0 0 0
scan 900 450 99 2.42869e-08 0 2.42869e-08 7.28606e-10 7.28606e-10 7.28606e-10 1.21434e-09 1.45721e-09 1.90226e-08
scan 900 450 100 0 0 0 0 0 0 0 0 0
scan 900 450 101 7.28606e-08 0 4.20661e-08 2.18582e-09 2.18582e-09 2.18582e-09 3.64303e-09 4.37164e-09 5.70677e-08
scan 900 450 102 4.85738e-08 0 3.43468e-08 1.45721e-09 1.45721e-09 1.45721e-09 2.42869e-09 2.91443e-09 3.80452e-08
scan 900 450 103 4.85738e-08 0 3.43468e-08 1.45721e-09 1.45721e-09 1.45721e-09 2.42869e-09 2.91443e-09 3.80452e-08
scan 900 450 104 2.42869e-07 0 7.68019e-08 7.28606e-09 7.28606e-09 7.28606e-09 1.21434e-08 1.45721e-08 1.90226e-07
scan 900 450 60 0 0 0 0 0 0 0 0
scan 900 450 61 0 0 0 0 0 0 0 0
scan 900 450 62 0 0 0 0 0 0 0 0
scan 900 450 63 0 0 0 0 0 0 0 0
scan 900 450 64 0 0 0 0 0 0 0 0
scan 900 450 65 0 0 0 0 0 0 0 0
scan 900 450 66 0 0 0 0 0 0 0 0
scan 900 450 67 0 0 0 0 0 0 0 0
scan 900 450 68 0 0 0 0 0 0 0 0
scan 900 450 69 0 0 0 0 0 0 0 0
scan 900 450 70 0 0 0 0 0 0 0 0
scan 900 450 71 0 0 0 0 0 0 0 0
scan 900 450 72 0 0 0 0 0 0 0 0
scan 900 450 73 0 0 0 0 0 0 0 0
scan 900 450 74 0 0 0 0 0 0 0 0
scan 900 450 120 0 0 0 0 0 0 0 0 0
scan 900 450 121 0 0 0 0 0 0 0 0 0
scan 900 450 122 0 0 0 0 0 0 0 0 0
scan 900 450 123 0 0 0 0 0 0 0 0 0
scan 900 450 124 0 0 0 0 0 0 0 0 0
scan 900 450 125 0 0 0 0 0 0 0 0 0
scan 900 450 126 0 0 0 0 0 0 0 0 0
scan 900 450 127 0 0 0 0 0 0 0 0 0
scan 900 450 128 0 0 0 0 0 0 0 0 0
scan 900 450 129 0 0 0 0 0 0 0 0 0
scan 900 450 130 0 0 0 0 0 0 0 0 0
scan 900 450 131 0 0 0 0 0 0 0 0 0
scan 900 450 132 0 0 0 0 0 0 0 0 0
scan 900 450 133 0 0 0 0 0 0 0 0 0
scan 900 450 134 1.21434e-07 0 5.43071e-08 3.64303e-09 3.64303e-09 3.64303e-09 6.07172e-09 7.28606e-09 9.51129e-08
scan 900 450 135 0 0 0 0 0 0 0 0 0
scan 900 450 136 2.42869e-08 0 2.42869e-08 7.28606e-10 7.28606e-10 7.28606e-10 1.21434e-09 1.45721e-09 1.90226e-08
scan 900 450 137 0 0 0 0 0 0 0 0 0
scan 900 450 138 0 0 0 0 0 0 0 0 0
scan 900 450 139 7.28606e-08 0 4.20661e-08 2.18582e-09 2.18582e-09 2.18582e-09 3.64303e-09 4.37164e-09 5.70677e-08
scan 900 450 140 2.42869e-08 0 2.42869e-08 7.28606e-10 7.28606e-10 7.28606e-10 1.21434e-09 1.45721e-09 1.90226e-08
scan 900 450 141 0 0 0 0 0 0 0 0 0
scan 900 450 142 0 0 0 0 0 0 0 0 0
scan 900 450 143 0 0 0 0 0 0 0 0 0
scan 900 450 144 2.42869e-08 0 2.42869e-08 7.28606e-10 7.28606e-10 7.28606e-10 1.21434e-09 1.45721e-09 1.90226e-08
scan 900 450 145 0 0 0 0 0 0 0 0 0
scan 900 450 146 0 0 0 0 0 0 0 0 0
scan 900 450 147 2.42869e-08 0 2.42869e-08 7.28606e-10 7.28606e-10 7.28606e-10 1.21434e-09 1.45721e-09 1.90226e-08
scan 900 450 148 2.42869e-08 0 2.42869e-08 7.28606e-10 7.28606e-10 7.28606e-10 1.21434e-09 1.45721e-09 1.90226e-08
scan 900 450 149 4.85738e-08 0 3.43468e-08 1.45721e-09 1.45721e-09 1.45721e-09 2.42869e-09 2.91443e-09 3.80452e-08
scan 900 450 60 0 0 0 0 0 0 0 0
scan 900 450 61 0 0 0 0 0 0 0 0
scan 900 450 62 0 0 0 0 0 0 0 0
scan 900 450 63 0 0 0 0 0 0 0 0
scan 900 450 64 0 0 0 0 0 0 0 0
scan 900 450 65 0 0 0 0 0 0 0 0
scan 900 450 66 0 0 0 0 0 0 0 0
scan 900 450 67 0 0 0 0 0 0 0 0
scan 900 450 68 0 0 0 0 0 0 0 0
scan 900 450 69 0 0 0 0 0 0 0 0
scan 900 450 70 0 0 0 0 0 0 0 0
scan 900 450 71 0 0 0 0 0 0 0 0
scan 900 450 72 0 0 0 0 0 0 0 0
scan 900 450 73 0 0 0 0 0 0 0 0
scan 900 450 74 0 0 0 0 0 0 0 0
scan 900 450 165 2.42869e-08 0 2.42869e-08 7.28606e-10 7.28606e-10 7.28606e-10 1.21434e-09 1.45721e-09 1.90226e-08
scan 900 450 166 0 0 0 0 0 0 0 0 0
scan 900 450 167 0 0 0 0 0 0 0 0 0
scan 900 450 168 0 0 0 0 0 0 0 0 0
scan 900 450 169 2.42869e-08 0 2.42869e-08 7.28606e-10 7.28606e-10 7.28606e-10 1.21434e-09 1.45721e-09 1.90226e-08
scan 900 450 170 0 0 0 0 0 0 0 0 0
scan 900 450 171 0 0 0 0 0 0 0 0 0
scan 900 450 172 0 0 0 0 0 0 0 0 0
scan 900 450 173 0 0 0 0 0 0 0 0 0
scan 900 450 174 0 0 0 0 0 0 0 0 0
scan 900 450 175 0 0 0 0 0 0 0 0 0
scan 900 450 176 0 0 0 0 0 0 0 0 0
scan 900 450 177 0 0 0 0 0 0 0 0 0
scan 900 450 178 0 0 0 0 0 0 0 0 0
scan 900 450 179 0 0 0 0 0 0 0 0 0
