xsec 900 750 0.000291345
scan 900 750 0 3.64121e-07 0 9.40157e-08 1.09236e-08 1.09236e-08 1.09236e-08 1.82061e-08 2.18473e-08 2.85196e-07
scan 900 750 1 8.49616e-07 0 1.43611e-07 2.54885e-08 2.54885e-08 2.54885e-08 4.24808e-08 5.0977e-08 6.65458e-07
scan 900 750 2 4.6122e-07 0 1.05811e-07 1.38366e-08 1.38366e-08 1.38366e-08 2.3061e-08 2.76732e-08 3.61248e-07
scan 900 750 3 2.42747e-07 0 7.67635e-08 7.28242e-09 7.28242e-09 7.28242e-09 1.21374e-08 1.45648e-08 1.90131e-07
scan 900 750 4 3.88396e-07 0 9.7099e-08 1.16519e-08 1.16519e-08 1.16519e-08 1.94198e-08 2.33037e-08 3.04209e-07
scan 900 750 5 7.28242e-08 0 4.20451e-08 2.18473e-09 2.18473e-09 2.18473e-09 3.64121e-09 4.36945e-09 5.70392e-08
scan 900 750 6 2.42747e-07 0 7.67635e-08 7.28242e-09 7.28242e-09 7.28242e-09 1.21374e-08 1.45648e-08 1.90131e-07
scan 900 750 7 1.94198e-07 0 6.86593e-08 5.82594e-09 5.82594e-09 5.82594e-09 9.7099e-09 1.16519e-08 1.52105e-07
scan 900 750 8 7.28242e-08 0 4.20451e-08 2.18473e-09 2.18473e-09 2.18473e-09 3.64121e-09 4.36945e-09 5.70392e-08
scan 900 750 9 7.28242e-08 0 4.20451e-08 2.18473e-09 2.18473e-09 2.18473e-09 3.64121e-09 4.36945e-09 5.70392e-08
scan 900 750 10 2.42747e-08 0 2.42747e-08 7.28242e-10 7.28242e-10 7.28242e-10 1.21374e-09 1.45648e-09 1.90131e-08
scan 900 750 11 3.15572e-07 0 8.75238e-08 9.46715e-09 9.46715e-09 9.46715e-09 1.57786e-08 1.89343e-08 2.4717e-07
scan 900 750 12 8.73891e-07 0 1.45648e-07 2.62167e-08 2.62167e-08 2.62167e-08 4.36945e-08 5.24334e-08 6.84471e-07
scan 900 750 13 9.46715e-07 0 1.51596e-07 2.84014e-08 2.84014e-08 2.84014e-08 4.73357e-08 5.68029e-08 7.4151e-07
scan 900 750 14 1.48076e-06 0 1.89592e-07 4.44228e-08 4.44228e-08 4.44228e-08 7.4038e-08 8.88455e-08 1.1598e-06
scan 900 750 15 2.42747e-08 0 2.42747e-08 7.28242e-10 7.28242e-10 7.28242e-10 1.21374e-09 1.45648e-09 1.90131e-08
scan 900 750 16 4.85495e-08 0 3.43297e-08 1.45648e-09 1.45648e-09 1.45648e-09 2.42747e-09 2.91297e-09 3.80261e-08
scan 900 750 17 4.85495e-08 0 3.43297e-08 1.45648e-09 1.45648e-09 1.45648e-09 2.42747e-09 2.91297e-09 3.80261e-08
scan 900 750 18 9.7099e-08 0 4.85495e-08 2.91297e-09 2.91297e-09 2.91297e-09 4.85495e-09 5.82594e-09 7.60523e-08
scan 900 750 19 4.85495e-08 0 3.43297e-08 1.45648e-09 1.45648e-09 1.45648e-09 2.42747e-09 2.91297e-09 3.80261e-08
scan 900 750 20 0 0 0 0 0 0 0 0 0
scan 900 750 21 0 0 0 0 0 0 0 0 0
scan 900 750 22 0 0 0 0 0 0 0 0 0
scan 900 750 23 2.42747e-08 0 2.42747e-08 7.28242e-10 7.28242e-10 7.28242e-10 1.21374e-09 1.45648e-09 1.90131e-08
scan 900 750 24 2.42747e-08 0 2.42747e-08 7.28242e-10 7.28242e-10 7.28242e-10 1.21374e-09 1.45648e-09 1.90131e-08
scan 900 750 25 0 0 0 0 0 0 0 0 0
scan 900 750 26 2.42747e-08 0 2.42747e-08 7.28242e-10 7.28242e-10 7.28242e-10 1.21374e-09 1.45648e-09 1.90131e-08
scan 900 750 27 9.7099e-08 0 4.85495e-08 2.91297e-09 2.91297e-09 2.91297e-09 4.85495e-09 5.82594e-09 7.60523e-08
scan 900 750 28 7.28242e-08 0 4.20451e-08 2.18473e-09 2.18473e-09 2.18473e-09 3.64121e-09 4.36945e-09 5.70392e-08
scan 900 750 29 2.18473e-07 0 7.28242e-08 6.55418e-09 6.55418e-09 6.55418e-09 1.09236e-08 1.31084e-08 1.71118e-07
scan 900 750 30 0 0 0 0 0 0 0 0 0
scan 900 750 31 4.85495e-08 0 3.43297e-08 1.45648e-09 1.45648e-09 1.45648e-09 2.42747e-09 2.91297e-09 3.80261e-08
scan 900 750 32 2.42747e-08 0 2.42747e-08 7.28242e-10 7.28242e-10 7.28242e-10 1.21374e-09 1.45648e-09 1.90131e-08
scan 900 750 33 0 0 0 0 0 0 0 0 0
scan 900 750 34 7.28242e-08 0 4.20451e-08 2.18473e-09 2.18473e-09 2.18473e-09 3.64121e-09 4.36945e-09 5.70392e-08
scan 900 750 35 0 0 0 0 0 0 0 0 0
scan 900 750 36 0 0 0 0 0 0 0 0 0
scan 900 750 37 0 0 0 0 0 0 0 0 0
scan 900 750 38 0 0 0 0 0 0 0 0 0
scan 900 750 39 4.85495e-08 0 3.43297e-08 1.45648e-09 1.45648e-09 1.45648e-09 2.42747e-09 2.91297e-09 3.80261e-08
scan 900 750 40 0 0 0 0 0 0 0 0 0
scan 900 750 41 2.42747e-08 0 2.42747e-08 7.28242e-10 7.28242e-10 7.28242e-10 1.21374e-09 1.45648e-09 1.90131e-08
scan 900 750 42 1.45648e-07 0 5.94607e-08 4.36945e-09 4.36945e-09 4.36945e-09 7.28242e-09 8.73891e-09 1.14078e-07
scan 900 750 43 7.28242e-08 0 4.20451e-08 2.18473e-09 2.18473e-09 2.18473e-09 3.64121e-09 4.36945e-09 5.70392e-08
scan 900 750 44 9.7099e-08 0 4.85495e-08 2.91297e-09 2.91297e-09 2.91297e-09 4.85495e-09 5.82594e-09 7.60523e-08
scan 900 750 45 0 0 0 0 0 0 0 0 0
scan 900 750 46 0 0 0 0 0 0 0 0 0
scan 900 750 47 0 0 0 0 0 0 0 0 0
scan 900 750 48 0 0 0 0 0 0 0 0 0
scan 900 750 49 0 0 0 0 0 0 0 0 0
scan 900 750 50 0 0 0 0 0 0 0 0 0
scan 900 750 51 0 0 0 0 0 0 0 0 0
scan 900 750 52 0 0 0 0 0 0 0 0 0
scan 900 750 53 0 0 0 0 0 0 0 0 0
scan 900 750 54 0 0 0 0 0 0 0 0 0
scan 900 750 55 0 0 0 0 0 0 0 0 0
scan 900 750 56 0 0 0 0 0 0 0 0 0
scan 900 750 57 0 0 0 0 0 0 0 0 0
scan 900 750 58 0 0 0 0 0 0 0 0 0
scan 900 750 59 2.42747e-08 0 2.42747e-08 7.28242e-10 7.28242e-10 7.28242e-10 1.21374e-09 1.45648e-09 1.90131e-08
scan 900 750 60 0 0 0 0 0 0 0 0
scan 900 750 61 0 0 0 0 0 0 0 0
scan 900 750 62 0 0 0 0 0 0 0 0
scan 900 750 63 0 0 0 0 0 0 0 0
scan 900 750 64 0 0 0 0 0 0 0 0
scan 900 750 65 0 0 0 0 0 0 0 0
scan 900 750 66 0 0 0 0 0 0 0 0
scan 900 750 67 0 0 0 0 0 0 0 0
scan 900 750 68 0 0 0 0 0 0 0 0
scan 900 750 69 0 0 0 0 0 0 0 0
scan 900 750 70 0 0 0 0 0 0 0 0
scan 900 750 71 0 0 0 0 0 0 0 0
scan 900 750 72 0 0 0 0 0 0 0 0
scan 900 750 73 0 0 0 0 0 0 0 0
scan 900 750 74 0 0 0 0 0 0 0 0
scan 900 750 75 2.42747e-08 0 2.42747e-08 7.28242e-10 7.28242e-10 7.28242e-10 1.21374e-09 1.45648e-09 1.90131e-08
scan 900 750 76 2.42747e-08 0 2.42747e-08 7.28242e-10 7.28242e-10 7.28242e-10 1.21374e-09 1.45648e-09 1.90131e-08
scan 900 750 77 0 0 0 0 0 0 0 0 0
scan 900 750 78 0 0 0 0 0 0 0 0 0
scan 900 750 79 0 0 0 0 0 0 0 0 0
scan 900 750 80 0 0 0 0 0 0 0 0 0
scan 900 750 81 0 0 0 0 0 0 0 0 0
scan 900 750 82 0 0 0 0 0 0 0 0 0
scan 900 750 83 2.42747e-08 0 2.42747e-08 7.28242e-10 7.28242e-10 7.28242e-10 1.21374e-09 1.45648e-09 1.90131e-08
scan 900 750 84 0 0 0 0 0 0 0 0 0
scan 900 750 85 0 0 0 0 0 0 0 0 0
scan 900 750 86 0 0 0 0 0 0 0 0 0
scan 900 750 87 2.42747e-08 0 2.42747e-08 7.28242e-10 7.28242e-10 7.28242e-10 1.21374e-09 1.45648e-09 1.90131e-08
scan 900 750 88 2.42747e-08 0 2.42747e-08 7.28242e-10 7.28242e-10 7.28242e-10 1.21374e-09 1.45648e-09 1.90131e-08
scan 900 750 89 2.42747e-08 0 2.42747e-08 7.28242e-10 7.28242e-10 7.28242e-10 1.21374e-09 1.45648e-09 1.90131e-08
scan 900 750 90 0 0 0 0 0 0 0 0 0
scan 900 750 91 2.42747e-08 0 2.42747e-08 7.28242e-10 7.28242e-10 7.28242e-10 1.21374e-09 1.45648e-09 1.90131e-08
scan 900 750 92 0 0 0 0 0 0 0 0 0
scan 900 750 93 0 0 0 0 0 0 0 0 0
scan 900 750 94 0 0 0 0 0 0 0 0 0
scan 900 750 95 0 0 0 0 0 0 0 0 0
scan 900 750 96 2.42747e-08 0 2.42747e-08 7.28242e-10 7.28242e-10 7.28242e-10 1.21374e-09 1.45648e-09 1.90131e-08
scan 900 750 97 0 0 0 0 0 0 0 0 0
scan 900 750 98 0 0 0 0 0 0 0 0 0
scan 900 750 99 0 0 0 0 0 0 0 0 0
scan 900 750 100 0 0 0 0 0 0 0 0 0
scan 900 750 101 0 0 0 0 0 0 0 0 0
scan 900 750 102 0 0 0 0 0 0 0 0 0
scan 900 750 103 2.42747e-08 0 2.42747e-08 7.28242e-10 7.28242e-10 7.28242e-10 1.21374e-09 1.45648e-09 1.90131e-08
scan 900 750 104 0 0 0 0 0 0 0 0 0
scan 900 750 60 0 0 0 0 0 0 0 0
scan 900 750 61 0 0 0 0 0 0 0 0
scan 900 750 62 0 0 0 0 0 0 0 0
scan 900 750 63 0 0 0 0 0 0 0 0
scan 900 750 64 0 0 0 0 0 0 0 0
scan 900 750 65 0 0 0 0 0 0 0 0
scan 900 750 66 0 0 0 0 0 0 0 0
scan 900 750 67 0 0 0 0 0 0 0 0
scan 900 750 68 0 0 0 0 0 0 0 0
scan 900 750 69 0 0 0 0 0 0 0 0
scan 900 750 70 0 0 0 0 0 0 0 0
scan 900 750 71 0 0 0 0 0 0 0 0
scan 900 750 72 0 0 0 0 0 0 0 0
scan 900 750 73 0 0 0 0 0 0 0 0
scan 900 750 74 0 0 0 0 0 0 0 0
scan 900 750 120 0 0 0 0 0 0 0 0 0
scan 900 750 121 0 0 0 0 0 0 0 0 0
scan 900 750 122 0 0 0 0 0 0 0 0 0
scan 900 750 123 0 0 0 0 0 0 0 0 0
scan 900 750 124 0 0 0 0 0 0 0 0 0
scan 900 750 125 0 0 0 0 0 0 0 0 0
scan 900 750 126 0 0 0 0 0 0 0 0 0
scan 900 750 127 0 0 0 0 0 0 0 0 0
scan 900 750 128 0 0 0 0 0 0 0 0 0
scan 900 750 129 0 0 0 0 0 0 0 0 0
scan 900 750 130 0 0 0 0 0 0 0 0 0
scan 900 750 131 0 0 0 0 0 0 0 0 0
scan 900 750 132 0 0 0 0 0 0 0 0 0
scan 900 750 133 0 0 0 0 0 0 0 0 0
scan 900 750 134 2.42747e-08 0 2.42747e-08 7.28242e-10 7.28242e-10 7.28242e-10 1.21374e-09 1.45648e-09 1.90131e-08
scan 900 750 135 0 0 0 0 0 0 0 0 0
scan 900 750 136 0 0 0 0 0 0 0 0 0
scan 900 750 137 0 0 0 0 0 0 0 0 0
scan 900 750 138 0 0 0 0 0 0 0 0 0
scan 900 750 139 0 0 0 0 0 0 0 0 0
scan 900 750 140 0 0 0 0 0 0 0 0 0
scan 900 750 141 0 0 0 0 0 0 0 0 0
scan 900 750 142 0 0 0 0 0 0 0 0 0
scan 900 750 143 0 0 0 0 0 0 0 0 0
scan 900 750 144 2.42747e-08 0 2.42747e-08 7.28242e-10 7.28242e-10 7.28242e-10 1.21374e-09 1.45648e-09 1.90131e-08
scan 900 750 145 0 0 0 0 0 0 0 0 0
scan 900 750 146 0 0 0 0 0 0 0 0 0
scan 900 750 147 0 0 0 0 0 0 0 0 0
scan 900 750 148 0 0 0 0 0 0 0 0 0
scan 900 750 149 0 0 0 0 0 0 0 0 0
scan 900 750 60 0 0 0 0 0 0 0 0
scan 900 750 61 0 0 0 0 0 0 0 0
scan 900 750 62 0 0 0 0 0 0 0 0
scan 900 750 63 0 0 0 0 0 0 0 0
scan 900 750 64 0 0 0 0 0 0 0 0
scan 900 750 65 0 0 0 0 0 0 0 0
scan 900 750 66 0 0 0 0 0 0 0 0
scan 900 750 67 0 0 0 0 0 0 0 0
scan 900 750 68 0 0 0 0 0 0 0 0
scan 900 750 69 0 0 0 0 0 0 0 0
scan 900 750 70 0 0 0 0 0 0 0 0
scan 900 750 71 0 0 0 0 0 0 0 0
scan 900 750 72 0 0 0 0 0 0 0 0
scan 900 750 73 0 0 0 0 0 0 0 0
scan 900 750 74 0 0 0 0 0 0 0 0
scan 900 750 165 0 0 0 0 0 0 0 0 0
scan 900 750 166 0 0 0 0 0 0 0 0 0
scan 900 750 167 0 0 0 0 0 0 0 0 0
scan 900 750 168 0 0 0 0 0 0 0 0 0
scan 900 750 169 0 0 0 0 0 0 0 0 0
scan 900 750 170 0 0 0 0 0 0 0 0 0
scan 900 750 171 0 0 0 0 0 0 0 0 0
scan 900 750 172 0 0 0 0 0 0 0 0 0
scan 900 750 173 0 0 0 0 0 0 0 0 0
scan 900 750 174 0 0 0 0 0 0 0 0 0
scan 900 750 175 0 0 0 0 0 0 0 0 0
scan 900 750 176 0 0 0 0 0 0 0 0 0
scan 900 750 177 0 0 0 0 0 0 0 0 0
scan 900 750 178 0 0 0 0 0 0 0 0 0
scan 900 750 179 0 0 0 0 0 0 0 0 0
