xsec 1000 200 0.000129786
scan 1000 200 0 6.48995e-08 0 2.0523e-08 1.94698e-09 1.94698e-09 1.94698e-09 3.24497e-09 3.89397e-09 5.10688e-08
scan 1000 200 1 6.48995e-08 0 2.0523e-08 1.94698e-09 1.94698e-09 1.94698e-09 3.24497e-09 3.89397e-09 5.10688e-08
scan 1000 200 2 3.24497e-08 0 1.4512e-08 9.73492e-10 9.73492e-10 9.73492e-10 1.62249e-09 1.94698e-09 2.55344e-08
scan 1000 200 3 5.84095e-08 0 1.94698e-08 1.75229e-09 1.75229e-09 1.75229e-09 2.92048e-09 3.50457e-09 4.59619e-08
scan 1000 200 4 5.58136e-07 0 6.01853e-08 1.67441e-08 1.67441e-08 1.67441e-08 2.79068e-08 3.34881e-08 4.39192e-07
scan 1000 200 5 0 0 0 0 0 0 0 0 0
scan 1000 200 6 2.59598e-08 0 1.29799e-08 7.78794e-10 7.78794e-10 7.78794e-10 1.29799e-09 1.55759e-09 2.04275e-08
scan 1000 200 7 1.29799e-08 0 9.17817e-09 3.89397e-10 3.89397e-10 3.89397e-10 6.48995e-10 7.78794e-10 1.02138e-08
scan 1000 200 8 2.59598e-08 0 1.29799e-08 7.78794e-10 7.78794e-10 7.78794e-10 1.29799e-09 1.55759e-09 2.04275e-08
scan 1000 200 9 2.92048e-07 0 4.35359e-08 8.76143e-09 8.76143e-09 8.76143e-09 1.46024e-08 1.75229e-08 2.2981e-07
scan 1000 200 10 6.48995e-09 0 6.48995e-09 1.94698e-10 1.94698e-10 1.94698e-10 3.24497e-10 3.89397e-10 5.10688e-09
scan 1000 200 11 3.24497e-08 0 1.4512e-08 9.73492e-10 9.73492e-10 9.73492e-10 1.62249e-09 1.94698e-09 2.55344e-08
scan 1000 200 12 1.49269e-07 0 3.11247e-08 4.47806e-09 4.47806e-09 4.47806e-09 7.46344e-09 8.95613e-09 1.17458e-07
scan 1000 200 13 1.62249e-07 0 3.24497e-08 4.86746e-09 4.86746e-09 4.86746e-09 8.11244e-09 9.73492e-09 1.27672e-07
scan 1000 200 14 4.28337e-06 0 1.6673e-07 1.28501e-07 1.28501e-07 1.28501e-07 2.14168e-07 2.57002e-07 3.37054e-06
scan 1000 200 15 2.59598e-08 0 1.29799e-08 7.78794e-10 7.78794e-10 7.78794e-10 1.29799e-09 1.55759e-09 2.04275e-08
scan 1000 200 16 3.24497e-08 0 1.4512e-08 9.73492e-10 9.73492e-10 9.73492e-10 1.62249e-09 1.94698e-09 2.55344e-08
scan 1000 200 17 2.59598e-08 0 1.29799e-08 7.78794e-10 7.78794e-10 7.78794e-10 1.29799e-09 1.55759e-09 2.04275e-08
scan 1000 200 18 8.43693e-08 0 2.33998e-08 2.53108e-09 2.53108e-09 2.53108e-09 4.21847e-09 5.06216e-09 6.63894e-08
scan 1000 200 19 7.20384e-07 0 6.83759e-08 2.16115e-08 2.16115e-08 2.16115e-08 3.60192e-08 4.32231e-08 5.66864e-07
scan 1000 200 20 0 0 0 0 0 0 0 0 0
scan 1000 200 21 1.29799e-08 0 9.17817e-09 3.89397e-10 3.89397e-10 3.89397e-10 6.48995e-10 7.78794e-10 1.02138e-08
scan 1000 200 22 1.29799e-08 0 9.17817e-09 3.89397e-10 3.89397e-10 3.89397e-10 6.48995e-10 7.78794e-10 1.02138e-08
scan 1000 200 23 1.94698e-08 0 1.12409e-08 5.84095e-10 5.84095e-10 5.84095e-10 9.73492e-10 1.16819e-09 1.53206e-08
scan 1000 200 24 1.68739e-07 0 3.30924e-08 5.06216e-09 5.06216e-09 5.06216e-09 8.43693e-09 1.01243e-08 1.32779e-07
scan 1000 200 25 0 0 0 0 0 0 0 0 0
scan 1000 200 26 4.54296e-08 0 1.71708e-08 1.36289e-09 1.36289e-09 1.36289e-09 2.27148e-09 2.72578e-09 3.57482e-08
scan 1000 200 27 1.16819e-07 0 2.75345e-08 3.50457e-09 3.50457e-09 3.50457e-09 5.84095e-09 7.00914e-09 9.19239e-08
scan 1000 200 28 1.29799e-07 0 2.90239e-08 3.89397e-09 3.89397e-09 3.89397e-09 6.48995e-09 7.78794e-09 1.02138e-07
scan 1000 200 29 3.62139e-06 0 1.53306e-07 1.08642e-07 1.08642e-07 1.08642e-07 1.8107e-07 2.17283e-07 2.84964e-06
scan 1000 200 30 1.10329e-07 0 2.67587e-08 3.30987e-09 3.30987e-09 3.30987e-09 5.51646e-09 6.61975e-09 8.6817e-08
scan 1000 200 31 2.33638e-07 0 3.89397e-08 7.00914e-09 7.00914e-09 7.00914e-09 1.16819e-08 1.40183e-08 1.83848e-07
scan 1000 200 32 3.24497e-07 0 4.58909e-08 9.73492e-09 9.73492e-09 9.73492e-09 1.62249e-08 1.94698e-08 2.55344e-07
scan 1000 200 33 3.89397e-07 0 5.02709e-08 1.16819e-08 1.16819e-08 1.16819e-08 1.94698e-08 2.33638e-08 3.06413e-07
scan 1000 200 34 5.1011e-06 0 1.8195e-07 1.53033e-07 1.53033e-07 1.53033e-07 2.55055e-07 3.06066e-07 4.01401e-06
scan 1000 200 35 6.48995e-09 0 6.48995e-09 1.94698e-10 1.94698e-10 1.94698e-10 3.24497e-10 3.89397e-10 5.10688e-09
scan 1000 200 36 1.29799e-08 0 9.17817e-09 3.89397e-10 3.89397e-10 3.89397e-10 6.48995e-10 7.78794e-10 1.02138e-08
scan 1000 200 37 1.10329e-07 0 2.67587e-08 3.30987e-09 3.30987e-09 3.30987e-09 5.51646e-09 6.61975e-09 8.6817e-08
scan 1000 200 38 1.29799e-07 0 2.90239e-08 3.89397e-09 3.89397e-09 3.89397e-09 6.48995e-09 7.78794e-09 1.02138e-07
scan 1000 200 39 2.01837e-06 0 1.14451e-07 6.05512e-08 6.05512e-08 6.05512e-08 1.00919e-07 1.21102e-07 1.58824e-06
scan 1000 200 40 7.78794e-08 0 2.24818e-08 2.33638e-09 2.33638e-09 2.33638e-09 3.89397e-09 4.67276e-09 6.12826e-08
scan 1000 200 41 2.98538e-07 0 4.4017e-08 8.95613e-09 8.95613e-09 8.95613e-09 1.49269e-08 1.79123e-08 2.34917e-07
scan 1000 200 42 5.19196e-07 0 5.80479e-08 1.55759e-08 1.55759e-08 1.55759e-08 2.59598e-08 3.11518e-08 4.0855e-07
scan 1000 200 43 7.65814e-07 0 7.04989e-08 2.29744e-08 2.29744e-08 2.29744e-08 3.82907e-08 4.59488e-08 6.02612e-07
scan 1000 200 44 1.98917e-05 0 3.59299e-07 5.96751e-07 5.96751e-07 5.96751e-07 9.94585e-07 1.1935e-06 1.56526e-05
scan 1000 200 45 1.94698e-08 0 1.12409e-08 5.84095e-10 5.84095e-10 5.84095e-10 9.73492e-10 1.16819e-09 1.53206e-08
scan 1000 200 46 6.48995e-09 0 6.48995e-09 1.94698e-10 1.94698e-10 1.94698e-10 3.24497e-10 3.89397e-10 5.10688e-09
scan 1000 200 47 1.94698e-08 0 1.12409e-08 5.84095e-10 5.84095e-10 5.84095e-10 9.73492e-10 1.16819e-09 1.53206e-08
scan 1000 200 48 0 0 0 0 0 0 0 0 0
scan 1000 200 49 1.29799e-08 0 9.17817e-09 3.89397e-10 3.89397e-10 3.89397e-10 6.48995e-10 7.78794e-10 1.02138e-08
scan 1000 200 50 0 0 0 0 0 0 0 0 0
scan 1000 200 51 0 0 0 0 0 0 0 0 0
scan 1000 200 52 6.48995e-09 0 6.48995e-09 1.94698e-10 1.94698e-10 1.94698e-10 3.24497e-10 3.89397e-10 5.10688e-09
scan 1000 200 53 0 0 0 0 0 0 0 0 0
scan 1000 200 54 0 0 0 0 0 0 0 0 0
scan 1000 200 55 0 0 0 0 0 0 0 0 0
scan 1000 200 56 0 0 0 0 0 0 0 0 0
scan 1000 200 57 1.94698e-08 0 1.12409e-08 5.84095e-10 5.84095e-10 5.84095e-10 9.73492e-10 1.16819e-09 1.53206e-08
scan 1000 200 58 6.48995e-09 0 6.48995e-09 1.94698e-10 1.94698e-10 1.94698e-10 3.24497e-10 3.89397e-10 5.10688e-09
scan 1000 200 59 1.68739e-07 0 3.30924e-08 5.06216e-09 5.06216e-09 5.06216e-09 8.43693e-09 1.01243e-08 1.32779e-07
scan 1000 200 60 0 0 0 0 0 0 0 0
scan 1000 200 61 0 0 0 0 0 0 0 0
scan 1000 200 62 0 0 0 0 0 0 0 0
scan 1000 200 63 0 0 0 0 0 0 0 0
scan 1000 200 64 0 0 0 0 0 0 0 0
scan 1000 200 65 0 0 0 0 0 0 0 0
scan 1000 200 66 0 0 0 0 0 0 0 0
scan 1000 200 67 0 0 0 0 0 0 0 0
scan 1000 200 68 0 0 0 0 0 0 0 0
scan 1000 200 69 0 0 0 0 0 0 0 0
scan 1000 200 70 0 0 0 0 0 0 0 0
scan 1000 200 71 0 0 0 0 0 0 0 0
scan 1000 200 72 0 0 0 0 0 0 0 0
scan 1000 200 73 0 0 0 0 0 0 0 0
scan 1000 200 74 0 0 0 0 0 0 0 0
scan 1000 200 75 0 0 0 0 0 0 0 0 0
scan 1000 200 76 0 0 0 0 0 0 0 0 0
scan 1000 200 77 0 0 0 0 0 0 0 0 0
scan 1000 200 78 0 0 0 0 0 0 0 0 0
scan 1000 200 79 0 0 0 0 0 0 0 0 0
scan 1000 200 80 0 0 0 0 0 0 0 0 0
scan 1000 200 81 0 0 0 0 0 0 0 0 0
scan 1000 200 82 0 0 0 0 0 0 0 0 0
scan 1000 200 83 6.48995e-09 0 6.48995e-09 1.94698e-10 1.94698e-10 1.94698e-10 3.24497e-10 3.89397e-10 5.10688e-09
scan 1000 200 84 0 0 0 0 0 0 0 0 0
scan 1000 200 85 0 0 0 0 0 0 0 0 0
scan 1000 200 86 0 0 0 0 0 0 0 0 0
scan 1000 200 87 0 0 0 0 0 0 0 0 0
scan 1000 200 88 1.29799e-08 0 9.17817e-09 3.89397e-10 3.89397e-10 3.89397e-10 6.48995e-10 7.78794e-10 1.02138e-08
scan 1000 200 89 1.03839e-07 0 2.59598e-08 3.11518e-09 3.11518e-09 3.11518e-09 5.19196e-09 6.23035e-09 8.17101e-08
scan 1000 200 90 3.24497e-08 0 1.4512e-08 9.73492e-10 9.73492e-10 9.73492e-10 1.62249e-09 1.94698e-09 2.55344e-08
scan 1000 200 91 6.48995e-09 0 6.48995e-09 1.94698e-10 1.94698e-10 1.94698e-10 3.24497e-10 3.89397e-10 5.10688e-09
scan 1000 200 92 6.48995e-09 0 6.48995e-09 1.94698e-10 1.94698e-10 1.94698e-10 3.24497e-10 3.89397e-10 5.10688e-09
scan 1000 200 93 6.48995e-09 0 6.48995e-09 1.94698e-10 1.94698e-10 1.94698e-10 3.24497e-10 3.89397e-10 5.10688e-09
scan 1000 200 94 2.59598e-08 0 1.29799e-08 7.78794e-10 7.78794e-10 7.78794e-10 1.29799e-09 1.55759e-09 2.04275e-08
scan 1000 200 95 6.48995e-09 0 6.48995e-09 1.94698e-10 1.94698e-10 1.94698e-10 3.24497e-10 3.89397e-10 5.10688e-09
scan 1000 200 96 3.24497e-08 0 1.4512e-08 9.73492e-10 9.73492e-10 9.73492e-10 1.62249e-09 1.94698e-09 2.55344e-08
scan 1000 200 97 1.29799e-08 0 9.17817e-09 3.89397e-10 3.89397e-10 3.89397e-10 6.48995e-10 7.78794e-10 1.02138e-08
scan 1000 200 98 1.94698e-08 0 1.12409e-08 5.84095e-10 5.84095e-10 5.84095e-10 9.73492e-10 1.16819e-09 1.53206e-08
scan 1000 200 99 6.48995e-09 0 6.48995e-09 1.94698e-10 1.94698e-10 1.94698e-10 3.24497e-10 3.89397e-10 5.10688e-09
scan 1000 200 100 0 0 0 0 0 0 0 0 0
scan 1000 200 101 2.59598e-08 0 1.29799e-08 7.78794e-10 7.78794e-10 7.78794e-10 1.29799e-09 1.55759e-09 2.04275e-08
scan 1000 200 102 3.24497e-08 0 1.4512e-08 9.73492e-10 9.73492e-10 9.73492e-10 1.62249e-09 1.94698e-09 2.55344e-08
scan 1000 200 103 6.48995e-08 0 2.0523e-08 1.94698e-09 1.94698e-09 1.94698e-09 3.24497e-09 3.89397e-09 5.10688e-08
scan 1000 200 104 2.92048e-07 0 4.35359e-08 8.76143e-09 8.76143e-09 8.76143e-09 1.46024e-08 1.75229e-08 2.2981e-07
scan 1000 200 60 0 0 0 0 0 0 0 0
scan 1000 200 61 0 0 0 0 0 0 0 0
scan 1000 200 62 0 0 0 0 0 0 0 0
scan 1000 200 63 0 0 0 0 0 0 0 0
scan 1000 200 64 0 0 0 0 0 0 0 0
scan 1000 200 65 0 0 0 0 0 0 0 0
scan 1000 200 66 0 0 0 0 0 0 0 0
scan 1000 200 67 0 0 0 0 0 0 0 0
scan 1000 200 68 0 0 0 0 0 0 0 0
scan 1000 200 69 0 0 0 0 0 0 0 0
scan 1000 200 70 0 0 0 0 0 0 0 0
scan 1000 200 71 0 0 0 0 0 0 0 0
scan 1000 200 72 0 0 0 0 0 0 0 0
scan 1000 200 73 0 0 0 0 0 0 0 0
scan 1000 200 74 0 0 0 0 0 0 0 0
scan 1000 200 120 0 0 0 0 0 0 0 0 0
scan 1000 200 121 0 0 0 0 0 0 0 0 0
scan 1000 200 122 6.48995e-09 0 6.48995e-09 1.94698e-10 1.94698e-10 1.94698e-10 3.24497e-10 3.89397e-10 5.10688e-09
scan 1000 200 123 0 0 0 0 0 0 0 0 0
scan 1000 200 124 3.89397e-08 0 1.58971e-08 1.16819e-09 1.16819e-09 1.16819e-09 1.94698e-09 2.33638e-09 3.06413e-08
scan 1000 200 125 0 0 0 0 0 0 0 0 0
scan 1000 200 126 0 0 0 0 0 0 0 0 0
scan 1000 200 127 0 0 0 0 0 0 0 0 0
scan 1000 200 128 0 0 0 0 0 0 0 0 0
scan 1000 200 129 0 0 0 0 0 0 0 0 0
scan 1000 200 130 0 0 0 0 0 0 0 0 0
scan 1000 200 131 0 0 0 0 0 0 0 0 0
scan 1000 200 132 1.29799e-08 0 9.17817e-09 3.89397e-10 3.89397e-10 3.89397e-10 6.48995e-10 7.78794e-10 1.02138e-08
scan 1000 200 133 1.29799e-08 0 9.17817e-09 3.89397e-10 3.89397e-10 3.89397e-10 6.48995e-10 7.78794e-10 1.02138e-08
scan 1000 200 134 2.46618e-07 0 4.00067e-08 7.39854e-09 7.39854e-09 7.39854e-09 1.23309e-08 1.47971e-08 1.94061e-07
scan 1000 200 135 1.94698e-08 0 1.12409e-08 5.84095e-10 5.84095e-10 5.84095e-10 9.73492e-10 1.16819e-09 1.53206e-08
scan 1000 200 136 2.59598e-08 0 1.29799e-08 7.78794e-10 7.78794e-10 7.78794e-10 1.29799e-09 1.55759e-09 2.04275e-08
scan 1000 200 137 1.29799e-08 0 9.17817e-09 3.89397e-10 3.89397e-10 3.89397e-10 6.48995e-10 7.78794e-10 1.02138e-08
scan 1000 200 138 1.29799e-08 0 9.17817e-09 3.89397e-10 3.89397e-10 3.89397e-10 6.48995e-10 7.78794e-10 1.02138e-08
scan 1000 200 139 7.13894e-08 0 2.15247e-08 2.14168e-09 2.14168e-09 2.14168e-09 3.56947e-09 4.28337e-09 5.61757e-08
scan 1000 200 140 0 0 0 0 0 0 0 0 0
scan 1000 200 141 1.29799e-08 0 9.17817e-09 3.89397e-10 3.89397e-10 3.89397e-10 6.48995e-10 7.78794e-10 1.02138e-08
scan 1000 200 142 0 0 0 0 0 0 0 0 0
scan 1000 200 143 1.94698e-08 0 1.12409e-08 5.84095e-10 5.84095e-10 5.84095e-10 9.73492e-10 1.16819e-09 1.53206e-08
scan 1000 200 144 1.29799e-08 0 9.17817e-09 3.89397e-10 3.89397e-10 3.89397e-10 6.48995e-10 7.78794e-10 1.02138e-08
scan 1000 200 145 0 0 0 0 0 0 0 0 0
scan 1000 200 146 6.48995e-09 0 6.48995e-09 1.94698e-10 1.94698e-10 1.94698e-10 3.24497e-10 3.89397e-10 5.10688e-09
scan 1000 200 147 6.48995e-09 0 6.48995e-09 1.94698e-10 1.94698e-10 1.94698e-10 3.24497e-10 3.89397e-10 5.10688e-09
scan 1000 200 148 1.94698e-08 0 1.12409e-08 5.84095e-10 5.84095e-10 5.84095e-10 9.73492e-10 1.16819e-09 1.53206e-08
scan 1000 200 149 1.16819e-07 0 2.75345e-08 3.50457e-09 3.50457e-09 3.50457e-09 5.84095e-09 7.00914e-09 9.19239e-08
scan 1000 200 60 0 0 0 0 0 0 0 0
scan 1000 200 61 0 0 0 0 0 0 0 0
scan 1000 200 62 0 0 0 0 0 0 0 0
scan 1000 200 63 0 0 0 0 0 0 0 0
scan 1000 200 64 0 0 0 0 0 0 0 0
scan 1000 200 65 0 0 0 0 0 0 0 0
scan 1000 200 66 0 0 0 0 0 0 0 0
scan 1000 200 67 0 0 0 0 0 0 0 0
scan 1000 200 68 0 0 0 0 0 0 0 0
scan 1000 200 69 0 0 0 0 0 0 0 0
scan 1000 200 70 0 0 0 0 0 0 0 0
scan 1000 200 71 0 0 0 0 0 0 0 0
scan 1000 200 72 0 0 0 0 0 0 0 0
scan 1000 200 73 0 0 0 0 0 0 0 0
scan 1000 200 74 0 0 0 0 0 0 0 0
scan 1000 200 165 1.94698e-08 0 1.12409e-08 5.84095e-10 5.84095e-10 5.84095e-10 9.73492e-10 1.16819e-09 1.53206e-08
scan 1000 200 166 0 0 0 0 0 0 0 0 0
scan 1000 200 167 6.48995e-09 0 6.48995e-09 1.94698e-10 1.94698e-10 1.94698e-10 3.24497e-10 3.89397e-10 5.10688e-09
scan 1000 200 168 1.29799e-08 0 9.17817e-09 3.89397e-10 3.89397e-10 3.89397e-10 6.48995e-10 7.78794e-10 1.02138e-08
scan 1000 200 169 4.54296e-08 0 1.71708e-08 1.36289e-09 1.36289e-09 1.36289e-09 2.27148e-09 2.72578e-09 3.57482e-08
scan 1000 200 170 0 0 0 0 0 0 0 0 0
scan 1000 200 171 0 0 0 0 0 0 0 0 0
scan 1000 200 172 0 0 0 0 0 0 0 0 0
scan 1000 200 173 6.48995e-09 0 6.48995e-09 1.94698e-10 1.94698e-10 1.94698e-10 3.24497e-10 3.89397e-10 5.10688e-09
scan 1000 200 174 1.29799e-08 0 9.17817e-09 3.89397e-10 3.89397e-10 3.89397e-10 6.48995e-10 7.78794e-10 1.02138e-08
scan 1000 200 175 0 0 0 0 0 0 0 0 0
scan 1000 200 176 0 0 0 0 0 0 0 0 0
scan 1000 200 177 0 0 0 0 0 0 0 0 0
scan 1000 200 178 0 0 0 0 0 0 0 0 0
scan 1000 200 179 9.08593e-08 0 2.42832e-08 2.72578e-09 2.72578e-09 2.72578e-09 4.54296e-09 5.45156e-09 7.14963e-08
