xsec 550 200 0.00761444
scan 550 200 0 9.13824e-06 0 1.86533e-06 2.74147e-07 2.74147e-07 2.74147e-07 4.56912e-07 5.48294e-07 6.92639e-06
scan 550 200 1 1.37074e-05 0 2.28456e-06 4.11221e-07 4.11221e-07 4.11221e-07 6.85368e-07 8.22441e-07 1.03896e-05
scan 550 200 2 2.17033e-05 0 2.87467e-06 6.51099e-07 6.51099e-07 6.51099e-07 1.08517e-06 1.3022e-06 1.64502e-05
scan 550 200 3 2.81762e-05 0 3.27542e-06 8.45287e-07 8.45287e-07 8.45287e-07 1.40881e-06 1.69057e-06 2.13564e-05
scan 550 200 4 9.74745e-05 0 6.09216e-06 2.92424e-06 2.92424e-06 2.92424e-06 4.87373e-06 5.84847e-06 7.38815e-05
scan 550 200 5 7.6152e-07 0 5.38476e-07 2.28456e-08 2.28456e-08 2.28456e-08 3.8076e-08 4.56912e-08 5.77199e-07
scan 550 200 6 6.47292e-06 0 1.56991e-06 1.94188e-07 1.94188e-07 1.94188e-07 3.23646e-07 3.88375e-07 4.90619e-06
scan 550 200 7 1.9038e-06 0 8.51405e-07 5.7114e-08 5.7114e-08 5.7114e-08 9.519e-08 1.14228e-07 1.443e-06
scan 550 200 8 4.18836e-06 0 1.26284e-06 1.25651e-07 1.25651e-07 1.25651e-07 2.09418e-07 2.51302e-07 3.1746e-06
scan 550 200 9 1.40881e-05 0 2.31607e-06 4.22643e-07 4.22643e-07 4.22643e-07 7.04406e-07 8.45287e-07 1.06782e-05
scan 550 200 10 2.66532e-06 0 1.0074e-06 7.99596e-08 7.99596e-08 7.99596e-08 1.33266e-07 1.59919e-07 2.0202e-06
scan 550 200 11 1.52304e-05 0 2.40814e-06 4.56912e-07 4.56912e-07 4.56912e-07 7.6152e-07 9.13824e-07 1.1544e-05
scan 550 200 12 2.51302e-05 0 3.09331e-06 7.53905e-07 7.53905e-07 7.53905e-07 1.25651e-06 1.50781e-06 1.90476e-05
scan 550 200 13 2.62724e-05 0 3.16283e-06 7.88173e-07 7.88173e-07 7.88173e-07 1.31362e-06 1.57635e-06 1.99134e-05
scan 550 200 14 0.000194568 0 8.60719e-06 5.83705e-06 5.83705e-06 5.83705e-06 9.72841e-06 1.16741e-05 0.000147474
scan 550 200 15 7.99596e-06 0 1.74486e-06 2.39879e-07 2.39879e-07 2.39879e-07 3.99798e-07 4.79757e-07 6.06059e-06
scan 550 200 16 2.32264e-05 0 2.97383e-06 6.96791e-07 6.96791e-07 6.96791e-07 1.16132e-06 1.39358e-06 1.76046e-05
scan 550 200 17 3.50299e-05 0 3.65212e-06 1.0509e-06 1.0509e-06 1.0509e-06 1.7515e-06 2.10179e-06 2.65512e-05
scan 550 200 18 3.57914e-05 0 3.6916e-06 1.07374e-06 1.07374e-06 1.07374e-06 1.78957e-06 2.14749e-06 2.71284e-05
scan 550 200 19 0.000118036 0 6.70397e-06 3.54107e-06 3.54107e-06 3.54107e-06 5.90178e-06 7.08213e-06 8.94659e-05
scan 550 200 20 3.04608e-06 0 1.07695e-06 9.13824e-08 9.13824e-08 9.13824e-08 1.52304e-07 1.82765e-07 2.3088e-06
scan 550 200 21 5.7114e-06 0 1.47468e-06 1.71342e-07 1.71342e-07 1.71342e-07 2.8557e-07 3.42684e-07 4.32899e-06
scan 550 200 22 3.8076e-06 0 1.20407e-06 1.14228e-07 1.14228e-07 1.14228e-07 1.9038e-07 2.28456e-07 2.886e-06
scan 550 200 23 6.09216e-06 0 1.52304e-06 1.82765e-07 1.82765e-07 1.82765e-07 3.04608e-07 3.65529e-07 4.61759e-06
scan 550 200 24 1.21843e-05 0 2.1539e-06 3.65529e-07 3.65529e-07 3.65529e-07 6.09216e-07 7.31059e-07 9.23519e-06
scan 550 200 25 1.14228e-06 0 6.59495e-07 3.42684e-08 3.42684e-08 3.42684e-08 5.7114e-08 6.85368e-08 8.65799e-07
scan 550 200 26 1.56112e-05 0 2.43805e-06 4.68335e-07 4.68335e-07 4.68335e-07 7.80558e-07 9.36669e-07 1.18326e-05
scan 550 200 27 2.24648e-05 0 2.92467e-06 6.73945e-07 6.73945e-07 6.73945e-07 1.12324e-06 1.34789e-06 1.70274e-05
scan 550 200 28 3.76952e-05 0 3.78851e-06 1.13086e-06 1.13086e-06 1.13086e-06 1.88476e-06 2.26171e-06 2.85714e-05
scan 550 200 29 0.000204849 0 8.83166e-06 6.14546e-06 6.14546e-06 6.14546e-06 1.02424e-05 1.22909e-05 0.000155267
scan 550 200 30 6.47292e-06 0 1.56991e-06 1.94188e-07 1.94188e-07 1.94188e-07 3.23646e-07 3.88375e-07 4.90619e-06
scan 550 200 31 1.7515e-05 0 2.58244e-06 5.25449e-07 5.25449e-07 5.25449e-07 8.75748e-07 1.0509e-06 1.32756e-05
scan 550 200 32 2.39879e-05 0 3.02219e-06 7.19636e-07 7.19636e-07 7.19636e-07 1.19939e-06 1.43927e-06 1.81818e-05
scan 550 200 33 3.99798e-05 0 3.90163e-06 1.19939e-06 1.19939e-06 1.19939e-06 1.99899e-06 2.39879e-06 3.0303e-05
scan 550 200 34 7.53905e-05 0 5.35777e-06 2.26171e-06 2.26171e-06 2.26171e-06 3.76952e-06 4.52343e-06 5.71427e-05
scan 550 200 35 1.52304e-06 0 7.6152e-07 4.56912e-08 4.56912e-08 4.56912e-08 7.6152e-08 9.13824e-08 1.1544e-06
scan 550 200 36 2.28456e-06 0 9.32667e-07 6.85368e-08 6.85368e-08 6.85368e-08 1.14228e-07 1.37074e-07 1.7316e-06
scan 550 200 37 3.42684e-06 0 1.14228e-06 1.02805e-07 1.02805e-07 1.02805e-07 1.71342e-07 2.0561e-07 2.5974e-06
scan 550 200 38 4.56912e-06 0 1.31899e-06 1.37074e-07 1.37074e-07 1.37074e-07 2.28456e-07 2.74147e-07 3.46319e-06
scan 550 200 39 1.14228e-05 0 2.08551e-06 3.42684e-07 3.42684e-07 3.42684e-07 5.7114e-07 6.85368e-07 8.65799e-06
scan 550 200 40 3.42684e-06 0 1.14228e-06 1.02805e-07 1.02805e-07 1.02805e-07 1.71342e-07 2.0561e-07 2.5974e-06
scan 550 200 41 9.519e-06 0 1.9038e-06 2.8557e-07 2.8557e-07 2.8557e-07 4.7595e-07 5.7114e-07 7.21499e-06
scan 550 200 42 2.09418e-05 0 2.82379e-06 6.28254e-07 6.28254e-07 6.28254e-07 1.04709e-06 1.25651e-06 1.5873e-05
scan 550 200 43 2.51302e-05 0 3.09331e-06 7.53905e-07 7.53905e-07 7.53905e-07 1.25651e-06 1.50781e-06 1.90476e-05
scan 550 200 44 0.000176292 0 8.19298e-06 5.28875e-06 5.28875e-06 5.28875e-06 8.81459e-06 1.05775e-05 0.000133622
scan 550 200 45 0 0 0 0 0 0 0 0 0
scan 550 200 46 3.8076e-07 0 3.8076e-07 1.14228e-08 1.14228e-08 1.14228e-08 1.9038e-08 2.28456e-08 2.886e-07
scan 550 200 47 0 0 0 0 0 0 0 0 0
scan 550 200 48 0 0 0 0 0 0 0 0 0
scan 550 200 49 0 0 0 0 0 0 0 0 0
scan 550 200 50 0 0 0 0 0 0 0 0 0
scan 550 200 51 0 0 0 0 0 0 0 0 0
scan 550 200 52 0 0 0 0 0 0 0 0 0
scan 550 200 53 0 0 0 0 0 0 0 0 0
scan 550 200 54 0 0 0 0 0 0 0 0 0
scan 550 200 55 0 0 0 0 0 0 0 0 0
scan 550 200 56 0 0 0 0 0 0 0 0 0
scan 550 200 57 0 0 0 0 0 0 0 0 0
scan 550 200 58 7.6152e-07 0 5.38476e-07 2.28456e-08 2.28456e-08 2.28456e-08 3.8076e-08 4.56912e-08 5.77199e-07
scan 550 200 59 1.52304e-06 0 7.6152e-07 4.56912e-08 4.56912e-08 4.56912e-08 7.6152e-08 9.13824e-08 1.1544e-06
scan 550 200 60 0 0 0 0 0 0 0 0
scan 550 200 61 0 0 0 0 0 0 0 0
scan 550 200 62 0 0 0 0 0 0 0 0
scan 550 200 63 0 0 0 0 0 0 0 0
scan 550 200 64 0 0 0 0 0 0 0 0
scan 550 200 65 0 0 0 0 0 0 0 0
scan 550 200 66 0 0 0 0 0 0 0 0
scan 550 200 67 0 0 0 0 0 0 0 0
scan 550 200 68 0 0 0 0 0 0 0 0
scan 550 200 69 0 0 0 0 0 0 0 0
scan 550 200 70 0 0 0 0 0 0 0 0
scan 550 200 71 0 0 0 0 0 0 0 0
scan 550 200 72 0 0 0 0 0 0 0 0
scan 550 200 73 0 0 0 0 0 0 0 0
scan 550 200 74 0 0 0 0 0 0 0 0
scan 550 200 75 0 0 0 0 0 0 0 0 0
scan 550 200 76 0 0 0 0 0 0 0 0 0
scan 550 200 77 0 0 0 0 0 0 0 0 0
scan 550 200 78 3.8076e-07 0 3.8076e-07 1.14228e-08 1.14228e-08 1.14228e-08 1.9038e-08 2.28456e-08 2.886e-07
scan 550 200 79 0 0 0 0 0 0 0 0 0
scan 550 200 80 0 0 0 0 0 0 0 0 0
scan 550 200 81 0 0 0 0 0 0 0 0 0
scan 550 200 82 0 0 0 0 0 0 0 0 0
scan 550 200 83 0 0 0 0 0 0 0 0 0
scan 550 200 84 0 0 0 0 0 0 0 0 0
scan 550 200 85 0 0 0 0 0 0 0 0 0
scan 550 200 86 0 0 0 0 0 0 0 0 0
scan 550 200 87 3.8076e-07 0 3.8076e-07 1.14228e-08 1.14228e-08 1.14228e-08 1.9038e-08 2.28456e-08 2.886e-07
scan 550 200 88 3.8076e-07 0 3.8076e-07 1.14228e-08 1.14228e-08 1.14228e-08 1.9038e-08 2.28456e-08 2.886e-07
scan 550 200 89 1.52304e-06 0 7.6152e-07 4.56912e-08 4.56912e-08 4.56912e-08 7.6152e-08 9.13824e-08 1.1544e-06
scan 550 200 90 3.8076e-07 0 3.8076e-07 1.14228e-08 1.14228e-08 1.14228e-08 1.9038e-08 2.28456e-08 2.886e-07
scan 550 200 91 1.14228e-06 0 6.59495e-07 3.42684e-08 3.42684e-08 3.42684e-08 5.7114e-08 6.85368e-08 8.65799e-07
scan 550 200 92 0 0 0 0 0 0 0 0 0
scan 550 200 93 7.6152e-07 0 5.38476e-07 2.28456e-08 2.28456e-08 2.28456e-08 3.8076e-08 4.56912e-08 5.77199e-07
scan 550 200 94 0 0 0 0 0 0 0 0 0
scan 550 200 95 0 0 0 0 0 0 0 0 0
scan 550 200 96 0 0 0 0 0 0 0 0 0
scan 550 200 97 3.8076e-07 0 3.8076e-07 1.14228e-08 1.14228e-08 1.14228e-08 1.9038e-08 2.28456e-08 2.886e-07
scan 550 200 98 0 0 0 0 0 0 0 0 0
scan 550 200 99 0 0 0 0 0 0 0 0 0
scan 550 200 100 0 0 0 0 0 0 0 0 0
scan 550 200 101 3.8076e-07 0 3.8076e-07 1.14228e-08 1.14228e-08 1.14228e-08 1.9038e-08 2.28456e-08 2.886e-07
scan 550 200 102 3.8076e-07 0 3.8076e-07 1.14228e-08 1.14228e-08 1.14228e-08 1.9038e-08 2.28456e-08 2.886e-07
scan 550 200 103 7.6152e-07 0 5.38476e-07 2.28456e-08 2.28456e-08 2.28456e-08 3.8076e-08 4.56912e-08 5.77199e-07
scan 550 200 104 9.13824e-06 0 1.86533e-06 2.74147e-07 2.74147e-07 2.74147e-07 4.56912e-07 5.48294e-07 6.92639e-06
scan 550 200 60 0 0 0 0 0 0 0 0
scan 550 200 61 0 0 0 0 0 0 0 0
scan 550 200 62 0 0 0 0 0 0 0 0
scan 550 200 63 0 0 0 0 0 0 0 0
scan 550 200 64 0 0 0 0 0 0 0 0
scan 550 200 65 0 0 0 0 0 0 0 0
scan 550 200 66 0 0 0 0 0 0 0 0
scan 550 200 67 0 0 0 0 0 0 0 0
scan 550 200 68 0 0 0 0 0 0 0 0
scan 550 200 69 0 0 0 0 0 0 0 0
scan 550 200 70 0 0 0 0 0 0 0 0
scan 550 200 71 0 0 0 0 0 0 0 0
scan 550 200 72 0 0 0 0 0 0 0 0
scan 550 200 73 0 0 0 0 0 0 0 0
scan 550 200 74 0 0 0 0 0 0 0 0
scan 550 200 120 3.8076e-07 0 3.8076e-07 1.14228e-08 1.14228e-08 1.14228e-08 1.9038e-08 2.28456e-08 2.886e-07
scan 550 200 121 0 0 0 0 0 0 0 0 0
scan 550 200 122 0 0 0 0 0 0 0 0 0
scan 550 200 123 0 0 0 0 0 0 0 0 0
scan 550 200 124 0 0 0 0 0 0 0 0 0
scan 550 200 125 0 0 0 0 0 0 0 0 0
scan 550 200 126 0 0 0 0 0 0 0 0 0
scan 550 200 127 0 0 0 0 0 0 0 0 0
scan 550 200 128 0 0 0 0 0 0 0 0 0
scan 550 200 129 0 0 0 0 0 0 0 0 0
scan 550 200 130 0 0 0 0 0 0 0 0 0
scan 550 200 131 0 0 0 0 0 0 0 0 0
scan 550 200 132 0 0 0 0 0 0 0 0 0
scan 550 200 133 0 0 0 0 0 0 0 0 0
scan 550 200 134 0 0 0 0 0 0 0 0 0
scan 550 200 135 3.8076e-07 0 3.8076e-07 1.14228e-08 1.14228e-08 1.14228e-08 1.9038e-08 2.28456e-08 2.886e-07
scan 550 200 136 7.6152e-07 0 5.38476e-07 2.28456e-08 2.28456e-08 2.28456e-08 3.8076e-08 4.56912e-08 5.77199e-07
scan 550 200 137 0 0 0 0 0 0 0 0 0
scan 550 200 138 7.6152e-07 0 5.38476e-07 2.28456e-08 2.28456e-08 2.28456e-08 3.8076e-08 4.56912e-08 5.77199e-07
scan 550 200 139 1.52304e-06 0 7.6152e-07 4.56912e-08 4.56912e-08 4.56912e-08 7.6152e-08 9.13824e-08 1.1544e-06
scan 550 200 140 0 0 0 0 0 0 0 0 0
scan 550 200 141 3.8076e-07 0 3.8076e-07 1.14228e-08 1.14228e-08 1.14228e-08 1.9038e-08 2.28456e-08 2.886e-07
scan 550 200 142 3.8076e-07 0 3.8076e-07 1.14228e-08 1.14228e-08 1.14228e-08 1.9038e-08 2.28456e-08 2.886e-07
scan 550 200 143 3.8076e-07 0 3.8076e-07 1.14228e-08 1.14228e-08 1.14228e-08 1.9038e-08 2.28456e-08 2.886e-07
scan 550 200 144 7.6152e-07 0 5.38476e-07 2.28456e-08 2.28456e-08 2.28456e-08 3.8076e-08 4.56912e-08 5.77199e-07
scan 550 200 145 0 0 0 0 0 0 0 0 0
scan 550 200 146 0 0 0 0 0 0 0 0 0
scan 550 200 147 7.6152e-07 0 5.38476e-07 2.28456e-08 2.28456e-08 2.28456e-08 3.8076e-08 4.56912e-08 5.77199e-07
scan 550 200 148 0 0 0 0 0 0 0 0 0
scan 550 200 149 2.28456e-06 0 9.32667e-07 6.85368e-08 6.85368e-08 6.85368e-08 1.14228e-07 1.37074e-07 1.7316e-06
scan 550 200 60 0 0 0 0 0 0 0 0
scan 550 200 61 0 0 0 0 0 0 0 0
scan 550 200 62 0 0 0 0 0 0 0 0
scan 550 200 63 0 0 0 0 0 0 0 0
scan 550 200 64 0 0 0 0 0 0 0 0
scan 550 200 65 0 0 0 0 0 0 0 0
scan 550 200 66 0 0 0 0 0 0 0 0
scan 550 200 67 0 0 0 0 0 0 0 0
scan 550 200 68 0 0 0 0 0 0 0 0
scan 550 200 69 0 0 0 0 0 0 0 0
scan 550 200 70 0 0 0 0 0 0 0 0
scan 550 200 71 0 0 0 0 0 0 0 0
scan 550 200 72 0 0 0 0 0 0 0 0
scan 550 200 73 0 0 0 0 0 0 0 0
scan 550 200 74 0 0 0 0 0 0 0 0
scan 550 200 165 3.8076e-07 0 3.8076e-07 1.14228e-08 1.14228e-08 1.14228e-08 1.9038e-08 2.28456e-08 2.886e-07
scan 550 200 166 0 0 0 0 0 0 0 0 0
scan 550 200 167 0 0 0 0 0 0 0 0 0
scan 550 200 168 0 0 0 0 0 0 0 0 0
scan 550 200 169 0 0 0 0 0 0 0 0 0
scan 550 200 170 0 0 0 0 0 0 0 0 0
scan 550 200 171 0 0 0 0 0 0 0 0 0
scan 550 200 172 0 0 0 0 0 0 0 0 0
scan 550 200 173 0 0 0 0 0 0 0 0 0
scan 550 200 174 0 0 0 0 0 0 0 0 0
scan 550 200 175 0 0 0 0 0 0 0 0 0
scan 550 200 176 0 0 0 0 0 0 0 0 0
scan 550 200 177 0 0 0 0 0 0 0 0 0
scan 550 200 178 0 0 0 0 0 0 0 0 0
scan 550 200 179 0 0 0 0 0 0 0 0 0
