xsec 600 200 0.00474287
scan 600 200 0 4.74355e-06 0 1.26777e-06 1.42306e-07 1.42306e-07 1.42306e-07 2.37177e-07 2.84613e-07 3.62167e-06
scan 600 200 1 7.79297e-06 0 1.62495e-06 2.33789e-07 2.33789e-07 2.33789e-07 3.89649e-07 4.67578e-07 5.94988e-06
scan 600 200 2 8.80945e-06 0 1.72768e-06 2.64283e-07 2.64283e-07 2.64283e-07 4.40472e-07 5.28567e-07 6.72595e-06
scan 600 200 3 1.45695e-05 0 2.22182e-06 4.37084e-07 4.37084e-07 4.37084e-07 7.28474e-07 8.74168e-07 1.11237e-05
scan 600 200 4 5.55673e-05 0 4.33908e-06 1.66702e-06 1.66702e-06 1.66702e-06 2.77836e-06 3.33404e-06 4.24252e-05
scan 600 200 5 6.7765e-07 0 4.79171e-07 2.03295e-08 2.03295e-08 2.03295e-08 3.38825e-08 4.0659e-08 5.17381e-07
scan 600 200 6 1.69412e-06 0 7.57636e-07 5.08237e-08 5.08237e-08 5.08237e-08 8.47062e-08 1.01647e-07 1.29345e-06
scan 600 200 7 1.01647e-06 0 5.86862e-07 3.04942e-08 3.04942e-08 3.04942e-08 5.08237e-08 6.09885e-08 7.76071e-07
scan 600 200 8 3.04942e-06 0 1.01647e-06 9.14827e-08 9.14827e-08 9.14827e-08 1.52471e-07 1.82965e-07 2.32821e-06
scan 600 200 9 1.69412e-05 0 2.39585e-06 5.08237e-07 5.08237e-07 5.08237e-07 8.47062e-07 1.01647e-06 1.29345e-05
scan 600 200 10 3.38825e-07 0 3.38825e-07 1.01647e-08 1.01647e-08 1.01647e-08 1.69412e-08 2.03295e-08 2.5869e-07
scan 600 200 11 7.45415e-06 0 1.58923e-06 2.23624e-07 2.23624e-07 2.23624e-07 3.72707e-07 4.47249e-07 5.69119e-06
scan 600 200 12 6.7765e-06 0 1.51527e-06 2.03295e-07 2.03295e-07 2.03295e-07 3.38825e-07 4.0659e-07 5.17381e-06
scan 600 200 13 1.49083e-05 0 2.24751e-06 4.47249e-07 4.47249e-07 4.47249e-07 7.45415e-07 8.94498e-07 1.13824e-05
scan 600 200 14 0.000115878 0 6.26597e-06 3.47634e-06 3.47634e-06 3.47634e-06 5.79391e-06 6.95269e-06 8.84721e-05
scan 600 200 15 4.0659e-06 0 1.17372e-06 1.21977e-07 1.21977e-07 1.21977e-07 2.03295e-07 2.43954e-07 3.10428e-06
scan 600 200 16 1.11812e-05 0 1.9464e-06 3.35437e-07 3.35437e-07 3.35437e-07 5.59061e-07 6.70873e-07 8.53678e-06
scan 600 200 17 1.42306e-05 0 2.19584e-06 4.26919e-07 4.26919e-07 4.26919e-07 7.11532e-07 8.53839e-07 1.0865e-05
scan 600 200 18 2.1346e-05 0 2.68934e-06 6.40379e-07 6.40379e-07 6.40379e-07 1.0673e-06 1.28076e-06 1.62975e-05
scan 600 200 19 6.70873e-05 0 4.76769e-06 2.01262e-06 2.01262e-06 2.01262e-06 3.35437e-06 4.02524e-06 5.12207e-05
scan 600 200 20 1.3553e-06 0 6.7765e-07 4.0659e-08 4.0659e-08 4.0659e-08 6.7765e-08 8.1318e-08 1.03476e-06
scan 600 200 21 1.69412e-06 0 7.57636e-07 5.08237e-08 5.08237e-08 5.08237e-08 8.47062e-08 1.01647e-07 1.29345e-06
scan 600 200 22 2.7106e-06 0 9.58342e-07 8.1318e-08 8.1318e-08 8.1318e-08 1.3553e-07 1.62636e-07 2.06952e-06
scan 600 200 23 5.76002e-06 0 1.39701e-06 1.72801e-07 1.72801e-07 1.72801e-07 2.88001e-07 3.45601e-07 4.39774e-06
scan 600 200 24 1.45695e-05 0 2.22182e-06 4.37084e-07 4.37084e-07 4.37084e-07 7.28474e-07 8.74168e-07 1.11237e-05
scan 600 200 25 1.01647e-06 0 5.86862e-07 3.04942e-08 3.04942e-08 3.04942e-08 5.08237e-08 6.09885e-08 7.76071e-07
scan 600 200 26 7.79297e-06 0 1.62495e-06 2.33789e-07 2.33789e-07 2.33789e-07 3.89649e-07 4.67578e-07 5.94988e-06
scan 600 200 27 1.42306e-05 0 2.19584e-06 4.26919e-07 4.26919e-07 4.26919e-07 7.11532e-07 8.53839e-07 1.0865e-05
scan 600 200 28 1.66024e-05 0 2.37177e-06 4.98073e-07 4.98073e-07 4.98073e-07 8.30121e-07 9.96145e-07 1.26758e-05
scan 600 200 29 0.000133158 0 6.71694e-06 3.99475e-06 3.99475e-06 3.99475e-06 6.65791e-06 7.98949e-06 0.000101665
scan 600 200 30 7.45415e-06 0 1.58923e-06 2.23624e-07 2.23624e-07 2.23624e-07 3.72707e-07 4.47249e-07 5.69119e-06
scan 600 200 31 1.32142e-05 0 2.11596e-06 3.96425e-07 3.96425e-07 3.96425e-07 6.60709e-07 7.9285e-07 1.00889e-05
scan 600 200 32 2.94778e-05 0 3.16035e-06 8.84333e-07 8.84333e-07 8.84333e-07 1.47389e-06 1.76867e-06 2.25061e-05
scan 600 200 33 2.94778e-05 0 3.16035e-06 8.84333e-07 8.84333e-07 8.84333e-07 1.47389e-06 1.76867e-06 2.25061e-05
scan 600 200 34 9.41933e-05 0 5.64934e-06 2.8258e-06 2.8258e-06 2.8258e-06 4.70967e-06 5.6516e-06 7.19159e-05
scan 600 200 35 1.01647e-06 0 5.86862e-07 3.04942e-08 3.04942e-08 3.04942e-08 5.08237e-08 6.09885e-08 7.76071e-07
scan 600 200 36 6.7765e-07 0 4.79171e-07 2.03295e-08 2.03295e-08 2.03295e-08 3.38825e-08 4.0659e-08 5.17381e-07
scan 600 200 37 2.37177e-06 0 8.96447e-07 7.11532e-08 7.11532e-08 7.11532e-08 1.18589e-07 1.42306e-07 1.81083e-06
scan 600 200 38 3.72707e-06 0 1.12376e-06 1.11812e-07 1.11812e-07 1.11812e-07 1.86354e-07 2.23624e-07 2.84559e-06
scan 600 200 39 2.40566e-05 0 2.85499e-06 7.21697e-07 7.21697e-07 7.21697e-07 1.20283e-06 1.44339e-06 1.8367e-05
scan 600 200 40 2.03295e-06 0 8.29948e-07 6.09885e-08 6.09885e-08 6.09885e-08 1.01647e-07 1.21977e-07 1.55214e-06
scan 600 200 41 8.47062e-06 0 1.69412e-06 2.54119e-07 2.54119e-07 2.54119e-07 4.23531e-07 5.08237e-07 6.46726e-06
scan 600 200 42 1.69412e-05 0 2.39585e-06 5.08237e-07 5.08237e-07 5.08237e-07 8.47062e-07 1.01647e-06 1.29345e-05
scan 600 200 43 2.33789e-05 0 2.81449e-06 7.01368e-07 7.01368e-07 7.01368e-07 1.16895e-06 1.40274e-06 1.78496e-05
scan 600 200 44 0.000174495 0 7.68916e-06 5.23485e-06 5.23485e-06 5.23485e-06 8.72474e-06 1.04697e-05 0.000133226
scan 600 200 45 3.38825e-07 0 3.38825e-07 1.01647e-08 1.01647e-08 1.01647e-08 1.69412e-08 2.03295e-08 2.5869e-07
scan 600 200 46 0 0 0 0 0 0 0 0 0
scan 600 200 47 0 0 0 0 0 0 0 0 0
scan 600 200 48 0 0 0 0 0 0 0 0 0
scan 600 200 49 3.38825e-07 0 3.38825e-07 1.01647e-08 1.01647e-08 1.01647e-08 1.69412e-08 2.03295e-08 2.5869e-07
scan 600 200 50 0 0 0 0 0 0 0 0 0
scan 600 200 51 0 0 0 0 0 0 0 0 0
scan 600 200 52 0 0 0 0 0 0 0 0 0
scan 600 200 53 0 0 0 0 0 0 0 0 0
scan 600 200 54 0 0 0 0 0 0 0 0 0
scan 600 200 55 0 0 0 0 0 0 0 0 0
scan 600 200 56 0 0 0 0 0 0 0 0 0
scan 600 200 57 0 0 0 0 0 0 0 0 0
scan 600 200 58 0 0 0 0 0 0 0 0 0
scan 600 200 59 1.69412e-06 0 7.57636e-07 5.08237e-08 5.08237e-08 5.08237e-08 8.47062e-08 1.01647e-07 1.29345e-06
scan 600 200 60 0 0 0 0 0 0 0 0
scan 600 200 61 0 0 0 0 0 0 0 0
scan 600 200 62 0 0 0 0 0 0 0 0
scan 600 200 63 0 0 0 0 0 0 0 0
scan 600 200 64 0 0 0 0 0 0 0 0
scan 600 200 65 0 0 0 0 0 0 0 0
scan 600 200 66 0 0 0 0 0 0 0 0
scan 600 200 67 0 0 0 0 0 0 0 0
scan 600 200 68 0 0 0 0 0 0 0 0
scan 600 200 69 0 0 0 0 0 0 0 0
scan 600 200 70 0 0 0 0 0 0 0 0
scan 600 200 71 0 0 0 0 0 0 0 0
scan 600 200 72 0 0 0 0 0 0 0 0
scan 600 200 73 0 0 0 0 0 0 0 0
scan 600 200 74 0 0 0 0 0 0 0 0
scan 600 200 75 0 0 0 0 0 0 0 0 0
scan 600 200 76 0 0 0 0 0 0 0 0 0
scan 600 200 77 0 0 0 0 0 0 0 0 0
scan 600 200 78 0 0 0 0 0 0 0 0 0
scan 600 200 79 0 0 0 0 0 0 0 0 0
scan 600 200 80 0 0 0 0 0 0 0 0 0
scan 600 200 81 0 0 0 0 0 0 0 0 0
scan 600 200 82 0 0 0 0 0 0 0 0 0
scan 600 200 83 0 0 0 0 0 0 0 0 0
scan 600 200 84 0 0 0 0 0 0 0 0 0
scan 600 200 85 0 0 0 0 0 0 0 0 0
scan 600 200 86 0 0 0 0 0 0 0 0 0
scan 600 200 87 0 0 0 0 0 0 0 0 0
scan 600 200 88 3.38825e-07 0 3.38825e-07 1.01647e-08 1.01647e-08 1.01647e-08 1.69412e-08 2.03295e-08 2.5869e-07
scan 600 200 89 1.01647e-06 0 5.86862e-07 3.04942e-08 3.04942e-08 3.04942e-08 5.08237e-08 6.09885e-08 7.76071e-07
scan 600 200 90 3.38825e-07 0 3.38825e-07 1.01647e-08 1.01647e-08 1.01647e-08 1.69412e-08 2.03295e-08 2.5869e-07
scan 600 200 91 3.38825e-07 0 3.38825e-07 1.01647e-08 1.01647e-08 1.01647e-08 1.69412e-08 2.03295e-08 2.5869e-07
scan 600 200 92 1.01647e-06 0 5.86862e-07 3.04942e-08 3.04942e-08 3.04942e-08 5.08237e-08 6.09885e-08 7.76071e-07
scan 600 200 93 0 0 0 0 0 0 0 0 0
scan 600 200 94 6.7765e-07 0 4.79171e-07 2.03295e-08 2.03295e-08 2.03295e-08 3.38825e-08 4.0659e-08 5.17381e-07
scan 600 200 95 0 0 0 0 0 0 0 0 0
scan 600 200 96 0 0 0 0 0 0 0 0 0
scan 600 200 97 0 0 0 0 0 0 0 0 0
scan 600 200 98 0 0 0 0 0 0 0 0 0
scan 600 200 99 0 0 0 0 0 0 0 0 0
scan 600 200 100 0 0 0 0 0 0 0 0 0
scan 600 200 101 0 0 0 0 0 0 0 0 0
scan 600 200 102 6.7765e-07 0 4.79171e-07 2.03295e-08 2.03295e-08 2.03295e-08 3.38825e-08 4.0659e-08 5.17381e-07
scan 600 200 103 6.7765e-07 0 4.79171e-07 2.03295e-08 2.03295e-08 2.03295e-08 3.38825e-08 4.0659e-08 5.17381e-07
scan 600 200 104 5.4212e-06 0 1.3553e-06 1.62636e-07 1.62636e-07 1.62636e-07 2.7106e-07 3.25272e-07 4.13905e-06
scan 600 200 60 0 0 0 0 0 0 0 0
scan 600 200 61 0 0 0 0 0 0 0 0
scan 600 200 62 0 0 0 0 0 0 0 0
scan 600 200 63 0 0 0 0 0 0 0 0
scan 600 200 64 0 0 0 0 0 0 0 0
scan 600 200 65 0 0 0 0 0 0 0 0
scan 600 200 66 0 0 0 0 0 0 0 0
scan 600 200 67 0 0 0 0 0 0 0 0
scan 600 200 68 0 0 0 0 0 0 0 0
scan 600 200 69 0 0 0 0 0 0 0 0
scan 600 200 70 0 0 0 0 0 0 0 0
scan 600 200 71 0 0 0 0 0 0 0 0
scan 600 200 72 0 0 0 0 0 0 0 0
scan 600 200 73 0 0 0 0 0 0 0 0
scan 600 200 74 0 0 0 0 0 0 0 0
scan 600 200 120 3.38825e-07 0 3.38825e-07 1.01647e-08 1.01647e-08 1.01647e-08 1.69412e-08 2.03295e-08 2.5869e-07
scan 600 200 121 0 0 0 0 0 0 0 0 0
scan 600 200 122 0 0 0 0 0 0 0 0 0
scan 600 200 123 0 0 0 0 0 0 0 0 0
scan 600 200 124 0 0 0 0 0 0 0 0 0
scan 600 200 125 0 0 0 0 0 0 0 0 0
scan 600 200 126 0 0 0 0 0 0 0 0 0
scan 600 200 127 0 0 0 0 0 0 0 0 0
scan 600 200 128 0 0 0 0 0 0 0 0 0
scan 600 200 129 0 0 0 0 0 0 0 0 0
scan 600 200 130 0 0 0 0 0 0 0 0 0
scan 600 200 131 0 0 0 0 0 0 0 0 0
scan 600 200 132 0 0 0 0 0 0 0 0 0
scan 600 200 133 0 0 0 0 0 0 0 0 0
scan 600 200 134 1.69412e-06 0 7.57636e-07 5.08237e-08 5.08237e-08 5.08237e-08 8.47062e-08 1.01647e-07 1.29345e-06
scan 600 200 135 0 0 0 0 0 0 0 0 0
scan 600 200 136 6.7765e-07 0 4.79171e-07 2.03295e-08 2.03295e-08 2.03295e-08 3.38825e-08 4.0659e-08 5.17381e-07
scan 600 200 137 6.7765e-07 0 4.79171e-07 2.03295e-08 2.03295e-08 2.03295e-08 3.38825e-08 4.0659e-08 5.17381e-07
scan 600 200 138 3.38825e-07 0 3.38825e-07 1.01647e-08 1.01647e-08 1.01647e-08 1.69412e-08 2.03295e-08 2.5869e-07
scan 600 200 139 1.3553e-06 0 6.7765e-07 4.0659e-08 4.0659e-08 4.0659e-08 6.7765e-08 8.1318e-08 1.03476e-06
scan 600 200 140 0 0 0 0 0 0 0 0 0
scan 600 200 141 0 0 0 0 0 0 0 0 0
scan 600 200 142 0 0 0 0 0 0 0 0 0
scan 600 200 143 0 0 0 0 0 0 0 0 0
scan 600 200 144 0 0 0 0 0 0 0 0 0
scan 600 200 145 0 0 0 0 0 0 0 0 0
scan 600 200 146 0 0 0 0 0 0 0 0 0
scan 600 200 147 3.38825e-07 0 3.38825e-07 1.01647e-08 1.01647e-08 1.01647e-08 1.69412e-08 2.03295e-08 2.5869e-07
scan 600 200 148 3.38825e-07 0 3.38825e-07 1.01647e-08 1.01647e-08 1.01647e-08 1.69412e-08 2.03295e-08 2.5869e-07
scan 600 200 149 1.01647e-06 0 5.86862e-07 3.04942e-08 3.04942e-08 3.04942e-08 5.08237e-08 6.09885e-08 7.76071e-07
scan 600 200 60 0 0 0 0 0 0 0 0
scan 600 200 61 0 0 0 0 0 0 0 0
scan 600 200 62 0 0 0 0 0 0 0 0
scan 600 200 63 0 0 0 0 0 0 0 0
scan 600 200 64 0 0 0 0 0 0 0 0
scan 600 200 65 0 0 0 0 0 0 0 0
scan 600 200 66 0 0 0 0 0 0 0 0
scan 600 200 67 0 0 0 0 0 0 0 0
scan 600 200 68 0 0 0 0 0 0 0 0
scan 600 200 69 0 0 0 0 0 0 0 0
scan 600 200 70 0 0 0 0 0 0 0 0
scan 600 200 71 0 0 0 0 0 0 0 0
scan 600 200 72 0 0 0 0 0 0 0 0
scan 600 200 73 0 0 0 0 0 0 0 0
scan 600 200 74 0 0 0 0 0 0 0 0
scan 600 200 165 0 0 0 0 0 0 0 0 0
scan 600 200 166 0 0 0 0 0 0 0 0 0
scan 600 200 167 0 0 0 0 0 0 0 0 0
scan 600 200 168 0 0 0 0 0 0 0 0 0
scan 600 200 169 3.38825e-07 0 3.38825e-07 1.01647e-08 1.01647e-08 1.01647e-08 1.69412e-08 2.03295e-08 2.5869e-07
scan 600 200 170 0 0 0 0 0 0 0 0 0
scan 600 200 171 0 0 0 0 0 0 0 0 0
scan 600 200 172 0 0 0 0 0 0 0 0 0
scan 600 200 173 3.38825e-07 0 3.38825e-07 1.01647e-08 1.01647e-08 1.01647e-08 1.69412e-08 2.03295e-08 2.5869e-07
scan 600 200 174 0 0 0 0 0 0 0 0 0
scan 600 200 175 0 0 0 0 0 0 0 0 0
scan 600 200 176 0 0 0 0 0 0 0 0 0
scan 600 200 177 0 0 0 0 0 0 0 0 0
scan 600 200 178 0 0 0 0 0 0 0 0 0
scan 600 200 179 0 0 0 0 0 0 0 0 0
