xsec 600 300 0.00474287
scan 600 300 0 5.21716e-06 0 1.1123e-06 1.56515e-07 1.56515e-07 1.56515e-07 2.60858e-07 3.1303e-07 3.98326e-06
scan 600 300 1 9.72289e-06 0 1.51846e-06 2.91687e-07 2.91687e-07 2.91687e-07 4.86144e-07 5.83373e-07 7.42335e-06
scan 600 300 2 1.51772e-05 0 1.89715e-06 4.55316e-07 4.55316e-07 4.55316e-07 7.5886e-07 9.10631e-07 1.15877e-05
scan 600 300 3 2.06315e-05 0 2.21193e-06 6.18945e-07 6.18945e-07 6.18945e-07 1.03157e-06 1.23789e-06 1.5752e-05
scan 600 300 4 6.14202e-05 0 3.81647e-06 1.84261e-06 1.84261e-06 1.84261e-06 3.07101e-06 3.68521e-06 4.68939e-05
scan 600 300 5 1.18572e-06 0 5.30269e-07 3.55715e-08 3.55715e-08 3.55715e-08 5.92859e-08 7.11431e-08 9.05287e-07
scan 600 300 6 2.60858e-06 0 7.86516e-07 7.82574e-08 7.82574e-08 7.82574e-08 1.30429e-07 1.56515e-07 1.99163e-06
scan 600 300 7 2.84572e-06 0 8.2149e-07 8.53717e-08 8.53717e-08 8.53717e-08 1.42286e-07 1.70743e-07 2.17269e-06
scan 600 300 8 9.48574e-07 0 4.74287e-07 2.84572e-08 2.84572e-08 2.84572e-08 4.74287e-08 5.69145e-08 7.2423e-07
scan 600 300 9 6.64002e-06 0 1.25485e-06 1.99201e-07 1.99201e-07 1.99201e-07 3.32001e-07 3.98401e-07 5.06961e-06
scan 600 300 10 1.18572e-06 0 5.30269e-07 3.55715e-08 3.55715e-08 3.55715e-08 5.92859e-08 7.11431e-08 9.05287e-07
scan 600 300 11 6.64002e-06 0 1.25485e-06 1.99201e-07 1.99201e-07 1.99201e-07 3.32001e-07 3.98401e-07 5.06961e-06
scan 600 300 12 1.28058e-05 0 1.74264e-06 3.84173e-07 3.84173e-07 3.84173e-07 6.40288e-07 7.68345e-07 9.7771e-06
scan 600 300 13 2.39515e-05 0 2.38326e-06 7.18545e-07 7.18545e-07 7.18545e-07 1.19758e-06 1.43709e-06 1.82868e-05
scan 600 300 14 0.000123315 0 5.40771e-06 3.69944e-06 3.69944e-06 3.69944e-06 6.16573e-06 7.39888e-06 9.41499e-05
scan 600 300 15 6.40288e-06 0 1.23223e-06 1.92086e-07 1.92086e-07 1.92086e-07 3.20144e-07 3.84173e-07 4.88855e-06
scan 600 300 16 1.30429e-05 0 1.7587e-06 3.91287e-07 3.91287e-07 3.91287e-07 6.52145e-07 7.82574e-07 9.95816e-06
scan 600 300 17 3.03544e-05 0 2.68297e-06 9.10631e-07 9.10631e-07 9.10631e-07 1.51772e-06 1.82126e-06 2.31753e-05
scan 600 300 18 2.70344e-05 0 2.532e-06 8.11031e-07 8.11031e-07 8.11031e-07 1.35172e-06 1.62206e-06 2.06405e-05
scan 600 300 19 5.16973e-05 0 3.50138e-06 1.55092e-06 1.55092e-06 1.55092e-06 2.58487e-06 3.10184e-06 3.94705e-05
scan 600 300 20 1.42286e-06 0 5.80881e-07 4.26858e-08 4.26858e-08 4.26858e-08 7.11431e-08 8.53717e-08 1.08634e-06
scan 600 300 21 4.26858e-06 0 1.00612e-06 1.28058e-07 1.28058e-07 1.28058e-07 2.13429e-07 2.56115e-07 3.25903e-06
scan 600 300 22 1.89715e-06 0 6.70743e-07 5.69145e-08 5.69145e-08 5.69145e-08 9.48574e-08 1.13829e-07 1.44846e-06
scan 600 300 23 1.66001e-06 0 6.27423e-07 4.98002e-08 4.98002e-08 4.98002e-08 8.30003e-08 9.96003e-08 1.2674e-06
scan 600 300 24 7.11431e-06 0 1.29889e-06 2.13429e-07 2.13429e-07 2.13429e-07 3.55715e-07 4.26858e-07 5.43172e-06
scan 600 300 25 7.11431e-07 0 4.10745e-07 2.13429e-08 2.13429e-08 2.13429e-08 3.55715e-08 4.26858e-08 5.43172e-07
scan 600 300 26 9.72289e-06 0 1.51846e-06 2.91687e-07 2.91687e-07 2.91687e-07 4.86144e-07 5.83373e-07 7.42335e-06
scan 600 300 27 1.82601e-05 0 2.08093e-06 5.47802e-07 5.47802e-07 5.47802e-07 9.13003e-07 1.0956e-06 1.39414e-05
scan 600 300 28 2.79829e-05 0 2.57604e-06 8.39488e-07 8.39488e-07 8.39488e-07 1.39915e-06 1.67898e-06 2.13648e-05
scan 600 300 29 0.000127109 0 5.49027e-06 3.81327e-06 3.81327e-06 3.81327e-06 6.35545e-06 7.62654e-06 9.70468e-05
scan 600 300 30 2.60858e-06 0 7.86516e-07 7.82574e-08 7.82574e-08 7.82574e-08 1.30429e-07 1.56515e-07 1.99163e-06
scan 600 300 31 6.87716e-06 0 1.27706e-06 2.06315e-07 2.06315e-07 2.06315e-07 3.43858e-07 4.1263e-07 5.25067e-06
scan 600 300 32 1.01972e-05 0 1.55505e-06 3.05915e-07 3.05915e-07 3.05915e-07 5.09859e-07 6.1183e-07 7.78547e-06
scan 600 300 33 1.09086e-05 0 1.60839e-06 3.27258e-07 3.27258e-07 3.27258e-07 5.4543e-07 6.54516e-07 8.32864e-06
scan 600 300 34 1.96829e-05 0 2.16048e-06 5.90488e-07 5.90488e-07 5.90488e-07 9.84146e-07 1.18098e-06 1.50278e-05
scan 600 300 35 1.18572e-06 0 5.30269e-07 3.55715e-08 3.55715e-08 3.55715e-08 5.92859e-08 7.11431e-08 9.05287e-07
scan 600 300 36 2.84572e-06 0 8.2149e-07 8.53717e-08 8.53717e-08 8.53717e-08 1.42286e-07 1.70743e-07 2.17269e-06
scan 600 300 37 1.66001e-06 0 6.27423e-07 4.98002e-08 4.98002e-08 4.98002e-08 8.30003e-08 9.96003e-08 1.2674e-06
scan 600 300 38 4.74287e-07 0 3.35372e-07 1.42286e-08 1.42286e-08 1.42286e-08 2.37144e-08 2.84572e-08 3.62115e-07
scan 600 300 39 5.4543e-06 0 1.1373e-06 1.63629e-07 1.63629e-07 1.63629e-07 2.72715e-07 3.27258e-07 4.16432e-06
scan 600 300 40 7.11431e-07 0 4.10745e-07 2.13429e-08 2.13429e-08 2.13429e-08 3.55715e-08 4.26858e-08 5.43172e-07
scan 600 300 41 4.98002e-06 0 1.08673e-06 1.494e-07 1.494e-07 1.494e-07 2.49001e-07 2.98801e-07 3.80221e-06
scan 600 300 42 6.40288e-06 0 1.23223e-06 1.92086e-07 1.92086e-07 1.92086e-07 3.20144e-07 3.84173e-07 4.88855e-06
scan 600 300 43 8.06288e-06 0 1.38277e-06 2.41886e-07 2.41886e-07 2.41886e-07 4.03144e-07 4.83773e-07 6.15595e-06
scan 600 300 44 5.31202e-05 0 3.54924e-06 1.5936e-06 1.5936e-06 1.5936e-06 2.65601e-06 3.18721e-06 4.05569e-05
scan 600 300 45 0 0 0 0 0 0 0 0 0
scan 600 300 46 0 0 0 0 0 0 0 0 0
scan 600 300 47 0 0 0 0 0 0 0 0 0
scan 600 300 48 0 0 0 0 0 0 0 0 0
scan 600 300 49 0 0 0 0 0 0 0 0 0
scan 600 300 50 0 0 0 0 0 0 0 0 0
scan 600 300 51 0 0 0 0 0 0 0 0 0
scan 600 300 52 0 0 0 0 0 0 0 0 0
scan 600 300 53 0 0 0 0 0 0 0 0 0
scan 600 300 54 0 0 0 0 0 0 0 0 0
scan 600 300 55 0 0 0 0 0 0 0 0 0
scan 600 300 56 0 0 0 0 0 0 0 0 0
scan 600 300 57 2.37144e-07 0 2.37144e-07 7.11431e-09 7.11431e-09 7.11431e-09 1.18572e-08 1.42286e-08 1.81057e-07
scan 600 300 58 2.37144e-07 0 2.37144e-07 7.11431e-09 7.11431e-09 7.11431e-09 1.18572e-08 1.42286e-08 1.81057e-07
scan 600 300 59 4.74287e-07 0 3.35372e-07 1.42286e-08 1.42286e-08 1.42286e-08 2.37144e-08 2.84572e-08 3.62115e-07
scan 600 300 60 0 0 0 0 0 0 0 0
scan 600 300 61 0 0 0 0 0 0 0 0
scan 600 300 62 0 0 0 0 0 0 0 0
scan 600 300 63 0 0 0 0 0 0 0 0
scan 600 300 64 0 0 0 0 0 0 0 0
scan 600 300 65 0 0 0 0 0 0 0 0
scan 600 300 66 0 0 0 0 0 0 0 0
scan 600 300 67 0 0 0 0 0 0 0 0
scan 600 300 68 0 0 0 0 0 0 0 0
scan 600 300 69 0 0 0 0 0 0 0 0
scan 600 300 70 0 0 0 0 0 0 0 0
scan 600 300 71 0 0 0 0 0 0 0 0
scan 600 300 72 0 0 0 0 0 0 0 0
scan 600 300 73 0 0 0 0 0 0 0 0
scan 600 300 74 0 0 0 0 0 0 0 0
scan 600 300 75 0 0 0 0 0 0 0 0 0
scan 600 300 76 0 0 0 0 0 0 0 0 0
scan 600 300 77 0 0 0 0 0 0 0 0 0
scan 600 300 78 0 0 0 0 0 0 0 0 0
scan 600 300 79 0 0 0 0 0 0 0 0 0
scan 600 300 80 0 0 0 0 0 0 0 0 0
scan 600 300 81 0 0 0 0 0 0 0 0 0
scan 600 300 82 0 0 0 0 0 0 0 0 0
scan 600 300 83 0 0 0 0 0 0 0 0 0
scan 600 300 84 0 0 0 0 0 0 0 0 0
scan 600 300 85 0 0 0 0 0 0 0 0 0
scan 600 300 86 0 0 0 0 0 0 0 0 0
scan 600 300 87 7.11431e-07 0 4.10745e-07 2.13429e-08 2.13429e-08 2.13429e-08 3.55715e-08 4.26858e-08 5.43172e-07
scan 600 300 88 0 0 0 0 0 0 0 0 0
scan 600 300 89 7.11431e-07 0 4.10745e-07 2.13429e-08 2.13429e-08 2.13429e-08 3.55715e-08 4.26858e-08 5.43172e-07
scan 600 300 90 2.37144e-07 0 2.37144e-07 7.11431e-09 7.11431e-09 7.11431e-09 1.18572e-08 1.42286e-08 1.81057e-07
scan 600 300 91 2.37144e-07 0 2.37144e-07 7.11431e-09 7.11431e-09 7.11431e-09 1.18572e-08 1.42286e-08 1.81057e-07
scan 600 300 92 0 0 0 0 0 0 0 0 0
scan 600 300 93 2.37144e-07 0 2.37144e-07 7.11431e-09 7.11431e-09 7.11431e-09 1.18572e-08 1.42286e-08 1.81057e-07
scan 600 300 94 2.37144e-07 0 2.37144e-07 7.11431e-09 7.11431e-09 7.11431e-09 1.18572e-08 1.42286e-08 1.81057e-07
scan 600 300 95 0 0 0 0 0 0 0 0 0
scan 600 300 96 2.37144e-07 0 2.37144e-07 7.11431e-09 7.11431e-09 7.11431e-09 1.18572e-08 1.42286e-08 1.81057e-07
scan 600 300 97 0 0 0 0 0 0 0 0 0
scan 600 300 98 0 0 0 0 0 0 0 0 0
scan 600 300 99 0 0 0 0 0 0 0 0 0
scan 600 300 100 0 0 0 0 0 0 0 0 0
scan 600 300 101 2.37144e-07 0 2.37144e-07 7.11431e-09 7.11431e-09 7.11431e-09 1.18572e-08 1.42286e-08 1.81057e-07
scan 600 300 102 0 0 0 0 0 0 0 0 0
scan 600 300 103 2.37144e-07 0 2.37144e-07 7.11431e-09 7.11431e-09 7.11431e-09 1.18572e-08 1.42286e-08 1.81057e-07
scan 600 300 104 1.42286e-06 0 5.80881e-07 4.26858e-08 4.26858e-08 4.26858e-08 7.11431e-08 8.53717e-08 1.08634e-06
scan 600 300 60 0 0 0 0 0 0 0 0
scan 600 300 61 0 0 0 0 0 0 0 0
scan 600 300 62 0 0 0 0 0 0 0 0
scan 600 300 63 0 0 0 0 0 0 0 0
scan 600 300 64 0 0 0 0 0 0 0 0
scan 600 300 65 0 0 0 0 0 0 0 0
scan 600 300 66 0 0 0 0 0 0 0 0
scan 600 300 67 0 0 0 0 0 0 0 0
scan 600 300 68 0 0 0 0 0 0 0 0
scan 600 300 69 0 0 0 0 0 0 0 0
scan 600 300 70 0 0 0 0 0 0 0 0
scan 600 300 71 0 0 0 0 0 0 0 0
scan 600 300 72 0 0 0 0 0 0 0 0
scan 600 300 73 0 0 0 0 0 0 0 0
scan 600 300 74 0 0 0 0 0 0 0 0
scan 600 300 120 2.37144e-07 0 2.37144e-07 7.11431e-09 7.11431e-09 7.11431e-09 1.18572e-08 1.42286e-08 1.81057e-07
scan 600 300 121 0 0 0 0 0 0 0 0 0
scan 600 300 122 0 0 0 0 0 0 0 0 0
scan 600 300 123 0 0 0 0 0 0 0 0 0
scan 600 300 124 0 0 0 0 0 0 0 0 0
scan 600 300 125 0 0 0 0 0 0 0 0 0
scan 600 300 126 0 0 0 0 0 0 0 0 0
scan 600 300 127 0 0 0 0 0 0 0 0 0
scan 600 300 128 0 0 0 0 0 0 0 0 0
scan 600 300 129 0 0 0 0 0 0 0 0 0
scan 600 300 130 0 0 0 0 0 0 0 0 0
scan 600 300 131 0 0 0 0 0 0 0 0 0
scan 600 300 132 0 0 0 0 0 0 0 0 0
scan 600 300 133 4.74287e-07 0 3.35372e-07 1.42286e-08 1.42286e-08 1.42286e-08 2.37144e-08 2.84572e-08 3.62115e-07
scan 600 300 134 4.74287e-07 0 3.35372e-07 1.42286e-08 1.42286e-08 1.42286e-08 2.37144e-08 2.84572e-08 3.62115e-07
scan 600 300 135 2.37144e-07 0 2.37144e-07 7.11431e-09 7.11431e-09 7.11431e-09 1.18572e-08 1.42286e-08 1.81057e-07
scan 600 300 136 0 0 0 0 0 0 0 0 0
scan 600 300 137 2.37144e-07 0 2.37144e-07 7.11431e-09 7.11431e-09 7.11431e-09 1.18572e-08 1.42286e-08 1.81057e-07
scan 600 300 138 2.37144e-07 0 2.37144e-07 7.11431e-09 7.11431e-09 7.11431e-09 1.18572e-08 1.42286e-08 1.81057e-07
scan 600 300 139 7.11431e-07 0 4.10745e-07 2.13429e-08 2.13429e-08 2.13429e-08 3.55715e-08 4.26858e-08 5.43172e-07
scan 600 300 140 0 0 0 0 0 0 0 0 0
scan 600 300 141 0 0 0 0 0 0 0 0 0
scan 600 300 142 2.37144e-07 0 2.37144e-07 7.11431e-09 7.11431e-09 7.11431e-09 1.18572e-08 1.42286e-08 1.81057e-07
scan 600 300 143 0 0 0 0 0 0 0 0 0
scan 600 300 144 0 0 0 0 0 0 0 0 0
scan 600 300 145 0 0 0 0 0 0 0 0 0
scan 600 300 146 0 0 0 0 0 0 0 0 0
scan 600 300 147 0 0 0 0 0 0 0 0 0
scan 600 300 148 2.37144e-07 0 2.37144e-07 7.11431e-09 7.11431e-09 7.11431e-09 1.18572e-08 1.42286e-08 1.81057e-07
scan 600 300 149 1.18572e-06 0 5.30269e-07 3.55715e-08 3.55715e-08 3.55715e-08 5.92859e-08 7.11431e-08 9.05287e-07
scan 600 300 60 0 0 0 0 0 0 0 0
scan 600 300 61 0 0 0 0 0 0 0 0
scan 600 300 62 0 0 0 0 0 0 0 0
scan 600 300 63 0 0 0 0 0 0 0 0
scan 600 300 64 0 0 0 0 0 0 0 0
scan 600 300 65 0 0 0 0 0 0 0 0
scan 600 300 66 0 0 0 0 0 0 0 0
scan 600 300 67 0 0 0 0 0 0 0 0
scan 600 300 68 0 0 0 0 0 0 0 0
scan 600 300 69 0 0 0 0 0 0 0 0
scan 600 300 70 0 0 0 0 0 0 0 0
scan 600 300 71 0 0 0 0 0 0 0 0
scan 600 300 72 0 0 0 0 0 0 0 0
scan 600 300 73 0 0 0 0 0 0 0 0
scan 600 300 74 0 0 0 0 0 0 0 0
scan 600 300 165 0 0 0 0 0 0 0 0 0
scan 600 300 166 2.37144e-07 0 2.37144e-07 7.11431e-09 7.11431e-09 7.11431e-09 1.18572e-08 1.42286e-08 1.81057e-07
scan 600 300 167 2.37144e-07 0 2.37144e-07 7.11431e-09 7.11431e-09 7.11431e-09 1.18572e-08 1.42286e-08 1.81057e-07
scan 600 300 168 0 0 0 0 0 0 0 0 0
scan 600 300 169 2.37144e-07 0 2.37144e-07 7.11431e-09 7.11431e-09 7.11431e-09 1.18572e-08 1.42286e-08 1.81057e-07
scan 600 300 170 0 0 0 0 0 0 0 0 0
scan 600 300 171 0 0 0 0 0 0 0 0 0
scan 600 300 172 0 0 0 0 0 0 0 0 0
scan 600 300 173 0 0 0 0 0 0 0 0 0
scan 600 300 174 2.37144e-07 0 2.37144e-07 7.11431e-09 7.11431e-09 7.11431e-09 1.18572e-08 1.42286e-08 1.81057e-07
scan 600 300 175 0 0 0 0 0 0 0 0 0
scan 600 300 176 0 0 0 0 0 0 0 0 0
scan 600 300 177 0 0 0 0 0 0 0 0 0
scan 600 300 178 0 0 0 0 0 0 0 0 0
scan 600 300 179 0 0 0 0 0 0 0 0 0
