xsec 900 500 0.000291345
scan 900 500 0 2.47656e-07 0 6.00654e-08 7.42968e-09 7.42968e-09 7.42968e-09 1.23828e-08 1.48594e-08 1.93975e-07
scan 900 500 1 3.20496e-07 0 6.833e-08 9.61488e-09 9.61488e-09 9.61488e-09 1.60248e-08 1.92298e-08 2.51027e-07
scan 900 500 2 4.80744e-07 0 8.36868e-08 1.44223e-08 1.44223e-08 1.44223e-08 2.40372e-08 2.88446e-08 3.7654e-07
scan 900 500 3 5.53584e-07 0 8.98032e-08 1.66075e-08 1.66075e-08 1.66075e-08 2.76792e-08 3.3215e-08 4.33592e-07
scan 900 500 4 3.65657e-06 0 2.30801e-07 1.09697e-07 1.09697e-07 1.09697e-07 1.82828e-07 2.19394e-07 2.86399e-06
scan 900 500 5 5.8272e-08 0 2.9136e-08 1.74816e-09 1.74816e-09 1.74816e-09 2.9136e-09 3.49632e-09 4.56413e-08
scan 900 500 6 1.4568e-07 0 4.60681e-08 4.3704e-09 4.3704e-09 4.3704e-09 7.284e-09 8.7408e-09 1.14103e-07
scan 900 500 7 4.3704e-08 0 2.52325e-08 1.31112e-09 1.31112e-09 1.31112e-09 2.1852e-09 2.62224e-09 3.42309e-08
scan 900 500 8 7.284e-08 0 3.2575e-08 2.1852e-09 2.1852e-09 2.1852e-09 3.642e-09 4.3704e-09 5.70516e-08
scan 900 500 9 1.1363e-06 0 1.28661e-07 3.40891e-08 3.40891e-08 3.40891e-08 5.68152e-08 6.81782e-08 8.90005e-07
scan 900 500 10 0 0 0 0 0 0 0 0 0
scan 900 500 11 2.62224e-07 0 6.18068e-08 7.86672e-09 7.86672e-09 7.86672e-09 1.31112e-08 1.57334e-08 2.05386e-07
scan 900 500 12 5.24448e-07 0 8.7408e-08 1.57334e-08 1.57334e-08 1.57334e-08 2.62224e-08 3.14669e-08 4.10771e-07
scan 900 500 13 8.15808e-07 0 1.09017e-07 2.44742e-08 2.44742e-08 2.44742e-08 4.07904e-08 4.89485e-08 6.38978e-07
scan 900 500 14 6.99264e-06 0 3.19169e-07 2.09779e-07 2.09779e-07 2.09779e-07 3.49632e-07 4.19558e-07 5.47695e-06
scan 900 500 15 2.33088e-07 0 5.8272e-08 6.99264e-09 6.99264e-09 6.99264e-09 1.16544e-08 1.39853e-08 1.82565e-07
scan 900 500 16 4.80744e-07 0 8.36868e-08 1.44223e-08 1.44223e-08 1.44223e-08 2.40372e-08 2.88446e-08 3.7654e-07
scan 900 500 17 8.30376e-07 0 1.09986e-07 2.49113e-08 2.49113e-08 2.49113e-08 4.15188e-08 4.98226e-08 6.50388e-07
scan 900 500 18 8.88648e-07 0 1.1378e-07 2.66594e-08 2.66594e-08 2.66594e-08 4.44324e-08 5.33189e-08 6.96029e-07
scan 900 500 19 3.51089e-06 0 2.26156e-07 1.05327e-07 1.05327e-07 1.05327e-07 1.75544e-07 2.10653e-07 2.74989e-06
scan 900 500 20 4.3704e-08 0 2.52325e-08 1.31112e-09 1.31112e-09 1.31112e-09 2.1852e-09 2.62224e-09 3.42309e-08
scan 900 500 21 7.284e-08 0 3.2575e-08 2.1852e-09 2.1852e-09 2.1852e-09 3.642e-09 4.3704e-09 5.70516e-08
scan 900 500 22 1.01976e-07 0 3.85433e-08 3.05928e-09 3.05928e-09 3.05928e-09 5.0988e-09 6.11856e-09 7.98722e-08
scan 900 500 23 1.4568e-07 0 4.60681e-08 4.3704e-09 4.3704e-09 4.3704e-09 7.284e-09 8.7408e-09 1.14103e-07
scan 900 500 24 1.28198e-06 0 1.3666e-07 3.84595e-08 3.84595e-08 3.84595e-08 6.40992e-08 7.6919e-08 1.00411e-06
scan 900 500 25 4.3704e-08 0 2.52325e-08 1.31112e-09 1.31112e-09 1.31112e-09 2.1852e-09 2.62224e-09 3.42309e-08
scan 900 500 26 1.89384e-07 0 5.25257e-08 5.68152e-09 5.68152e-09 5.68152e-09 9.4692e-09 1.1363e-08 1.48334e-07
scan 900 500 27 6.11856e-07 0 9.44114e-08 1.83557e-08 1.83557e-08 1.83557e-08 3.05928e-08 3.67114e-08 4.79233e-07
scan 900 500 28 7.72104e-07 0 1.06057e-07 2.31631e-08 2.31631e-08 2.31631e-08 3.86052e-08 4.63262e-08 6.04747e-07
scan 900 500 29 7.48795e-06 0 3.30279e-07 2.24639e-07 2.24639e-07 2.24639e-07 3.74398e-07 4.49277e-07 5.8649e-06
scan 900 500 30 2.76792e-07 0 6.35004e-08 8.30376e-09 8.30376e-09 8.30376e-09 1.38396e-08 1.66075e-08 2.16796e-07
scan 900 500 31 7.42968e-07 0 1.04036e-07 2.2289e-08 2.2289e-08 2.2289e-08 3.71484e-08 4.45781e-08 5.81926e-07
scan 900 500 32 1.19458e-06 0 1.31919e-07 3.58373e-08 3.58373e-08 3.58373e-08 5.97288e-08 7.16746e-08 9.35646e-07
scan 900 500 33 1.39853e-06 0 1.42737e-07 4.19558e-08 4.19558e-08 4.19558e-08 6.99264e-08 8.39117e-08 1.09539e-06
scan 900 500 34 7.284e-06 0 3.2575e-07 2.1852e-07 2.1852e-07 2.1852e-07 3.642e-07 4.3704e-07 5.70516e-06
scan 900 500 35 8.7408e-08 0 3.56842e-08 2.62224e-09 2.62224e-09 2.62224e-09 4.3704e-09 5.24448e-09 6.84619e-08
scan 900 500 36 1.01976e-07 0 3.85433e-08 3.05928e-09 3.05928e-09 3.05928e-09 5.0988e-09 6.11856e-09 7.98722e-08
scan 900 500 37 1.60248e-07 0 4.83166e-08 4.80744e-09 4.80744e-09 4.80744e-09 8.0124e-09 9.61488e-09 1.25513e-07
scan 900 500 38 2.62224e-07 0 6.18068e-08 7.86672e-09 7.86672e-09 7.86672e-09 1.31112e-08 1.57334e-08 2.05386e-07
scan 900 500 39 2.24347e-06 0 1.80784e-07 6.73042e-08 6.73042e-08 6.73042e-08 1.12174e-07 1.34608e-07 1.75719e-06
scan 900 500 40 2.03952e-07 0 5.45085e-08 6.11856e-09 6.11856e-09 6.11856e-09 1.01976e-08 1.22371e-08 1.59744e-07
scan 900 500 41 6.5556e-07 0 9.77251e-08 1.96668e-08 1.96668e-08 1.96668e-08 3.2778e-08 3.93336e-08 5.13464e-07
scan 900 500 42 1.00519e-06 0 1.21011e-07 3.01558e-08 3.01558e-08 3.01558e-08 5.02596e-08 6.03115e-08 7.87312e-07
scan 900 500 43 1.31112e-06 0 1.38204e-07 3.93336e-08 3.93336e-08 3.93336e-08 6.5556e-08 7.86672e-08 1.02693e-06
scan 900 500 44 1.47574e-05 0 4.63665e-07 4.42721e-07 4.42721e-07 4.42721e-07 7.37869e-07 8.85443e-07 1.15586e-05
scan 900 500 45 4.3704e-08 0 2.52325e-08 1.31112e-09 1.31112e-09 1.31112e-09 2.1852e-09 2.62224e-09 3.42309e-08
scan 900 500 46 1.4568e-08 0 1.4568e-08 4.3704e-10 4.3704e-10 4.3704e-10 7.284e-10 8.7408e-10 1.14103e-08
scan 900 500 47 2.9136e-08 0 2.06023e-08 8.7408e-10 8.7408e-10 8.7408e-10 1.4568e-09 1.74816e-09 2.28206e-08
scan 900 500 48 2.9136e-08 0 2.06023e-08 8.7408e-10 8.7408e-10 8.7408e-10 1.4568e-09 1.74816e-09 2.28206e-08
scan 900 500 49 0 0 0 0 0 0 0 0 0
scan 900 500 50 0 0 0 0 0 0 0 0 0
scan 900 500 51 1.4568e-08 0 1.4568e-08 4.3704e-10 4.3704e-10 4.3704e-10 7.284e-10 8.7408e-10 1.14103e-08
scan 900 500 52 0 0 0 0 0 0 0 0 0
scan 900 500 53 0 0 0 0 0 0 0 0 0
scan 900 500 54 0 0 0 0 0 0 0 0 0
scan 900 500 55 0 0 0 0 0 0 0 0 0
scan 900 500 56 1.4568e-08 0 1.4568e-08 4.3704e-10 4.3704e-10 4.3704e-10 7.284e-10 8.7408e-10 1.14103e-08
scan 900 500 57 1.4568e-08 0 1.4568e-08 4.3704e-10 4.3704e-10 4.3704e-10 7.284e-10 8.7408e-10 1.14103e-08
scan 900 500 58 1.4568e-08 0 1.4568e-08 4.3704e-10 4.3704e-10 4.3704e-10 7.284e-10 8.7408e-10 1.14103e-08
scan 900 500 59 5.8272e-08 0 2.9136e-08 1.74816e-09 1.74816e-09 1.74816e-09 2.9136e-09 3.49632e-09 4.56413e-08
scan 900 500 60 0 0 0 0 0 0 0 0
scan 900 500 61 0 0 0 0 0 0 0 0
scan 900 500 62 0 0 0 0 0 0 0 0
scan 900 500 63 0 0 0 0 0 0 0 0
scan 900 500 64 0 0 0 0 0 0 0 0
scan 900 500 65 0 0 0 0 0 0 0 0
scan 900 500 66 0 0 0 0 0 0 0 0
scan 900 500 67 0 0 0 0 0 0 0 0
scan 900 500 68 0 0 0 0 0 0 0 0
scan 900 500 69 0 0 0 0 0 0 0 0
scan 900 500 70 0 0 0 0 0 0 0 0
scan 900 500 71 0 0 0 0 0 0 0 0
scan 900 500 72 0 0 0 0 0 0 0 0
scan 900 500 73 0 0 0 0 0 0 0 0
scan 900 500 74 0 0 0 0 0 0 0 0
scan 900 500 75 0 0 0 0 0 0 0 0 0
scan 900 500 76 1.4568e-08 0 1.4568e-08 4.3704e-10 4.3704e-10 4.3704e-10 7.284e-10 8.7408e-10 1.14103e-08
scan 900 500 77 0 0 0 0 0 0 0 0 0
scan 900 500 78 1.4568e-08 0 1.4568e-08 4.3704e-10 4.3704e-10 4.3704e-10 7.284e-10 8.7408e-10 1.14103e-08
scan 900 500 79 0 0 0 0 0 0 0 0 0
scan 900 500 80 0 0 0 0 0 0 0 0 0
scan 900 500 81 0 0 0 0 0 0 0 0 0
scan 900 500 82 0 0 0 0 0 0 0 0 0
scan 900 500 83 1.4568e-08 0 1.4568e-08 4.3704e-10 4.3704e-10 4.3704e-10 7.284e-10 8.7408e-10 1.14103e-08
scan 900 500 84 0 0 0 0 0 0 0 0 0
scan 900 500 85 0 0 0 0 0 0 0 0 0
scan 900 500 86 0 0 0 0 0 0 0 0 0
scan 900 500 87 0 0 0 0 0 0 0 0 0
scan 900 500 88 1.4568e-08 0 1.4568e-08 4.3704e-10 4.3704e-10 4.3704e-10 7.284e-10 8.7408e-10 1.14103e-08
scan 900 500 89 4.3704e-08 0 2.52325e-08 1.31112e-09 1.31112e-09 1.31112e-09 2.1852e-09 2.62224e-09 3.42309e-08
scan 900 500 90 2.9136e-08 0 2.06023e-08 8.7408e-10 8.7408e-10 8.7408e-10 1.4568e-09 1.74816e-09 2.28206e-08
scan 900 500 91 8.7408e-08 0 3.56842e-08 2.62224e-09 2.62224e-09 2.62224e-09 4.3704e-09 5.24448e-09 6.84619e-08
scan 900 500 92 4.3704e-08 0 2.52325e-08 1.31112e-09 1.31112e-09 1.31112e-09 2.1852e-09 2.62224e-09 3.42309e-08
scan 900 500 93 2.9136e-08 0 2.06023e-08 8.7408e-10 8.7408e-10 8.7408e-10 1.4568e-09 1.74816e-09 2.28206e-08
scan 900 500 94 2.9136e-08 0 2.06023e-08 8.7408e-10 8.7408e-10 8.7408e-10 1.4568e-09 1.74816e-09 2.28206e-08
scan 900 500 95 0 0 0 0 0 0 0 0 0
scan 900 500 96 0 0 0 0 0 0 0 0 0
scan 900 500 97 0 0 0 0 0 0 0 0 0
scan 900 500 98 0 0 0 0 0 0 0 0 0
scan 900 500 99 0 0 0 0 0 0 0 0 0
scan 900 500 100 0 0 0 0 0 0 0 0 0
scan 900 500 101 0 0 0 0 0 0 0 0 0
scan 900 500 102 1.4568e-08 0 1.4568e-08 4.3704e-10 4.3704e-10 4.3704e-10 7.284e-10 8.7408e-10 1.14103e-08
scan 900 500 103 2.9136e-08 0 2.06023e-08 8.7408e-10 8.7408e-10 8.7408e-10 1.4568e-09 1.74816e-09 2.28206e-08
scan 900 500 104 2.33088e-07 0 5.8272e-08 6.99264e-09 6.99264e-09 6.99264e-09 1.16544e-08 1.39853e-08 1.82565e-07
scan 900 500 60 0 0 0 0 0 0 0 0
scan 900 500 61 0 0 0 0 0 0 0 0
scan 900 500 62 0 0 0 0 0 0 0 0
scan 900 500 63 0 0 0 0 0 0 0 0
scan 900 500 64 0 0 0 0 0 0 0 0
scan 900 500 65 0 0 0 0 0 0 0 0
scan 900 500 66 0 0 0 0 0 0 0 0
scan 900 500 67 0 0 0 0 0 0 0 0
scan 900 500 68 0 0 0 0 0 0 0 0
scan 900 500 69 0 0 0 0 0 0 0 0
scan 900 500 70 0 0 0 0 0 0 0 0
scan 900 500 71 0 0 0 0 0 0 0 0
scan 900 500 72 0 0 0 0 0 0 0 0
scan 900 500 73 0 0 0 0 0 0 0 0
scan 900 500 74 0 0 0 0 0 0 0 0
scan 900 500 120 0 0 0 0 0 0 0 0 0
scan 900 500 121 0 0 0 0 0 0 0 0 0
scan 900 500 122 0 0 0 0 0 0 0 0 0
scan 900 500 123 0 0 0 0 0 0 0 0 0
scan 900 500 124 1.4568e-08 0 1.4568e-08 4.3704e-10 4.3704e-10 4.3704e-10 7.284e-10 8.7408e-10 1.14103e-08
scan 900 500 125 0 0 0 0 0 0 0 0 0
scan 900 500 126 0 0 0 0 0 0 0 0 0
scan 900 500 127 1.4568e-08 0 1.4568e-08 4.3704e-10 4.3704e-10 4.3704e-10 7.284e-10 8.7408e-10 1.14103e-08
scan 900 500 128 0 0 0 0 0 0 0 0 0
scan 900 500 129 0 0 0 0 0 0 0 0 0
scan 900 500 130 0 0 0 0 0 0 0 0 0
scan 900 500 131 0 0 0 0 0 0 0 0 0
scan 900 500 132 0 0 0 0 0 0 0 0 0
scan 900 500 133 0 0 0 0 0 0 0 0 0
scan 900 500 134 5.8272e-08 0 2.9136e-08 1.74816e-09 1.74816e-09 1.74816e-09 2.9136e-09 3.49632e-09 4.56413e-08
scan 900 500 135 0 0 0 0 0 0 0 0 0
scan 900 500 136 4.3704e-08 0 2.52325e-08 1.31112e-09 1.31112e-09 1.31112e-09 2.1852e-09 2.62224e-09 3.42309e-08
scan 900 500 137 1.4568e-08 0 1.4568e-08 4.3704e-10 4.3704e-10 4.3704e-10 7.284e-10 8.7408e-10 1.14103e-08
scan 900 500 138 0 0 0 0 0 0 0 0 0
scan 900 500 139 1.4568e-08 0 1.4568e-08 4.3704e-10 4.3704e-10 4.3704e-10 7.284e-10 8.7408e-10 1.14103e-08
scan 900 500 140 0 0 0 0 0 0 0 0 0
scan 900 500 141 0 0 0 0 0 0 0 0 0
scan 900 500 142 1.4568e-08 0 1.4568e-08 4.3704e-10 4.3704e-10 4.3704e-10 7.284e-10 8.7408e-10 1.14103e-08
scan 900 500 143 0 0 0 0 0 0 0 0 0
scan 900 500 144 0 0 0 0 0 0 0 0 0
scan 900 500 145 0 0 0 0 0 0 0 0 0
scan 900 500 146 0 0 0 0 0 0 0 0 0
scan 900 500 147 0 0 0 0 0 0 0 0 0
scan 900 500 148 1.4568e-08 0 1.4568e-08 4.3704e-10 4.3704e-10 4.3704e-10 7.284e-10 8.7408e-10 1.14103e-08
scan 900 500 149 1.60248e-07 0 4.83166e-08 4.80744e-09 4.80744e-09 4.80744e-09 8.0124e-09 9.61488e-09 1.25513e-07
scan 900 500 60 0 0 0 0 0 0 0 0
scan 900 500 61 0 0 0 0 0 0 0 0
scan 900 500 62 0 0 0 0 0 0 0 0
scan 900 500 63 0 0 0 0 0 0 0 0
scan 900 500 64 0 0 0 0 0 0 0 0
scan 900 500 65 0 0 0 0 0 0 0 0
scan 900 500 66 0 0 0 0 0 0 0 0
scan 900 500 67 0 0 0 0 0 0 0 0
scan 900 500 68 0 0 0 0 0 0 0 0
scan 900 500 69 0 0 0 0 0 0 0 0
scan 900 500 70 0 0 0 0 0 0 0 0
scan 900 500 71 0 0 0 0 0 0 0 0
scan 900 500 72 0 0 0 0 0 0 0 0
scan 900 500 73 0 0 0 0 0 0 0 0
scan 900 500 74 0 0 0 0 0 0 0 0
scan 900 500 165 1.4568e-08 0 1.4568e-08 4.3704e-10 4.3704e-10 4.3704e-10 7.284e-10 8.7408e-10 1.14103e-08
scan 900 500 166 1.4568e-08 0 1.4568e-08 4.3704e-10 4.3704e-10 4.3704e-10 7.284e-10 8.7408e-10 1.14103e-08
scan 900 500 167 0 0 0 0 0 0 0 0 0
scan 900 500 168 2.9136e-08 0 2.06023e-08 8.7408e-10 8.7408e-10 8.7408e-10 1.4568e-09 1.74816e-09 2.28206e-08
scan 900 500 169 0 0 0 0 0 0 0 0 0
scan 900 500 170 0 0 0 0 0 0 0 0 0
scan 900 500 171 1.4568e-08 0 1.4568e-08 4.3704e-10 4.3704e-10 4.3704e-10 7.284e-10 8.7408e-10 1.14103e-08
scan 900 500 172 0 0 0 0 0 0 0 0 0
scan 900 500 173 0 0 0 0 0 0 0 0 0
scan 900 500 174 1.4568e-08 0 1.4568e-08 4.3704e-10 4.3704e-10 4.3704e-10 7.284e-10 8.7408e-10 1.14103e-08
scan 900 500 175 0 0 0 0 0 0 0 0 0
scan 900 500 176 0 0 0 0 0 0 0 0 0
scan 900 500 177 0 0 0 0 0 0 0 0 0
scan 900 500 178 1.4568e-08 0 1.4568e-08 4.3704e-10 4.3704e-10 4.3704e-10 7.284e-10 8.7408e-10 1.14103e-08
scan 900 500 179 1.4568e-08 0 1.4568e-08 4.3704e-10 4.3704e-10 4.3704e-10 7.284e-10 8.7408e-10 1.14103e-08
