# cards/mergeScans.py -> lines taken from file cards/ZW/l2j2_wz_200_40.txt
xsec 200 40 0.785232
scan 200 40 500 0.00442592 0 0 0.000110648 0.000110648 0 0 1.21964e-05 0
scan 200 40 501 0.00714575 0 0 0.000178644 0.000178644 0 0 9.50191e-06 0
scan 200 40 502 0.00603656 0 0 0.000150914 0.000150914 0 0 1.69366e-05 0
scan 200 40 503 0.00516769 0 0 0.000129192 0.000129192 0 0 1.84204e-06 0
scan 200 40 504 0.00167974 0 0 4.19934e-05 4.19934e-05 0 0 1.0375e-05 0
# cards/mergeScans.py -> lines taken from file TChiWZ.kit/output/cn_200_40.txt
scan 200 40 0 0.000129132 0.0001319 0.000129132 2.58265e-06 3.65241e-06 0 5.95042e-10 2.58265e-05 5.94725e-06 
scan 200 40 1 0.000258059 0.000190194 0.000182475 4.65592e-06 7.0488e-06 0 1.03825e-07 5.16118e-05 1.1885e-05 
scan 200 40 2 0.000263955 0.000194673 0.000186687 7.44373e-06 6.34886e-06 0 1.16906e-09 5.27909e-05 1.27635e-05 
scan 200 40 3 0.000127274 0.000130005 0.000127274 4.4089e-06 0 0 9.16372e-07 2.54548e-05 5.86166e-06 
scan 200 40 4 0.000134608 0.000137521 0.000134608 0 4.66295e-06 0 1.07686e-07 2.69215e-05 6.80537e-06 
scan 200 40 5 0.000127274 0.000133083 0.000127274 4.4089e-06 0 0 9.16372e-07 3.81822e-05 5.86166e-06 
scan 200 40 6 0.000129133 0.000135024 0.000129133 3.65244e-06 2.58266e-06 0 1.86029e-10 3.87399e-05 5.94729e-06 
scan 200 40 7 0.000524111 0.000307207 0.000262123 1.64778e-05 5.27909e-06 0 1.87421e-06 0.000157233 2.53433e-05 
scan 200 40 8 0.000128927 0.000134809 0.000128927 0 4.46616e-06 0 1.03141e-07 3.86781e-05 5.93779e-06 
scan 200 40 9 0.000129133 0.000135024 0.000129133 3.65243e-06 2.58265e-06 0 3.64464e-10 3.87398e-05 5.94727e-06 
scan 200 40 10 0 0 0 0 0 0 0 0 0 
scan 200 40 11 0 0 0 0 0 0 0 0 0 
scan 200 40 12 0.000126344 0.000178831 0.000126344 4.37669e-06 0 0 1.36452e-06 0.000126344 5.81884e-06 
scan 200 40 13 0 0 0 0 0 0 0 0 0 
scan 200 40 14 0 0 0 0 0 0 0 0 0 
scan 200 40 15 0.00932006 0.00222599 0.00109864 0.000232339 0.00016036 0 3.36919e-05 0.00186401 0.000438912 
scan 200 40 16 0.0150614 0.00342758 0.00139881 0.000354155 0.000279544 0 5.73301e-05 0.00301229 0.000714777 
scan 200 40 17 0.0086923 0.00209525 0.00106218 0.000209074 0.000160885 0 3.04399e-05 0.00173846 0.00041118 
scan 200 40 18 0.00260117 0.000794698 0.000581759 5.05937e-05 6.78919e-05 0 7.6823e-06 0.000520234 0.00012341 
scan 200 40 19 0.00157047 0.000558992 0.000453449 3.72802e-05 3.34788e-05 0 3.72884e-06 0.000314095 7.53407e-05 
scan 200 40 20 0.000646582 0.00035016 0.000289179 1.88659e-05 8.8177e-06 0 2.34308e-06 0.000193974 3.03724e-05 
scan 200 40 21 0.00323898 0.00118175 0.000647917 6.64571e-05 6.99741e-05 0 8.75779e-06 0.000971693 0.000152192 
scan 200 40 22 0.00288821 0.00107598 0.00061593 6.84903e-05 5.96559e-05 0 4.73287e-06 0.000866463 0.00013907 
scan 200 40 23 0.0010588 0.000494763 0.000374444 1.35014e-05 2.86173e-05 0 1.34308e-06 0.000317641 5.17954e-05 
scan 200 40 24 0.0005218 0.000305743 0.000260944 6.23509e-06 1.53642e-05 0 2.11366e-07 0.00015654 2.46377e-05 
scan 200 40 25 0.000258266 0.000316657 0.000182622 6.2351e-06 6.2351e-06 0 2.67022e-10 0.000258266 1.18946e-05 
scan 200 40 26 0.00259323 0.00266117 0.000579944 4.77275e-05 5.90859e-05 0 5.99443e-06 0.00259323 0.000121837 
scan 200 40 27 0.00585366 0.0059274 0.000872811 0.000129093 0.000112317 0 1.81864e-05 0.00585366 0.000278031 
scan 200 40 28 0.00156841 0.00163491 0.000452901 3.31239e-05 3.38424e-05 0 4.7228e-06 0.00156841 7.52563e-05 
scan 200 40 29 0.000263956 0.000323681 0.000186689 6.3489e-06 6.39604e-06 0 3.07719e-10 0.000263956 1.27636e-05 
scan 200 40 30 0.000524019 0.000284053 0.000262066 1.81526e-05 0 0 4.70266e-06 0.000104804 2.59241e-05 
scan 200 40 31 0.000778165 0.000356656 0.000317741 2.1512e-05 1.51667e-05 0 1.14197e-06 0.000155633 3.64457e-05 
scan 200 40 32 0.000129133 0.000131901 0.000129133 3.65244e-06 2.58266e-06 0 1.86029e-10 2.58266e-05 5.94729e-06 
scan 200 40 33 0.000129133 0.000131901 0.000129133 2.58267e-06 3.65244e-06 0 6.20098e-11 2.58267e-05 5.9473e-06 
scan 200 40 34 0 0 0 0 0 0 0 0 0 
scan 200 40 35 0 0 0 0 0 0 0 0 0 
scan 200 40 36 0.000263956 0.00020339 0.000186689 6.39604e-06 6.3489e-06 0 3.15693e-10 7.91869e-05 1.27635e-05 
scan 200 40 37 0 0 0 0 0 0 0 0 0 
scan 200 40 38 0 0 0 0 0 0 0 0 0 
scan 200 40 39 0 0 0 0 0 0 0 0 0 
scan 200 40 40 0 0 0 0 0 0 0 0 0 
scan 200 40 41 0 0 0 0 0 0 0 0 0 
scan 200 40 42 0 0 0 0 0 0 0 0 0 
scan 200 40 43 0 0 0 0 0 0 0 0 0 
scan 200 40 44 0 0 0 0 0 0 0 0 0 
scan 200 40 45 0.000129133 0.000131901 0.000129133 2.58267e-06 3.65244e-06 0 6.20098e-11 2.58267e-05 5.9473e-06 
scan 200 40 46 0.000129003 0.000131901 0.000129003 3.64876e-06 6.45017e-06 0 6.50177e-08 2.58007e-05 5.94131e-06 
scan 200 40 47 0.000129133 0.000131901 0.000129133 3.65244e-06 2.58266e-06 0 1.86029e-10 2.58266e-05 5.94729e-06 
scan 200 40 48 0 0 0 0 0 0 0 0 0 
scan 200 40 49 0 0 0 0 0 0 0 0 0 
scan 200 40 50 0 0 0 0 0 0 0 0 0 
scan 200 40 51 0.000129133 0.000135024 0.000129133 2.58265e-06 3.65242e-06 0 4.5558e-10 3.87398e-05 5.94726e-06 
scan 200 40 52 0 0 0 0 0 0 0 0 0 
scan 200 40 53 0 0 0 0 0 0 0 0 0 
scan 200 40 54 0 0 0 0 0 0 0 0 0 
scan 200 40 55 0 0 0 0 0 0 0 0 0 
scan 200 40 56 0 0 0 0 0 0 0 0 0 
scan 200 40 57 0 0 0 0 0 0 0 0 0 
scan 200 40 58 0 0 0 0 0 0 0 0 0 
scan 200 40 59 0 0 0 0 0 0 0 0 0 
scan 200 40 75 0 0 0 0 0 0 0 0 0 
scan 200 40 76 0 0 0 0 0 0 0 0 0 
scan 200 40 77 0.000129133 0.000131901 0.000129133 2.58267e-06 3.65244e-06 0 1.05786e-10 2.58267e-05 5.94729e-06 
scan 200 40 78 0 0 0 0 0 0 0 0 0 
scan 200 40 79 0 0 0 0 0 0 0 0 0 
scan 200 40 80 0 0 0 0 0 0 0 0 0 
scan 200 40 81 0 0 0 0 0 0 0 0 0 
scan 200 40 82 0 0 0 0 0 0 0 0 0 
scan 200 40 83 0 0 0 0 0 0 0 0 0 
scan 200 40 84 0 0 0 0 0 0 0 0 0 
scan 200 40 85 0 0 0 0 0 0 0 0 0 
scan 200 40 86 0 0 0 0 0 0 0 0 0 
scan 200 40 87 0 0 0 0 0 0 0 0 0 
scan 200 40 88 0 0 0 0 0 0 0 0 0 
scan 200 40 89 0 0 0 0 0 0 0 0 0 
scan 200 40 90 0.000457133 0.000249402 0.000228862 8.514e-06 5.70162e-06 1.59092e-05 2.57621e-05 9.14265e-05 2.10535e-05 
scan 200 40 91 0.000361438 0.000223271 0.000209348 8.36513e-06 7.22875e-06 1.35264e-05 1.39652e-05 7.22875e-05 1.72501e-05 
scan 200 40 92 0.000123968 0.000126679 0.000123968 0 3.50635e-06 3.71904e-06 2.47936e-06 2.47936e-05 5.70941e-06 
scan 200 40 93 0 0 0 0 0 0 0 0 0 
scan 200 40 94 0 0 0 0 0 0 0 0 0 
scan 200 40 95 0.000128501 0.000134394 0.000128501 2.57001e-06 2.57001e-06 3.85502e-06 3.14827e-07 3.85502e-05 5.91816e-06 
scan 200 40 96 0.000268326 0.000206848 0.000189735 5.36651e-06 5.36651e-06 8.04977e-06 6.57398e-07 8.04977e-05 1.35658e-05 
scan 200 40 97 0 0 0 0 0 0 0 0 0 
scan 200 40 98 0 0 0 0 0 0 0 0 0 
scan 200 40 99 0 0 0 0 0 0 0 0 0 
scan 200 40 100 0 0 0 0 0 0 0 0 0 
scan 200 40 101 0 0 0 0 0 0 0 0 0 
scan 200 40 102 0.0001146 0.000162469 0.0001146 3.24138e-06 0 3.438e-06 8.59499e-06 0.0001146 5.79384e-06 
scan 200 40 103 0.000123968 0.000175502 0.000123968 0 3.50635e-06 3.71904e-06 2.47936e-06 0.000123968 5.70941e-06 
scan 200 40 104 0 0 0 0 0 0 0 0 0 
scan 200 40 120 0 0 0 0 0 0 0 0 0 
scan 200 40 121 0 0 0 0 0 0 0 0 0 
scan 200 40 122 0 0 0 0 0 0 0 0 0 
scan 200 40 123 0 0 0 0 0 0 0 0 0 
scan 200 40 124 0 0 0 0 0 0 0 0 0 
scan 200 40 125 0 0 0 0 0 0 0 0 0 
scan 200 40 126 0 0 0 0 0 0 0 0 0 
scan 200 40 127 0 0 0 0 0 0 0 0 0 
scan 200 40 128 0 0 0 0 0 0 0 0 0 
scan 200 40 129 0 0 0 0 0 0 0 0 0 
scan 200 40 130 0 0 0 0 0 0 0 0 0 
scan 200 40 131 0 0 0 0 0 0 0 0 0 
scan 200 40 132 0 0 0 0 0 0 0 0 0 
scan 200 40 133 0 0 0 0 0 0 0 0 0 
scan 200 40 134 0 0 0 0 0 0 0 0 0 
scan 200 40 135 0.000128501 0.000131387 0.000128501 2.57001e-06 2.57001e-06 6.42504e-06 3.14827e-07 2.57001e-05 5.91816e-06 
scan 200 40 136 0 0 0 0 0 0 0 0 0 
scan 200 40 137 0 0 0 0 0 0 0 0 0 
scan 200 40 138 0 0 0 0 0 0 0 0 0 
scan 200 40 139 0 0 0 0 0 0 0 0 0 
scan 200 40 140 0 0 0 0 0 0 0 0 0 
scan 200 40 141 0 0 0 0 0 0 0 0 0 
scan 200 40 142 0 0 0 0 0 0 0 0 0 
scan 200 40 143 0 0 0 0 0 0 0 0 0 
scan 200 40 144 0 0 0 0 0 0 0 0 0 
scan 200 40 145 0 0 0 0 0 0 0 0 0 
scan 200 40 146 0 0 0 0 0 0 0 0 0 
scan 200 40 147 0.000268326 0.000329097 0.000189735 5.36651e-06 5.36651e-06 8.04977e-06 6.57398e-07 0.000268326 1.35658e-05 
scan 200 40 148 0 0 0 0 0 0 0 0 0 
scan 200 40 149 0 0 0 0 0 0 0 0 0 
scan 200 40 165 0 0 0 0 0 0 0 0 0 
scan 200 40 166 0 0 0 0 0 0 0 0 0 
scan 200 40 167 0 0 0 0 0 0 0 0 0 
scan 200 40 168 0 0 0 0 0 0 0 0 0 
scan 200 40 169 0 0 0 0 0 0 0 0 0 
scan 200 40 170 0 0 0 0 0 0 0 0 0 
scan 200 40 171 0 0 0 0 0 0 0 0 0 
scan 200 40 172 0 0 0 0 0 0 0 0 0 
scan 200 40 173 0.000128501 0.000134492 0.000128501 2.57001e-06 2.57001e-06 6.42504e-06 3.14827e-07 3.85502e-05 5.91816e-06 
scan 200 40 174 0 0 0 0 0 0 0 0 0 
scan 200 40 175 0 0 0 0 0 0 0 0 0 
scan 200 40 176 0 0 0 0 0 0 0 0 0 
scan 200 40 177 0 0 0 0 0 0 0 0 0 
scan 200 40 178 0 0 0 0 0 0 0 0 0 
scan 200 40 179 0 0 0 0 0 0 0 0 0 
