# cards/mergeScans.py -> lines taken from file cards/ZW/l2j2_wz_140_30.txt
xsec 140 30 3.14658
scan 140 30 500 0.0162615 0 0 0.000406538 0.000406538 0 0 -3.14218e-05 0
scan 140 30 501 0.00383549 0 0 9.58872e-05 9.58872e-05 0 0 3.95884e-05 0
scan 140 30 502 0.00107696 0 0 2.69239e-05 2.69239e-05 0 0 0.000265587 0
scan 140 30 503 0.000853863 0 0 2.13466e-05 2.13466e-05 0 0 0 0
scan 140 30 504 9.61016e-05 0 0 2.40254e-06 2.40254e-06 0 0 0 0
# cards/mergeScans.py -> lines taken from file TChiWZ.kit/output/cn_140_30.txt
scan 140 30 0 0.00443092 0.00240655 0.00221546 8.68089e-05 0.000156472 0 4.50591e-06 0.000886184 0.000256631 
scan 140 30 1 0.00442932 0.00240307 0.00221469 0.000123076 7.58103e-05 0 7.91279e-06 0.000885864 0.000253341 
scan 140 30 2 0.00111405 0.00113846 0.00111405 3.15101e-05 2.2281e-05 0 1.6049e-09 0.00022281 6.21008e-05 
scan 140 30 3 0 0 0 0 0 0 0 0 0 
scan 140 30 4 0 0 0 0 0 0 0 0 0 
scan 140 30 5 0 0 0 0 0 0 0 0 0 
scan 140 30 6 0.0011096 0.00116185 0.0011096 0 6.37415e-05 0 2.21919e-06 0.000332879 6.18525e-05 
scan 140 30 7 0 0 0 0 0 0 0 0 0 
scan 140 30 8 0 0 0 0 0 0 0 0 0 
scan 140 30 9 0 0 0 0 0 0 0 0 0 
scan 140 30 10 0 0 0 0 0 0 0 0 0 
scan 140 30 11 0 0 0 0 0 0 0 0 0 
scan 140 30 12 0 0 0 0 0 0 0 0 0 
scan 140 30 13 0 0 0 0 0 0 0 0 0 
scan 140 30 14 0 0 0 0 0 0 0 0 0 
scan 140 30 15 0.0905864 0.0215043 0.010004 0.00229493 0.00154305 0 0.000303898 0.0181173 0.00513612 
scan 140 30 16 0.09398 0.0222308 0.010194 0.00222708 0.00183779 0 0.000260367 0.018796 0.00534748 
scan 140 30 17 0.0110464 0.00419877 0.00349334 0.000288473 0.000256454 0 3.55102e-05 0.00220928 0.000628558 
scan 140 30 18 0.00554264 0.00273785 0.00247881 0.000100871 0.00012153 0 1.09794e-05 0.00110853 0.000312137 
scan 140 30 19 0.0065943 0.00302683 0.00269223 0.000182821 6.08112e-05 0 4.41128e-05 0.00131886 0.000367588 
scan 140 30 20 0 0 0 0 0 0 0 0 0 
scan 140 30 21 0.00886685 0.00415066 0.00313496 0.000113815 0.000238866 0 1.45195e-05 0.00266006 0.000503862 
scan 140 30 22 0.00332413 0.00217438 0.00191919 4.43454e-05 0.000101057 0 8.86717e-07 0.000997239 0.000194948 
scan 140 30 23 0.00111405 0.0011654 0.00111405 2.2281e-05 3.15101e-05 0 5.34968e-10 0.000334216 6.21009e-05 
scan 140 30 24 0 0 0 0 0 0 0 0 0 
scan 140 30 25 0 0 0 0 0 0 0 0 0 
scan 140 30 26 0.0066379 0.00718203 0.00270998 0.00012957 0.000130698 0 1.75573e-05 0.0066379 0.000376409 
scan 140 30 27 0.0011042 0.00156421 0.0011042 0 6.34315e-05 0 2.2084e-06 0.0011042 6.47572e-05 
scan 140 30 28 0 0 0 0 0 0 0 0 0 
scan 140 30 29 0 0 0 0 0 0 0 0 0 
scan 140 30 30 0 0 0 0 0 0 0 0 0 
scan 140 30 31 0 0 0 0 0 0 0 0 0 
scan 140 30 32 0 0 0 0 0 0 0 0 0 
scan 140 30 33 0 0 0 0 0 0 0 0 0 
scan 140 30 34 0 0 0 0 0 0 0 0 0 
scan 140 30 35 0 0 0 0 0 0 0 0 0 
scan 140 30 36 0 0 0 0 0 0 0 0 0 
scan 140 30 37 0 0 0 0 0 0 0 0 0 
scan 140 30 38 0 0 0 0 0 0 0 0 0 
scan 140 30 39 0 0 0 0 0 0 0 0 0 
scan 140 30 40 0 0 0 0 0 0 0 0 0 
scan 140 30 41 0 0 0 0 0 0 0 0 0 
scan 140 30 42 0 0 0 0 0 0 0 0 0 
scan 140 30 43 0 0 0 0 0 0 0 0 0 
scan 140 30 44 0 0 0 0 0 0 0 0 0 
scan 140 30 45 0 0 0 0 0 0 0 0 0 
scan 140 30 46 0 0 0 0 0 0 0 0 0 
scan 140 30 47 0 0 0 0 0 0 0 0 0 
scan 140 30 48 0 0 0 0 0 0 0 0 0 
scan 140 30 49 0 0 0 0 0 0 0 0 0 
scan 140 30 50 0 0 0 0 0 0 0 0 0 
scan 140 30 51 0 0 0 0 0 0 0 0 0 
scan 140 30 52 0 0 0 0 0 0 0 0 0 
scan 140 30 53 0 0 0 0 0 0 0 0 0 
scan 140 30 54 0 0 0 0 0 0 0 0 0 
scan 140 30 55 0 0 0 0 0 0 0 0 0 
scan 140 30 56 0 0 0 0 0 0 0 0 0 
scan 140 30 57 0 0 0 0 0 0 0 0 0 
scan 140 30 58 0 0 0 0 0 0 0 0 0 
scan 140 30 59 0 0 0 0 0 0 0 0 0 
scan 140 30 75 0 0 0 0 0 0 0 0 0 
scan 140 30 76 0 0 0 0 0 0 0 0 0 
scan 140 30 77 0 0 0 0 0 0 0 0 0 
scan 140 30 78 0 0 0 0 0 0 0 0 0 
scan 140 30 79 0 0 0 0 0 0 0 0 0 
scan 140 30 80 0 0 0 0 0 0 0 0 0 
scan 140 30 81 0 0 0 0 0 0 0 0 0 
scan 140 30 82 0 0 0 0 0 0 0 0 0 
scan 140 30 83 0 0 0 0 0 0 0 0 0 
scan 140 30 84 0 0 0 0 0 0 0 0 0 
scan 140 30 85 0 0 0 0 0 0 0 0 0 
scan 140 30 86 0 0 0 0 0 0 0 0 0 
scan 140 30 87 0 0 0 0 0 0 0 0 0 
scan 140 30 88 0 0 0 0 0 0 0 0 0 
scan 140 30 89 0 0 0 0 0 0 0 0 0 
scan 140 30 90 0.00573293 0.00267267 0.00234157 0.000132544 9.25405e-05 0.000229161 0.000403834 0.00114659 0.000322211 
scan 140 30 91 0.000946945 0.000971499 0.000946945 3.41426e-05 0 4.73473e-05 7.10209e-05 0.000189389 5.27858e-05 
scan 140 30 92 0 0 0 0 0 0 0 0 0 
scan 140 30 93 0 0 0 0 0 0 0 0 0 
scan 140 30 94 0 0 0 0 0 0 0 0 0 
scan 140 30 95 0.00106429 0.00111397 0.00106429 0 3.01027e-05 3.19287e-05 2.12858e-05 0.000319287 6.24166e-05 
scan 140 30 96 0 0 0 0 0 0 0 0 0 
scan 140 30 97 0 0 0 0 0 0 0 0 0 
scan 140 30 98 0 0 0 0 0 0 0 0 0 
scan 140 30 99 0 0 0 0 0 0 0 0 0 
scan 140 30 100 0 0 0 0 0 0 0 0 0 
scan 140 30 101 0.000946945 0.00134267 0.000946945 2.67836e-05 0 2.84084e-05 7.10209e-05 0.000946945 5.27858e-05 
scan 140 30 102 0 0 0 0 0 0 0 0 0 
scan 140 30 103 0 0 0 0 0 0 0 0 0 
scan 140 30 104 0 0 0 0 0 0 0 0 0 
scan 140 30 120 0 0 0 0 0 0 0 0 0 
scan 140 30 121 0 0 0 0 0 0 0 0 0 
scan 140 30 122 0 0 0 0 0 0 0 0 0 
scan 140 30 123 0 0 0 0 0 0 0 0 0 
scan 140 30 124 0 0 0 0 0 0 0 0 0 
scan 140 30 125 0 0 0 0 0 0 0 0 0 
scan 140 30 126 0 0 0 0 0 0 0 0 0 
scan 140 30 127 0 0 0 0 0 0 0 0 0 
scan 140 30 128 0 0 0 0 0 0 0 0 0 
scan 140 30 129 0 0 0 0 0 0 0 0 0 
scan 140 30 130 0 0 0 0 0 0 0 0 0 
scan 140 30 131 0 0 0 0 0 0 0 0 0 
scan 140 30 132 0 0 0 0 0 0 0 0 0 
scan 140 30 133 0 0 0 0 0 0 0 0 0 
scan 140 30 134 0 0 0 0 0 0 0 0 0 
scan 140 30 135 0 0 0 0 0 0 0 0 0 
scan 140 30 136 0.000946945 0.000971499 0.000946945 1.89389e-05 4.73473e-05 2.84084e-05 7.10209e-05 0.000189389 5.27858e-05 
scan 140 30 137 0 0 0 0 0 0 0 0 0 
scan 140 30 138 0 0 0 0 0 0 0 0 0 
scan 140 30 139 0 0 0 0 0 0 0 0 0 
scan 140 30 140 0 0 0 0 0 0 0 0 0 
scan 140 30 141 0 0 0 0 0 0 0 0 0 
scan 140 30 142 0 0 0 0 0 0 0 0 0 
scan 140 30 143 0 0 0 0 0 0 0 0 0 
scan 140 30 144 0 0 0 0 0 0 0 0 0 
scan 140 30 145 0 0 0 0 0 0 0 0 0 
scan 140 30 146 0 0 0 0 0 0 0 0 0 
scan 140 30 147 0 0 0 0 0 0 0 0 0 
scan 140 30 148 0 0 0 0 0 0 0 0 0 
scan 140 30 149 0 0 0 0 0 0 0 0 0 
scan 140 30 165 0 0 0 0 0 0 0 0 0 
scan 140 30 166 0 0 0 0 0 0 0 0 0 
scan 140 30 167 0 0 0 0 0 0 0 0 0 
scan 140 30 168 0 0 0 0 0 0 0 0 0 
scan 140 30 169 0 0 0 0 0 0 0 0 0 
scan 140 30 170 0 0 0 0 0 0 0 0 0 
scan 140 30 171 0 0 0 0 0 0 0 0 0 
scan 140 30 172 0 0 0 0 0 0 0 0 0 
scan 140 30 173 0 0 0 0 0 0 0 0 0 
scan 140 30 174 0 0 0 0 0 0 0 0 0 
scan 140 30 175 0 0 0 0 0 0 0 0 0 
scan 140 30 176 0 0 0 0 0 0 0 0 0 
scan 140 30 177 0 0 0 0 0 0 0 0 0 
scan 140 30 178 0 0 0 0 0 0 0 0 0 
scan 140 30 179 0 0 0 0 0 0 0 0 0 
