# cards/mergeScans.py -> lines taken from file cards/ZW/l2j2_wz_330_130.txt
xsec 330 130 0.0959083
scan 330 130 500 0.000492464 0 0 1.23116e-05 1.23116e-05 0 0 3.4699e-07 0
scan 330 130 501 0.000643221 0 0 1.60805e-05 1.60805e-05 0 0 9.52983e-07 0
scan 330 130 502 0.000806097 0 0 2.01524e-05 2.01524e-05 0 0 -7.72632e-07 0
scan 330 130 503 0.00165447 0 0 4.13618e-05 4.13618e-05 0 0 7.96545e-07 0
scan 330 130 504 0.00138877 0 0 3.47193e-05 3.47193e-05 0 0 3.2236e-07 0
# cards/mergeScans.py -> lines taken from file TChiWZ.kit/output/cn_330_130.txt
scan 330 130 0 3.16111e-05 1.94151e-05 1.82507e-05 5.09044e-07 1.14322e-06 0 8.47304e-09 6.32222e-06 1.52419e-06 
scan 330 130 1 8.58828e-05 3.37522e-05 2.86703e-05 2.0974e-06 2.11689e-06 0 3.75823e-07 1.71766e-05 3.6285e-06 
scan 330 130 2 3.84853e-05 2.085e-05 1.92713e-05 8.65555e-07 8.16758e-07 0 7.647e-08 7.69705e-06 1.63472e-06 
scan 330 130 3 4.78237e-05 2.36014e-05 2.14158e-05 1.41077e-06 9.27596e-07 0 8.96187e-08 9.56474e-06 2.01134e-06 
scan 330 130 4 1.85209e-05 1.36482e-05 1.30971e-05 6.16728e-07 2.64905e-07 0 1.02999e-07 3.70418e-06 7.4668e-07 
scan 330 130 5 0 0 0 0 0 0 0 0 0 
scan 330 130 6 0 0 0 0 0 0 0 0 0 
scan 330 130 7 9.3658e-06 9.79085e-06 9.3658e-06 2.64905e-07 1.87316e-07 0 1.34924e-11 2.80974e-06 3.77587e-07 
scan 330 130 8 2.89877e-05 1.89455e-05 1.67601e-05 8.67037e-07 2.64905e-07 0 1.41282e-07 8.6963e-06 1.25075e-06 
scan 330 130 9 0 0 0 0 0 0 0 0 0 
scan 330 130 10 0 0 0 0 0 0 0 0 0 
scan 330 130 11 2.78914e-05 3.22412e-05 1.61036e-05 5.66528e-07 8.00779e-07 0 1.01436e-07 2.78914e-05 1.12446e-06 
scan 330 130 12 9.36573e-06 1.32545e-05 9.36573e-06 2.64903e-07 1.87315e-07 0 4.95634e-11 9.36573e-06 3.77584e-07 
scan 330 130 13 2.91225e-05 3.36745e-05 1.68347e-05 8.12172e-07 4.52221e-07 0 7.48323e-08 2.91225e-05 1.25619e-06 
scan 330 130 14 6.52384e-05 6.98179e-05 2.46583e-05 1.43425e-06 1.20901e-06 0 1.59172e-07 6.52384e-05 2.63012e-06 
scan 330 130 15 0.000711137 0.000168748 8.27821e-05 1.70631e-05 1.3576e-05 0 2.11022e-06 0.000142227 3.024e-05 
scan 330 130 16 0.00118097 0.000266462 0.000106642 2.97889e-05 2.02642e-05 0 4.26355e-06 0.000236193 5.02583e-05 
scan 330 130 17 0.00084821 0.000197006 9.00169e-05 1.99259e-05 1.60706e-05 0 2.62893e-06 0.000169642 3.56026e-05 
scan 330 130 18 0.000613125 0.000148202 7.67445e-05 1.33694e-05 1.34529e-05 0 1.93441e-06 0.000122625 2.59592e-05 
scan 330 130 19 0.000552581 0.000135273 7.26568e-05 1.31036e-05 9.33405e-06 0 2.33257e-06 0.000110516 2.32719e-05 
scan 330 130 20 4.97934e-05 2.69853e-05 2.23135e-05 1.29325e-06 5.75478e-07 0 2.77782e-07 1.4938e-05 2.25571e-06 
scan 330 130 21 0.000289713 0.000102894 5.29801e-05 6.15483e-06 5.76798e-06 0 9.08607e-07 8.69138e-05 1.24257e-05 
scan 330 130 22 0.000356476 0.000123422 5.86922e-05 8.9563e-06 6.2701e-06 0 8.99228e-07 0.000106943 1.52006e-05 
scan 330 130 23 0.000211923 7.88265e-05 4.52501e-05 5.33223e-06 3.6754e-06 0 5.85024e-07 6.35769e-05 9.04106e-06 
scan 330 130 24 0.000200019 7.49401e-05 4.37015e-05 5.00486e-06 3.08371e-06 0 6.73492e-07 6.00058e-05 8.39526e-06 
scan 330 130 25 9.35084e-06 1.32334e-05 9.35084e-06 0 3.23923e-07 0 7.48067e-09 9.35084e-06 3.76984e-07 
scan 330 130 26 0.000342551 0.000347732 5.71545e-05 8.14409e-06 5.85162e-06 0 1.40233e-06 0.000342551 1.43857e-05 
scan 330 130 27 0.000789216 0.000795065 8.72861e-05 1.75893e-05 1.38813e-05 0 2.87653e-06 0.000789216 3.37191e-05 
scan 330 130 28 0.000815292 0.000821182 8.85538e-05 1.59111e-05 1.88462e-05 0 1.55183e-06 0.000815292 3.44489e-05 
scan 330 130 29 0.000848806 0.000854791 9.06104e-05 1.51286e-05 2.1192e-05 0 1.20896e-06 0.000848806 3.61284e-05 
scan 330 130 30 3.74483e-05 2.02617e-05 1.87242e-05 5.61949e-07 1.11864e-06 0 7.48967e-09 7.48966e-06 1.50975e-06 
scan 330 130 31 3.94236e-05 2.13676e-05 1.97494e-05 9.24162e-07 6.29531e-07 0 1.92932e-07 7.88471e-06 1.75465e-06 
scan 330 130 32 3.82692e-05 2.07402e-05 1.91683e-05 1.11179e-06 4.85508e-07 0 1.81765e-07 7.65385e-06 1.62614e-06 
scan 330 130 33 9.36576e-06 9.5642e-06 9.36576e-06 1.87315e-07 2.64904e-07 0 3.30424e-11 1.87315e-06 3.77585e-07 
scan 330 130 34 1.93604e-05 1.42905e-05 1.37069e-05 7.31274e-07 0 0 2.65712e-07 3.87208e-06 8.60826e-07 
scan 330 130 35 0 0 0 0 0 0 0 0 0 
scan 330 130 36 0 0 0 0 0 0 0 0 0 
scan 330 130 37 0 0 0 0 0 0 0 0 0 
scan 330 130 38 0 0 0 0 0 0 0 0 0 
scan 330 130 39 1.87316e-05 1.44225e-05 1.32453e-05 3.74633e-07 5.29811e-07 0 1.03717e-11 5.61949e-06 7.55175e-07 
scan 330 130 40 0 0 0 0 0 0 0 0 0 
scan 330 130 41 0 0 0 0 0 0 0 0 0 
scan 330 130 42 9.23096e-06 1.30639e-05 9.23096e-06 3.1977e-07 0 0 6.64629e-08 9.23096e-06 3.72151e-07 
scan 330 130 43 4.66942e-05 5.1208e-05 2.08826e-05 1.14662e-06 9.82032e-07 0 6.64913e-08 4.66942e-05 1.8825e-06 
scan 330 130 44 1.87017e-05 2.29264e-05 1.32241e-05 0 6.47845e-07 0 1.49613e-08 1.87017e-05 7.53968e-07 
scan 330 130 45 2.92704e-05 1.79868e-05 1.69267e-05 6.79027e-07 8.27892e-07 0 1.97556e-09 5.85408e-06 1.26335e-06 
scan 330 130 46 1.98923e-05 1.46953e-05 1.40913e-05 5.62639e-07 6.78335e-07 0 8.09328e-09 3.97846e-06 8.85269e-07 
scan 330 130 47 9.36577e-06 9.56422e-06 9.36577e-06 2.64904e-07 1.87315e-07 0 2.6434e-11 1.87315e-06 3.77586e-07 
scan 330 130 48 9.36576e-06 9.57383e-06 9.36576e-06 1.87315e-07 5.04362e-07 0 3.30424e-11 1.87315e-06 3.77585e-07 
scan 330 130 49 0 0 0 0 0 0 0 0 0 
scan 330 130 50 0 0 0 0 0 0 0 0 0 
scan 330 130 51 0 0 0 0 0 0 0 0 0 
scan 330 130 52 0 0 0 0 0 0 0 0 0 
scan 330 130 53 0 0 0 0 0 0 0 0 0 
scan 330 130 54 0 0 0 0 0 0 0 0 0 
scan 330 130 55 0 0 0 0 0 0 0 0 0 
scan 330 130 56 9.36582e-06 1.32546e-05 9.36582e-06 1.87316e-07 2.64905e-07 0 4.49747e-12 9.36582e-06 3.77588e-07 
scan 330 130 57 0 0 0 0 0 0 0 0 0 
scan 330 130 58 0 0 0 0 0 0 0 0 0 
scan 330 130 59 0 0 0 0 0 0 0 0 0 
scan 330 130 75 0 0 0 0 0 0 0 0 0 
scan 330 130 76 0 0 0 0 0 0 0 0 0 
scan 330 130 77 0 0 0 0 0 0 0 0 0 
scan 330 130 78 0 0 0 0 0 0 0 0 0 
scan 330 130 79 0 0 0 0 0 0 0 0 0 
scan 330 130 80 0 0 0 0 0 0 0 0 0 
scan 330 130 81 0 0 0 0 0 0 0 0 0 
scan 330 130 82 0 0 0 0 0 0 0 0 0 
scan 330 130 83 0 0 0 0 0 0 0 0 0 
scan 330 130 84 0 0 0 0 0 0 0 0 0 
scan 330 130 85 0 0 0 0 0 0 0 0 0 
scan 330 130 86 0 0 0 0 0 0 0 0 0 
scan 330 130 87 9.36581e-06 1.32546e-05 9.36581e-06 1.87316e-07 2.64905e-07 0 7.67247e-12 9.36581e-06 3.77587e-07 
scan 330 130 88 0 0 0 0 0 0 0 0 0 
scan 330 130 89 9.36582e-06 1.32546e-05 9.36582e-06 1.87316e-07 2.64905e-07 0 4.49747e-12 9.36582e-06 3.77588e-07 
scan 330 130 90 3.5592e-05 1.93233e-05 1.78309e-05 5.32016e-07 7.86326e-07 1.06776e-06 8.22563e-07 7.1184e-06 1.43491e-06 
scan 330 130 91 4.40726e-05 2.18507e-05 1.97392e-05 8.62681e-07 7.91098e-07 1.50773e-06 1.74834e-06 8.81451e-06 1.85011e-06 
scan 330 130 92 0 0 0 0 0 0 0 0 0 
scan 330 130 93 0 0 0 0 0 0 0 0 0 
scan 330 130 94 0 0 0 0 0 0 0 0 0 
scan 330 130 95 0 0 0 0 0 0 0 0 0 
scan 330 130 96 3.96079e-05 2.32602e-05 1.9839e-05 7.92158e-07 7.92158e-07 1.37435e-06 1.04019e-07 1.18824e-05 1.7626e-06 
scan 330 130 97 0 0 0 0 0 0 0 0 0 
scan 330 130 98 0 0 0 0 0 0 0 0 0 
scan 330 130 99 0 0 0 0 0 0 0 0 0 
scan 330 130 100 0 0 0 0 0 0 0 0 0 
scan 330 130 101 1.75619e-05 2.15631e-05 1.24415e-05 3.51237e-07 5.98495e-07 7.13255e-07 5.1735e-07 1.75619e-05 7.08015e-07 
scan 330 130 102 3.6674e-05 4.10878e-05 1.83866e-05 4.19516e-07 7.26973e-07 1.10022e-06 8.99593e-07 3.6674e-05 1.5585e-06 
scan 330 130 103 1.59219e-05 1.95611e-05 1.12655e-05 3.82061e-07 1.64839e-07 4.77657e-07 1.18571e-06 1.59219e-05 6.41899e-07 
scan 330 130 104 1.83111e-05 2.24525e-05 1.295e-05 1.86399e-07 4.40708e-07 5.49334e-07 2.02658e-07 1.83111e-05 7.38222e-07 
scan 330 130 120 0 0 0 0 0 0 0 0 0 
scan 330 130 121 0 0 0 0 0 0 0 0 0 
scan 330 130 122 0 0 0 0 0 0 0 0 0 
scan 330 130 123 0 0 0 0 0 0 0 0 0 
scan 330 130 124 0 0 0 0 0 0 0 0 0 
scan 330 130 125 0 0 0 0 0 0 0 0 0 
scan 330 130 126 0 0 0 0 0 0 0 0 0 
scan 330 130 127 0 0 0 0 0 0 0 0 0 
scan 330 130 128 0 0 0 0 0 0 0 0 0 
scan 330 130 129 0 0 0 0 0 0 0 0 0 
scan 330 130 130 0 0 0 0 0 0 0 0 0 
scan 330 130 131 0 0 0 0 0 0 0 0 0 
scan 330 130 132 0 0 0 0 0 0 0 0 0 
scan 330 130 133 0 0 0 0 0 0 0 0 0 
scan 330 130 134 0 0 0 0 0 0 0 0 0 
scan 330 130 135 9.31993e-06 9.51972e-06 9.31993e-06 1.86399e-07 1.86399e-07 2.79598e-07 2.28338e-08 1.86399e-06 3.75738e-07 
scan 330 130 136 1.0491e-05 1.07195e-05 1.0491e-05 2.09821e-07 2.09821e-07 3.14731e-07 2.5703e-08 2.09821e-06 5.05844e-07 
scan 330 130 137 9.31993e-06 9.51972e-06 9.31993e-06 1.86399e-07 1.86399e-07 2.79598e-07 2.28338e-08 1.86399e-06 3.75738e-07 
scan 330 130 138 0 0 0 0 0 0 0 0 0 
scan 330 130 139 0 0 0 0 0 0 0 0 0 
scan 330 130 140 0 0 0 0 0 0 0 0 0 
scan 330 130 141 0 0 0 0 0 0 0 0 0 
scan 330 130 142 0 0 0 0 0 0 0 0 0 
scan 330 130 143 0 0 0 0 0 0 0 0 0 
scan 330 130 144 0 0 0 0 0 0 0 0 0 
scan 330 130 145 0 0 0 0 0 0 0 0 0 
scan 330 130 146 0 0 0 0 0 0 0 0 0 
scan 330 130 147 1.04752e-05 1.48291e-05 1.04752e-05 2.09504e-07 2.09504e-07 3.14257e-07 3.35207e-08 1.04752e-05 5.05081e-07 
scan 330 130 148 0 0 0 0 0 0 0 0 0 
scan 330 130 149 1.86399e-05 2.28544e-05 1.31804e-05 3.72797e-07 3.72797e-07 5.59196e-07 4.56677e-08 1.86399e-05 7.51475e-07 
scan 330 130 165 0 0 0 0 0 0 0 0 0 
scan 330 130 166 0 0 0 0 0 0 0 0 0 
scan 330 130 167 0 0 0 0 0 0 0 0 0 
scan 330 130 168 0 0 0 0 0 0 0 0 0 
scan 330 130 169 0 0 0 0 0 0 0 0 0 
scan 330 130 170 0 0 0 0 0 0 0 0 0 
scan 330 130 171 0 0 0 0 0 0 0 0 0 
scan 330 130 172 0 0 0 0 0 0 0 0 0 
scan 330 130 173 0 0 0 0 0 0 0 0 0 
scan 330 130 174 0 0 0 0 0 0 0 0 0 
scan 330 130 175 0 0 0 0 0 0 0 0 0 
scan 330 130 176 0 0 0 0 0 0 0 0 0 
scan 330 130 177 0 0 0 0 0 0 0 0 0 
scan 330 130 178 0 0 0 0 0 0 0 0 0 
scan 330 130 179 0 0 0 0 0 0 0 0 0 
