# cards/mergeScans.py -> lines taken from file cards/ZW/l2j2_wz_280_120.txt
xsec 280 120 0.197305
scan 280 120 500 0.000972833 0 0 2.43208e-05 2.43208e-05 0 0 -1.50637e-06 0
scan 280 120 501 0.00175529 0 0 4.38822e-05 4.38822e-05 0 0 1.19331e-06 0
scan 280 120 502 0.00179725 0 0 4.49314e-05 4.49314e-05 0 0 1.56412e-06 0
scan 280 120 503 0.00272858 0 0 6.82146e-05 6.82146e-05 0 0 1.05531e-06 0
scan 280 120 504 0.000632681 0 0 1.5817e-05 1.5817e-05 0 0 1.54971e-06 0
# cards/mergeScans.py -> lines taken from file TChiWZ.kit/output/cn_280_120.txt
scan 280 120 0 0.000127806 6.30283e-05 5.71689e-05 3.23552e-06 2.42397e-06 0 2.3294e-07 2.55611e-05 5.87458e-06 
scan 280 120 1 0.000223681 8.78796e-05 7.45859e-05 5.70689e-06 5.51326e-06 0 6.29247e-07 4.47361e-05 9.75089e-06 
scan 280 120 2 4.857e-05 3.5775e-05 3.43453e-05 9.93004e-07 8.48224e-07 0 2.36344e-07 9.714e-06 2.03151e-06 
scan 280 120 3 2.45253e-05 2.50464e-05 2.45253e-05 6.93679e-07 4.90505e-07 0 3.53311e-11 4.90505e-06 1.0258e-06 
scan 280 120 4 5.18758e-05 3.82395e-05 3.66817e-05 1.25239e-06 1.25239e-06 0 4.98215e-11 1.03752e-05 2.43545e-06 
scan 280 120 5 0 0 0 0 0 0 0 0 0 
scan 280 120 6 0 0 0 0 0 0 0 0 0 
scan 280 120 7 0 0 0 0 0 0 0 0 0 
scan 280 120 8 0 0 0 0 0 0 0 0 0 
scan 280 120 9 0 0 0 0 0 0 0 0 0 
scan 280 120 10 0 0 0 0 0 0 0 0 0 
scan 280 120 11 4.90506e-05 6.01328e-05 3.4684e-05 1.18419e-06 1.18419e-06 0 4.71082e-11 4.90506e-05 2.05161e-06 
scan 280 120 12 0 0 0 0 0 0 0 0 0 
scan 280 120 13 2.45253e-05 3.47096e-05 2.45253e-05 4.90506e-07 6.93681e-07 0 1.17771e-11 2.45253e-05 1.02581e-06 
scan 280 120 14 2.44861e-05 3.46541e-05 2.44861e-05 0 8.48224e-07 0 1.95889e-08 2.44861e-05 1.02417e-06 
scan 280 120 15 0.00231086 0.000535011 0.000239727 5.60861e-05 4.22627e-05 0 7.46073e-06 0.000462171 0.000100883 
scan 280 120 16 0.00371865 0.000827254 0.000303745 8.35017e-05 7.70609e-05 0 9.5647e-06 0.000743729 0.000161099 
scan 280 120 17 0.00220031 0.000511403 0.000233319 5.18568e-05 4.07365e-05 0 7.32327e-06 0.000440063 9.50695e-05 
scan 280 120 18 0.000812142 0.000219428 0.000141421 1.79169e-05 1.51178e-05 0 2.78654e-06 0.000162428 3.47635e-05 
scan 280 120 19 0.000818424 0.000221262 0.000142524 1.24529e-05 2.09232e-05 0 1.77874e-06 0.000163685 3.54244e-05 
scan 280 120 20 0.00024746 0.000108667 7.82703e-05 4.26321e-06 6.33594e-06 0 3.06348e-07 7.42379e-05 1.06141e-05 
scan 280 120 21 0.000894469 0.00031061 0.00014913 1.99942e-05 1.78374e-05 0 1.9567e-06 0.000268341 3.88655e-05 
scan 280 120 22 0.000914788 0.000316594 0.000150435 2.14208e-05 1.57986e-05 0 3.32274e-06 0.000274436 3.95758e-05 
scan 280 120 23 0.000346895 0.000140606 9.27494e-05 8.22418e-06 6.52727e-06 0 1.03504e-06 0.000104068 1.50388e-05 
scan 280 120 24 0.00020077 9.37295e-05 7.10125e-05 4.14997e-06 4.18188e-06 0 5.31292e-07 6.02311e-05 8.92576e-06 
scan 280 120 25 2.45253e-05 3.47095e-05 2.45253e-05 6.93679e-07 4.90505e-07 0 3.53311e-11 2.45253e-05 1.0258e-06 
scan 280 120 26 0.000715638 0.00072885 0.000132927 1.46965e-05 1.61409e-05 0 1.31248e-06 0.000715638 3.05959e-05 
scan 280 120 27 0.00156505 0.00157956 0.000197256 3.47695e-05 2.90525e-05 0 4.77996e-06 0.00156505 6.82348e-05 
scan 280 120 28 0.000968565 0.000982246 0.000155156 2.07549e-05 2.0181e-05 0 2.39412e-06 0.000968565 4.20994e-05 
scan 280 120 29 0.000393316 0.000405945 9.83453e-05 8.65063e-06 8.20651e-06 0 9.40463e-07 0.000393316 1.67138e-05 
scan 280 120 30 0.000123951 6.11072e-05 5.54476e-05 1.49958e-06 3.81718e-06 0 4.39091e-08 2.47903e-05 5.31727e-06 
scan 280 120 31 2.44861e-05 2.50064e-05 2.44861e-05 0 8.48224e-07 0 1.95889e-08 4.89722e-06 1.02417e-06 
scan 280 120 32 5.18345e-05 3.82424e-05 3.66525e-05 1.2513e-06 2.02865e-06 0 2.06764e-08 1.03669e-05 2.43351e-06 
scan 280 120 33 2.58964e-05 2.64525e-05 2.58964e-05 0 8.97079e-07 0 2.07172e-08 5.17929e-06 1.21578e-06 
scan 280 120 34 2.45253e-05 2.50465e-05 2.45253e-05 4.90506e-07 6.93681e-07 0 1.17771e-11 4.90506e-06 1.02581e-06 
scan 280 120 35 0 0 0 0 0 0 0 0 0 
scan 280 120 36 2.37307e-05 2.48121e-05 2.37307e-05 8.22056e-07 0 0 3.84438e-07 7.11922e-06 9.9257e-07 
scan 280 120 37 2.41722e-05 2.52712e-05 2.41722e-05 8.37349e-07 0 0 1.7404e-07 7.25165e-06 1.01103e-06 
scan 280 120 38 2.41722e-05 2.52712e-05 2.41722e-05 8.37349e-07 0 0 1.7404e-07 7.25165e-06 1.01103e-06 
scan 280 120 39 0 0 0 0 0 0 0 0 0 
scan 280 120 40 0 0 0 0 0 0 0 0 0 
scan 280 120 41 0 0 0 0 0 0 0 0 0 
scan 280 120 42 2.40839e-05 3.40856e-05 2.40839e-05 8.3429e-07 0 0 2.16755e-07 2.40839e-05 1.00734e-06 
scan 280 120 43 0 0 0 0 0 0 0 0 0 
scan 280 120 44 0 0 0 0 0 0 0 0 0 
scan 280 120 45 0 0 0 0 0 0 0 0 0 
scan 280 120 46 4.90151e-05 3.61225e-05 3.46589e-05 1.37407e-06 1.18318e-06 0 1.77626e-08 9.80302e-06 2.05012e-06 
scan 280 120 47 2.45253e-05 2.50464e-05 2.45253e-05 6.93679e-07 4.90505e-07 0 3.53311e-11 4.90505e-06 1.0258e-06 
scan 280 120 48 0 0 0 0 0 0 0 0 0 
scan 280 120 49 0 0 0 0 0 0 0 0 0 
scan 280 120 50 0 0 0 0 0 0 0 0 0 
scan 280 120 51 2.59378e-05 2.71221e-05 2.59378e-05 5.18755e-07 7.33631e-07 0 9.15084e-11 7.78133e-06 1.21772e-06 
scan 280 120 52 0 0 0 0 0 0 0 0 0 
scan 280 120 53 0 0 0 0 0 0 0 0 0 
scan 280 120 54 0 0 0 0 0 0 0 0 0 
scan 280 120 55 0 0 0 0 0 0 0 0 0 
scan 280 120 56 0 0 0 0 0 0 0 0 0 
scan 280 120 57 0 0 0 0 0 0 0 0 0 
scan 280 120 58 0 0 0 0 0 0 0 0 0 
scan 280 120 59 0 0 0 0 0 0 0 0 0 
scan 280 120 75 0 0 0 0 0 0 0 0 0 
scan 280 120 76 0 0 0 0 0 0 0 0 0 
scan 280 120 77 0 0 0 0 0 0 0 0 0 
scan 280 120 78 0 0 0 0 0 0 0 0 0 
scan 280 120 79 0 0 0 0 0 0 0 0 0 
scan 280 120 80 0 0 0 0 0 0 0 0 0 
scan 280 120 81 0 0 0 0 0 0 0 0 0 
scan 280 120 82 0 0 0 0 0 0 0 0 0 
scan 280 120 83 0 0 0 0 0 0 0 0 0 
scan 280 120 84 0 0 0 0 0 0 0 0 0 
scan 280 120 85 0 0 0 0 0 0 0 0 0 
scan 280 120 86 0 0 0 0 0 0 0 0 0 
scan 280 120 87 0 0 0 0 0 0 0 0 0 
scan 280 120 88 0 0 0 0 0 0 0 0 0 
scan 280 120 89 0 0 0 0 0 0 0 0 0 
scan 280 120 90 0.000116525 5.77815e-05 5.22267e-05 2.18749e-06 1.67976e-06 4.40925e-06 3.84494e-06 2.33051e-05 5.11029e-06 
scan 280 120 91 0.000111225 5.52342e-05 4.98017e-05 1.96184e-06 3.18752e-06 3.82485e-06 5.04825e-06 2.2245e-05 4.65213e-06 
scan 280 120 92 2.28254e-05 2.33612e-05 2.28254e-05 6.456e-07 0 6.84762e-07 1.36952e-06 4.56508e-06 1.0716e-06 
scan 280 120 93 0 0 0 0 0 0 0 0 0 
scan 280 120 94 0 0 0 0 0 0 0 0 0 
scan 280 120 95 0 0 0 0 0 0 0 0 0 
scan 280 120 96 0 0 0 0 0 0 0 0 0 
scan 280 120 97 0 0 0 0 0 0 0 0 0 
scan 280 120 98 0 0 0 0 0 0 0 0 0 
scan 280 120 99 0 0 0 0 0 0 0 0 0 
scan 280 120 100 0 0 0 0 0 0 0 0 0 
scan 280 120 101 2.15823e-05 3.05757e-05 2.15823e-05 6.1044e-07 0 6.47469e-07 1.29494e-06 2.15823e-05 9.0271e-07 
scan 280 120 102 4.12026e-05 5.06556e-05 2.91676e-05 1.16538e-06 0 1.62848e-06 3.25697e-06 4.12026e-05 1.72335e-06 
scan 280 120 103 4.77493e-05 5.85815e-05 3.37722e-05 4.88103e-07 1.14838e-06 1.92058e-06 1.227e-06 4.77493e-05 2.11673e-06 
scan 280 120 104 0 0 0 0 0 0 0 0 0 
scan 280 120 120 0 0 0 0 0 0 0 0 0 
scan 280 120 121 0 0 0 0 0 0 0 0 0 
scan 280 120 122 0 0 0 0 0 0 0 0 0 
scan 280 120 123 0 0 0 0 0 0 0 0 0 
scan 280 120 124 0 0 0 0 0 0 0 0 0 
scan 280 120 125 0 0 0 0 0 0 0 0 0 
scan 280 120 126 0 0 0 0 0 0 0 0 0 
scan 280 120 127 0 0 0 0 0 0 0 0 0 
scan 280 120 128 0 0 0 0 0 0 0 0 0 
scan 280 120 129 0 0 0 0 0 0 0 0 0 
scan 280 120 130 0 0 0 0 0 0 0 0 0 
scan 280 120 131 0 0 0 0 0 0 0 0 0 
scan 280 120 132 0 0 0 0 0 0 0 0 0 
scan 280 120 133 0 0 0 0 0 0 0 0 0 
scan 280 120 134 0 0 0 0 0 0 0 0 0 
scan 280 120 135 0 0 0 0 0 0 0 0 0 
scan 280 120 136 4.44077e-05 3.29483e-05 3.14133e-05 8.88154e-07 2.22038e-06 1.78874e-06 2.66446e-06 8.88154e-06 1.97431e-06 
scan 280 120 137 0 0 0 0 0 0 0 0 0 
scan 280 120 138 0 0 0 0 0 0 0 0 0 
scan 280 120 139 0 0 0 0 0 0 0 0 0 
scan 280 120 140 0 0 0 0 0 0 0 0 0 
scan 280 120 141 2.58108e-05 2.70153e-05 2.58108e-05 5.16217e-07 5.16217e-07 1.29054e-06 6.32366e-08 7.74325e-06 1.21176e-06 
scan 280 120 142 0 0 0 0 0 0 0 0 0 
scan 280 120 143 0 0 0 0 0 0 0 0 0 
scan 280 120 144 0 0 0 0 0 0 0 0 0 
scan 280 120 145 0 0 0 0 0 0 0 0 0 
scan 280 120 146 0 0 0 0 0 0 0 0 0 
scan 280 120 147 0 0 0 0 0 0 0 0 0 
scan 280 120 148 9.75839e-05 0.000109253 4.8792e-05 1.95168e-06 1.95168e-06 2.92752e-06 2.57357e-07 9.75839e-05 4.08158e-06 
scan 280 120 149 0 0 0 0 0 0 0 0 0 
scan 280 120 165 0 0 0 0 0 0 0 0 0 
scan 280 120 166 0 0 0 0 0 0 0 0 0 
scan 280 120 167 0 0 0 0 0 0 0 0 0 
scan 280 120 168 0 0 0 0 0 0 0 0 0 
scan 280 120 169 0 0 0 0 0 0 0 0 0 
scan 280 120 170 0 0 0 0 0 0 0 0 0 
scan 280 120 171 0 0 0 0 0 0 0 0 0 
scan 280 120 172 0 0 0 0 0 0 0 0 0 
scan 280 120 173 0 0 0 0 0 0 0 0 0 
scan 280 120 174 0 0 0 0 0 0 0 0 0 
scan 280 120 175 0 0 0 0 0 0 0 0 0 
scan 280 120 176 0 0 0 0 0 0 0 0 0 
scan 280 120 177 0 0 0 0 0 0 0 0 0 
scan 280 120 178 0 0 0 0 0 0 0 0 0 
scan 280 120 179 0 0 0 0 0 0 0 0 0 
