# cards/mergeScans.py -> lines taken from file cards/ZW/l2j2_wz_310_30.txt
xsec 310 30 0.126659
scan 310 30 500 0.000414945 0 0 1.03736e-05 1.03736e-05 0 0 1.05663e-06 0
scan 310 30 501 0.000785136 0 0 1.96284e-05 1.96284e-05 0 0 -4.40796e-07 0
scan 310 30 502 0.00149561 0 0 3.73902e-05 3.73902e-05 0 0 4.4836e-07 0
scan 310 30 503 0.00231414 0 0 5.78534e-05 5.78534e-05 0 0 -8.63788e-08 0
scan 310 30 504 0.00253054 0 0 6.32634e-05 6.32634e-05 0 0 9.34438e-07 0
# cards/mergeScans.py -> lines taken from file TChiWZ.kit/output/cn_310_30.txt
scan 310 30 0 2.69819e-05 2.75628e-05 2.69819e-05 9.3468e-07 0 0 1.9427e-07 5.39638e-06 1.28663e-06 
scan 310 30 1 0.000129951 6.41328e-05 5.81708e-05 2.50201e-06 3.62654e-06 0 5.01784e-08 2.59901e-05 5.85353e-06 
scan 310 30 2 2.69819e-05 2.75628e-05 2.69819e-05 9.3468e-07 0 0 1.9427e-07 5.39638e-06 1.28663e-06 
scan 310 30 3 2.47383e-05 2.52659e-05 2.47383e-05 8.5696e-07 0 0 1.78116e-07 4.94766e-06 1.06675e-06 
scan 310 30 4 2.50997e-05 2.56344e-05 2.50997e-05 5.01995e-07 7.09928e-07 0 1.20529e-11 5.01995e-06 1.08234e-06 
scan 310 30 5 0 0 0 0 0 0 0 0 0 
scan 310 30 6 0 0 0 0 0 0 0 0 0 
scan 310 30 7 0 0 0 0 0 0 0 0 0 
scan 310 30 8 2.72666e-05 2.85399e-05 2.72666e-05 0 1.56635e-06 0 5.45332e-08 8.17998e-06 1.30021e-06 
scan 310 30 9 5.01192e-05 3.8597e-05 3.54396e-05 0 1.73618e-06 0 4.00954e-08 1.50358e-05 2.16121e-06 
scan 310 30 10 0 0 0 0 0 0 0 0 0 
scan 310 30 11 2.50998e-05 3.55236e-05 2.50998e-05 8.69481e-07 0 0 2.12613e-14 2.50998e-05 1.08234e-06 
scan 310 30 12 4.97472e-05 6.09887e-05 3.5178e-05 1.56374e-06 5.01984e-07 0 2.22108e-07 4.97472e-05 2.14517e-06 
scan 310 30 13 2.73323e-05 3.86873e-05 2.73323e-05 0 9.46818e-07 0 2.18658e-08 2.73323e-05 1.30334e-06 
scan 310 30 14 9.99069e-05 0.000111822 4.99549e-05 2.06575e-06 2.08001e-06 0 2.41939e-07 9.99069e-05 4.30813e-06 
scan 310 30 15 0.000685725 0.000193979 0.000132047 1.67758e-05 1.36772e-05 0 1.64687e-06 0.000137145 3.019e-05 
scan 310 30 16 0.00109896 0.000282967 0.000167722 2.93722e-05 1.91241e-05 0 3.74871e-06 0.000219792 4.88753e-05 
scan 310 30 17 0.00130672 0.000327205 0.000183133 3.14914e-05 2.88217e-05 0 3.68593e-06 0.000261344 5.82113e-05 
scan 310 30 18 0.000734185 0.000204306 0.000136418 1.91988e-05 1.23726e-05 0 2.50189e-06 0.000146837 3.22797e-05 
scan 310 30 19 0.00102447 0.000267145 0.000162103 2.1854e-05 2.34669e-05 0 2.24127e-06 0.000204894 4.55412e-05 
scan 310 30 20 5.24757e-05 4.04498e-05 3.71408e-05 1.25745e-06 1.2763e-06 0 8.39871e-11 1.57427e-05 2.38776e-06 
scan 310 30 21 0.00039058 0.000156106 0.000100963 7.25329e-06 8.86346e-06 0 9.0641e-07 0.000117174 1.77163e-05 
scan 310 30 22 0.000612935 0.00022487 0.000125216 1.06644e-05 1.48525e-05 0 1.5343e-06 0.00018388 2.71778e-05 
scan 310 30 23 0.000306173 0.000128517 8.84447e-05 6.25432e-06 5.75265e-06 0 9.122e-07 9.18519e-05 1.35738e-05 
scan 310 30 24 0.000464875 0.000179315 0.000109707 1.38272e-05 5.33052e-06 0 2.51001e-06 0.000139462 2.10403e-05 
scan 310 30 25 2.68833e-05 3.80525e-05 2.68833e-05 9.31266e-07 0 0 2.4195e-07 2.68833e-05 1.28193e-06 
scan 310 30 26 0.000231085 0.000243924 7.70961e-05 5.55099e-06 4.06199e-06 0 8.04295e-07 0.000231085 1.03365e-05 
scan 310 30 27 0.00118574 0.00120027 0.000174994 2.3954e-05 2.52771e-05 0 2.59025e-06 0.00118574 5.31238e-05 
scan 310 30 28 0.00115266 0.00116704 0.000171971 1.98338e-05 2.75504e-05 0 2.04105e-06 0.00115266 5.12009e-05 
scan 310 30 29 0.00180451 0.00181999 0.000215868 3.98248e-05 3.66171e-05 0 4.61282e-06 0.00180451 8.09161e-05 
scan 310 30 30 2.50996e-05 2.56343e-05 2.50996e-05 7.09924e-07 5.01992e-07 0 7.08411e-11 5.01992e-06 1.08233e-06 
scan 310 30 31 5.01593e-05 3.6955e-05 3.5468e-05 7.09926e-07 1.37008e-06 0 2.00838e-08 1.00319e-05 2.16294e-06 
scan 310 30 32 0 0 0 0 0 0 0 0 0 
scan 310 30 33 2.7376e-05 2.79648e-05 2.7376e-05 7.74311e-07 5.4752e-07 0 3.94379e-11 5.4752e-06 1.30543e-06 
scan 310 30 34 0 0 0 0 0 0 0 0 0 
scan 310 30 35 0 0 0 0 0 0 0 0 0 
scan 310 30 36 2.50997e-05 2.62416e-05 2.50997e-05 5.01995e-07 7.09928e-07 0 1.20529e-11 7.52992e-06 1.08234e-06 
scan 310 30 37 2.50997e-05 2.62416e-05 2.50997e-05 5.01995e-07 7.09928e-07 0 1.20529e-11 7.52992e-06 1.08234e-06 
scan 310 30 38 0 0 0 0 0 0 0 0 0 
scan 310 30 39 5.24757e-05 4.04509e-05 3.71408e-05 1.48424e-06 1.04951e-06 0 8.66654e-11 1.57427e-05 2.38776e-06 
scan 310 30 40 0 0 0 0 0 0 0 0 0 
scan 310 30 41 2.72666e-05 3.85943e-05 2.72666e-05 0 9.44542e-07 0 5.45332e-08 2.72666e-05 1.30021e-06 
scan 310 30 42 2.50596e-05 3.54667e-05 2.50596e-05 0 8.6809e-07 0 2.00477e-08 2.50596e-05 1.0806e-06 
scan 310 30 43 0 0 0 0 0 0 0 0 0 
scan 310 30 44 5.1983e-05 6.37459e-05 3.67792e-05 1.64119e-06 5.01994e-07 0 2.41986e-07 5.1983e-05 2.36427e-06 
scan 310 30 45 0 0 0 0 0 0 0 0 0 
scan 310 30 46 0 0 0 0 0 0 0 0 0 
scan 310 30 47 0 0 0 0 0 0 0 0 0 
scan 310 30 48 0 0 0 0 0 0 0 0 0 
scan 310 30 49 0 0 0 0 0 0 0 0 0 
scan 310 30 50 0 0 0 0 0 0 0 0 0 
scan 310 30 51 0 0 0 0 0 0 0 0 0 
scan 310 30 52 0 0 0 0 0 0 0 0 0 
scan 310 30 53 0 0 0 0 0 0 0 0 0 
scan 310 30 54 0 0 0 0 0 0 0 0 0 
scan 310 30 55 0 0 0 0 0 0 0 0 0 
scan 310 30 56 0 0 0 0 0 0 0 0 0 
scan 310 30 57 0 0 0 0 0 0 0 0 0 
scan 310 30 58 0 0 0 0 0 0 0 0 0 
scan 310 30 59 0 0 0 0 0 0 0 0 0 
scan 310 30 75 0 0 0 0 0 0 0 0 0 
scan 310 30 76 0 0 0 0 0 0 0 0 0 
scan 310 30 77 0 0 0 0 0 0 0 0 0 
scan 310 30 78 0 0 0 0 0 0 0 0 0 
scan 310 30 79 0 0 0 0 0 0 0 0 0 
scan 310 30 80 0 0 0 0 0 0 0 0 0 
scan 310 30 81 0 0 0 0 0 0 0 0 0 
scan 310 30 82 0 0 0 0 0 0 0 0 0 
scan 310 30 83 0 0 0 0 0 0 0 0 0 
scan 310 30 84 0 0 0 0 0 0 0 0 0 
scan 310 30 85 0 0 0 0 0 0 0 0 0 
scan 310 30 86 0 0 0 0 0 0 0 0 0 
scan 310 30 87 2.50997e-05 3.55235e-05 2.50997e-05 5.01994e-07 7.09927e-07 0 1.57425e-11 2.50997e-05 1.08234e-06 
scan 310 30 88 0 0 0 0 0 0 0 0 0 
scan 310 30 89 0 0 0 0 0 0 0 0 0 
scan 310 30 90 2.40958e-05 2.46197e-05 2.40958e-05 0 6.81531e-07 7.22873e-07 4.81915e-07 4.81915e-06 1.03904e-06 
scan 310 30 91 0 0 0 0 0 0 0 0 0 
scan 310 30 92 0 0 0 0 0 0 0 0 0 
scan 310 30 93 0 0 0 0 0 0 0 0 0 
scan 310 30 94 0 0 0 0 0 0 0 0 0 
scan 310 30 95 0 0 0 0 0 0 0 0 0 
scan 310 30 96 0 0 0 0 0 0 0 0 0 
scan 310 30 97 0 0 0 0 0 0 0 0 0 
scan 310 30 98 0 0 0 0 0 0 0 0 0 
scan 310 30 99 0 0 0 0 0 0 0 0 0 
scan 310 30 100 0 0 0 0 0 0 0 0 0 
scan 310 30 101 4.21676e-05 5.18326e-05 2.98508e-05 1.19268e-06 0 1.26503e-06 3.33325e-06 4.21676e-05 1.81833e-06 
scan 310 30 102 0 0 0 0 0 0 0 0 0 
scan 310 30 103 2.25898e-05 3.19951e-05 2.25898e-05 0 6.38935e-07 6.77693e-07 1.12949e-06 2.25898e-05 9.74103e-07 
scan 310 30 104 0 0 0 0 0 0 0 0 0 
scan 310 30 120 0 0 0 0 0 0 0 0 0 
scan 310 30 121 0 0 0 0 0 0 0 0 0 
scan 310 30 122 0 0 0 0 0 0 0 0 0 
scan 310 30 123 0 0 0 0 0 0 0 0 0 
scan 310 30 124 0 0 0 0 0 0 0 0 0 
scan 310 30 125 0 0 0 0 0 0 0 0 0 
scan 310 30 126 0 0 0 0 0 0 0 0 0 
scan 310 30 127 0 0 0 0 0 0 0 0 0 
scan 310 30 128 0 0 0 0 0 0 0 0 0 
scan 310 30 129 0 0 0 0 0 0 0 0 0 
scan 310 30 130 0 0 0 0 0 0 0 0 0 
scan 310 30 131 0 0 0 0 0 0 0 0 0 
scan 310 30 132 0 0 0 0 0 0 0 0 0 
scan 310 30 133 0 0 0 0 0 0 0 0 0 
scan 310 30 134 0 0 0 0 0 0 0 0 0 
scan 310 30 135 0 0 0 0 0 0 0 0 0 
scan 310 30 136 2.49391e-05 2.54766e-05 2.49391e-05 4.98782e-07 4.98782e-07 7.48173e-07 7.98052e-08 4.98782e-06 1.07541e-06 
scan 310 30 137 2.49391e-05 2.54766e-05 2.49391e-05 4.98782e-07 4.98782e-07 7.48173e-07 7.98052e-08 4.98782e-06 1.07541e-06 
scan 310 30 138 0 0 0 0 0 0 0 0 0 
scan 310 30 139 0 0 0 0 0 0 0 0 0 
scan 310 30 140 0 0 0 0 0 0 0 0 0 
scan 310 30 141 0 0 0 0 0 0 0 0 0 
scan 310 30 142 0 0 0 0 0 0 0 0 0 
scan 310 30 143 0 0 0 0 0 0 0 0 0 
scan 310 30 144 0 0 0 0 0 0 0 0 0 
scan 310 30 145 0 0 0 0 0 0 0 0 0 
scan 310 30 146 0 0 0 0 0 0 0 0 0 
scan 310 30 147 0 0 0 0 0 0 0 0 0 
scan 310 30 148 0 0 0 0 0 0 0 0 0 
scan 310 30 149 0 0 0 0 0 0 0 0 0 
scan 310 30 165 0 0 0 0 0 0 0 0 0 
scan 310 30 166 0 0 0 0 0 0 0 0 0 
scan 310 30 167 0 0 0 0 0 0 0 0 0 
scan 310 30 168 0 0 0 0 0 0 0 0 0 
scan 310 30 169 0 0 0 0 0 0 0 0 0 
scan 310 30 170 0 0 0 0 0 0 0 0 0 
scan 310 30 171 0 0 0 0 0 0 0 0 0 
scan 310 30 172 0 0 0 0 0 0 0 0 0 
scan 310 30 173 0 0 0 0 0 0 0 0 0 
scan 310 30 174 0 0 0 0 0 0 0 0 0 
scan 310 30 175 0 0 0 0 0 0 0 0 0 
scan 310 30 176 0 0 0 0 0 0 0 0 0 
scan 310 30 177 0 0 0 0 0 0 0 0 0 
scan 310 30 178 0 0 0 0 0 0 0 0 0 
scan 310 30 179 0 0 0 0 0 0 0 0 0 
