# cards/mergeScans.py -> lines taken from file cards/ZW/l2j2_wz_330_110.txt
xsec 330 110 0.0959083
scan 330 110 500 0.000546109 0 0 1.36527e-05 1.36527e-05 0 0 -3.85031e-07 0
scan 330 110 501 0.0005939 0 0 1.48475e-05 1.48475e-05 0 0 1.16846e-06 0
scan 330 110 502 0.00109491 0 0 2.73728e-05 2.73728e-05 0 0 7.12113e-09 0
scan 330 110 503 0.00121688 0 0 3.0422e-05 3.0422e-05 0 0 6.54997e-07 0
scan 330 110 504 0.00203512 0 0 5.08781e-05 5.08781e-05 0 0 2.06061e-07 0
# cards/mergeScans.py -> lines taken from file TChiWZ.kit/output/cn_330_110.txt
scan 330 110 0 1.88968e-05 1.93019e-05 1.88968e-05 6.81335e-07 3.77937e-07 0 1.00002e-10 3.77937e-06 7.61835e-07 
scan 330 110 1 0 0 0 0 0 0 0 0 0 
scan 330 110 2 3.92063e-05 2.89258e-05 2.77575e-05 1.22732e-06 4.11628e-07 0 1.34129e-07 7.84126e-06 1.74324e-06 
scan 330 110 3 1.8897e-05 1.93021e-05 1.8897e-05 7.79145e-07 0 0 1.5047e-13 3.77941e-06 7.61843e-07 
scan 330 110 4 3.94594e-05 2.91275e-05 2.7928e-05 1.11608e-06 1.35553e-06 0 9.54416e-09 7.89188e-06 1.75344e-06 
scan 330 110 5 0 0 0 0 0 0 0 0 0 
scan 330 110 6 0 0 0 0 0 0 0 0 0 
scan 330 110 7 0 0 0 0 0 0 0 0 0 
scan 330 110 8 1.86249e-05 1.94706e-05 1.86249e-05 6.45186e-07 0 0 1.34099e-07 5.58748e-06 7.50873e-07 
scan 330 110 9 0 0 0 0 0 0 0 0 0 
scan 330 110 10 0 0 0 0 0 0 0 0 0 
scan 330 110 11 1.88968e-05 2.6743e-05 1.88968e-05 3.77936e-07 5.34482e-07 0 1.14586e-10 1.88968e-05 7.61834e-07 
scan 330 110 12 1.8897e-05 2.67433e-05 1.8897e-05 3.7794e-07 5.34488e-07 0 9.07435e-12 1.8897e-05 7.61843e-07 
scan 330 110 13 3.94482e-05 4.83762e-05 2.79204e-05 5.8213e-07 1.06519e-06 0 1.51231e-08 3.94482e-05 1.75299e-06 
scan 330 110 14 5.83451e-05 6.74582e-05 3.37141e-05 9.46112e-07 1.61363e-06 0 1.52033e-08 5.83451e-05 2.51483e-06 
scan 330 110 15 0.000481546 0.000138679 9.63828e-05 9.90662e-06 1.2037e-05 0 1.30726e-06 9.63092e-05 2.0544e-05 
scan 330 110 16 0.00154407 0.000362142 0.000171664 3.6755e-05 2.73041e-05 0 5.819e-06 0.000308814 6.46656e-05 
scan 330 110 17 0.00106069 0.000262015 0.000143144 2.66097e-05 1.96721e-05 0 2.75429e-06 0.000212137 4.53538e-05 
scan 330 110 18 0.000657857 0.000176857 0.000112914 1.47823e-05 1.39909e-05 0 1.56274e-06 0.000131571 2.83005e-05 
scan 330 110 19 0.000549366 0.000152542 0.000102045 1.25339e-05 1.05526e-05 0 1.81685e-06 0.000109873 2.26274e-05 
scan 330 110 20 4.04961e-05 3.12002e-05 2.86351e-05 1.40282e-06 0 0 3.27951e-07 1.21488e-05 1.95259e-06 
scan 330 110 21 0.000190956 8.38299e-05 6.04328e-05 4.06766e-06 3.48894e-06 0 6.8022e-07 5.72868e-05 8.02372e-06 
scan 330 110 22 0.000305716 0.000120426 7.64761e-05 6.59657e-06 5.82143e-06 0 8.3155e-07 9.17147e-05 1.28103e-05 
scan 330 110 23 0.000229181 9.61596e-05 6.61997e-05 4.75417e-06 4.77774e-06 0 4.70254e-07 6.87542e-05 9.56477e-06 
scan 330 110 24 0.00024971 0.000102883 6.93103e-05 4.92413e-06 5.74789e-06 0 4.96215e-07 7.4913e-05 1.05548e-05 
scan 330 110 25 0 0 0 0 0 0 0 0 0 
scan 330 110 26 0.000248198 0.000257891 6.88594e-05 5.04997e-06 5.61041e-06 0 4.08956e-07 0.000248198 1.03256e-05 
scan 330 110 27 0.000787979 0.000798589 0.000123154 1.68006e-05 1.63056e-05 0 1.79199e-06 0.000787979 3.33882e-05 
scan 330 110 28 0.000961577 0.000972438 0.000136086 2.06325e-05 1.95932e-05 0 2.54305e-06 0.000961577 4.08659e-05 
scan 330 110 29 0.00107768 0.00108871 0.000144132 2.41011e-05 2.0115e-05 0 3.68271e-06 0.00107768 4.60338e-05 
scan 330 110 30 1.8897e-05 1.92974e-05 1.8897e-05 3.7794e-07 5.34488e-07 0 9.07435e-12 3.7794e-06 7.61843e-07 
scan 330 110 31 1.8897e-05 1.92974e-05 1.8897e-05 3.7794e-07 5.34488e-07 0 9.07435e-12 3.7794e-06 7.61843e-07 
scan 330 110 32 0 0 0 0 0 0 0 0 0 
scan 330 110 33 3.77638e-05 2.78166e-05 2.6703e-05 5.34487e-07 1.0315e-06 0 1.5129e-08 7.55275e-06 1.52246e-06 
scan 330 110 34 0 0 0 0 0 0 0 0 0 
scan 330 110 35 0 0 0 0 0 0 0 0 0 
scan 330 110 36 0 0 0 0 0 0 0 0 0 
scan 330 110 37 0 0 0 0 0 0 0 0 0 
scan 330 110 38 1.86249e-05 1.94706e-05 1.86249e-05 6.45186e-07 0 0 1.34099e-07 5.58748e-06 7.50873e-07 
scan 330 110 39 0 0 0 0 0 0 0 0 0 
scan 330 110 40 0 0 0 0 0 0 0 0 0 
scan 330 110 41 0 0 0 0 0 0 0 0 0 
scan 330 110 42 0 0 0 0 0 0 0 0 0 
scan 330 110 43 0 0 0 0 0 0 0 0 0 
scan 330 110 44 1.86249e-05 2.63586e-05 1.86249e-05 6.45186e-07 0 0 1.34099e-07 1.86249e-05 7.50873e-07 
scan 330 110 45 0 0 0 0 0 0 0 0 0 
scan 330 110 46 0 0 0 0 0 0 0 0 0 
scan 330 110 47 1.8897e-05 1.92974e-05 1.8897e-05 5.34487e-07 3.77939e-07 0 3.55565e-11 3.77939e-06 7.6184e-07 
scan 330 110 48 0 0 0 0 0 0 0 0 0 
scan 330 110 49 0 0 0 0 0 0 0 0 0 
scan 330 110 50 0 0 0 0 0 0 0 0 0 
scan 330 110 51 0 0 0 0 0 0 0 0 0 
scan 330 110 52 0 0 0 0 0 0 0 0 0 
scan 330 110 53 0 0 0 0 0 0 0 0 0 
scan 330 110 54 0 0 0 0 0 0 0 0 0 
scan 330 110 55 0 0 0 0 0 0 0 0 0 
scan 330 110 56 1.8897e-05 2.67432e-05 1.8897e-05 5.34487e-07 3.7794e-07 0 2.7223e-11 1.8897e-05 7.61841e-07 
scan 330 110 57 0 0 0 0 0 0 0 0 0 
scan 330 110 58 0 0 0 0 0 0 0 0 0 
scan 330 110 59 0 0 0 0 0 0 0 0 0 
scan 330 110 75 0 0 0 0 0 0 0 0 0 
scan 330 110 76 0 0 0 0 0 0 0 0 0 
scan 330 110 77 0 0 0 0 0 0 0 0 0 
scan 330 110 78 0 0 0 0 0 0 0 0 0 
scan 330 110 79 0 0 0 0 0 0 0 0 0 
scan 330 110 80 0 0 0 0 0 0 0 0 0 
scan 330 110 81 0 0 0 0 0 0 0 0 0 
scan 330 110 82 0 0 0 0 0 0 0 0 0 
scan 330 110 83 0 0 0 0 0 0 0 0 0 
scan 330 110 84 0 0 0 0 0 0 0 0 0 
scan 330 110 85 0 0 0 0 0 0 0 0 0 
scan 330 110 86 0 0 0 0 0 0 0 0 0 
scan 330 110 87 0 0 0 0 0 0 0 0 0 
scan 330 110 88 0 0 0 0 0 0 0 0 0 
scan 330 110 89 0 0 0 0 0 0 0 0 0 
scan 330 110 90 8.46587e-05 4.20595e-05 3.78847e-05 1.46811e-06 2.00975e-06 3.20494e-06 4.35388e-06 1.69317e-05 3.41306e-06 
scan 330 110 91 1.97582e-05 2.02078e-05 1.97582e-05 0 5.58846e-07 9.87909e-07 3.95164e-07 3.95164e-06 9.52676e-07 
scan 330 110 92 0 0 0 0 0 0 0 0 0 
scan 330 110 93 0 0 0 0 0 0 0 0 0 
scan 330 110 94 0 0 0 0 0 0 0 0 0 
scan 330 110 95 0 0 0 0 0 0 0 0 0 
scan 330 110 96 0 0 0 0 0 0 0 0 0 
scan 330 110 97 0 0 0 0 0 0 0 0 0 
scan 330 110 98 0 0 0 0 0 0 0 0 0 
scan 330 110 99 0 0 0 0 0 0 0 0 0 
scan 330 110 100 0 0 0 0 0 0 0 0 0 
scan 330 110 101 1.66294e-05 2.35582e-05 1.66294e-05 4.7035e-07 0 4.98882e-07 9.97764e-07 1.66294e-05 6.70422e-07 
scan 330 110 102 3.54055e-05 4.34715e-05 2.50814e-05 8.45872e-07 3.75522e-07 1.77027e-06 1.05785e-06 3.54055e-05 1.42739e-06 
scan 330 110 103 2.04806e-05 2.89931e-05 2.04806e-05 4.09612e-07 4.09612e-07 6.14418e-07 5.01775e-08 2.04806e-05 9.87508e-07 
scan 330 110 104 0 0 0 0 0 0 0 0 0 
scan 330 110 120 0 0 0 0 0 0 0 0 0 
scan 330 110 121 0 0 0 0 0 0 0 0 0 
scan 330 110 122 0 0 0 0 0 0 0 0 0 
scan 330 110 123 0 0 0 0 0 0 0 0 0 
scan 330 110 124 0 0 0 0 0 0 0 0 0 
scan 330 110 125 0 0 0 0 0 0 0 0 0 
scan 330 110 126 0 0 0 0 0 0 0 0 0 
scan 330 110 127 0 0 0 0 0 0 0 0 0 
scan 330 110 128 0 0 0 0 0 0 0 0 0 
scan 330 110 129 0 0 0 0 0 0 0 0 0 
scan 330 110 130 0 0 0 0 0 0 0 0 0 
scan 330 110 131 0 0 0 0 0 0 0 0 0 
scan 330 110 132 0 0 0 0 0 0 0 0 0 
scan 330 110 133 0 0 0 0 0 0 0 0 0 
scan 330 110 134 0 0 0 0 0 0 0 0 0 
scan 330 110 135 3.92542e-05 2.89869e-05 2.77813e-05 7.85083e-07 7.85083e-07 1.58662e-06 1.1151e-07 7.85083e-06 1.74413e-06 
scan 330 110 136 3.76089e-05 2.77219e-05 2.65935e-05 7.52178e-07 7.52178e-07 1.12827e-06 9.21418e-08 7.52178e-06 1.51622e-06 
scan 330 110 137 1.81117e-05 1.85565e-05 1.81117e-05 5.4335e-07 3.62233e-07 9.05584e-07 1.0867e-06 3.62233e-06 8.73287e-07 
scan 330 110 138 0 0 0 0 0 0 0 0 0 
scan 330 110 139 0 0 0 0 0 0 0 0 0 
scan 330 110 140 0 0 0 0 0 0 0 0 0 
scan 330 110 141 0 0 0 0 0 0 0 0 0 
scan 330 110 142 0 0 0 0 0 0 0 0 0 
scan 330 110 143 0 0 0 0 0 0 0 0 0 
scan 330 110 144 0 0 0 0 0 0 0 0 0 
scan 330 110 145 0 0 0 0 0 0 0 0 0 
scan 330 110 146 0 0 0 0 0 0 0 0 0 
scan 330 110 147 0 0 0 0 0 0 0 0 0 
scan 330 110 148 0 0 0 0 0 0 0 0 0 
scan 330 110 149 1.88044e-05 2.66156e-05 1.88044e-05 3.76089e-07 3.76089e-07 5.64133e-07 4.60709e-08 1.88044e-05 7.5811e-07 
scan 330 110 165 0 0 0 0 0 0 0 0 0 
scan 330 110 166 0 0 0 0 0 0 0 0 0 
scan 330 110 167 0 0 0 0 0 0 0 0 0 
scan 330 110 168 0 0 0 0 0 0 0 0 0 
scan 330 110 169 0 0 0 0 0 0 0 0 0 
scan 330 110 170 0 0 0 0 0 0 0 0 0 
scan 330 110 171 0 0 0 0 0 0 0 0 0 
scan 330 110 172 0 0 0 0 0 0 0 0 0 
scan 330 110 173 0 0 0 0 0 0 0 0 0 
scan 330 110 174 0 0 0 0 0 0 0 0 0 
scan 330 110 175 0 0 0 0 0 0 0 0 0 
scan 330 110 176 0 0 0 0 0 0 0 0 0 
scan 330 110 177 0 0 0 0 0 0 0 0 0 
scan 330 110 178 0 0 0 0 0 0 0 0 0 
scan 330 110 179 0 0 0 0 0 0 0 0 0 
