# cards/mergeScans.py -> lines taken from file cards/ZW/l2j2_wz_340_140.txt
xsec 340 140 0.0840923
scan 340 140 500 0.000896533 0 0 2.24133e-05 2.24133e-05 0 0 -5.66637e-08 0
scan 340 140 501 0.000620055 0 0 1.55014e-05 1.55014e-05 0 0 -2.83761e-07 0
scan 340 140 502 0.00101704 0 0 2.5426e-05 2.5426e-05 0 0 -7.4825e-09 0
scan 340 140 503 0.00122056 0 0 3.05139e-05 3.05139e-05 0 0 7.69137e-07 0
scan 340 140 504 0.00132089 0 0 3.30222e-05 3.30222e-05 0 0 -3.39626e-07 0
# cards/mergeScans.py -> lines taken from file TChiWZ.kit/output/cn_340_140.txt
scan 340 140 0 2.55277e-05 1.56717e-05 1.47475e-05 5.34351e-07 7.34444e-07 0 1.07151e-07 5.10554e-06 1.10006e-06 
scan 340 140 1 4.37874e-05 2.16008e-05 1.96009e-05 8.36562e-07 1.02777e-06 0 1.14439e-07 8.75747e-06 1.98345e-06 
scan 340 140 2 2.57438e-05 1.58118e-05 1.48788e-05 7.42388e-07 5.83651e-07 0 1.41985e-09 5.14876e-06 1.11043e-06 
scan 340 140 3 8.30473e-06 8.48067e-06 8.30473e-06 1.66095e-07 2.34893e-07 0 3.98793e-12 1.66095e-06 3.34251e-07 
scan 340 140 4 4.13177e-05 2.03446e-05 1.84785e-05 7.51256e-07 9.06637e-07 0 1.01044e-07 8.26354e-06 1.66297e-06 
scan 340 140 5 0 0 0 0 0 0 0 0 0 
scan 340 140 6 0 0 0 0 0 0 0 0 0 
scan 340 140 7 2.47613e-05 1.61588e-05 1.42962e-05 5.82971e-07 4.52627e-07 0 7.55201e-08 7.4284e-06 9.96602e-07 
scan 340 140 8 1.62507e-05 1.25134e-05 1.1491e-05 5.62941e-07 0 0 1.75508e-07 4.87522e-06 6.54064e-07 
scan 340 140 9 1.65762e-05 1.27682e-05 1.17212e-05 2.34893e-07 6.41257e-07 0 1.6555e-08 4.97287e-06 6.67166e-07 
scan 340 140 10 0 0 0 0 0 0 0 0 0 
scan 340 140 11 8.29145e-06 1.17342e-05 8.29145e-06 0 2.87224e-07 0 6.63316e-09 8.29145e-06 3.33717e-07 
scan 340 140 12 4.20451e-05 4.61171e-05 1.88156e-05 1.22931e-06 5.67082e-07 0 1.52622e-07 4.20451e-05 1.76546e-06 
scan 340 140 13 3.39197e-05 3.79733e-05 1.69707e-05 1.01238e-06 5.67081e-07 0 6.4888e-08 3.39197e-05 1.43843e-06 
scan 340 140 14 5.19787e-05 5.62295e-05 2.12447e-05 1.6348e-06 7.66471e-07 0 1.70024e-07 5.19787e-05 2.31332e-06 
scan 340 140 15 0.000489201 0.000119775 6.42939e-05 1.20013e-05 7.88467e-06 0 2.02342e-06 9.78402e-05 2.07204e-05 
scan 340 140 16 0.00114795 0.000257201 9.89072e-05 2.75602e-05 2.12608e-05 0 3.99883e-06 0.000229589 4.93044e-05 
scan 340 140 17 0.000815358 0.000188237 8.33003e-05 1.83163e-05 1.8705e-05 0 2.14656e-06 0.000163072 3.48122e-05 
scan 340 140 18 0.000568022 0.000136411 6.94598e-05 1.19228e-05 1.21318e-05 0 1.66267e-06 0.000113604 2.41898e-05 
scan 340 140 19 0.00054526 0.000131787 6.82341e-05 1.15226e-05 1.16552e-05 0 1.42072e-06 0.000109052 2.34273e-05 
scan 340 140 20 2.44525e-05 1.59552e-05 1.41188e-05 5.59834e-07 2.87224e-07 0 2.24565e-07 7.33574e-06 9.84171e-07 
scan 340 140 21 0.000280476 9.8393e-05 4.88749e-05 6.8738e-06 4.43156e-06 0 9.36719e-07 8.41429e-05 1.20265e-05 
scan 340 140 22 0.000304674 0.000105784 5.08253e-05 7.39085e-06 5.49711e-06 0 8.77795e-07 9.14023e-05 1.29268e-05 
scan 340 140 23 0.000203585 7.46533e-05 4.15932e-05 4.32086e-06 4.41639e-06 0 3.55359e-07 6.10755e-05 8.63743e-06 
scan 340 140 24 0.000162175 6.18581e-05 3.72483e-05 3.23399e-06 3.57367e-06 0 3.00383e-07 4.86524e-05 6.97284e-06 
scan 340 140 25 0 0 0 0 0 0 0 0 0 
scan 340 140 26 0.000264694 0.000269285 4.75925e-05 5.11788e-06 5.27224e-06 0 9.37181e-07 0.000264694 1.14644e-05 
scan 340 140 27 0.000726464 0.00073173 7.88793e-05 1.57646e-05 1.48558e-05 0 1.76155e-06 0.000726464 3.13812e-05 
scan 340 140 28 0.000686897 0.000692039 7.64059e-05 1.44826e-05 1.32933e-05 0 2.41302e-06 0.000686897 2.93478e-05 
scan 340 140 29 0.000899538 0.000905002 8.74534e-05 2.02409e-05 1.80357e-05 0 2.40666e-06 0.000899538 3.83448e-05 
scan 340 140 30 0 0 0 0 0 0 0 0 0 
scan 340 140 31 2.49009e-05 1.52701e-05 1.43766e-05 3.32189e-07 7.57011e-07 0 6.64114e-09 4.98018e-06 1.00222e-06 
scan 340 140 32 4.20258e-05 2.07087e-05 1.88043e-05 9.94212e-07 6.88212e-07 0 1.62136e-07 8.40517e-06 1.76415e-06 
scan 340 140 33 9.13714e-06 9.33393e-06 9.13714e-06 1.82743e-07 2.58437e-07 0 4.38765e-12 1.82743e-06 4.42044e-07 
scan 340 140 34 8.30473e-06 8.48067e-06 8.30473e-06 1.66095e-07 2.34893e-07 0 5.20873e-12 1.66095e-06 3.34251e-07 
scan 340 140 35 0 0 0 0 0 0 0 0 0 
scan 340 140 36 1.64766e-05 1.26801e-05 1.1651e-05 2.83542e-07 2.87224e-07 0 6.55663e-08 4.94298e-06 6.63156e-07 
scan 340 140 37 0 0 0 0 0 0 0 0 0 
scan 340 140 38 8.30471e-06 8.68158e-06 8.30471e-06 2.34893e-07 1.66094e-07 0 1.56261e-11 2.49141e-06 3.34251e-07 
scan 340 140 39 0 0 0 0 0 0 0 0 0 
scan 340 140 40 0 0 0 0 0 0 0 0 0 
scan 340 140 41 0 0 0 0 0 0 0 0 0 
scan 340 140 42 3.55567e-05 3.98059e-05 1.7792e-05 5.70399e-07 7.8598e-07 0 7.87885e-08 3.55567e-05 1.65278e-06 
scan 340 140 43 1.64168e-05 2.01218e-05 1.1609e-05 2.81471e-07 2.87224e-07 0 9.4387e-08 1.64168e-05 6.60749e-07 
scan 340 140 44 8.30473e-06 1.17529e-05 8.30473e-06 1.66095e-07 2.34893e-07 0 3.98793e-12 8.30473e-06 3.34251e-07 
scan 340 140 45 0 0 0 0 0 0 0 0 0 
scan 340 140 46 1.65914e-05 1.22343e-05 1.17319e-05 4.00479e-07 6.49231e-07 0 9.0001e-09 3.31829e-06 6.67778e-07 
scan 340 140 47 0 0 0 0 0 0 0 0 0 
scan 340 140 48 0 0 0 0 0 0 0 0 0 
scan 340 140 49 0 0 0 0 0 0 0 0 0 
scan 340 140 50 0 0 0 0 0 0 0 0 0 
scan 340 140 51 1.66094e-05 1.2788e-05 1.17446e-05 4.00986e-07 4.00986e-07 0 4.49251e-11 4.98282e-06 6.685e-07 
scan 340 140 52 0 0 0 0 0 0 0 0 0 
scan 340 140 53 0 0 0 0 0 0 0 0 0 
scan 340 140 54 0 0 0 0 0 0 0 0 0 
scan 340 140 55 0 0 0 0 0 0 0 0 0 
scan 340 140 56 1.74418e-05 2.13991e-05 1.23472e-05 3.48835e-07 7.26939e-07 0 6.15345e-11 1.74418e-05 7.76291e-07 
scan 340 140 57 8.30472e-06 1.17529e-05 8.30472e-06 2.34893e-07 1.66094e-07 0 1.19638e-11 8.30472e-06 3.34251e-07 
scan 340 140 58 2.57438e-05 2.97683e-05 1.48788e-05 5.14876e-07 7.28145e-07 0 1.4062e-09 2.57438e-05 1.11043e-06 
scan 340 140 59 8.30473e-06 1.17529e-05 8.30473e-06 1.66095e-07 2.34893e-07 0 6.80323e-12 8.30473e-06 3.34251e-07 
scan 340 140 75 0 0 0 0 0 0 0 0 0 
scan 340 140 76 0 0 0 0 0 0 0 0 0 
scan 340 140 77 0 0 0 0 0 0 0 0 0 
scan 340 140 78 0 0 0 0 0 0 0 0 0 
scan 340 140 79 0 0 0 0 0 0 0 0 0 
scan 340 140 80 0 0 0 0 0 0 0 0 0 
scan 340 140 81 0 0 0 0 0 0 0 0 0 
scan 340 140 82 0 0 0 0 0 0 0 0 0 
scan 340 140 83 0 0 0 0 0 0 0 0 0 
scan 340 140 84 0 0 0 0 0 0 0 0 0 
scan 340 140 85 0 0 0 0 0 0 0 0 0 
scan 340 140 86 0 0 0 0 0 0 0 0 0 
scan 340 140 87 0 0 0 0 0 0 0 0 0 
scan 340 140 88 0 0 0 0 0 0 0 0 0 
scan 340 140 89 0 0 0 0 0 0 0 0 0 
scan 340 140 90 3.14745e-05 1.71983e-05 1.58351e-05 7.58986e-07 4.93292e-07 1.26228e-06 1.0939e-06 6.2949e-06 1.34072e-06 
scan 340 140 91 3.16521e-05 1.72413e-05 1.58762e-05 5.18151e-07 5.59544e-07 1.26101e-06 1.07266e-06 6.33041e-06 1.34526e-06 
scan 340 140 92 2.42773e-05 1.49268e-05 1.40182e-05 3.26095e-07 5.51593e-07 8.89132e-07 6.62139e-07 4.85546e-06 1.04249e-06 
scan 340 140 93 0 0 0 0 0 0 0 0 0 
scan 340 140 94 0 0 0 0 0 0 0 0 0 
scan 340 140 95 8.26405e-06 8.64739e-06 8.26405e-06 1.65281e-07 1.65281e-07 4.13202e-07 2.02469e-08 2.47921e-06 3.32614e-07 
scan 340 140 96 2.51722e-05 1.65227e-05 1.45953e-05 3.88554e-07 4.29947e-07 9.30599e-07 6.362e-07 7.55166e-06 1.15838e-06 
scan 340 140 97 7.30817e-06 7.65414e-06 7.30817e-06 1.46163e-07 1.46163e-07 2.19245e-07 4.3849e-07 2.19245e-06 2.94142e-07 
scan 340 140 98 0 0 0 0 0 0 0 0 0 
scan 340 140 99 0 0 0 0 0 0 0 0 0 
scan 340 140 100 0 0 0 0 0 0 0 0 0 
scan 340 140 101 8.26405e-06 1.16968e-05 8.26405e-06 1.65281e-07 1.65281e-07 2.47921e-07 2.02469e-08 8.26405e-06 3.32614e-07 
scan 340 140 102 1.60132e-05 1.96486e-05 1.13232e-05 2.27425e-07 2.25498e-07 6.39848e-07 6.41892e-07 1.60132e-05 7.09881e-07 
scan 340 140 103 2.39858e-05 2.77412e-05 1.38483e-05 2.27425e-07 4.50996e-07 7.19574e-07 8.01343e-07 2.39858e-05 1.03076e-06 
scan 340 140 104 8.26405e-06 1.16968e-05 8.26405e-06 1.65281e-07 1.65281e-07 2.47921e-07 2.02469e-08 8.26405e-06 3.32614e-07 
scan 340 140 120 0 0 0 0 0 0 0 0 0 
scan 340 140 121 0 0 0 0 0 0 0 0 0 
scan 340 140 122 0 0 0 0 0 0 0 0 0 
scan 340 140 123 0 0 0 0 0 0 0 0 0 
scan 340 140 124 0 0 0 0 0 0 0 0 0 
scan 340 140 125 0 0 0 0 0 0 0 0 0 
scan 340 140 126 0 0 0 0 0 0 0 0 0 
scan 340 140 127 0 0 0 0 0 0 0 0 0 
scan 340 140 128 0 0 0 0 0 0 0 0 0 
scan 340 140 129 0 0 0 0 0 0 0 0 0 
scan 340 140 130 0 0 0 0 0 0 0 0 0 
scan 340 140 131 0 0 0 0 0 0 0 0 0 
scan 340 140 132 0 0 0 0 0 0 0 0 0 
scan 340 140 133 0 0 0 0 0 0 0 0 0 
scan 340 140 134 0 0 0 0 0 0 0 0 0 
scan 340 140 135 3.47004e-05 1.88346e-05 1.73703e-05 6.94008e-07 6.94008e-07 1.22286e-06 9.12046e-08 6.94008e-06 1.54448e-06 
scan 340 140 136 2.38363e-05 1.46574e-05 1.3784e-05 4.76725e-07 4.76725e-07 7.15088e-07 4.78984e-07 4.76725e-06 9.5937e-07 
scan 340 140 137 0 0 0 0 0 0 0 0 0 
scan 340 140 138 0 0 0 0 0 0 0 0 0 
scan 340 140 139 0 0 0 0 0 0 0 0 0 
scan 340 140 140 0 0 0 0 0 0 0 0 0 
scan 340 140 141 0 0 0 0 0 0 0 0 0 
scan 340 140 142 0 0 0 0 0 0 0 0 0 
scan 340 140 143 0 0 0 0 0 0 0 0 0 
scan 340 140 144 0 0 0 0 0 0 0 0 0 
scan 340 140 145 0 0 0 0 0 0 0 0 0 
scan 340 140 146 0 0 0 0 0 0 0 0 0 
scan 340 140 147 7.30817e-06 1.03532e-05 7.30817e-06 1.46163e-07 1.46163e-07 2.19245e-07 4.3849e-07 7.30817e-06 2.94142e-07 
scan 340 140 148 0 0 0 0 0 0 0 0 0 
scan 340 140 149 9.09237e-06 1.28716e-05 9.09237e-06 1.81847e-07 1.81847e-07 2.72771e-07 2.22763e-08 9.09237e-06 4.39878e-07 
scan 340 140 165 0 0 0 0 0 0 0 0 0 
scan 340 140 166 0 0 0 0 0 0 0 0 0 
scan 340 140 167 0 0 0 0 0 0 0 0 0 
scan 340 140 168 0 0 0 0 0 0 0 0 0 
scan 340 140 169 0 0 0 0 0 0 0 0 0 
scan 340 140 170 0 0 0 0 0 0 0 0 0 
scan 340 140 171 0 0 0 0 0 0 0 0 0 
scan 340 140 172 0 0 0 0 0 0 0 0 0 
scan 340 140 173 0 0 0 0 0 0 0 0 0 
scan 340 140 174 0 0 0 0 0 0 0 0 0 
scan 340 140 175 0 0 0 0 0 0 0 0 0 
scan 340 140 176 0 0 0 0 0 0 0 0 0 
scan 340 140 177 0 0 0 0 0 0 0 0 0 
scan 340 140 178 0 0 0 0 0 0 0 0 0 
scan 340 140 179 0 0 0 0 0 0 0 0 0 
