# cards/mergeScans.py -> lines taken from file cards/ZW/l2j2_wz_290_190.txt
xsec 290 190 0.16968
scan 290 190 500 0.00117797 0 0 2.94492e-05 2.94492e-05 0 0 1.65966e-06 0
scan 290 190 501 0.000593384 0 0 1.48346e-05 1.48346e-05 0 0 1.92978e-06 0
scan 290 190 502 0.000173286 0 0 4.33216e-06 4.33216e-06 0 0 6.17057e-06 0
scan 290 190 503 5.85061e-06 0 0 1.46265e-07 1.46265e-07 0 0 8.75172e-06 0
scan 290 190 504 2.53312e-05 0 0 6.3328e-07 6.3328e-07 0 0 0 0
# cards/mergeScans.py -> lines taken from file TChiWZ.kit/output/cn_290_190.txt
scan 290 190 0 0.000220397 8.66121e-05 7.35077e-05 5.76977e-06 5.30546e-06 0 2.89841e-07 4.40794e-05 9.68264e-06 
scan 290 190 1 0.000222295 8.73636e-05 7.41617e-05 4.89511e-06 5.8423e-06 0 4.70302e-07 4.44589e-05 9.8756e-06 
scan 290 190 2 7.20786e-05 4.42142e-05 4.16146e-05 4.81037e-07 2.34399e-06 0 3.8433e-08 1.44157e-05 3.09458e-06 
scan 290 190 3 2.39557e-05 2.44658e-05 2.39557e-05 0 8.29849e-07 0 4.79113e-08 4.79113e-06 1.0285e-06 
scan 290 190 4 0 0 0 0 0 0 0 0 0 
scan 290 190 5 0 0 0 0 0 0 0 0 0 
scan 290 190 6 0 0 0 0 0 0 0 0 0 
scan 290 190 7 4.74543e-05 3.65451e-05 3.35584e-05 1.49097e-06 4.81036e-07 0 3.15968e-07 1.42363e-05 2.03737e-06 
scan 290 190 8 0 0 0 0 0 0 0 0 0 
scan 290 190 9 0 0 0 0 0 0 0 0 0 
scan 290 190 10 0 0 0 0 0 0 0 0 0 
scan 290 190 11 0 0 0 0 0 0 0 0 0 
scan 290 190 12 0 0 0 0 0 0 0 0 0 
scan 290 190 13 0 0 0 0 0 0 0 0 0 
scan 290 190 14 0 0 0 0 0 0 0 0 0 
scan 290 190 15 0.00449294 0.000987219 0.000331466 0.000103308 8.55788e-05 0 1.46374e-05 0.000898588 0.00019764 
scan 290 190 16 0.00409614 0.000905465 0.000317239 9.57141e-05 7.68539e-05 0 1.42621e-05 0.000819229 0.000181161 
scan 290 190 17 0.00146554 0.000357681 0.000189346 3.02983e-05 3.31682e-05 0 3.43123e-06 0.000293107 6.4363e-05 
scan 290 190 18 0.000440574 0.000138197 0.000103933 9.90818e-06 7.18065e-06 0 1.80335e-06 8.81148e-05 1.94672e-05 
scan 290 190 19 0.000143407 6.57088e-05 5.85477e-05 4.31049e-06 3.24172e-06 0 4.44337e-07 2.86814e-05 6.15694e-06 
scan 290 190 20 0.000175547 8.53122e-05 6.64042e-05 5.20957e-06 1.88684e-06 0 9.13705e-07 5.2664e-05 7.97593e-06 
scan 290 190 21 0.00083621 0.000292575 0.000143554 2.1066e-05 1.51313e-05 0 3.15424e-06 0.000250863 3.71193e-05 
scan 290 190 22 0.000368193 0.000147083 9.51446e-05 6.80165e-06 8.31166e-06 0 8.01143e-07 0.000110458 1.62507e-05 
scan 290 190 23 2.40517e-05 2.51458e-05 2.40517e-05 6.80286e-07 4.81035e-07 0 6.78836e-11 7.21552e-06 1.03262e-06 
scan 290 190 24 5.00188e-05 3.85664e-05 3.54167e-05 1.56544e-06 5.26266e-07 0 1.70718e-07 1.50057e-05 2.25886e-06 
scan 290 190 25 4.99863e-05 6.1299e-05 3.53707e-05 1.57868e-06 4.81036e-07 0 1.86763e-07 4.99863e-05 2.25586e-06 
scan 290 190 26 0.000536181 0.000548992 0.000114389 1.2618e-05 1.03143e-05 0 9.88992e-07 0.000536181 2.3464e-05 
scan 290 190 27 0.000249666 0.000262242 7.90394e-05 7.20589e-06 3.1761e-06 0 1.06049e-06 0.000249666 1.12719e-05 
scan 290 190 28 2.37055e-05 3.35506e-05 2.37055e-05 8.21184e-07 0 0 1.7068e-07 2.37055e-05 1.01776e-06 
scan 290 190 29 2.40519e-05 3.40403e-05 2.40519e-05 4.81037e-07 6.80289e-07 0 1.15497e-11 2.40519e-05 1.03263e-06 
scan 290 190 30 0 0 0 0 0 0 0 0 0 
scan 290 190 31 0 0 0 0 0 0 0 0 0 
scan 290 190 32 0 0 0 0 0 0 0 0 0 
scan 290 190 33 0 0 0 0 0 0 0 0 0 
scan 290 190 34 0 0 0 0 0 0 0 0 0 
scan 290 190 35 0 0 0 0 0 0 0 0 0 
scan 290 190 36 0 0 0 0 0 0 0 0 0 
scan 290 190 37 0 0 0 0 0 0 0 0 0 
scan 290 190 38 0 0 0 0 0 0 0 0 0 
scan 290 190 39 0 0 0 0 0 0 0 0 0 
scan 290 190 40 0 0 0 0 0 0 0 0 0 
scan 290 190 41 0 0 0 0 0 0 0 0 0 
scan 290 190 42 0 0 0 0 0 0 0 0 0 
scan 290 190 43 0 0 0 0 0 0 0 0 0 
scan 290 190 44 0 0 0 0 0 0 0 0 0 
scan 290 190 45 5.03084e-05 3.71505e-05 3.56075e-05 1.62698e-06 1.79386e-06 0 2.83917e-08 1.00617e-05 2.27105e-06 
scan 290 190 46 2.63133e-05 2.68786e-05 2.63133e-05 7.44253e-07 5.26266e-07 0 3.7907e-11 5.26266e-06 1.2411e-06 
scan 290 190 47 0 0 0 0 0 0 0 0 0 
scan 290 190 48 0 0 0 0 0 0 0 0 0 
scan 290 190 49 0 0 0 0 0 0 0 0 0 
scan 290 190 50 0 0 0 0 0 0 0 0 0 
scan 290 190 51 0 0 0 0 0 0 0 0 0 
scan 290 190 52 0 0 0 0 0 0 0 0 0 
scan 290 190 53 0 0 0 0 0 0 0 0 0 
scan 290 190 54 0 0 0 0 0 0 0 0 0 
scan 290 190 55 0 0 0 0 0 0 0 0 0 
scan 290 190 56 0 0 0 0 0 0 0 0 0 
scan 290 190 57 0 0 0 0 0 0 0 0 0 
scan 290 190 58 0 0 0 0 0 0 0 0 0 
scan 290 190 59 0 0 0 0 0 0 0 0 0 
scan 290 190 75 0 0 0 0 0 0 0 0 0 
scan 290 190 76 0 0 0 0 0 0 0 0 0 
scan 290 190 77 0 0 0 0 0 0 0 0 0 
scan 290 190 78 0 0 0 0 0 0 0 0 0 
scan 290 190 79 0 0 0 0 0 0 0 0 0 
scan 290 190 80 0 0 0 0 0 0 0 0 0 
scan 290 190 81 0 0 0 0 0 0 0 0 0 
scan 290 190 82 0 0 0 0 0 0 0 0 0 
scan 290 190 83 0 0 0 0 0 0 0 0 0 
scan 290 190 84 0 0 0 0 0 0 0 0 0 
scan 290 190 85 0 0 0 0 0 0 0 0 0 
scan 290 190 86 0 0 0 0 0 0 0 0 0 
scan 290 190 87 0 0 0 0 0 0 0 0 0 
scan 290 190 88 0 0 0 0 0 0 0 0 0 
scan 290 190 89 0 0 0 0 0 0 0 0 0 
scan 290 190 90 8.97776e-05 4.89648e-05 4.49174e-05 1.74066e-06 1.56352e-06 3.56397e-06 4.79856e-06 1.79555e-05 4.04715e-06 
scan 290 190 91 0.000114369 5.65305e-05 5.11883e-05 9.01993e-07 2.86123e-06 3.43107e-06 2.71397e-06 2.28738e-05 4.91025e-06 
scan 290 190 92 2.04441e-05 2.09407e-05 2.04441e-05 5.78246e-07 0 6.13323e-07 1.53331e-06 4.08882e-06 8.77733e-07 
scan 290 190 93 0 0 0 0 0 0 0 0 0 
scan 290 190 94 2.11657e-05 2.16588e-05 2.11657e-05 5.98655e-07 0 6.3497e-07 1.26994e-06 4.23313e-06 9.08712e-07 
scan 290 190 95 0 0 0 0 0 0 0 0 0 
scan 290 190 96 2.16467e-05 2.26841e-05 2.16467e-05 0 1.16571e-06 6.49401e-07 1.08233e-06 6.49401e-06 9.29365e-07 
scan 290 190 97 2.30898e-05 2.415e-05 2.30898e-05 0 6.53078e-07 6.92694e-07 4.61796e-07 6.92694e-06 9.91322e-07 
scan 290 190 98 0 0 0 0 0 0 0 0 0 
scan 290 190 99 0 0 0 0 0 0 0 0 0 
scan 290 190 100 0 0 0 0 0 0 0 0 0 
scan 290 190 101 0 0 0 0 0 0 0 0 0 
scan 290 190 102 0 0 0 0 0 0 0 0 0 
scan 290 190 103 0 0 0 0 0 0 0 0 0 
scan 290 190 104 0 0 0 0 0 0 0 0 0 
scan 290 190 120 0 0 0 0 0 0 0 0 0 
scan 290 190 121 0 0 0 0 0 0 0 0 0 
scan 290 190 122 0 0 0 0 0 0 0 0 0 
scan 290 190 123 0 0 0 0 0 0 0 0 0 
scan 290 190 124 0 0 0 0 0 0 0 0 0 
scan 290 190 125 0 0 0 0 0 0 0 0 0 
scan 290 190 126 0 0 0 0 0 0 0 0 0 
scan 290 190 127 0 0 0 0 0 0 0 0 0 
scan 290 190 128 0 0 0 0 0 0 0 0 0 
scan 290 190 129 0 0 0 0 0 0 0 0 0 
scan 290 190 130 0 0 0 0 0 0 0 0 0 
scan 290 190 131 0 0 0 0 0 0 0 0 0 
scan 290 190 132 0 0 0 0 0 0 0 0 0 
scan 290 190 133 0 0 0 0 0 0 0 0 0 
scan 290 190 134 0 0 0 0 0 0 0 0 0 
scan 290 190 135 0.000120681 5.9951e-05 5.41746e-05 2.61806e-06 2.41362e-06 5.62517e-06 1.77889e-06 2.41362e-05 5.40292e-06 
scan 290 190 136 6.82555e-05 4.21236e-05 3.9459e-05 1.36511e-06 2.00008e-06 2.93409e-06 2.71792e-06 1.36511e-05 3.02845e-06 
scan 290 190 137 0 0 0 0 0 0 0 0 0 
scan 290 190 138 0 0 0 0 0 0 0 0 0 
scan 290 190 139 0 0 0 0 0 0 0 0 0 
scan 290 190 140 0 0 0 0 0 0 0 0 0 
scan 290 190 141 0 0 0 0 0 0 0 0 0 
scan 290 190 142 0 0 0 0 0 0 0 0 0 
scan 290 190 143 0 0 0 0 0 0 0 0 0 
scan 290 190 144 0 0 0 0 0 0 0 0 0 
scan 290 190 145 0 0 0 0 0 0 0 0 0 
scan 290 190 146 0 0 0 0 0 0 0 0 0 
scan 290 190 147 0 0 0 0 0 0 0 0 0 
scan 290 190 148 0 0 0 0 0 0 0 0 0 
scan 290 190 149 0 0 0 0 0 0 0 0 0 
scan 290 190 165 0 0 0 0 0 0 0 0 0 
scan 290 190 166 0 0 0 0 0 0 0 0 0 
scan 290 190 167 0 0 0 0 0 0 0 0 0 
scan 290 190 168 0 0 0 0 0 0 0 0 0 
scan 290 190 169 0 0 0 0 0 0 0 0 0 
scan 290 190 170 0 0 0 0 0 0 0 0 0 
scan 290 190 171 0 0 0 0 0 0 0 0 0 
scan 290 190 172 0 0 0 0 0 0 0 0 0 
scan 290 190 173 0 0 0 0 0 0 0 0 0 
scan 290 190 174 0 0 0 0 0 0 0 0 0 
scan 290 190 175 0 0 0 0 0 0 0 0 0 
scan 290 190 176 0 0 0 0 0 0 0 0 0 
scan 290 190 177 0 0 0 0 0 0 0 0 0 
scan 290 190 178 0 0 0 0 0 0 0 0 0 
scan 290 190 179 0 0 0 0 0 0 0 0 0 
