# cards/mergeScans.py -> lines taken from file cards/ZW/l2j2_wz_280_50.txt
xsec 280 50 0.197305
scan 280 50 500 0.000810953 0 0 2.02738e-05 2.02738e-05 0 0 3.02725e-06 0
scan 280 50 501 0.00123858 0 0 3.09644e-05 3.09644e-05 0 0 1.17854e-07 0
scan 280 50 502 0.00228255 0 0 5.70638e-05 5.70638e-05 0 0 1.70146e-06 0
scan 280 50 503 0.00298853 0 0 7.47132e-05 7.47132e-05 0 0 8.3795e-07 0
scan 280 50 504 0.0020558 0 0 5.1395e-05 5.1395e-05 0 0 8.22316e-07 0
# cards/mergeScans.py -> lines taken from file TChiWZ.kit/output/cn_280_50.txt
scan 280 50 0 0.000132791 7.18874e-05 6.63957e-05 3.07798e-06 3.14054e-06 0 2.68854e-08 2.65582e-05 5.89355e-06 
scan 280 50 1 0.00016499 8.12932e-05 7.37895e-05 3.00179e-06 3.62079e-06 0 5.46255e-07 3.2998e-05 7.23963e-06 
scan 280 50 2 3.32624e-05 3.39692e-05 3.32624e-05 9.40802e-07 6.65247e-07 0 4.79178e-11 6.65247e-06 1.39124e-06 
scan 280 50 3 3.32289e-05 3.3935e-05 3.32289e-05 9.39856e-07 6.64579e-07 0 1.67474e-08 6.64579e-06 1.38985e-06 
scan 280 50 4 6.53275e-05 4.81579e-05 4.62013e-05 2.47432e-06 0 0 5.7717e-07 1.30655e-05 2.73241e-06 
scan 280 50 5 0 0 0 0 0 0 0 0 0 
scan 280 50 6 0 0 0 0 0 0 0 0 0 
scan 280 50 7 3.24438e-05 3.3927e-05 3.24438e-05 1.12389e-06 0 0 3.50393e-07 9.73314e-06 1.52316e-06 
scan 280 50 8 3.26825e-05 3.41756e-05 3.26825e-05 1.13216e-06 0 0 2.35314e-07 9.80476e-06 1.53437e-06 
scan 280 50 9 0 0 0 0 0 0 0 0 0 
scan 280 50 10 0 0 0 0 0 0 0 0 0 
scan 280 50 11 6.63197e-05 8.13231e-05 4.68951e-05 2.1335e-06 1.32639e-06 0 2.23251e-10 6.63197e-05 3.11356e-06 
scan 280 50 12 9.77742e-05 0.000113052 5.64568e-05 3.5678e-06 6.63194e-07 0 8.74129e-07 9.77742e-05 4.42674e-06 
scan 280 50 13 0.000132571 0.000148386 6.62866e-05 3.6825e-06 2.2713e-06 0 2.36199e-07 0.000132571 5.54495e-06 
scan 280 50 14 3.32624e-05 4.70749e-05 3.32624e-05 6.65249e-07 9.40804e-07 0 1.59726e-11 3.32624e-05 1.39125e-06 
scan 280 50 15 0.00115522 0.00030868 0.000195279 2.69773e-05 2.32695e-05 0 3.93065e-06 0.000231044 4.98347e-05 
scan 280 50 16 0.0019776 0.000482112 0.000255318 4.91994e-05 3.2035e-05 0 8.10807e-06 0.000395521 8.54119e-05 
scan 280 50 17 0.0027439 0.000643152 0.000301193 6.82784e-05 5.27046e-05 0 6.87329e-06 0.00054878 0.000119501 
scan 280 50 18 0.00128827 0.000337225 0.000206297 2.92815e-05 2.7553e-05 0 3.73937e-06 0.000257655 5.60854e-05 
scan 280 50 19 0.000990175 0.000273337 0.000180787 2.53202e-05 1.69648e-05 0 3.23162e-06 0.000198035 4.32678e-05 
scan 280 50 20 9.97872e-05 6.51491e-05 5.76122e-05 2.2713e-06 2.54685e-06 0 7.9863e-11 2.99362e-05 4.17374e-06 
scan 280 50 21 0.000795079 0.000291551 0.000162298 1.81215e-05 1.62251e-05 0 1.28527e-06 0.000238524 3.42666e-05 
scan 280 50 22 0.000825985 0.000301123 0.000165203 2.14802e-05 1.41899e-05 0 2.23782e-06 0.000247795 3.62358e-05 
scan 280 50 23 0.000329652 0.000144766 0.000104249 8.81564e-06 5.48204e-06 0 1.36048e-06 9.88956e-05 1.41275e-05 
scan 280 50 24 0.000232058 0.000112643 8.77106e-05 4.87866e-06 5.23221e-06 0 3.34779e-07 6.96173e-05 9.87596e-06 
scan 280 50 25 3.26825e-05 4.626e-05 3.26825e-05 1.13216e-06 0 0 2.35314e-07 3.26825e-05 1.53437e-06 
scan 280 50 26 0.000530112 0.000547149 0.00013253 1.24362e-05 1.05258e-05 0 8.28034e-07 0.000530112 2.28514e-05 
scan 280 50 27 0.00174933 0.00176812 0.000240297 4.30773e-05 2.79875e-05 0 5.97509e-06 0.00174933 7.55225e-05 
scan 280 50 28 0.00178388 0.00180274 0.000242763 4.21387e-05 3.22677e-05 0 5.43962e-06 0.00178388 7.66401e-05 
scan 280 50 29 0.00162138 0.00164003 0.000231632 3.00337e-05 3.79271e-05 0 3.66622e-06 0.00162138 6.95114e-05 
scan 280 50 30 0 0 0 0 0 0 0 0 0 
scan 280 50 31 0.000131852 7.13467e-05 6.59291e-05 3.86906e-06 1.60605e-06 0 5.87591e-07 2.63704e-05 5.5149e-06 
scan 280 50 32 9.89132e-05 6.0656e-05 5.711e-05 2.06526e-06 1.8136e-06 0 3.7809e-07 1.97826e-05 4.307e-06 
scan 280 50 33 3.32513e-05 3.39578e-05 3.32513e-05 6.65026e-07 9.40488e-07 0 5.58622e-09 6.65026e-06 1.39078e-06 
scan 280 50 34 3.27835e-05 3.34809e-05 3.27835e-05 1.13565e-06 0 0 2.36041e-07 6.5567e-06 1.37121e-06 
scan 280 50 35 3.3107e-05 3.46187e-05 3.3107e-05 0 1.14686e-06 0 2.64856e-08 9.9321e-06 1.5543e-06 
scan 280 50 36 3.2544e-05 3.40247e-05 3.2544e-05 1.12736e-06 0 0 3.51475e-07 9.7632e-06 1.3612e-06 
scan 280 50 37 3.32624e-05 3.47739e-05 3.32624e-05 6.65248e-07 9.40803e-07 0 2.08622e-11 9.97873e-06 1.39125e-06 
scan 280 50 38 3.31599e-05 3.4674e-05 3.31599e-05 9.37904e-07 6.63199e-07 0 6.23937e-11 9.94798e-06 1.55678e-06 
scan 280 50 39 0 0 0 0 0 0 0 0 0 
scan 280 50 40 0 0 0 0 0 0 0 0 0 
scan 280 50 41 0 0 0 0 0 0 0 0 0 
scan 280 50 42 3.3107e-05 4.68602e-05 3.3107e-05 0 1.14686e-06 0 2.64856e-08 3.3107e-05 1.5543e-06 
scan 280 50 43 6.63694e-05 8.13686e-05 4.69304e-05 6.65249e-07 2.08766e-06 0 2.65016e-08 6.63694e-05 2.94555e-06 
scan 280 50 44 9.78715e-05 0.000113141 5.65065e-05 3.39037e-06 0 0 9.38991e-07 9.78715e-05 4.09361e-06 
scan 280 50 45 3.32624e-05 3.39692e-05 3.32624e-05 9.40802e-07 6.65247e-07 0 4.79178e-11 6.65247e-06 1.39124e-06 
scan 280 50 46 0 0 0 0 0 0 0 0 0 
scan 280 50 47 0 0 0 0 0 0 0 0 0 
scan 280 50 48 0 0 0 0 0 0 0 0 0 
scan 280 50 49 0 0 0 0 0 0 0 0 0 
scan 280 50 50 0 0 0 0 0 0 0 0 0 
scan 280 50 51 0 0 0 0 0 0 0 0 0 
scan 280 50 52 0 0 0 0 0 0 0 0 0 
scan 280 50 53 0 0 0 0 0 0 0 0 0 
scan 280 50 54 0 0 0 0 0 0 0 0 0 
scan 280 50 55 0 0 0 0 0 0 0 0 0 
scan 280 50 56 0 0 0 0 0 0 0 0 0 
scan 280 50 57 6.632e-05 8.13162e-05 4.68953e-05 1.60111e-06 1.60111e-06 0 6.36937e-11 6.632e-05 3.11357e-06 
scan 280 50 58 0 0 0 0 0 0 0 0 0 
scan 280 50 59 0 0 0 0 0 0 0 0 0 
scan 280 50 75 3.32624e-05 3.39692e-05 3.32624e-05 6.65248e-07 9.40803e-07 0 2.72486e-11 6.65248e-06 1.39125e-06 
scan 280 50 76 0 0 0 0 0 0 0 0 0 
scan 280 50 77 0 0 0 0 0 0 0 0 0 
scan 280 50 78 0 0 0 0 0 0 0 0 0 
scan 280 50 79 0 0 0 0 0 0 0 0 0 
scan 280 50 80 0 0 0 0 0 0 0 0 0 
scan 280 50 81 0 0 0 0 0 0 0 0 0 
scan 280 50 82 0 0 0 0 0 0 0 0 0 
scan 280 50 83 0 0 0 0 0 0 0 0 0 
scan 280 50 84 0 0 0 0 0 0 0 0 0 
scan 280 50 85 0 0 0 0 0 0 0 0 0 
scan 280 50 86 0 0 0 0 0 0 0 0 0 
scan 280 50 87 3.32624e-05 4.70748e-05 3.32624e-05 6.65248e-07 9.40803e-07 0 2.72486e-11 3.32624e-05 1.39125e-06 
scan 280 50 88 0 0 0 0 0 0 0 0 0 
scan 280 50 89 0 0 0 0 0 0 0 0 0 
scan 280 50 90 8.74803e-05 5.39779e-05 5.05206e-05 1.84731e-06 1.61211e-06 2.62441e-06 5.37355e-06 1.74961e-05 3.65898e-06 
scan 280 50 91 6.23704e-05 4.61226e-05 4.41856e-05 1.24741e-06 1.24741e-06 2.45653e-06 1.83735e-06 1.24741e-05 2.60873e-06 
scan 280 50 92 0 0 0 0 0 0 0 0 0 
scan 280 50 93 0 0 0 0 0 0 0 0 0 
scan 280 50 94 0 0 0 0 0 0 0 0 0 
scan 280 50 95 0 0 0 0 0 0 0 0 0 
scan 280 50 96 2.91808e-05 3.05704e-05 2.91808e-05 8.25359e-07 0 8.75425e-07 1.75085e-06 8.75425e-06 1.36997e-06 
scan 280 50 97 6.6097e-05 5.09281e-05 4.67377e-05 1.32194e-06 1.32194e-06 1.98291e-06 1.61938e-07 1.98291e-05 2.93359e-06 
scan 280 50 98 2.82731e-05 2.96406e-05 2.82731e-05 5.65462e-07 5.65462e-07 8.48193e-07 2.12048e-06 8.48193e-06 1.18256e-06 
scan 280 50 99 0 0 0 0 0 0 0 0 0 
scan 280 50 100 0 0 0 0 0 0 0 0 0 
scan 280 50 101 2.91808e-05 4.13618e-05 2.91808e-05 5.83617e-07 5.83617e-07 1.45904e-06 1.75085e-06 2.91808e-05 1.36997e-06 
scan 280 50 102 6.48832e-05 7.95856e-05 4.58874e-05 6.60992e-07 1.56138e-06 2.58317e-06 7.42432e-07 6.48832e-05 2.87686e-06 
scan 280 50 103 3.30995e-05 4.68501e-05 3.30995e-05 6.6199e-07 6.6199e-07 9.92984e-07 8.10937e-08 3.30995e-05 1.38443e-06 
scan 280 50 104 0 0 0 0 0 0 0 0 0 
scan 280 50 120 0 0 0 0 0 0 0 0 0 
scan 280 50 121 0 0 0 0 0 0 0 0 0 
scan 280 50 122 0 0 0 0 0 0 0 0 0 
scan 280 50 123 0 0 0 0 0 0 0 0 0 
scan 280 50 124 0 0 0 0 0 0 0 0 0 
scan 280 50 125 0 0 0 0 0 0 0 0 0 
scan 280 50 126 0 0 0 0 0 0 0 0 0 
scan 280 50 127 0 0 0 0 0 0 0 0 0 
scan 280 50 128 0 0 0 0 0 0 0 0 0 
scan 280 50 129 0 0 0 0 0 0 0 0 0 
scan 280 50 130 0 0 0 0 0 0 0 0 0 
scan 280 50 131 0 0 0 0 0 0 0 0 0 
scan 280 50 132 0 0 0 0 0 0 0 0 0 
scan 280 50 133 0 0 0 0 0 0 0 0 0 
scan 280 50 134 0 0 0 0 0 0 0 0 0 
scan 280 50 135 0 0 0 0 0 0 0 0 0 
scan 280 50 136 9.92984e-05 6.09884e-05 5.733e-05 1.98597e-06 1.98597e-06 3.64094e-06 2.43281e-07 1.98597e-05 4.15329e-06 
scan 280 50 137 3.30496e-05 3.37601e-05 3.30496e-05 6.60992e-07 6.60992e-07 9.91487e-07 1.05759e-07 6.60992e-06 1.38234e-06 
scan 280 50 138 0 0 0 0 0 0 0 0 0 
scan 280 50 139 0 0 0 0 0 0 0 0 0 
scan 280 50 140 0 0 0 0 0 0 0 0 0 
scan 280 50 141 0 0 0 0 0 0 0 0 0 
scan 280 50 142 2.91808e-05 3.05774e-05 2.91808e-05 8.75425e-07 5.83617e-07 8.75425e-07 1.75085e-06 8.75425e-06 1.36997e-06 
scan 280 50 143 0 0 0 0 0 0 0 0 0 
scan 280 50 144 0 0 0 0 0 0 0 0 0 
scan 280 50 145 0 0 0 0 0 0 0 0 0 
scan 280 50 146 0 0 0 0 0 0 0 0 0 
scan 280 50 147 0 0 0 0 0 0 0 0 0 
scan 280 50 148 3.30995e-05 4.68501e-05 3.30995e-05 6.6199e-07 6.6199e-07 9.92984e-07 8.10937e-08 3.30995e-05 1.38443e-06 
scan 280 50 149 0 0 0 0 0 0 0 0 0 
scan 280 50 165 0 0 0 0 0 0 0 0 0 
scan 280 50 166 0 0 0 0 0 0 0 0 0 
scan 280 50 167 0 0 0 0 0 0 0 0 0 
scan 280 50 168 0 0 0 0 0 0 0 0 0 
scan 280 50 169 0 0 0 0 0 0 0 0 0 
scan 280 50 170 0 0 0 0 0 0 0 0 0 
scan 280 50 171 0 0 0 0 0 0 0 0 0 
scan 280 50 172 0 0 0 0 0 0 0 0 0 
scan 280 50 173 0 0 0 0 0 0 0 0 0 
scan 280 50 174 0 0 0 0 0 0 0 0 0 
scan 280 50 175 0 0 0 0 0 0 0 0 0 
scan 280 50 176 0 0 0 0 0 0 0 0 0 
scan 280 50 177 0 0 0 0 0 0 0 0 0 
scan 280 50 178 0 0 0 0 0 0 0 0 0 
scan 280 50 179 0 0 0 0 0 0 0 0 0 
