# cards/mergeScans.py -> lines taken from file cards/ZW/l2j2_wz_210_10.txt
xsec 210 10 0.65068
scan 210 10 500 0.00517452 0 0 0.000129363 0.000129363 0 0 3.07903e-06 0
scan 210 10 501 0.0051805 0 0 0.000129513 0.000129513 0 0 3.28039e-06 0
scan 210 10 502 0.00597489 0 0 0.000149372 0.000149372 0 0 2.31696e-06 0
scan 210 10 503 0.00654063 0 0 0.000163516 0.000163516 0 0 5.65066e-06 0
scan 210 10 504 0.0027035 0 0 6.75875e-05 6.75875e-05 0 0 1.42064e-05 0
# cards/mergeScans.py -> lines taken from file TChiWZ.kit/output/cn_210_10.txt
scan 210 10 0 9.4333e-05 9.63511e-05 9.4333e-05 0 3.26779e-06 0 2.07533e-07 1.88666e-05 4.2597e-06 
scan 210 10 1 0.000474318 0.000233984 0.000212134 1.37528e-05 9.17724e-06 0 6.72983e-07 9.48636e-05 2.17894e-05 
scan 210 10 2 0.000282544 0.00017338 0.000163133 8.41124e-06 4.57492e-06 0 8.37596e-07 5.65088e-05 1.27586e-05 
scan 210 10 3 0 0 0 0 0 0 0 0 0 
scan 210 10 4 0.000191107 0.000140991 0.000135141 5.40532e-06 6.6585e-06 0 1.62943e-07 3.82214e-05 9.00023e-06 
scan 210 10 5 0 0 0 0 0 0 0 0 0 
scan 210 10 6 0.000191432 0.000147495 0.00013537 5.38094e-06 4.61358e-06 0 5.57143e-10 5.74297e-05 9.01539e-06 
scan 210 10 7 0 0 0 0 0 0 0 0 0 
scan 210 10 8 9.47499e-05 9.90686e-05 9.47499e-05 1.895e-06 2.67993e-06 0 4.54989e-11 2.8425e-05 4.27852e-06 
scan 210 10 9 0 0 0 0 0 0 0 0 0 
scan 210 10 10 0 0 0 0 0 0 0 0 0 
scan 210 10 11 9.45952e-05 0.000133902 9.45952e-05 3.27687e-06 0 0 1.02163e-06 9.45952e-05 4.6346e-06 
scan 210 10 12 0.000376422 0.000421337 0.00018822 6.4928e-06 8.44895e-06 0 1.26134e-06 0.000376422 1.69977e-05 
scan 210 10 13 9.45983e-05 0.000133891 9.45983e-05 0 3.27698e-06 0 7.56787e-08 9.45983e-05 4.27168e-06 
scan 210 10 14 0 0 0 0 0 0 0 0 0 
scan 210 10 15 0.00689752 0.00164341 0.000807365 0.000179274 0.000107834 0 2.74526e-05 0.0013795 0.000318463 
scan 210 10 16 0.0119327 0.00269582 0.00106315 0.000292847 0.000217292 0 4.16238e-05 0.00238655 0.000553941 
scan 210 10 17 0.00652556 0.00156563 0.00078567 0.000137356 0.000142872 0 2.29996e-05 0.00130511 0.000301322 
scan 210 10 18 0.00265124 0.000744391 0.000501081 6.52293e-05 4.99822e-05 0 8.4459e-06 0.000530248 0.00012267 
scan 210 10 19 0.00209156 0.000622763 0.000445971 4.91492e-05 4.51352e-05 0 4.11401e-06 0.000418311 9.74138e-05 
scan 210 10 20 0.000380778 0.000223063 0.000190395 7.25485e-06 9.81377e-06 0 7.75834e-08 0.000114233 1.75649e-05 
scan 210 10 21 0.00380158 0.00130635 0.000601125 7.81732e-05 8.33468e-05 0 8.57568e-06 0.00114047 0.000177203 
scan 210 10 22 0.00227375 0.00083444 0.000464167 5.00474e-05 4.37789e-05 0 6.76911e-06 0.000682124 0.000105258 
scan 210 10 23 0.00132466 0.000537333 0.000354098 3.44056e-05 1.67584e-05 0 7.51413e-06 0.000397399 6.24027e-05 
scan 210 10 24 0.000380932 0.000223199 0.000190474 9.20453e-06 9.18852e-06 0 4.977e-10 0.00011428 1.75725e-05 
scan 210 10 25 9.52913e-05 0.000134885 9.52913e-05 3.30099e-06 0 0 6.86098e-07 9.52913e-05 4.6687e-06 
scan 210 10 26 0.00208378 0.00213368 0.000444289 4.67329e-05 4.05016e-05 0 5.10629e-06 0.00208378 9.59374e-05 
scan 210 10 27 0.00416779 0.00422125 0.000628383 0.00010177 7.72318e-05 0 1.19397e-05 0.00416779 0.00019264 
scan 210 10 28 0.00275925 0.00281071 0.00051242 6.27393e-05 5.67488e-05 0 7.64714e-06 0.00275925 0.000129759 
scan 210 10 29 0.000379412 0.00042471 0.000189719 8.59477e-06 7.13381e-06 0 7.5078e-07 0.000379412 1.75032e-05 
scan 210 10 30 0 0 0 0 0 0 0 0 0 
scan 210 10 31 0.000283152 0.000173741 0.000163515 6.46482e-06 3.34386e-06 0 2.41693e-06 5.66304e-05 1.35209e-05 
scan 210 10 32 9.47499e-05 9.67766e-05 9.47499e-05 1.895e-06 2.67993e-06 0 4.54989e-11 1.895e-05 4.27852e-06 
scan 210 10 33 0 0 0 0 0 0 0 0 0 
scan 210 10 34 0 0 0 0 0 0 0 0 0 
scan 210 10 35 9.47489e-05 9.90903e-05 9.47489e-05 3.41622e-06 1.89498e-06 0 5.01411e-10 2.84247e-05 4.27848e-06 
scan 210 10 36 0 0 0 0 0 0 0 0 0 
scan 210 10 37 0 0 0 0 0 0 0 0 0 
scan 210 10 38 0 0 0 0 0 0 0 0 0 
scan 210 10 39 0 0 0 0 0 0 0 0 0 
scan 210 10 40 0 0 0 0 0 0 0 0 0 
scan 210 10 41 9.43632e-05 0.000133591 9.43632e-05 3.89069e-06 0 0 1.13236e-06 9.43632e-05 4.62323e-06 
scan 210 10 42 9.6683e-05 0.000136853 9.6683e-05 2.73461e-06 1.93366e-06 0 2.72878e-10 9.6683e-05 4.73689e-06 
scan 210 10 43 0.000282618 0.000326701 0.000163195 6.44631e-06 3.34386e-06 0 1.7508e-06 0.000282618 1.31324e-05 
scan 210 10 44 0 0 0 0 0 0 0 0 0 
scan 210 10 45 9.47489e-05 9.67989e-05 9.47489e-05 3.41622e-06 1.89498e-06 0 5.01411e-10 1.89498e-05 4.27848e-06 
scan 210 10 46 0 0 0 0 0 0 0 0 0 
scan 210 10 47 0 0 0 0 0 0 0 0 0 
scan 210 10 48 9.47498e-05 9.67766e-05 9.47498e-05 1.895e-06 2.67993e-06 0 5.94271e-11 1.895e-05 4.27852e-06 
scan 210 10 49 0 0 0 0 0 0 0 0 0 
scan 210 10 50 0 0 0 0 0 0 0 0 0 
scan 210 10 51 0 0 0 0 0 0 0 0 0 
scan 210 10 52 0 0 0 0 0 0 0 0 0 
scan 210 10 53 0 0 0 0 0 0 0 0 0 
scan 210 10 54 0 0 0 0 0 0 0 0 0 
scan 210 10 55 0 0 0 0 0 0 0 0 0 
scan 210 10 56 0 0 0 0 0 0 0 0 0 
scan 210 10 57 0 0 0 0 0 0 0 0 0 
scan 210 10 58 0 0 0 0 0 0 0 0 0 
scan 210 10 59 0 0 0 0 0 0 0 0 0 
scan 210 10 75 0 0 0 0 0 0 0 0 0 
scan 210 10 76 0 0 0 0 0 0 0 0 0 
scan 210 10 77 0 0 0 0 0 0 0 0 0 
scan 210 10 78 0 0 0 0 0 0 0 0 0 
scan 210 10 79 0 0 0 0 0 0 0 0 0 
scan 210 10 80 0 0 0 0 0 0 0 0 0 
scan 210 10 81 0 0 0 0 0 0 0 0 0 
scan 210 10 82 9.66834e-05 0.000101107 9.66834e-05 1.93367e-06 2.73462e-06 0 7.92031e-11 2.9005e-05 4.73691e-06 
scan 210 10 83 0 0 0 0 0 0 0 0 0 
scan 210 10 84 0 0 0 0 0 0 0 0 0 
scan 210 10 85 0 0 0 0 0 0 0 0 0 
scan 210 10 86 0 0 0 0 0 0 0 0 0 
scan 210 10 87 9.66835e-05 0.000136854 9.66835e-05 1.93367e-06 2.73462e-06 0 6.06399e-11 9.66835e-05 4.73691e-06 
scan 210 10 88 0 0 0 0 0 0 0 0 0 
scan 210 10 89 0 0 0 0 0 0 0 0 0 
scan 210 10 90 0.000185246 0.000136708 0.00013101 1.88571e-06 4.45845e-06 7.44308e-06 2.0502e-06 3.70491e-05 8.36495e-06 
scan 210 10 91 0.000240355 0.000148895 0.000138773 7.42415e-06 0 7.21066e-06 1.92159e-05 4.80711e-05 1.11578e-05 
scan 210 10 92 0.00025129 0.000155956 0.000145902 6.8996e-06 1.9242e-06 9.46291e-06 1.4951e-05 5.02581e-05 1.20208e-05 
scan 210 10 93 0 0 0 0 0 0 0 0 0 
scan 210 10 94 0 0 0 0 0 0 0 0 0 
scan 210 10 95 0 0 0 0 0 0 0 0 0 
scan 210 10 96 8.338e-05 8.74075e-05 8.338e-05 2.35834e-06 0 4.169e-06 5.0028e-06 2.5014e-05 3.7651e-06 
scan 210 10 97 9.28162e-05 9.71028e-05 9.28162e-05 0 2.62524e-06 2.78449e-06 1.85632e-06 2.78449e-05 4.54744e-06 
scan 210 10 98 0 0 0 0 0 0 0 0 0 
scan 210 10 99 0 0 0 0 0 0 0 0 0 
scan 210 10 100 0 0 0 0 0 0 0 0 0 
scan 210 10 101 0 0 0 0 0 0 0 0 0 
scan 210 10 102 0.000185246 0.000227226 0.00013101 1.88571e-06 4.45845e-06 7.37657e-06 2.0502e-06 0.000185246 8.36495e-06 
scan 210 10 103 0 0 0 0 0 0 0 0 0 
scan 210 10 104 0 0 0 0 0 0 0 0 0 
scan 210 10 120 0 0 0 0 0 0 0 0 0 
scan 210 10 121 0 0 0 0 0 0 0 0 0 
scan 210 10 122 0 0 0 0 0 0 0 0 0 
scan 210 10 123 0 0 0 0 0 0 0 0 0 
scan 210 10 124 0 0 0 0 0 0 0 0 0 
scan 210 10 125 0 0 0 0 0 0 0 0 0 
scan 210 10 126 0 0 0 0 0 0 0 0 0 
scan 210 10 127 0 0 0 0 0 0 0 0 0 
scan 210 10 128 0 0 0 0 0 0 0 0 0 
scan 210 10 129 0 0 0 0 0 0 0 0 0 
scan 210 10 130 0 0 0 0 0 0 0 0 0 
scan 210 10 131 0 0 0 0 0 0 0 0 0 
scan 210 10 132 0 0 0 0 0 0 0 0 0 
scan 210 10 133 0 0 0 0 0 0 0 0 0 
scan 210 10 134 0 0 0 0 0 0 0 0 0 
scan 210 10 135 0.000262747 0.000162101 0.000151924 5.25494e-06 7.75634e-06 9.55001e-06 1.03387e-05 5.25494e-05 1.21912e-05 
scan 210 10 136 0 0 0 0 0 0 0 0 0 
scan 210 10 137 0 0 0 0 0 0 0 0 0 
scan 210 10 138 9.42857e-05 9.63259e-05 9.42857e-05 1.88571e-06 1.88571e-06 2.82857e-06 2.31e-07 1.88571e-05 4.25756e-06 
scan 210 10 139 0 0 0 0 0 0 0 0 0 
scan 210 10 140 0 0 0 0 0 0 0 0 0 
scan 210 10 141 9.42857e-05 9.86061e-05 9.42857e-05 1.88571e-06 1.88571e-06 2.82857e-06 2.31e-07 2.82857e-05 4.25756e-06 
scan 210 10 142 0 0 0 0 0 0 0 0 0 
scan 210 10 143 0 0 0 0 0 0 0 0 0 
scan 210 10 144 0 0 0 0 0 0 0 0 0 
scan 210 10 145 0 0 0 0 0 0 0 0 0 
scan 210 10 146 0 0 0 0 0 0 0 0 0 
scan 210 10 147 0 0 0 0 0 0 0 0 0 
scan 210 10 148 0.000190496 0.000233617 0.000134708 3.80991e-06 3.80991e-06 5.71487e-06 4.66714e-07 0.000190496 8.97127e-06 
scan 210 10 149 0 0 0 0 0 0 0 0 0 
scan 210 10 165 0 0 0 0 0 0 0 0 0 
scan 210 10 166 9.47498e-05 9.67998e-05 9.47498e-05 1.895e-06 1.895e-06 2.84249e-06 5.94271e-11 1.895e-05 4.27852e-06 
scan 210 10 167 0 0 0 0 0 0 0 0 0 
scan 210 10 168 0 0 0 0 0 0 0 0 0 
scan 210 10 169 0 0 0 0 0 0 0 0 0 
scan 210 10 170 0 0 0 0 0 0 0 0 0 
scan 210 10 171 0 0 0 0 0 0 0 0 0 
scan 210 10 172 0 0 0 0 0 0 0 0 0 
scan 210 10 173 0 0 0 0 0 0 0 0 0 
scan 210 10 174 0 0 0 0 0 0 0 0 0 
scan 210 10 175 0 0 0 0 0 0 0 0 0 
scan 210 10 176 0 0 0 0 0 0 0 0 0 
scan 210 10 177 0 0 0 0 0 0 0 0 0 
scan 210 10 178 0 0 0 0 0 0 0 0 0 
scan 210 10 179 0 0 0 0 0 0 0 0 0 
