# cards/mergeScans.py -> lines taken from file cards/ZW/l2j2_wz_190_50.txt
xsec 190 50 0.966307
scan 190 50 500 0.0115359 0 0 0.000288398 0.000288398 0 0 8.28079e-06 0
scan 190 50 501 0.00492594 0 0 0.000123148 0.000123148 0 0 -7.47915e-06 0
scan 190 50 502 0.0078771 0 0 0.000196927 0.000196927 0 0 1.98438e-05 0
scan 190 50 503 0.00213279 0 0 5.33197e-05 5.33197e-05 0 0 1.73267e-07 0
scan 190 50 504 0.000401799 0 0 1.0045e-05 1.0045e-05 0 0 1.75716e-05 0
# cards/mergeScans.py -> lines taken from file TChiWZ.kit/output/cn_190_50.txt
scan 190 50 0 0.000316723 0.000323551 0.000316723 1.09716e-05 0 0 2.28041e-06 6.33446e-05 1.52813e-05 
scan 190 50 1 0.000991616 0.000609997 0.000573742 2.95272e-05 1.66231e-05 0 5.57795e-06 0.000198323 4.90465e-05 
scan 190 50 2 0 0 0 0 0 0 0 0 0 
scan 190 50 3 0.00032135 0.000328269 0.00032135 6.427e-06 9.08915e-06 0 1.54312e-10 6.427e-05 1.55046e-05 
scan 190 50 4 0.000360486 0.000368307 0.000360486 1.01961e-05 7.20973e-06 0 6.78291e-10 7.20973e-05 1.85956e-05 
scan 190 50 5 0 0 0 0 0 0 0 0 0 
scan 190 50 6 0.000360487 0.000377025 0.000360487 1.01961e-05 7.20973e-06 0 5.19317e-10 0.000108146 1.85956e-05 
scan 190 50 7 0 0 0 0 0 0 0 0 0 
scan 190 50 8 0 0 0 0 0 0 0 0 0 
scan 190 50 9 0 0 0 0 0 0 0 0 0 
scan 190 50 10 0 0 0 0 0 0 0 0 0 
scan 190 50 11 0.000316723 0.000448315 0.000316723 1.09716e-05 0 0 2.28041e-06 0.000316723 1.52813e-05 
scan 190 50 12 0 0 0 0 0 0 0 0 0 
scan 190 50 13 0 0 0 0 0 0 0 0 0 
scan 190 50 14 0 0 0 0 0 0 0 0 0 
scan 190 50 15 0.0167106 0.00420933 0.00236727 0.000386827 0.000324758 0 4.93382e-05 0.00334211 0.000829008 
scan 190 50 16 0.0250799 0.0059609 0.00288098 0.000551296 0.000485912 0 8.08085e-05 0.00501598 0.00123516 
scan 190 50 17 0.0104101 0.00286524 0.00187268 0.000266507 0.00015877 0 4.8807e-05 0.00208201 0.000518912 
scan 190 50 18 0.00339922 0.00129029 0.00107686 6.38657e-05 0.000100132 0 4.90656e-06 0.000679844 0.000170015 
scan 190 50 19 0 0 0 0 0 0 0 0 0 
scan 190 50 20 0.000637559 0.000490947 0.000450832 1.09716e-05 1.11141e-05 0 2.53707e-06 0.000191268 3.07611e-05 
scan 190 50 21 0.00526451 0.00207946 0.00131769 0.000142279 7.76597e-05 0 1.65509e-05 0.00157935 0.00025876 
scan 190 50 22 0.00232258 0.00113 0.000879174 5.26585e-05 5.07873e-05 0 2.53953e-06 0.000696774 0.000114466 
scan 190 50 23 0.000352701 0.000368902 0.000352701 1.22179e-05 0 0 3.80917e-06 0.00010581 1.8194e-05 
scan 190 50 24 0 0 0 0 0 0 0 0 0 
scan 190 50 25 0 0 0 0 0 0 0 0 0 
scan 190 50 26 0.00467025 0.0048421 0.00125025 9.6567e-05 9.25886e-05 0 1.199e-05 0.00467025 0.000231324 
scan 190 50 27 0.00522959 0.00539934 0.00130885 0.000135801 8.37668e-05 0 1.45108e-05 0.00522959 0.000255907 
scan 190 50 28 0.000720974 0.000884135 0.000509806 1.74058e-05 1.74059e-05 0 6.92423e-10 0.000720974 3.71913e-05 
scan 190 50 29 0 0 0 0 0 0 0 0 0 
scan 190 50 30 0.000321027 0.000327939 0.000321027 9.08e-06 6.42053e-06 0 1.61797e-07 6.42053e-05 1.5489e-05 
scan 190 50 31 0.000321027 0.000328269 0.000321027 9.08e-06 1.60513e-05 0 1.61797e-07 6.42053e-05 1.5489e-05 
scan 190 50 32 0 0 0 0 0 0 0 0 0 
scan 190 50 33 0 0 0 0 0 0 0 0 0 
scan 190 50 34 0 0 0 0 0 0 0 0 0 
scan 190 50 35 0 0 0 0 0 0 0 0 0 
scan 190 50 36 0.000360486 0.000377024 0.000360486 1.01961e-05 7.20971e-06 0 1.01743e-09 0.000108146 1.85956e-05 
scan 190 50 37 0 0 0 0 0 0 0 0 0 
scan 190 50 38 0 0 0 0 0 0 0 0 0 
scan 190 50 39 0 0 0 0 0 0 0 0 0 
scan 190 50 40 0 0 0 0 0 0 0 0 0 
scan 190 50 41 0 0 0 0 0 0 0 0 0 
scan 190 50 42 0 0 0 0 0 0 0 0 0 
scan 190 50 43 0 0 0 0 0 0 0 0 0 
scan 190 50 44 0 0 0 0 0 0 0 0 0 
scan 190 50 45 0.000320714 0.00032762 0.000320714 6.41428e-06 9.07117e-06 0 3.17507e-07 6.41428e-05 1.54739e-05 
scan 190 50 46 0.00032135 0.000328269 0.00032135 6.427e-06 9.08915e-06 0 1.54312e-10 6.427e-05 1.55046e-05 
scan 190 50 47 0 0 0 0 0 0 0 0 0 
scan 190 50 48 0 0 0 0 0 0 0 0 0 
scan 190 50 49 0 0 0 0 0 0 0 0 0 
scan 190 50 50 0 0 0 0 0 0 0 0 0 
scan 190 50 51 0 0 0 0 0 0 0 0 0 
scan 190 50 52 0 0 0 0 0 0 0 0 0 
scan 190 50 53 0 0 0 0 0 0 0 0 0 
scan 190 50 54 0 0 0 0 0 0 0 0 0 
scan 190 50 55 0 0 0 0 0 0 0 0 0 
scan 190 50 56 0 0 0 0 0 0 0 0 0 
scan 190 50 57 0 0 0 0 0 0 0 0 0 
scan 190 50 58 0 0 0 0 0 0 0 0 0 
scan 190 50 59 0 0 0 0 0 0 0 0 0 
scan 190 50 75 0 0 0 0 0 0 0 0 0 
scan 190 50 76 0 0 0 0 0 0 0 0 0 
scan 190 50 77 0 0 0 0 0 0 0 0 0 
scan 190 50 78 0 0 0 0 0 0 0 0 0 
scan 190 50 79 0 0 0 0 0 0 0 0 0 
scan 190 50 80 0 0 0 0 0 0 0 0 0 
scan 190 50 81 0 0 0 0 0 0 0 0 0 
scan 190 50 82 0 0 0 0 0 0 0 0 0 
scan 190 50 83 0 0 0 0 0 0 0 0 0 
scan 190 50 84 0 0 0 0 0 0 0 0 0 
scan 190 50 85 0 0 0 0 0 0 0 0 0 
scan 190 50 86 0 0 0 0 0 0 0 0 0 
scan 190 50 87 0 0 0 0 0 0 0 0 0 
scan 190 50 88 0 0 0 0 0 0 0 0 0 
scan 190 50 89 0 0 0 0 0 0 0 0 0 
scan 190 50 90 0.000997791 0.000614632 0.000576963 1.99558e-05 1.99558e-05 4.27151e-05 2.68406e-06 0.000199558 4.93385e-05 
scan 190 50 91 0.000917363 0.000566487 0.000531156 1.6244e-05 1.5572e-05 3.39164e-05 3.74915e-05 0.000183473 4.53436e-05 
scan 190 50 92 0 0 0 0 0 0 0 0 0 
scan 190 50 93 0 0 0 0 0 0 0 0 0 
scan 190 50 94 0 0 0 0 0 0 0 0 0 
scan 190 50 95 0 0 0 0 0 0 0 0 0 
scan 190 50 96 0 0 0 0 0 0 0 0 0 
scan 190 50 97 0 0 0 0 0 0 0 0 0 
scan 190 50 98 0 0 0 0 0 0 0 0 0 
scan 190 50 99 0 0 0 0 0 0 0 0 0 
scan 190 50 100 0 0 0 0 0 0 0 0 0 
scan 190 50 101 0 0 0 0 0 0 0 0 0 
scan 190 50 102 0 0 0 0 0 0 0 0 0 
scan 190 50 103 0 0 0 0 0 0 0 0 0 
scan 190 50 104 0 0 0 0 0 0 0 0 0 
scan 190 50 120 0 0 0 0 0 0 0 0 0 
scan 190 50 121 0 0 0 0 0 0 0 0 0 
scan 190 50 122 0 0 0 0 0 0 0 0 0 
scan 190 50 123 0 0 0 0 0 0 0 0 0 
scan 190 50 124 0 0 0 0 0 0 0 0 0 
scan 190 50 125 0 0 0 0 0 0 0 0 0 
scan 190 50 126 0 0 0 0 0 0 0 0 0 
scan 190 50 127 0 0 0 0 0 0 0 0 0 
scan 190 50 128 0 0 0 0 0 0 0 0 0 
scan 190 50 129 0 0 0 0 0 0 0 0 0 
scan 190 50 130 0 0 0 0 0 0 0 0 0 
scan 190 50 131 0 0 0 0 0 0 0 0 0 
scan 190 50 132 0 0 0 0 0 0 0 0 0 
scan 190 50 133 0 0 0 0 0 0 0 0 0 
scan 190 50 134 0 0 0 0 0 0 0 0 0 
scan 190 50 135 0 0 0 0 0 0 0 0 0 
scan 190 50 136 0 0 0 0 0 0 0 0 0 
scan 190 50 137 0 0 0 0 0 0 0 0 0 
scan 190 50 138 0 0 0 0 0 0 0 0 0 
scan 190 50 139 0 0 0 0 0 0 0 0 0 
scan 190 50 140 0 0 0 0 0 0 0 0 0 
scan 190 50 141 0 0 0 0 0 0 0 0 0 
scan 190 50 142 0 0 0 0 0 0 0 0 0 
scan 190 50 143 0 0 0 0 0 0 0 0 0 
scan 190 50 144 0 0 0 0 0 0 0 0 0 
scan 190 50 145 0 0 0 0 0 0 0 0 0 
scan 190 50 146 0 0 0 0 0 0 0 0 0 
scan 190 50 147 0 0 0 0 0 0 0 0 0 
scan 190 50 148 0 0 0 0 0 0 0 0 0 
scan 190 50 149 0 0 0 0 0 0 0 0 0 
scan 190 50 165 0 0 0 0 0 0 0 0 0 
scan 190 50 166 0 0 0 0 0 0 0 0 0 
scan 190 50 167 0 0 0 0 0 0 0 0 0 
scan 190 50 168 0 0 0 0 0 0 0 0 0 
scan 190 50 169 0 0 0 0 0 0 0 0 0 
scan 190 50 170 0 0 0 0 0 0 0 0 0 
scan 190 50 171 0 0 0 0 0 0 0 0 0 
scan 190 50 172 0 0 0 0 0 0 0 0 0 
scan 190 50 173 0 0 0 0 0 0 0 0 0 
scan 190 50 174 0 0 0 0 0 0 0 0 0 
scan 190 50 175 0 0 0 0 0 0 0 0 0 
scan 190 50 176 0 0 0 0 0 0 0 0 0 
scan 190 50 177 0 0 0 0 0 0 0 0 0 
scan 190 50 178 0 0 0 0 0 0 0 0 0 
scan 190 50 179 0 0 0 0 0 0 0 0 0 
