# cards/mergeScans.py -> lines taken from file cards/ZW/l2j2_wz_190_0.txt
xsec 190 0 0.966307
scan 190 0 500 0.00686855 0 0 0.000171714 0.000171714 0 0 -2.4307e-07 0
scan 190 0 501 0.00503591 0 0 0.000125898 0.000125898 0 0 1.16208e-05 0
scan 190 0 502 0.0114823 0 0 0.000287059 0.000287059 0 0 5.6327e-06 0
scan 190 0 503 0.00560712 0 0 0.000140178 0.000140178 0 0 6.01289e-06 0
scan 190 0 504 0.00199178 0 0 4.97944e-05 4.97944e-05 0 0 2.80148e-05 0
# cards/mergeScans.py -> lines taken from file TChiWZ.kit/output/cn_190_0.txt
scan 190 0 0 0.00049691 0.00050761 0.00049691 1.40547e-05 9.93821e-06 0 7.15849e-10 9.93821e-05 2.3975e-05 
scan 190 0 1 0.000993026 0.000731931 0.000702175 1.40547e-05 2.71242e-05 0 3.98296e-07 0.000198605 4.79117e-05 
scan 190 0 2 0.000487967 0.000498613 0.000487967 2.01194e-05 0 0 4.39171e-06 9.75935e-05 2.35435e-05 
scan 190 0 3 0 0 0 0 0 0 0 0 0 
scan 190 0 4 0 0 0 0 0 0 0 0 0 
scan 190 0 5 0 0 0 0 0 0 0 0 0 
scan 190 0 6 0 0 0 0 0 0 0 0 0 
scan 190 0 7 0.000496117 0.000518799 0.000496117 0 1.7186e-05 0 3.96893e-07 0.000148835 2.39367e-05 
scan 190 0 8 0 0 0 0 0 0 0 0 0 
scan 190 0 9 0 0 0 0 0 0 0 0 0 
scan 190 0 10 0 0 0 0 0 0 0 0 0 
scan 190 0 11 0 0 0 0 0 0 0 0 0 
scan 190 0 12 0 0 0 0 0 0 0 0 0 
scan 190 0 13 0 0 0 0 0 0 0 0 0 
scan 190 0 14 0 0 0 0 0 0 0 0 0 
scan 190 0 15 0.0138429 0.00389055 0.00261623 0.000344177 0.000206539 0 6.13193e-05 0.00276858 0.000679559 
scan 190 0 16 0.0183228 0.00486128 0.00301238 0.000430943 0.000341141 0 8.0434e-05 0.00366455 0.000905623 
scan 190 0 17 0.00796655 0.00259261 0.00199172 0.000169692 0.000181346 0 1.12636e-05 0.00159331 0.000392758 
scan 190 0 18 0.00495335 0.00187597 0.00156645 0.000133889 7.26683e-05 0 2.30152e-05 0.000990669 0.000245634 
scan 190 0 19 0.0024998 0.00123417 0.00111798 4.73564e-05 7.26931e-05 0 3.98062e-06 0.000499961 0.000125639 
scan 190 0 20 0.00050468 0.000527834 0.00050468 1.42745e-05 1.00936e-05 0 1.42441e-09 0.000151404 2.60338e-05 
scan 190 0 21 0.00344762 0.00167553 0.00130317 9.27668e-05 4.70006e-05 0 1.87722e-05 0.00103429 0.000167989 
scan 190 0 22 0.00296438 0.00151094 0.00121028 6.48897e-05 4.45789e-05 0 1.22449e-05 0.000889315 0.000144707 
scan 190 0 23 0.00248578 0.001347 0.00111177 7.63404e-05 3.42419e-05 0 7.05786e-06 0.000745734 0.000123302 
scan 190 0 24 0 0 0 0 0 0 0 0 0 
scan 190 0 25 0 0 0 0 0 0 0 0 0 
scan 190 0 26 0.00146977 0.00169954 0.000848623 5.09144e-05 0 0 1.40828e-05 0.00146977 7.25735e-05 
scan 190 0 27 0.00495085 0.00520025 0.00156575 0.000108605 9.69013e-05 0 1.65093e-05 0.00495085 0.000242235 
scan 190 0 28 0.00249074 0.00273232 0.00111392 3.82675e-05 6.84586e-05 0 7.95541e-07 0.00249074 0.000121857 
scan 190 0 29 0.00049691 0.000703357 0.00049691 1.40547e-05 9.93821e-06 0 7.15849e-10 0.00049691 2.3975e-05 
scan 190 0 30 0.000991041 0.000731257 0.000700772 0 4.56172e-05 0 1.38674e-06 0.000198208 4.78159e-05 
scan 190 0 31 0.00100936 0.000744375 0.000713729 2.01873e-05 2.85491e-05 0 4.84697e-10 0.000201873 5.20679e-05 
scan 190 0 32 0 0 0 0 0 0 0 0 0 
scan 190 0 33 0 0 0 0 0 0 0 0 0 
scan 190 0 34 0.00049691 0.00050761 0.00049691 1.40547e-05 9.93821e-06 0 7.15849e-10 9.93821e-05 2.3975e-05 
scan 190 0 35 0 0 0 0 0 0 0 0 0 
scan 190 0 36 0 0 0 0 0 0 0 0 0 
scan 190 0 37 0 0 0 0 0 0 0 0 0 
scan 190 0 38 0 0 0 0 0 0 0 0 0 
scan 190 0 39 0 0 0 0 0 0 0 0 0 
scan 190 0 40 0 0 0 0 0 0 0 0 0 
scan 190 0 41 0 0 0 0 0 0 0 0 0 
scan 190 0 42 0 0 0 0 0 0 0 0 0 
scan 190 0 43 0 0 0 0 0 0 0 0 0 
scan 190 0 44 0 0 0 0 0 0 0 0 0 
scan 190 0 45 0 0 0 0 0 0 0 0 0 
scan 190 0 46 0 0 0 0 0 0 0 0 0 
scan 190 0 47 0.000496911 0.000507611 0.000496911 9.93822e-06 1.40548e-05 0 3.11663e-10 9.93822e-05 2.39751e-05 
scan 190 0 48 0 0 0 0 0 0 0 0 0 
scan 190 0 49 0 0 0 0 0 0 0 0 0 
scan 190 0 50 0 0 0 0 0 0 0 0 0 
scan 190 0 51 0 0 0 0 0 0 0 0 0 
scan 190 0 52 0 0 0 0 0 0 0 0 0 
scan 190 0 53 0 0 0 0 0 0 0 0 0 
scan 190 0 54 0 0 0 0 0 0 0 0 0 
scan 190 0 55 0 0 0 0 0 0 0 0 0 
scan 190 0 56 0 0 0 0 0 0 0 0 0 
scan 190 0 57 0 0 0 0 0 0 0 0 0 
scan 190 0 58 0 0 0 0 0 0 0 0 0 
scan 190 0 59 0 0 0 0 0 0 0 0 0 
scan 190 0 75 0 0 0 0 0 0 0 0 0 
scan 190 0 76 0 0 0 0 0 0 0 0 0 
scan 190 0 77 0 0 0 0 0 0 0 0 0 
scan 190 0 78 0 0 0 0 0 0 0 0 0 
scan 190 0 79 0 0 0 0 0 0 0 0 0 
scan 190 0 80 0 0 0 0 0 0 0 0 0 
scan 190 0 81 0 0 0 0 0 0 0 0 0 
scan 190 0 82 0 0 0 0 0 0 0 0 0 
scan 190 0 83 0 0 0 0 0 0 0 0 0 
scan 190 0 84 0 0 0 0 0 0 0 0 0 
scan 190 0 85 0 0 0 0 0 0 0 0 0 
scan 190 0 86 0 0 0 0 0 0 0 0 0 
scan 190 0 87 0 0 0 0 0 0 0 0 0 
scan 190 0 88 0 0 0 0 0 0 0 0 0 
scan 190 0 89 0 0 0 0 0 0 0 0 0 
scan 190 0 90 0.00243009 0.0012042 0.00108866 5.28915e-05 4.86017e-05 8.29468e-05 3.70762e-05 0.000486017 0.000123706 
scan 190 0 91 0 0 0 0 0 0 0 0 0 
scan 190 0 92 0 0 0 0 0 0 0 0 0 
scan 190 0 93 0 0 0 0 0 0 0 0 0 
scan 190 0 94 0 0 0 0 0 0 0 0 0 
scan 190 0 95 0 0 0 0 0 0 0 0 0 
scan 190 0 96 0 0 0 0 0 0 0 0 0 
scan 190 0 97 0 0 0 0 0 0 0 0 0 
scan 190 0 98 0.000437282 0.000458131 0.000437282 1.23682e-05 0 1.31185e-05 2.62369e-05 0.000131185 2.10981e-05 
scan 190 0 99 0 0 0 0 0 0 0 0 0 
scan 190 0 100 0 0 0 0 0 0 0 0 0 
scan 190 0 101 0 0 0 0 0 0 0 0 0 
scan 190 0 102 0.000988954 0.00121349 0.000699296 1.97791e-05 1.97791e-05 4.94477e-05 2.42294e-06 0.000988954 4.77152e-05 
scan 190 0 103 0 0 0 0 0 0 0 0 0 
scan 190 0 104 0 0 0 0 0 0 0 0 0 
scan 190 0 120 0 0 0 0 0 0 0 0 0 
scan 190 0 121 0 0 0 0 0 0 0 0 0 
scan 190 0 122 0 0 0 0 0 0 0 0 0 
scan 190 0 123 0 0 0 0 0 0 0 0 0 
scan 190 0 124 0 0 0 0 0 0 0 0 0 
scan 190 0 125 0 0 0 0 0 0 0 0 0 
scan 190 0 126 0 0 0 0 0 0 0 0 0 
scan 190 0 127 0 0 0 0 0 0 0 0 0 
scan 190 0 128 0 0 0 0 0 0 0 0 0 
scan 190 0 129 0 0 0 0 0 0 0 0 0 
scan 190 0 130 0 0 0 0 0 0 0 0 0 
scan 190 0 131 0 0 0 0 0 0 0 0 0 
scan 190 0 132 0 0 0 0 0 0 0 0 0 
scan 190 0 133 0 0 0 0 0 0 0 0 0 
scan 190 0 134 0 0 0 0 0 0 0 0 0 
scan 190 0 135 0 0 0 0 0 0 0 0 0 
scan 190 0 136 0.000931759 0.000688985 0.000660093 1.86352e-05 1.86352e-05 2.79528e-05 2.74484e-05 0.000186352 4.49557e-05 
scan 190 0 137 0 0 0 0 0 0 0 0 0 
scan 190 0 138 0 0 0 0 0 0 0 0 0 
scan 190 0 139 0 0 0 0 0 0 0 0 0 
scan 190 0 140 0 0 0 0 0 0 0 0 0 
scan 190 0 141 0 0 0 0 0 0 0 0 0 
scan 190 0 142 0 0 0 0 0 0 0 0 0 
scan 190 0 143 0 0 0 0 0 0 0 0 0 
scan 190 0 144 0 0 0 0 0 0 0 0 0 
scan 190 0 145 0 0 0 0 0 0 0 0 0 
scan 190 0 146 0 0 0 0 0 0 0 0 0 
scan 190 0 147 0 0 0 0 0 0 0 0 0 
scan 190 0 148 0 0 0 0 0 0 0 0 0 
scan 190 0 149 0 0 0 0 0 0 0 0 0 
scan 190 0 165 0 0 0 0 0 0 0 0 0 
scan 190 0 166 0 0 0 0 0 0 0 0 0 
scan 190 0 167 0 0 0 0 0 0 0 0 0 
scan 190 0 168 0 0 0 0 0 0 0 0 0 
scan 190 0 169 0 0 0 0 0 0 0 0 0 
scan 190 0 170 0 0 0 0 0 0 0 0 0 
scan 190 0 171 0 0 0 0 0 0 0 0 0 
scan 190 0 172 0 0 0 0 0 0 0 0 0 
scan 190 0 173 0 0 0 0 0 0 0 0 0 
scan 190 0 174 0 0 0 0 0 0 0 0 0 
scan 190 0 175 0 0 0 0 0 0 0 0 0 
scan 190 0 176 0 0 0 0 0 0 0 0 0 
scan 190 0 177 0 0 0 0 0 0 0 0 0 
scan 190 0 178 0 0 0 0 0 0 0 0 0 
scan 190 0 179 0 0 0 0 0 0 0 0 0 
