# cards/mergeScans.py -> lines taken from file cards/ZW/l2j2_wz_330_60.txt
xsec 330 60 0.0959083
scan 330 60 500 0.000825182 0 0 2.06296e-05 2.06296e-05 0 0 1.42927e-06 0
scan 330 60 501 0.000657754 0 0 1.64439e-05 1.64439e-05 0 0 -1.24153e-06 0
scan 330 60 502 0.000922011 0 0 2.30503e-05 2.30503e-05 0 0 8.30364e-07 0
scan 330 60 503 0.00139114 0 0 3.47784e-05 3.47784e-05 0 0 2.10001e-07 0
scan 330 60 504 0.00209543 0 0 5.23857e-05 5.23857e-05 0 0 1.94056e-07 0
# cards/mergeScans.py -> lines taken from file TChiWZ.kit/output/cn_330_60.txt
scan 330 60 0 4.7586e-05 2.91846e-05 2.74748e-05 1.41662e-06 7.70506e-07 0 1.41114e-07 9.51719e-06 1.91845e-06 
scan 330 60 1 8.012e-05 3.94805e-05 3.58357e-05 1.79391e-06 1.79412e-06 0 1.29179e-07 1.6024e-05 3.36064e-06 
scan 330 60 2 3.25082e-05 2.39621e-05 2.29906e-05 6.50164e-07 9.19471e-07 0 6.66792e-11 6.50164e-06 1.44135e-06 
scan 330 60 3 3.19155e-05 2.35135e-05 2.25677e-05 7.70509e-07 7.70509e-07 0 3.06516e-11 6.3831e-06 1.28669e-06 
scan 330 60 4 0 0 0 0 0 0 0 0 0 
scan 330 60 5 0 0 0 0 0 0 0 0 0 
scan 330 60 6 1.55269e-05 1.62367e-05 1.55269e-05 6.40192e-07 0 0 2.09614e-07 4.65808e-06 6.25976e-07 
scan 330 60 7 1.63122e-05 1.70584e-05 1.63122e-05 5.65072e-07 0 0 1.17448e-07 4.89367e-06 7.86523e-07 
scan 330 60 8 0 0 0 0 0 0 0 0 0 
scan 330 60 9 0 0 0 0 0 0 0 0 0 
scan 330 60 10 0 0 0 0 0 0 0 0 0 
scan 330 60 11 1.59323e-05 2.25475e-05 1.59323e-05 0 5.5191e-07 0 1.27458e-08 1.59323e-05 6.42317e-07 
scan 330 60 12 3.22104e-05 3.94886e-05 2.27772e-05 8.82163e-07 4.51354e-07 0 1.46281e-07 3.22104e-05 1.427e-06 
scan 330 60 13 1.59323e-05 2.25475e-05 1.59323e-05 0 5.5191e-07 0 1.27458e-08 1.59323e-05 6.42317e-07 
scan 330 60 14 4.84405e-05 5.59967e-05 2.79715e-05 7.87274e-07 1.33427e-06 0 1.27797e-08 4.84405e-05 2.08367e-06 
scan 330 60 15 0.000398048 0.000114555 7.96239e-05 1.19709e-05 4.96273e-06 0 1.60522e-06 7.96096e-05 1.65705e-05 
scan 330 60 16 0.000896068 0.000220567 0.000119763 2.04091e-05 1.83118e-05 0 2.58713e-06 0.000179214 3.78187e-05 
scan 330 60 17 0.000818162 0.00020457 0.000114583 2.14563e-05 1.57542e-05 0 2.53214e-06 0.000163632 3.50578e-05 
scan 330 60 18 0.000606441 0.000159381 9.84013e-05 1.57709e-05 9.40026e-06 0 2.88082e-06 0.000121288 2.57513e-05 
scan 330 60 19 0.000782155 0.000196526 0.000111757 2.01981e-05 1.25778e-05 0 3.08762e-06 0.000156431 3.29627e-05 
scan 330 60 20 3.2221e-05 2.48217e-05 2.27922e-05 1.01096e-06 3.3101e-07 0 1.41066e-07 9.66631e-06 1.42978e-06 
scan 330 60 21 0.000288743 0.000111226 6.80681e-05 7.54414e-06 5.08697e-06 0 7.17114e-07 8.66229e-05 1.22907e-05 
scan 330 60 22 0.000417856 0.00015134 8.19655e-05 9.00056e-06 8.01296e-06 0 1.17128e-06 0.000125357 1.80188e-05 
scan 330 60 23 0.000286813 0.000110372 6.76076e-05 6.17393e-06 5.40076e-06 0 7.95369e-07 8.60438e-05 1.18222e-05 
scan 330 60 24 0.000224235 9.08138e-05 5.99391e-05 2.74588e-06 5.69117e-06 0 4.70033e-07 6.72705e-05 9.43225e-06 
scan 330 60 25 1.5728e-05 2.22587e-05 1.5728e-05 5.44834e-07 0 0 1.13242e-07 1.5728e-05 6.34082e-07 
scan 330 60 26 0.000319397 0.000327692 7.14266e-05 5.70212e-06 7.51994e-06 0 7.57618e-07 0.000319397 1.32666e-05 
scan 330 60 27 0.000575221 0.000583917 9.58864e-05 1.40199e-05 9.86618e-06 0 1.96348e-06 0.000575221 2.42306e-05 
scan 330 60 28 0.00109133 0.00110082 0.000132369 2.59719e-05 2.00968e-05 0 3.06963e-06 0.00109133 4.67318e-05 
scan 330 60 29 0.00169565 0.00170589 0.000164725 3.81371e-05 3.28206e-05 0 5.25057e-06 0.00169565 7.16147e-05 
scan 330 60 30 3.16804e-05 2.33429e-05 2.2402e-05 1.02341e-06 4.51203e-07 0 1.15922e-07 6.33608e-06 1.27721e-06 
scan 330 60 31 3.19721e-05 2.35592e-05 2.26077e-05 8.73907e-07 4.51354e-07 0 2.59439e-07 6.39442e-06 1.4155e-06 
scan 330 60 32 4.77839e-05 2.93178e-05 2.75881e-05 4.51352e-07 1.7841e-06 0 4.45788e-08 9.55678e-06 1.92643e-06 
scan 330 60 33 0 0 0 0 0 0 0 0 0 
scan 330 60 34 0 0 0 0 0 0 0 0 0 
scan 330 60 35 0 0 0 0 0 0 0 0 0 
scan 330 60 36 1.59323e-05 1.66553e-05 1.59323e-05 0 5.5191e-07 0 1.27458e-08 4.77968e-06 6.42317e-07 
scan 330 60 37 1.59577e-05 1.66819e-05 1.59577e-05 4.51353e-07 3.19155e-07 0 3.00261e-11 4.78732e-06 6.43344e-07 
scan 330 60 38 0 0 0 0 0 0 0 0 0 
scan 330 60 39 0 0 0 0 0 0 0 0 0 
scan 330 60 40 0 0 0 0 0 0 0 0 0 
scan 330 60 41 1.59577e-05 2.25835e-05 1.59577e-05 4.51352e-07 3.19154e-07 0 4.5039e-11 1.59577e-05 6.43342e-07 
scan 330 60 42 0 0 0 0 0 0 0 0 0 
scan 330 60 43 3.21508e-05 3.94173e-05 2.27347e-05 1.0123e-06 3.19155e-07 0 1.74908e-07 3.21508e-05 1.42412e-06 
scan 330 60 44 0 0 0 0 0 0 0 0 0 
scan 330 60 45 0 0 0 0 0 0 0 0 0 
scan 330 60 46 0 0 0 0 0 0 0 0 0 
scan 330 60 47 0 0 0 0 0 0 0 0 0 
scan 330 60 48 0 0 0 0 0 0 0 0 0 
scan 330 60 49 0 0 0 0 0 0 0 0 0 
scan 330 60 50 0 0 0 0 0 0 0 0 0 
scan 330 60 51 0 0 0 0 0 0 0 0 0 
scan 330 60 52 0 0 0 0 0 0 0 0 0 
scan 330 60 53 0 0 0 0 0 0 0 0 0 
scan 330 60 54 0 0 0 0 0 0 0 0 0 
scan 330 60 55 0 0 0 0 0 0 0 0 0 
scan 330 60 56 0 0 0 0 0 0 0 0 0 
scan 330 60 57 1.59578e-05 2.25836e-05 1.59578e-05 3.19155e-07 4.51354e-07 0 7.66292e-12 1.59578e-05 6.43345e-07 
scan 330 60 58 1.65505e-05 2.34266e-05 1.65505e-05 3.31011e-07 4.6812e-07 0 7.94757e-12 1.65505e-05 7.98013e-07 
scan 330 60 59 0 0 0 0 0 0 0 0 0 
scan 330 60 75 0 0 0 0 0 0 0 0 0 
scan 330 60 76 0 0 0 0 0 0 0 0 0 
scan 330 60 77 0 0 0 0 0 0 0 0 0 
scan 330 60 78 0 0 0 0 0 0 0 0 0 
scan 330 60 79 0 0 0 0 0 0 0 0 0 
scan 330 60 80 0 0 0 0 0 0 0 0 0 
scan 330 60 81 0 0 0 0 0 0 0 0 0 
scan 330 60 82 0 0 0 0 0 0 0 0 0 
scan 330 60 83 0 0 0 0 0 0 0 0 0 
scan 330 60 84 0 0 0 0 0 0 0 0 0 
scan 330 60 85 0 0 0 0 0 0 0 0 0 
scan 330 60 86 0 0 0 0 0 0 0 0 0 
scan 330 60 87 0 0 0 0 0 0 0 0 0 
scan 330 60 88 0 0 0 0 0 0 0 0 0 
scan 330 60 89 0 0 0 0 0 0 0 0 0 
scan 330 60 90 4.24728e-05 2.62299e-05 2.4523e-05 6.78759e-07 6.87076e-07 1.8364e-06 2.61577e-06 8.49457e-06 1.82347e-06 
scan 330 60 91 0 0 0 0 0 0 0 0 0 
scan 330 60 92 3.05123e-05 2.25916e-05 2.16436e-05 7.26581e-07 3.29389e-07 1.19623e-06 8.82921e-07 6.10246e-06 1.36025e-06 
scan 330 60 93 0 0 0 0 0 0 0 0 0 
scan 330 60 94 0 0 0 0 0 0 0 0 0 
scan 330 60 95 1.40429e-05 1.47077e-05 1.40429e-05 3.97192e-07 0 4.21286e-07 8.42571e-07 4.21286e-06 5.66145e-07 
scan 330 60 96 2.98985e-05 2.30808e-05 2.11803e-05 7.14305e-07 3.17113e-07 8.96955e-07 8.93309e-07 8.96955e-06 1.20537e-06 
scan 330 60 97 1.53195e-05 1.60213e-05 1.53195e-05 0 4.333e-07 4.59584e-07 3.0639e-07 4.59584e-06 6.17612e-07 
scan 330 60 98 0 0 0 0 0 0 0 0 0 
scan 330 60 99 0 0 0 0 0 0 0 0 0 
scan 330 60 100 0 0 0 0 0 0 0 0 0 
scan 330 60 101 0 0 0 0 0 0 0 0 0 
scan 330 60 102 0 0 0 0 0 0 0 0 0 
scan 330 60 103 3.23242e-05 3.96484e-05 2.28602e-05 6.46484e-07 6.46484e-07 1.28732e-06 9.15278e-08 3.23242e-05 1.4331e-06 
scan 330 60 104 4.44869e-05 5.14826e-05 2.57194e-05 1.00607e-06 6.08882e-07 1.33461e-06 1.75535e-06 4.44869e-05 1.90859e-06 
scan 330 60 120 0 0 0 0 0 0 0 0 0 
scan 330 60 121 0 0 0 0 0 0 0 0 0 
scan 330 60 122 0 0 0 0 0 0 0 0 0 
scan 330 60 123 0 0 0 0 0 0 0 0 0 
scan 330 60 124 0 0 0 0 0 0 0 0 0 
scan 330 60 125 0 0 0 0 0 0 0 0 0 
scan 330 60 126 0 0 0 0 0 0 0 0 0 
scan 330 60 127 0 0 0 0 0 0 0 0 0 
scan 330 60 128 0 0 0 0 0 0 0 0 0 
scan 330 60 129 0 0 0 0 0 0 0 0 0 
scan 330 60 130 0 0 0 0 0 0 0 0 0 
scan 330 60 131 0 0 0 0 0 0 0 0 0 
scan 330 60 132 0 0 0 0 0 0 0 0 0 
scan 330 60 133 0 0 0 0 0 0 0 0 0 
scan 330 60 134 0 0 0 0 0 0 0 0 0 
scan 330 60 135 1.45645e-05 1.49186e-05 1.45645e-05 2.9129e-07 2.9129e-07 7.28224e-07 8.73869e-07 2.9129e-06 7.02252e-07 
scan 330 60 136 0 0 0 0 0 0 0 0 0 
scan 330 60 137 0 0 0 0 0 0 0 0 0 
scan 330 60 138 1.58557e-05 1.61956e-05 1.58557e-05 3.17113e-07 3.17113e-07 4.7567e-07 5.07381e-08 3.17113e-06 6.39229e-07 
scan 330 60 139 0 0 0 0 0 0 0 0 0 
scan 330 60 140 0 0 0 0 0 0 0 0 0 
scan 330 60 141 0 0 0 0 0 0 0 0 0 
scan 330 60 142 0 0 0 0 0 0 0 0 0 
scan 330 60 143 1.64695e-05 1.72264e-05 1.64695e-05 3.29389e-07 3.29389e-07 4.94084e-07 4.03502e-08 4.94084e-06 7.94104e-07 
scan 330 60 144 0 0 0 0 0 0 0 0 0 
scan 330 60 145 0 0 0 0 0 0 0 0 0 
scan 330 60 146 1.45645e-05 2.06473e-05 1.45645e-05 2.9129e-07 7.28224e-07 4.36934e-07 8.73869e-07 1.45645e-05 7.02252e-07 
scan 330 60 147 1.64446e-05 2.32797e-05 1.64446e-05 3.28892e-07 3.28892e-07 4.93339e-07 5.26228e-08 1.64446e-05 7.92907e-07 
scan 330 60 148 0 0 0 0 0 0 0 0 0 
scan 330 60 149 1.64695e-05 2.33148e-05 1.64695e-05 3.29389e-07 3.29389e-07 4.94084e-07 4.03502e-08 1.64695e-05 7.94104e-07 
scan 330 60 165 0 0 0 0 0 0 0 0 0 
scan 330 60 166 0 0 0 0 0 0 0 0 0 
scan 330 60 167 0 0 0 0 0 0 0 0 0 
scan 330 60 168 0 0 0 0 0 0 0 0 0 
scan 330 60 169 0 0 0 0 0 0 0 0 0 
scan 330 60 170 0 0 0 0 0 0 0 0 0 
scan 330 60 171 0 0 0 0 0 0 0 0 0 
scan 330 60 172 0 0 0 0 0 0 0 0 0 
scan 330 60 173 0 0 0 0 0 0 0 0 0 
scan 330 60 174 0 0 0 0 0 0 0 0 0 
scan 330 60 175 0 0 0 0 0 0 0 0 0 
scan 330 60 176 0 0 0 0 0 0 0 0 0 
scan 330 60 177 0 0 0 0 0 0 0 0 0 
scan 330 60 178 0 0 0 0 0 0 0 0 0 
scan 330 60 179 0 0 0 0 0 0 0 0 0 
