# cards/mergeScans.py -> lines taken from file cards/ZW/l2j2_wz_260_120.txt
xsec 260 120 0.270724
scan 260 120 500 0.00189191 0 0 4.72977e-05 4.72977e-05 0 0 2.87717e-07 0
scan 260 120 501 0.00219428 0 0 5.4857e-05 5.4857e-05 0 0 2.51474e-06 0
scan 260 120 502 0.00249769 0 0 6.24423e-05 6.24423e-05 0 0 6.24791e-07 0
scan 260 120 503 0.00127178 0 0 3.17946e-05 3.17946e-05 0 0 3.60404e-06 0
scan 260 120 504 0.000139467 0 0 3.48668e-06 3.48668e-06 0 0 4.62832e-06 0
# cards/mergeScans.py -> lines taken from file TChiWZ.kit/output/cn_260_120.txt
scan 260 120 0 4.54266e-05 4.63938e-05 4.54266e-05 1.28486e-06 9.08533e-07 0 6.54416e-11 9.08533e-06 1.94551e-06 
scan 260 120 1 0.000225498 0.000111136 0.00010085 6.56885e-06 3.10192e-06 0 8.03291e-07 4.50996e-05 9.65751e-06 
scan 260 120 2 4.54077e-05 4.63855e-05 4.54077e-05 1.36223e-06 1.28432e-06 0 9.53561e-09 9.08154e-06 1.9447e-06 
scan 260 120 3 4.54267e-05 4.63939e-05 4.54267e-05 9.08534e-07 1.28486e-06 0 2.18139e-11 9.08534e-06 1.94551e-06 
scan 260 120 4 0 0 0 0 0 0 0 0 0 
scan 260 120 5 0 0 0 0 0 0 0 0 0 
scan 260 120 6 9.08532e-05 7.00171e-05 6.42429e-05 1.81706e-06 3.73115e-06 0 1.82078e-10 2.72559e-05 3.89101e-06 
scan 260 120 7 9.15098e-05 7.04532e-05 6.47115e-05 1.60329e-06 1.56671e-06 0 5.99355e-07 2.74529e-05 4.12551e-06 
scan 260 120 8 0 0 0 0 0 0 0 0 0 
scan 260 120 9 0 0 0 0 0 0 0 0 0 
scan 260 120 10 0 0 0 0 0 0 0 0 0 
scan 260 120 11 0 0 0 0 0 0 0 0 0 
scan 260 120 12 0 0 0 0 0 0 0 0 0 
scan 260 120 13 0 0 0 0 0 0 0 0 0 
scan 260 120 14 0 0 0 0 0 0 0 0 0 
scan 260 120 15 0.00451284 0.00103844 0.000453638 0.000105649 8.44344e-05 0 1.53821e-05 0.000902569 0.000198499 
scan 260 120 16 0.00599208 0.00134783 0.000523648 0.000139917 0.000126555 0 1.75809e-05 0.00119842 0.000265227 
scan 260 120 17 0.00285711 0.000692622 0.000360017 6.66758e-05 5.99553e-05 0 1.06287e-05 0.000571421 0.000124248 
scan 260 120 18 0.000917358 0.000280007 0.00020516 1.48754e-05 2.83291e-05 0 2.83003e-07 0.000183472 4.03424e-05 
scan 260 120 19 0.000739025 0.000240053 0.000184804 1.83914e-05 1.25876e-05 0 2.31467e-06 0.000147805 3.3539e-05 
scan 260 120 20 0.000226867 0.000122785 0.000101486 5.22231e-06 4.19395e-06 0 1.04838e-06 6.80602e-05 9.92709e-06 
scan 260 120 21 0.00150933 0.000529554 0.000262792 2.81498e-05 3.28105e-05 0 4.18721e-06 0.0004528 6.67351e-05 
scan 260 120 22 0.00119118 0.000431598 0.000233661 2.71243e-05 2.07669e-05 0 3.3589e-06 0.000357354 5.29035e-05 
scan 260 120 23 0.000637925 0.000258666 0.000170513 1.05906e-05 1.80389e-05 0 8.92856e-07 0.000191377 2.77419e-05 
scan 260 120 24 0.000228107 0.00012349 0.00010202 6.94798e-06 2.19339e-06 0 1.36196e-06 6.8432e-05 1.01816e-05 
scan 260 120 25 0 0 0 0 0 0 0 0 0 
scan 260 120 26 0.000822708 0.000846352 0.000193954 1.48704e-05 1.73989e-05 0 2.15079e-06 0.000822708 3.6285e-05 
scan 260 120 27 0.00178799 0.00181329 0.000286375 4.01356e-05 3.3757e-05 0 4.88051e-06 0.00178799 7.95133e-05 
scan 260 120 28 0.00124128 0.00126588 0.000238937 3.16313e-05 2.24108e-05 0 2.89714e-06 0.00124128 5.54684e-05 
scan 260 120 29 0.000180399 0.000201923 9.02017e-05 5.29533e-06 2.19339e-06 0 6.44813e-07 0.000180399 7.72602e-06 
scan 260 120 30 0.000134154 8.23088e-05 7.74541e-05 4.64724e-06 0 0 1.04621e-06 2.68309e-05 5.74549e-06 
scan 260 120 31 0.000227267 0.000112046 0.000101662 6.60264e-06 3.15504e-06 0 8.54575e-07 4.54534e-05 9.9442e-06 
scan 260 120 32 0 0 0 0 0 0 0 0 0 
scan 260 120 33 4.54267e-05 4.63939e-05 4.54267e-05 9.08534e-07 1.28486e-06 0 2.84916e-11 9.08534e-06 1.94551e-06 
scan 260 120 34 4.54266e-05 4.63938e-05 4.54266e-05 1.28486e-06 9.08533e-07 0 6.54416e-11 9.08533e-06 1.94551e-06 
scan 260 120 35 0 0 0 0 0 0 0 0 0 
scan 260 120 36 0.000137404 8.96956e-05 7.93368e-05 2.52362e-06 2.85597e-06 0 3.71994e-07 4.12213e-05 6.09257e-06 
scan 260 120 37 0 0 0 0 0 0 0 0 0 
scan 260 120 38 0 0 0 0 0 0 0 0 0 
scan 260 120 39 0 0 0 0 0 0 0 0 0 
scan 260 120 40 0 0 0 0 0 0 0 0 0 
scan 260 120 41 4.54267e-05 6.42917e-05 4.54267e-05 9.08534e-07 1.28486e-06 0 3.72135e-11 4.54267e-05 1.94551e-06 
scan 260 120 42 0 0 0 0 0 0 0 0 0 
scan 260 120 43 4.47726e-05 6.33669e-05 4.47726e-05 1.55097e-06 0 0 3.22363e-07 4.47726e-05 1.9175e-06 
scan 260 120 44 0 0 0 0 0 0 0 0 0 
scan 260 120 45 4.73042e-05 4.83322e-05 4.73042e-05 1.70558e-06 9.46084e-07 0 2.50334e-10 9.46084e-06 2.23684e-06 
scan 260 120 46 0 0 0 0 0 0 0 0 0 
scan 260 120 47 0 0 0 0 0 0 0 0 0 
scan 260 120 48 0 0 0 0 0 0 0 0 0 
scan 260 120 49 0 0 0 0 0 0 0 0 0 
scan 260 120 50 0 0 0 0 0 0 0 0 0 
scan 260 120 51 0 0 0 0 0 0 0 0 0 
scan 260 120 52 4.54265e-05 4.74926e-05 4.54265e-05 1.28486e-06 9.0853e-07 0 1.28212e-10 1.3628e-05 1.9455e-06 
scan 260 120 53 0 0 0 0 0 0 0 0 0 
scan 260 120 54 0 0 0 0 0 0 0 0 0 
scan 260 120 55 0 0 0 0 0 0 0 0 0 
scan 260 120 56 0 0 0 0 0 0 0 0 0 
scan 260 120 57 0 0 0 0 0 0 0 0 0 
scan 260 120 58 0 0 0 0 0 0 0 0 0 
scan 260 120 59 0 0 0 0 0 0 0 0 0 
scan 260 120 75 0 0 0 0 0 0 0 0 0 
scan 260 120 76 0 0 0 0 0 0 0 0 0 
scan 260 120 77 0 0 0 0 0 0 0 0 0 
scan 260 120 78 0 0 0 0 0 0 0 0 0 
scan 260 120 79 0 0 0 0 0 0 0 0 0 
scan 260 120 80 0 0 0 0 0 0 0 0 0 
scan 260 120 81 0 0 0 0 0 0 0 0 0 
scan 260 120 82 0 0 0 0 0 0 0 0 0 
scan 260 120 83 0 0 0 0 0 0 0 0 0 
scan 260 120 84 0 0 0 0 0 0 0 0 0 
scan 260 120 85 0 0 0 0 0 0 0 0 0 
scan 260 120 86 0 0 0 0 0 0 0 0 0 
scan 260 120 87 0 0 0 0 0 0 0 0 0 
scan 260 120 88 0 0 0 0 0 0 0 0 0 
scan 260 120 89 0 0 0 0 0 0 0 0 0 
scan 260 120 90 0.000249383 0.00011539 0.00010213 7.02706e-06 3.44314e-06 9.95733e-06 1.08501e-05 4.98765e-05 1.089e-05 
scan 260 120 91 4.16281e-05 4.26061e-05 4.16281e-05 8.32563e-07 8.32563e-07 1.24884e-06 2.49769e-06 8.32563e-06 1.96844e-06 
scan 260 120 92 4.36097e-05 4.45574e-05 4.36097e-05 0 1.23347e-06 1.30829e-06 8.72194e-07 8.72194e-06 1.86769e-06 
scan 260 120 93 0 0 0 0 0 0 0 0 0 
scan 260 120 94 0 0 0 0 0 0 0 0 0 
scan 260 120 95 0 0 0 0 0 0 0 0 0 
scan 260 120 96 3.99755e-05 4.18721e-05 3.99755e-05 7.99511e-07 7.99511e-07 1.19927e-06 2.39853e-06 1.19927e-05 1.71205e-06 
scan 260 120 97 8.38169e-05 6.48563e-05 5.94505e-05 2.29629e-06 9.04083e-07 3.41859e-06 3.00671e-06 2.51451e-05 3.58967e-06 
scan 260 120 98 0 0 0 0 0 0 0 0 0 
scan 260 120 99 0 0 0 0 0 0 0 0 0 
scan 260 120 100 0 0 0 0 0 0 0 0 0 
scan 260 120 101 3.99755e-05 5.66573e-05 3.99755e-05 1.13068e-06 0 1.99878e-06 2.39853e-06 3.99755e-05 1.71205e-06 
scan 260 120 102 0 0 0 0 0 0 0 0 0 
scan 260 120 103 0 0 0 0 0 0 0 0 0 
scan 260 120 104 0 0 0 0 0 0 0 0 0 
scan 260 120 120 0 0 0 0 0 0 0 0 0 
scan 260 120 121 0 0 0 0 0 0 0 0 0 
scan 260 120 122 0 0 0 0 0 0 0 0 0 
scan 260 120 123 0 0 0 0 0 0 0 0 0 
scan 260 120 124 0 0 0 0 0 0 0 0 0 
scan 260 120 125 0 0 0 0 0 0 0 0 0 
scan 260 120 126 0 0 0 0 0 0 0 0 0 
scan 260 120 127 0 0 0 0 0 0 0 0 0 
scan 260 120 128 0 0 0 0 0 0 0 0 0 
scan 260 120 129 0 0 0 0 0 0 0 0 0 
scan 260 120 130 0 0 0 0 0 0 0 0 0 
scan 260 120 131 0 0 0 0 0 0 0 0 0 
scan 260 120 132 0 0 0 0 0 0 0 0 0 
scan 260 120 133 0 0 0 0 0 0 0 0 0 
scan 260 120 134 0 0 0 0 0 0 0 0 0 
scan 260 120 135 0.000123792 7.63598e-05 7.16408e-05 2.86198e-06 2.47585e-06 3.71377e-06 5.40524e-06 2.47585e-05 5.30172e-06 
scan 260 120 136 3.86127e-05 3.95504e-05 3.86127e-05 7.72255e-07 7.72255e-07 1.15838e-06 2.89596e-06 7.72255e-06 1.65369e-06 
scan 260 120 137 4.52042e-05 4.61778e-05 4.52042e-05 9.04083e-07 9.04083e-07 1.35612e-06 1.1075e-07 9.04083e-06 1.93598e-06 
scan 260 120 138 0 0 0 0 0 0 0 0 0 
scan 260 120 139 0 0 0 0 0 0 0 0 0 
scan 260 120 140 0 0 0 0 0 0 0 0 0 
scan 260 120 141 0 0 0 0 0 0 0 0 0 
scan 260 120 142 4.70729e-05 4.92703e-05 4.70729e-05 9.41458e-07 9.41458e-07 2.35365e-06 1.15329e-07 1.41219e-05 2.22591e-06 
scan 260 120 143 0 0 0 0 0 0 0 0 0 
scan 260 120 144 0 0 0 0 0 0 0 0 0 
scan 260 120 145 0 0 0 0 0 0 0 0 0 
scan 260 120 146 4.52042e-05 6.40104e-05 4.52042e-05 9.04083e-07 9.04083e-07 2.26021e-06 1.1075e-07 4.52042e-05 1.93598e-06 
scan 260 120 147 3.99755e-05 5.66347e-05 3.99755e-05 7.99511e-07 7.99511e-07 1.19927e-06 2.39853e-06 3.99755e-05 1.71205e-06 
scan 260 120 148 0 0 0 0 0 0 0 0 0 
scan 260 120 149 0 0 0 0 0 0 0 0 0 
scan 260 120 165 0 0 0 0 0 0 0 0 0 
scan 260 120 166 0 0 0 0 0 0 0 0 0 
scan 260 120 167 0 0 0 0 0 0 0 0 0 
scan 260 120 168 0 0 0 0 0 0 0 0 0 
scan 260 120 169 0 0 0 0 0 0 0 0 0 
scan 260 120 170 0 0 0 0 0 0 0 0 0 
scan 260 120 171 0 0 0 0 0 0 0 0 0 
scan 260 120 172 0 0 0 0 0 0 0 0 0 
scan 260 120 173 0 0 0 0 0 0 0 0 0 
scan 260 120 174 0 0 0 0 0 0 0 0 0 
scan 260 120 175 0 0 0 0 0 0 0 0 0 
scan 260 120 176 0 0 0 0 0 0 0 0 0 
scan 260 120 177 0 0 0 0 0 0 0 0 0 
scan 260 120 178 0 0 0 0 0 0 0 0 0 
scan 260 120 179 0 0 0 0 0 0 0 0 0 
