# cards/mergeScans.py -> lines taken from file cards/ZW/l2j2_wz_310_140.txt
xsec 310 140 0.126659
scan 310 140 500 0.000942856 0 0 2.35714e-05 2.35714e-05 0 0 2.43776e-07 0
scan 310 140 501 0.000956331 0 0 2.39083e-05 2.39083e-05 0 0 3.1473e-06 0
scan 310 140 502 0.00143277 0 0 3.58192e-05 3.58192e-05 0 0 -1.12609e-07 0
scan 310 140 503 0.00154451 0 0 3.86127e-05 3.86127e-05 0 0 5.28643e-07 0
scan 310 140 504 0.00114312 0 0 2.85781e-05 2.85781e-05 0 0 1.54729e-06 0
# cards/mergeScans.py -> lines taken from file TChiWZ.kit/output/cn_310_140.txt
scan 310 140 0 8.25743e-05 4.46804e-05 4.12888e-05 2.16918e-06 1.13753e-06 0 3.84965e-07 1.65149e-05 3.56072e-06 
scan 310 140 1 8.43381e-05 4.57151e-05 4.22314e-05 2.18855e-06 1.65292e-06 0 5.87366e-07 1.68676e-05 3.74187e-06 
scan 310 140 2 6.6343e-05 4.07473e-05 3.83369e-05 1.99481e-06 1.04999e-06 0 2.69902e-07 1.32686e-05 3.06847e-06 
scan 310 140 3 4.1304e-05 3.04366e-05 2.92075e-05 1.29834e-06 4.1679e-07 0 1.8421e-07 8.26079e-06 1.78109e-06 
scan 310 140 4 6.65342e-05 4.08692e-05 3.84495e-05 2.06189e-06 1.04933e-06 0 1.7851e-07 1.33068e-05 3.07762e-06 
scan 310 140 5 0 0 0 0 0 0 0 0 0 
scan 310 140 6 0 0 0 0 0 0 0 0 0 
scan 310 140 7 4.38678e-05 3.38242e-05 3.10578e-05 8.77355e-07 1.24077e-06 0 2.10653e-11 1.31603e-05 1.99673e-06 
scan 310 140 8 0 0 0 0 0 0 0 0 0 
scan 310 140 9 2.30282e-05 2.40804e-05 2.30282e-05 4.60564e-07 6.51336e-07 0 1.10581e-11 6.90846e-06 1.0981e-06 
scan 310 140 10 0 0 0 0 0 0 0 0 0 
scan 310 140 11 2.08396e-05 2.94941e-05 2.08396e-05 4.16791e-07 5.89432e-07 0 1.00072e-11 2.08396e-05 8.98631e-07 
scan 310 140 12 4.31925e-05 5.29953e-05 3.06087e-05 1.34985e-06 4.60562e-07 0 3.26728e-07 4.31925e-05 1.96761e-06 
scan 310 140 13 6.25182e-05 7.22767e-05 3.60949e-05 1.93023e-06 1.25036e-06 0 2.50585e-10 6.25182e-05 2.69587e-06 
scan 310 140 14 0 0 0 0 0 0 0 0 0 
scan 310 140 15 0.00107286 0.00026939 0.000151903 2.30985e-05 2.45777e-05 0 3.09658e-06 0.000214573 4.8038e-05 
scan 310 140 16 0.00174663 0.000410165 0.000193094 4.24826e-05 3.22271e-05 0 6.15531e-06 0.000349326 7.77171e-05 
scan 310 140 17 0.00140628 0.000338834 0.000173311 3.04172e-05 2.81438e-05 0 5.25497e-06 0.000281255 6.26289e-05 
scan 310 140 18 0.000816835 0.000215022 0.00013267 1.93516e-05 1.4705e-05 0 2.80355e-06 0.000163367 3.66838e-05 
scan 310 140 19 0.000514671 0.000149824 0.000105195 1.16794e-05 1.08154e-05 0 1.46444e-06 0.000102934 2.30322e-05 
scan 310 140 20 0 0 0 0 0 0 0 0 0 
scan 310 140 21 0.000591876 0.000212314 0.000111948 1.37598e-05 1.21271e-05 0 1.26377e-06 0.000177563 2.60465e-05 
scan 310 140 22 0.000605492 0.000217249 0.000114582 1.33877e-05 1.1816e-05 0 2.09921e-06 0.000181648 2.73641e-05 
scan 310 140 23 0.000364901 0.000142262 8.86064e-05 1.01515e-05 5.61084e-06 0 1.23213e-06 0.00010947 1.63611e-05 
scan 310 140 24 0.000103439 5.59795e-05 4.62611e-05 2.84066e-06 1.59541e-06 0 3.72534e-07 3.10316e-05 4.46042e-06 
scan 310 140 25 2.08062e-05 2.9447e-05 2.08062e-05 0 7.20749e-07 0 1.6645e-08 2.08062e-05 8.97194e-07 
scan 310 140 26 0.000298862 0.000309781 7.99608e-05 5.27108e-06 6.81757e-06 0 8.04805e-07 0.000298862 1.33051e-05 
scan 310 140 27 0.000981775 0.000993802 0.00014491 2.11638e-05 1.99419e-05 0 2.61006e-06 0.000981775 4.3694e-05 
scan 310 140 28 0.000900907 0.000912902 0.000139176 2.10899e-05 1.75989e-05 0 2.44393e-06 0.000900907 4.0311e-05 
scan 310 140 29 0.000555217 0.000566592 0.000109018 1.27112e-05 9.81896e-06 0 2.02468e-06 0.000555217 2.47779e-05 
scan 310 140 30 2.08395e-05 2.12834e-05 2.08395e-05 5.89429e-07 4.16789e-07 0 5.88173e-11 4.16789e-06 8.98627e-07 
scan 310 140 31 6.46862e-05 3.97589e-05 3.73897e-05 1.8296e-06 1.91828e-06 0 1.05876e-08 1.29372e-05 2.89445e-06 
scan 310 140 32 6.19519e-05 3.79836e-05 3.57694e-05 7.06311e-07 1.43977e-06 0 2.78363e-07 1.23904e-05 2.67145e-06 
scan 310 140 33 6.2452e-05 3.83034e-05 3.60567e-05 5.8943e-07 1.85829e-06 0 3.332e-08 1.24904e-05 2.69302e-06 
scan 310 140 34 2.03394e-05 2.07791e-05 2.03394e-05 8.38616e-07 0 0 2.44073e-07 4.06788e-06 8.77064e-07 
scan 310 140 35 0 0 0 0 0 0 0 0 0 
scan 310 140 36 2.05395e-05 2.14744e-05 2.05395e-05 7.11509e-07 0 0 1.47884e-07 6.16185e-06 8.85691e-07 
scan 310 140 37 2.30281e-05 2.40803e-05 2.30281e-05 6.51332e-07 4.60561e-07 0 8.48906e-11 6.90842e-06 1.0981e-06 
scan 310 140 38 0 0 0 0 0 0 0 0 0 
scan 310 140 39 0 0 0 0 0 0 0 0 0 
scan 310 140 40 0 0 0 0 0 0 0 0 0 
scan 310 140 41 0 0 0 0 0 0 0 0 0 
scan 310 140 42 0 0 0 0 0 0 0 0 0 
scan 310 140 43 0 0 0 0 0 0 0 0 0 
scan 310 140 44 2.08062e-05 2.9447e-05 2.08062e-05 0 7.20749e-07 0 1.6645e-08 2.08062e-05 8.97194e-07 
scan 310 140 45 0 0 0 0 0 0 0 0 0 
scan 310 140 46 4.16491e-05 3.06987e-05 2.94504e-05 1.04108e-06 1.17801e-06 0 1.5e-08 8.32982e-06 1.79597e-06 
scan 310 140 47 0 0 0 0 0 0 0 0 0 
scan 310 140 48 2.08316e-05 2.12753e-05 2.08316e-05 4.16631e-07 5.89206e-07 0 3.99966e-09 4.16631e-06 8.98287e-07 
scan 310 140 49 0 0 0 0 0 0 0 0 0 
scan 310 140 50 0 0 0 0 0 0 0 0 0 
scan 310 140 51 0 0 0 0 0 0 0 0 0 
scan 310 140 52 0 0 0 0 0 0 0 0 0 
scan 310 140 53 0 0 0 0 0 0 0 0 0 
scan 310 140 54 0 0 0 0 0 0 0 0 0 
scan 310 140 55 0 0 0 0 0 0 0 0 0 
scan 310 140 56 0 0 0 0 0 0 0 0 0 
scan 310 140 57 2.29884e-05 3.25388e-05 2.29884e-05 6.50211e-07 4.59769e-07 0 1.9862e-08 2.29884e-05 1.09621e-06 
scan 310 140 58 0 0 0 0 0 0 0 0 0 
scan 310 140 59 0 0 0 0 0 0 0 0 0 
scan 310 140 75 0 0 0 0 0 0 0 0 0 
scan 310 140 76 0 0 0 0 0 0 0 0 0 
scan 310 140 77 0 0 0 0 0 0 0 0 0 
scan 310 140 78 0 0 0 0 0 0 0 0 0 
scan 310 140 79 0 0 0 0 0 0 0 0 0 
scan 310 140 80 0 0 0 0 0 0 0 0 0 
scan 310 140 81 0 0 0 0 0 0 0 0 0 
scan 310 140 82 0 0 0 0 0 0 0 0 0 
scan 310 140 83 0 0 0 0 0 0 0 0 0 
scan 310 140 84 0 0 0 0 0 0 0 0 0 
scan 310 140 85 0 0 0 0 0 0 0 0 0 
scan 310 140 86 0 0 0 0 0 0 0 0 0 
scan 310 140 87 0 0 0 0 0 0 0 0 0 
scan 310 140 88 0 0 0 0 0 0 0 0 0 
scan 310 140 89 0 0 0 0 0 0 0 0 0 
scan 310 140 90 5.27241e-05 3.26491e-05 3.04636e-05 1.4689e-06 3.66776e-07 1.58172e-06 4.09602e-06 1.05448e-05 2.27354e-06 
scan 310 140 91 7.77018e-05 4.23221e-05 3.89312e-05 9.15767e-07 2.00446e-06 2.33105e-06 3.44434e-06 1.55404e-05 3.44415e-06 
scan 310 140 92 0 0 0 0 0 0 0 0 0 
scan 310 140 93 0 0 0 0 0 0 0 0 0 
scan 310 140 94 0 0 0 0 0 0 0 0 0 
scan 310 140 95 0 0 0 0 0 0 0 0 0 
scan 310 140 96 0 0 0 0 0 0 0 0 0 
scan 310 140 97 0 0 0 0 0 0 0 0 0 
scan 310 140 98 0 0 0 0 0 0 0 0 0 
scan 310 140 99 0 0 0 0 0 0 0 0 0 
scan 310 140 100 0 0 0 0 0 0 0 0 0 
scan 310 140 101 2.07375e-05 2.9365e-05 2.07375e-05 4.14749e-07 4.14749e-07 1.03687e-06 5.08068e-08 2.07375e-05 8.94228e-07 
scan 310 140 102 4.50225e-05 5.52297e-05 3.18408e-05 4.58308e-07 1.08359e-06 1.79282e-06 4.98285e-07 4.50225e-05 2.1469e-06 
scan 310 140 103 0 0 0 0 0 0 0 0 0 
scan 310 140 104 0 0 0 0 0 0 0 0 0 
scan 310 140 120 0 0 0 0 0 0 0 0 0 
scan 310 140 121 0 0 0 0 0 0 0 0 0 
scan 310 140 122 0 0 0 0 0 0 0 0 0 
scan 310 140 123 0 0 0 0 0 0 0 0 0 
scan 310 140 124 0 0 0 0 0 0 0 0 0 
scan 310 140 125 0 0 0 0 0 0 0 0 0 
scan 310 140 126 0 0 0 0 0 0 0 0 0 
scan 310 140 127 0 0 0 0 0 0 0 0 0 
scan 310 140 128 0 0 0 0 0 0 0 0 0 
scan 310 140 129 0 0 0 0 0 0 0 0 0 
scan 310 140 130 0 0 0 0 0 0 0 0 0 
scan 310 140 131 0 0 0 0 0 0 0 0 0 
scan 310 140 132 0 0 0 0 0 0 0 0 0 
scan 310 140 133 0 0 0 0 0 0 0 0 0 
scan 310 140 134 0 0 0 0 0 0 0 0 0 
scan 310 140 135 6.17398e-05 3.79591e-05 3.56476e-05 1.2348e-06 1.84274e-06 1.85219e-06 1.3175e-06 1.2348e-05 2.75479e-06 
scan 310 140 136 2.07375e-05 2.11844e-05 2.07375e-05 4.14749e-07 4.14749e-07 6.22124e-07 5.08068e-08 4.14749e-06 8.94228e-07 
scan 310 140 137 2.07375e-05 2.11844e-05 2.07375e-05 4.14749e-07 4.14749e-07 6.22124e-07 5.08068e-08 4.14749e-06 8.94228e-07 
scan 310 140 138 0 0 0 0 0 0 0 0 0 
scan 310 140 139 0 0 0 0 0 0 0 0 0 
scan 310 140 140 0 0 0 0 0 0 0 0 0 
scan 310 140 141 1.83388e-05 1.92134e-05 1.83388e-05 5.50165e-07 3.66776e-07 5.50165e-07 1.10033e-06 5.50165e-06 7.90796e-07 
scan 310 140 142 2.07375e-05 2.16859e-05 2.07375e-05 4.14749e-07 4.14749e-07 6.22124e-07 5.08068e-08 6.22124e-06 8.94228e-07 
scan 310 140 143 0 0 0 0 0 0 0 0 0 
scan 310 140 144 0 0 0 0 0 0 0 0 0 
scan 310 140 145 0 0 0 0 0 0 0 0 0 
scan 310 140 146 0 0 0 0 0 0 0 0 0 
scan 310 140 147 0 0 0 0 0 0 0 0 0 
scan 310 140 148 2.07062e-05 2.93091e-05 2.07062e-05 4.14124e-07 4.14124e-07 6.21186e-07 6.62598e-08 2.07062e-05 8.9288e-07 
scan 310 140 149 0 0 0 0 0 0 0 0 0 
scan 310 140 165 0 0 0 0 0 0 0 0 0 
scan 310 140 166 0 0 0 0 0 0 0 0 0 
scan 310 140 167 0 0 0 0 0 0 0 0 0 
scan 310 140 168 0 0 0 0 0 0 0 0 0 
scan 310 140 169 0 0 0 0 0 0 0 0 0 
scan 310 140 170 0 0 0 0 0 0 0 0 0 
scan 310 140 171 0 0 0 0 0 0 0 0 0 
scan 310 140 172 0 0 0 0 0 0 0 0 0 
scan 310 140 173 0 0 0 0 0 0 0 0 0 
scan 310 140 174 0 0 0 0 0 0 0 0 0 
scan 310 140 175 0 0 0 0 0 0 0 0 0 
scan 310 140 176 0 0 0 0 0 0 0 0 0 
scan 310 140 177 0 0 0 0 0 0 0 0 0 
scan 310 140 178 0 0 0 0 0 0 0 0 0 
scan 310 140 179 0 0 0 0 0 0 0 0 0 
