# cards/mergeScans.py -> lines taken from file cards/ZW/l2j2_wz_200_90.txt
xsec 200 90 0.785232
scan 200 90 500 0.00513576 0 0 0.000128394 0.000128394 0 0 -1.98527e-06 0
scan 200 90 501 0.00229815 0 0 5.74538e-05 5.74538e-05 0 0 2.08491e-05 0
scan 200 90 502 0.00083957 0 0 2.09892e-05 2.09892e-05 0 0 1.79648e-05 0
scan 200 90 503 0.00175439 0 0 4.38597e-05 4.38597e-05 0 0 1.72994e-06 0
scan 200 90 504 4.83999e-05 0 0 1.21e-06 1.21e-06 0 0 -4.26757e-05 0
# cards/mergeScans.py -> lines taken from file TChiWZ.kit/output/cn_200_90.txt
scan 200 90 0 0.000555442 0.00027386 0.000248431 1.305e-05 9.26731e-06 0 1.81863e-06 0.000111088 2.60958e-05 
scan 200 90 1 0.000446985 0.000242201 0.000223529 1.21822e-05 9.22172e-06 0 1.98675e-06 8.9397e-05 2.16079e-05 
scan 200 90 2 0.000220565 0.000162568 0.000155966 6.93525e-06 2.21927e-06 0 9.08976e-07 4.41131e-05 1.01582e-05 
scan 200 90 3 0 0 0 0 0 0 0 0 0 
scan 200 90 4 0.000220806 0.000162746 0.000156137 6.94204e-06 2.22407e-06 0 7.89136e-07 4.41611e-05 1.01693e-05 
scan 200 90 5 0 0 0 0 0 0 0 0 0 
scan 200 90 6 0.000333608 0.000217933 0.000192609 8.45755e-06 8.51463e-06 0 1.33279e-09 0.000100082 1.53645e-05 
scan 200 90 7 0 0 0 0 0 0 0 0 0 
scan 200 90 8 0 0 0 0 0 0 0 0 0 
scan 200 90 9 0 0 0 0 0 0 0 0 0 
scan 200 90 10 0 0 0 0 0 0 0 0 0 
scan 200 90 11 0.000334718 0.000387012 0.000193284 9.93406e-06 5.45733e-06 0 9.83281e-07 0.000334718 1.59302e-05 
scan 200 90 12 0.000111202 0.000157394 0.000111202 3.14528e-06 2.22405e-06 0 5.88483e-10 0.000111202 5.12148e-06 
scan 200 90 13 0 0 0 0 0 0 0 0 0 
scan 200 90 14 0 0 0 0 0 0 0 0 0 
scan 200 90 15 0.0179417 0.00398678 0.00141417 0.000398763 0.000363842 0 5.46284e-05 0.00358834 0.000850862 
scan 200 90 16 0.0182802 0.00405753 0.00142765 0.000404797 0.00036607 0 6.27782e-05 0.00365604 0.000870031 
scan 200 90 17 0.00590261 0.00147118 0.000810895 0.000153951 9.98033e-05 0 2.31553e-05 0.00118052 0.000281044 
scan 200 90 18 0.00211357 0.000654015 0.000484909 3.94789e-05 4.94484e-05 0 5.77957e-06 0.000422713 9.93737e-05 
scan 200 90 19 0.0013266 0.000471759 0.000382967 3.30859e-05 2.40916e-05 0 5.37349e-06 0.00026532 6.15978e-05 
scan 200 90 20 0.000887687 0.000414719 0.000313854 1.96849e-05 2.14945e-05 0 2.47272e-06 0.000266306 4.13863e-05 
scan 200 90 21 0.00513299 0.00174006 0.000756869 0.000122895 9.5397e-05 0 1.27382e-05 0.0015399 0.000243533 
scan 200 90 22 0.00166977 0.00066734 0.000431157 3.47268e-05 3.37785e-05 0 3.7507e-06 0.000500932 7.84312e-05 
scan 200 90 23 0.00045168 0.000264749 0.000225853 3.90291e-06 1.43402e-05 0 1.21904e-06 0.000135504 2.23358e-05 
scan 200 90 24 0.000225516 0.000173754 0.000159479 4.51032e-06 6.37856e-06 0 4.56695e-10 6.76548e-05 1.09008e-05 
scan 200 90 25 0.000111203 0.000157396 0.000111203 3.1453e-06 2.22406e-06 0 1.60199e-10 0.000111203 5.12152e-06 
scan 200 90 26 0.00133323 0.00138964 0.000384893 2.6896e-05 2.8747e-05 0 3.67042e-06 0.00133323 6.24233e-05 
scan 200 90 27 0.00111866 0.00117501 0.000353793 3.02334e-05 1.231e-05 0 5.91354e-06 0.00111866 5.45736e-05 
scan 200 90 28 0.000333473 0.000385538 0.000192543 9.92371e-06 3.14531e-06 0 1.60041e-06 0.000333473 1.58654e-05 
scan 200 90 29 0.000114312 0.000161834 0.000114312 4.12159e-06 2.28625e-06 0 6.04941e-10 0.000114312 5.77929e-06 
scan 200 90 30 0.000109602 0.000111954 0.000109602 3.79673e-06 0 0 7.89136e-07 2.19204e-05 5.04778e-06 
scan 200 90 31 0.000223871 0.000165015 0.000158304 6.12698e-06 3.14531e-06 0 8.11259e-07 4.47742e-05 1.08177e-05 
scan 200 90 32 0 0 0 0 0 0 0 0 0 
scan 200 90 33 0 0 0 0 0 0 0 0 0 
scan 200 90 34 0.000111026 0.000113405 0.000111026 0 3.84604e-06 0 8.88205e-08 2.22051e-05 5.11334e-06 
scan 200 90 35 0 0 0 0 0 0 0 0 0 
scan 200 90 36 0 0 0 0 0 0 0 0 0 
scan 200 90 37 0 0 0 0 0 0 0 0 0 
scan 200 90 38 0 0 0 0 0 0 0 0 0 
scan 200 90 39 0 0 0 0 0 0 0 0 0 
scan 200 90 40 0 0 0 0 0 0 0 0 0 
scan 200 90 41 0 0 0 0 0 0 0 0 0 
scan 200 90 42 0 0 0 0 0 0 0 0 0 
scan 200 90 43 0 0 0 0 0 0 0 0 0 
scan 200 90 44 0 0 0 0 0 0 0 0 0 
scan 200 90 45 0 0 0 0 0 0 0 0 0 
scan 200 90 46 0.000111203 0.000113586 0.000111203 3.1453e-06 2.22406e-06 0 1.60199e-10 2.22406e-05 5.12152e-06 
scan 200 90 47 0 0 0 0 0 0 0 0 0 
scan 200 90 48 0 0 0 0 0 0 0 0 0 
scan 200 90 49 0.000109602 0.000112007 0.000109602 4.65003e-06 2.19204e-06 0 7.89136e-07 2.19204e-05 5.04778e-06 
scan 200 90 50 0 0 0 0 0 0 0 0 0 
scan 200 90 51 0 0 0 0 0 0 0 0 0 
scan 200 90 52 0 0 0 0 0 0 0 0 0 
scan 200 90 53 0 0 0 0 0 0 0 0 0 
scan 200 90 54 0 0 0 0 0 0 0 0 0 
scan 200 90 55 0 0 0 0 0 0 0 0 0 
scan 200 90 56 0 0 0 0 0 0 0 0 0 
scan 200 90 57 0.00011427 0.000161753 0.00011427 2.28539e-06 3.23203e-06 0 2.19398e-08 0.00011427 5.77714e-06 
scan 200 90 58 0 0 0 0 0 0 0 0 0 
scan 200 90 59 0 0 0 0 0 0 0 0 0 
scan 200 90 75 0 0 0 0 0 0 0 0 0 
scan 200 90 76 0 0 0 0 0 0 0 0 0 
scan 200 90 77 0 0 0 0 0 0 0 0 0 
scan 200 90 78 0 0 0 0 0 0 0 0 0 
scan 200 90 79 0 0 0 0 0 0 0 0 0 
scan 200 90 80 0 0 0 0 0 0 0 0 0 
scan 200 90 81 0 0 0 0 0 0 0 0 0 
scan 200 90 82 0 0 0 0 0 0 0 0 0 
scan 200 90 83 0 0 0 0 0 0 0 0 0 
scan 200 90 84 0 0 0 0 0 0 0 0 0 
scan 200 90 85 0 0 0 0 0 0 0 0 0 
scan 200 90 86 0 0 0 0 0 0 0 0 0 
scan 200 90 87 0 0 0 0 0 0 0 0 0 
scan 200 90 88 0 0 0 0 0 0 0 0 0 
scan 200 90 89 0 0 0 0 0 0 0 0 0 
scan 200 90 90 0.000723738 0.000314804 0.000274699 1.694e-05 1.0805e-05 2.36026e-05 2.41668e-05 0.000144748 3.38442e-05 
scan 200 90 91 0.000409018 0.000223255 0.000205026 7.64032e-06 7.1422e-06 1.66032e-05 1.83836e-05 8.18035e-05 1.98127e-05 
scan 200 90 92 0 0 0 0 0 0 0 0 0 
scan 200 90 93 0 0 0 0 0 0 0 0 0 
scan 200 90 94 0 0 0 0 0 0 0 0 0 
scan 200 90 95 0 0 0 0 0 0 0 0 0 
scan 200 90 96 0.000221317 0.000170777 0.000156495 4.42634e-06 4.42634e-06 1.10659e-05 5.42227e-07 6.63952e-05 1.01929e-05 
scan 200 90 97 0 0 0 0 0 0 0 0 0 
scan 200 90 98 0 0 0 0 0 0 0 0 0 
scan 200 90 99 0 0 0 0 0 0 0 0 0 
scan 200 90 100 0 0 0 0 0 0 0 0 0 
scan 200 90 101 0 0 0 0 0 0 0 0 0 
scan 200 90 102 0 0 0 0 0 0 0 0 0 
scan 200 90 103 0 0 0 0 0 0 0 0 0 
scan 200 90 104 0 0 0 0 0 0 0 0 0 
scan 200 90 120 0 0 0 0 0 0 0 0 0 
scan 200 90 121 0 0 0 0 0 0 0 0 0 
scan 200 90 122 0 0 0 0 0 0 0 0 0 
scan 200 90 123 0 0 0 0 0 0 0 0 0 
scan 200 90 124 0 0 0 0 0 0 0 0 0 
scan 200 90 125 0 0 0 0 0 0 0 0 0 
scan 200 90 126 0 0 0 0 0 0 0 0 0 
scan 200 90 127 0 0 0 0 0 0 0 0 0 
scan 200 90 128 0 0 0 0 0 0 0 0 0 
scan 200 90 129 0 0 0 0 0 0 0 0 0 
scan 200 90 130 0 0 0 0 0 0 0 0 0 
scan 200 90 131 0 0 0 0 0 0 0 0 0 
scan 200 90 132 0 0 0 0 0 0 0 0 0 
scan 200 90 133 0 0 0 0 0 0 0 0 0 
scan 200 90 134 0 0 0 0 0 0 0 0 0 
scan 200 90 135 0 0 0 0 0 0 0 0 0 
scan 200 90 136 0.000306377 0.000189066 0.000177195 6.12753e-06 9.06331e-06 1.14045e-05 1.20142e-05 6.12753e-05 1.41103e-05 
scan 200 90 137 0 0 0 0 0 0 0 0 0 
scan 200 90 138 0 0 0 0 0 0 0 0 0 
scan 200 90 139 0 0 0 0 0 0 0 0 0 
scan 200 90 140 0 0 0 0 0 0 0 0 0 
scan 200 90 141 0.000113753 0.000119081 0.000113753 2.27507e-06 2.27507e-06 5.68767e-06 2.78696e-07 3.4126e-05 5.75104e-06 
scan 200 90 142 0 0 0 0 0 0 0 0 0 
scan 200 90 143 0 0 0 0 0 0 0 0 0 
scan 200 90 144 0 0 0 0 0 0 0 0 0 
scan 200 90 145 0 0 0 0 0 0 0 0 0 
scan 200 90 146 0 0 0 0 0 0 0 0 0 
scan 200 90 147 0.000100596 0.000142618 0.000100596 3.01788e-06 2.01192e-06 5.02979e-06 6.03575e-06 0.000100596 5.08583e-06 
scan 200 90 148 0 0 0 0 0 0 0 0 0 
scan 200 90 149 0 0 0 0 0 0 0 0 0 
scan 200 90 165 0 0 0 0 0 0 0 0 0 
scan 200 90 166 0 0 0 0 0 0 0 0 0 
scan 200 90 167 0 0 0 0 0 0 0 0 0 
scan 200 90 168 0 0 0 0 0 0 0 0 0 
scan 200 90 169 0 0 0 0 0 0 0 0 0 
scan 200 90 170 0 0 0 0 0 0 0 0 0 
scan 200 90 171 0 0 0 0 0 0 0 0 0 
scan 200 90 172 0 0 0 0 0 0 0 0 0 
scan 200 90 173 0 0 0 0 0 0 0 0 0 
scan 200 90 174 0 0 0 0 0 0 0 0 0 
scan 200 90 175 0 0 0 0 0 0 0 0 0 
scan 200 90 176 0 0 0 0 0 0 0 0 0 
scan 200 90 177 0 0 0 0 0 0 0 0 0 
scan 200 90 178 0 0 0 0 0 0 0 0 0 
scan 200 90 179 0 0 0 0 0 0 0 0 0 
