# cards/mergeScans.py -> lines taken from file cards/ZW/l2j2_wz_310_60.txt
xsec 310 60 0.126659
scan 310 60 500 0.000451807 0 0 1.12952e-05 1.12952e-05 0 0 3.17886e-06 0
scan 310 60 501 0.000752119 0 0 1.8803e-05 1.8803e-05 0 0 -4.56373e-07 0
scan 310 60 502 0.00103703 0 0 2.59257e-05 2.59257e-05 0 0 8.32205e-07 0
scan 310 60 503 0.00149704 0 0 3.7426e-05 3.7426e-05 0 0 9.02491e-07 0
scan 310 60 504 0.002821 0 0 7.0525e-05 7.0525e-05 0 0 1.12819e-07 0
# cards/mergeScans.py -> lines taken from file TChiWZ.kit/output/cn_310_60.txt
scan 310 60 0 5.47189e-05 3.35745e-05 3.15927e-05 1.80494e-06 7.33102e-07 0 1.30182e-07 1.09438e-05 2.35955e-06 
scan 310 60 1 7.30356e-05 3.96065e-05 3.65182e-05 8.84934e-07 3.31786e-06 0 1.36313e-07 1.46071e-05 3.1494e-06 
scan 310 60 2 0.000109933 5.03549e-05 4.48812e-05 3.22421e-06 1.83739e-06 0 1.302e-07 2.19867e-05 4.90882e-06 
scan 310 60 3 5.50254e-05 3.37837e-05 3.17692e-05 7.35421e-07 2.08868e-06 0 3.65264e-08 1.10051e-05 2.45694e-06 
scan 310 60 4 1.83215e-05 1.87163e-05 1.83215e-05 5.49646e-07 5.18211e-07 0 3.07802e-09 3.6643e-06 7.9005e-07 
scan 310 60 5 0 0 0 0 0 0 0 0 0 
scan 310 60 6 0 0 0 0 0 0 0 0 0 
scan 310 60 7 5.49828e-05 3.59018e-05 3.17443e-05 1.40332e-06 1.25149e-06 0 1.34887e-10 1.64948e-05 2.37093e-06 
scan 310 60 8 0 0 0 0 0 0 0 0 0 
scan 310 60 9 1.79978e-05 1.88173e-05 1.79978e-05 6.23461e-07 0 0 1.6198e-07 5.39933e-06 7.7609e-07 
scan 310 60 10 0 0 0 0 0 0 0 0 0 
scan 310 60 11 1.83277e-05 2.5939e-05 1.83277e-05 3.66553e-07 5.18385e-07 0 8.80094e-12 1.83277e-05 7.90314e-07 
scan 310 60 12 7.31826e-05 8.19173e-05 3.65931e-05 1.51398e-06 1.52439e-06 0 1.76831e-07 7.31826e-05 3.32407e-06 
scan 310 60 13 3.66212e-05 4.49025e-05 2.58958e-05 1.15136e-06 3.68867e-07 0 1.30907e-07 3.66212e-05 1.74629e-06 
scan 310 60 14 9.11599e-05 9.99868e-05 4.07719e-05 2.23467e-06 1.92497e-06 0 2.8752e-07 9.11599e-05 4.01511e-06 
scan 310 60 15 0.000583966 0.000158923 0.000103235 1.16203e-05 1.15807e-05 0 1.92248e-06 0.000116793 2.6182e-05 
scan 310 60 16 0.00136821 0.000324729 0.000157996 3.50234e-05 2.56521e-05 0 4.36288e-06 0.000273643 6.08434e-05 
scan 310 60 17 0.00129374 0.000308816 0.000153546 3.13459e-05 2.45633e-05 0 4.42928e-06 0.000258748 5.68745e-05 
scan 310 60 18 0.000932568 0.000233305 0.000130589 2.10192e-05 2.09673e-05 0 1.79646e-06 0.000186514 4.13034e-05 
scan 310 60 19 0.000750136 0.000194783 0.000117155 1.46648e-05 1.92857e-05 0 1.38096e-06 0.000150027 3.34375e-05 
scan 310 60 20 5.46897e-05 3.56947e-05 3.15758e-05 1.14413e-06 1.00043e-06 0 1.44749e-07 1.64069e-05 2.3583e-06 
scan 310 60 21 0.000236072 9.72497e-05 6.54775e-05 6.29217e-06 2.88579e-06 0 1.12978e-06 7.08215e-05 1.02627e-05 
scan 310 60 22 0.00038444 0.000144136 8.38955e-05 7.87127e-06 7.95608e-06 0 8.97694e-07 0.000115332 1.75847e-05 
scan 310 60 23 0.000292756 0.000115414 7.31904e-05 5.20752e-06 7.24853e-06 0 5.26643e-07 8.78268e-05 1.30436e-05 
scan 310 60 24 0.00031027 0.00012085 7.52548e-05 6.51432e-06 6.79135e-06 0 8.6653e-07 9.30809e-05 1.37157e-05 
scan 310 60 25 1.83276e-05 2.5939e-05 1.83276e-05 3.66553e-07 5.18384e-07 0 1.5014e-11 1.83276e-05 7.90314e-07 
scan 310 60 26 0.000365578 0.000375121 8.17481e-05 8.67853e-06 6.88002e-06 0 7.61288e-07 0.000365578 1.61807e-05 
scan 310 60 27 0.000966735 0.000977204 0.000132797 2.41845e-05 1.51753e-05 0 3.4735e-06 0.000966735 4.34437e-05 
scan 310 60 28 0.00106045 0.00107105 0.000139248 2.27444e-05 2.15213e-05 0 2.28432e-06 0.00106045 4.72384e-05 
scan 310 60 29 0.00136766 0.00137867 0.00015793 3.14004e-05 2.41814e-05 0 4.70337e-06 0.00136766 6.08931e-05 
scan 310 60 30 0 0 0 0 0 0 0 0 0 
scan 310 60 31 3.63727e-05 2.68041e-05 2.57202e-05 9.91652e-07 5.18384e-07 0 1.94898e-07 7.27454e-06 1.65079e-06 
scan 310 60 32 1.83277e-05 1.87181e-05 1.83277e-05 3.66553e-07 5.18385e-07 0 8.80094e-12 3.66553e-06 7.90314e-07 
scan 310 60 33 1.81114e-05 1.85017e-05 1.81114e-05 6.27399e-07 0 0 1.63003e-07 3.62229e-06 8.63646e-07 
scan 310 60 34 1.84139e-05 1.88099e-05 1.84139e-05 0 6.37877e-07 0 1.47311e-08 3.68278e-06 8.78069e-07 
scan 310 60 35 0 0 0 0 0 0 0 0 0 
scan 310 60 36 1.83276e-05 1.91614e-05 1.83276e-05 5.18382e-07 3.66552e-07 0 5.17277e-11 5.49827e-06 7.90311e-07 
scan 310 60 37 1.83275e-05 1.91798e-05 1.83275e-05 3.66551e-07 9.86969e-07 0 6.46596e-11 5.49826e-06 7.9031e-07 
scan 310 60 38 0 0 0 0 0 0 0 0 0 
scan 310 60 39 0 0 0 0 0 0 0 0 0 
scan 310 60 40 1.80638e-05 2.55659e-05 1.80638e-05 6.25747e-07 0 0 1.30059e-07 1.80638e-05 7.78935e-07 
scan 310 60 41 1.83276e-05 2.59389e-05 1.83276e-05 5.18382e-07 3.66552e-07 0 5.17277e-11 1.83276e-05 7.90311e-07 
scan 310 60 42 1.81778e-05 2.573e-05 1.81778e-05 6.29699e-07 0 0 1.3088e-07 1.81778e-05 8.66812e-07 
scan 310 60 43 5.48237e-05 6.33733e-05 3.16532e-05 7.46754e-07 1.27175e-06 0 1.92373e-07 5.48237e-05 2.53077e-06 
scan 310 60 44 3.67416e-05 4.50611e-05 2.59805e-05 3.68866e-07 1.62708e-06 0 1.47038e-08 3.67416e-05 1.66852e-06 
scan 310 60 45 0 0 0 0 0 0 0 0 0 
scan 310 60 46 0 0 0 0 0 0 0 0 0 
scan 310 60 47 0 0 0 0 0 0 0 0 0 
scan 310 60 48 0 0 0 0 0 0 0 0 0 
scan 310 60 49 0 0 0 0 0 0 0 0 0 
scan 310 60 50 0 0 0 0 0 0 0 0 0 
scan 310 60 51 0 0 0 0 0 0 0 0 0 
scan 310 60 52 0 0 0 0 0 0 0 0 0 
scan 310 60 53 1.83276e-05 1.91614e-05 1.83276e-05 5.18383e-07 3.66552e-07 0 3.44852e-11 5.49828e-06 7.90312e-07 
scan 310 60 54 0 0 0 0 0 0 0 0 0 
scan 310 60 55 0 0 0 0 0 0 0 0 0 
scan 310 60 56 0 0 0 0 0 0 0 0 0 
scan 310 60 57 0 0 0 0 0 0 0 0 0 
scan 310 60 58 0 0 0 0 0 0 0 0 0 
scan 310 60 59 0 0 0 0 0 0 0 0 0 
scan 310 60 75 0 0 0 0 0 0 0 0 0 
scan 310 60 76 0 0 0 0 0 0 0 0 0 
scan 310 60 77 0 0 0 0 0 0 0 0 0 
scan 310 60 78 0 0 0 0 0 0 0 0 0 
scan 310 60 79 0 0 0 0 0 0 0 0 0 
scan 310 60 80 0 0 0 0 0 0 0 0 0 
scan 310 60 81 0 0 0 0 0 0 0 0 0 
scan 310 60 82 0 0 0 0 0 0 0 0 0 
scan 310 60 83 0 0 0 0 0 0 0 0 0 
scan 310 60 84 0 0 0 0 0 0 0 0 0 
scan 310 60 85 0 0 0 0 0 0 0 0 0 
scan 310 60 86 0 0 0 0 0 0 0 0 0 
scan 310 60 87 0 0 0 0 0 0 0 0 0 
scan 310 60 88 0 0 0 0 0 0 0 0 0 
scan 310 60 89 0 0 0 0 0 0 0 0 0 
scan 310 60 90 3.32715e-05 2.46311e-05 2.35655e-05 3.13538e-07 8.11188e-07 1.31168e-06 1.52766e-06 6.6543e-06 1.50626e-06 
scan 310 60 91 5.00431e-05 3.0884e-05 2.8957e-05 1.38618e-06 3.64757e-07 1.82386e-06 2.18815e-06 1.00086e-05 2.22948e-06 
scan 310 60 92 1.50287e-05 1.54237e-05 1.50287e-05 4.25076e-07 0 7.51435e-07 1.35258e-06 3.00574e-06 6.48058e-07 
scan 310 60 93 1.61284e-05 1.65208e-05 1.61284e-05 4.83851e-07 3.22567e-07 8.06418e-07 9.67701e-07 3.22567e-06 6.95477e-07 
scan 310 60 94 0 0 0 0 0 0 0 0 0 
scan 310 60 95 0 0 0 0 0 0 0 0 0 
scan 310 60 96 1.75946e-05 1.84161e-05 1.75946e-05 0 4.9765e-07 8.79729e-07 3.51891e-07 5.27837e-06 7.58703e-07 
scan 310 60 97 0 0 0 0 0 0 0 0 0 
scan 310 60 98 1.75946e-05 1.84026e-05 1.75946e-05 0 4.9765e-07 5.27837e-07 3.51891e-07 5.27837e-06 7.58703e-07 
scan 310 60 99 0 0 0 0 0 0 0 0 0 
scan 310 60 100 0 0 0 0 0 0 0 0 0 
scan 310 60 101 1.77057e-05 2.5067e-05 1.77057e-05 0 5.00792e-07 5.3117e-07 3.54114e-07 1.77057e-05 8.44298e-07 
scan 310 60 102 3.38248e-05 4.15054e-05 2.39372e-05 4.5906e-07 4.9765e-07 1.01474e-06 1.3257e-06 3.38248e-05 1.53264e-06 
scan 310 60 103 6.97423e-05 7.81807e-05 3.49817e-05 1.51935e-06 1.09427e-06 3.12236e-06 1.48663e-06 6.97423e-05 3.00739e-06 
scan 310 60 104 0 0 0 0 0 0 0 0 0 
scan 310 60 120 0 0 0 0 0 0 0 0 0 
scan 310 60 121 0 0 0 0 0 0 0 0 0 
scan 310 60 122 0 0 0 0 0 0 0 0 0 
scan 310 60 123 0 0 0 0 0 0 0 0 0 
scan 310 60 124 0 0 0 0 0 0 0 0 0 
scan 310 60 125 0 0 0 0 0 0 0 0 0 
scan 310 60 126 0 0 0 0 0 0 0 0 0 
scan 310 60 127 0 0 0 0 0 0 0 0 0 
scan 310 60 128 0 0 0 0 0 0 0 0 0 
scan 310 60 129 0 0 0 0 0 0 0 0 0 
scan 310 60 130 0 0 0 0 0 0 0 0 0 
scan 310 60 131 0 0 0 0 0 0 0 0 0 
scan 310 60 132 0 0 0 0 0 0 0 0 0 
scan 310 60 133 0 0 0 0 0 0 0 0 0 
scan 310 60 134 0 0 0 0 0 0 0 0 0 
scan 310 60 135 0 0 0 0 0 0 0 0 0 
scan 310 60 136 3.43662e-05 2.54559e-05 2.43463e-05 6.87325e-07 1.17118e-06 1.71831e-06 1.01238e-06 6.87325e-06 1.48192e-06 
scan 310 60 137 0 0 0 0 0 0 0 0 0 
scan 310 60 138 0 0 0 0 0 0 0 0 0 
scan 310 60 139 0 0 0 0 0 0 0 0 0 
scan 310 60 140 1.82379e-05 1.9086e-05 1.82379e-05 3.64757e-07 3.64757e-07 9.11894e-07 4.46828e-08 5.47136e-06 7.86443e-07 
scan 310 60 141 0 0 0 0 0 0 0 0 0 
scan 310 60 142 0 0 0 0 0 0 0 0 0 
scan 310 60 143 0 0 0 0 0 0 0 0 0 
scan 310 60 144 0 0 0 0 0 0 0 0 0 
scan 310 60 145 0 0 0 0 0 0 0 0 0 
scan 310 60 146 0 0 0 0 0 0 0 0 0 
scan 310 60 147 3.64483e-05 4.46929e-05 2.57728e-05 7.28965e-07 7.28965e-07 1.09345e-06 1.02956e-07 3.64483e-05 1.5717e-06 
scan 310 60 148 0 0 0 0 0 0 0 0 0 
scan 310 60 149 0 0 0 0 0 0 0 0 0 
scan 310 60 165 0 0 0 0 0 0 0 0 0 
scan 310 60 166 0 0 0 0 0 0 0 0 0 
scan 310 60 167 0 0 0 0 0 0 0 0 0 
scan 310 60 168 0 0 0 0 0 0 0 0 0 
scan 310 60 169 0 0 0 0 0 0 0 0 0 
scan 310 60 170 0 0 0 0 0 0 0 0 0 
scan 310 60 171 0 0 0 0 0 0 0 0 0 
scan 310 60 172 0 0 0 0 0 0 0 0 0 
scan 310 60 173 0 0 0 0 0 0 0 0 0 
scan 310 60 174 0 0 0 0 0 0 0 0 0 
scan 310 60 175 0 0 0 0 0 0 0 0 0 
scan 310 60 176 0 0 0 0 0 0 0 0 0 
scan 310 60 177 0 0 0 0 0 0 0 0 0 
scan 310 60 178 0 0 0 0 0 0 0 0 0 
scan 310 60 179 0 0 0 0 0 0 0 0 0 
