# cards/mergeScans.py -> lines taken from file cards/ZW/l2j2_wz_150_30.txt
xsec 150 30 2.38798
scan 150 30 500 0.0121008 0 0 0.00030252 0.00030252 0 0 9.42187e-06 0
scan 150 30 501 0.00620001 0 0 0.000155 0.000155 0 0 -2.7367e-06 0
scan 150 30 502 0.00238641 0 0 5.96603e-05 5.96603e-05 0 0 0.000106153 0
scan 150 30 503 0.000492434 0 0 1.23108e-05 1.23108e-05 0 0 -4.46548e-05 0
scan 150 30 504 2.39748e-05 0 0 5.9937e-07 5.9937e-07 0 0 0 0
# cards/mergeScans.py -> lines taken from file TChiWZ.kit/output/cn_150_30.txt
scan 150 30 0 0.00180481 0.00110775 0.00104206 3.26748e-05 3.81176e-05 0 6.89108e-06 0.000360963 9.14111e-05 
scan 150 30 1 0.00176309 0.00108494 0.00101811 2.79862e-05 7.74949e-05 0 1.21062e-06 0.000352619 9.70028e-05 
scan 150 30 2 0 0 0 0 0 0 0 0 0 
scan 150 30 3 0 0 0 0 0 0 0 0 0 
scan 150 30 4 0 0 0 0 0 0 0 0 0 
scan 150 30 5 0 0 0 0 0 0 0 0 0 
scan 150 30 6 0 0 0 0 0 0 0 0 0 
scan 150 30 7 0 0 0 0 0 0 0 0 0 
scan 150 30 8 0 0 0 0 0 0 0 0 0 
scan 150 30 9 0 0 0 0 0 0 0 0 0 
scan 150 30 10 0 0 0 0 0 0 0 0 0 
scan 150 30 11 0 0 0 0 0 0 0 0 0 
scan 150 30 12 0 0 0 0 0 0 0 0 0 
scan 150 30 13 0 0 0 0 0 0 0 0 0 
scan 150 30 14 0 0 0 0 0 0 0 0 0 
scan 150 30 15 0.0608903 0.0140735 0.00600141 0.00140156 0.00108812 0 0.000201697 0.0121781 0.00324853 
scan 150 30 16 0.0622669 0.0143675 0.00607832 0.00134423 0.00129121 0 0.000186228 0.0124534 0.00329919 
scan 150 30 17 0.0224313 0.00593542 0.00363991 0.000488502 0.000416974 0 8.87409e-05 0.00448626 0.00119724 
scan 150 30 18 0.00649583 0.00238396 0.00195911 0.000130898 0.000136374 0 1.9748e-05 0.00129917 0.00034814 
scan 150 30 19 0.00114265 0.000842792 0.000808045 1.95363e-05 2.00463e-05 0 8.07649e-06 0.000228531 6.54684e-05 
scan 150 30 20 0.00233868 0.00137141 0.00116967 5.63608e-05 3.25612e-05 0 1.61142e-05 0.000701604 0.000126072 
scan 150 30 21 0.0094642 0.00374269 0.00236667 0.000178653 0.000230094 0 1.13712e-05 0.00283926 0.000510099 
scan 150 30 22 0.0034835 0.00177953 0.00142246 0.000100963 5.17043e-05 0 1.02417e-05 0.00104505 0.000195557 
scan 150 30 23 0 0 0 0 0 0 0 0 0 
scan 150 30 24 0.000606291 0.000634079 0.000606291 1.71485e-05 1.21258e-05 0 8.73423e-10 0.000181887 3.07078e-05 
scan 150 30 25 0.000605323 0.000856862 0.000605323 0 2.0969e-05 0 4.84258e-07 0.000605323 3.06587e-05 
scan 150 30 26 0.00593554 0.00623587 0.00187741 0.000144329 0.000109509 0 2.31745e-05 0.00593554 0.000312122 
scan 150 30 27 0.00178288 0.00206164 0.00102973 3.69378e-05 3.30948e-05 0 4.59911e-06 0.00178288 9.40972e-05 
scan 150 30 28 0 0 0 0 0 0 0 0 0 
scan 150 30 29 0 0 0 0 0 0 0 0 0 
scan 150 30 30 0.000606291 0.000619417 0.000606291 1.71485e-05 1.21258e-05 0 8.73423e-10 0.000121258 3.07078e-05 
scan 150 30 31 0.000606293 0.000619418 0.000606293 1.21259e-05 1.71485e-05 0 2.91142e-10 0.000121259 3.07078e-05 
scan 150 30 32 0.0011859 0.000874939 0.000838772 2.85197e-05 2.87407e-05 0 2.97398e-09 0.000237181 6.39166e-05 
scan 150 30 33 0 0 0 0 0 0 0 0 0 
scan 150 30 34 0 0 0 0 0 0 0 0 0 
scan 150 30 35 0 0 0 0 0 0 0 0 0 
scan 150 30 36 0 0 0 0 0 0 0 0 0 
scan 150 30 37 0 0 0 0 0 0 0 0 0 
scan 150 30 38 0 0 0 0 0 0 0 0 0 
scan 150 30 39 0 0 0 0 0 0 0 0 0 
scan 150 30 40 0 0 0 0 0 0 0 0 0 
scan 150 30 41 0 0 0 0 0 0 0 0 0 
scan 150 30 42 0 0 0 0 0 0 0 0 0 
scan 150 30 43 0 0 0 0 0 0 0 0 0 
scan 150 30 44 0 0 0 0 0 0 0 0 0 
scan 150 30 45 0.000606289 0.000619414 0.000606289 1.21258e-05 1.71484e-05 0 2.13899e-09 0.000121258 3.07076e-05 
scan 150 30 46 0.0011859 0.000875158 0.00083877 3.82539e-05 2.3718e-05 0 4.04346e-09 0.00023718 6.39165e-05 
scan 150 30 47 0 0 0 0 0 0 0 0 0 
scan 150 30 48 0 0 0 0 0 0 0 0 0 
scan 150 30 49 0 0 0 0 0 0 0 0 0 
scan 150 30 50 0 0 0 0 0 0 0 0 0 
scan 150 30 51 0 0 0 0 0 0 0 0 0 
scan 150 30 52 0 0 0 0 0 0 0 0 0 
scan 150 30 53 0 0 0 0 0 0 0 0 0 
scan 150 30 54 0 0 0 0 0 0 0 0 0 
scan 150 30 55 0 0 0 0 0 0 0 0 0 
scan 150 30 56 0 0 0 0 0 0 0 0 0 
scan 150 30 57 0 0 0 0 0 0 0 0 0 
scan 150 30 58 0 0 0 0 0 0 0 0 0 
scan 150 30 59 0 0 0 0 0 0 0 0 0 
scan 150 30 75 0.000606292 0.000619418 0.000606292 1.21258e-05 1.71485e-05 0 3.80267e-10 0.000121258 3.07078e-05 
scan 150 30 76 0 0 0 0 0 0 0 0 0 
scan 150 30 77 0 0 0 0 0 0 0 0 0 
scan 150 30 78 0 0 0 0 0 0 0 0 0 
scan 150 30 79 0 0 0 0 0 0 0 0 0 
scan 150 30 80 0 0 0 0 0 0 0 0 0 
scan 150 30 81 0 0 0 0 0 0 0 0 0 
scan 150 30 82 0 0 0 0 0 0 0 0 0 
scan 150 30 83 0 0 0 0 0 0 0 0 0 
scan 150 30 84 0 0 0 0 0 0 0 0 0 
scan 150 30 85 0 0 0 0 0 0 0 0 0 
scan 150 30 86 0 0 0 0 0 0 0 0 0 
scan 150 30 87 0 0 0 0 0 0 0 0 0 
scan 150 30 88 0 0 0 0 0 0 0 0 0 
scan 150 30 89 0 0 0 0 0 0 0 0 0 
scan 150 30 90 0.00326127 0.00150684 0.00133253 4.01882e-05 7.43115e-05 0.000108509 0.000144681 0.000652255 0.000172267 
scan 150 30 91 0.000533538 0.000546575 0.000533538 1.50907e-05 0 2.66769e-05 3.20123e-05 0.000106708 2.70229e-05 
scan 150 30 92 0 0 0 0 0 0 0 0 0 
scan 150 30 93 0 0 0 0 0 0 0 0 0 
scan 150 30 94 0 0 0 0 0 0 0 0 0 
scan 150 30 95 0 0 0 0 0 0 0 0 0 
scan 150 30 96 0 0 0 0 0 0 0 0 0 
scan 150 30 97 0 0 0 0 0 0 0 0 0 
scan 150 30 98 0.000533538 0.000559036 0.000533538 1.50907e-05 0 1.60061e-05 3.20123e-05 0.000160061 2.70229e-05 
scan 150 30 99 0 0 0 0 0 0 0 0 0 
scan 150 30 100 0 0 0 0 0 0 0 0 0 
scan 150 30 101 0.000576775 0.000817026 0.000576775 1.15355e-05 1.15355e-05 2.88388e-05 1.4131e-06 0.000576775 3.30463e-05 
scan 150 30 102 0 0 0 0 0 0 0 0 0 
scan 150 30 103 0 0 0 0 0 0 0 0 0 
scan 150 30 104 0 0 0 0 0 0 0 0 0 
scan 150 30 120 0 0 0 0 0 0 0 0 0 
scan 150 30 121 0 0 0 0 0 0 0 0 0 
scan 150 30 122 0 0 0 0 0 0 0 0 0 
scan 150 30 123 0 0 0 0 0 0 0 0 0 
scan 150 30 124 0 0 0 0 0 0 0 0 0 
scan 150 30 125 0 0 0 0 0 0 0 0 0 
scan 150 30 126 0 0 0 0 0 0 0 0 0 
scan 150 30 127 0 0 0 0 0 0 0 0 0 
scan 150 30 128 0 0 0 0 0 0 0 0 0 
scan 150 30 129 0 0 0 0 0 0 0 0 0 
scan 150 30 130 0 0 0 0 0 0 0 0 0 
scan 150 30 131 0 0 0 0 0 0 0 0 0 
scan 150 30 132 0 0 0 0 0 0 0 0 0 
scan 150 30 133 0 0 0 0 0 0 0 0 0 
scan 150 30 134 0 0 0 0 0 0 0 0 0 
scan 150 30 135 0.00178251 0.00109588 0.00102935 3.56502e-05 3.56502e-05 5.34753e-05 4.81896e-06 0.000356502 9.4115e-05 
scan 150 30 136 0.00163402 0.00100973 0.000946133 3.26804e-05 3.26804e-05 4.90206e-05 7.87805e-05 0.000326804 8.27607e-05 
scan 150 30 137 0 0 0 0 0 0 0 0 0 
scan 150 30 138 0 0 0 0 0 0 0 0 0 
scan 150 30 139 0 0 0 0 0 0 0 0 0 
scan 150 30 140 0 0 0 0 0 0 0 0 0 
scan 150 30 141 0 0 0 0 0 0 0 0 0 
scan 150 30 142 0 0 0 0 0 0 0 0 0 
scan 150 30 143 0 0 0 0 0 0 0 0 0 
scan 150 30 144 0 0 0 0 0 0 0 0 0 
scan 150 30 145 0 0 0 0 0 0 0 0 0 
scan 150 30 146 0 0 0 0 0 0 0 0 0 
scan 150 30 147 0 0 0 0 0 0 0 0 0 
scan 150 30 148 0 0 0 0 0 0 0 0 0 
scan 150 30 149 0 0 0 0 0 0 0 0 0 
scan 150 30 165 0 0 0 0 0 0 0 0 0 
scan 150 30 166 0 0 0 0 0 0 0 0 0 
scan 150 30 167 0 0 0 0 0 0 0 0 0 
scan 150 30 168 0 0 0 0 0 0 0 0 0 
scan 150 30 169 0 0 0 0 0 0 0 0 0 
scan 150 30 170 0 0 0 0 0 0 0 0 0 
scan 150 30 171 0 0 0 0 0 0 0 0 0 
scan 150 30 172 0 0 0 0 0 0 0 0 0 
scan 150 30 173 0 0 0 0 0 0 0 0 0 
scan 150 30 174 0 0 0 0 0 0 0 0 0 
scan 150 30 175 0 0 0 0 0 0 0 0 0 
scan 150 30 176 0 0 0 0 0 0 0 0 0 
scan 150 30 177 0 0 0 0 0 0 0 0 0 
scan 150 30 178 0 0 0 0 0 0 0 0 0 
scan 150 30 179 0 0 0 0 0 0 0 0 0 
