# cards/mergeScans.py -> lines taken from file cards/ZW/l2j2_wz_260_90.txt
xsec 260 90 0.270724
scan 260 90 500 0.00170002 0 0 4.25006e-05 4.25006e-05 0 0 -2.91421e-06 0
scan 260 90 501 0.00209722 0 0 5.24306e-05 5.24306e-05 0 0 1.42688e-06 0
scan 260 90 502 0.00255637 0 0 6.39093e-05 6.39093e-05 0 0 -4.16666e-07 0
scan 260 90 503 0.00254523 0 0 6.36308e-05 6.36308e-05 0 0 -2.54855e-06 0
scan 260 90 504 0.00118569 0 0 2.96422e-05 2.96422e-05 0 0 7.20094e-06 0
# cards/mergeScans.py -> lines taken from file TChiWZ.kit/output/cn_260_90.txt
scan 260 90 0 6.71431e-05 6.85743e-05 6.71431e-05 2.32591e-06 0 0 4.83431e-07 1.34286e-05 2.87557e-06 
scan 260 90 1 0.000279391 0.000151386 0.000139715 7.77958e-06 6.88708e-06 0 8.46219e-07 5.58782e-05 1.29076e-05 
scan 260 90 2 0.000135021 9.95136e-05 9.54784e-05 4.68509e-06 1.36247e-06 0 6.02441e-07 2.70043e-05 5.78262e-06 
scan 260 90 3 0 0 0 0 0 0 0 0 0 
scan 260 90 4 0.000136225 0.000100386 9.63258e-05 2.72451e-06 3.85303e-06 0 1.14737e-08 2.72451e-05 5.83419e-06 
scan 260 90 5 0 0 0 0 0 0 0 0 0 
scan 260 90 6 6.81241e-05 7.12389e-05 6.81241e-05 2.80883e-06 0 0 1.1301e-12 2.04372e-05 2.91759e-06 
scan 260 90 7 0 0 0 0 0 0 0 0 0 
scan 260 90 8 7.09975e-05 7.42403e-05 7.09975e-05 2.00811e-06 1.41995e-06 0 1.02279e-10 2.12992e-05 3.35721e-06 
scan 260 90 9 0 0 0 0 0 0 0 0 0 
scan 260 90 10 0 0 0 0 0 0 0 0 0 
scan 260 90 11 0 0 0 0 0 0 0 0 0 
scan 260 90 12 0.000206156 0.00023838 0.000119058 3.35097e-06 7.39183e-06 0 5.37945e-07 0.000206156 9.1457e-06 
scan 260 90 13 6.80151e-05 9.62609e-05 6.80151e-05 0 2.35611e-06 0 5.44121e-08 6.80151e-05 2.91292e-06 
scan 260 90 14 0 0 0 0 0 0 0 0 0 
scan 260 90 15 0.00302862 0.000775938 0.000456699 6.95695e-05 5.86941e-05 0 8.70313e-06 0.000605725 0.000135066 
scan 260 90 16 0.00520357 0.00123192 0.000596998 0.000121043 0.000105367 0 1.25839e-05 0.00104071 0.000228523 
scan 260 90 17 0.00267283 0.000699741 0.000428073 6.42812e-05 5.03416e-05 0 7.63997e-06 0.000534567 0.000117921 
scan 260 90 18 0.00102731 0.00034023 0.00026532 2.67477e-05 1.83414e-05 0 4.36338e-06 0.000205461 4.55678e-05 
scan 260 90 19 0.00109416 0.000355212 0.000273589 2.39383e-05 2.39545e-05 0 2.19461e-06 0.000218832 4.78093e-05 
scan 260 90 20 0.000209138 0.000136613 0.000120787 5.75397e-06 3.42807e-06 0 4.83577e-07 6.27415e-05 9.59e-06 
scan 260 90 21 0.00129342 0.000493054 0.000296755 2.75118e-05 2.28702e-05 0 4.69683e-06 0.000388026 5.63266e-05 
scan 260 90 22 0.00102562 0.000409603 0.000264873 2.13514e-05 2.16911e-05 0 2.37454e-06 0.000307687 4.48742e-05 
scan 260 90 23 0.000618153 0.000279257 0.0002061 1.62674e-05 9.87161e-06 0 1.76208e-06 0.000185446 2.74191e-05 
scan 260 90 24 0.00034283 0.000185599 0.000153335 1.04455e-05 3.28931e-06 0 1.7377e-06 0.000102849 1.53043e-05 
scan 260 90 25 6.71431e-05 9.5028e-05 6.71431e-05 2.32591e-06 0 0 4.83431e-07 6.71431e-05 2.87557e-06 
scan 260 90 26 0.000819624 0.000854257 0.000236674 2.2819e-05 1.12678e-05 0 3.18135e-06 0.000819624 3.60521e-05 
scan 260 90 27 0.00191897 0.00195556 0.000362736 3.15529e-05 4.53812e-05 0 4.24276e-06 0.00191897 8.44003e-05 
scan 260 90 28 0.00124228 0.00127813 0.000292854 2.95923e-05 2.42295e-05 0 3.41617e-06 0.00124228 5.57109e-05 
scan 260 90 29 0.00061906 0.000653452 0.000206423 1.82054e-05 6.65786e-06 0 2.73125e-06 0.00061906 2.7774e-05 
scan 260 90 30 0 0 0 0 0 0 0 0 0 
scan 260 90 31 0.00020468 0.000125549 0.000118217 4.63482e-06 2.4555e-06 0 1.25999e-06 4.0936e-05 9.08199e-06 
scan 260 90 32 0.000135976 0.00010027 9.61495e-05 1.36248e-06 5.82462e-06 0 1.35759e-07 2.71951e-05 5.8235e-06 
scan 260 90 33 0 0 0 0 0 0 0 0 0 
scan 260 90 34 0 0 0 0 0 0 0 0 0 
scan 260 90 35 0 0 0 0 0 0 0 0 0 
scan 260 90 36 6.66526e-05 6.96879e-05 6.66526e-05 2.30892e-06 0 0 7.19848e-07 1.99958e-05 2.85457e-06 
scan 260 90 37 7.08841e-05 7.41217e-05 7.08841e-05 0 2.4555e-06 0 5.67073e-08 2.12652e-05 3.35185e-06 
scan 260 90 38 0 0 0 0 0 0 0 0 0 
scan 260 90 39 0 0 0 0 0 0 0 0 0 
scan 260 90 40 0 0 0 0 0 0 0 0 0 
scan 260 90 41 0 0 0 0 0 0 0 0 0 
scan 260 90 42 0 0 0 0 0 0 0 0 0 
scan 260 90 43 0 0 0 0 0 0 0 0 0 
scan 260 90 44 6.80151e-05 9.62609e-05 6.80151e-05 0 2.35611e-06 0 5.44121e-08 6.80151e-05 2.91292e-06 
scan 260 90 45 0 0 0 0 0 0 0 0 0 
scan 260 90 46 0 0 0 0 0 0 0 0 0 
scan 260 90 47 0 0 0 0 0 0 0 0 0 
scan 260 90 48 0 0 0 0 0 0 0 0 0 
scan 260 90 49 0 0 0 0 0 0 0 0 0 
scan 260 90 50 0 0 0 0 0 0 0 0 0 
scan 260 90 51 0 0 0 0 0 0 0 0 0 
scan 260 90 52 0 0 0 0 0 0 0 0 0 
scan 260 90 53 0 0 0 0 0 0 0 0 0 
scan 260 90 54 0 0 0 0 0 0 0 0 0 
scan 260 90 55 0 0 0 0 0 0 0 0 0 
scan 260 90 56 0 0 0 0 0 0 0 0 0 
scan 260 90 57 6.81241e-05 9.6415e-05 6.81241e-05 1.36248e-06 1.92684e-06 0 3.27132e-11 6.81241e-05 2.91758e-06 
scan 260 90 58 0 0 0 0 0 0 0 0 0 
scan 260 90 59 6.81239e-05 9.64148e-05 6.81239e-05 1.92684e-06 1.36248e-06 0 9.81393e-11 6.81239e-05 2.91758e-06 
scan 260 90 75 0 0 0 0 0 0 0 0 0 
scan 260 90 76 0 0 0 0 0 0 0 0 0 
scan 260 90 77 0 0 0 0 0 0 0 0 0 
scan 260 90 78 0 0 0 0 0 0 0 0 0 
scan 260 90 79 0 0 0 0 0 0 0 0 0 
scan 260 90 80 0 0 0 0 0 0 0 0 0 
scan 260 90 81 0 0 0 0 0 0 0 0 0 
scan 260 90 82 0 0 0 0 0 0 0 0 0 
scan 260 90 83 0 0 0 0 0 0 0 0 0 
scan 260 90 84 0 0 0 0 0 0 0 0 0 
scan 260 90 85 0 0 0 0 0 0 0 0 0 
scan 260 90 86 0 0 0 0 0 0 0 0 0 
scan 260 90 87 0 0 0 0 0 0 0 0 0 
scan 260 90 88 0 0 0 0 0 0 0 0 0 
scan 260 90 89 0 0 0 0 0 0 0 0 0 
scan 260 90 90 0.000240196 0.000131036 0.000120098 5.30055e-06 3.60493e-06 7.20587e-06 1.5317e-05 4.80391e-05 1.05561e-05 
scan 260 90 91 6.77903e-05 6.92504e-05 6.77903e-05 1.35581e-06 1.35581e-06 2.03371e-06 1.66086e-07 1.35581e-05 2.90329e-06 
scan 260 90 92 0 0 0 0 0 0 0 0 0 
scan 260 90 93 0 0 0 0 0 0 0 0 0 
scan 260 90 94 0 0 0 0 0 0 0 0 0 
scan 260 90 95 0 0 0 0 0 0 0 0 0 
scan 260 90 96 5.99492e-05 6.27933e-05 5.99492e-05 1.69562e-06 0 1.79848e-06 3.59695e-06 1.79848e-05 2.56748e-06 
scan 260 90 97 6.77903e-05 7.089e-05 6.77903e-05 1.35581e-06 1.35581e-06 2.03371e-06 1.66086e-07 2.03371e-05 2.90329e-06 
scan 260 90 98 0 0 0 0 0 0 0 0 0 
scan 260 90 99 0 0 0 0 0 0 0 0 0 
scan 260 90 100 0 0 0 0 0 0 0 0 0 
scan 260 90 101 0 0 0 0 0 0 0 0 0 
scan 260 90 102 0.000135581 0.000166286 9.587e-05 2.71161e-06 2.71161e-06 5.42322e-06 3.32173e-07 0.000135581 5.80658e-06 
scan 260 90 103 0 0 0 0 0 0 0 0 0 
scan 260 90 104 0 0 0 0 0 0 0 0 0 
scan 260 90 120 0 0 0 0 0 0 0 0 0 
scan 260 90 121 0 0 0 0 0 0 0 0 0 
scan 260 90 122 0 0 0 0 0 0 0 0 0 
scan 260 90 123 0 0 0 0 0 0 0 0 0 
scan 260 90 124 0 0 0 0 0 0 0 0 0 
scan 260 90 125 0 0 0 0 0 0 0 0 0 
scan 260 90 126 0 0 0 0 0 0 0 0 0 
scan 260 90 127 0 0 0 0 0 0 0 0 0 
scan 260 90 128 0 0 0 0 0 0 0 0 0 
scan 260 90 129 0 0 0 0 0 0 0 0 0 
scan 260 90 130 0 0 0 0 0 0 0 0 0 
scan 260 90 131 0 0 0 0 0 0 0 0 0 
scan 260 90 132 0 0 0 0 0 0 0 0 0 
scan 260 90 133 0 0 0 0 0 0 0 0 0 
scan 260 90 134 0 0 0 0 0 0 0 0 0 
scan 260 90 135 0 0 0 0 0 0 0 0 0 
scan 260 90 136 6.77903e-05 6.92504e-05 6.77903e-05 1.35581e-06 1.35581e-06 2.03371e-06 1.66086e-07 1.35581e-05 2.90329e-06 
scan 260 90 137 6.2478e-05 6.40098e-05 6.2478e-05 1.24956e-06 3.1239e-06 1.87434e-06 3.74868e-06 1.24956e-05 2.95436e-06 
scan 260 90 138 0 0 0 0 0 0 0 0 0 
scan 260 90 139 0 0 0 0 0 0 0 0 0 
scan 260 90 140 0 0 0 0 0 0 0 0 0 
scan 260 90 141 0 0 0 0 0 0 0 0 0 
scan 260 90 142 0 0 0 0 0 0 0 0 0 
scan 260 90 143 0 0 0 0 0 0 0 0 0 
scan 260 90 144 0 0 0 0 0 0 0 0 0 
scan 260 90 145 0 0 0 0 0 0 0 0 0 
scan 260 90 146 0 0 0 0 0 0 0 0 0 
scan 260 90 147 0 0 0 0 0 0 0 0 0 
scan 260 90 148 0 0 0 0 0 0 0 0 0 
scan 260 90 149 0 0 0 0 0 0 0 0 0 
scan 260 90 165 0 0 0 0 0 0 0 0 0 
scan 260 90 166 0 0 0 0 0 0 0 0 0 
scan 260 90 167 0 0 0 0 0 0 0 0 0 
scan 260 90 168 0 0 0 0 0 0 0 0 0 
scan 260 90 169 0 0 0 0 0 0 0 0 0 
scan 260 90 170 0 0 0 0 0 0 0 0 0 
scan 260 90 171 0 0 0 0 0 0 0 0 0 
scan 260 90 172 0 0 0 0 0 0 0 0 0 
scan 260 90 173 0 0 0 0 0 0 0 0 0 
scan 260 90 174 0 0 0 0 0 0 0 0 0 
scan 260 90 175 0 0 0 0 0 0 0 0 0 
scan 260 90 176 0 0 0 0 0 0 0 0 0 
scan 260 90 177 0 0 0 0 0 0 0 0 0 
scan 260 90 178 0 0 0 0 0 0 0 0 0 
scan 260 90 179 0 0 0 0 0 0 0 0 0 
