# cards/mergeScans.py -> lines taken from file cards/ZW/l2j2_wz_320_220.txt
xsec 320 220 0.109938
scan 320 220 500 0.000780647 0 0 1.95162e-05 1.95162e-05 0 0 1.41834e-06 0
scan 320 220 501 0.00017846 0 0 4.4615e-06 4.4615e-06 0 0 3.15793e-06 0
scan 320 220 502 0.000120394 0 0 3.00984e-06 3.00984e-06 0 0 6.97976e-07 0
scan 320 220 503 0.000127635 0 0 3.19088e-06 3.19088e-06 0 0 1.77016e-06 0
scan 320 220 504 4.53473e-05 0 0 1.13368e-06 1.13368e-06 0 0 0 0
# cards/mergeScans.py -> lines taken from file TChiWZ.kit/output/cn_320_220.txt
scan 320 220 0 8.32722e-05 3.81436e-05 3.39996e-05 1.80747e-06 2.2582e-06 0 1.32928e-07 1.66544e-05 3.63421e-06 
scan 320 220 1 0.000138785 5.24914e-05 4.38936e-05 3.53365e-06 3.06843e-06 0 1.28946e-07 2.7757e-05 6.02686e-06 
scan 320 220 2 7.00728e-05 3.45632e-05 3.13479e-05 1.94893e-06 1.25114e-06 0 1.45208e-07 1.40146e-05 3.18312e-06 
scan 320 220 3 1.37355e-05 1.40272e-05 1.37355e-05 2.74711e-07 3.885e-07 0 8.61493e-12 2.74711e-06 5.688e-07 
scan 320 220 4 2.72733e-05 2.00918e-05 1.92857e-05 7.43673e-07 3.885e-07 0 9.74785e-08 5.45466e-06 1.12941e-06 
scan 320 220 5 0 0 0 0 0 0 0 0 0 
scan 320 220 6 1.37136e-05 1.43365e-05 1.37136e-05 0 4.75053e-07 0 1.09709e-08 4.11408e-06 5.67891e-07 
scan 320 220 7 0 0 0 0 0 0 0 0 0 
scan 320 220 8 0 0 0 0 0 0 0 0 0 
scan 320 220 9 1.37355e-05 1.43595e-05 1.37355e-05 3.88499e-07 2.7471e-07 0 1.97874e-11 4.12066e-06 5.68799e-07 
scan 320 220 10 0 0 0 0 0 0 0 0 0 
scan 320 220 11 1.34059e-05 1.89733e-05 1.34059e-05 4.64394e-07 0 0 1.60871e-07 1.34059e-05 5.5515e-07 
scan 320 220 12 2.72733e-05 3.34345e-05 1.92856e-05 8.57461e-07 2.7471e-07 0 9.74917e-08 2.72733e-05 1.12941e-06 
scan 320 220 13 0 0 0 0 0 0 0 0 0 
scan 320 220 14 0 0 0 0 0 0 0 0 0 
scan 320 220 15 0.00300019 0.000653532 0.000203705 7.02823e-05 5.98129e-05 0 8.39374e-06 0.000600037 0.000130294 
scan 320 220 16 0.00281581 0.000615166 0.000197191 6.81917e-05 5.20899e-05 0 9.84985e-06 0.000563163 0.000122199 
scan 320 220 17 0.000815373 0.000199382 0.000106177 1.95511e-05 1.5272e-05 0 2.8225e-06 0.000163075 3.55368e-05 
scan 320 220 18 0.000205496 6.80382e-05 5.30647e-05 4.97004e-06 5.01643e-06 0 5.39127e-07 4.10993e-05 8.60355e-06 
scan 320 220 19 0.000150953 5.51886e-05 4.55197e-05 3.04969e-06 3.54738e-06 0 3.43162e-07 3.01907e-05 6.34474e-06 
scan 320 220 20 0.000124886 5.64091e-05 4.16362e-05 2.86025e-06 2.6057e-06 0 2.10045e-07 3.74658e-05 5.45163e-06 
scan 320 220 21 0.000633053 0.00021412 9.33513e-05 1.34365e-05 1.24516e-05 0 1.62108e-06 0.000189916 2.69605e-05 
scan 320 220 22 0.000318902 0.000117791 6.65099e-05 7.59487e-06 6.51608e-06 0 1.02406e-06 9.56706e-05 1.40431e-05 
scan 320 220 23 9.64409e-05 4.68016e-05 3.64528e-05 1.65371e-06 2.24929e-06 0 1.34465e-07 2.89323e-05 4.08613e-06 
scan 320 220 24 0 0 0 0 0 0 0 0 0 
scan 320 220 25 1.37355e-05 1.94391e-05 1.37355e-05 3.88498e-07 2.7471e-07 0 3.8767e-11 1.37355e-05 5.68798e-07 
scan 320 220 26 0.000192376 0.000199388 5.14209e-05 3.13249e-06 5.10538e-06 0 5.14239e-07 0.000192376 8.1523e-06 
scan 320 220 27 0.000192039 0.000199018 5.133e-05 4.04209e-06 3.35992e-06 0 6.82834e-07 0.000192039 8.13788e-06 
scan 320 220 28 5.48633e-05 6.14166e-05 2.74417e-05 1.72231e-06 5.607e-07 0 3.12819e-07 5.48633e-05 2.36572e-06 
scan 320 220 29 2.69766e-05 3.30726e-05 1.90755e-05 9.34498e-07 0 0 2.42612e-07 2.69766e-05 1.11712e-06 
scan 320 220 30 1.42766e-05 1.45839e-05 1.42766e-05 0 4.94557e-07 0 1.14213e-08 2.85533e-06 6.84839e-07 
scan 320 220 31 1.34883e-05 1.37752e-05 1.34883e-05 4.67249e-07 0 0 1.21395e-07 2.69766e-06 5.58562e-07 
scan 320 220 32 0 0 0 0 0 0 0 0 0 
scan 320 220 33 0 0 0 0 0 0 0 0 0 
scan 320 220 34 0 0 0 0 0 0 0 0 0 
scan 320 220 35 0 0 0 0 0 0 0 0 0 
scan 320 220 36 1.37136e-05 1.43365e-05 1.37136e-05 0 4.75053e-07 0 1.09709e-08 4.11408e-06 5.67891e-07 
scan 320 220 37 0 0 0 0 0 0 0 0 0 
scan 320 220 38 0 0 0 0 0 0 0 0 0 
scan 320 220 39 0 0 0 0 0 0 0 0 0 
scan 320 220 40 0 0 0 0 0 0 0 0 0 
scan 320 220 41 0 0 0 0 0 0 0 0 0 
scan 320 220 42 1.35378e-05 1.91595e-05 1.35378e-05 4.68962e-07 0 0 9.74719e-08 1.35378e-05 5.6061e-07 
scan 320 220 43 1.35378e-05 1.91595e-05 1.35378e-05 4.68962e-07 0 0 9.74719e-08 1.35378e-05 5.6061e-07 
scan 320 220 44 0 0 0 0 0 0 0 0 0 
scan 320 220 45 2.78229e-05 2.05293e-05 1.96808e-05 7.86949e-07 9.8501e-07 0 1.04672e-07 5.56457e-06 1.24586e-06 
scan 320 220 46 0 0 0 0 0 0 0 0 0 
scan 320 220 47 0 0 0 0 0 0 0 0 0 
scan 320 220 48 0 0 0 0 0 0 0 0 0 
scan 320 220 49 0 0 0 0 0 0 0 0 0 
scan 320 220 50 0 0 0 0 0 0 0 0 0 
scan 320 220 51 1.37059e-05 1.43455e-05 1.37059e-05 4.94173e-07 6.85295e-07 0 1.48024e-08 4.11177e-06 5.67572e-07 
scan 320 220 52 0 0 0 0 0 0 0 0 0 
scan 320 220 53 0 0 0 0 0 0 0 0 0 
scan 320 220 54 0 0 0 0 0 0 0 0 0 
scan 320 220 55 0 0 0 0 0 0 0 0 0 
scan 320 220 56 1.37355e-05 1.94492e-05 1.37355e-05 2.74709e-07 7.39677e-07 0 4.84587e-11 1.37355e-05 5.68797e-07 
scan 320 220 57 0 0 0 0 0 0 0 0 0 
scan 320 220 58 0 0 0 0 0 0 0 0 0 
scan 320 220 59 0 0 0 0 0 0 0 0 0 
scan 320 220 75 0 0 0 0 0 0 0 0 0 
scan 320 220 76 0 0 0 0 0 0 0 0 0 
scan 320 220 77 0 0 0 0 0 0 0 0 0 
scan 320 220 78 0 0 0 0 0 0 0 0 0 
scan 320 220 79 0 0 0 0 0 0 0 0 0 
scan 320 220 80 0 0 0 0 0 0 0 0 0 
scan 320 220 81 0 0 0 0 0 0 0 0 0 
scan 320 220 82 0 0 0 0 0 0 0 0 0 
scan 320 220 83 0 0 0 0 0 0 0 0 0 
scan 320 220 84 0 0 0 0 0 0 0 0 0 
scan 320 220 85 0 0 0 0 0 0 0 0 0 
scan 320 220 86 0 0 0 0 0 0 0 0 0 
scan 320 220 87 0 0 0 0 0 0 0 0 0 
scan 320 220 88 0 0 0 0 0 0 0 0 0 
scan 320 220 89 0 0 0 0 0 0 0 0 0 
scan 320 220 90 1.28696e-05 1.31786e-05 1.28696e-05 0 6.93047e-07 3.86087e-07 6.43478e-07 2.57391e-06 6.17343e-07 
scan 320 220 91 7.62469e-05 3.51744e-05 3.1243e-05 1.45238e-06 1.53528e-06 2.28741e-06 2.88139e-06 1.52494e-05 3.25077e-06 
scan 320 220 92 2.73941e-05 2.02126e-05 1.9384e-05 2.8416e-07 6.5712e-07 8.21824e-07 3.09188e-07 5.47883e-06 1.2276e-06 
scan 320 220 93 0 0 0 0 0 0 0 0 0 
scan 320 220 94 0 0 0 0 0 0 0 0 0 
scan 320 220 95 0 0 0 0 0 0 0 0 0 
scan 320 220 96 0 0 0 0 0 0 0 0 0 
scan 320 220 97 1.25836e-05 1.31834e-05 1.25836e-05 2.51671e-07 2.51671e-07 3.77507e-07 7.55014e-07 3.77507e-06 6.03624e-07 
scan 320 220 98 0 0 0 0 0 0 0 0 0 
scan 320 220 99 0 0 0 0 0 0 0 0 0 
scan 320 220 100 0 0 0 0 0 0 0 0 0 
scan 320 220 101 4.00228e-05 4.63326e-05 2.31606e-05 5.25906e-07 1.2768e-06 1.44243e-06 1.04525e-06 4.00228e-05 1.84059e-06 
scan 320 220 102 0 0 0 0 0 0 0 0 0 
scan 320 220 103 0 0 0 0 0 0 0 0 0 
scan 320 220 104 0 0 0 0 0 0 0 0 0 
scan 320 220 120 0 0 0 0 0 0 0 0 0 
scan 320 220 121 0 0 0 0 0 0 0 0 0 
scan 320 220 122 0 0 0 0 0 0 0 0 0 
scan 320 220 123 0 0 0 0 0 0 0 0 0 
scan 320 220 124 0 0 0 0 0 0 0 0 0 
scan 320 220 125 0 0 0 0 0 0 0 0 0 
scan 320 220 126 0 0 0 0 0 0 0 0 0 
scan 320 220 127 0 0 0 0 0 0 0 0 0 
scan 320 220 128 0 0 0 0 0 0 0 0 0 
scan 320 220 129 0 0 0 0 0 0 0 0 0 
scan 320 220 130 0 0 0 0 0 0 0 0 0 
scan 320 220 131 0 0 0 0 0 0 0 0 0 
scan 320 220 132 0 0 0 0 0 0 0 0 0 
scan 320 220 133 0 0 0 0 0 0 0 0 0 
scan 320 220 134 0 0 0 0 0 0 0 0 0 
scan 320 220 135 1.36477e-05 1.39408e-05 1.36477e-05 2.72953e-07 2.72953e-07 4.0943e-07 4.36725e-08 2.72953e-06 5.6516e-07 
scan 320 220 136 1.36683e-05 1.39618e-05 1.36683e-05 2.73365e-07 2.73365e-07 4.10048e-07 3.34872e-08 2.73365e-06 5.66014e-07 
scan 320 220 137 0 0 0 0 0 0 0 0 0 
scan 320 220 138 0 0 0 0 0 0 0 0 0 
scan 320 220 139 0 0 0 0 0 0 0 0 0 
scan 320 220 140 0 0 0 0 0 0 0 0 0 
scan 320 220 141 0 0 0 0 0 0 0 0 0 
scan 320 220 142 0 0 0 0 0 0 0 0 0 
scan 320 220 143 0 0 0 0 0 0 0 0 0 
scan 320 220 144 0 0 0 0 0 0 0 0 0 
scan 320 220 145 0 0 0 0 0 0 0 0 0 
scan 320 220 146 1.36477e-05 1.93172e-05 1.36477e-05 2.72953e-07 2.72953e-07 4.0943e-07 4.36725e-08 1.36477e-05 5.6516e-07 
scan 320 220 147 0 0 0 0 0 0 0 0 0 
scan 320 220 148 0 0 0 0 0 0 0 0 0 
scan 320 220 149 0 0 0 0 0 0 0 0 0 
scan 320 220 165 0 0 0 0 0 0 0 0 0 
scan 320 220 166 0 0 0 0 0 0 0 0 0 
scan 320 220 167 0 0 0 0 0 0 0 0 0 
scan 320 220 168 0 0 0 0 0 0 0 0 0 
scan 320 220 169 0 0 0 0 0 0 0 0 0 
scan 320 220 170 0 0 0 0 0 0 0 0 0 
scan 320 220 171 0 0 0 0 0 0 0 0 0 
scan 320 220 172 0 0 0 0 0 0 0 0 0 
scan 320 220 173 0 0 0 0 0 0 0 0 0 
scan 320 220 174 0 0 0 0 0 0 0 0 0 
scan 320 220 175 0 0 0 0 0 0 0 0 0 
scan 320 220 176 0 0 0 0 0 0 0 0 0 
scan 320 220 177 0 0 0 0 0 0 0 0 0 
scan 320 220 178 0 0 0 0 0 0 0 0 0 
scan 320 220 179 0 0 0 0 0 0 0 0 0 
