# cards/mergeScans.py -> lines taken from file cards/ZW/l2j2_wz_350_100.txt
xsec 350 100 0.073732
scan 350 100 500 0.000353619 0 0 8.84047e-06 8.84047e-06 0 0 4.99474e-07 0
scan 350 100 501 0.000512915 0 0 1.28229e-05 1.28229e-05 0 0 8.59727e-07 0
scan 350 100 502 0.00072596 0 0 1.8149e-05 1.8149e-05 0 0 3.0955e-07 0
scan 350 100 503 0.00153982 0 0 3.84955e-05 3.84955e-05 0 0 -3.03884e-07 0
scan 350 100 504 0.00167191 0 0 4.17977e-05 4.17977e-05 0 0 3.66797e-07 0
# cards/mergeScans.py -> lines taken from file TChiWZ.kit/output/cn_350_100.txt
scan 350 100 0 1.21448e-05 1.24099e-05 1.21448e-05 5.00742e-07 0 0 1.09303e-07 2.42895e-06 5.90176e-07 
scan 350 100 1 9.74648e-05 3.99239e-05 3.44611e-05 2.11007e-06 2.18281e-06 0 4.04477e-07 1.9493e-05 4.1223e-06 
scan 350 100 2 1.23674e-05 1.26339e-05 1.23674e-05 2.47347e-07 3.49802e-07 0 5.93881e-12 2.47347e-06 6.00993e-07 
scan 350 100 3 1.2205e-05 1.24636e-05 1.2205e-05 0 4.22794e-07 0 2.6851e-08 2.441e-06 4.90163e-07 
scan 350 100 4 1.23674e-05 1.26339e-05 1.23674e-05 2.47347e-07 3.49802e-07 0 7.75681e-12 2.47347e-06 6.00993e-07 
scan 350 100 5 0 0 0 0 0 0 0 0 0 
scan 350 100 6 0 0 0 0 0 0 0 0 0 
scan 350 100 7 1.23671e-05 1.29327e-05 1.23671e-05 3.49795e-07 2.47342e-07 0 1.36347e-10 3.71013e-06 6.0098e-07 
scan 350 100 8 0 0 0 0 0 0 0 0 0 
scan 350 100 9 2.46263e-05 1.89662e-05 1.74136e-05 5.9498e-07 5.94082e-07 0 2.91571e-11 7.38788e-06 1.09332e-06 
scan 350 100 10 0 0 0 0 0 0 0 0 0 
scan 350 100 11 0 0 0 0 0 0 0 0 0 
scan 350 100 12 1.19942e-05 1.69747e-05 1.19942e-05 4.1549e-07 0 0 1.29537e-07 1.19942e-05 4.81695e-07 
scan 350 100 13 3.67974e-05 4.25364e-05 2.12462e-05 7.68349e-07 6.7508e-07 0 9.68893e-08 3.67974e-05 1.68626e-06 
scan 350 100 14 4.90717e-05 5.49342e-05 2.4537e-05 1.48597e-06 8.42206e-07 0 8.92008e-08 4.90717e-05 2.17934e-06 
scan 350 100 15 0.000269069 7.99117e-05 5.73679e-05 5.93006e-06 5.71672e-06 0 6.28433e-07 5.38138e-05 1.14294e-05 
scan 350 100 16 0.000684762 0.000168611 9.15087e-05 1.55275e-05 1.36655e-05 0 1.86745e-06 0.000136952 2.94697e-05 
scan 350 100 17 0.000659889 0.000163319 8.98027e-05 1.54335e-05 1.3627e-05 0 1.61473e-06 0.000131978 2.76417e-05 
scan 350 100 18 0.000365882 0.000100825 6.68033e-05 7.80873e-06 6.91179e-06 0 1.30134e-06 7.31764e-05 1.5419e-05 
scan 350 100 19 0.000683769 0.000168384 9.13765e-05 1.73897e-05 1.28548e-05 0 2.03418e-06 0.000136754 2.88092e-05 
scan 350 100 20 1.22393e-05 1.27947e-05 1.22393e-05 0 4.23983e-07 0 9.79147e-09 3.6718e-06 4.91542e-07 
scan 350 100 21 0.00020787 8.09078e-05 5.04173e-05 3.97177e-06 4.3293e-06 0 5.81838e-07 6.23609e-05 8.96848e-06 
scan 350 100 22 0.000133651 5.72737e-05 4.03002e-05 3.51998e-06 1.4458e-06 0 7.99285e-07 4.00952e-05 5.78159e-06 
scan 350 100 23 0.000257095 9.63744e-05 5.61044e-05 6.32708e-06 5.39023e-06 0 5.43443e-07 7.71284e-05 1.10523e-05 
scan 350 100 24 0.000268755 9.99147e-05 5.73022e-05 6.16267e-06 4.728e-06 0 9.41497e-07 8.06264e-05 1.17286e-05 
scan 350 100 25 0 0 0 0 0 0 0 0 0 
scan 350 100 26 0.000182941 0.000189179 4.72368e-05 4.47201e-06 2.703e-06 0 7.30238e-07 0.000182941 7.86261e-06 
scan 350 100 27 0.000500962 0.000507704 7.82399e-05 1.14163e-05 9.72542e-06 0 1.39878e-06 0.000500962 2.12569e-05 
scan 350 100 28 0.000696555 0.000703528 9.22639e-05 1.34596e-05 1.53691e-05 0 1.51304e-06 0.000696555 2.8807e-05 
scan 350 100 29 0.00124746 0.00125522 0.000123522 2.52514e-05 2.66106e-05 0 2.94428e-06 0.00124746 5.30094e-05 
scan 350 100 30 0 0 0 0 0 0 0 0 0 
scan 350 100 31 1.23673e-05 1.26338e-05 1.23673e-05 3.49799e-07 2.47345e-07 0 6.54475e-11 2.47345e-06 6.00987e-07 
scan 350 100 32 2.45179e-05 1.80632e-05 1.73367e-05 5.91913e-07 5.91914e-07 0 2.35469e-11 4.90357e-06 9.84657e-07 
scan 350 100 33 0 0 0 0 0 0 0 0 0 
scan 350 100 34 1.20824e-05 1.23387e-05 1.20824e-05 4.18547e-07 0 0 8.69935e-08 2.41648e-06 4.8524e-07 
scan 350 100 35 0 0 0 0 0 0 0 0 0 
scan 350 100 36 0 0 0 0 0 0 0 0 0 
scan 350 100 37 0 0 0 0 0 0 0 0 0 
scan 350 100 38 0 0 0 0 0 0 0 0 0 
scan 350 100 39 2.44688e-05 1.88356e-05 1.73021e-05 3.46734e-07 6.68142e-07 0 2.44429e-08 7.34065e-06 9.82688e-07 
scan 350 100 40 0 0 0 0 0 0 0 0 0 
scan 350 100 41 1.23476e-05 1.74777e-05 1.23476e-05 0 4.27733e-07 0 9.87808e-09 1.23476e-05 6.00032e-07 
scan 350 100 42 1.23476e-05 1.74777e-05 1.23476e-05 0 4.27733e-07 0 9.87808e-09 1.23476e-05 6.00032e-07 
scan 350 100 43 1.22589e-05 1.73488e-05 1.22589e-05 3.46733e-07 2.45177e-07 0 4.51911e-11 1.22589e-05 4.92326e-07 
scan 350 100 44 1.22589e-05 1.73489e-05 1.22589e-05 2.45179e-07 3.46735e-07 0 5.88674e-12 1.22589e-05 4.92329e-07 
scan 350 100 45 2.47346e-05 1.82509e-05 1.749e-05 4.94692e-07 1.0158e-06 0 8.09306e-11 4.94692e-06 1.20198e-06 
scan 350 100 46 0 0 0 0 0 0 0 0 0 
scan 350 100 47 0 0 0 0 0 0 0 0 0 
scan 350 100 48 0 0 0 0 0 0 0 0 0 
scan 350 100 49 0 0 0 0 0 0 0 0 0 
scan 350 100 50 0 0 0 0 0 0 0 0 0 
scan 350 100 51 0 0 0 0 0 0 0 0 0 
scan 350 100 52 0 0 0 0 0 0 0 0 0 
scan 350 100 53 0 0 0 0 0 0 0 0 0 
scan 350 100 54 0 0 0 0 0 0 0 0 0 
scan 350 100 55 0 0 0 0 0 0 0 0 0 
scan 350 100 56 0 0 0 0 0 0 0 0 0 
scan 350 100 57 1.22589e-05 1.73489e-05 1.22589e-05 2.45179e-07 3.46735e-07 0 7.68881e-12 1.22589e-05 4.92329e-07 
scan 350 100 58 1.22589e-05 1.73489e-05 1.22589e-05 2.45179e-07 3.46735e-07 0 5.88674e-12 1.22589e-05 4.92329e-07 
scan 350 100 59 0 0 0 0 0 0 0 0 0 
scan 350 100 75 0 0 0 0 0 0 0 0 0 
scan 350 100 76 0 0 0 0 0 0 0 0 0 
scan 350 100 77 0 0 0 0 0 0 0 0 0 
scan 350 100 78 0 0 0 0 0 0 0 0 0 
scan 350 100 79 0 0 0 0 0 0 0 0 0 
scan 350 100 80 0 0 0 0 0 0 0 0 0 
scan 350 100 81 0 0 0 0 0 0 0 0 0 
scan 350 100 82 0 0 0 0 0 0 0 0 0 
scan 350 100 83 0 0 0 0 0 0 0 0 0 
scan 350 100 84 0 0 0 0 0 0 0 0 0 
scan 350 100 85 0 0 0 0 0 0 0 0 0 
scan 350 100 86 0 0 0 0 0 0 0 0 0 
scan 350 100 87 0 0 0 0 0 0 0 0 0 
scan 350 100 88 0 0 0 0 0 0 0 0 0 
scan 350 100 89 0 0 0 0 0 0 0 0 0 
scan 350 100 90 3.31313e-05 2.04554e-05 1.91807e-05 9.98706e-07 2.43978e-07 9.93938e-07 1.59982e-06 6.62625e-06 1.41924e-06 
scan 350 100 91 0 0 0 0 0 0 0 0 0 
scan 350 100 92 2.19185e-05 1.62181e-05 1.55006e-05 2.15758e-07 8.15161e-07 6.57556e-07 1.20381e-06 4.3837e-06 9.74144e-07 
scan 350 100 93 0 0 0 0 0 0 0 0 0 
scan 350 100 94 0 0 0 0 0 0 0 0 0 
scan 350 100 95 1.21989e-05 1.27647e-05 1.21989e-05 2.43978e-07 2.43978e-07 6.09944e-07 2.98873e-08 3.65967e-06 4.89917e-07 
scan 350 100 96 1.21805e-05 1.27362e-05 1.21805e-05 2.4361e-07 2.4361e-07 3.65415e-07 3.89776e-08 3.65415e-06 4.89179e-07 
scan 350 100 97 1.23068e-05 1.28726e-05 1.23068e-05 2.46136e-07 2.46136e-07 3.69204e-07 3.01516e-08 3.69204e-06 5.98049e-07 
scan 350 100 98 0 0 0 0 0 0 0 0 0 
scan 350 100 99 0 0 0 0 0 0 0 0 0 
scan 350 100 100 0 0 0 0 0 0 0 0 0 
scan 350 100 101 0 0 0 0 0 0 0 0 0 
scan 350 100 102 4.6628e-05 5.22288e-05 2.33378e-05 5.49105e-07 9.12654e-07 1.63421e-06 1.14999e-06 4.6628e-05 1.97276e-06 
scan 350 100 103 2.32136e-05 2.84786e-05 1.64345e-05 2.4361e-07 5.55672e-07 6.96407e-07 5.9063e-07 2.32136e-05 9.32275e-07 
scan 350 100 104 2.09356e-05 2.57262e-05 1.48154e-05 5.92149e-07 0 6.28069e-07 1.55771e-06 2.09356e-05 9.32584e-07 
scan 350 100 120 0 0 0 0 0 0 0 0 0 
scan 350 100 121 0 0 0 0 0 0 0 0 0 
scan 350 100 122 0 0 0 0 0 0 0 0 0 
scan 350 100 123 0 0 0 0 0 0 0 0 0 
scan 350 100 124 0 0 0 0 0 0 0 0 0 
scan 350 100 125 0 0 0 0 0 0 0 0 0 
scan 350 100 126 0 0 0 0 0 0 0 0 0 
scan 350 100 127 0 0 0 0 0 0 0 0 0 
scan 350 100 128 0 0 0 0 0 0 0 0 0 
scan 350 100 129 0 0 0 0 0 0 0 0 0 
scan 350 100 130 0 0 0 0 0 0 0 0 0 
scan 350 100 131 0 0 0 0 0 0 0 0 0 
scan 350 100 132 0 0 0 0 0 0 0 0 0 
scan 350 100 133 0 0 0 0 0 0 0 0 0 
scan 350 100 134 0 0 0 0 0 0 0 0 0 
scan 350 100 135 0 0 0 0 0 0 0 0 0 
scan 350 100 136 1.21989e-05 1.24699e-05 1.21989e-05 2.43978e-07 2.43978e-07 6.09944e-07 2.98873e-08 2.43978e-06 4.89917e-07 
scan 350 100 137 0 0 0 0 0 0 0 0 0 
scan 350 100 138 0 0 0 0 0 0 0 0 0 
scan 350 100 139 1.08833e-05 1.11396e-05 1.08833e-05 2.17666e-07 2.17666e-07 3.26499e-07 6.52998e-07 2.17666e-06 5.28874e-07 
scan 350 100 140 1.21989e-05 1.27647e-05 1.21989e-05 2.43978e-07 2.43978e-07 6.09944e-07 2.98873e-08 3.65967e-06 4.89917e-07 
scan 350 100 141 0 0 0 0 0 0 0 0 0 
scan 350 100 142 0 0 0 0 0 0 0 0 0 
scan 350 100 143 0 0 0 0 0 0 0 0 0 
scan 350 100 144 1.21989e-05 1.27647e-05 1.21989e-05 2.43978e-07 2.43978e-07 6.09944e-07 2.98873e-08 3.65967e-06 4.89917e-07 
scan 350 100 145 0 0 0 0 0 0 0 0 0 
scan 350 100 146 0 0 0 0 0 0 0 0 0 
scan 350 100 147 3.52935e-05 4.08386e-05 2.0412e-05 7.05871e-07 7.05871e-07 1.30278e-06 7.07312e-07 3.52935e-05 1.52122e-06 
scan 350 100 148 1.23068e-05 1.74291e-05 1.23068e-05 2.46136e-07 2.46136e-07 6.15339e-07 3.01516e-08 1.23068e-05 5.98049e-07 
scan 350 100 149 0 0 0 0 0 0 0 0 0 
scan 350 100 165 0 0 0 0 0 0 0 0 0 
scan 350 100 166 0 0 0 0 0 0 0 0 0 
scan 350 100 167 0 0 0 0 0 0 0 0 0 
scan 350 100 168 0 0 0 0 0 0 0 0 0 
scan 350 100 169 0 0 0 0 0 0 0 0 0 
scan 350 100 170 0 0 0 0 0 0 0 0 0 
scan 350 100 171 0 0 0 0 0 0 0 0 0 
scan 350 100 172 0 0 0 0 0 0 0 0 0 
scan 350 100 173 0 0 0 0 0 0 0 0 0 
scan 350 100 174 0 0 0 0 0 0 0 0 0 
scan 350 100 175 0 0 0 0 0 0 0 0 0 
scan 350 100 176 0 0 0 0 0 0 0 0 0 
scan 350 100 177 0 0 0 0 0 0 0 0 0 
scan 350 100 178 0 0 0 0 0 0 0 0 0 
scan 350 100 179 0 0 0 0 0 0 0 0 0 
