# cards/mergeScans.py -> lines taken from file cards/ZW/l2j2_wz_150_20.txt
xsec 150 20 2.38798
scan 150 20 500 0.0152933 0 0 0.000382334 0.000382334 0 0 4.35334e-05 0
scan 150 20 501 0.0044852 0 0 0.00011213 0.00011213 0 0 6.53747e-06 0
scan 150 20 502 0.00239675 0 0 5.99188e-05 5.99188e-05 0 0 7.2724e-05 0
scan 150 20 503 0.000576788 0 0 1.44197e-05 1.44197e-05 0 0 2.36003e-05 0
scan 150 20 504 0.000316207 0 0 7.90518e-06 7.90518e-06 0 0 0 0
# cards/mergeScans.py -> lines taken from file TChiWZ.kit/output/cn_150_20.txt
scan 150 20 0 0.00119701 0.00122334 0.00119701 3.38565e-05 2.39402e-05 0 1.72441e-09 0.000239402 6.85827e-05 
scan 150 20 1 0.00238945 0.00176256 0.0016896 6.75838e-05 4.7789e-05 0 8.05237e-09 0.00047789 0.000128978 
scan 150 20 2 0.0011667 0.00119202 0.0011667 4.04155e-05 0 0 1.26003e-05 0.000233339 5.90914e-05 
scan 150 20 3 0.00233196 0.00171984 0.001649 8.07815e-05 0 0 2.58122e-05 0.000466392 0.00011811 
scan 150 20 4 0 0 0 0 0 0 0 0 0 
scan 150 20 5 0 0 0 0 0 0 0 0 0 
scan 150 20 6 0.00119701 0.00125228 0.00119701 2.39402e-05 3.38566e-05 0 7.50766e-10 0.000359103 6.85828e-05 
scan 150 20 7 0 0 0 0 0 0 0 0 0 
scan 150 20 8 0 0 0 0 0 0 0 0 0 
scan 150 20 9 0 0 0 0 0 0 0 0 0 
scan 150 20 10 0 0 0 0 0 0 0 0 0 
scan 150 20 11 0 0 0 0 0 0 0 0 0 
scan 150 20 12 0 0 0 0 0 0 0 0 0 
scan 150 20 13 0 0 0 0 0 0 0 0 0 
scan 150 20 14 0 0 0 0 0 0 0 0 0 
scan 150 20 15 0.0580512 0.014708 0.00829346 0.00142788 0.00102729 0 0.000230398 0.0116102 0.00309818 
scan 150 20 16 0.0618237 0.0155135 0.00857362 0.00125336 0.0014036 0 0.000130821 0.0123647 0.00327364 
scan 150 20 17 0.0190061 0.00619851 0.00475173 0.000501585 0.000319869 0 5.16024e-05 0.00380123 0.00101821 
scan 150 20 18 0.00710365 0.0032595 0.00290016 0.00021123 9.14332e-05 0 2.9583e-05 0.00142073 0.000375558 
scan 150 20 19 0.00358191 0.00220017 0.00206802 8.15167e-05 9.1433e-05 0 6.51349e-09 0.000716381 0.000189374 
scan 150 20 20 0.00357543 0.00233616 0.00206427 5.75761e-05 9.88178e-05 0 9.64241e-07 0.00107263 0.00018109 
scan 150 20 21 0.0071294 0.00363987 0.00291063 0.000196863 0.000145731 0 1.69718e-05 0.00213882 0.000376891 
scan 150 20 22 0.00238946 0.00184177 0.00168961 4.77893e-05 6.75842e-05 0 1.14742e-09 0.000716839 0.000128979 
scan 150 20 23 0.00119245 0.0012471 0.00119245 2.3849e-05 3.37276e-05 0 7.47905e-10 0.000357735 6.03959e-05 
scan 150 20 24 0.00119245 0.0012471 0.00119245 2.3849e-05 3.37276e-05 0 5.72615e-10 0.000357736 6.03959e-05 
scan 150 20 25 0 0 0 0 0 0 0 0 0 
scan 150 20 26 0.00952506 0.0101195 0.00336764 0.000122294 0.00025647 0 1.39802e-05 0.00952506 0.000506136 
scan 150 20 27 0.00117978 0.00167035 0.00117978 4.08686e-05 0 0 8.49439e-06 0.00117978 6.75953e-05 
scan 150 20 28 0.00119701 0.00169473 0.00119701 2.39402e-05 3.38566e-05 0 5.74805e-10 0.00119701 6.85828e-05 
scan 150 20 29 0 0 0 0 0 0 0 0 0 
scan 150 20 30 0.00115668 0.00118241 0.00115668 5.42531e-05 0 0 1.73502e-05 0.000231336 5.85841e-05 
scan 150 20 31 0.00119245 0.00121827 0.00119245 2.3849e-05 3.37276e-05 0 5.72615e-10 0.00023849 6.03959e-05 
scan 150 20 32 0 0 0 0 0 0 0 0 0 
scan 150 20 33 0 0 0 0 0 0 0 0 0 
scan 150 20 34 0 0 0 0 0 0 0 0 0 
scan 150 20 35 0 0 0 0 0 0 0 0 0 
scan 150 20 36 0 0 0 0 0 0 0 0 0 
scan 150 20 37 0 0 0 0 0 0 0 0 0 
scan 150 20 38 0 0 0 0 0 0 0 0 0 
scan 150 20 39 0 0 0 0 0 0 0 0 0 
scan 150 20 40 0 0 0 0 0 0 0 0 0 
scan 150 20 41 0 0 0 0 0 0 0 0 0 
scan 150 20 42 0 0 0 0 0 0 0 0 0 
scan 150 20 43 0 0 0 0 0 0 0 0 0 
scan 150 20 44 0 0 0 0 0 0 0 0 0 
scan 150 20 45 0 0 0 0 0 0 0 0 0 
scan 150 20 46 0.001197 0.00122363 0.001197 4.31585e-05 2.394e-05 0 6.33453e-09 0.0002394 6.85821e-05 
scan 150 20 47 0 0 0 0 0 0 0 0 0 
scan 150 20 48 0 0 0 0 0 0 0 0 0 
scan 150 20 49 0 0 0 0 0 0 0 0 0 
scan 150 20 50 0 0 0 0 0 0 0 0 0 
scan 150 20 51 0 0 0 0 0 0 0 0 0 
scan 150 20 52 0 0 0 0 0 0 0 0 0 
scan 150 20 53 0 0 0 0 0 0 0 0 0 
scan 150 20 54 0 0 0 0 0 0 0 0 0 
scan 150 20 55 0 0 0 0 0 0 0 0 0 
scan 150 20 56 0 0 0 0 0 0 0 0 0 
scan 150 20 57 0 0 0 0 0 0 0 0 0 
scan 150 20 58 0 0 0 0 0 0 0 0 0 
scan 150 20 59 0 0 0 0 0 0 0 0 0 
scan 150 20 75 0 0 0 0 0 0 0 0 0 
scan 150 20 76 0 0 0 0 0 0 0 0 0 
scan 150 20 77 0 0 0 0 0 0 0 0 0 
scan 150 20 78 0 0 0 0 0 0 0 0 0 
scan 150 20 79 0 0 0 0 0 0 0 0 0 
scan 150 20 80 0 0 0 0 0 0 0 0 0 
scan 150 20 81 0 0 0 0 0 0 0 0 0 
scan 150 20 82 0 0 0 0 0 0 0 0 0 
scan 150 20 83 0 0 0 0 0 0 0 0 0 
scan 150 20 84 0 0 0 0 0 0 0 0 0 
scan 150 20 85 0 0 0 0 0 0 0 0 0 
scan 150 20 86 0 0 0 0 0 0 0 0 0 
scan 150 20 87 0 0 0 0 0 0 0 0 0 
scan 150 20 88 0 0 0 0 0 0 0 0 0 
scan 150 20 89 0 0 0 0 0 0 0 0 0 
scan 150 20 90 0.000981551 0.00100803 0.000981551 2.77624e-05 0 4.90775e-05 8.83396e-05 0.00019631 5.6238e-05 
scan 150 20 91 0.00229827 0.00169976 0.00162512 0 6.50048e-05 0.000114913 4.59653e-05 0.000459653 0.000131679 
scan 150 20 92 0 0 0 0 0 0 0 0 0 
scan 150 20 93 0 0 0 0 0 0 0 0 0 
scan 150 20 94 0 0 0 0 0 0 0 0 0 
scan 150 20 95 0 0 0 0 0 0 0 0 0 
scan 150 20 96 0 0 0 0 0 0 0 0 0 
scan 150 20 97 0 0 0 0 0 0 0 0 0 
scan 150 20 98 0 0 0 0 0 0 0 0 0 
scan 150 20 99 0 0 0 0 0 0 0 0 0 
scan 150 20 100 0 0 0 0 0 0 0 0 0 
scan 150 20 101 0 0 0 0 0 0 0 0 0 
scan 150 20 102 0.00118661 0.00168058 0.00118661 2.37322e-05 2.37322e-05 5.93305e-05 2.90719e-06 0.00118661 6.01e-05 
scan 150 20 103 0 0 0 0 0 0 0 0 0 
scan 150 20 104 0 0 0 0 0 0 0 0 0 
scan 150 20 120 0 0 0 0 0 0 0 0 0 
scan 150 20 121 0 0 0 0 0 0 0 0 0 
scan 150 20 122 0 0 0 0 0 0 0 0 0 
scan 150 20 123 0 0 0 0 0 0 0 0 0 
scan 150 20 124 0 0 0 0 0 0 0 0 0 
scan 150 20 125 0 0 0 0 0 0 0 0 0 
scan 150 20 126 0 0 0 0 0 0 0 0 0 
scan 150 20 127 0 0 0 0 0 0 0 0 0 
scan 150 20 128 0 0 0 0 0 0 0 0 0 
scan 150 20 129 0 0 0 0 0 0 0 0 0 
scan 150 20 130 0 0 0 0 0 0 0 0 0 
scan 150 20 131 0 0 0 0 0 0 0 0 0 
scan 150 20 132 0 0 0 0 0 0 0 0 0 
scan 150 20 133 0 0 0 0 0 0 0 0 0 
scan 150 20 134 0 0 0 0 0 0 0 0 0 
scan 150 20 135 0.00105337 0.00107974 0.00105337 2.10674e-05 5.26686e-05 3.16011e-05 6.32023e-05 0.000210674 6.03529e-05 
scan 150 20 136 0.00119115 0.00121765 0.00119115 2.3823e-05 2.3823e-05 3.57344e-05 2.91831e-06 0.00023823 6.82468e-05 
scan 150 20 137 0 0 0 0 0 0 0 0 0 
scan 150 20 138 0 0 0 0 0 0 0 0 0 
scan 150 20 139 0 0 0 0 0 0 0 0 0 
scan 150 20 140 0 0 0 0 0 0 0 0 0 
scan 150 20 141 0 0 0 0 0 0 0 0 0 
scan 150 20 142 0 0 0 0 0 0 0 0 0 
scan 150 20 143 0 0 0 0 0 0 0 0 0 
scan 150 20 144 0 0 0 0 0 0 0 0 0 
scan 150 20 145 0 0 0 0 0 0 0 0 0 
scan 150 20 146 0 0 0 0 0 0 0 0 0 
scan 150 20 147 0 0 0 0 0 0 0 0 0 
scan 150 20 148 0 0 0 0 0 0 0 0 0 
scan 150 20 149 0 0 0 0 0 0 0 0 0 
scan 150 20 165 0 0 0 0 0 0 0 0 0 
scan 150 20 166 0 0 0 0 0 0 0 0 0 
scan 150 20 167 0 0 0 0 0 0 0 0 0 
scan 150 20 168 0 0 0 0 0 0 0 0 0 
scan 150 20 169 0 0 0 0 0 0 0 0 0 
scan 150 20 170 0 0 0 0 0 0 0 0 0 
scan 150 20 171 0 0 0 0 0 0 0 0 0 
scan 150 20 172 0 0 0 0 0 0 0 0 0 
scan 150 20 173 0 0 0 0 0 0 0 0 0 
scan 150 20 174 0 0 0 0 0 0 0 0 0 
scan 150 20 175 0 0 0 0 0 0 0 0 0 
scan 150 20 176 0 0 0 0 0 0 0 0 0 
scan 150 20 177 0 0 0 0 0 0 0 0 0 
scan 150 20 178 0 0 0 0 0 0 0 0 0 
scan 150 20 179 0 0 0 0 0 0 0 0 0 
