# cards/mergeScans.py -> lines taken from file cards/ZW/l2j2_wz_300_60.txt
xsec 300 60 0.145923
scan 300 60 500 0.000847545 0 0 2.11886e-05 2.11886e-05 0 0 1.45367e-06 0
scan 300 60 501 0.00108797 0 0 2.71993e-05 2.71993e-05 0 0 8.34549e-07 0
scan 300 60 502 0.00142015 0 0 3.55038e-05 3.55038e-05 0 0 2.6618e-07 0
scan 300 60 503 0.00166793 0 0 4.16982e-05 4.16982e-05 0 0 8.50813e-07 0
scan 300 60 504 0.0020542 0 0 5.13551e-05 5.13551e-05 0 0 4.15433e-07 0
# cards/mergeScans.py -> lines taken from file TChiWZ.kit/output/cn_300_60.txt
scan 300 60 0 3.54154e-05 2.61029e-05 2.50425e-05 1.22683e-06 0 0 2.86807e-07 7.08309e-06 1.57358e-06 
scan 300 60 1 5.57069e-05 3.41961e-05 3.217e-05 1.26325e-06 1.42652e-06 0 1.3574e-08 1.11414e-05 2.5898e-06 
scan 300 60 2 0.00010965 5.02647e-05 4.47759e-05 1.63029e-06 3.63394e-06 0 4.07109e-08 2.19301e-05 4.98663e-06 
scan 300 60 3 1.76753e-05 1.80535e-05 1.76753e-05 6.12291e-07 0 0 1.59078e-07 3.53506e-06 7.85349e-07 
scan 300 60 4 5.34291e-05 3.27733e-05 3.08503e-05 1.07985e-06 1.13161e-06 0 2.76275e-07 1.06858e-05 2.37396e-06 
scan 300 60 5 0 0 0 0 0 0 0 0 0 
scan 300 60 6 5.35657e-05 3.49827e-05 3.09282e-05 1.5934e-06 8.69079e-07 0 2.10912e-07 1.60697e-05 2.38003e-06 
scan 300 60 7 0 0 0 0 0 0 0 0 0 
scan 300 60 8 0 0 0 0 0 0 0 0 0 
scan 300 60 9 1.79705e-05 1.87891e-05 1.79705e-05 0 6.22517e-07 0 1.43764e-08 5.39115e-06 7.98465e-07 
scan 300 60 10 0 0 0 0 0 0 0 0 0 
scan 300 60 11 1.79273e-05 2.53732e-05 1.79273e-05 0 6.2102e-07 0 3.58546e-08 1.79273e-05 7.96546e-07 
scan 300 60 12 9.2181e-05 0.000101126 4.12417e-05 2.03012e-06 2.40589e-06 0 2.05625e-07 9.2181e-05 4.26776e-06 
scan 300 60 13 7.11548e-05 7.96509e-05 3.55806e-05 2.08693e-06 8.69082e-07 0 4.09905e-07 7.11548e-05 3.16155e-06 
scan 300 60 14 0.000109126 0.000118015 4.45659e-05 1.76272e-06 2.27492e-06 0 2.99307e-07 0.000109126 4.9633e-06 
scan 300 60 15 0.000815594 0.00020821 0.000121612 1.88181e-05 1.52056e-05 0 2.35136e-06 0.000163119 3.69224e-05 
scan 300 60 16 0.0017949 0.000413688 0.000180442 4.32067e-05 3.46075e-05 0 5.56624e-06 0.000358979 8.13463e-05 
scan 300 60 17 0.00139299 0.000329794 0.000158797 3.85318e-05 2.05754e-05 0 5.90923e-06 0.000278598 6.31481e-05 
scan 300 60 18 0.000776491 0.000199803 0.000118432 1.40082e-05 1.89854e-05 0 1.75306e-06 0.000155298 3.48994e-05 
scan 300 60 19 0.000942298 0.000235231 0.000130706 2.16768e-05 2.09939e-05 0 2.43757e-06 0.00018846 4.26108e-05 
scan 300 60 20 7.3703e-05 4.31846e-05 3.68614e-05 1.25362e-06 2.04808e-06 0 1.51403e-08 2.21109e-05 3.38939e-06 
scan 300 60 21 0.000363796 0.000137556 8.13729e-05 8.89711e-06 5.5877e-06 0 1.53729e-06 0.000109139 1.66191e-05 
scan 300 60 22 0.000508166 0.000182349 9.60563e-05 1.31698e-05 8.81221e-06 0 1.36038e-06 0.00015245 2.30344e-05 
scan 300 60 23 0.000309362 0.000120575 7.50535e-05 7.42846e-06 6.28234e-06 0 4.75353e-07 9.28086e-05 1.40323e-05 
scan 300 60 24 0.000378746 0.000141986 8.26702e-05 8.90012e-06 6.32898e-06 0 1.75115e-06 0.000113624 1.71123e-05 
scan 300 60 25 1.79993e-05 2.5475e-05 1.79993e-05 5.09096e-07 3.59985e-07 0 2.59297e-11 1.79993e-05 7.99743e-07 
scan 300 60 26 0.000453618 0.000463247 9.07463e-05 9.12062e-06 9.32994e-06 0 1.20039e-06 0.000453618 2.05542e-05 
scan 300 60 27 0.00096432 0.000974798 0.000132497 1.9144e-05 2.17257e-05 0 2.1642e-06 0.00096432 4.38179e-05 
scan 300 60 28 0.00138119 0.00139227 0.000158478 3.12946e-05 2.60883e-05 0 3.73491e-06 0.00138119 6.2739e-05 
scan 300 60 29 0.00175299 0.00176452 0.000178031 3.98038e-05 3.13762e-05 0 5.49639e-06 0.00175299 7.90866e-05 
scan 300 60 30 1.79705e-05 1.83543e-05 1.79705e-05 0 6.22517e-07 0 1.43764e-08 3.5941e-06 7.98465e-07 
scan 300 60 31 1.79917e-05 1.83804e-05 1.79917e-05 5.39752e-07 5.08883e-07 0 3.77827e-09 3.59835e-06 7.99409e-07 
scan 300 60 32 3.56458e-05 2.6261e-05 2.52063e-05 7.28772e-07 6.22517e-07 0 1.73454e-07 7.12917e-06 1.58381e-06 
scan 300 60 33 0 0 0 0 0 0 0 0 0 
scan 300 60 34 1.79993e-05 1.83837e-05 1.79993e-05 5.09096e-07 3.59985e-07 0 2.59297e-11 3.59985e-06 7.99743e-07 
scan 300 60 35 1.77401e-05 1.85486e-05 1.77401e-05 6.14536e-07 0 0 1.27729e-07 5.32204e-06 7.88229e-07 
scan 300 60 36 1.79993e-05 1.88191e-05 1.79993e-05 5.09096e-07 3.59985e-07 0 2.59297e-11 5.39978e-06 7.99743e-07 
scan 300 60 37 0 0 0 0 0 0 0 0 0 
scan 300 60 38 0 0 0 0 0 0 0 0 0 
scan 300 60 39 0 0 0 0 0 0 0 0 0 
scan 300 60 40 0 0 0 0 0 0 0 0 0 
scan 300 60 41 3.68364e-05 4.51651e-05 2.6054e-05 5.09094e-07 1.01252e-06 0 1.51206e-08 3.68364e-05 1.69398e-06 
scan 300 60 42 5.45367e-05 6.30402e-05 3.14909e-05 6.44173e-07 1.24503e-06 0 1.62642e-07 5.45367e-05 2.4797e-06 
scan 300 60 43 5.48371e-05 6.3398e-05 3.16684e-05 8.86443e-07 1.51615e-06 0 1.44114e-08 5.48371e-05 2.49388e-06 
scan 300 60 44 7.1522e-05 8.00523e-05 3.57624e-05 6.10046e-07 1.86755e-06 0 2.33323e-07 7.1522e-05 3.17787e-06 
scan 300 60 45 1.88673e-05 1.92729e-05 1.88673e-05 5.33648e-07 3.77346e-07 0 2.71803e-11 3.77346e-06 8.95669e-07 
scan 300 60 46 0 0 0 0 0 0 0 0 0 
scan 300 60 47 0 0 0 0 0 0 0 0 0 
scan 300 60 48 0 0 0 0 0 0 0 0 0 
scan 300 60 49 0 0 0 0 0 0 0 0 0 
scan 300 60 50 0 0 0 0 0 0 0 0 0 
scan 300 60 51 0 0 0 0 0 0 0 0 0 
scan 300 60 52 0 0 0 0 0 0 0 0 0 
scan 300 60 53 0 0 0 0 0 0 0 0 0 
scan 300 60 54 0 0 0 0 0 0 0 0 0 
scan 300 60 55 0 0 0 0 0 0 0 0 0 
scan 300 60 56 0 0 0 0 0 0 0 0 0 
scan 300 60 57 1.79993e-05 2.5475e-05 1.79993e-05 5.09096e-07 3.59985e-07 0 2.59297e-11 1.79993e-05 7.99743e-07 
scan 300 60 58 1.79991e-05 2.54748e-05 1.79991e-05 5.09092e-07 3.59982e-07 0 9.52513e-11 1.79991e-05 7.99736e-07 
scan 300 60 59 1.88436e-05 2.66859e-05 1.88436e-05 5.32978e-07 9.4218e-07 0 1.18715e-08 1.88436e-05 8.94543e-07 
scan 300 60 75 0 0 0 0 0 0 0 0 0 
scan 300 60 76 0 0 0 0 0 0 0 0 0 
scan 300 60 77 0 0 0 0 0 0 0 0 0 
scan 300 60 78 0 0 0 0 0 0 0 0 0 
scan 300 60 79 0 0 0 0 0 0 0 0 0 
scan 300 60 80 0 0 0 0 0 0 0 0 0 
scan 300 60 81 0 0 0 0 0 0 0 0 0 
scan 300 60 82 0 0 0 0 0 0 0 0 0 
scan 300 60 83 0 0 0 0 0 0 0 0 0 
scan 300 60 84 0 0 0 0 0 0 0 0 0 
scan 300 60 85 0 0 0 0 0 0 0 0 0 
scan 300 60 86 0 0 0 0 0 0 0 0 0 
scan 300 60 87 0 0 0 0 0 0 0 0 0 
scan 300 60 88 0 0 0 0 0 0 0 0 0 
scan 300 60 89 0 0 0 0 0 0 0 0 0 
scan 300 60 90 3.49743e-05 2.58672e-05 2.47975e-05 3.75499e-07 8.33686e-07 1.04923e-06 8.55967e-07 6.99486e-06 1.61105e-06 
scan 300 60 91 3.45587e-05 2.5491e-05 2.44367e-05 0 9.77467e-07 1.03676e-06 6.91173e-07 6.91173e-06 1.53551e-06 
scan 300 60 92 1.81127e-05 1.851e-05 1.81127e-05 0 5.12304e-07 5.4338e-07 3.62254e-07 3.62254e-06 8.59845e-07 
scan 300 60 93 0 0 0 0 0 0 0 0 0 
scan 300 60 94 0 0 0 0 0 0 0 0 0 
scan 300 60 95 0 0 0 0 0 0 0 0 0 
scan 300 60 96 3.58222e-05 2.76175e-05 2.53301e-05 7.16444e-07 7.16444e-07 1.43289e-06 8.77644e-08 1.07467e-05 1.59165e-06 
scan 300 60 97 0 0 0 0 0 0 0 0 0 
scan 300 60 98 0 0 0 0 0 0 0 0 0 
scan 300 60 99 0 0 0 0 0 0 0 0 0 
scan 300 60 100 0 0 0 0 0 0 0 0 0 
scan 300 60 101 0 0 0 0 0 0 0 0 0 
scan 300 60 102 0 0 0 0 0 0 0 0 0 
scan 300 60 103 3.31187e-05 4.06487e-05 2.34406e-05 4.48006e-07 4.88733e-07 1.31035e-06 1.29595e-06 3.31187e-05 1.47153e-06 
scan 300 60 104 3.31187e-05 4.06534e-05 2.34406e-05 3.16788e-07 8.05521e-07 1.33915e-06 1.29595e-06 3.31187e-05 1.47153e-06 
scan 300 60 120 0 0 0 0 0 0 0 0 0 
scan 300 60 121 0 0 0 0 0 0 0 0 0 
scan 300 60 122 0 0 0 0 0 0 0 0 0 
scan 300 60 123 0 0 0 0 0 0 0 0 0 
scan 300 60 124 0 0 0 0 0 0 0 0 0 
scan 300 60 125 0 0 0 0 0 0 0 0 0 
scan 300 60 126 0 0 0 0 0 0 0 0 0 
scan 300 60 127 0 0 0 0 0 0 0 0 0 
scan 300 60 128 0 0 0 0 0 0 0 0 0 
scan 300 60 129 0 0 0 0 0 0 0 0 0 
scan 300 60 130 0 0 0 0 0 0 0 0 0 
scan 300 60 131 0 0 0 0 0 0 0 0 0 
scan 300 60 132 0 0 0 0 0 0 0 0 0 
scan 300 60 133 0 0 0 0 0 0 0 0 0 
scan 300 60 134 1.81127e-05 2.56431e-05 1.81127e-05 0 5.12304e-07 5.4338e-07 3.62254e-07 1.81127e-05 8.59845e-07 
scan 300 60 135 1.79111e-05 1.82981e-05 1.79111e-05 3.58222e-07 3.58222e-07 5.37333e-07 4.38822e-08 3.58222e-06 7.95826e-07 
scan 300 60 136 8.36642e-05 4.15719e-05 3.75387e-05 1.99007e-06 1.67328e-06 2.86815e-06 3.13806e-06 1.67328e-05 3.77444e-06 
scan 300 60 137 0 0 0 0 0 0 0 0 0 
scan 300 60 138 0 0 0 0 0 0 0 0 0 
scan 300 60 139 0 0 0 0 0 0 0 0 0 
scan 300 60 140 0 0 0 0 0 0 0 0 0 
scan 300 60 141 1.79111e-05 1.87313e-05 1.79111e-05 3.58222e-07 3.58222e-07 5.37333e-07 4.38822e-08 5.37333e-06 7.95826e-07 
scan 300 60 142 1.79111e-05 1.8745e-05 1.79111e-05 3.58222e-07 3.58222e-07 8.95556e-07 4.38822e-08 5.37333e-06 7.95826e-07 
scan 300 60 143 1.79111e-05 1.8745e-05 1.79111e-05 3.58222e-07 3.58222e-07 8.95556e-07 4.38822e-08 5.37333e-06 7.95826e-07 
scan 300 60 144 0 0 0 0 0 0 0 0 0 
scan 300 60 145 0 0 0 0 0 0 0 0 0 
scan 300 60 146 3.46143e-05 4.25313e-05 2.45639e-05 6.92286e-07 1.16747e-06 1.41393e-06 9.96362e-07 3.46143e-05 1.59506e-06 
scan 300 60 147 1.79111e-05 2.53534e-05 1.79111e-05 3.58222e-07 3.58222e-07 5.37333e-07 4.38822e-08 1.79111e-05 7.95826e-07 
scan 300 60 148 1.79111e-05 2.53534e-05 1.79111e-05 3.58222e-07 3.58222e-07 5.37333e-07 4.38822e-08 1.79111e-05 7.95826e-07 
scan 300 60 149 3.37505e-05 4.14271e-05 2.39101e-05 8.33404e-07 6.7501e-07 1.01252e-06 9.94246e-07 3.37505e-05 1.4996e-06 
scan 300 60 165 0 0 0 0 0 0 0 0 0 
scan 300 60 166 0 0 0 0 0 0 0 0 0 
scan 300 60 167 0 0 0 0 0 0 0 0 0 
scan 300 60 168 0 0 0 0 0 0 0 0 0 
scan 300 60 169 0 0 0 0 0 0 0 0 0 
scan 300 60 170 0 0 0 0 0 0 0 0 0 
scan 300 60 171 0 0 0 0 0 0 0 0 0 
scan 300 60 172 0 0 0 0 0 0 0 0 0 
scan 300 60 173 0 0 0 0 0 0 0 0 0 
scan 300 60 174 0 0 0 0 0 0 0 0 0 
scan 300 60 175 0 0 0 0 0 0 0 0 0 
scan 300 60 176 0 0 0 0 0 0 0 0 0 
scan 300 60 177 0 0 0 0 0 0 0 0 0 
scan 300 60 178 0 0 0 0 0 0 0 0 0 
scan 300 60 179 0 0 0 0 0 0 0 0 0 
