# cards/mergeScans.py -> lines taken from file cards/ZW/l2j2_wz_220_50.txt
xsec 220 50 0.539184
scan 220 50 500 0.00401272 0 0 0.000100318 0.000100318 0 0 3.50154e-06 0
scan 220 50 501 0.00470862 0 0 0.000117715 0.000117715 0 0 2.09992e-06 0
scan 220 50 502 0.0052252 0 0 0.00013063 0.00013063 0 0 4.36681e-06 0
scan 220 50 503 0.00523561 0 0 0.00013089 0.00013089 0 0 1.52217e-06 0
scan 220 50 504 0.00181826 0 0 4.54565e-05 4.54565e-05 0 0 9.15927e-06 0
# cards/mergeScans.py -> lines taken from file TChiWZ.kit/output/cn_220_50.txt
scan 220 50 0 0.000183217 0.000135188 0.000129593 3.66434e-06 7.46652e-06 0 6.4334e-07 3.66434e-05 8.30585e-06 
scan 220 50 1 0.000730344 0.000299477 0.000258253 1.96966e-05 1.43486e-05 0 6.45074e-07 0.000146069 3.25814e-05 
scan 220 50 2 0.000270232 0.00016582 0.000156024 8.79584e-06 3.62423e-06 0 8.47304e-07 5.40464e-05 1.18587e-05 
scan 220 50 3 0.000271007 0.000166285 0.000156491 8.06116e-06 2.56316e-06 0 2.03561e-06 5.42014e-05 1.21536e-05 
scan 220 50 4 8.86939e-05 9.05913e-05 8.86939e-05 3.07245e-06 0 0 9.57894e-07 1.77388e-05 3.8922e-06 
scan 220 50 5 0 0 0 0 0 0 0 0 0 
scan 220 50 6 9.08291e-05 9.49868e-05 9.08291e-05 3.14641e-06 0 0 1.47143e-06 2.72487e-05 4.24294e-06 
scan 220 50 7 0.000184522 0.000142142 0.000130496 5.21906e-06 3.69043e-06 0 4.69406e-10 5.53565e-05 8.3631e-06 
scan 220 50 8 0 0 0 0 0 0 0 0 0 
scan 220 50 9 0 0 0 0 0 0 0 0 0 
scan 220 50 10 0 0 0 0 0 0 0 0 0 
scan 220 50 11 9.05069e-05 0.000128096 9.05069e-05 0 3.13525e-06 0 7.24055e-08 9.05069e-05 3.97177e-06 
scan 220 50 12 0.000273868 0.000316613 0.000158152 7.53646e-06 4.46808e-06 0 6.4382e-07 0.000273868 1.22839e-05 
scan 220 50 13 0.00017804 0.000218281 0.000125915 4.84026e-06 2.56402e-06 0 1.57305e-06 0.00017804 7.81305e-06 
scan 220 50 14 0 0 0 0 0 0 0 0 0 
scan 220 50 15 0.00621397 0.00149205 0.000753699 0.000130886 0.000135019 0 1.51491e-05 0.00124279 0.000279309 
scan 220 50 16 0.0112094 0.0025325 0.00101087 0.000244766 0.000231355 0 2.7858e-05 0.00224188 0.000501422 
scan 220 50 17 0.00608383 0.00146419 0.000743352 0.000141376 0.000131238 0 1.71422e-05 0.00121677 0.000270672 
scan 220 50 18 0.00234908 0.000670611 0.000460771 6.61989e-05 3.54985e-05 0 1.17369e-05 0.000469817 0.000104405 
scan 220 50 19 0.00163296 0.000512609 0.000384936 3.69827e-05 3.59884e-05 0 4.13321e-06 0.000326593 7.24515e-05 
scan 220 50 20 0.00036552 0.000214034 0.000182768 8.95049e-06 4.94828e-06 0 1.7307e-06 0.000109656 1.6562e-05 
scan 220 50 21 0.00272219 0.000966937 0.000497069 4.70919e-05 6.41071e-05 0 6.61656e-06 0.000816657 0.000120785 
scan 220 50 22 0.00191987 0.000719918 0.000419032 3.98726e-05 4.35127e-05 0 4.67118e-06 0.000575961 8.63657e-05 
scan 220 50 23 0.000821029 0.000370956 0.000273725 1.51056e-05 2.06445e-05 0 2.20352e-06 0.000246309 3.68223e-05 
scan 220 50 24 0.000453215 0.000245347 0.000202723 1.2422e-05 7.03211e-06 0 1.60141e-06 0.000135964 2.01543e-05 
scan 220 50 25 9.05069e-05 0.000128096 9.05069e-05 0 3.13525e-06 0 7.24055e-08 9.05069e-05 3.97177e-06 
scan 220 50 26 0.0021777 0.00222561 0.000444582 4.27681e-05 4.57121e-05 0 5.33162e-06 0.0021777 9.66271e-05 
scan 220 50 27 0.00456784 0.00461988 0.000646103 0.000107562 8.2075e-05 0 1.27483e-05 0.00456784 0.000205472 
scan 220 50 28 0.00236934 0.00241789 0.000464741 4.75615e-05 5.295e-05 0 8.14258e-06 0.00236934 0.000106346 
scan 220 50 29 0.000543069 0.000587302 0.000221742 1.37266e-05 7.60334e-06 0 2.0025e-06 0.000543069 2.40974e-05 
scan 220 50 30 0.000454507 0.000224101 0.00020331 1.17157e-05 7.7831e-06 0 2.52052e-06 9.09013e-05 2.04703e-05 
scan 220 50 31 0.000184377 0.000135904 0.000130396 1.87741e-06 5.79031e-06 0 7.24506e-08 3.68755e-05 8.35677e-06 
scan 220 50 32 0.000184522 0.000136018 0.000130497 4.46809e-06 4.44143e-06 0 1.78761e-10 3.69044e-05 8.36313e-06 
scan 220 50 33 0 0 0 0 0 0 0 0 0 
scan 220 50 34 0 0 0 0 0 0 0 0 0 
scan 220 50 35 0 0 0 0 0 0 0 0 0 
scan 220 50 36 9.387e-05 9.81551e-05 9.387e-05 2.65505e-06 1.8774e-06 0 2.64939e-10 2.8161e-05 4.38499e-06 
scan 220 50 37 9.05069e-05 9.46274e-05 9.05069e-05 0 3.13525e-06 0 7.24055e-08 2.71521e-05 3.97177e-06 
scan 220 50 38 0 0 0 0 0 0 0 0 0 
scan 220 50 39 0 0 0 0 0 0 0 0 0 
scan 220 50 40 0 0 0 0 0 0 0 0 0 
scan 220 50 41 0 0 0 0 0 0 0 0 0 
scan 220 50 42 0 0 0 0 0 0 0 0 0 
scan 220 50 43 0 0 0 0 0 0 0 0 0 
scan 220 50 44 0 0 0 0 0 0 0 0 0 
scan 220 50 45 0 0 0 0 0 0 0 0 0 
scan 220 50 46 0 0 0 0 0 0 0 0 0 
scan 220 50 47 9.04562e-05 9.25012e-05 9.04562e-05 3.26144e-06 4.52281e-06 0 9.76926e-08 1.80912e-05 3.96954e-06 
scan 220 50 48 0 0 0 0 0 0 0 0 0 
scan 220 50 49 0 0 0 0 0 0 0 0 0 
scan 220 50 50 0 0 0 0 0 0 0 0 0 
scan 220 50 51 0 0 0 0 0 0 0 0 0 
scan 220 50 52 0 0 0 0 0 0 0 0 0 
scan 220 50 53 0 0 0 0 0 0 0 0 0 
scan 220 50 54 0 0 0 0 0 0 0 0 0 
scan 220 50 55 0 0 0 0 0 0 0 0 0 
scan 220 50 56 9.06516e-05 0.000128301 9.06516e-05 2.56402e-06 1.81303e-06 0 1.7057e-10 9.06516e-05 3.97812e-06 
scan 220 50 57 0 0 0 0 0 0 0 0 0 
scan 220 50 58 0 0 0 0 0 0 0 0 0 
scan 220 50 59 0 0 0 0 0 0 0 0 0 
scan 220 50 75 0 0 0 0 0 0 0 0 0 
scan 220 50 76 0 0 0 0 0 0 0 0 0 
scan 220 50 77 0 0 0 0 0 0 0 0 0 
scan 220 50 78 0 0 0 0 0 0 0 0 0 
scan 220 50 79 0 0 0 0 0 0 0 0 0 
scan 220 50 80 0 0 0 0 0 0 0 0 0 
scan 220 50 81 0 0 0 0 0 0 0 0 0 
scan 220 50 82 0 0 0 0 0 0 0 0 0 
scan 220 50 83 0 0 0 0 0 0 0 0 0 
scan 220 50 84 0 0 0 0 0 0 0 0 0 
scan 220 50 85 0 0 0 0 0 0 0 0 0 
scan 220 50 86 0 0 0 0 0 0 0 0 0 
scan 220 50 87 0 0 0 0 0 0 0 0 0 
scan 220 50 88 0 0 0 0 0 0 0 0 0 
scan 220 50 89 0 0 0 0 0 0 0 0 0 
scan 220 50 90 0.000177234 0.000130779 0.000125343 1.80416e-06 4.26562e-06 7.05753e-06 1.96153e-06 3.54467e-05 7.77765e-06 
scan 220 50 91 0.000152312 0.000113284 0.000107823 4.30802e-06 0 6.16515e-06 1.32364e-05 3.04623e-05 6.90977e-06 
scan 220 50 92 0 0 0 0 0 0 0 0 0 
scan 220 50 93 0 0 0 0 0 0 0 0 0 
scan 220 50 94 0 0 0 0 0 0 0 0 0 
scan 220 50 95 0 0 0 0 0 0 0 0 0 
scan 220 50 96 0 0 0 0 0 0 0 0 0 
scan 220 50 97 0 0 0 0 0 0 0 0 0 
scan 220 50 98 0 0 0 0 0 0 0 0 0 
scan 220 50 99 0 0 0 0 0 0 0 0 0 
scan 220 50 100 0 0 0 0 0 0 0 0 0 
scan 220 50 101 9.34106e-05 0.000132231 9.34106e-05 1.86821e-06 1.86821e-06 2.80232e-06 2.28856e-07 9.34106e-05 4.36352e-06 
scan 220 50 102 9.02078e-05 0.000127689 9.02078e-05 1.80416e-06 1.80416e-06 2.70623e-06 2.21009e-07 9.02078e-05 3.95864e-06 
scan 220 50 103 0 0 0 0 0 0 0 0 0 
scan 220 50 104 0 0 0 0 0 0 0 0 0 
scan 220 50 120 0 0 0 0 0 0 0 0 0 
scan 220 50 121 7.50964e-05 7.71698e-05 7.50964e-05 2.70764e-06 0 3.75482e-06 7.50964e-06 1.50193e-05 3.50801e-06 
scan 220 50 122 0 0 0 0 0 0 0 0 0 
scan 220 50 123 0 0 0 0 0 0 0 0 0 
scan 220 50 124 0 0 0 0 0 0 0 0 0 
scan 220 50 125 0 0 0 0 0 0 0 0 0 
scan 220 50 126 0 0 0 0 0 0 0 0 0 
scan 220 50 127 0 0 0 0 0 0 0 0 0 
scan 220 50 128 0 0 0 0 0 0 0 0 0 
scan 220 50 129 0 0 0 0 0 0 0 0 0 
scan 220 50 130 0 0 0 0 0 0 0 0 0 
scan 220 50 131 0 0 0 0 0 0 0 0 0 
scan 220 50 132 8.70259e-05 0.000123246 8.70259e-05 0 2.46146e-06 4.35129e-06 1.74052e-06 8.70259e-05 3.81901e-06 
scan 220 50 133 0 0 0 0 0 0 0 0 0 
scan 220 50 134 0 0 0 0 0 0 0 0 0 
scan 220 50 135 0.00025579 0.000157729 0.000148031 5.11581e-06 5.11581e-06 7.67371e-06 9.97164e-06 5.11581e-05 1.17231e-05 
scan 220 50 136 7.70542e-05 7.90679e-05 7.70542e-05 1.54108e-06 3.85271e-06 3.85271e-06 5.77906e-06 1.54108e-05 3.38141e-06 
scan 220 50 137 0 0 0 0 0 0 0 0 0 
scan 220 50 138 0 0 0 0 0 0 0 0 0 
scan 220 50 139 0 0 0 0 0 0 0 0 0 
scan 220 50 140 0 0 0 0 0 0 0 0 0 
scan 220 50 141 0 0 0 0 0 0 0 0 0 
scan 220 50 142 9.02078e-05 9.43364e-05 9.02078e-05 1.80416e-06 1.80416e-06 2.70623e-06 2.21009e-07 2.70623e-05 3.95864e-06 
scan 220 50 143 0 0 0 0 0 0 0 0 0 
scan 220 50 144 0 0 0 0 0 0 0 0 0 
scan 220 50 145 0 0 0 0 0 0 0 0 0 
scan 220 50 146 0 0 0 0 0 0 0 0 0 
scan 220 50 147 0 0 0 0 0 0 0 0 0 
scan 220 50 148 0 0 0 0 0 0 0 0 0 
scan 220 50 149 0 0 0 0 0 0 0 0 0 
scan 220 50 165 0 0 0 0 0 0 0 0 0 
scan 220 50 166 0 0 0 0 0 0 0 0 0 
scan 220 50 167 0 0 0 0 0 0 0 0 0 
scan 220 50 168 0 0 0 0 0 0 0 0 0 
scan 220 50 169 0 0 0 0 0 0 0 0 0 
scan 220 50 170 0 0 0 0 0 0 0 0 0 
scan 220 50 171 0 0 0 0 0 0 0 0 0 
scan 220 50 172 0 0 0 0 0 0 0 0 0 
scan 220 50 173 0 0 0 0 0 0 0 0 0 
scan 220 50 174 0 0 0 0 0 0 0 0 0 
scan 220 50 175 0 0 0 0 0 0 0 0 0 
scan 220 50 176 0 0 0 0 0 0 0 0 0 
scan 220 50 177 0 0 0 0 0 0 0 0 0 
scan 220 50 178 0 0 0 0 0 0 0 0 0 
scan 220 50 179 0 0 0 0 0 0 0 0 0 
