# cards/mergeScans.py -> lines taken from file cards/ZW/l2j2_wz_260_70.txt
xsec 260 70 0.270724
scan 260 70 500 0.00189791 0 0 4.74478e-05 4.74478e-05 0 0 1.26317e-07 0
scan 260 70 501 0.00117094 0 0 2.92736e-05 2.92736e-05 0 0 1.82793e-06 0
scan 260 70 502 0.00261125 0 0 6.52812e-05 6.52812e-05 0 0 8.21965e-07 0
scan 260 70 503 0.00284532 0 0 7.1133e-05 7.1133e-05 0 0 2.04812e-06 0
scan 260 70 504 0.00220161 0 0 5.50402e-05 5.50402e-05 0 0 2.62316e-06 0
# cards/mergeScans.py -> lines taken from file TChiWZ.kit/output/cn_260_70.txt
scan 260 70 0 0 0 0 0 0 0 0 0 0 
scan 260 70 1 0.000543101 0.000248671 0.000221725 1.43771e-05 1.13353e-05 0 8.03416e-07 0.00010862 2.32596e-05 
scan 260 70 2 0.000179587 0.000132319 0.000126995 4.89229e-06 2.56705e-06 0 9.74594e-07 3.59175e-05 7.69128e-06 
scan 260 70 3 0 0 0 0 0 0 0 0 0 
scan 260 70 4 0.000181578 0.00013384 0.000128395 4.96081e-06 4.8891e-06 0 5.50595e-10 3.63156e-05 7.77653e-06 
scan 260 70 5 9.34074e-05 9.76761e-05 9.34074e-05 3.23573e-06 0 0 6.72533e-07 2.80222e-05 4.4169e-06 
scan 260 70 6 0 0 0 0 0 0 0 0 0 
scan 260 70 7 9.07892e-05 9.49186e-05 9.07892e-05 2.56791e-06 1.81578e-06 0 1.30791e-10 2.72368e-05 3.88827e-06 
scan 260 70 8 0 0 0 0 0 0 0 0 0 
scan 260 70 9 0 0 0 0 0 0 0 0 0 
scan 260 70 10 0 0 0 0 0 0 0 0 0 
scan 260 70 11 0 0 0 0 0 0 0 0 0 
scan 260 70 12 9.07892e-05 0.000128493 9.07892e-05 2.56791e-06 1.81578e-06 0 1.30791e-10 9.07892e-05 3.88827e-06 
scan 260 70 13 9.07894e-05 0.000128493 9.07894e-05 1.81579e-06 2.56791e-06 0 4.35971e-11 9.07894e-05 3.88828e-06 
scan 260 70 14 9.06442e-05 0.000128287 9.06442e-05 0 3.14001e-06 0 7.25154e-08 9.06442e-05 3.88206e-06 
scan 260 70 15 0.00200596 0.000596587 0.000427794 5.53551e-05 3.01115e-05 0 9.43483e-06 0.000401193 8.88449e-05 
scan 260 70 16 0.00357297 0.000936061 0.000572249 6.65962e-05 9.28366e-05 0 7.69135e-06 0.000714594 0.000158063 
scan 260 70 17 0.00236384 0.000674676 0.000463691 6.15284e-05 4.62317e-05 0 8.13081e-06 0.000472768 0.000103343 
scan 260 70 18 0.00202613 0.000602365 0.000432055 4.67437e-05 3.84041e-05 0 5.44702e-06 0.000405226 9.09629e-05 
scan 260 70 19 0.00146517 0.000475946 0.000366387 3.35966e-05 3.26837e-05 0 3.62292e-06 0.000293034 6.48556e-05 
scan 260 70 20 0.000178982 0.000137792 0.00012657 3.64228e-06 3.14001e-06 0 1.26508e-06 5.36947e-05 7.66537e-06 
scan 260 70 21 0.000820429 0.000370419 0.00027352 1.71389e-05 1.49975e-05 0 2.2914e-06 0.000246129 3.59753e-05 
scan 260 70 22 0.00109612 0.000460041 0.000316511 2.44458e-05 1.85337e-05 0 4.55934e-06 0.000328835 4.86238e-05 
scan 260 70 23 0.000461175 0.000249717 0.000206287 1.40109e-05 4.49633e-06 0 2.3187e-06 0.000138353 2.10035e-05 
scan 260 70 24 0.000742445 0.00034672 0.000262593 1.51201e-05 1.63549e-05 0 1.8561e-06 0.000222734 3.39093e-05 
scan 260 70 25 9.34074e-05 0.000132213 9.34074e-05 3.23573e-06 0 0 6.72533e-07 9.34074e-05 4.4169e-06 
scan 260 70 26 0.000727592 0.000772734 0.000257318 2.07472e-05 6.98897e-06 0 3.29732e-06 0.000727592 3.20054e-05 
scan 260 70 27 0.00227812 0.00232641 0.000455728 4.11495e-05 5.50606e-05 0 5.64493e-06 0.00227812 9.96769e-05 
scan 260 70 28 0.00155094 0.00159801 0.000376245 3.59855e-05 2.52811e-05 0 6.09068e-06 0.00155094 6.85187e-05 
scan 260 70 29 0.00082408 0.000869753 0.000274742 1.3228e-05 1.9035e-05 0 2.42682e-06 0.00082408 3.6546e-05 
scan 260 70 30 9.07892e-05 9.27222e-05 9.07892e-05 2.56791e-06 1.81578e-06 0 1.30791e-10 1.81578e-05 3.88827e-06 
scan 260 70 31 0 0 0 0 0 0 0 0 0 
scan 260 70 32 0 0 0 0 0 0 0 0 0 
scan 260 70 33 0 0 0 0 0 0 0 0 0 
scan 260 70 34 0 0 0 0 0 0 0 0 0 
scan 260 70 35 0 0 0 0 0 0 0 0 0 
scan 260 70 36 9.06442e-05 9.4767e-05 9.06442e-05 0 3.14001e-06 0 7.25154e-08 2.71933e-05 3.88206e-06 
scan 260 70 37 0 0 0 0 0 0 0 0 0 
scan 260 70 38 0 0 0 0 0 0 0 0 0 
scan 260 70 39 0 0 0 0 0 0 0 0 0 
scan 260 70 40 0 0 0 0 0 0 0 0 0 
scan 260 70 41 0 0 0 0 0 0 0 0 0 
scan 260 70 42 0 0 0 0 0 0 0 0 0 
scan 260 70 43 0 0 0 0 0 0 0 0 0 
scan 260 70 44 0 0 0 0 0 0 0 0 0 
scan 260 70 45 0 0 0 0 0 0 0 0 0 
scan 260 70 46 9.07892e-05 9.27222e-05 9.07892e-05 2.56791e-06 1.81578e-06 0 1.30791e-10 1.81578e-05 3.88827e-06 
scan 260 70 47 9.07892e-05 9.27222e-05 9.07892e-05 2.56791e-06 1.81578e-06 0 1.30791e-10 1.81578e-05 3.88827e-06 
scan 260 70 48 0 0 0 0 0 0 0 0 0 
scan 260 70 49 0 0 0 0 0 0 0 0 0 
scan 260 70 50 0 0 0 0 0 0 0 0 0 
scan 260 70 51 9.47719e-05 9.91006e-05 9.47719e-05 2.68055e-06 1.89544e-06 0 1.36528e-10 2.84316e-05 4.48142e-06 
scan 260 70 52 0 0 0 0 0 0 0 0 0 
scan 260 70 53 0 0 0 0 0 0 0 0 0 
scan 260 70 54 0 0 0 0 0 0 0 0 0 
scan 260 70 55 0 0 0 0 0 0 0 0 0 
scan 260 70 56 0 0 0 0 0 0 0 0 0 
scan 260 70 57 0 0 0 0 0 0 0 0 0 
scan 260 70 58 0 0 0 0 0 0 0 0 0 
scan 260 70 59 0 0 0 0 0 0 0 0 0 
scan 260 70 75 9.07893e-05 9.27223e-05 9.07893e-05 1.81579e-06 2.56791e-06 0 7.43746e-11 1.81579e-05 3.88828e-06 
scan 260 70 76 0 0 0 0 0 0 0 0 0 
scan 260 70 77 0 0 0 0 0 0 0 0 0 
scan 260 70 78 0 0 0 0 0 0 0 0 0 
scan 260 70 79 0 0 0 0 0 0 0 0 0 
scan 260 70 80 0 0 0 0 0 0 0 0 0 
scan 260 70 81 0 0 0 0 0 0 0 0 0 
scan 260 70 82 0 0 0 0 0 0 0 0 0 
scan 260 70 83 0 0 0 0 0 0 0 0 0 
scan 260 70 84 0 0 0 0 0 0 0 0 0 
scan 260 70 85 0 0 0 0 0 0 0 0 0 
scan 260 70 86 0 0 0 0 0 0 0 0 0 
scan 260 70 87 0 0 0 0 0 0 0 0 0 
scan 260 70 88 0 0 0 0 0 0 0 0 0 
scan 260 70 89 0 0 0 0 0 0 0 0 0 
scan 260 70 90 8.05563e-05 8.25481e-05 8.05563e-05 2.9045e-06 0 2.41669e-06 6.04172e-06 1.61113e-05 3.80922e-06 
scan 260 70 91 0.000167516 0.000123984 0.000118817 3.98962e-06 1.80689e-06 5.02547e-06 6.00917e-06 3.35031e-05 7.17428e-06 
scan 260 70 92 0 0 0 0 0 0 0 0 0 
scan 260 70 93 0 0 0 0 0 0 0 0 0 
scan 260 70 94 0 0 0 0 0 0 0 0 0 
scan 260 70 95 0 0 0 0 0 0 0 0 0 
scan 260 70 96 0 0 0 0 0 0 0 0 0 
scan 260 70 97 0 0 0 0 0 0 0 0 0 
scan 260 70 98 0 0 0 0 0 0 0 0 0 
scan 260 70 99 0 0 0 0 0 0 0 0 0 
scan 260 70 100 0 0 0 0 0 0 0 0 0 
scan 260 70 101 0 0 0 0 0 0 0 0 0 
scan 260 70 102 8.71579e-05 0.000123381 8.71579e-05 0 2.4652e-06 2.61474e-06 1.74316e-06 8.71579e-05 3.73275e-06 
scan 260 70 103 0 0 0 0 0 0 0 0 0 
scan 260 70 104 0 0 0 0 0 0 0 0 0 
scan 260 70 120 0 0 0 0 0 0 0 0 0 
scan 260 70 121 0 0 0 0 0 0 0 0 0 
scan 260 70 122 0 0 0 0 0 0 0 0 0 
scan 260 70 123 0 0 0 0 0 0 0 0 0 
scan 260 70 124 0 0 0 0 0 0 0 0 0 
scan 260 70 125 0 0 0 0 0 0 0 0 0 
scan 260 70 126 0 0 0 0 0 0 0 0 0 
scan 260 70 127 0 0 0 0 0 0 0 0 0 
scan 260 70 128 0 0 0 0 0 0 0 0 0 
scan 260 70 129 0 0 0 0 0 0 0 0 0 
scan 260 70 130 0 0 0 0 0 0 0 0 0 
scan 260 70 131 0 0 0 0 0 0 0 0 0 
scan 260 70 132 0 0 0 0 0 0 0 0 0 
scan 260 70 133 0 0 0 0 0 0 0 0 0 
scan 260 70 134 0 0 0 0 0 0 0 0 0 
scan 260 70 135 0.000170239 0.00012601 0.000120604 3.40479e-06 3.40479e-06 8.51197e-06 5.01503e-06 3.40479e-05 7.29093e-06 
scan 260 70 136 0.000159789 0.000118194 0.000112988 3.19579e-06 3.19579e-06 4.79368e-06 9.58737e-06 3.19579e-05 6.84338e-06 
scan 260 70 137 0 0 0 0 0 0 0 0 0 
scan 260 70 138 0 0 0 0 0 0 0 0 0 
scan 260 70 139 0 0 0 0 0 0 0 0 0 
scan 260 70 140 0 0 0 0 0 0 0 0 0 
scan 260 70 141 8.33995e-05 8.73721e-05 8.33995e-05 1.66799e-06 1.66799e-06 2.50198e-06 5.00397e-06 2.50198e-05 3.94366e-06 
scan 260 70 142 0 0 0 0 0 0 0 0 0 
scan 260 70 143 0 0 0 0 0 0 0 0 0 
scan 260 70 144 0 0 0 0 0 0 0 0 0 
scan 260 70 145 0 0 0 0 0 0 0 0 0 
scan 260 70 146 0 0 0 0 0 0 0 0 0 
scan 260 70 147 8.33995e-05 0.000118167 8.33995e-05 1.66799e-06 1.66799e-06 2.50198e-06 5.00397e-06 8.33995e-05 3.94366e-06 
scan 260 70 148 0 0 0 0 0 0 0 0 0 
scan 260 70 149 0 0 0 0 0 0 0 0 0 
scan 260 70 165 0 0 0 0 0 0 0 0 0 
scan 260 70 166 0 0 0 0 0 0 0 0 0 
scan 260 70 167 0 0 0 0 0 0 0 0 0 
scan 260 70 168 0 0 0 0 0 0 0 0 0 
scan 260 70 169 0 0 0 0 0 0 0 0 0 
scan 260 70 170 0 0 0 0 0 0 0 0 0 
scan 260 70 171 0 0 0 0 0 0 0 0 0 
scan 260 70 172 0 0 0 0 0 0 0 0 0 
scan 260 70 173 0 0 0 0 0 0 0 0 0 
scan 260 70 174 0 0 0 0 0 0 0 0 0 
scan 260 70 175 0 0 0 0 0 0 0 0 0 
scan 260 70 176 0 0 0 0 0 0 0 0 0 
scan 260 70 177 0 0 0 0 0 0 0 0 0 
scan 260 70 178 0 0 0 0 0 0 0 0 0 
scan 260 70 179 0 0 0 0 0 0 0 0 0 
