# cards/mergeScans.py -> lines taken from file cards/ZW/l2j2_wz_350_140.txt
xsec 350 140 0.073732
scan 350 140 500 0.000329395 0 0 8.23487e-06 8.23487e-06 0 0 7.36178e-07 0
scan 350 140 501 0.000432084 0 0 1.08021e-05 1.08021e-05 0 0 1.85051e-07 0
scan 350 140 502 0.000844187 0 0 2.11047e-05 2.11047e-05 0 0 2.89659e-07 0
scan 350 140 503 0.000847152 0 0 2.11788e-05 2.11788e-05 0 0 1.57461e-07 0
scan 350 140 504 0.00146839 0 0 3.67097e-05 3.67097e-05 0 0 3.78797e-07 0
# cards/mergeScans.py -> lines taken from file TChiWZ.kit/output/cn_350_140.txt
scan 350 140 0 7.33777e-05 3.96944e-05 3.66912e-05 1.28727e-06 1.6473e-06 0 1.59802e-07 1.46755e-05 3.10427e-06 
scan 350 140 1 0 0 0 0 0 0 0 0 0 
scan 350 140 2 0 0 0 0 0 0 0 0 0 
scan 350 140 3 3.59716e-05 2.65049e-05 2.54361e-05 1.24609e-06 0 0 3.44905e-07 7.19433e-06 1.44465e-06 
scan 350 140 4 1.83379e-05 1.87263e-05 1.83379e-05 5.18673e-07 3.66757e-07 0 2.64175e-11 3.66757e-06 7.36463e-07 
scan 350 140 5 0 0 0 0 0 0 0 0 0 
scan 350 140 6 0 0 0 0 0 0 0 0 0 
scan 350 140 7 0 0 0 0 0 0 0 0 0 
scan 350 140 8 0 0 0 0 0 0 0 0 0 
scan 350 140 9 1.80078e-05 1.883e-05 1.80078e-05 7.42482e-07 0 0 1.6207e-07 5.40235e-06 7.23209e-07 
scan 350 140 10 0 0 0 0 0 0 0 0 0 
scan 350 140 11 0 0 0 0 0 0 0 0 0 
scan 350 140 12 0 0 0 0 0 0 0 0 0 
scan 350 140 13 1.83086e-05 2.59104e-05 1.83086e-05 0 6.34228e-07 0 1.46469e-08 1.83086e-05 7.35287e-07 
scan 350 140 14 1.86874e-05 2.64515e-05 1.86874e-05 5.2856e-07 3.73749e-07 0 2.69211e-11 1.86874e-05 9.08116e-07 
scan 350 140 15 0.000403429 0.000119825 8.60169e-05 7.02361e-06 1.02248e-05 0 1.03408e-06 8.06858e-05 1.71428e-05 
scan 350 140 16 0.000750985 0.00019471 0.000117294 1.98106e-05 1.1226e-05 0 3.17035e-06 0.000150197 3.26585e-05 
scan 350 140 17 0.000785959 0.000201848 0.000119866 1.80625e-05 1.63151e-05 0 2.46456e-06 0.000157192 3.26649e-05 
scan 350 140 18 0.000423381 0.000124446 8.82857e-05 8.50776e-06 9.90716e-06 0 1.10141e-06 8.46762e-05 1.87245e-05 
scan 350 140 19 0.000439932 0.000127814 8.9811e-05 1.04776e-05 7.66858e-06 0 1.457e-06 8.79864e-05 1.89261e-05 
scan 350 140 20 7.29996e-05 4.27144e-05 3.65003e-05 6.26096e-07 1.90268e-06 0 1.74072e-07 2.18999e-05 2.93172e-06 
scan 350 140 21 0.000127321 6.17834e-05 4.81272e-05 3.37914e-06 1.53175e-06 0 6.8377e-07 3.81962e-05 5.27066e-06 
scan 350 140 22 0.000257094 0.000104193 6.87176e-05 6.38648e-06 4.5401e-06 0 6.79888e-07 7.71282e-05 1.11109e-05 
scan 350 140 23 0.000202579 8.68703e-05 6.1083e-05 5.21189e-06 3.4663e-06 0 6.07658e-07 6.07736e-05 9.07347e-06 
scan 350 140 24 0.000182772 8.02051e-05 5.78042e-05 3.39216e-06 3.81108e-06 0 6.37399e-07 5.48316e-05 7.65524e-06 
scan 350 140 25 0 0 0 0 0 0 0 0 0 
scan 350 140 26 0.000110274 0.000119259 4.50201e-05 1.92278e-06 3.31448e-06 0 5.15195e-08 0.000110274 4.58604e-06 
scan 350 140 27 0.000494766 0.000504519 9.52228e-05 1.30494e-05 7.76769e-06 0 1.54812e-06 0.000494766 2.11181e-05 
scan 350 140 28 0.000534951 0.000544874 9.9344e-05 1.15851e-05 1.25471e-05 0 6.85884e-07 0.000534951 2.35278e-05 
scan 350 140 29 0.000826087 0.000836351 0.000123154 1.75962e-05 1.68758e-05 0 2.64907e-06 0.000826087 3.59851e-05 
scan 350 140 30 0 0 0 0 0 0 0 0 0 
scan 350 140 31 0 0 0 0 0 0 0 0 0 
scan 350 140 32 5.47203e-05 3.35423e-05 3.15934e-05 9.92854e-07 1.1529e-06 0 1.44794e-07 1.09441e-05 2.19761e-06 
scan 350 140 33 1.8239e-05 1.86378e-05 1.8239e-05 7.52012e-07 0 0 2.18868e-07 3.6478e-06 8.86324e-07 
scan 350 140 34 0 0 0 0 0 0 0 0 0 
scan 350 140 35 0 0 0 0 0 0 0 0 0 
scan 350 140 36 0 0 0 0 0 0 0 0 0 
scan 350 140 37 0 0 0 0 0 0 0 0 0 
scan 350 140 38 0 0 0 0 0 0 0 0 0 
scan 350 140 39 0 0 0 0 0 0 0 0 0 
scan 350 140 40 0 0 0 0 0 0 0 0 0 
scan 350 140 41 0 0 0 0 0 0 0 0 0 
scan 350 140 42 3.66171e-05 4.48887e-05 2.58922e-05 0 1.26846e-06 0 2.92937e-08 3.66171e-05 1.47057e-06 
scan 350 140 43 1.86576e-05 2.64093e-05 1.86576e-05 0 6.46318e-07 0 1.49261e-08 1.86576e-05 9.06666e-07 
scan 350 140 44 0 0 0 0 0 0 0 0 0 
scan 350 140 45 0 0 0 0 0 0 0 0 0 
scan 350 140 46 0 0 0 0 0 0 0 0 0 
scan 350 140 47 0 0 0 0 0 0 0 0 0 
scan 350 140 48 0 0 0 0 0 0 0 0 0 
scan 350 140 49 0 0 0 0 0 0 0 0 0 
scan 350 140 50 0 0 0 0 0 0 0 0 0 
scan 350 140 51 0 0 0 0 0 0 0 0 0 
scan 350 140 52 1.83377e-05 1.91742e-05 1.83377e-05 6.61176e-07 3.66754e-07 0 9.70432e-11 5.50132e-06 7.36458e-07 
scan 350 140 53 0 0 0 0 0 0 0 0 0 
scan 350 140 54 0 0 0 0 0 0 0 0 0 
scan 350 140 55 0 0 0 0 0 0 0 0 0 
scan 350 140 56 0 0 0 0 0 0 0 0 0 
scan 350 140 57 0 0 0 0 0 0 0 0 0 
scan 350 140 58 0 0 0 0 0 0 0 0 0 
scan 350 140 59 0 0 0 0 0 0 0 0 0 
scan 350 140 75 0 0 0 0 0 0 0 0 0 
scan 350 140 76 0 0 0 0 0 0 0 0 0 
scan 350 140 77 0 0 0 0 0 0 0 0 0 
scan 350 140 78 0 0 0 0 0 0 0 0 0 
scan 350 140 79 0 0 0 0 0 0 0 0 0 
scan 350 140 80 0 0 0 0 0 0 0 0 0 
scan 350 140 81 0 0 0 0 0 0 0 0 0 
scan 350 140 82 0 0 0 0 0 0 0 0 0 
scan 350 140 83 0 0 0 0 0 0 0 0 0 
scan 350 140 84 0 0 0 0 0 0 0 0 0 
scan 350 140 85 0 0 0 0 0 0 0 0 0 
scan 350 140 86 0 0 0 0 0 0 0 0 0 
scan 350 140 87 0 0 0 0 0 0 0 0 0 
scan 350 140 88 0 0 0 0 0 0 0 0 0 
scan 350 140 89 0 0 0 0 0 0 0 0 0 
scan 350 140 90 0 0 0 0 0 0 0 0 0 
scan 350 140 91 6.88487e-05 3.74833e-05 3.45137e-05 1.62723e-06 1.06523e-06 2.43738e-06 2.25961e-06 1.37697e-05 3.06056e-06 
scan 350 140 92 0 0 0 0 0 0 0 0 0 
scan 350 140 93 0 0 0 0 0 0 0 0 0 
scan 350 140 94 0 0 0 0 0 0 0 0 0 
scan 350 140 95 0 0 0 0 0 0 0 0 0 
scan 350 140 96 0 0 0 0 0 0 0 0 0 
scan 350 140 97 1.55872e-05 1.63438e-05 1.55872e-05 5.62005e-07 0 4.67617e-07 1.16904e-06 4.67617e-06 6.25996e-07 
scan 350 140 98 0 0 0 0 0 0 0 0 0 
scan 350 140 99 0 0 0 0 0 0 0 0 0 
scan 350 140 100 0 0 0 0 0 0 0 0 0 
scan 350 140 101 0 0 0 0 0 0 0 0 0 
scan 350 140 102 1.55872e-05 2.20956e-05 1.55872e-05 5.62005e-07 0 4.67617e-07 1.16904e-06 1.55872e-05 6.25996e-07 
scan 350 140 103 3.58525e-05 4.3961e-05 2.53556e-05 3.64961e-07 8.62889e-07 1.07557e-06 3.96796e-07 3.58525e-05 1.43986e-06 
scan 350 140 104 0 0 0 0 0 0 0 0 0 
scan 350 140 120 0 0 0 0 0 0 0 0 0 
scan 350 140 121 0 0 0 0 0 0 0 0 0 
scan 350 140 122 0 0 0 0 0 0 0 0 0 
scan 350 140 123 0 0 0 0 0 0 0 0 0 
scan 350 140 124 0 0 0 0 0 0 0 0 0 
scan 350 140 125 0 0 0 0 0 0 0 0 0 
scan 350 140 126 0 0 0 0 0 0 0 0 0 
scan 350 140 127 0 0 0 0 0 0 0 0 0 
scan 350 140 128 0 0 0 0 0 0 0 0 0 
scan 350 140 129 0 0 0 0 0 0 0 0 0 
scan 350 140 130 0 0 0 0 0 0 0 0 0 
scan 350 140 131 0 0 0 0 0 0 0 0 0 
scan 350 140 132 0 0 0 0 0 0 0 0 0 
scan 350 140 133 0 0 0 0 0 0 0 0 0 
scan 350 140 134 0 0 0 0 0 0 0 0 0 
scan 350 140 135 1.85959e-05 1.90158e-05 1.85959e-05 3.71918e-07 3.71918e-07 9.29796e-07 4.556e-08 3.71918e-06 9.03669e-07 
scan 350 140 136 1.61374e-05 1.65115e-05 1.61374e-05 3.22747e-07 3.22747e-07 4.84121e-07 9.68242e-07 3.22747e-06 6.48089e-07 
scan 350 140 137 1.82481e-05 1.86391e-05 1.82481e-05 3.64961e-07 3.64961e-07 5.47442e-07 4.47077e-08 3.64961e-06 7.32857e-07 
scan 350 140 138 1.82481e-05 1.86534e-05 1.82481e-05 3.64961e-07 3.64961e-07 9.12403e-07 4.47077e-08 3.64961e-06 7.32857e-07 
scan 350 140 139 0 0 0 0 0 0 0 0 0 
scan 350 140 140 0 0 0 0 0 0 0 0 0 
scan 350 140 141 0 0 0 0 0 0 0 0 0 
scan 350 140 142 0 0 0 0 0 0 0 0 0 
scan 350 140 143 0 0 0 0 0 0 0 0 0 
scan 350 140 144 0 0 0 0 0 0 0 0 0 
scan 350 140 145 0 0 0 0 0 0 0 0 0 
scan 350 140 146 0 0 0 0 0 0 0 0 0 
scan 350 140 147 1.55872e-05 2.21017e-05 1.55872e-05 3.11745e-07 3.11745e-07 7.79361e-07 1.16904e-06 1.55872e-05 6.25996e-07 
scan 350 140 148 0 0 0 0 0 0 0 0 0 
scan 350 140 149 0 0 0 0 0 0 0 0 0 
scan 350 140 165 0 0 0 0 0 0 0 0 0 
scan 350 140 166 0 0 0 0 0 0 0 0 0 
scan 350 140 167 0 0 0 0 0 0 0 0 0 
scan 350 140 168 0 0 0 0 0 0 0 0 0 
scan 350 140 169 0 0 0 0 0 0 0 0 0 
scan 350 140 170 0 0 0 0 0 0 0 0 0 
scan 350 140 171 0 0 0 0 0 0 0 0 0 
scan 350 140 172 0 0 0 0 0 0 0 0 0 
scan 350 140 173 0 0 0 0 0 0 0 0 0 
scan 350 140 174 0 0 0 0 0 0 0 0 0 
scan 350 140 175 0 0 0 0 0 0 0 0 0 
scan 350 140 176 0 0 0 0 0 0 0 0 0 
scan 350 140 177 0 0 0 0 0 0 0 0 0 
scan 350 140 178 0 0 0 0 0 0 0 0 0 
scan 350 140 179 0 0 0 0 0 0 0 0 0 
