# cards/mergeScans.py -> lines taken from file cards/ZW/l2j2_wz_260_10.txt
xsec 260 10 0.270724
scan 260 10 500 0.00109987 0 0 2.74969e-05 2.74969e-05 0 0 2.3594e-06 0
scan 260 10 501 0.0015009 0 0 3.75225e-05 3.75225e-05 0 0 9.73633e-07 0
scan 260 10 502 0.00336118 0 0 8.40295e-05 8.40295e-05 0 0 6.36128e-07 0
scan 260 10 503 0.00443928 0 0 0.000110982 0.000110982 0 0 1.61304e-06 0
scan 260 10 504 0.00390928 0 0 9.77321e-05 9.77321e-05 0 0 2.71127e-06 0
# cards/mergeScans.py -> lines taken from file TChiWZ.kit/output/cn_260_10.txt
scan 260 10 0 9.13592e-05 6.7319e-05 6.46024e-05 2.8723e-06 9.20216e-07 0 3.26575e-07 1.82718e-05 3.91269e-06 
scan 260 10 1 0.000274376 0.000125762 0.000112017 6.42371e-06 7.57823e-06 0 5.84795e-07 5.48751e-05 1.25647e-05 
scan 260 10 2 0.00013769 8.4533e-05 7.94956e-05 2.67751e-06 4.84914e-06 0 1.08551e-07 2.75381e-05 6.10146e-06 
scan 260 10 3 0.000182536 9.88486e-05 9.12698e-05 5.73943e-06 3.21537e-06 0 6.82033e-07 3.65072e-05 8.02216e-06 
scan 260 10 4 4.60108e-05 4.69904e-05 4.60108e-05 1.30138e-06 9.20216e-07 0 6.62832e-11 9.20216e-06 1.97053e-06 
scan 260 10 5 0 0 0 0 0 0 0 0 0 
scan 260 10 6 4.60109e-05 4.81036e-05 4.60109e-05 9.20218e-07 1.30139e-06 0 2.20944e-11 1.38033e-05 1.97053e-06 
scan 260 10 7 9.12346e-05 7.02655e-05 6.45137e-05 2.86877e-06 9.17724e-07 0 3.26575e-07 2.73704e-05 4.11195e-06 
scan 260 10 8 0 0 0 0 0 0 0 0 0 
scan 260 10 9 4.60109e-05 4.81036e-05 4.60109e-05 9.20218e-07 1.30139e-06 0 2.20944e-11 1.38033e-05 1.97053e-06 
scan 260 10 10 0 0 0 0 0 0 0 0 0 
scan 260 10 11 0.000135591 0.000156757 7.82839e-05 4.69701e-06 0 0 1.13832e-06 0.000135591 6.00868e-06 
scan 260 10 12 0.000183735 0.000205691 9.18674e-05 3.51945e-06 5.77187e-06 0 9.19855e-08 0.000183735 8.07349e-06 
scan 260 10 13 4.60106e-05 6.51523e-05 4.60106e-05 9.20213e-07 2.47775e-06 0 1.62326e-10 4.60106e-05 1.97052e-06 
scan 260 10 14 9.11936e-05 0.000111808 6.44863e-05 3.16432e-06 9.20216e-07 0 4.06711e-07 9.11936e-05 3.90559e-06 
scan 260 10 15 0.00187517 0.000486741 0.000292863 4.45708e-05 3.96624e-05 0 4.67053e-06 0.000375033 8.31647e-05 
scan 260 10 16 0.00297019 0.000716592 0.000368422 6.05966e-05 6.07954e-05 0 8.59834e-06 0.000594039 0.000132085 
scan 260 10 17 0.00328854 0.000783805 0.000387575 6.97939e-05 7.34884e-05 0 1.04834e-05 0.000657708 0.000145514 
scan 260 10 18 0.00155222 0.000417513 0.000266212 3.16354e-05 3.44102e-05 0 4.99371e-06 0.000310443 6.97381e-05 
scan 260 10 19 0.00141902 0.000389256 0.00025487 3.13186e-05 3.32586e-05 0 3.04847e-06 0.000283805 6.26099e-05 
scan 260 10 20 0.000136174 8.88927e-05 7.86221e-05 3.13035e-06 2.6315e-06 0 9.13472e-07 4.08522e-05 5.83199e-06 
scan 260 10 21 0.000822013 0.000316717 0.000193757 1.91736e-05 1.49429e-05 0 2.54698e-06 0.000246604 3.68353e-05 
scan 260 10 22 0.00127829 0.00045818 0.000241587 2.67351e-05 2.47431e-05 0 4.47566e-06 0.000383488 5.61668e-05 
scan 260 10 23 0.000684726 0.000273383 0.000176803 1.64328e-05 1.10533e-05 0 2.54776e-06 0.000205418 2.9731e-05 
scan 260 10 24 0.000454665 0.000199719 0.000143787 1.26119e-05 5.64233e-06 0 2.41548e-06 0.0001364 2.02873e-05 
scan 260 10 25 0 0 0 0 0 0 0 0 0 
scan 260 10 26 0.000729801 0.000753278 0.000182457 1.82692e-05 1.14284e-05 0 2.76511e-06 0.000729801 3.24725e-05 
scan 260 10 27 0.00223659 0.00226243 0.000319528 5.37617e-05 3.8437e-05 0 7.93866e-06 0.00223659 9.86313e-05 
scan 260 10 28 0.00237833 0.00240441 0.000329824 5.09371e-05 4.89187e-05 0 6.21389e-06 0.00237833 0.000104503 
scan 260 10 29 0.00187398 0.00189929 0.000292677 3.80999e-05 3.91786e-05 0 5.39018e-06 0.00187398 8.27005e-05 
scan 260 10 30 0 0 0 0 0 0 0 0 0 
scan 260 10 31 0.000227795 0.000112211 0.000101878 4.41674e-06 4.10036e-06 0 1.04594e-06 4.5559e-05 9.9605e-06 
scan 260 10 32 0 0 0 0 0 0 0 0 0 
scan 260 10 33 9.18392e-05 6.76893e-05 6.49401e-05 2.5976e-06 1.83678e-06 0 2.90165e-08 1.83678e-05 4.13784e-06 
scan 260 10 34 4.5886e-05 4.6872e-05 4.5886e-05 9.1772e-07 1.29785e-06 0 1.61886e-10 9.1772e-06 2.16978e-06 
scan 260 10 35 0 0 0 0 0 0 0 0 0 
scan 260 10 36 4.59373e-05 4.80267e-05 4.59373e-05 0 1.59132e-06 0 3.67499e-08 1.37812e-05 1.96738e-06 
scan 260 10 37 0 0 0 0 0 0 0 0 0 
scan 260 10 38 0 0 0 0 0 0 0 0 0 
scan 260 10 39 0 0 0 0 0 0 0 0 0 
scan 260 10 40 0 0 0 0 0 0 0 0 0 
scan 260 10 41 0 0 0 0 0 0 0 0 0 
scan 260 10 42 0 0 0 0 0 0 0 0 0 
scan 260 10 43 0 0 0 0 0 0 0 0 0 
scan 260 10 44 0 0 0 0 0 0 0 0 0 
scan 260 10 45 4.58038e-05 4.6835e-05 4.58038e-05 9.16075e-07 2.46661e-06 0 4.12234e-08 9.16075e-06 2.16589e-06 
scan 260 10 46 0 0 0 0 0 0 0 0 0 
scan 260 10 47 0 0 0 0 0 0 0 0 0 
scan 260 10 48 0 0 0 0 0 0 0 0 0 
scan 260 10 49 0 0 0 0 0 0 0 0 0 
scan 260 10 50 0 0 0 0 0 0 0 0 0 
scan 260 10 51 4.60109e-05 4.81036e-05 4.60109e-05 9.20218e-07 1.30138e-06 0 3.76921e-11 1.38033e-05 1.97053e-06 
scan 260 10 52 0 0 0 0 0 0 0 0 0 
scan 260 10 53 0 0 0 0 0 0 0 0 0 
scan 260 10 54 0 0 0 0 0 0 0 0 0 
scan 260 10 55 0 0 0 0 0 0 0 0 0 
scan 260 10 56 0 0 0 0 0 0 0 0 0 
scan 260 10 57 0 0 0 0 0 0 0 0 0 
scan 260 10 58 0 0 0 0 0 0 0 0 0 
scan 260 10 59 0 0 0 0 0 0 0 0 0 
scan 260 10 75 0 0 0 0 0 0 0 0 0 
scan 260 10 76 0 0 0 0 0 0 0 0 0 
scan 260 10 77 0 0 0 0 0 0 0 0 0 
scan 260 10 78 0 0 0 0 0 0 0 0 0 
scan 260 10 79 0 0 0 0 0 0 0 0 0 
scan 260 10 80 0 0 0 0 0 0 0 0 0 
scan 260 10 81 0 0 0 0 0 0 0 0 0 
scan 260 10 82 0 0 0 0 0 0 0 0 0 
scan 260 10 83 0 0 0 0 0 0 0 0 0 
scan 260 10 84 0 0 0 0 0 0 0 0 0 
scan 260 10 85 0 0 0 0 0 0 0 0 0 
scan 260 10 86 0 0 0 0 0 0 0 0 0 
scan 260 10 87 0 0 0 0 0 0 0 0 0 
scan 260 10 88 0 0 0 0 0 0 0 0 0 
scan 260 10 89 0 0 0 0 0 0 0 0 0 
scan 260 10 90 4.04896e-05 4.14329e-05 4.04896e-05 8.09793e-07 8.09793e-07 1.21469e-06 2.42938e-06 8.09793e-06 1.73407e-06 
scan 260 10 91 0.00020578 0.000102216 9.22065e-05 3.93538e-06 2.89427e-06 6.17339e-06 1.04367e-05 4.11559e-05 9.01663e-06 
scan 260 10 92 0 0 0 0 0 0 0 0 0 
scan 260 10 93 0 0 0 0 0 0 0 0 0 
scan 260 10 94 0 0 0 0 0 0 0 0 0 
scan 260 10 95 0 0 0 0 0 0 0 0 0 
scan 260 10 96 4.41705e-05 4.61985e-05 4.41705e-05 0 1.24933e-06 1.32512e-06 8.8341e-07 1.32512e-05 1.89171e-06 
scan 260 10 97 0 0 0 0 0 0 0 0 0 
scan 260 10 98 0 0 0 0 0 0 0 0 0 
scan 260 10 99 0 0 0 0 0 0 0 0 0 
scan 260 10 100 0 0 0 0 0 0 0 0 0 
scan 260 10 101 0 0 0 0 0 0 0 0 0 
scan 260 10 102 0 0 0 0 0 0 0 0 0 
scan 260 10 103 4.57855e-05 6.48078e-05 4.57855e-05 9.1571e-07 9.1571e-07 1.37357e-06 1.12174e-07 4.57855e-05 1.96088e-06 
scan 260 10 104 4.57855e-05 6.48078e-05 4.57855e-05 9.1571e-07 9.1571e-07 1.37357e-06 1.12174e-07 4.57855e-05 1.96088e-06 
scan 260 10 120 0 0 0 0 0 0 0 0 0 
scan 260 10 121 0 0 0 0 0 0 0 0 0 
scan 260 10 122 0 0 0 0 0 0 0 0 0 
scan 260 10 123 0 0 0 0 0 0 0 0 0 
scan 260 10 124 0 0 0 0 0 0 0 0 0 
scan 260 10 125 0 0 0 0 0 0 0 0 0 
scan 260 10 126 0 0 0 0 0 0 0 0 0 
scan 260 10 127 0 0 0 0 0 0 0 0 0 
scan 260 10 128 0 0 0 0 0 0 0 0 0 
scan 260 10 129 0 0 0 0 0 0 0 0 0 
scan 260 10 130 0 0 0 0 0 0 0 0 0 
scan 260 10 131 0 0 0 0 0 0 0 0 0 
scan 260 10 132 0 0 0 0 0 0 0 0 0 
scan 260 10 133 0 0 0 0 0 0 0 0 0 
scan 260 10 134 0 0 0 0 0 0 0 0 0 
scan 260 10 135 0 0 0 0 0 0 0 0 0 
scan 260 10 136 8.076e-05 5.98093e-05 5.71059e-05 2.019e-06 1.6152e-06 3.2304e-06 4.8456e-06 1.6152e-05 3.81885e-06 
scan 260 10 137 0 0 0 0 0 0 0 0 0 
scan 260 10 138 4.56615e-05 4.66539e-05 4.56615e-05 9.1323e-07 9.1323e-07 1.36985e-06 1.11871e-07 9.1323e-06 2.15917e-06 
scan 260 10 139 0 0 0 0 0 0 0 0 0 
scan 260 10 140 4.57855e-05 4.7879e-05 4.57855e-05 9.1571e-07 9.1571e-07 1.37357e-06 1.12174e-07 1.37357e-05 1.96088e-06 
scan 260 10 141 0 0 0 0 0 0 0 0 0 
scan 260 10 142 4.57855e-05 4.7879e-05 4.57855e-05 9.1571e-07 9.1571e-07 1.37357e-06 1.12174e-07 1.37357e-05 1.96088e-06 
scan 260 10 143 0 0 0 0 0 0 0 0 0 
scan 260 10 144 0 0 0 0 0 0 0 0 0 
scan 260 10 145 0 0 0 0 0 0 0 0 0 
scan 260 10 146 0 0 0 0 0 0 0 0 0 
scan 260 10 147 4.57855e-05 6.48078e-05 4.57855e-05 9.1571e-07 9.1571e-07 1.37357e-06 1.12174e-07 4.57855e-05 1.96088e-06 
scan 260 10 148 0 0 0 0 0 0 0 0 0 
scan 260 10 149 0 0 0 0 0 0 0 0 0 
scan 260 10 165 0 0 0 0 0 0 0 0 0 
scan 260 10 166 0 0 0 0 0 0 0 0 0 
scan 260 10 167 0 0 0 0 0 0 0 0 0 
scan 260 10 168 0 0 0 0 0 0 0 0 0 
scan 260 10 169 0 0 0 0 0 0 0 0 0 
scan 260 10 170 0 0 0 0 0 0 0 0 0 
scan 260 10 171 0 0 0 0 0 0 0 0 0 
scan 260 10 172 0 0 0 0 0 0 0 0 0 
scan 260 10 173 0 0 0 0 0 0 0 0 0 
scan 260 10 174 0 0 0 0 0 0 0 0 0 
scan 260 10 175 0 0 0 0 0 0 0 0 0 
scan 260 10 176 0 0 0 0 0 0 0 0 0 
scan 260 10 177 0 0 0 0 0 0 0 0 0 
scan 260 10 178 0 0 0 0 0 0 0 0 0 
scan 260 10 179 0 0 0 0 0 0 0 0 0 
