# cards/mergeScans.py -> lines taken from file cards/ZW/l2j2_wz_250_80.txt
xsec 250 80 0.317895
scan 250 80 500 0.00201406 0 0 5.03515e-05 5.03515e-05 0 0 2.53516e-06 0
scan 250 80 501 0.00244856 0 0 6.1214e-05 6.1214e-05 0 0 -2.34704e-06 0
scan 250 80 502 0.003055 0 0 7.63751e-05 7.63751e-05 0 0 1.25276e-06 0
scan 250 80 503 0.00421873 0 0 0.000105468 0.000105468 0 0 3.76459e-07 0
scan 250 80 504 0.00143619 0 0 3.59048e-05 3.59048e-05 0 0 4.12757e-06 0
# cards/mergeScans.py -> lines taken from file TChiWZ.kit/output/cn_250_80.txt
scan 250 80 0 0 0 0 0 0 0 0 0 0 
scan 250 80 1 0 0 0 0 0 0 0 0 0 
scan 250 80 2 0.000160637 0.000164061 0.000160637 3.21273e-06 4.54349e-06 0 7.71377e-11 3.21273e-05 6.98478e-06 
scan 250 80 3 0 0 0 0 0 0 0 0 0 
scan 250 80 4 0.000151818 0.00015509 0.000151818 5.25911e-06 0 0 1.63963e-06 3.03635e-05 7.20713e-06 
scan 250 80 5 0 0 0 0 0 0 0 0 0 
scan 250 80 6 0 0 0 0 0 0 0 0 0 
scan 250 80 7 0 0 0 0 0 0 0 0 0 
scan 250 80 8 0 0 0 0 0 0 0 0 0 
scan 250 80 9 0 0 0 0 0 0 0 0 0 
scan 250 80 10 0 0 0 0 0 0 0 0 0 
scan 250 80 11 0 0 0 0 0 0 0 0 0 
scan 250 80 12 0.00016038 0.000226986 0.00016038 0 5.55572e-06 0 1.28304e-07 0.00016038 6.97362e-06 
scan 250 80 13 0 0 0 0 0 0 0 0 0 
scan 250 80 14 0 0 0 0 0 0 0 0 0 
scan 250 80 15 0.00236805 0.00078388 0.000611532 5.53797e-05 4.27698e-05 0 6.97002e-06 0.00047361 0.000106042 
scan 250 80 16 0.00630071 0.0016427 0.000996383 0.000147541 0.000124604 0 2.35957e-05 0.00126014 0.000282595 
scan 250 80 17 0.00360921 0.00106089 0.000752736 7.42816e-05 7.31961e-05 0 1.23761e-05 0.000721843 0.000163692 
scan 250 80 18 0.00189189 0.000672422 0.000546257 4.37125e-05 3.70883e-05 0 4.14747e-06 0.000378378 8.53354e-05 
scan 250 80 19 0.00127628 0.00052352 0.000451266 3.34296e-05 3.17458e-05 0 1.64559e-06 0.000255257 5.61144e-05 
scan 250 80 20 0.000634259 0.000371362 0.000317163 8.69719e-06 1.54658e-05 0 1.39314e-06 0.000190278 2.8197e-05 
scan 250 80 21 0.00126245 0.000589148 0.000446409 2.81066e-05 2.00093e-05 0 5.74392e-06 0.000378736 5.61224e-05 
scan 250 80 22 0.00126754 0.000591813 0.000448189 3.1695e-05 2.40622e-05 0 3.24644e-06 0.000380262 5.63534e-05 
scan 250 80 23 0.00110749 0.000537496 0.000418615 2.49812e-05 1.55003e-05 0 5.65365e-06 0.000332246 4.87749e-05 
scan 250 80 24 0.000308599 0.000237746 0.000218241 1.06902e-05 0 0 3.52101e-06 9.25797e-05 1.40243e-05 
scan 250 80 25 0 0 0 0 0 0 0 0 0 
scan 250 80 26 0.00188944 0.00196917 0.000545532 3.82531e-05 3.58907e-05 0 5.36457e-06 0.00188944 8.5231e-05 
scan 250 80 27 0.0022286 0.00230981 0.000595662 4.07488e-05 4.94525e-05 0 4.62022e-06 0.0022286 9.81419e-05 
scan 250 80 28 0.00205304 0.00213361 0.000569529 5.44038e-05 3.84077e-05 0 3.8834e-06 0.00205304 9.23435e-05 
scan 250 80 29 0.000633802 0.000709496 0.000316928 8.58787e-06 1.91318e-05 0 1.62015e-06 0.000633802 2.81781e-05 
scan 250 80 30 0 0 0 0 0 0 0 0 0 
scan 250 80 31 0 0 0 0 0 0 0 0 0 
scan 250 80 32 0 0 0 0 0 0 0 0 0 
scan 250 80 33 0.000160569 0.000163992 0.000160569 3.21139e-06 4.54159e-06 0 3.37196e-08 3.21139e-05 6.98186e-06 
scan 250 80 34 0 0 0 0 0 0 0 0 0 
scan 250 80 35 0 0 0 0 0 0 0 0 0 
scan 250 80 36 0 0 0 0 0 0 0 0 0 
scan 250 80 37 0 0 0 0 0 0 0 0 0 
scan 250 80 38 0 0 0 0 0 0 0 0 0 
scan 250 80 39 0 0 0 0 0 0 0 0 0 
scan 250 80 40 0 0 0 0 0 0 0 0 0 
scan 250 80 41 0 0 0 0 0 0 0 0 0 
scan 250 80 42 0 0 0 0 0 0 0 0 0 
scan 250 80 43 0.000158324 0.000224079 0.000158324 5.48449e-06 0 0 1.13993e-06 0.000158324 6.88421e-06 
scan 250 80 44 0.000157167 0.000222446 0.000157167 5.44442e-06 0 0 1.6974e-06 0.000157167 6.83392e-06 
scan 250 80 45 0 0 0 0 0 0 0 0 0 
scan 250 80 46 0.000155169 0.000158505 0.000155169 3.10338e-06 4.38884e-06 0 7.45122e-11 3.10338e-05 7.36623e-06 
scan 250 80 47 0 0 0 0 0 0 0 0 0 
scan 250 80 48 0 0 0 0 0 0 0 0 0 
scan 250 80 49 0 0 0 0 0 0 0 0 0 
scan 250 80 50 0 0 0 0 0 0 0 0 0 
scan 250 80 51 0 0 0 0 0 0 0 0 0 
scan 250 80 52 0 0 0 0 0 0 0 0 0 
scan 250 80 53 0 0 0 0 0 0 0 0 0 
scan 250 80 54 0 0 0 0 0 0 0 0 0 
scan 250 80 55 0 0 0 0 0 0 0 0 0 
scan 250 80 56 0 0 0 0 0 0 0 0 0 
scan 250 80 57 0 0 0 0 0 0 0 0 0 
scan 250 80 58 0 0 0 0 0 0 0 0 0 
scan 250 80 59 0 0 0 0 0 0 0 0 0 
scan 250 80 75 0 0 0 0 0 0 0 0 0 
scan 250 80 76 0 0 0 0 0 0 0 0 0 
scan 250 80 77 0 0 0 0 0 0 0 0 0 
scan 250 80 78 0 0 0 0 0 0 0 0 0 
scan 250 80 79 0 0 0 0 0 0 0 0 0 
scan 250 80 80 0 0 0 0 0 0 0 0 0 
scan 250 80 81 0 0 0 0 0 0 0 0 0 
scan 250 80 82 0 0 0 0 0 0 0 0 0 
scan 250 80 83 0 0 0 0 0 0 0 0 0 
scan 250 80 84 0 0 0 0 0 0 0 0 0 
scan 250 80 85 0 0 0 0 0 0 0 0 0 
scan 250 80 86 0 0 0 0 0 0 0 0 0 
scan 250 80 87 0 0 0 0 0 0 0 0 0 
scan 250 80 88 0 0 0 0 0 0 0 0 0 
scan 250 80 89 0 0 0 0 0 0 0 0 0 
scan 250 80 90 0.00014136 0.000144657 0.00014136 3.99827e-06 0 4.24081e-06 8.48162e-06 2.82721e-05 6.14662e-06 
scan 250 80 91 0.00015985 0.000163297 0.00015985 3.19699e-06 3.19699e-06 4.79549e-06 3.91632e-07 3.19699e-05 6.95057e-06 
scan 250 80 92 0.00014136 0.000144692 0.00014136 4.24081e-06 2.82721e-06 4.24081e-06 8.48162e-06 2.82721e-05 6.14662e-06 
scan 250 80 93 0 0 0 0 0 0 0 0 0 
scan 250 80 94 0 0 0 0 0 0 0 0 0 
scan 250 80 95 0 0 0 0 0 0 0 0 0 
scan 250 80 96 0 0 0 0 0 0 0 0 0 
scan 250 80 97 0 0 0 0 0 0 0 0 0 
scan 250 80 98 0 0 0 0 0 0 0 0 0 
scan 250 80 99 0 0 0 0 0 0 0 0 0 
scan 250 80 100 0 0 0 0 0 0 0 0 0 
scan 250 80 101 0 0 0 0 0 0 0 0 0 
scan 250 80 102 0.000136549 0.000193474 0.000136549 3.86219e-06 0 4.09647e-06 8.19293e-06 0.000136549 6.48229e-06 
scan 250 80 103 0 0 0 0 0 0 0 0 0 
scan 250 80 104 0 0 0 0 0 0 0 0 0 
scan 250 80 120 0 0 0 0 0 0 0 0 0 
scan 250 80 121 0 0 0 0 0 0 0 0 0 
scan 250 80 122 0 0 0 0 0 0 0 0 0 
scan 250 80 123 0 0 0 0 0 0 0 0 0 
scan 250 80 124 0 0 0 0 0 0 0 0 0 
scan 250 80 125 0 0 0 0 0 0 0 0 0 
scan 250 80 126 0 0 0 0 0 0 0 0 0 
scan 250 80 127 0 0 0 0 0 0 0 0 0 
scan 250 80 128 0 0 0 0 0 0 0 0 0 
scan 250 80 129 0 0 0 0 0 0 0 0 0 
scan 250 80 130 0 0 0 0 0 0 0 0 0 
scan 250 80 131 0 0 0 0 0 0 0 0 0 
scan 250 80 132 0 0 0 0 0 0 0 0 0 
scan 250 80 133 0.000148962 0.000210894 0.000148962 0 4.21329e-06 4.46887e-06 2.97925e-06 0.000148962 7.07159e-06 
scan 250 80 134 0 0 0 0 0 0 0 0 0 
scan 250 80 135 0 0 0 0 0 0 0 0 0 
scan 250 80 136 0 0 0 0 0 0 0 0 0 
scan 250 80 137 0.00014136 0.000144768 0.00014136 2.82721e-06 2.82721e-06 7.06802e-06 8.48162e-06 2.82721e-05 6.14662e-06 
scan 250 80 138 0 0 0 0 0 0 0 0 0 
scan 250 80 139 0 0 0 0 0 0 0 0 0 
scan 250 80 140 0 0 0 0 0 0 0 0 0 
scan 250 80 141 0 0 0 0 0 0 0 0 0 
scan 250 80 142 0 0 0 0 0 0 0 0 0 
scan 250 80 143 0 0 0 0 0 0 0 0 0 
scan 250 80 144 0 0 0 0 0 0 0 0 0 
scan 250 80 145 0 0 0 0 0 0 0 0 0 
scan 250 80 146 0 0 0 0 0 0 0 0 0 
scan 250 80 147 0 0 0 0 0 0 0 0 0 
scan 250 80 148 0 0 0 0 0 0 0 0 0 
scan 250 80 149 0 0 0 0 0 0 0 0 0 
scan 250 80 165 0 0 0 0 0 0 0 0 0 
scan 250 80 166 0 0 0 0 0 0 0 0 0 
scan 250 80 167 0 0 0 0 0 0 0 0 0 
scan 250 80 168 0 0 0 0 0 0 0 0 0 
scan 250 80 169 0 0 0 0 0 0 0 0 0 
scan 250 80 170 0 0 0 0 0 0 0 0 0 
scan 250 80 171 0 0 0 0 0 0 0 0 0 
scan 250 80 172 0 0 0 0 0 0 0 0 0 
scan 250 80 173 0 0 0 0 0 0 0 0 0 
scan 250 80 174 0 0 0 0 0 0 0 0 0 
scan 250 80 175 0 0 0 0 0 0 0 0 0 
scan 250 80 176 0 0 0 0 0 0 0 0 0 
scan 250 80 177 0 0 0 0 0 0 0 0 0 
scan 250 80 178 0 0 0 0 0 0 0 0 0 
scan 250 80 179 0 0 0 0 0 0 0 0 0 
