# cards/mergeScans.py -> lines taken from file cards/ZW/l2j2_wz_310_0.txt
xsec 310 0 0.126659
scan 310 0 500 0.000657805 0 0 1.64451e-05 1.64451e-05 0 0 2.84587e-07 0
scan 310 0 501 0.000732777 0 0 1.83194e-05 1.83194e-05 0 0 -1.31178e-07 0
scan 310 0 502 0.00107589 0 0 2.68972e-05 2.68972e-05 0 0 1.77277e-07 0
scan 310 0 503 0.00203559 0 0 5.08899e-05 5.08899e-05 0 0 -4.2832e-07 0
scan 310 0 504 0.00224884 0 0 5.6221e-05 5.6221e-05 0 0 1.26962e-06 0
# cards/mergeScans.py -> lines taken from file TChiWZ.kit/output/cn_310_0.txt
scan 310 0 0 1.82437e-05 1.86324e-05 1.82437e-05 5.16011e-07 3.64875e-07 0 9.65459e-11 3.64875e-06 7.86696e-07 
scan 310 0 1 5.47805e-05 3.3594e-05 3.16305e-05 6.22888e-07 1.27477e-06 0 1.81206e-07 1.09561e-05 2.44703e-06 
scan 310 0 2 1.79812e-05 1.83647e-05 1.79812e-05 6.22888e-07 0 0 1.29465e-07 3.59625e-06 7.75376e-07 
scan 310 0 3 3.64878e-05 2.6888e-05 2.58008e-05 8.80893e-07 8.80894e-07 0 3.77247e-11 7.29756e-06 1.57341e-06 
scan 310 0 4 1.78499e-05 1.82311e-05 1.78499e-05 6.18338e-07 0 0 1.92779e-07 3.56997e-06 7.69712e-07 
scan 310 0 5 0 0 0 0 0 0 0 0 0 
scan 310 0 6 7.20269e-05 4.2172e-05 3.60167e-05 1.63425e-06 1.35416e-06 0 4.61855e-07 2.16081e-05 3.1059e-06 
scan 310 0 7 1.82439e-05 1.90739e-05 1.82439e-05 5.16015e-07 3.64878e-07 0 2.62821e-11 5.47317e-06 7.86702e-07 
scan 310 0 8 3.64877e-05 2.80993e-05 2.58007e-05 1.03203e-06 7.29754e-07 0 8.58191e-11 1.09463e-05 1.5734e-06 
scan 310 0 9 0 0 0 0 0 0 0 0 0 
scan 310 0 10 0 0 0 0 0 0 0 0 0 
scan 310 0 11 1.82439e-05 2.58205e-05 1.82439e-05 5.16015e-07 3.64878e-07 0 2.62821e-11 1.82439e-05 7.86702e-07 
scan 310 0 12 1.82437e-05 2.58203e-05 1.82437e-05 5.16011e-07 3.64875e-07 0 9.65459e-11 1.82437e-05 7.86696e-07 
scan 310 0 13 5.43084e-05 6.27729e-05 3.13565e-05 1.13435e-06 9.95852e-07 0 2.07447e-07 5.43084e-05 2.34185e-06 
scan 310 0 14 3.6903e-05 4.52469e-05 2.6096e-05 1.04378e-06 7.3806e-07 0 5.31625e-11 3.6903e-05 1.67647e-06 
scan 310 0 15 0.000731098 0.00019055 0.00011561 1.40577e-05 1.68643e-05 0 2.39535e-06 0.00014622 3.27966e-05 
scan 310 0 16 0.00120336 0.000289882 0.000148137 2.93129e-05 2.06208e-05 0 4.24074e-06 0.000240672 5.34977e-05 
scan 310 0 17 0.00118586 0.000286707 0.000147103 3.16261e-05 2.24266e-05 0 4.08007e-06 0.000237173 5.28305e-05 
scan 310 0 18 0.000911081 0.000228505 0.000128858 2.10335e-05 1.84273e-05 0 2.78787e-06 0.000182216 4.02191e-05 
scan 310 0 19 0.000876207 0.000221233 0.000126479 1.85769e-05 1.93613e-05 0 2.41056e-06 0.000175241 3.88831e-05 
scan 310 0 20 3.73183e-05 2.8749e-05 2.63881e-05 7.46367e-07 1.05552e-06 0 1.79203e-11 1.11955e-05 1.77953e-06 
scan 310 0 21 0.000272646 0.000108899 7.0405e-05 6.01097e-06 5.51061e-06 0 1.10283e-06 8.17937e-05 1.20108e-05 
scan 310 0 22 0.00041868 0.00015459 8.73067e-05 1.04692e-05 6.79384e-06 0 1.47682e-06 0.000125604 1.84756e-05 
scan 310 0 23 0.000292171 0.000115184 7.30482e-05 6.81295e-06 6.0631e-06 0 4.81063e-07 8.76512e-05 1.28543e-05 
scan 310 0 24 0.000527953 0.000188387 9.80508e-05 1.20004e-05 9.55195e-06 0 2.17483e-06 0.000158386 2.34439e-05 
scan 310 0 25 1.82439e-05 2.58205e-05 1.82439e-05 3.64878e-07 5.16016e-07 0 1.49454e-11 1.82439e-05 7.86703e-07 
scan 310 0 26 0.00030977 0.000319184 7.51363e-05 8.07624e-06 4.66274e-06 0 1.00338e-06 0.00030977 1.36965e-05 
scan 310 0 27 0.000934769 0.000945222 0.000130906 1.78375e-05 2.0716e-05 0 1.95647e-06 0.000934769 4.20061e-05 
scan 310 0 28 0.00122249 0.00123329 0.000149366 2.72438e-05 2.18734e-05 0 4.40724e-06 0.00122249 5.45758e-05 
scan 310 0 29 0.00160668 0.00161806 0.000171284 3.44707e-05 3.3608e-05 0 3.49398e-06 0.00160668 7.09778e-05 
scan 310 0 30 5.51286e-05 3.38284e-05 3.18304e-05 1.25356e-06 1.40829e-06 0 9.2034e-09 1.10257e-05 2.46238e-06 
scan 310 0 31 1.82439e-05 1.86325e-05 1.82439e-05 5.16015e-07 3.64878e-07 0 2.62821e-11 3.64878e-06 7.86702e-07 
scan 310 0 32 5.46673e-05 3.3537e-05 3.15622e-05 5.47134e-07 1.7778e-06 0 3.22076e-08 1.09335e-05 2.35733e-06 
scan 310 0 33 0 0 0 0 0 0 0 0 0 
scan 310 0 34 5.51408e-05 3.38439e-05 3.18374e-05 1.59091e-06 1.2539e-06 0 3.12516e-09 1.10282e-05 2.4629e-06 
scan 310 0 35 1.78499e-05 1.86629e-05 1.78499e-05 6.18338e-07 0 0 1.92779e-07 5.35496e-06 7.69712e-07 
scan 310 0 36 1.86293e-05 1.94806e-05 1.86293e-05 0 6.45339e-07 0 1.49035e-08 5.5888e-06 8.88342e-07 
scan 310 0 37 0 0 0 0 0 0 0 0 0 
scan 310 0 38 0 0 0 0 0 0 0 0 0 
scan 310 0 39 0 0 0 0 0 0 0 0 0 
scan 310 0 40 0 0 0 0 0 0 0 0 0 
scan 310 0 41 1.8171e-05 2.57173e-05 1.8171e-05 0 6.29461e-07 0 3.63419e-08 1.8171e-05 7.83558e-07 
scan 310 0 42 1.83905e-05 2.6031e-05 1.83905e-05 6.37065e-07 0 0 1.32412e-07 1.83905e-05 8.76953e-07 
scan 310 0 43 3.64586e-05 4.46943e-05 2.57802e-05 5.16015e-07 9.95855e-07 0 1.45981e-08 3.64586e-05 1.57215e-06 
scan 310 0 44 3.65381e-05 4.47918e-05 2.58364e-05 7.5549e-07 6.30977e-07 0 1.79482e-07 3.65381e-05 1.6592e-06 
scan 310 0 45 0 0 0 0 0 0 0 0 0 
scan 310 0 46 0 0 0 0 0 0 0 0 0 
scan 310 0 47 0 0 0 0 0 0 0 0 0 
scan 310 0 48 0 0 0 0 0 0 0 0 0 
scan 310 0 49 1.86588e-05 1.90646e-05 1.86588e-05 6.72752e-07 3.73176e-07 0 2.05713e-10 3.73176e-06 8.89746e-07 
scan 310 0 50 0 0 0 0 0 0 0 0 0 
scan 310 0 51 1.82439e-05 1.90739e-05 1.82439e-05 5.16015e-07 3.64878e-07 0 2.62821e-11 5.47317e-06 7.86702e-07 
scan 310 0 52 0 0 0 0 0 0 0 0 0 
scan 310 0 53 0 0 0 0 0 0 0 0 0 
scan 310 0 54 0 0 0 0 0 0 0 0 0 
scan 310 0 55 0 0 0 0 0 0 0 0 0 
scan 310 0 56 3.69031e-05 4.5247e-05 2.60961e-05 7.38062e-07 1.04378e-06 0 2.04027e-11 3.69031e-05 1.67647e-06 
scan 310 0 57 1.82378e-05 2.58119e-05 1.82378e-05 3.64756e-07 5.15843e-07 0 3.06395e-09 1.82378e-05 7.8644e-07 
scan 310 0 58 1.86591e-05 2.64108e-05 1.86591e-05 3.73181e-07 5.27758e-07 0 6.58291e-11 1.86591e-05 8.89759e-07 
scan 310 0 59 1.82439e-05 2.58205e-05 1.82439e-05 3.64878e-07 5.16016e-07 0 1.14426e-11 1.82439e-05 7.86703e-07 
scan 310 0 75 0 0 0 0 0 0 0 0 0 
scan 310 0 76 0 0 0 0 0 0 0 0 0 
scan 310 0 77 0 0 0 0 0 0 0 0 0 
scan 310 0 78 0 0 0 0 0 0 0 0 0 
scan 310 0 79 0 0 0 0 0 0 0 0 0 
scan 310 0 80 0 0 0 0 0 0 0 0 0 
scan 310 0 81 0 0 0 0 0 0 0 0 0 
scan 310 0 82 0 0 0 0 0 0 0 0 0 
scan 310 0 83 0 0 0 0 0 0 0 0 0 
scan 310 0 84 0 0 0 0 0 0 0 0 0 
scan 310 0 85 0 0 0 0 0 0 0 0 0 
scan 310 0 86 0 0 0 0 0 0 0 0 0 
scan 310 0 87 0 0 0 0 0 0 0 0 0 
scan 310 0 88 0 0 0 0 0 0 0 0 0 
scan 310 0 89 0 0 0 0 0 0 0 0 0 
scan 310 0 90 5.00695e-05 3.08925e-05 2.89636e-05 1.38904e-06 3.63091e-07 1.81929e-06 2.19728e-06 1.00139e-05 2.23145e-06 
scan 310 0 91 1.55074e-05 1.58841e-05 1.55074e-05 4.38614e-07 0 4.65221e-07 1.16305e-06 3.10147e-06 6.68699e-07 
scan 310 0 92 3.36619e-05 2.4919e-05 2.3876e-05 9.22216e-07 3.63091e-07 1.00986e-06 1.20753e-06 6.73238e-06 1.45155e-06 
scan 310 0 93 0 0 0 0 0 0 0 0 0 
scan 310 0 94 0 0 0 0 0 0 0 0 0 
scan 310 0 95 0 0 0 0 0 0 0 0 0 
scan 310 0 96 1.64195e-05 1.71901e-05 1.64195e-05 0 4.64415e-07 4.92586e-07 8.20977e-07 4.92586e-06 7.08034e-07 
scan 310 0 97 0 0 0 0 0 0 0 0 0 
scan 310 0 98 0 0 0 0 0 0 0 0 0 
scan 310 0 99 0 0 0 0 0 0 0 0 0 
scan 310 0 100 0 0 0 0 0 0 0 0 0 
scan 310 0 101 5.05357e-05 5.84931e-05 2.92228e-05 4.65221e-07 1.3009e-06 1.86636e-06 1.86362e-06 5.05357e-05 2.17917e-06 
scan 310 0 102 5.01298e-05 5.80523e-05 2.90343e-05 1.38458e-06 3.71355e-07 1.50389e-06 2.17182e-06 5.01298e-05 2.2464e-06 
scan 310 0 103 4.88948e-05 5.66241e-05 2.8231e-05 1.24693e-06 3.28402e-07 1.79525e-06 2.93369e-06 4.88948e-05 2.25829e-06 
scan 310 0 104 1.81545e-05 2.56973e-05 1.81545e-05 3.63091e-07 3.63091e-07 5.44636e-07 4.44786e-08 1.81545e-05 7.82849e-07 
scan 310 0 120 0 0 0 0 0 0 0 0 0 
scan 310 0 121 0 0 0 0 0 0 0 0 0 
scan 310 0 122 0 0 0 0 0 0 0 0 0 
scan 310 0 123 0 0 0 0 0 0 0 0 0 
scan 310 0 124 0 0 0 0 0 0 0 0 0 
scan 310 0 125 0 0 0 0 0 0 0 0 0 
scan 310 0 126 0 0 0 0 0 0 0 0 0 
scan 310 0 127 0 0 0 0 0 0 0 0 0 
scan 310 0 128 0 0 0 0 0 0 0 0 0 
scan 310 0 129 0 0 0 0 0 0 0 0 0 
scan 310 0 130 0 0 0 0 0 0 0 0 0 
scan 310 0 131 0 0 0 0 0 0 0 0 0 
scan 310 0 132 0 0 0 0 0 0 0 0 0 
scan 310 0 133 0 0 0 0 0 0 0 0 0 
scan 310 0 134 0 0 0 0 0 0 0 0 0 
scan 310 0 135 5.06771e-05 3.12767e-05 2.93303e-05 1.33464e-06 1.01354e-06 1.84141e-06 1.97205e-06 1.01354e-05 2.27001e-06 
scan 310 0 136 1.64201e-05 1.68061e-05 1.64201e-05 3.28402e-07 3.28402e-07 4.92603e-07 9.85205e-07 3.28402e-06 7.82994e-07 
scan 310 0 137 1.81272e-05 1.85179e-05 1.81272e-05 3.62544e-07 3.62544e-07 5.43815e-07 5.8007e-08 3.62544e-06 7.81669e-07 
scan 310 0 138 0 0 0 0 0 0 0 0 0 
scan 310 0 139 0 0 0 0 0 0 0 0 0 
scan 310 0 140 0 0 0 0 0 0 0 0 0 
scan 310 0 141 1.60547e-05 1.68204e-05 1.60547e-05 4.8164e-07 3.21093e-07 4.8164e-07 9.6328e-07 4.8164e-06 6.923e-07 
scan 310 0 142 1.81545e-05 1.89849e-05 1.81545e-05 3.63091e-07 3.63091e-07 5.44636e-07 4.44786e-08 5.44636e-06 7.82849e-07 
scan 310 0 143 0 0 0 0 0 0 0 0 0 
scan 310 0 144 0 0 0 0 0 0 0 0 0 
scan 310 0 145 0 0 0 0 0 0 0 0 0 
scan 310 0 146 0 0 0 0 0 0 0 0 0 
scan 310 0 147 1.81545e-05 2.56973e-05 1.81545e-05 3.63091e-07 3.63091e-07 5.44636e-07 4.44786e-08 1.81545e-05 7.82849e-07 
scan 310 0 148 0 0 0 0 0 0 0 0 0 
scan 310 0 149 0 0 0 0 0 0 0 0 0 
scan 310 0 165 0 0 0 0 0 0 0 0 0 
scan 310 0 166 0 0 0 0 0 0 0 0 0 
scan 310 0 167 0 0 0 0 0 0 0 0 0 
scan 310 0 168 0 0 0 0 0 0 0 0 0 
scan 310 0 169 0 0 0 0 0 0 0 0 0 
scan 310 0 170 0 0 0 0 0 0 0 0 0 
scan 310 0 171 0 0 0 0 0 0 0 0 0 
scan 310 0 172 0 0 0 0 0 0 0 0 0 
scan 310 0 173 0 0 0 0 0 0 0 0 0 
scan 310 0 174 0 0 0 0 0 0 0 0 0 
scan 310 0 175 0 0 0 0 0 0 0 0 0 
scan 310 0 176 0 0 0 0 0 0 0 0 0 
scan 310 0 177 0 0 0 0 0 0 0 0 0 
scan 310 0 178 0 0 0 0 0 0 0 0 0 
scan 310 0 179 0 0 0 0 0 0 0 0 0 
