# cards/mergeScans.py -> lines taken from file cards/ZW/l2j2_wz_310_20.txt
xsec 310 20 0.126659
scan 310 20 500 0.000554215 0 0 1.38554e-05 1.38554e-05 0 0 1.08626e-06 0
scan 310 20 501 0.000758219 0 0 1.89555e-05 1.89555e-05 0 0 4.32648e-07 0
scan 310 20 502 0.000812029 0 0 2.03007e-05 2.03007e-05 0 0 6.75985e-07 0
scan 310 20 503 0.00188194 0 0 4.70484e-05 4.70484e-05 0 0 2.95188e-07 0
scan 310 20 504 0.00267255 0 0 6.68138e-05 6.68138e-05 0 0 -2.65319e-07 0
# cards/mergeScans.py -> lines taken from file TChiWZ.kit/output/cn_310_20.txt
scan 310 20 0 0 0 0 0 0 0 0 0 0 
scan 310 20 1 3.69068e-05 2.72443e-05 2.61179e-05 1.30616e-06 1.03351e-06 0 1.76707e-07 7.38135e-06 1.67906e-06 
scan 310 20 2 1.77799e-05 1.81591e-05 1.77799e-05 6.15914e-07 0 0 1.28015e-07 3.55598e-06 7.66695e-07 
scan 310 20 3 0 0 0 0 0 0 0 0 0 
scan 310 20 4 1.80395e-05 1.84238e-05 1.80395e-05 5.10234e-07 3.6079e-07 0 9.5465e-11 3.6079e-06 7.77888e-07 
scan 310 20 5 0 0 0 0 0 0 0 0 0 
scan 310 20 6 1.80397e-05 1.88604e-05 1.80397e-05 3.60793e-07 5.10239e-07 0 8.66264e-12 5.4119e-06 7.77895e-07 
scan 310 20 7 0 0 0 0 0 0 0 0 0 
scan 310 20 8 0 0 0 0 0 0 0 0 0 
scan 310 20 9 1.92263e-05 2.01048e-05 1.92263e-05 5.43803e-07 3.84527e-07 0 2.76975e-11 5.7679e-06 9.1681e-07 
scan 310 20 10 0 0 0 0 0 0 0 0 0 
scan 310 20 11 0 0 0 0 0 0 0 0 0 
scan 310 20 12 5.41189e-05 6.25621e-05 3.12456e-05 1.23182e-06 1.38127e-06 0 6.82402e-11 5.41189e-05 2.33368e-06 
scan 310 20 13 9.10964e-05 9.99169e-05 4.07557e-05 1.87147e-06 2.03875e-06 0 1.42471e-07 9.10964e-05 4.01595e-06 
scan 310 20 14 5.3859e-05 6.22644e-05 3.10962e-05 1.77657e-06 7.21582e-07 0 1.28137e-07 5.3859e-05 2.32248e-06 
scan 310 20 15 0.000567151 0.000155496 0.000101905 1.08308e-05 1.31079e-05 0 1.35726e-06 0.00011343 2.52404e-05 
scan 310 20 16 0.00114797 0.00027844 0.00014469 2.95689e-05 2.00567e-05 0 3.68197e-06 0.000229594 5.08941e-05 
scan 310 20 17 0.00149261 0.000350512 0.000164898 3.66823e-05 2.87554e-05 0 4.51725e-06 0.000298522 6.60202e-05 
scan 310 20 18 0.000803669 0.000206022 0.000121217 1.74847e-05 1.79465e-05 0 2.7032e-06 0.000160734 3.57894e-05 
scan 310 20 19 0.00069092 0.000181699 0.000112129 1.39241e-05 1.48034e-05 0 2.00303e-06 0.000138184 3.04927e-05 
scan 310 20 20 1.77799e-05 1.85892e-05 1.77799e-05 6.15914e-07 0 0 1.28015e-07 5.33397e-06 7.66695e-07 
scan 310 20 21 0.000240705 9.92156e-05 6.68e-05 3.85845e-06 5.74278e-06 0 4.59975e-07 7.22114e-05 1.09054e-05 
scan 310 20 22 0.000386202 0.000144854 8.43276e-05 1.01157e-05 6.57562e-06 0 1.04459e-06 0.000115861 1.73543e-05 
scan 310 20 23 0.000383452 0.0001437 8.37074e-05 8.14071e-06 7.14379e-06 0 1.2299e-06 0.000115036 1.70558e-05 
scan 310 20 24 0.000443024 0.000162575 9.04742e-05 9.4363e-06 9.57692e-06 0 8.83533e-07 0.000132907 1.9976e-05 
scan 310 20 25 1.80395e-05 2.55313e-05 1.80395e-05 5.10235e-07 3.60791e-07 0 6.6501e-11 1.80395e-05 7.7789e-07 
scan 310 20 26 0.000364325 0.000373846 8.14939e-05 8.26955e-06 7.76277e-06 0 6.00111e-07 0.000364325 1.60599e-05 
scan 310 20 27 0.000778266 0.000788317 0.000118728 1.71056e-05 1.34725e-05 0 2.82248e-06 0.000778266 3.41718e-05 
scan 310 20 28 0.00134121 0.0013523 0.000157054 2.78214e-05 2.8505e-05 0 2.63593e-06 0.00134121 6.002e-05 
scan 310 20 29 0.00187242 0.00188429 0.000185482 3.85291e-05 4.11136e-05 0 3.336e-06 0.00187242 8.36238e-05 
scan 310 20 30 0 0 0 0 0 0 0 0 0 
scan 310 20 31 5.37233e-05 3.29627e-05 3.10187e-05 1.66266e-06 8.7086e-07 0 1.93676e-07 1.07447e-05 2.31662e-06 
scan 310 20 32 1.80395e-05 1.84238e-05 1.80395e-05 5.10235e-07 3.60791e-07 0 6.6501e-11 3.60791e-06 7.7789e-07 
scan 310 20 33 0 0 0 0 0 0 0 0 0 
scan 310 20 34 1.89495e-05 1.93575e-05 1.89495e-05 6.56431e-07 0 0 1.36437e-07 3.78991e-06 9.03611e-07 
scan 310 20 35 0 0 0 0 0 0 0 0 0 
scan 310 20 36 3.56896e-05 2.74842e-05 2.52379e-05 1.12165e-06 3.60793e-07 0 1.90646e-07 1.07069e-05 1.53899e-06 
scan 310 20 37 0 0 0 0 0 0 0 0 0 
scan 310 20 38 0 0 0 0 0 0 0 0 0 
scan 310 20 39 0 0 0 0 0 0 0 0 0 
scan 310 20 40 0 0 0 0 0 0 0 0 0 
scan 310 20 41 1.80108e-05 2.54906e-05 1.80108e-05 0 6.23913e-07 0 1.44087e-08 1.80108e-05 7.76652e-07 
scan 310 20 42 0 0 0 0 0 0 0 0 0 
scan 310 20 43 0 0 0 0 0 0 0 0 0 
scan 310 20 44 7.38803e-05 8.27031e-05 3.69509e-05 1.94512e-06 9.84705e-07 0 3.20794e-07 7.38803e-05 3.35847e-06 
scan 310 20 45 0 0 0 0 0 0 0 0 0 
scan 310 20 46 3.60793e-05 2.65878e-05 2.55119e-05 7.21586e-07 1.02048e-06 0 1.73253e-11 7.21586e-06 1.55579e-06 
scan 310 20 47 0 0 0 0 0 0 0 0 0 
scan 310 20 48 0 0 0 0 0 0 0 0 0 
scan 310 20 49 0 0 0 0 0 0 0 0 0 
scan 310 20 50 0 0 0 0 0 0 0 0 0 
scan 310 20 51 0 0 0 0 0 0 0 0 0 
scan 310 20 52 0 0 0 0 0 0 0 0 0 
scan 310 20 53 0 0 0 0 0 0 0 0 0 
scan 310 20 54 0 0 0 0 0 0 0 0 0 
scan 310 20 55 0 0 0 0 0 0 0 0 0 
scan 310 20 56 0 0 0 0 0 0 0 0 0 
scan 310 20 57 0 0 0 0 0 0 0 0 0 
scan 310 20 58 0 0 0 0 0 0 0 0 0 
scan 310 20 59 0 0 0 0 0 0 0 0 0 
scan 310 20 75 0 0 0 0 0 0 0 0 0 
scan 310 20 76 0 0 0 0 0 0 0 0 0 
scan 310 20 77 0 0 0 0 0 0 0 0 0 
scan 310 20 78 0 0 0 0 0 0 0 0 0 
scan 310 20 79 0 0 0 0 0 0 0 0 0 
scan 310 20 80 0 0 0 0 0 0 0 0 0 
scan 310 20 81 0 0 0 0 0 0 0 0 0 
scan 310 20 82 0 0 0 0 0 0 0 0 0 
scan 310 20 83 0 0 0 0 0 0 0 0 0 
scan 310 20 84 0 0 0 0 0 0 0 0 0 
scan 310 20 85 0 0 0 0 0 0 0 0 0 
scan 310 20 86 0 0 0 0 0 0 0 0 0 
scan 310 20 87 0 0 0 0 0 0 0 0 0 
scan 310 20 88 0 0 0 0 0 0 0 0 0 
scan 310 20 89 0 0 0 0 0 0 0 0 0 
scan 310 20 90 7.05173e-05 3.84447e-05 3.54043e-05 1.7967e-06 7.65287e-07 2.42219e-06 2.25893e-06 1.41035e-05 3.29265e-06 
scan 310 20 91 3.38262e-05 2.50019e-05 2.39638e-05 6.76524e-07 6.76524e-07 1.01479e-06 9.96476e-07 6.76524e-06 1.45863e-06 
scan 310 20 92 0 0 0 0 0 0 0 0 0 
scan 310 20 93 0 0 0 0 0 0 0 0 0 
scan 310 20 94 1.79513e-05 1.83381e-05 1.79513e-05 3.59026e-07 3.59026e-07 5.38539e-07 4.39806e-08 3.59026e-06 7.74085e-07 
scan 310 20 95 0 0 0 0 0 0 0 0 0 
scan 310 20 96 0 0 0 0 0 0 0 0 0 
scan 310 20 97 0 0 0 0 0 0 0 0 0 
scan 310 20 98 0 0 0 0 0 0 0 0 0 
scan 310 20 99 0 0 0 0 0 0 0 0 0 
scan 310 20 100 0 0 0 0 0 0 0 0 0 
scan 310 20 101 0 0 0 0 0 0 0 0 0 
scan 310 20 102 0 0 0 0 0 0 0 0 0 
scan 310 20 103 3.75895e-05 4.61116e-05 2.65841e-05 3.82644e-07 9.04696e-07 1.49683e-06 4.16021e-07 3.75895e-05 1.79246e-06 
scan 310 20 104 5.02042e-05 5.81207e-05 2.90453e-05 1.27128e-06 3.59026e-07 1.50613e-06 2.20916e-06 5.02042e-05 2.24209e-06 
scan 310 20 120 0 0 0 0 0 0 0 0 0 
scan 310 20 121 0 0 0 0 0 0 0 0 0 
scan 310 20 122 0 0 0 0 0 0 0 0 0 
scan 310 20 123 0 0 0 0 0 0 0 0 0 
scan 310 20 124 0 0 0 0 0 0 0 0 0 
scan 310 20 125 0 0 0 0 0 0 0 0 0 
scan 310 20 126 0 0 0 0 0 0 0 0 0 
scan 310 20 127 0 0 0 0 0 0 0 0 0 
scan 310 20 128 0 0 0 0 0 0 0 0 0 
scan 310 20 129 0 0 0 0 0 0 0 0 0 
scan 310 20 130 0 0 0 0 0 0 0 0 0 
scan 310 20 131 0 0 0 0 0 0 0 0 0 
scan 310 20 132 0 0 0 0 0 0 0 0 0 
scan 310 20 133 0 0 0 0 0 0 0 0 0 
scan 310 20 134 0 0 0 0 0 0 0 0 0 
scan 310 20 135 5.40027e-05 3.32649e-05 3.12178e-05 1.08005e-06 1.08005e-06 2.36175e-06 1.10601e-06 1.08005e-05 2.4932e-06 
scan 310 20 136 7.41669e-05 4.02395e-05 3.71023e-05 1.48334e-06 1.48334e-06 2.60765e-06 1.81709e-07 1.48334e-05 3.37281e-06 
scan 310 20 137 3.70835e-05 2.73767e-05 2.62353e-05 7.41669e-07 7.41669e-07 1.49515e-06 9.08545e-08 7.41669e-06 1.68641e-06 
scan 310 20 138 0 0 0 0 0 0 0 0 0 
scan 310 20 139 0 0 0 0 0 0 0 0 0 
scan 310 20 140 0 0 0 0 0 0 0 0 0 
scan 310 20 141 0 0 0 0 0 0 0 0 0 
scan 310 20 142 1.91033e-05 1.99955e-05 1.91033e-05 3.82067e-07 3.82067e-07 9.55167e-07 6.11307e-08 5.731e-06 9.10945e-07 
scan 310 20 143 0 0 0 0 0 0 0 0 0 
scan 310 20 144 0 0 0 0 0 0 0 0 0 
scan 310 20 145 0 0 0 0 0 0 0 0 0 
scan 310 20 146 0 0 0 0 0 0 0 0 0 
scan 310 20 147 3.22174e-05 3.95828e-05 2.27835e-05 8.03096e-07 1.13462e-06 9.66521e-07 2.17818e-06 3.22174e-05 1.46384e-06 
scan 310 20 148 0 0 0 0 0 0 0 0 0 
scan 310 20 149 0 0 0 0 0 0 0 0 0 
scan 310 20 165 0 0 0 0 0 0 0 0 0 
scan 310 20 166 0 0 0 0 0 0 0 0 0 
scan 310 20 167 0 0 0 0 0 0 0 0 0 
scan 310 20 168 0 0 0 0 0 0 0 0 0 
scan 310 20 169 0 0 0 0 0 0 0 0 0 
scan 310 20 170 0 0 0 0 0 0 0 0 0 
scan 310 20 171 0 0 0 0 0 0 0 0 0 
scan 310 20 172 0 0 0 0 0 0 0 0 0 
scan 310 20 173 0 0 0 0 0 0 0 0 0 
scan 310 20 174 0 0 0 0 0 0 0 0 0 
scan 310 20 175 0 0 0 0 0 0 0 0 0 
scan 310 20 176 0 0 0 0 0 0 0 0 0 
scan 310 20 177 0 0 0 0 0 0 0 0 0 
scan 310 20 178 0 0 0 0 0 0 0 0 0 
scan 310 20 179 0 0 0 0 0 0 0 0 0 
