# cards/mergeScans.py -> lines taken from file cards/ZW/l2j2_wz_270_120.txt
xsec 270 120 0.230553
scan 270 120 500 0.00213271 0 0 5.33178e-05 5.33178e-05 0 0 -6.32528e-07 0
scan 270 120 501 0.0016716 0 0 4.179e-05 4.179e-05 0 0 -1.81014e-07 0
scan 270 120 502 0.00234202 0 0 5.85506e-05 5.85506e-05 0 0 6.59846e-06 0
scan 270 120 503 0.00170567 0 0 4.26418e-05 4.26418e-05 0 0 8.10938e-09 0
scan 270 120 504 0.00154347 0 0 3.85866e-05 3.85866e-05 0 0 2.72918e-06 0
# cards/mergeScans.py -> lines taken from file TChiWZ.kit/output/cn_270_120.txt
scan 270 120 0 5.38055e-05 3.96618e-05 3.80478e-05 1.69131e-06 5.42941e-07 0 2.39965e-07 1.07611e-05 2.53044e-06 
scan 270 120 1 0.000132335 6.5279e-05 5.92081e-05 2.7669e-06 3.46502e-06 0 6.49721e-08 2.6467e-05 5.96421e-06 
scan 270 120 2 5.37079e-05 3.95855e-05 3.79795e-05 1.46303e-06 7.67836e-07 0 2.86869e-07 1.07416e-05 2.52585e-06 
scan 270 120 3 7.96977e-05 4.89137e-05 4.60316e-05 1.27808e-06 2.20117e-06 0 5.41284e-08 1.59395e-05 3.61839e-06 
scan 270 120 4 0 0 0 0 0 0 0 0 0 
scan 270 120 5 0 0 0 0 0 0 0 0 0 
scan 270 120 6 5.10239e-05 3.92892e-05 3.60794e-05 1.23183e-06 1.23183e-06 0 1.4726e-10 1.53072e-05 2.14014e-06 
scan 270 120 7 2.67562e-05 2.79787e-05 2.67562e-05 9.26862e-07 0 0 1.92645e-07 8.02686e-06 1.25833e-06 
scan 270 120 8 2.55121e-05 2.66715e-05 2.55121e-05 5.10242e-07 7.21591e-07 0 1.22509e-11 7.65362e-06 1.07007e-06 
scan 270 120 9 0 0 0 0 0 0 0 0 0 
scan 270 120 10 0 0 0 0 0 0 0 0 0 
scan 270 120 11 0.000101314 0.000113396 5.06582e-05 2.76794e-06 1.43279e-06 0 3.62096e-07 0.000101314 4.24948e-06 
scan 270 120 12 2.71469e-05 3.84243e-05 2.71469e-05 5.42939e-07 7.67831e-07 0 9.57744e-11 2.71469e-05 1.2767e-06 
scan 270 120 13 5.09426e-05 6.24532e-05 3.60218e-05 0 1.7647e-06 0 4.07541e-08 5.09426e-05 2.13673e-06 
scan 270 120 14 0 0 0 0 0 0 0 0 0 
scan 270 120 15 0.00290643 0.00066141 0.000274776 6.59072e-05 5.85371e-05 0 8.0212e-06 0.000581287 0.000127408 
scan 270 120 16 0.00464398 0.00102174 0.000346296 0.000116249 8.30951e-05 0 1.54819e-05 0.000928797 0.00020178 
scan 270 120 17 0.00258181 0.000593156 0.000258304 5.66957e-05 5.09478e-05 0 8.25483e-06 0.000516361 0.000112275 
scan 270 120 18 0.000952025 0.000251682 0.000156575 2.10791e-05 2.09742e-05 0 2.46305e-06 0.000190405 4.10331e-05 
scan 270 120 19 0.000565481 0.000168017 0.000120608 1.32762e-05 1.08143e-05 0 1.95145e-06 0.000113096 2.44045e-05 
scan 270 120 20 0.000180138 8.74788e-05 6.81029e-05 2.8088e-06 5.19401e-06 0 4.08422e-08 5.40414e-05 7.69373e-06 
scan 270 120 21 0.000950243 0.000328897 0.000156271 2.00281e-05 2.06583e-05 0 1.72742e-06 0.000285073 4.06849e-05 
scan 270 120 22 0.00119409 0.000404201 0.000176157 2.7128e-05 2.24193e-05 0 4.36007e-06 0.000358228 5.25557e-05 
scan 270 120 23 0.000413299 0.000162859 0.000103364 6.95362e-06 9.84456e-06 0 7.08965e-07 0.00012399 1.78854e-05 
scan 270 120 24 0.000126784 6.86243e-05 5.6702e-05 2.04691e-06 3.85738e-06 0 3.805e-07 3.80353e-05 5.31782e-06 
scan 270 120 25 0 0 0 0 0 0 0 0 0 
scan 270 120 26 0.000878409 0.000892436 0.000150706 1.95142e-05 1.67417e-05 0 2.63299e-06 0.000878409 3.82128e-05 
scan 270 120 27 0.0023551 0.00237124 0.000247001 4.54962e-05 5.13122e-05 0 6.0391e-06 0.0023551 0.000102634 
scan 270 120 28 0.000921125 0.000935047 0.000153553 1.84684e-05 1.91968e-05 0 2.69489e-06 0.000921125 3.93168e-05 
scan 270 120 29 0.000283465 0.000296474 8.55035e-05 7.8338e-06 4.46928e-06 0 1.0161e-06 0.000283465 1.23002e-05 
scan 270 120 30 5.42074e-05 3.99598e-05 3.83304e-05 0 1.8778e-06 0 4.33659e-08 1.08415e-05 2.54934e-06 
scan 270 120 31 0.000103056 5.5767e-05 5.15363e-05 1.94057e-06 2.32553e-06 0 3.07258e-07 2.06112e-05 4.45765e-06 
scan 270 120 32 0 0 0 0 0 0 0 0 0 
scan 270 120 33 0 0 0 0 0 0 0 0 0 
scan 270 120 34 2.70385e-05 2.7647e-05 2.70385e-05 0 1.55325e-06 0 5.40771e-08 5.40771e-06 1.27161e-06 
scan 270 120 35 2.55121e-05 2.66716e-05 2.55121e-05 5.10242e-07 7.21591e-07 0 2.40118e-15 7.65363e-06 1.07008e-06 
scan 270 120 36 0 0 0 0 0 0 0 0 0 
scan 270 120 37 5.10239e-05 3.93197e-05 3.60793e-05 1.02048e-06 2.09544e-06 0 1.70698e-10 1.53072e-05 2.14014e-06 
scan 270 120 38 0 0 0 0 0 0 0 0 0 
scan 270 120 39 0 0 0 0 0 0 0 0 0 
scan 270 120 40 0 0 0 0 0 0 0 0 0 
scan 270 120 41 2.71037e-05 3.83631e-05 2.71037e-05 0 9.389e-07 0 2.1683e-08 2.71037e-05 1.27467e-06 
scan 270 120 42 5.04118e-05 6.18025e-05 3.56492e-05 1.58414e-06 5.10241e-07 0 2.98835e-07 5.04118e-05 2.11447e-06 
scan 270 120 43 5.22484e-05 6.40615e-05 3.69712e-05 8.71039e-07 9.389e-07 0 2.02725e-07 5.22484e-05 2.32934e-06 
scan 270 120 44 0 0 0 0 0 0 0 0 0 
scan 270 120 45 2.55121e-05 2.60543e-05 2.55121e-05 5.10241e-07 7.2159e-07 0 2.08995e-11 5.10241e-06 1.07007e-06 
scan 270 120 46 2.5512e-05 2.60543e-05 2.5512e-05 7.21589e-07 5.10241e-07 0 3.67526e-11 5.10241e-06 1.07007e-06 
scan 270 120 47 0 0 0 0 0 0 0 0 0 
scan 270 120 48 0 0 0 0 0 0 0 0 0 
scan 270 120 49 0 0 0 0 0 0 0 0 0 
scan 270 120 50 0 0 0 0 0 0 0 0 0 
scan 270 120 51 0 0 0 0 0 0 0 0 0 
scan 270 120 52 0 0 0 0 0 0 0 0 0 
scan 270 120 53 0 0 0 0 0 0 0 0 0 
scan 270 120 54 0 0 0 0 0 0 0 0 0 
scan 270 120 55 0 0 0 0 0 0 0 0 0 
scan 270 120 56 0 0 0 0 0 0 0 0 0 
scan 270 120 57 7.65362e-05 8.84734e-05 4.41882e-05 1.74207e-06 1.95342e-06 0 6.12544e-11 7.65362e-05 3.21022e-06 
scan 270 120 58 0 0 0 0 0 0 0 0 0 
scan 270 120 59 0 0 0 0 0 0 0 0 0 
scan 270 120 75 0 0 0 0 0 0 0 0 0 
scan 270 120 76 0 0 0 0 0 0 0 0 0 
scan 270 120 77 0 0 0 0 0 0 0 0 0 
scan 270 120 78 0 0 0 0 0 0 0 0 0 
scan 270 120 79 0 0 0 0 0 0 0 0 0 
scan 270 120 80 0 0 0 0 0 0 0 0 0 
scan 270 120 81 0 0 0 0 0 0 0 0 0 
scan 270 120 82 0 0 0 0 0 0 0 0 0 
scan 270 120 83 0 0 0 0 0 0 0 0 0 
scan 270 120 84 0 0 0 0 0 0 0 0 0 
scan 270 120 85 0 0 0 0 0 0 0 0 0 
scan 270 120 86 0 0 0 0 0 0 0 0 0 
scan 270 120 87 0 0 0 0 0 0 0 0 0 
scan 270 120 88 2.55121e-05 3.61062e-05 2.55121e-05 5.10241e-07 7.2159e-07 0 1.60012e-11 2.55121e-05 1.07007e-06 
scan 270 120 89 0 0 0 0 0 0 0 0 0 
scan 270 120 90 2.44324e-05 2.4993e-05 2.44324e-05 0 6.91053e-07 7.32973e-07 1.22162e-06 4.88648e-06 1.14904e-06 
scan 270 120 91 0.00020966 8.36572e-05 7.00913e-05 4.19317e-06 5.14391e-06 7.21398e-06 1.19557e-05 4.1932e-05 9.40348e-06 
scan 270 120 92 6.78622e-05 4.18715e-05 3.91825e-05 1.08401e-06 2.35901e-06 2.03587e-06 3.84212e-06 1.35724e-05 2.8464e-06 
scan 270 120 93 0 0 0 0 0 0 0 0 0 
scan 270 120 94 0 0 0 0 0 0 0 0 0 
scan 270 120 95 0 0 0 0 0 0 0 0 0 
scan 270 120 96 6.7352e-05 4.41924e-05 3.88857e-05 1.71901e-06 1.12253e-06 2.02056e-06 4.04112e-06 2.02056e-05 2.825e-06 
scan 270 120 97 2.24507e-05 2.35149e-05 2.24507e-05 4.49013e-07 4.49013e-07 6.7352e-07 1.34704e-06 6.7352e-06 9.41666e-07 
scan 270 120 98 5.24012e-05 4.03923e-05 3.70711e-05 1.04802e-06 1.04802e-06 1.57204e-06 1.28383e-07 1.57204e-05 2.33529e-06 
scan 270 120 99 0 0 0 0 0 0 0 0 0 
scan 270 120 100 0 0 0 0 0 0 0 0 0 
scan 270 120 101 2.24507e-05 3.1806e-05 2.24507e-05 6.35e-07 0 6.7352e-07 1.34704e-06 2.24507e-05 9.41666e-07 
scan 270 120 102 4.26052e-05 5.23653e-05 3.01313e-05 1.37358e-06 0 1.27816e-06 3.50919e-06 4.26052e-05 1.78703e-06 
scan 270 120 103 2.44916e-05 3.46698e-05 2.44916e-05 0 6.92728e-07 7.34749e-07 4.89832e-07 2.44916e-05 1.02727e-06 
scan 270 120 104 2.30751e-05 3.27108e-05 2.30751e-05 6.52661e-07 0 6.92252e-07 1.73063e-06 2.30751e-05 1.08521e-06 
scan 270 120 120 0 0 0 0 0 0 0 0 0 
scan 270 120 121 0 0 0 0 0 0 0 0 0 
scan 270 120 122 0 0 0 0 0 0 0 0 0 
scan 270 120 123 0 0 0 0 0 0 0 0 0 
scan 270 120 124 0 0 0 0 0 0 0 0 0 
scan 270 120 125 0 0 0 0 0 0 0 0 0 
scan 270 120 126 0 0 0 0 0 0 0 0 0 
scan 270 120 127 0 0 0 0 0 0 0 0 0 
scan 270 120 128 0 0 0 0 0 0 0 0 0 
scan 270 120 129 0 0 0 0 0 0 0 0 0 
scan 270 120 130 0 0 0 0 0 0 0 0 0 
scan 270 120 131 0 0 0 0 0 0 0 0 0 
scan 270 120 132 0 0 0 0 0 0 0 0 0 
scan 270 120 133 0 0 0 0 0 0 0 0 0 
scan 270 120 134 0 0 0 0 0 0 0 0 0 
scan 270 120 135 0.000100201 5.44811e-05 5.02082e-05 2.00401e-06 2.00401e-06 4.05328e-06 1.55654e-06 2.00401e-05 4.34018e-06 
scan 270 120 136 4.86994e-05 3.61459e-05 3.46412e-05 9.73988e-07 9.73988e-07 1.46098e-06 1.69258e-06 9.73988e-06 2.18002e-06 
scan 270 120 137 4.94648e-05 3.66674e-05 3.51254e-05 9.89295e-07 1.66281e-06 1.48394e-06 1.41322e-06 9.89295e-06 2.21212e-06 
scan 270 120 138 0 0 0 0 0 0 0 0 0 
scan 270 120 139 0 0 0 0 0 0 0 0 0 
scan 270 120 140 0 0 0 0 0 0 0 0 0 
scan 270 120 141 0 0 0 0 0 0 0 0 0 
scan 270 120 142 0 0 0 0 0 0 0 0 0 
scan 270 120 143 0 0 0 0 0 0 0 0 0 
scan 270 120 144 0 0 0 0 0 0 0 0 0 
scan 270 120 145 0 0 0 0 0 0 0 0 0 
scan 270 120 146 2.53871e-05 3.59339e-05 2.53871e-05 5.07742e-07 5.07742e-07 7.61613e-07 6.21984e-08 2.53871e-05 1.06483e-06 
scan 270 120 147 5.07742e-05 6.22572e-05 3.59028e-05 1.01548e-06 1.01548e-06 1.52323e-06 1.24397e-07 5.07742e-05 2.12966e-06 
scan 270 120 148 2.24507e-05 3.1806e-05 2.24507e-05 4.49013e-07 4.49013e-07 6.7352e-07 1.34704e-06 2.24507e-05 9.41666e-07 
scan 270 120 149 2.53871e-05 3.59339e-05 2.53871e-05 5.07742e-07 5.07742e-07 7.61613e-07 6.21984e-08 2.53871e-05 1.06483e-06 
scan 270 120 165 0 0 0 0 0 0 0 0 0 
scan 270 120 166 0 0 0 0 0 0 0 0 0 
scan 270 120 167 0 0 0 0 0 0 0 0 0 
scan 270 120 168 0 0 0 0 0 0 0 0 0 
scan 270 120 169 0 0 0 0 0 0 0 0 0 
scan 270 120 170 0 0 0 0 0 0 0 0 0 
scan 270 120 171 0 0 0 0 0 0 0 0 0 
scan 270 120 172 0 0 0 0 0 0 0 0 0 
scan 270 120 173 0 0 0 0 0 0 0 0 0 
scan 270 120 174 0 0 0 0 0 0 0 0 0 
scan 270 120 175 0 0 0 0 0 0 0 0 0 
scan 270 120 176 0 0 0 0 0 0 0 0 0 
scan 270 120 177 0 0 0 0 0 0 0 0 0 
scan 270 120 178 0 0 0 0 0 0 0 0 0 
scan 270 120 179 0 0 0 0 0 0 0 0 0 
