# cards/mergeScans.py -> lines taken from file cards/ZW/l2j2_wz_310_150.txt
xsec 310 150 0.126659
scan 310 150 500 0.00113336 0 0 2.8334e-05 2.8334e-05 0 0 4.37719e-07 0
scan 310 150 501 0.00108577 0 0 2.71442e-05 2.71442e-05 0 0 -5.22057e-07 0
scan 310 150 502 0.00154564 0 0 3.8641e-05 3.8641e-05 0 0 3.39187e-07 0
scan 310 150 503 0.00183858 0 0 4.59644e-05 4.59644e-05 0 0 9.20949e-07 0
scan 310 150 504 0.000751083 0 0 1.87771e-05 1.87771e-05 0 0 2.20165e-06 0
# cards/mergeScans.py -> lines taken from file TChiWZ.kit/output/cn_310_150.txt
scan 310 150 0 3.67685e-05 2.7116e-05 2.60172e-05 1.1525e-06 3.81327e-07 0 1.91254e-07 7.35371e-06 1.67252e-06 
scan 310 150 1 9.1742e-05 4.52537e-05 4.10424e-05 2.42914e-06 1.92398e-06 0 3.30002e-07 1.83484e-05 4.12868e-06 
scan 310 150 2 5.45054e-05 3.34336e-05 3.14738e-05 1.385e-06 6.25757e-07 0 3.66152e-07 1.09011e-05 2.43527e-06 
scan 310 150 3 5.52459e-05 3.39155e-05 3.1906e-05 1.44541e-06 1.4127e-06 0 3.28556e-09 1.10492e-05 2.46927e-06 
scan 310 150 4 3.59253e-05 2.64726e-05 2.54037e-05 1.12948e-06 3.61858e-07 0 1.28445e-07 7.18507e-06 1.54915e-06 
scan 310 150 5 0 0 0 0 0 0 0 0 0 
scan 310 150 6 0 0 0 0 0 0 0 0 0 
scan 310 150 7 5.49614e-05 3.58884e-05 3.17446e-05 9.79593e-07 1.17117e-06 0 1.43631e-07 1.64884e-05 2.45689e-06 
scan 310 150 8 3.61859e-05 2.78669e-05 2.55873e-05 1.02349e-06 7.23717e-07 0 5.21294e-11 1.08558e-05 1.56039e-06 
scan 310 150 9 3.81329e-05 2.93757e-05 2.69641e-05 9.20611e-07 9.20611e-07 0 3.66229e-11 1.14399e-05 1.81837e-06 
scan 310 150 10 0 0 0 0 0 0 0 0 0 
scan 310 150 11 0 0 0 0 0 0 0 0 0 
scan 310 150 12 3.71305e-05 4.55266e-05 2.62648e-05 5.39281e-07 1.00709e-06 0 1.44787e-08 3.71305e-05 1.68813e-06 
scan 310 150 13 1.80929e-05 2.56068e-05 1.80929e-05 5.11745e-07 3.61859e-07 0 2.60647e-11 1.80929e-05 7.80193e-07 
scan 310 150 14 5.47009e-05 6.32342e-05 3.15969e-05 1.23547e-06 6.59426e-07 0 2.72016e-07 5.47009e-05 2.44565e-06 
scan 310 150 15 0.00135362 0.000321689 0.000157415 3.27074e-05 2.59137e-05 0 4.22241e-06 0.000270724 6.04481e-05 
scan 310 150 16 0.00204092 0.000464389 0.000192903 4.55032e-05 3.90441e-05 0 6.74438e-06 0.000408183 9.05093e-05 
scan 310 150 17 0.00140475 0.000332364 0.000160139 3.60205e-05 2.57728e-05 0 4.82137e-06 0.000280951 6.2476e-05 
scan 310 150 18 0.000583689 0.000158952 0.000103217 1.22936e-05 1.27266e-05 0 1.50971e-06 0.000116738 2.58637e-05 
scan 310 150 19 0.000565095 0.000155016 0.000101518 1.09968e-05 1.44749e-05 0 8.02608e-07 0.000113019 2.48884e-05 
scan 310 150 20 7.23684e-05 4.24016e-05 3.62041e-05 2.12081e-06 8.93076e-07 0 4.74829e-07 2.17105e-05 3.20764e-06 
scan 310 150 21 0.000511259 0.00018334 9.66499e-05 1.20491e-05 8.804e-06 0 2.01267e-06 0.000153378 2.28217e-05 
scan 310 150 22 0.000569268 0.000201432 0.000102279 1.32139e-05 1.0776e-05 0 1.6159e-06 0.00017078 2.55844e-05 
scan 310 150 23 0.000255987 0.000103769 6.84379e-05 5.55107e-06 5.08437e-06 0 5.95472e-07 7.67962e-05 1.13853e-05 
scan 310 150 24 0.000126046 6.12012e-05 4.76423e-05 3.34177e-06 2.25859e-06 0 2.97455e-07 3.78139e-05 5.4353e-06 
scan 310 150 25 0 0 0 0 0 0 0 0 0 
scan 310 150 26 0.00024012 0.000249558 6.66232e-05 6.7698e-06 4.32355e-06 0 4.5714e-07 0.00024012 1.08748e-05 
scan 310 150 27 0.00100363 0.00101414 0.000135372 2.29273e-05 1.91354e-05 0 2.98589e-06 0.00100363 4.45749e-05 
scan 310 150 28 0.000855674 0.000865925 0.000124849 1.90925e-05 1.60249e-05 0 2.652e-06 0.000855674 3.78488e-05 
scan 310 150 29 0.000385749 0.00039538 8.41983e-05 9.14225e-06 6.69601e-06 0 1.45788e-06 0.000385749 1.7407e-05 
scan 310 150 30 1.90665e-05 1.94765e-05 1.90665e-05 5.39281e-07 3.81329e-07 0 2.74671e-11 3.81329e-06 9.09186e-07 
scan 310 150 31 0.000109225 5.00115e-05 4.46014e-05 2.08431e-06 2.6998e-06 0 1.51266e-07 2.1845e-05 4.79692e-06 
scan 310 150 32 1.8093e-05 1.84784e-05 1.8093e-05 3.61859e-07 5.11746e-07 0 8.68824e-12 3.61859e-06 7.80194e-07 
scan 310 150 33 0 0 0 0 0 0 0 0 0 
scan 310 150 34 0 0 0 0 0 0 0 0 0 
scan 310 150 35 0 0 0 0 0 0 0 0 0 
scan 310 150 36 0 0 0 0 0 0 0 0 0 
scan 310 150 37 1.77022e-05 1.85085e-05 1.77022e-05 6.13221e-07 0 0 1.91184e-07 5.31065e-06 7.63343e-07 
scan 310 150 38 0 0 0 0 0 0 0 0 0 
scan 310 150 39 0 0 0 0 0 0 0 0 0 
scan 310 150 40 0 0 0 0 0 0 0 0 0 
scan 310 150 41 1.80929e-05 2.56068e-05 1.80929e-05 5.11745e-07 3.61859e-07 0 2.60647e-11 1.80929e-05 7.80193e-07 
scan 310 150 42 1.80929e-05 2.56068e-05 1.80929e-05 5.11745e-07 3.61859e-07 0 2.60647e-11 1.80929e-05 7.80193e-07 
scan 310 150 43 3.71593e-05 4.55649e-05 2.62846e-05 9.01138e-07 8.93074e-07 0 7.89745e-11 3.71593e-05 1.68938e-06 
scan 310 150 44 0 0 0 0 0 0 0 0 0 
scan 310 150 45 1.90601e-05 1.94747e-05 1.90601e-05 5.71803e-07 5.39101e-07 0 3.2021e-09 3.81202e-06 9.08883e-07 
scan 310 150 46 5.52448e-05 3.39152e-05 3.19056e-05 1.28575e-06 1.56256e-06 0 3.82124e-09 1.1049e-05 2.46925e-06 
scan 310 150 47 0 0 0 0 0 0 0 0 0 
scan 310 150 48 0 0 0 0 0 0 0 0 0 
scan 310 150 49 0 0 0 0 0 0 0 0 0 
scan 310 150 50 0 0 0 0 0 0 0 0 0 
scan 310 150 51 0 0 0 0 0 0 0 0 0 
scan 310 150 52 0 0 0 0 0 0 0 0 0 
scan 310 150 53 0 0 0 0 0 0 0 0 0 
scan 310 150 54 0 0 0 0 0 0 0 0 0 
scan 310 150 55 0 0 0 0 0 0 0 0 0 
scan 310 150 56 0 0 0 0 0 0 0 0 0 
scan 310 150 57 0 0 0 0 0 0 0 0 0 
scan 310 150 58 0 0 0 0 0 0 0 0 0 
scan 310 150 59 0 0 0 0 0 0 0 0 0 
scan 310 150 75 0 0 0 0 0 0 0 0 0 
scan 310 150 76 0 0 0 0 0 0 0 0 0 
scan 310 150 77 1.8093e-05 1.84784e-05 1.8093e-05 3.61859e-07 5.11746e-07 0 1.48218e-11 3.61859e-06 7.80194e-07 
scan 310 150 78 0 0 0 0 0 0 0 0 0 
scan 310 150 79 0 0 0 0 0 0 0 0 0 
scan 310 150 80 0 0 0 0 0 0 0 0 0 
scan 310 150 81 0 0 0 0 0 0 0 0 0 
scan 310 150 82 0 0 0 0 0 0 0 0 0 
scan 310 150 83 0 0 0 0 0 0 0 0 0 
scan 310 150 84 0 0 0 0 0 0 0 0 0 
scan 310 150 85 0 0 0 0 0 0 0 0 0 
scan 310 150 86 0 0 0 0 0 0 0 0 0 
scan 310 150 87 0 0 0 0 0 0 0 0 0 
scan 310 150 88 0 0 0 0 0 0 0 0 0 
scan 310 150 89 0 0 0 0 0 0 0 0 0 
scan 310 150 90 3.43521e-05 2.55061e-05 2.44232e-05 8.40833e-07 6.87042e-07 1.33814e-06 1.19991e-06 6.87042e-06 1.5679e-06 
scan 310 150 91 8.43936e-05 4.19187e-05 3.77975e-05 1.78162e-06 1.49864e-06 3.86013e-06 3.08662e-06 1.68787e-05 3.71313e-06 
scan 310 150 92 3.32304e-05 2.46489e-05 2.35763e-05 9.09506e-07 3.59544e-07 1.35646e-06 1.58285e-06 6.64608e-06 1.50255e-06 
scan 310 150 93 0 0 0 0 0 0 0 0 0 
scan 310 150 94 0 0 0 0 0 0 0 0 0 
scan 310 150 95 0 0 0 0 0 0 0 0 0 
scan 310 150 96 0 0 0 0 0 0 0 0 0 
scan 310 150 97 0 0 0 0 0 0 0 0 0 
scan 310 150 98 1.73693e-05 1.81802e-05 1.73693e-05 0 4.91277e-07 8.68463e-07 3.47385e-07 5.21078e-06 7.48987e-07 
scan 310 150 99 0 0 0 0 0 0 0 0 0 
scan 310 150 100 0 0 0 0 0 0 0 0 0 
scan 310 150 101 3.41478e-05 4.19083e-05 2.41497e-05 5.03356e-07 8.26848e-07 1.36e-06 1.3541e-06 3.41478e-05 1.54907e-06 
scan 310 150 102 1.5379e-05 2.17991e-05 1.5379e-05 4.34985e-07 0 4.61371e-07 1.15343e-06 1.5379e-05 6.63166e-07 
scan 310 150 103 1.80043e-05 2.54847e-05 1.80043e-05 3.60087e-07 3.60087e-07 5.4013e-07 4.41106e-08 1.80043e-05 7.76372e-07 
scan 310 150 104 0 0 0 0 0 0 0 0 0 
scan 310 150 120 0 0 0 0 0 0 0 0 0 
scan 310 150 121 0 0 0 0 0 0 0 0 0 
scan 310 150 122 0 0 0 0 0 0 0 0 0 
scan 310 150 123 0 0 0 0 0 0 0 0 0 
scan 310 150 124 0 0 0 0 0 0 0 0 0 
scan 310 150 125 0 0 0 0 0 0 0 0 0 
scan 310 150 126 0 0 0 0 0 0 0 0 0 
scan 310 150 127 0 0 0 0 0 0 0 0 0 
scan 310 150 128 0 0 0 0 0 0 0 0 0 
scan 310 150 129 0 0 0 0 0 0 0 0 0 
scan 310 150 130 0 0 0 0 0 0 0 0 0 
scan 310 150 131 0 0 0 0 0 0 0 0 0 
scan 310 150 132 0 0 0 0 0 0 0 0 0 
scan 310 150 133 0 0 0 0 0 0 0 0 0 
scan 310 150 134 0 0 0 0 0 0 0 0 0 
scan 310 150 135 0 0 0 0 0 0 0 0 0 
scan 310 150 136 0 0 0 0 0 0 0 0 0 
scan 310 150 137 1.59218e-05 1.63054e-05 1.59218e-05 3.18437e-07 3.18437e-07 7.96091e-07 9.5531e-07 3.18437e-06 6.86572e-07 
scan 310 150 138 0 0 0 0 0 0 0 0 0 
scan 310 150 139 0 0 0 0 0 0 0 0 0 
scan 310 150 140 0 0 0 0 0 0 0 0 0 
scan 310 150 141 0 0 0 0 0 0 0 0 0 
scan 310 150 142 1.59218e-05 1.66812e-05 1.59218e-05 4.77655e-07 3.18437e-07 4.77655e-07 9.5531e-07 4.77655e-06 6.86572e-07 
scan 310 150 143 0 0 0 0 0 0 0 0 0 
scan 310 150 144 0 0 0 0 0 0 0 0 0 
scan 310 150 145 0 0 0 0 0 0 0 0 0 
scan 310 150 146 1.80043e-05 2.54948e-05 1.80043e-05 3.60087e-07 3.60087e-07 9.00217e-07 4.41106e-08 1.80043e-05 7.76372e-07 
scan 310 150 147 1.89445e-05 2.68182e-05 1.89445e-05 3.7889e-07 3.7889e-07 5.68334e-07 6.06223e-08 1.89445e-05 9.0337e-07 
scan 310 150 148 1.80043e-05 2.54847e-05 1.80043e-05 3.60087e-07 3.60087e-07 5.4013e-07 4.41106e-08 1.80043e-05 7.76372e-07 
scan 310 150 149 0 0 0 0 0 0 0 0 0 
scan 310 150 165 0 0 0 0 0 0 0 0 0 
scan 310 150 166 0 0 0 0 0 0 0 0 0 
scan 310 150 167 0 0 0 0 0 0 0 0 0 
scan 310 150 168 0 0 0 0 0 0 0 0 0 
scan 310 150 169 0 0 0 0 0 0 0 0 0 
scan 310 150 170 0 0 0 0 0 0 0 0 0 
scan 310 150 171 0 0 0 0 0 0 0 0 0 
scan 310 150 172 0 0 0 0 0 0 0 0 0 
scan 310 150 173 0 0 0 0 0 0 0 0 0 
scan 310 150 174 0 0 0 0 0 0 0 0 0 
scan 310 150 175 0 0 0 0 0 0 0 0 0 
scan 310 150 176 0 0 0 0 0 0 0 0 0 
scan 310 150 177 0 0 0 0 0 0 0 0 0 
scan 310 150 178 0 0 0 0 0 0 0 0 0 
scan 310 150 179 0 0 0 0 0 0 0 0 0 
