# cards/mergeScans.py -> lines taken from file cards/ZW/l2j2_wz_310_120.txt
xsec 310 120 0.126659
scan 310 120 500 0.00090782 0 0 2.26955e-05 2.26955e-05 0 0 2.22926e-06 0
scan 310 120 501 0.000886323 0 0 2.21581e-05 2.21581e-05 0 0 -1.44824e-07 0
scan 310 120 502 0.00148388 0 0 3.7097e-05 3.7097e-05 0 0 1.53649e-06 0
scan 310 120 503 0.00170799 0 0 4.26997e-05 4.26997e-05 0 0 1.98668e-07 0
scan 310 120 504 0.00167702 0 0 4.19254e-05 4.19254e-05 0 0 8.88365e-07 0
# cards/mergeScans.py -> lines taken from file TChiWZ.kit/output/cn_310_120.txt
scan 310 120 0 2.85663e-05 2.10672e-05 2.02113e-05 9.89564e-07 0 0 1.48956e-07 5.71325e-06 1.29924e-06 
scan 310 120 1 7.27155e-05 3.59055e-05 3.25254e-05 2.2321e-06 1.78357e-06 0 2.32027e-07 1.45431e-05 3.40313e-06 
scan 310 120 2 7.1838e-05 3.54343e-05 3.21355e-05 1.67032e-06 1.79832e-06 0 1.04537e-10 1.43676e-05 3.2326e-06 
scan 310 120 3 1.37161e-05 1.40129e-05 1.37161e-05 5.65529e-07 0 0 1.85167e-07 2.74322e-06 5.91457e-07 
scan 310 120 4 1.47592e-05 1.50766e-05 1.47592e-05 4.17452e-07 2.95183e-07 0 7.43861e-09 2.95183e-06 7.03792e-07 
scan 310 120 5 0 0 0 0 0 0 0 0 0 
scan 310 120 6 4.29447e-05 2.80486e-05 2.48005e-05 9.2613e-07 1.06495e-06 0 1.13552e-08 1.28834e-05 1.91926e-06 
scan 310 120 7 1.40967e-05 1.4738e-05 1.40967e-05 2.81934e-07 3.98715e-07 0 6.76923e-12 4.22901e-06 6.07869e-07 
scan 310 120 8 0 0 0 0 0 0 0 0 0 
scan 310 120 9 2.81933e-05 2.17118e-05 1.99357e-05 7.97427e-07 5.63866e-07 0 4.06153e-11 8.458e-06 1.21574e-06 
scan 310 120 10 0 0 0 0 0 0 0 0 0 
scan 310 120 11 2.81932e-05 3.45643e-05 1.99356e-05 6.80644e-07 6.80643e-07 0 1.05785e-10 2.81932e-05 1.21573e-06 
scan 310 120 12 5.63864e-05 6.31239e-05 2.81932e-05 1.69716e-06 1.24451e-06 0 1.95753e-10 5.63864e-05 2.43146e-06 
scan 310 120 13 5.593e-05 6.26098e-05 2.79659e-05 1.77783e-06 8.40726e-07 0 2.24662e-07 5.593e-05 2.41178e-06 
scan 310 120 14 2.81708e-05 3.4536e-05 1.99198e-05 2.81934e-07 8.86257e-07 0 1.12682e-08 2.81708e-05 1.21477e-06 
scan 310 120 15 0.000977113 0.000233954 0.000117659 2.11466e-05 1.92189e-05 0 3.46901e-06 0.000195423 4.32716e-05 
scan 310 120 16 0.00187373 0.000421114 0.000163129 4.56843e-05 3.5137e-05 0 5.94187e-06 0.000374745 8.32753e-05 
scan 310 120 17 0.00127571 0.000296471 0.000134501 3.05574e-05 2.36299e-05 0 4.20959e-06 0.000255142 5.6547e-05 
scan 310 120 18 0.0008254 0.000202532 0.000108416 1.93454e-05 1.63549e-05 0 2.82028e-06 0.00016508 3.69341e-05 
scan 310 120 19 0.000664943 0.000168522 9.70155e-05 1.68782e-05 1.25065e-05 0 1.81673e-06 0.000132989 2.92789e-05 
scan 310 120 20 5.75384e-05 3.37114e-05 2.87801e-05 1.69289e-06 6.94195e-07 0 1.00063e-07 1.72615e-05 2.61599e-06 
scan 310 120 21 0.000396877 0.000142393 7.50202e-05 1.09334e-05 6.18778e-06 0 1.59139e-06 0.000119063 1.76471e-05 
scan 310 120 22 0.000507697 0.000176321 8.46344e-05 1.31022e-05 7.1717e-06 0 2.22497e-06 0.000152309 2.23606e-05 
scan 310 120 23 0.000201813 8.19225e-05 5.39509e-05 3.74546e-06 6.06795e-06 0 1.39438e-07 6.0544e-05 9.17336e-06 
scan 310 120 24 0.000213139 8.51935e-05 5.5052e-05 5.55001e-06 4.25814e-06 0 4.91786e-07 6.39417e-05 9.46055e-06 
scan 310 120 25 1.40741e-05 1.99191e-05 1.40741e-05 0 4.87543e-07 0 1.12593e-08 1.40741e-05 6.06897e-07 
scan 310 120 26 0.000413474 0.00042115 7.67978e-05 9.24153e-06 9.0932e-06 0 7.03851e-07 0.000413474 1.84332e-05 
scan 310 120 27 0.00115234 0.0011611 0.00012808 2.7485e-05 2.11177e-05 0 3.81711e-06 0.00115234 5.15033e-05 
scan 310 120 28 0.00102353 0.00103209 0.000120656 2.23732e-05 2.10173e-05 0 3.10298e-06 0.00102353 4.56084e-05 
scan 310 120 29 0.000710229 0.000718327 0.000100463 1.51296e-05 1.60358e-05 0 1.34625e-06 0.000710229 3.14309e-05 
scan 310 120 30 1.40741e-05 1.4374e-05 1.40741e-05 0 4.87543e-07 0 1.12593e-08 2.81483e-06 6.06897e-07 
scan 310 120 31 2.81934e-05 2.07764e-05 1.99357e-05 5.63867e-07 7.97429e-07 0 1.56107e-11 5.63867e-06 1.21574e-06 
scan 310 120 32 0 0 0 0 0 0 0 0 0 
scan 310 120 33 1.38937e-05 1.419e-05 1.38937e-05 4.81292e-07 0 0 1.00035e-07 2.77874e-06 5.99116e-07 
scan 310 120 34 1.40741e-05 1.4374e-05 1.40741e-05 0 4.87543e-07 0 1.12593e-08 2.81483e-06 6.06897e-07 
scan 310 120 35 0 0 0 0 0 0 0 0 0 
scan 310 120 36 1.40741e-05 1.47145e-05 1.40741e-05 0 4.87543e-07 0 1.12593e-08 4.22224e-06 6.06897e-07 
scan 310 120 37 1.47504e-05 1.54244e-05 1.47504e-05 0 5.10969e-07 0 1.18003e-08 4.42512e-06 7.03375e-07 
scan 310 120 38 0 0 0 0 0 0 0 0 0 
scan 310 120 39 0 0 0 0 0 0 0 0 0 
scan 310 120 40 0 0 0 0 0 0 0 0 0 
scan 310 120 41 0 0 0 0 0 0 0 0 0 
scan 310 120 42 4.29448e-05 4.96469e-05 2.48006e-05 8.16586e-07 1.06496e-06 0 1.13009e-08 4.29448e-05 1.91926e-06 
scan 310 120 43 2.88707e-05 3.5401e-05 2.04203e-05 5.77414e-07 8.16587e-07 0 1.59359e-11 2.88707e-05 1.31237e-06 
scan 310 120 44 1.4774e-05 2.09117e-05 1.4774e-05 4.17872e-07 2.9548e-07 0 2.12834e-11 1.4774e-05 7.045e-07 
scan 310 120 45 2.88403e-05 2.12843e-05 2.03993e-05 8.02646e-07 1.12119e-06 0 1.52037e-08 5.76806e-06 1.31106e-06 
scan 310 120 46 2.8866e-05 2.1286e-05 2.0417e-05 8.40631e-07 6.94061e-07 0 2.38873e-09 5.77319e-06 1.31217e-06 
scan 310 120 47 0 0 0 0 0 0 0 0 0 
scan 310 120 48 0 0 0 0 0 0 0 0 0 
scan 310 120 49 1.40966e-05 1.43969e-05 1.40966e-05 3.98712e-07 2.81932e-07 0 5.19657e-11 2.81932e-06 6.07865e-07 
scan 310 120 50 1.4774e-05 1.54491e-05 1.4774e-05 2.95481e-07 4.17873e-07 0 9.26627e-12 4.43221e-06 7.04501e-07 
scan 310 120 51 4.29673e-05 2.80824e-05 2.48133e-05 9.81738e-07 1.45332e-06 0 7.77855e-11 1.28902e-05 1.92023e-06 
scan 310 120 52 1.40913e-05 1.47324e-05 1.40913e-05 2.81826e-07 3.98562e-07 0 2.70553e-09 4.22739e-06 6.07636e-07 
scan 310 120 53 0 0 0 0 0 0 0 0 0 
scan 310 120 54 0 0 0 0 0 0 0 0 0 
scan 310 120 55 0 0 0 0 0 0 0 0 0 
scan 310 120 56 0 0 0 0 0 0 0 0 0 
scan 310 120 57 0 0 0 0 0 0 0 0 0 
scan 310 120 58 0 0 0 0 0 0 0 0 0 
scan 310 120 59 0 0 0 0 0 0 0 0 0 
scan 310 120 75 0 0 0 0 0 0 0 0 0 
scan 310 120 76 0 0 0 0 0 0 0 0 0 
scan 310 120 77 0 0 0 0 0 0 0 0 0 
scan 310 120 78 0 0 0 0 0 0 0 0 0 
scan 310 120 79 0 0 0 0 0 0 0 0 0 
scan 310 120 80 0 0 0 0 0 0 0 0 0 
scan 310 120 81 0 0 0 0 0 0 0 0 0 
scan 310 120 82 0 0 0 0 0 0 0 0 0 
scan 310 120 83 0 0 0 0 0 0 0 0 0 
scan 310 120 84 0 0 0 0 0 0 0 0 0 
scan 310 120 85 0 0 0 0 0 0 0 0 0 
scan 310 120 86 0 0 0 0 0 0 0 0 0 
scan 310 120 87 0 0 0 0 0 0 0 0 0 
scan 310 120 88 1.40967e-05 1.9951e-05 1.40967e-05 2.81934e-07 3.98714e-07 0 8.84144e-12 1.40967e-05 6.07869e-07 
scan 310 120 89 1.4774e-05 2.09118e-05 1.4774e-05 2.95481e-07 4.17873e-07 0 7.09449e-12 1.4774e-05 7.04502e-07 
scan 310 120 90 5.13768e-05 2.81633e-05 2.57983e-05 1.35367e-06 5.54056e-07 2.33766e-06 2.94675e-06 1.02754e-05 2.39716e-06 
scan 310 120 91 6.91473e-05 3.4217e-05 3.09703e-05 1.48571e-06 1.13484e-06 2.60307e-06 9.04334e-07 1.38295e-05 3.04882e-06 
scan 310 120 92 0 0 0 0 0 0 0 0 0 
scan 310 120 93 2.73665e-05 2.02638e-05 1.94023e-05 2.9359e-07 9.76807e-07 1.07474e-06 6.81326e-07 5.4733e-06 1.24708e-06 
scan 310 120 94 0 0 0 0 0 0 0 0 0 
scan 310 120 95 0 0 0 0 0 0 0 0 0 
scan 310 120 96 6.34263e-05 3.46262e-05 2.84436e-05 9.17459e-07 1.01689e-06 2.15089e-06 3.6318e-06 1.90279e-05 2.86044e-06 
scan 310 120 97 1.24051e-05 1.29938e-05 1.24051e-05 3.50869e-07 0 3.72153e-07 7.44306e-07 3.72153e-06 5.34925e-07 
scan 310 120 98 1.32966e-05 1.39366e-05 1.32966e-05 0 7.16046e-07 3.98899e-07 6.64832e-07 3.98899e-06 6.34052e-07 
scan 310 120 99 0 0 0 0 0 0 0 0 0 
scan 310 120 100 0 0 0 0 0 0 0 0 0 
scan 310 120 101 1.24051e-05 1.7591e-05 1.24051e-05 2.48102e-07 6.20255e-07 6.20255e-07 7.44306e-07 1.24051e-05 5.34925e-07 
scan 310 120 102 1.30012e-05 1.84212e-05 1.30012e-05 3.67728e-07 0 3.90035e-07 7.8007e-07 1.30012e-05 6.19962e-07 
scan 310 120 103 0 0 0 0 0 0 0 0 0 
scan 310 120 104 0 0 0 0 0 0 0 0 0 
scan 310 120 120 0 0 0 0 0 0 0 0 0 
scan 310 120 121 0 0 0 0 0 0 0 0 0 
scan 310 120 122 0 0 0 0 0 0 0 0 0 
scan 310 120 123 0 0 0 0 0 0 0 0 0 
scan 310 120 124 0 0 0 0 0 0 0 0 0 
scan 310 120 125 0 0 0 0 0 0 0 0 0 
scan 310 120 126 0 0 0 0 0 0 0 0 0 
scan 310 120 127 0 0 0 0 0 0 0 0 0 
scan 310 120 128 0 0 0 0 0 0 0 0 0 
scan 310 120 129 0 0 0 0 0 0 0 0 0 
scan 310 120 130 0 0 0 0 0 0 0 0 0 
scan 310 120 131 1.41831e-05 2.00798e-05 1.41831e-05 0 4.01158e-07 4.25493e-07 2.83662e-07 1.41831e-05 6.76322e-07 
scan 310 120 132 1.35328e-05 1.91572e-05 1.35328e-05 0 3.82766e-07 4.05985e-07 2.70657e-07 1.35328e-05 5.83555e-07 
scan 310 120 133 0 0 0 0 0 0 0 0 0 
scan 310 120 134 0 0 0 0 0 0 0 0 0 
scan 310 120 135 5.67845e-05 3.07946e-05 2.83983e-05 1.13569e-06 1.13569e-06 1.98409e-06 1.39122e-07 1.13569e-05 2.51572e-06 
scan 310 120 136 1.40065e-05 1.43193e-05 1.40065e-05 2.8013e-07 2.8013e-07 7.00324e-07 4.48207e-08 2.8013e-06 6.03979e-07 
scan 310 120 137 1.40276e-05 1.43299e-05 1.40276e-05 2.80553e-07 2.80553e-07 4.20829e-07 3.43677e-08 2.80553e-06 6.04891e-07 
scan 310 120 138 0 0 0 0 0 0 0 0 0 
scan 310 120 139 0 0 0 0 0 0 0 0 0 
scan 310 120 140 0 0 0 0 0 0 0 0 0 
scan 310 120 141 0 0 0 0 0 0 0 0 0 
scan 310 120 142 1.40276e-05 1.46799e-05 1.40276e-05 2.80553e-07 2.80553e-07 7.01381e-07 3.43677e-08 4.20829e-06 6.04891e-07 
scan 310 120 143 0 0 0 0 0 0 0 0 0 
scan 310 120 144 0 0 0 0 0 0 0 0 0 
scan 310 120 145 0 0 0 0 0 0 0 0 0 
scan 310 120 146 2.64327e-05 3.24414e-05 1.87259e-05 5.28654e-07 5.28654e-07 7.92982e-07 7.78673e-07 2.64327e-05 1.13982e-06 
scan 310 120 147 0 0 0 0 0 0 0 0 0 
scan 310 120 148 1.40276e-05 1.98557e-05 1.40276e-05 2.80553e-07 2.80553e-07 4.20829e-07 3.43677e-08 1.40276e-05 6.04891e-07 
scan 310 120 149 0 0 0 0 0 0 0 0 0 
scan 310 120 165 0 0 0 0 0 0 0 0 0 
scan 310 120 166 0 0 0 0 0 0 0 0 0 
scan 310 120 167 0 0 0 0 0 0 0 0 0 
scan 310 120 168 0 0 0 0 0 0 0 0 0 
scan 310 120 169 0 0 0 0 0 0 0 0 0 
scan 310 120 170 0 0 0 0 0 0 0 0 0 
scan 310 120 171 0 0 0 0 0 0 0 0 0 
scan 310 120 172 0 0 0 0 0 0 0 0 0 
scan 310 120 173 0 0 0 0 0 0 0 0 0 
scan 310 120 174 0 0 0 0 0 0 0 0 0 
scan 310 120 175 0 0 0 0 0 0 0 0 0 
scan 310 120 176 0 0 0 0 0 0 0 0 0 
scan 310 120 177 0 0 0 0 0 0 0 0 0 
scan 310 120 178 0 0 0 0 0 0 0 0 0 
scan 310 120 179 1.40276e-05 1.98637e-05 1.40276e-05 2.80553e-07 2.80553e-07 7.01381e-07 3.43677e-08 1.40276e-05 6.04891e-07 
