# cards/mergeScans.py -> lines taken from file cards/ZW/l2j2_wz_210_0.txt
xsec 210 0 0.65068
scan 210 0 500 0.00350171 0 0 8.75428e-05 8.75428e-05 0 0 1.89299e-05 0
scan 210 0 501 0.00423904 0 0 0.000105976 0.000105976 0 0 3.03507e-07 0
scan 210 0 502 0.00544873 0 0 0.000136218 0.000136218 0 0 2.99573e-06 0
scan 210 0 503 0.00642389 0 0 0.000160597 0.000160597 0 0 3.45831e-06 0
scan 210 0 504 0.0017374 0 0 4.34349e-05 4.34349e-05 0 0 2.16476e-05 0
# cards/mergeScans.py -> lines taken from file TChiWZ.kit/output/cn_210_0.txt
scan 210 0 0 0.000268973 0.000198308 0.000190204 8.45327e-06 2.71908e-06 0 1.43732e-06 5.37946e-05 1.31781e-05 
scan 210 0 1 0.00053132 0.000287779 0.000265689 1.57897e-05 9.11307e-06 0 9.41091e-07 0.000106264 2.45141e-05 
scan 210 0 2 0.000131895 0.000134716 0.000131895 0 4.56897e-06 0 2.6379e-07 2.6379e-05 5.95584e-06 
scan 210 0 3 0 0 0 0 0 0 0 0 0 
scan 210 0 4 0 0 0 0 0 0 0 0 0 
scan 210 0 5 0 0 0 0 0 0 0 0 0 
scan 210 0 6 0.000135955 0.000142176 0.000135955 2.71911e-06 3.8454e-06 0 6.52857e-11 4.07866e-05 6.66099e-06 
scan 210 0 7 0.000133998 0.000140132 0.000133998 4.64182e-06 0 0 9.64783e-07 4.01993e-05 6.56508e-06 
scan 210 0 8 0.000264848 0.000204144 0.000187276 5.29696e-06 1.08768e-05 0 5.30781e-10 7.94544e-05 1.19595e-05 
scan 210 0 9 0 0 0 0 0 0 0 0 0 
scan 210 0 10 0 0 0 0 0 0 0 0 0 
scan 210 0 11 0.000132424 0.000187428 0.000132424 3.74552e-06 2.64848e-06 0 1.9077e-10 0.000132424 5.97975e-06 
scan 210 0 12 0.000129564 0.000183385 0.000129564 4.48824e-06 0 0 1.39929e-06 0.000129564 5.8506e-06 
scan 210 0 13 0.00026273 0.000322065 0.000185782 4.52127e-06 4.57998e-06 0 1.0455e-06 0.00026273 1.18639e-05 
scan 210 0 14 0 0 0 0 0 0 0 0 0 
scan 210 0 15 0.00609732 0.00155124 0.000899101 0.000138833 0.000107852 0 1.97175e-05 0.00121946 0.000282075 
scan 210 0 16 0.0119492 0.00278188 0.00125969 0.000272378 0.000238744 0 3.667e-05 0.00238984 0.000555102 
scan 210 0 17 0.00531947 0.00138818 0.000841177 9.98633e-05 0.000129618 0 9.77039e-06 0.00106389 0.000246455 
scan 210 0 18 0.00331837 0.000957378 0.000663746 8.49243e-05 6.99699e-05 0 6.57325e-06 0.000663674 0.000152967 
scan 210 0 19 0.00171854 0.00059568 0.000476695 4.91491e-05 2.70917e-05 0 6.66706e-06 0.000343709 7.91604e-05 
scan 210 0 20 0.000264849 0.000203986 0.000187276 6.39401e-06 6.39401e-06 0 2.73827e-10 7.94546e-05 1.19595e-05 
scan 210 0 21 0.00332147 0.00121155 0.000664341 6.82347e-05 7.41175e-05 0 5.09048e-06 0.000996441 0.0001531 
scan 210 0 22 0.00226463 0.000882786 0.000549336 5.78738e-05 3.52697e-05 0 7.30339e-06 0.000679389 0.00010642 
scan 210 0 23 0.00146112 0.000626889 0.00044061 3.67545e-05 2.66516e-05 0 4.71477e-06 0.000438336 6.8053e-05 
scan 210 0 24 0.000664853 0.000359986 0.000297348 9.0425e-06 1.94088e-05 0 3.99019e-07 0.000199456 3.05431e-05 
scan 210 0 25 0 0 0 0 0 0 0 0 0 
scan 210 0 26 0.00145922 0.00152631 0.000440011 3.58582e-05 3.02972e-05 0 2.21902e-06 0.00145922 6.69363e-05 
scan 210 0 27 0.00515786 0.00523103 0.000826001 0.000109201 9.61917e-05 0 1.89107e-05 0.00515786 0.00023757 
scan 210 0 28 0.00318199 0.00325242 0.000649566 7.30127e-05 6.80249e-05 0 5.03804e-06 0.00318199 0.00014576 
scan 210 0 29 0.00118849 0.00125437 0.000396219 2.17645e-05 2.12126e-05 0 5.10714e-06 0.00118849 5.47093e-05 
scan 210 0 30 0.000663645 0.000327247 0.000296794 1.52348e-05 1.49807e-05 0 9.90454e-07 0.000132729 3.04818e-05 
scan 210 0 31 0.00053633 0.000290487 0.000268189 5.3676e-06 1.6873e-05 0 2.14489e-07 0.000107266 2.52613e-05 
scan 210 0 32 0.000132424 0.000135257 0.000132424 2.64849e-06 3.74553e-06 0 6.35902e-11 2.64849e-05 5.97976e-06 
scan 210 0 33 0.000135955 0.000138887 0.000135955 3.84539e-06 2.7191e-06 0 1.95857e-10 2.7191e-05 6.66098e-06 
scan 210 0 34 0 0 0 0 0 0 0 0 0 
scan 210 0 35 0 0 0 0 0 0 0 0 0 
scan 210 0 36 0 0 0 0 0 0 0 0 0 
scan 210 0 37 0.000132424 0.00013846 0.000132424 2.64849e-06 3.74553e-06 0 6.35902e-11 3.97273e-05 5.97976e-06 
scan 210 0 38 0 0 0 0 0 0 0 0 0 
scan 210 0 39 0 0 0 0 0 0 0 0 0 
scan 210 0 40 0 0 0 0 0 0 0 0 0 
scan 210 0 41 0.000132693 0.000187855 0.000132693 5.47105e-06 0 0 1.59231e-06 0.000132693 6.50114e-06 
scan 210 0 42 0.000399517 0.000461914 0.000230708 1.18492e-05 3.84539e-06 0 2.36419e-06 0.000399517 1.90767e-05 
scan 210 0 43 0 0 0 0 0 0 0 0 0 
scan 210 0 44 0 0 0 0 0 0 0 0 0 
scan 210 0 45 0 0 0 0 0 0 0 0 0 
scan 210 0 46 0 0 0 0 0 0 0 0 0 
scan 210 0 47 0 0 0 0 0 0 0 0 0 
scan 210 0 48 0 0 0 0 0 0 0 0 0 
scan 210 0 49 0 0 0 0 0 0 0 0 0 
scan 210 0 50 0 0 0 0 0 0 0 0 0 
scan 210 0 51 0 0 0 0 0 0 0 0 0 
scan 210 0 52 0 0 0 0 0 0 0 0 0 
scan 210 0 53 0 0 0 0 0 0 0 0 0 
scan 210 0 54 0 0 0 0 0 0 0 0 0 
scan 210 0 55 0 0 0 0 0 0 0 0 0 
scan 210 0 56 0 0 0 0 0 0 0 0 0 
scan 210 0 57 0 0 0 0 0 0 0 0 0 
scan 210 0 58 0 0 0 0 0 0 0 0 0 
scan 210 0 59 0 0 0 0 0 0 0 0 0 
scan 210 0 75 0 0 0 0 0 0 0 0 0 
scan 210 0 76 0 0 0 0 0 0 0 0 0 
scan 210 0 77 0 0 0 0 0 0 0 0 0 
scan 210 0 78 0 0 0 0 0 0 0 0 0 
scan 210 0 79 0 0 0 0 0 0 0 0 0 
scan 210 0 80 0 0 0 0 0 0 0 0 0 
scan 210 0 81 0 0 0 0 0 0 0 0 0 
scan 210 0 82 0 0 0 0 0 0 0 0 0 
scan 210 0 83 0 0 0 0 0 0 0 0 0 
scan 210 0 84 0 0 0 0 0 0 0 0 0 
scan 210 0 85 0 0 0 0 0 0 0 0 0 
scan 210 0 86 0 0 0 0 0 0 0 0 0 
scan 210 0 87 0 0 0 0 0 0 0 0 0 
scan 210 0 88 0 0 0 0 0 0 0 0 0 
scan 210 0 89 0 0 0 0 0 0 0 0 0 
scan 210 0 90 0.00024631 0.000182174 0.000174258 0 1.00139e-05 9.93184e-06 8.50166e-06 4.92619e-05 1.11224e-05 
scan 210 0 91 0.000507402 0.000275875 0.000254001 2.70579e-06 1.32307e-05 2.04704e-05 1.18987e-05 0.00010148 2.34315e-05 
scan 210 0 92 0 0 0 0 0 0 0 0 0 
scan 210 0 93 0 0 0 0 0 0 0 0 0 
scan 210 0 94 0 0 0 0 0 0 0 0 0 
scan 210 0 95 0 0 0 0 0 0 0 0 0 
scan 210 0 96 0.000234744 0.000181537 0.000166009 3.26859e-06 6.41815e-06 7.04233e-06 1.46263e-05 7.04233e-05 1.10436e-05 
scan 210 0 97 0 0 0 0 0 0 0 0 0 
scan 210 0 98 0 0 0 0 0 0 0 0 0 
scan 210 0 99 0 0 0 0 0 0 0 0 0 
scan 210 0 100 0 0 0 0 0 0 0 0 0 
scan 210 0 101 0 0 0 0 0 0 0 0 0 
scan 210 0 102 0 0 0 0 0 0 0 0 0 
scan 210 0 103 0.000127128 0.000180043 0.000127128 0 3.59571e-06 6.35638e-06 2.54255e-06 0.000127128 5.74057e-06 
scan 210 0 104 0 0 0 0 0 0 0 0 0 
scan 210 0 120 0 0 0 0 0 0 0 0 0 
scan 210 0 121 0 0 0 0 0 0 0 0 0 
scan 210 0 122 0 0 0 0 0 0 0 0 0 
scan 210 0 123 0 0 0 0 0 0 0 0 0 
scan 210 0 124 0 0 0 0 0 0 0 0 0 
scan 210 0 125 0 0 0 0 0 0 0 0 0 
scan 210 0 126 0 0 0 0 0 0 0 0 0 
scan 210 0 127 0 0 0 0 0 0 0 0 0 
scan 210 0 128 0 0 0 0 0 0 0 0 0 
scan 210 0 129 0 0 0 0 0 0 0 0 0 
scan 210 0 130 0 0 0 0 0 0 0 0 0 
scan 210 0 131 0 0 0 0 0 0 0 0 0 
scan 210 0 132 0 0 0 0 0 0 0 0 0 
scan 210 0 133 0 0 0 0 0 0 0 0 0 
scan 210 0 134 0 0 0 0 0 0 0 0 0 
scan 210 0 135 0.000263551 0.000194465 0.000186359 5.27103e-06 5.27103e-06 1.05421e-05 6.45701e-07 5.27103e-05 1.19009e-05 
scan 210 0 136 0.000135289 0.000138241 0.000135289 2.70579e-06 2.70579e-06 4.05868e-06 3.31459e-07 2.70579e-05 6.62836e-06 
scan 210 0 137 0 0 0 0 0 0 0 0 0 
scan 210 0 138 0 0 0 0 0 0 0 0 0 
scan 210 0 139 0 0 0 0 0 0 0 0 0 
scan 210 0 140 0 0 0 0 0 0 0 0 0 
scan 210 0 141 0 0 0 0 0 0 0 0 0 
scan 210 0 142 0.000131776 0.000137814 0.000131776 2.63551e-06 2.63551e-06 3.95327e-06 3.2285e-07 3.95327e-05 5.95046e-06 
scan 210 0 143 0 0 0 0 0 0 0 0 0 
scan 210 0 144 0 0 0 0 0 0 0 0 0 
scan 210 0 145 0 0 0 0 0 0 0 0 0 
scan 210 0 146 0.000131776 0.000186533 0.000131776 2.63551e-06 2.63551e-06 3.95327e-06 3.2285e-07 0.000131776 5.95046e-06 
scan 210 0 147 0 0 0 0 0 0 0 0 0 
scan 210 0 148 0 0 0 0 0 0 0 0 0 
scan 210 0 149 0.000135289 0.000191524 0.000135289 2.70579e-06 2.70579e-06 4.05868e-06 3.31459e-07 0.000135289 6.62836e-06 
scan 210 0 165 0 0 0 0 0 0 0 0 0 
scan 210 0 166 0 0 0 0 0 0 0 0 0 
scan 210 0 167 0 0 0 0 0 0 0 0 0 
scan 210 0 168 0 0 0 0 0 0 0 0 0 
scan 210 0 169 0 0 0 0 0 0 0 0 0 
scan 210 0 170 0 0 0 0 0 0 0 0 0 
scan 210 0 171 0 0 0 0 0 0 0 0 0 
scan 210 0 172 0 0 0 0 0 0 0 0 0 
scan 210 0 173 0 0 0 0 0 0 0 0 0 
scan 210 0 174 0 0 0 0 0 0 0 0 0 
scan 210 0 175 0 0 0 0 0 0 0 0 0 
scan 210 0 176 0 0 0 0 0 0 0 0 0 
scan 210 0 177 0 0 0 0 0 0 0 0 0 
scan 210 0 178 0 0 0 0 0 0 0 0 0 
scan 210 0 179 0 0 0 0 0 0 0 0 0 
