# cards/mergeScans.py -> lines taken from file cards/ZW/l2j2_wz_200_60.txt
xsec 200 60 0.785232
scan 200 60 500 0.00624316 0 0 0.000156079 0.000156079 0 0 3.76605e-06 0
scan 200 60 501 0.00571997 0 0 0.000142999 0.000142999 0 0 9.38774e-06 0
scan 200 60 502 0.00368678 0 0 9.21696e-05 9.21696e-05 0 0 -1.67935e-06 0
scan 200 60 503 0.00288424 0 0 7.21059e-05 7.21059e-05 0 0 5.00628e-06 0
scan 200 60 504 0.00156787 0 0 3.91968e-05 3.91968e-05 0 0 1.83513e-05 0
# cards/mergeScans.py -> lines taken from file TChiWZ.kit/output/cn_200_60.txt
scan 200 60 0 0.000628055 0.000340476 0.000314028 1.32567e-05 2.08673e-05 0 2.95287e-07 0.000125611 3.03416e-05 
scan 200 60 1 0.000775683 0.000382692 0.00034694 2.35864e-05 1.07227e-05 0 4.44694e-06 0.000155137 3.64334e-05 
scan 200 60 2 0.000309616 0.000228293 0.000218964 9.42242e-06 4.45409e-06 0 2.28306e-06 6.19232e-05 1.49684e-05 
scan 200 60 3 0.000156218 0.000159566 0.000156218 0 5.41155e-06 0 3.12436e-07 3.12436e-05 7.1947e-06 
scan 200 60 4 0 0 0 0 0 0 0 0 0 
scan 200 60 5 0 0 0 0 0 0 0 0 0 
scan 200 60 6 0 0 0 0 0 0 0 0 0 
scan 200 60 7 0 0 0 0 0 0 0 0 0 
scan 200 60 8 0 0 0 0 0 0 0 0 0 
scan 200 60 9 0 0 0 0 0 0 0 0 0 
scan 200 60 10 0 0 0 0 0 0 0 0 0 
scan 200 60 11 0.000314321 0.000385416 0.000222259 8.89033e-06 6.28641e-06 0 1.41155e-09 0.000314321 1.51851e-05 
scan 200 60 12 0.000628016 0.00070321 0.00031401 1.07405e-05 2.14777e-05 0 3.14071e-07 0.000628016 3.03414e-05 
scan 200 60 13 0 0 0 0 0 0 0 0 0 
scan 200 60 14 0 0 0 0 0 0 0 0 0 
scan 200 60 15 0.0136009 0.00318173 0.00145821 0.000281917 0.000320309 0 2.97637e-05 0.00272017 0.000644029 
scan 200 60 16 0.0190268 0.00431019 0.00172267 0.000439804 0.000346679 0 6.40554e-05 0.00380537 0.000900884 
scan 200 60 17 0.00468392 0.00129656 0.000855196 0.000113948 9.99339e-05 0 1.2991e-05 0.000936784 0.000221343 
scan 200 60 18 0.00265255 0.000847567 0.000643359 6.78453e-05 5.04784e-05 0 8.35493e-06 0.00053051 0.000125685 
scan 200 60 19 0.00140738 0.000553299 0.000469137 3.24661e-05 3.95263e-05 0 2.07717e-06 0.000281476 6.48175e-05 
scan 200 60 20 0.000153458 0.000160467 0.000153458 5.31593e-06 0 0 1.65734e-06 4.60373e-05 7.06756e-06 
scan 200 60 21 0.00421066 0.00151952 0.000810381 9.88641e-05 7.27104e-05 0 1.5863e-05 0.0012632 0.000203056 
scan 200 60 22 0.00264731 0.00103164 0.000642095 6.45233e-05 4.21699e-05 0 9.9819e-06 0.000794192 0.00012334 
scan 200 60 23 0.00094071 0.000479782 0.000384051 2.43774e-05 1.80189e-05 0 1.42884e-06 0.000282213 4.61576e-05 
scan 200 60 24 0.000311432 0.000239896 0.000220222 1.07883e-05 0 0 1.11303e-06 9.34297e-05 1.43432e-05 
scan 200 60 25 0.00015521 0.000219709 0.00015521 5.37664e-06 0 0 1.11751e-06 0.00015521 7.84697e-06 
scan 200 60 26 0.00296157 0.00304318 0.000679469 7.24414e-05 5.51461e-05 0 1.11939e-05 0.00296157 0.000141301 
scan 200 60 27 0.00421156 0.00429508 0.000810545 8.59811e-05 8.13364e-05 0 1.33026e-05 0.00421156 0.0001982 
scan 200 60 28 0.00124824 0.00132597 0.000441343 3.69438e-05 1.70218e-05 0 4.43633e-06 0.00124824 6.03086e-05 
scan 200 60 29 0.00031369 0.000384615 0.000221812 8.87248e-06 6.27379e-06 0 6.68629e-10 0.00031369 1.44471e-05 
scan 200 60 30 0.000157226 0.000160629 0.000157226 0 5.44646e-06 0 1.25781e-07 3.14452e-05 7.94888e-06 
scan 200 60 31 0.000154022 0.000157367 0.000154022 6.3505e-06 0 0 1.3862e-06 3.08045e-05 7.09357e-06 
scan 200 60 32 0.000156845 0.000160207 0.000156845 3.1369e-06 4.43625e-06 0 1.28488e-10 3.1369e-05 7.22358e-06 
scan 200 60 33 0.000156595 0.000159951 0.000156595 0 5.42459e-06 0 1.25276e-07 3.13189e-05 7.21204e-06 
scan 200 60 34 0 0 0 0 0 0 0 0 0 
scan 200 60 35 0 0 0 0 0 0 0 0 0 
scan 200 60 36 0 0 0 0 0 0 0 0 0 
scan 200 60 37 0.000314071 0.000241942 0.000222082 3.13691e-06 9.88272e-06 0 1.25856e-07 9.42214e-05 1.51725e-05 
scan 200 60 38 0 0 0 0 0 0 0 0 0 
scan 200 60 39 0 0 0 0 0 0 0 0 0 
scan 200 60 40 0 0 0 0 0 0 0 0 0 
scan 200 60 41 0 0 0 0 0 0 0 0 0 
scan 200 60 42 0 0 0 0 0 0 0 0 0 
scan 200 60 43 0 0 0 0 0 0 0 0 0 
scan 200 60 44 0 0 0 0 0 0 0 0 0 
scan 200 60 45 0.00015662 0.000159976 0.00015662 3.13239e-06 4.42987e-06 0 1.12766e-07 3.13239e-05 7.21319e-06 
scan 200 60 46 0.000156845 0.000160206 0.000156845 4.43625e-06 3.1369e-06 0 2.25951e-10 3.1369e-05 7.22357e-06 
scan 200 60 47 0.000156687 0.000160045 0.000156687 4.43179e-06 3.13375e-06 0 7.89704e-08 3.13375e-05 7.21631e-06 
scan 200 60 48 0 0 0 0 0 0 0 0 0 
scan 200 60 49 0 0 0 0 0 0 0 0 0 
scan 200 60 50 0 0 0 0 0 0 0 0 0 
scan 200 60 51 0 0 0 0 0 0 0 0 0 
scan 200 60 52 0 0 0 0 0 0 0 0 0 
scan 200 60 53 0 0 0 0 0 0 0 0 0 
scan 200 60 54 0 0 0 0 0 0 0 0 0 
scan 200 60 55 0 0 0 0 0 0 0 0 0 
scan 200 60 56 0 0 0 0 0 0 0 0 0 
scan 200 60 57 0 0 0 0 0 0 0 0 0 
scan 200 60 58 0 0 0 0 0 0 0 0 0 
scan 200 60 59 0 0 0 0 0 0 0 0 0 
scan 200 60 75 0 0 0 0 0 0 0 0 0 
scan 200 60 76 0 0 0 0 0 0 0 0 0 
scan 200 60 77 0 0 0 0 0 0 0 0 0 
scan 200 60 78 0 0 0 0 0 0 0 0 0 
scan 200 60 79 0 0 0 0 0 0 0 0 0 
scan 200 60 80 0 0 0 0 0 0 0 0 0 
scan 200 60 81 0 0 0 0 0 0 0 0 0 
scan 200 60 82 0 0 0 0 0 0 0 0 0 
scan 200 60 83 0 0 0 0 0 0 0 0 0 
scan 200 60 84 0 0 0 0 0 0 0 0 0 
scan 200 60 85 0 0 0 0 0 0 0 0 0 
scan 200 60 86 0 0 0 0 0 0 0 0 0 
scan 200 60 87 0 0 0 0 0 0 0 0 0 
scan 200 60 88 0 0 0 0 0 0 0 0 0 
scan 200 60 89 0 0 0 0 0 0 0 0 0 
scan 200 60 90 0.000427176 0.000263185 0.000246834 7.82356e-06 4.25881e-06 1.28153e-05 1.96077e-05 8.54352e-05 2.02976e-05 
scan 200 60 91 0.000267175 0.000198151 0.000188922 8.82581e-06 2.66637e-06 8.01525e-06 2.00381e-05 5.3435e-05 1.29074e-05 
scan 200 60 92 0 0 0 0 0 0 0 0 0 
scan 200 60 93 0 0 0 0 0 0 0 0 0 
scan 200 60 94 0 0 0 0 0 0 0 0 0 
scan 200 60 95 0 0 0 0 0 0 0 0 0 
scan 200 60 96 0.000150572 0.000157506 0.000150572 0 4.25881e-06 4.51715e-06 3.01143e-06 4.51715e-05 6.93465e-06 
scan 200 60 97 0 0 0 0 0 0 0 0 0 
scan 200 60 98 0 0 0 0 0 0 0 0 0 
scan 200 60 99 0 0 0 0 0 0 0 0 0 
scan 200 60 100 0 0 0 0 0 0 0 0 0 
scan 200 60 101 0 0 0 0 0 0 0 0 0 
scan 200 60 102 0 0 0 0 0 0 0 0 0 
scan 200 60 103 0 0 0 0 0 0 0 0 0 
scan 200 60 104 0 0 0 0 0 0 0 0 0 
scan 200 60 120 0 0 0 0 0 0 0 0 0 
scan 200 60 121 0 0 0 0 0 0 0 0 0 
scan 200 60 122 0 0 0 0 0 0 0 0 0 
scan 200 60 123 0 0 0 0 0 0 0 0 0 
scan 200 60 124 0 0 0 0 0 0 0 0 0 
scan 200 60 125 0 0 0 0 0 0 0 0 0 
scan 200 60 126 0 0 0 0 0 0 0 0 0 
scan 200 60 127 0 0 0 0 0 0 0 0 0 
scan 200 60 128 0 0 0 0 0 0 0 0 0 
scan 200 60 129 0 0 0 0 0 0 0 0 0 
scan 200 60 130 0 0 0 0 0 0 0 0 0 
scan 200 60 131 0 0 0 0 0 0 0 0 0 
scan 200 60 132 0 0 0 0 0 0 0 0 0 
scan 200 60 133 0 0 0 0 0 0 0 0 0 
scan 200 60 134 0 0 0 0 0 0 0 0 0 
scan 200 60 135 0.000428049 0.000264893 0.000247753 8.56098e-06 1.27017e-05 2.14024e-05 1.86643e-05 8.56098e-05 2.04194e-05 
scan 200 60 136 0.000276048 0.000204526 0.000195195 5.52096e-06 9.66168e-06 1.10419e-05 1.65629e-05 5.52096e-05 1.27135e-05 
scan 200 60 137 0 0 0 0 0 0 0 0 0 
scan 200 60 138 0 0 0 0 0 0 0 0 0 
scan 200 60 139 0 0 0 0 0 0 0 0 0 
scan 200 60 140 0 0 0 0 0 0 0 0 0 
scan 200 60 141 0 0 0 0 0 0 0 0 0 
scan 200 60 142 0 0 0 0 0 0 0 0 0 
scan 200 60 143 0 0 0 0 0 0 0 0 0 
scan 200 60 144 0 0 0 0 0 0 0 0 0 
scan 200 60 145 0 0 0 0 0 0 0 0 0 
scan 200 60 146 0 0 0 0 0 0 0 0 0 
scan 200 60 147 0 0 0 0 0 0 0 0 0 
scan 200 60 148 0 0 0 0 0 0 0 0 0 
scan 200 60 149 0 0 0 0 0 0 0 0 0 
scan 200 60 165 0 0 0 0 0 0 0 0 0 
scan 200 60 166 0.00015647 0.000160018 0.00015647 3.1294e-06 3.1294e-06 7.8235e-06 5.00704e-07 3.1294e-05 7.91066e-06 
scan 200 60 167 0 0 0 0 0 0 0 0 0 
scan 200 60 168 0 0 0 0 0 0 0 0 0 
scan 200 60 169 0 0 0 0 0 0 0 0 0 
scan 200 60 170 0 0 0 0 0 0 0 0 0 
scan 200 60 171 0 0 0 0 0 0 0 0 0 
scan 200 60 172 0 0 0 0 0 0 0 0 0 
scan 200 60 173 0 0 0 0 0 0 0 0 0 
scan 200 60 174 0 0 0 0 0 0 0 0 0 
scan 200 60 175 0 0 0 0 0 0 0 0 0 
scan 200 60 176 0 0 0 0 0 0 0 0 0 
scan 200 60 177 0 0 0 0 0 0 0 0 0 
scan 200 60 178 0 0 0 0 0 0 0 0 0 
scan 200 60 179 0 0 0 0 0 0 0 0 0 
