# cards/mergeScans.py -> lines taken from file cards/ZW/l2j2_wz_290_60.txt
xsec 290 60 0.16968
scan 290 60 500 0.00135991 0 0 3.39978e-05 3.39978e-05 0 0 4.87713e-07 0
scan 290 60 501 0.00112765 0 0 2.81913e-05 2.81913e-05 0 0 -7.99364e-07 0
scan 290 60 502 0.001315 0 0 3.28749e-05 3.28749e-05 0 0 1.65149e-06 0
scan 290 60 503 0.00216276 0 0 5.40689e-05 5.40689e-05 0 0 -3.08946e-07 0
scan 290 60 504 0.0017714 0 0 4.4285e-05 4.4285e-05 0 0 1.25963e-06 0
# cards/mergeScans.py -> lines taken from file TChiWZ.kit/output/cn_290_60.txt
scan 290 60 0 6.74306e-05 4.14155e-05 3.89311e-05 1.53482e-06 2.29569e-06 0 1.90977e-10 1.34861e-05 3.18046e-06 
scan 290 60 1 8.67732e-05 4.70166e-05 4.34163e-05 1.80115e-06 2.39275e-06 0 3.21404e-07 1.73546e-05 3.91576e-06 
scan 290 60 2 0.000128082 5.8645e-05 5.23053e-05 2.98052e-06 2.6317e-06 0 2.89696e-07 2.56164e-05 5.59413e-06 
scan 290 60 3 4.36819e-05 3.22048e-05 3.09009e-05 4.49539e-07 1.37031e-06 0 1.69781e-08 8.73638e-06 1.97056e-06 
scan 290 60 4 0.000109289 5.39752e-05 4.89031e-05 2.75299e-06 3.40646e-06 0 3.04726e-07 2.18578e-05 4.97722e-06 
scan 290 60 5 0 0 0 0 0 0 0 0 0 
scan 290 60 6 2.20724e-05 2.30813e-05 2.20724e-05 7.64611e-07 0 0 1.98652e-07 6.62172e-06 1.04108e-06 
scan 290 60 7 4.32302e-05 3.32986e-05 3.0573e-05 1.36253e-06 4.24774e-07 0 2.37621e-07 1.29691e-05 1.94911e-06 
scan 290 60 8 2.2477e-05 2.35035e-05 2.2477e-05 4.49539e-07 6.35745e-07 0 1.07934e-11 6.74309e-06 1.06016e-06 
scan 290 60 9 0 0 0 0 0 0 0 0 0 
scan 290 60 10 0 0 0 0 0 0 0 0 0 
scan 290 60 11 2.08566e-05 2.95225e-05 2.08566e-05 8.59941e-07 0 0 1.8771e-07 2.08566e-05 8.95445e-07 
scan 290 60 12 6.37167e-05 7.36568e-05 3.67869e-05 1.45028e-06 1.62623e-06 0 6.03609e-11 6.37167e-05 2.73557e-06 
scan 290 60 13 0.000105583 0.000115798 4.72193e-05 2.90057e-06 1.62623e-06 0 3.01491e-07 0.000105583 4.53303e-06 
scan 290 60 14 4.20191e-05 5.15144e-05 2.97137e-05 1.32057e-06 4.24778e-07 0 2.24457e-07 4.20191e-05 1.80402e-06 
scan 290 60 15 0.00117859 0.000291282 0.000158978 2.75044e-05 2.36084e-05 0 2.76756e-06 0.000235718 5.18339e-05 
scan 290 60 16 0.00204141 0.000471932 0.000209519 4.74984e-05 4.10991e-05 0 5.38999e-06 0.000408282 9.02927e-05 
scan 290 60 17 0.00144481 0.000347589 0.000176583 3.19625e-05 3.13507e-05 0 3.27089e-06 0.000288962 6.42089e-05 
scan 290 60 18 0.00118425 0.000292718 0.000159742 2.68578e-05 2.37346e-05 0 3.63414e-06 0.00023685 5.26357e-05 
scan 290 60 19 0.00102412 0.000258628 0.000147866 2.64426e-05 1.87889e-05 0 3.18244e-06 0.000204824 4.48213e-05 
scan 290 60 20 6.36827e-05 4.15746e-05 3.67673e-05 1.0255e-06 1.76007e-06 0 1.70079e-08 1.91048e-05 2.73411e-06 
scan 290 60 21 0.000646571 0.000229725 0.0001181 1.56201e-05 1.10983e-05 0 2.06974e-06 0.000193971 2.88008e-05 
scan 290 60 22 0.000706817 0.000247988 0.000123086 1.65582e-05 1.14308e-05 0 2.55938e-06 0.000212045 3.11961e-05 
scan 290 60 23 0.00034438 0.000135745 8.61236e-05 6.98747e-06 7.31101e-06 0 8.03513e-07 0.000103314 1.52577e-05 
scan 290 60 24 0.000341652 0.000134629 8.54352e-05 6.66992e-06 7.18666e-06 0 9.28952e-07 0.000102495 1.49517e-05 
scan 290 60 25 4.24776e-05 5.2081e-05 3.00362e-05 1.3665e-06 8.49552e-07 0 1.42992e-10 4.24776e-05 1.8237e-06 
scan 290 60 26 0.000469696 0.000480896 0.000100166 9.68101e-06 9.81096e-06 0 1.23436e-06 0.000469696 2.05435e-05 
scan 290 60 27 0.00122934 0.00124184 0.00016289 2.76029e-05 2.49385e-05 0 2.36273e-06 0.00122934 5.45789e-05 
scan 290 60 28 0.00160768 0.00162064 0.0001857 3.62347e-05 3.17908e-05 0 4.3141e-06 0.00160768 7.08197e-05 
scan 290 60 29 0.00143794 0.00145065 0.000175736 2.63426e-05 3.35899e-05 0 3.0129e-06 0.00143794 6.33493e-05 
scan 290 60 30 2.09331e-05 2.13794e-05 2.09331e-05 7.25144e-07 0 0 1.50718e-07 4.18662e-06 8.98728e-07 
scan 290 60 31 2.1205e-05 2.16565e-05 2.1205e-05 0 7.34561e-07 0 1.6964e-08 4.24099e-06 9.10399e-07 
scan 290 60 32 6.71072e-05 4.11824e-05 3.87453e-05 1.8527e-06 1.08528e-06 0 1.59547e-07 1.34214e-05 3.16521e-06 
scan 290 60 33 0 0 0 0 0 0 0 0 0 
scan 290 60 34 2.12318e-05 2.16839e-05 2.12318e-05 4.24636e-07 6.00526e-07 0 3.56694e-09 4.24636e-06 9.11552e-07 
scan 290 60 35 2.07802e-05 2.17266e-05 2.07802e-05 7.19846e-07 0 0 2.24426e-07 6.23405e-06 8.92162e-07 
scan 290 60 36 0 0 0 0 0 0 0 0 0 
scan 290 60 37 4.33922e-05 3.34209e-05 3.06898e-05 1.19219e-06 6.00727e-07 0 1.59517e-07 1.30177e-05 1.95675e-06 
scan 290 60 38 4.20191e-05 3.2358e-05 2.97137e-05 1.32057e-06 4.24778e-07 0 2.24457e-07 1.26057e-05 1.80402e-06 
scan 290 60 39 2.2441e-05 2.34659e-05 2.2441e-05 0 7.7738e-07 0 1.79528e-08 6.73231e-06 1.05846e-06 
scan 290 60 40 0 0 0 0 0 0 0 0 0 
scan 290 60 41 0 0 0 0 0 0 0 0 0 
scan 290 60 42 6.6067e-05 7.64013e-05 3.81559e-05 4.24778e-07 2.66415e-06 0 6.27444e-08 6.6067e-05 3.02624e-06 
scan 290 60 43 6.49546e-05 7.51132e-05 3.75152e-05 1.47504e-06 2.23592e-06 0 1.20094e-10 6.49546e-05 2.88386e-06 
scan 290 60 44 6.37048e-05 7.36558e-05 3.67918e-05 2.2068e-06 0 0 6.12652e-07 6.37048e-05 2.82815e-06 
scan 290 60 45 4.49535e-05 3.31375e-05 3.17869e-05 1.08527e-06 1.08527e-06 0 2.58597e-10 8.99069e-06 2.12029e-06 
scan 290 60 46 4.24588e-05 3.13029e-05 3.00229e-05 1.27376e-06 1.20092e-06 0 9.5532e-09 8.49175e-06 1.8229e-06 
scan 290 60 47 0 0 0 0 0 0 0 0 0 
scan 290 60 48 0 0 0 0 0 0 0 0 0 
scan 290 60 49 0 0 0 0 0 0 0 0 0 
scan 290 60 50 0 0 0 0 0 0 0 0 0 
scan 290 60 51 0 0 0 0 0 0 0 0 0 
scan 290 60 52 0 0 0 0 0 0 0 0 0 
scan 290 60 53 2.12389e-05 2.2205e-05 2.12389e-05 4.24778e-07 6.00727e-07 0 1.73989e-11 6.37167e-06 9.11857e-07 
scan 290 60 54 0 0 0 0 0 0 0 0 0 
scan 290 60 55 0 0 0 0 0 0 0 0 0 
scan 290 60 56 0 0 0 0 0 0 0 0 0 
scan 290 60 57 0 0 0 0 0 0 0 0 0 
scan 290 60 58 2.12387e-05 3.00589e-05 2.12387e-05 6.00722e-07 4.24774e-07 0 1.12395e-10 2.12387e-05 9.11849e-07 
scan 290 60 59 0 0 0 0 0 0 0 0 0 
scan 290 60 75 0 0 0 0 0 0 0 0 0 
scan 290 60 76 0 0 0 0 0 0 0 0 0 
scan 290 60 77 0 0 0 0 0 0 0 0 0 
scan 290 60 78 0 0 0 0 0 0 0 0 0 
scan 290 60 79 0 0 0 0 0 0 0 0 0 
scan 290 60 80 0 0 0 0 0 0 0 0 0 
scan 290 60 81 0 0 0 0 0 0 0 0 0 
scan 290 60 82 0 0 0 0 0 0 0 0 0 
scan 290 60 83 0 0 0 0 0 0 0 0 0 
scan 290 60 84 0 0 0 0 0 0 0 0 0 
scan 290 60 85 0 0 0 0 0 0 0 0 0 
scan 290 60 86 0 0 0 0 0 0 0 0 0 
scan 290 60 87 2.2477e-05 3.18144e-05 2.2477e-05 4.49539e-07 6.35745e-07 0 1.40976e-11 2.2477e-05 1.06016e-06 
scan 290 60 88 0 0 0 0 0 0 0 0 0 
scan 290 60 89 0 0 0 0 0 0 0 0 0 
scan 290 60 90 5.55419e-05 3.44049e-05 3.22288e-05 1.39588e-06 4.22697e-07 1.66626e-06 3.31833e-06 1.11084e-05 2.3846e-06 
scan 290 60 91 9.43835e-05 4.7263e-05 4.2365e-05 2.03569e-06 1.5993e-06 3.94779e-06 6.4696e-06 1.88767e-05 4.30339e-06 
scan 290 60 92 0 0 0 0 0 0 0 0 0 
scan 290 60 93 0 0 0 0 0 0 0 0 0 
scan 290 60 94 0 0 0 0 0 0 0 0 0 
scan 290 60 95 2.02293e-05 2.12024e-05 2.02293e-05 0 1.08938e-06 6.06879e-07 1.01146e-06 6.06879e-06 9.54143e-07 
scan 290 60 96 0 0 0 0 0 0 0 0 0 
scan 290 60 97 1.97798e-05 2.07218e-05 1.97798e-05 5.59456e-07 0 5.93393e-07 1.18679e-06 5.93393e-06 9.3294e-07 
scan 290 60 98 0 0 0 0 0 0 0 0 0 
scan 290 60 99 0 0 0 0 0 0 0 0 0 
scan 290 60 100 0 0 0 0 0 0 0 0 0 
scan 290 60 101 1.86903e-05 2.64897e-05 1.86903e-05 5.28641e-07 0 9.34513e-07 1.12142e-06 1.86903e-05 8.02435e-07 
scan 290 60 102 7.59589e-05 8.52505e-05 3.81121e-05 1.8238e-06 7.83759e-07 3.43688e-06 4.29166e-06 7.59589e-05 3.3449e-06 
scan 290 60 103 1.86903e-05 2.64792e-05 1.86903e-05 5.28641e-07 0 5.60708e-07 1.12142e-06 1.86903e-05 8.02435e-07 
scan 290 60 104 3.847e-05 4.72373e-05 2.72133e-05 1.0881e-06 0 1.1541e-06 2.3082e-06 3.847e-05 1.73537e-06 
scan 290 60 120 0 0 0 0 0 0 0 0 0 
scan 290 60 121 2.03894e-05 2.08326e-05 2.03894e-05 0 5.76699e-07 6.11681e-07 4.07788e-07 4.07788e-06 8.75384e-07 
scan 290 60 122 0 0 0 0 0 0 0 0 0 
scan 290 60 123 0 0 0 0 0 0 0 0 0 
scan 290 60 124 0 0 0 0 0 0 0 0 0 
scan 290 60 125 0 0 0 0 0 0 0 0 0 
scan 290 60 126 0 0 0 0 0 0 0 0 0 
scan 290 60 127 2.1103e-05 2.20842e-05 2.1103e-05 4.2206e-07 4.2206e-07 1.05515e-06 6.75296e-08 6.3309e-06 9.06023e-07 
scan 290 60 128 0 0 0 0 0 0 0 0 0 
scan 290 60 129 0 0 0 0 0 0 0 0 0 
scan 290 60 130 0 0 0 0 0 0 0 0 0 
scan 290 60 131 0 0 0 0 0 0 0 0 0 
scan 290 60 132 2.15779e-05 3.05609e-05 2.15779e-05 0 6.10316e-07 1.0789e-06 4.31558e-07 2.15779e-05 1.01775e-06 
scan 290 60 133 0 0 0 0 0 0 0 0 0 
scan 290 60 134 0 0 0 0 0 0 0 0 0 
scan 290 60 135 0 0 0 0 0 0 0 0 0 
scan 290 60 136 6.58349e-05 4.04667e-05 3.80227e-05 1.3167e-06 1.3167e-06 2.42171e-06 1.78045e-07 1.3167e-05 3.01573e-06 
scan 290 60 137 2.11349e-05 2.15902e-05 2.11349e-05 4.22697e-07 4.22697e-07 6.34046e-07 5.17804e-08 4.22697e-06 9.0739e-07 
scan 290 60 138 0 0 0 0 0 0 0 0 0 
scan 290 60 139 0 0 0 0 0 0 0 0 0 
scan 290 60 140 0 0 0 0 0 0 0 0 0 
scan 290 60 141 1.91054e-05 2.00339e-05 1.91054e-05 3.82109e-07 3.82109e-07 5.73163e-07 1.43291e-06 5.73163e-06 9.01135e-07 
scan 290 60 142 0 0 0 0 0 0 0 0 0 
scan 290 60 143 0 0 0 0 0 0 0 0 0 
scan 290 60 144 0 0 0 0 0 0 0 0 0 
scan 290 60 145 0 0 0 0 0 0 0 0 0 
scan 290 60 146 0 0 0 0 0 0 0 0 0 
scan 290 60 147 1.86903e-05 2.6493e-05 1.86903e-05 3.73805e-07 9.34513e-07 5.60708e-07 1.12142e-06 1.86903e-05 8.02435e-07 
scan 290 60 148 0 0 0 0 0 0 0 0 0 
scan 290 60 149 0 0 0 0 0 0 0 0 0 
scan 290 60 165 0 0 0 0 0 0 0 0 0 
scan 290 60 166 0 0 0 0 0 0 0 0 0 
scan 290 60 167 0 0 0 0 0 0 0 0 0 
scan 290 60 168 0 0 0 0 0 0 0 0 0 
scan 290 60 169 0 0 0 0 0 0 0 0 0 
scan 290 60 170 0 0 0 0 0 0 0 0 0 
scan 290 60 171 0 0 0 0 0 0 0 0 0 
scan 290 60 172 0 0 0 0 0 0 0 0 0 
scan 290 60 173 0 0 0 0 0 0 0 0 0 
scan 290 60 174 0 0 0 0 0 0 0 0 0 
scan 290 60 175 0 0 0 0 0 0 0 0 0 
scan 290 60 176 0 0 0 0 0 0 0 0 0 
scan 290 60 177 0 0 0 0 0 0 0 0 0 
scan 290 60 178 0 0 0 0 0 0 0 0 0 
scan 290 60 179 0 0 0 0 0 0 0 0 0 
