# cards/mergeScans.py -> lines taken from file cards/ZW/l2j2_wz_240_50.txt
xsec 240 50 0.378215
scan 240 50 500 0.00210571 0 0 5.26426e-05 5.26426e-05 0 0 -7.64138e-07 0
scan 240 50 501 0.00281135 0 0 7.02836e-05 7.02836e-05 0 0 1.73448e-06 0
scan 240 50 502 0.00310994 0 0 7.77485e-05 7.77485e-05 0 0 3.73304e-06 0
scan 240 50 503 0.00412226 0 0 0.000103057 0.000103057 0 0 1.65701e-06 0
scan 240 50 504 0.00132663 0 0 3.31657e-05 3.31657e-05 0 0 2.67763e-06 0
# cards/mergeScans.py -> lines taken from file TChiWZ.kit/output/cn_240_50.txt
scan 240 50 0 0.000223338 0.000137041 0.000128947 7.36364e-06 2.98506e-06 0 1.06694e-06 4.46677e-05 9.65988e-06 
scan 240 50 1 0.000247955 0.000152236 0.00014316 7.60672e-06 5.64711e-06 0 5.89997e-07 4.9591e-05 1.14727e-05 
scan 240 50 2 0.000148982 0.000109785 0.000105351 4.68308e-06 1.50335e-06 0 6.64474e-07 2.97965e-05 6.44382e-06 
scan 240 50 3 7.35442e-05 7.51155e-05 7.35442e-05 2.54764e-06 0 0 7.94277e-07 1.47088e-05 3.18095e-06 
scan 240 50 4 0 0 0 0 0 0 0 0 0 
scan 240 50 5 0 0 0 0 0 0 0 0 0 
scan 240 50 6 0 0 0 0 0 0 0 0 0 
scan 240 50 7 7.51677e-05 7.85879e-05 7.51677e-05 1.50335e-06 2.12606e-06 0 3.60955e-11 2.25503e-05 3.25117e-06 
scan 240 50 8 0 0 0 0 0 0 0 0 0 
scan 240 50 9 0 0 0 0 0 0 0 0 0 
scan 240 50 10 0 0 0 0 0 0 0 0 0 
scan 240 50 11 7.35442e-05 0.00010409 7.35442e-05 2.54764e-06 0 0 7.94277e-07 7.35442e-05 3.18095e-06 
scan 240 50 12 0.000158217 0.000194063 0.000112015 4.47506e-06 3.16434e-06 0 6.39195e-10 0.000158217 7.09382e-06 
scan 240 50 13 0.000150215 0.000184148 0.000106218 2.12606e-06 4.10307e-06 0 6.01463e-08 0.000150215 6.49714e-06 
scan 240 50 14 7.50475e-05 0.000106215 7.50475e-05 0 2.59972e-06 0 6.0038e-08 7.50475e-05 3.24597e-06 
scan 240 50 15 0.00386153 0.000968535 0.000546678 8.5851e-05 7.75128e-05 0 1.12865e-05 0.000772307 0.000170994 
scan 240 50 16 0.00572468 0.00136054 0.000666246 0.00012048 0.000131581 0 1.32271e-05 0.00114494 0.00025359 
scan 240 50 17 0.00309568 0.000807055 0.000490064 7.10229e-05 6.17844e-05 0 1.05033e-05 0.000619137 0.00013738 
scan 240 50 18 0.00182693 0.000531417 0.000373218 4.56419e-05 3.18681e-05 0 8.09458e-06 0.000365386 8.02541e-05 
scan 240 50 19 0.00193156 0.000556713 0.000386775 5.02959e-05 3.49668e-05 0 5.26214e-06 0.000386312 8.55407e-05 
scan 240 50 20 0 0 0 0 0 0 0 0 0 
scan 240 50 21 0.00223812 0.000798696 0.000416035 4.49859e-05 4.61992e-05 0 6.2293e-06 0.000671435 9.90384e-05 
scan 240 50 22 0.00199738 0.000724012 0.000392162 4.67017e-05 3.68969e-05 0 5.97057e-06 0.000599213 8.81387e-05 
scan 240 50 23 0.000225383 0.000147144 0.000130125 3.62942e-06 6.22914e-06 0 6.01463e-08 6.76149e-05 9.74832e-06 
scan 240 50 24 0.000777801 0.000341744 0.000246243 1.81996e-05 1.29539e-05 0 2.66056e-06 0.00023334 3.46345e-05 
scan 240 50 25 7.51676e-05 0.000106385 7.51676e-05 2.12606e-06 1.50335e-06 0 1.08286e-10 7.51676e-05 3.25117e-06 
scan 240 50 26 0.000614557 0.000652705 0.00021751 1.1511e-05 1.28545e-05 0 1.25989e-06 0.000614557 2.70813e-05 
scan 240 50 27 0.00340346 0.00344679 0.000513707 7.7669e-05 6.31651e-05 0 1.08778e-05 0.00340346 0.000150943 
scan 240 50 28 0.00241175 0.0024538 0.000433641 5.12947e-05 4.86382e-05 0 6.42107e-06 0.00241175 0.000107295 
scan 240 50 29 0.00113758 0.00117641 0.0002939 2.07465e-05 2.38955e-05 0 2.81128e-06 0.00113758 4.97002e-05 
scan 240 50 30 0.000150335 0.000110784 0.000106303 3.62941e-06 3.62942e-06 0 1.44382e-10 3.00671e-05 6.50234e-06 
scan 240 50 31 7.38148e-05 7.54086e-05 7.38148e-05 3.04346e-06 0 0 6.64333e-07 1.4763e-05 3.19265e-06 
scan 240 50 32 7.50475e-05 7.66467e-05 7.50475e-05 0 2.59972e-06 0 6.0038e-08 1.50095e-05 3.24597e-06 
scan 240 50 33 0.000232977 0.000143181 0.000134671 4.60081e-06 8.0848e-06 0 2.03897e-07 4.65954e-05 1.03274e-05 
scan 240 50 34 0 0 0 0 0 0 0 0 0 
scan 240 50 35 0 0 0 0 0 0 0 0 0 
scan 240 50 36 0 0 0 0 0 0 0 0 0 
scan 240 50 37 0 0 0 0 0 0 0 0 0 
scan 240 50 38 7.51677e-05 7.85879e-05 7.51677e-05 1.50335e-06 2.12606e-06 0 3.60955e-11 2.25503e-05 3.25117e-06 
scan 240 50 39 0 0 0 0 0 0 0 0 0 
scan 240 50 40 0 0 0 0 0 0 0 0 0 
scan 240 50 41 0 0 0 0 0 0 0 0 0 
scan 240 50 42 0 0 0 0 0 0 0 0 0 
scan 240 50 43 0 0 0 0 0 0 0 0 0 
scan 240 50 44 0 0 0 0 0 0 0 0 0 
scan 240 50 45 7.51677e-05 7.67694e-05 7.51677e-05 1.50335e-06 2.12606e-06 0 3.60955e-11 1.50335e-05 3.25117e-06 
scan 240 50 46 7.51677e-05 7.67694e-05 7.51677e-05 1.50335e-06 2.12606e-06 0 4.71452e-11 1.50335e-05 3.25117e-06 
scan 240 50 47 0 0 0 0 0 0 0 0 0 
scan 240 50 48 0 0 0 0 0 0 0 0 0 
scan 240 50 49 0 0 0 0 0 0 0 0 0 
scan 240 50 50 0 0 0 0 0 0 0 0 0 
scan 240 50 51 0 0 0 0 0 0 0 0 0 
scan 240 50 52 0 0 0 0 0 0 0 0 0 
scan 240 50 53 0 0 0 0 0 0 0 0 0 
scan 240 50 54 0 0 0 0 0 0 0 0 0 
scan 240 50 55 0 0 0 0 0 0 0 0 0 
scan 240 50 56 0 0 0 0 0 0 0 0 0 
scan 240 50 57 7.51666e-05 0.000106383 7.51666e-05 1.50333e-06 2.12603e-06 0 5.95319e-10 7.51666e-05 3.25112e-06 
scan 240 50 58 0 0 0 0 0 0 0 0 0 
scan 240 50 59 0 0 0 0 0 0 0 0 0 
scan 240 50 75 0 0 0 0 0 0 0 0 0 
scan 240 50 76 0 0 0 0 0 0 0 0 0 
scan 240 50 77 0 0 0 0 0 0 0 0 0 
scan 240 50 78 0 0 0 0 0 0 0 0 0 
scan 240 50 79 0 0 0 0 0 0 0 0 0 
scan 240 50 80 0 0 0 0 0 0 0 0 0 
scan 240 50 81 0 0 0 0 0 0 0 0 0 
scan 240 50 82 0 0 0 0 0 0 0 0 0 
scan 240 50 83 0 0 0 0 0 0 0 0 0 
scan 240 50 84 0 0 0 0 0 0 0 0 0 
scan 240 50 85 0 0 0 0 0 0 0 0 0 
scan 240 50 86 0 0 0 0 0 0 0 0 0 
scan 240 50 87 0 0 0 0 0 0 0 0 0 
scan 240 50 88 8.30506e-05 0.000117549 8.30506e-05 1.66101e-06 2.34903e-06 0 6.80351e-11 8.30506e-05 3.8427e-06 
scan 240 50 89 0 0 0 0 0 0 0 0 0 
scan 240 50 90 6.61477e-05 6.78093e-05 6.61477e-05 1.32295e-06 3.30738e-06 3.30738e-06 3.96886e-06 1.32295e-05 2.86103e-06 
scan 240 50 91 0 0 0 0 0 0 0 0 0 
scan 240 50 92 0 0 0 0 0 0 0 0 0 
scan 240 50 93 0 0 0 0 0 0 0 0 0 
scan 240 50 94 0 0 0 0 0 0 0 0 0 
scan 240 50 95 7.47457e-05 7.83954e-05 7.47457e-05 0 4.02518e-06 3.73728e-06 3.73728e-06 2.24237e-05 3.45843e-06 
scan 240 50 96 7.21611e-05 7.55306e-05 7.21611e-05 0 2.04102e-06 3.60805e-06 1.44322e-06 2.16483e-05 3.12113e-06 
scan 240 50 97 0 0 0 0 0 0 0 0 0 
scan 240 50 98 0 0 0 0 0 0 0 0 0 
scan 240 50 99 0 0 0 0 0 0 0 0 0 
scan 240 50 100 0 0 0 0 0 0 0 0 0 
scan 240 50 101 0.00013004 0.000159704 9.19662e-05 3.67809e-06 0 3.90121e-06 8.76081e-06 0.00013004 5.62453e-06 
scan 240 50 102 0 0 0 0 0 0 0 0 0 
scan 240 50 103 0 0 0 0 0 0 0 0 0 
scan 240 50 104 0 0 0 0 0 0 0 0 0 
scan 240 50 120 0 0 0 0 0 0 0 0 0 
scan 240 50 121 0 0 0 0 0 0 0 0 0 
scan 240 50 122 0 0 0 0 0 0 0 0 0 
scan 240 50 123 0 0 0 0 0 0 0 0 0 
scan 240 50 124 0 0 0 0 0 0 0 0 0 
scan 240 50 125 0 0 0 0 0 0 0 0 0 
scan 240 50 126 0 0 0 0 0 0 0 0 0 
scan 240 50 127 0 0 0 0 0 0 0 0 0 
scan 240 50 128 0 0 0 0 0 0 0 0 0 
scan 240 50 129 0 0 0 0 0 0 0 0 0 
scan 240 50 130 0 0 0 0 0 0 0 0 0 
scan 240 50 131 0 0 0 0 0 0 0 0 0 
scan 240 50 132 0 0 0 0 0 0 0 0 0 
scan 240 50 133 0 0 0 0 0 0 0 0 0 
scan 240 50 134 0 0 0 0 0 0 0 0 0 
scan 240 50 135 7.47995e-05 7.64118e-05 7.47995e-05 1.49599e-06 1.49599e-06 2.24398e-06 1.83259e-07 1.49599e-05 3.23525e-06 
scan 240 50 136 0 0 0 0 0 0 0 0 0 
scan 240 50 137 0 0 0 0 0 0 0 0 0 
scan 240 50 138 0 0 0 0 0 0 0 0 0 
scan 240 50 139 0 0 0 0 0 0 0 0 0 
scan 240 50 140 0 0 0 0 0 0 0 0 0 
scan 240 50 141 0 0 0 0 0 0 0 0 0 
scan 240 50 142 0 0 0 0 0 0 0 0 0 
scan 240 50 143 0 0 0 0 0 0 0 0 0 
scan 240 50 144 0 0 0 0 0 0 0 0 0 
scan 240 50 145 8.26438e-05 0.000116988 8.26438e-05 1.65288e-06 1.65288e-06 2.47931e-06 2.02477e-07 8.26438e-05 3.82387e-06 
scan 240 50 146 0 0 0 0 0 0 0 0 0 
scan 240 50 147 0 0 0 0 0 0 0 0 0 
scan 240 50 148 6.61477e-05 9.37635e-05 6.61477e-05 1.98443e-06 1.32295e-06 3.30738e-06 3.96886e-06 6.61477e-05 2.86103e-06 
scan 240 50 149 0 0 0 0 0 0 0 0 0 
scan 240 50 165 0 0 0 0 0 0 0 0 0 
scan 240 50 166 0 0 0 0 0 0 0 0 0 
scan 240 50 167 0 0 0 0 0 0 0 0 0 
scan 240 50 168 0 0 0 0 0 0 0 0 0 
scan 240 50 169 0 0 0 0 0 0 0 0 0 
scan 240 50 170 0 0 0 0 0 0 0 0 0 
scan 240 50 171 8.26438e-05 8.6498e-05 8.26438e-05 1.65288e-06 1.65288e-06 4.13219e-06 2.02477e-07 2.47931e-05 3.82387e-06 
scan 240 50 172 0 0 0 0 0 0 0 0 0 
scan 240 50 173 0 0 0 0 0 0 0 0 0 
scan 240 50 174 0 0 0 0 0 0 0 0 0 
scan 240 50 175 0 0 0 0 0 0 0 0 0 
scan 240 50 176 0 0 0 0 0 0 0 0 0 
scan 240 50 177 0 0 0 0 0 0 0 0 0 
scan 240 50 178 0 0 0 0 0 0 0 0 0 
scan 240 50 179 0 0 0 0 0 0 0 0 0 
