# cards/mergeScans.py -> lines taken from file cards/ZW/l2j2_wz_320_60.txt
xsec 320 60 0.109938
scan 320 60 500 0.00048323 0 0 1.20807e-05 1.20807e-05 0 0 3.08593e-07 0
scan 320 60 501 0.000504036 0 0 1.26009e-05 1.26009e-05 0 0 -3.80117e-07 0
scan 320 60 502 0.000828853 0 0 2.07213e-05 2.07213e-05 0 0 -6.13935e-08 0
scan 320 60 503 0.00198718 0 0 4.96795e-05 4.96795e-05 0 0 1.13697e-06 0
scan 320 60 504 0.00242846 0 0 6.07115e-05 6.07115e-05 0 0 8.6289e-07 0
# cards/mergeScans.py -> lines taken from file TChiWZ.kit/output/cn_320_60.txt
scan 320 60 0 1.57563e-05 1.60909e-05 1.57563e-05 4.45656e-07 3.15127e-07 0 2.26986e-11 3.15127e-06 6.52482e-07 
scan 320 60 1 6.27062e-05 3.3929e-05 3.13592e-05 1.51226e-06 8.74452e-07 0 3.69677e-07 1.25412e-05 2.70274e-06 
scan 320 60 2 1.57563e-05 1.60909e-05 1.57563e-05 4.45656e-07 3.15126e-07 0 2.96471e-11 3.15126e-06 6.52482e-07 
scan 320 60 3 1.57561e-05 1.61069e-05 1.57561e-05 3.15123e-07 8.48493e-07 0 1.24789e-10 3.15123e-06 6.52474e-07 
scan 320 60 4 1.57563e-05 1.60909e-05 1.57563e-05 4.45656e-07 3.15127e-07 0 2.26986e-11 3.15127e-06 6.52482e-07 
scan 320 60 5 0 0 0 0 0 0 0 0 0 
scan 320 60 6 3.1923e-05 2.45869e-05 2.25753e-05 3.23837e-07 1.00292e-06 0 1.25927e-08 9.57691e-06 1.42815e-06 
scan 320 60 7 0 0 0 0 0 0 0 0 0 
scan 320 60 8 0 0 0 0 0 0 0 0 0 
scan 320 60 9 0 0 0 0 0 0 0 0 0 
scan 320 60 10 0 0 0 0 0 0 0 0 0 
scan 320 60 11 0 0 0 0 0 0 0 0 0 
scan 320 60 12 7.89643e-05 8.66013e-05 3.53169e-05 1.61386e-06 1.76644e-06 0 1.24871e-07 7.89643e-05 3.376e-06 
scan 320 60 13 1.6166e-05 2.28821e-05 1.6166e-05 0 5.60005e-07 0 1.29328e-08 1.6166e-05 7.75469e-07 
scan 320 60 14 4.71746e-05 5.45413e-05 2.72363e-05 3.15127e-07 1.89175e-06 0 4.7104e-08 4.71746e-05 1.95354e-06 
scan 320 60 15 0.000439589 0.000123201 8.3085e-05 1.26773e-05 5.10127e-06 0 2.06437e-06 8.79178e-05 1.88373e-05 
scan 320 60 16 0.000867872 0.000214216 0.000117037 1.9496e-05 1.60974e-05 0 2.80102e-06 0.000173574 3.76272e-05 
scan 320 60 17 0.00118132 0.000280008 0.000136423 3.1298e-05 1.88946e-05 0 4.68505e-06 0.000236263 5.11311e-05 
scan 320 60 18 0.00072589 0.00018454 0.000107041 1.84909e-05 1.3902e-05 0 2.02407e-06 0.000145178 3.13297e-05 
scan 320 60 19 0.000771478 0.000193813 0.00011022 1.54505e-05 1.65643e-05 0 2.42773e-06 0.000154296 3.30002e-05 
scan 320 60 20 4.72445e-05 3.08459e-05 2.72783e-05 1.40591e-06 4.45657e-07 0 2.26728e-07 1.41734e-05 2.0611e-06 
scan 320 60 21 0.000267866 0.000104236 6.49701e-05 5.39346e-06 5.17548e-06 0 6.41271e-07 8.03597e-05 1.14079e-05 
scan 320 60 22 0.000410988 0.000148889 8.06092e-05 9.98057e-06 6.63895e-06 0 1.27881e-06 0.000123296 1.79675e-05 
scan 320 60 23 0.000188768 7.92098e-05 5.44958e-05 4.53879e-06 3.72601e-06 0 3.66944e-07 5.66304e-05 7.92323e-06 
scan 320 60 24 0.000395891 0.000144251 7.91893e-05 7.65724e-06 8.44523e-06 0 9.53041e-07 0.000118767 1.73477e-05 
scan 320 60 25 3.15126e-05 3.86324e-05 2.22828e-05 8.91312e-07 6.30253e-07 0 5.23457e-11 3.15126e-05 1.30496e-06 
scan 320 60 26 0.000316011 0.000324236 7.06683e-05 5.7111e-06 7.52918e-06 0 4.24158e-07 0.000316011 1.35109e-05 
scan 320 60 27 0.000851463 0.000860466 0.000115878 2.00784e-05 1.52686e-05 0 2.47673e-06 0.000851463 3.66253e-05 
scan 320 60 28 0.00148205 0.00149194 0.000152879 3.4341e-05 2.70361e-05 0 4.88325e-06 0.00148205 6.40124e-05 
scan 320 60 29 0.00125997 0.00126951 0.000140884 2.77569e-05 2.4124e-05 0 3.90027e-06 0.00125997 5.39732e-05 
scan 320 60 30 1.55295e-05 1.58596e-05 1.55295e-05 5.37957e-07 0 0 1.11812e-07 3.1059e-06 6.43089e-07 
scan 320 60 31 0 0 0 0 0 0 0 0 0 
scan 320 60 32 4.76787e-05 2.92511e-05 2.75293e-05 6.30254e-07 1.45132e-06 0 1.29479e-08 9.53574e-06 2.08044e-06 
scan 320 60 33 3.23729e-05 2.3871e-05 2.28911e-05 8.09322e-07 9.15643e-07 0 5.43864e-09 6.47457e-06 1.5529e-06 
scan 320 60 34 0 0 0 0 0 0 0 0 0 
scan 320 60 35 0 0 0 0 0 0 0 0 0 
scan 320 60 36 0 0 0 0 0 0 0 0 0 
scan 320 60 37 0 0 0 0 0 0 0 0 0 
scan 320 60 38 3.13716e-05 2.41649e-05 2.21842e-05 1.08674e-06 0 0 2.82907e-07 9.41148e-06 1.40302e-06 
scan 320 60 39 0 0 0 0 0 0 0 0 0 
scan 320 60 40 0 0 0 0 0 0 0 0 0 
scan 320 60 41 1.56673e-05 2.21777e-05 1.56673e-05 5.4273e-07 0 0 2.5381e-07 1.56673e-05 7.51547e-07 
scan 320 60 42 1.5416e-05 2.18181e-05 1.5416e-05 5.34027e-07 0 0 1.66493e-07 1.5416e-05 6.38391e-07 
scan 320 60 43 0 0 0 0 0 0 0 0 0 
scan 320 60 44 6.26599e-05 7.01289e-05 3.13313e-05 1.29481e-06 1.30573e-06 0 1.79111e-07 6.26599e-05 2.5948e-06 
scan 320 60 45 1.57498e-05 1.60842e-05 1.57498e-05 3.14995e-07 4.4547e-07 0 3.30745e-09 3.14995e-06 6.5221e-07 
scan 320 60 46 3.15074e-05 2.32204e-05 2.22791e-05 7.8766e-07 8.91165e-07 0 2.65375e-09 6.30149e-06 1.30475e-06 
scan 320 60 47 0 0 0 0 0 0 0 0 0 
scan 320 60 48 0 0 0 0 0 0 0 0 0 
scan 320 60 49 0 0 0 0 0 0 0 0 0 
scan 320 60 50 1.61918e-05 1.69319e-05 1.61918e-05 4.57974e-07 3.23836e-07 0 2.33259e-11 4.85755e-06 7.7671e-07 
scan 320 60 51 0 0 0 0 0 0 0 0 0 
scan 320 60 52 0 0 0 0 0 0 0 0 0 
scan 320 60 53 0 0 0 0 0 0 0 0 0 
scan 320 60 54 0 0 0 0 0 0 0 0 0 
scan 320 60 55 0 0 0 0 0 0 0 0 0 
scan 320 60 56 0 0 0 0 0 0 0 0 0 
scan 320 60 57 1.57562e-05 2.23016e-05 1.57562e-05 5.68096e-07 3.15123e-07 0 1.08907e-10 1.57562e-05 6.52475e-07 
scan 320 60 58 0 0 0 0 0 0 0 0 0 
scan 320 60 59 1.61919e-05 2.29188e-05 1.61919e-05 3.23837e-07 4.57975e-07 0 7.77533e-12 1.61919e-05 7.76711e-07 
scan 320 60 75 0 0 0 0 0 0 0 0 0 
scan 320 60 76 0 0 0 0 0 0 0 0 0 
scan 320 60 77 0 0 0 0 0 0 0 0 0 
scan 320 60 78 0 0 0 0 0 0 0 0 0 
scan 320 60 79 0 0 0 0 0 0 0 0 0 
scan 320 60 80 0 0 0 0 0 0 0 0 0 
scan 320 60 81 0 0 0 0 0 0 0 0 0 
scan 320 60 82 0 0 0 0 0 0 0 0 0 
scan 320 60 83 0 0 0 0 0 0 0 0 0 
scan 320 60 84 0 0 0 0 0 0 0 0 0 
scan 320 60 85 0 0 0 0 0 0 0 0 0 
scan 320 60 86 0 0 0 0 0 0 0 0 0 
scan 320 60 87 0 0 0 0 0 0 0 0 0 
scan 320 60 88 0 0 0 0 0 0 0 0 0 
scan 320 60 89 0 0 0 0 0 0 0 0 0 
scan 320 60 90 4.41532e-05 2.723e-05 2.55177e-05 8.83065e-07 1.31053e-06 1.63771e-06 1.75996e-06 8.83065e-06 2.01532e-06 
scan 320 60 91 1.51261e-05 1.54539e-05 1.51261e-05 0 4.27831e-07 4.53784e-07 3.02522e-07 3.02522e-06 6.26385e-07 
scan 320 60 92 2.95448e-05 2.18497e-05 2.09306e-05 5.90896e-07 1.00686e-06 8.86343e-07 8.70351e-07 5.90896e-06 1.22347e-06 
scan 320 60 93 2.89917e-05 2.14125e-05 2.05196e-05 3.92179e-07 4.27831e-07 8.69752e-07 1.13446e-06 5.79835e-06 1.20057e-06 
scan 320 60 94 0 0 0 0 0 0 0 0 0 
scan 320 60 95 0 0 0 0 0 0 0 0 0 
scan 320 60 96 0 0 0 0 0 0 0 0 0 
scan 320 60 97 1.56555e-05 1.63705e-05 1.56555e-05 3.13111e-07 3.13111e-07 4.69666e-07 5.00977e-08 4.69666e-06 6.48308e-07 
scan 320 60 98 1.56792e-05 1.63952e-05 1.56792e-05 3.13583e-07 3.13583e-07 4.70375e-07 3.8414e-08 4.70375e-06 6.49287e-07 
scan 320 60 99 0 0 0 0 0 0 0 0 0 
scan 320 60 100 0 0 0 0 0 0 0 0 0 
scan 320 60 101 0 0 0 0 0 0 0 0 0 
scan 320 60 102 5.7276e-05 6.41939e-05 2.8681e-05 1.39904e-06 8.68208e-07 1.71828e-06 2.53422e-06 5.7276e-05 2.37185e-06 
scan 320 60 103 0 0 0 0 0 0 0 0 0 
scan 320 60 104 1.51261e-05 2.14205e-05 1.51261e-05 0 4.27831e-07 7.56306e-07 3.02522e-07 1.51261e-05 6.26385e-07 
scan 320 60 120 0 0 0 0 0 0 0 0 0 
scan 320 60 121 0 0 0 0 0 0 0 0 0 
scan 320 60 122 0 0 0 0 0 0 0 0 0 
scan 320 60 123 0 0 0 0 0 0 0 0 0 
scan 320 60 124 0 0 0 0 0 0 0 0 0 
scan 320 60 125 0 0 0 0 0 0 0 0 0 
scan 320 60 126 0 0 0 0 0 0 0 0 0 
scan 320 60 127 0 0 0 0 0 0 0 0 0 
scan 320 60 128 0 0 0 0 0 0 0 0 0 
scan 320 60 129 0 0 0 0 0 0 0 0 0 
scan 320 60 130 0 0 0 0 0 0 0 0 0 
scan 320 60 131 0 0 0 0 0 0 0 0 0 
scan 320 60 132 0 0 0 0 0 0 0 0 0 
scan 320 60 133 0 0 0 0 0 0 0 0 0 
scan 320 60 134 0 0 0 0 0 0 0 0 0 
scan 320 60 135 5.90659e-05 3.21301e-05 2.95879e-05 1.18132e-06 1.59729e-06 2.08556e-06 1.75239e-06 1.18132e-05 2.44597e-06 
scan 320 60 136 1.33929e-05 1.37174e-05 1.33929e-05 2.67858e-07 2.67858e-07 4.01788e-07 1.00447e-06 2.67858e-06 5.54612e-07 
scan 320 60 137 0 0 0 0 0 0 0 0 0 
scan 320 60 138 0 0 0 0 0 0 0 0 0 
scan 320 60 139 0 0 0 0 0 0 0 0 0 
scan 320 60 140 0 0 0 0 0 0 0 0 0 
scan 320 60 141 1.56792e-05 1.64072e-05 1.56792e-05 3.13583e-07 3.13583e-07 7.83959e-07 3.8414e-08 4.70375e-06 6.49287e-07 
scan 320 60 142 0 0 0 0 0 0 0 0 0 
scan 320 60 143 0 0 0 0 0 0 0 0 0 
scan 320 60 144 0 0 0 0 0 0 0 0 0 
scan 320 60 145 0 0 0 0 0 0 0 0 0 
scan 320 60 146 0 0 0 0 0 0 0 0 0 
scan 320 60 147 0 0 0 0 0 0 0 0 0 
scan 320 60 148 1.56792e-05 2.21927e-05 1.56792e-05 3.13583e-07 3.13583e-07 4.70375e-07 3.8414e-08 1.56792e-05 6.49287e-07 
scan 320 60 149 0 0 0 0 0 0 0 0 0 
scan 320 60 165 0 0 0 0 0 0 0 0 0 
scan 320 60 166 0 0 0 0 0 0 0 0 0 
scan 320 60 167 0 0 0 0 0 0 0 0 0 
scan 320 60 168 0 0 0 0 0 0 0 0 0 
scan 320 60 169 0 0 0 0 0 0 0 0 0 
scan 320 60 170 0 0 0 0 0 0 0 0 0 
scan 320 60 171 0 0 0 0 0 0 0 0 0 
scan 320 60 172 0 0 0 0 0 0 0 0 0 
scan 320 60 173 0 0 0 0 0 0 0 0 0 
scan 320 60 174 0 0 0 0 0 0 0 0 0 
scan 320 60 175 0 0 0 0 0 0 0 0 0 
scan 320 60 176 0 0 0 0 0 0 0 0 0 
scan 320 60 177 0 0 0 0 0 0 0 0 0 
scan 320 60 178 0 0 0 0 0 0 0 0 0 
scan 320 60 179 0 0 0 0 0 0 0 0 0 
