# cards/mergeScans.py -> lines taken from file cards/ZW/l2j2_wz_240_30.txt
xsec 240 30 0.378215
scan 240 30 500 0.00239872 0 0 5.99679e-05 5.99679e-05 0 0 1.11051e-06 0
scan 240 30 501 0.00335247 0 0 8.38118e-05 8.38118e-05 0 0 8.29907e-07 0
scan 240 30 502 0.00422786 0 0 0.000105697 0.000105697 0 0 2.07025e-06 0
scan 240 30 503 0.00657687 0 0 0.000164422 0.000164422 0 0 4.03733e-07 0
scan 240 30 504 0.00181037 0 0 4.52592e-05 4.52592e-05 0 0 6.5213e-06 0
# cards/mergeScans.py -> lines taken from file TChiWZ.kit/output/cn_240_30.txt
scan 240 30 0 0 0 0 0 0 0 0 0 0 
scan 240 30 1 0.000289049 0.000177366 0.00016689 8.17554e-06 5.78098e-06 0 6.85618e-07 5.78098e-05 1.27957e-05 
scan 240 30 2 9.73355e-05 9.94224e-05 9.73355e-05 2.75306e-06 1.94671e-06 0 6.72783e-10 1.94671e-05 4.50365e-06 
scan 240 30 3 0.000193733 0.000142753 0.00013699 2.73089e-06 5.29748e-06 0 7.7884e-08 3.87465e-05 8.67257e-06 
scan 240 30 4 0 0 0 0 0 0 0 0 0 
scan 240 30 5 0 0 0 0 0 0 0 0 0 
scan 240 30 6 0 0 0 0 0 0 0 0 0 
scan 240 30 7 0 0 0 0 0 0 0 0 0 
scan 240 30 8 0 0 0 0 0 0 0 0 0 
scan 240 30 9 0 0 0 0 0 0 0 0 0 
scan 240 30 10 0 0 0 0 0 0 0 0 0 
scan 240 30 11 9.73366e-05 0.00013777 9.73366e-05 2.75309e-06 1.94673e-06 0 1.40223e-10 9.73366e-05 4.5037e-06 
scan 240 30 12 0.00019076 0.000233895 0.000134916 5.98938e-06 1.94673e-06 0 1.5136e-06 0.00019076 8.54447e-06 
scan 240 30 13 0.000193308 0.000237007 0.000136691 0 6.69639e-06 0 2.89224e-07 0.000193308 8.65421e-06 
scan 240 30 14 0 0 0 0 0 0 0 0 0 
scan 240 30 15 0.00472307 0.00118817 0.000674743 9.21895e-05 0.000110297 0 9.31665e-06 0.000944614 0.000208368 
scan 240 30 16 0.00442942 0.0011264 0.00065311 0.000101924 9.16431e-05 0 1.20327e-05 0.000885883 0.000196252 
scan 240 30 17 0.0041311 0.0010621 0.000630018 8.64141e-05 8.988e-05 0 1.31964e-05 0.00082622 0.000181018 
scan 240 30 18 0.00192592 0.000587187 0.000430666 3.50031e-05 5.01984e-05 0 4.43682e-06 0.000385184 8.47624e-05 
scan 240 30 19 0.00173361 0.000543894 0.000408622 3.2891e-05 4.28092e-05 0 2.90838e-06 0.000346722 7.55653e-05 
scan 240 30 20 0.000383206 0.000224295 0.000191615 6.56889e-06 6.70575e-06 0 1.86026e-06 0.000114962 1.68677e-05 
scan 240 30 21 0.00144402 0.000576666 0.00037286 2.70023e-05 3.48756e-05 0 2.06268e-06 0.000433207 6.24573e-05 
scan 240 30 22 0.00240773 0.000877508 0.000481563 4.88737e-05 5.04517e-05 0 6.43062e-06 0.000722319 0.000106757 
scan 240 30 23 0.000387466 0.00022693 0.000193735 4.67762e-06 1.13899e-05 0 1.55063e-07 0.00011624 1.73457e-05 
scan 240 30 24 0.000193734 0.000149183 0.000136992 2.75309e-06 5.28602e-06 0 7.73925e-08 5.81201e-05 8.67308e-06 
scan 240 30 25 0 0 0 0 0 0 0 0 0 
scan 240 30 26 0.00057604 0.000622912 0.000235176 1.26351e-05 8.63678e-06 0 2.38422e-06 0.00057604 2.54977e-05 
scan 240 30 27 0.00336209 0.00341443 0.00056833 7.985e-05 5.51755e-05 0 1.26747e-05 0.00336209 0.000148629 
scan 240 30 28 0.00298395 0.00303603 0.00053596 7.62675e-05 5.20325e-05 0 9.51426e-06 0.00298395 0.000132864 
scan 240 30 29 0.00115338 0.001202 0.000332962 2.24656e-05 2.3508e-05 0 3.73449e-06 0.00115338 5.07572e-05 
scan 240 30 30 9.65514e-05 9.86088e-05 9.65514e-05 2.73089e-06 1.93103e-06 0 1.39092e-10 1.93103e-05 4.17607e-06 
scan 240 30 31 9.44662e-05 9.64845e-05 9.44662e-05 3.27241e-06 0 0 1.02024e-06 1.88932e-05 4.08588e-06 
scan 240 30 32 9.65516e-05 9.8609e-05 9.65516e-05 1.93103e-06 2.73089e-06 0 4.63641e-11 1.93103e-05 4.17608e-06 
scan 240 30 33 0 0 0 0 0 0 0 0 0 
scan 240 30 34 0 0 0 0 0 0 0 0 0 
scan 240 30 35 0 0 0 0 0 0 0 0 0 
scan 240 30 36 9.44662e-05 9.87697e-05 9.44662e-05 3.27241e-06 0 0 1.02024e-06 2.83399e-05 4.08588e-06 
scan 240 30 37 9.71811e-05 0.000101615 9.71811e-05 0 3.36645e-06 0 7.77449e-08 2.91543e-05 4.49651e-06 
scan 240 30 38 0 0 0 0 0 0 0 0 0 
scan 240 30 39 0 0 0 0 0 0 0 0 0 
scan 240 30 40 0 0 0 0 0 0 0 0 0 
scan 240 30 41 0 0 0 0 0 0 0 0 0 
scan 240 30 42 9.65516e-05 0.000136649 9.65516e-05 1.93103e-06 2.73089e-06 0 6.05572e-11 9.65516e-05 4.17607e-06 
scan 240 30 43 0.000193103 0.000236744 0.000136545 3.86206e-06 5.46178e-06 0 1.06921e-10 0.000193103 8.35215e-06 
scan 240 30 44 9.71811e-05 0.00013755 9.71811e-05 0 3.36645e-06 0 7.77449e-08 9.71811e-05 4.49651e-06 
scan 240 30 45 9.65507e-05 9.86317e-05 9.65507e-05 3.48119e-06 1.93101e-06 0 5.10946e-10 1.93101e-05 4.17604e-06 
scan 240 30 46 9.73367e-05 9.94237e-05 9.73367e-05 1.94673e-06 2.7531e-06 0 4.67411e-11 1.94673e-05 4.50371e-06 
scan 240 30 47 9.51468e-05 9.73881e-05 9.51468e-05 1.90294e-06 6.72789e-06 0 1.0704e-06 1.90294e-05 4.40238e-06 
scan 240 30 48 0 0 0 0 0 0 0 0 0 
scan 240 30 49 0 0 0 0 0 0 0 0 0 
scan 240 30 50 0 0 0 0 0 0 0 0 0 
scan 240 30 51 0 0 0 0 0 0 0 0 0 
scan 240 30 52 0 0 0 0 0 0 0 0 0 
scan 240 30 53 0 0 0 0 0 0 0 0 0 
scan 240 30 54 0 0 0 0 0 0 0 0 0 
scan 240 30 55 0 0 0 0 0 0 0 0 0 
scan 240 30 56 9.72387e-05 0.000137631 9.72387e-05 2.75033e-06 1.94477e-06 0 4.90083e-08 9.72387e-05 4.49917e-06 
scan 240 30 57 0 0 0 0 0 0 0 0 0 
scan 240 30 58 0 0 0 0 0 0 0 0 0 
scan 240 30 59 0 0 0 0 0 0 0 0 0 
scan 240 30 75 0 0 0 0 0 0 0 0 0 
scan 240 30 76 0 0 0 0 0 0 0 0 0 
scan 240 30 77 0 0 0 0 0 0 0 0 0 
scan 240 30 78 0 0 0 0 0 0 0 0 0 
scan 240 30 79 0 0 0 0 0 0 0 0 0 
scan 240 30 80 0 0 0 0 0 0 0 0 0 
scan 240 30 81 0 0 0 0 0 0 0 0 0 
scan 240 30 82 0 0 0 0 0 0 0 0 0 
scan 240 30 83 0 0 0 0 0 0 0 0 0 
scan 240 30 84 0 0 0 0 0 0 0 0 0 
scan 240 30 85 0 0 0 0 0 0 0 0 0 
scan 240 30 86 0 0 0 0 0 0 0 0 0 
scan 240 30 87 0 0 0 0 0 0 0 0 0 
scan 240 30 88 0 0 0 0 0 0 0 0 0 
scan 240 30 89 9.73367e-05 0.00013777 9.73367e-05 1.94673e-06 2.7531e-06 0 7.97382e-11 9.73367e-05 4.5037e-06 
scan 240 30 90 8.49655e-05 8.69671e-05 8.49655e-05 2.54897e-06 1.69931e-06 2.54897e-06 5.09793e-06 1.69931e-05 3.67495e-06 
scan 240 30 91 0.000263113 0.000162254 0.000152268 6.64602e-06 1.92157e-06 7.89339e-06 1.14885e-05 5.26226e-05 1.13802e-05 
scan 240 30 92 0.000181044 0.000133802 0.000128258 4.32476e-06 1.92157e-06 5.43132e-06 5.33332e-06 3.62088e-05 7.83057e-06 
scan 240 30 93 0 0 0 0 0 0 0 0 0 
scan 240 30 94 0 0 0 0 0 0 0 0 0 
scan 240 30 95 0 0 0 0 0 0 0 0 0 
scan 240 30 96 0.000171862 0.000132841 0.000121533 2.54897e-06 6.37883e-06 5.15586e-06 9.44276e-06 5.15586e-05 7.43342e-06 
scan 240 30 97 9.68599e-05 0.000101303 9.68599e-05 1.9372e-06 1.9372e-06 2.9058e-06 2.37307e-07 2.9058e-05 4.48164e-06 
scan 240 30 98 0 0 0 0 0 0 0 0 0 
scan 240 30 99 0 0 0 0 0 0 0 0 0 
scan 240 30 100 0 0 0 0 0 0 0 0 0 
scan 240 30 101 0 0 0 0 0 0 0 0 0 
scan 240 30 102 0 0 0 0 0 0 0 0 0 
scan 240 30 103 9.34434e-05 0.000132289 9.34434e-05 0 2.64298e-06 2.8033e-06 1.86887e-06 9.34434e-05 4.32356e-06 
scan 240 30 104 0 0 0 0 0 0 0 0 0 
scan 240 30 120 0 0 0 0 0 0 0 0 0 
scan 240 30 121 0 0 0 0 0 0 0 0 0 
scan 240 30 122 0 0 0 0 0 0 0 0 0 
scan 240 30 123 0 0 0 0 0 0 0 0 0 
scan 240 30 124 0 0 0 0 0 0 0 0 0 
scan 240 30 125 0 0 0 0 0 0 0 0 0 
scan 240 30 126 0 0 0 0 0 0 0 0 0 
scan 240 30 127 0 0 0 0 0 0 0 0 0 
scan 240 30 128 0 0 0 0 0 0 0 0 0 
scan 240 30 129 0 0 0 0 0 0 0 0 0 
scan 240 30 130 0 0 0 0 0 0 0 0 0 
scan 240 30 131 0 0 0 0 0 0 0 0 0 
scan 240 30 132 0 0 0 0 0 0 0 0 0 
scan 240 30 133 0 0 0 0 0 0 0 0 0 
scan 240 30 134 0 0 0 0 0 0 0 0 0 
scan 240 30 135 0 0 0 0 0 0 0 0 0 
scan 240 30 136 0.000277759 0.000171211 0.000160637 5.55518e-06 8.10415e-06 1.19693e-05 5.64223e-06 5.55518e-05 1.23059e-05 
scan 240 30 137 0 0 0 0 0 0 0 0 0 
scan 240 30 138 0 0 0 0 0 0 0 0 0 
scan 240 30 139 0 0 0 0 0 0 0 0 0 
scan 240 30 140 0 0 0 0 0 0 0 0 0 
scan 240 30 141 0 0 0 0 0 0 0 0 0 
scan 240 30 142 0 0 0 0 0 0 0 0 0 
scan 240 30 143 0 0 0 0 0 0 0 0 0 
scan 240 30 144 0 0 0 0 0 0 0 0 0 
scan 240 30 145 0 0 0 0 0 0 0 0 0 
scan 240 30 146 9.60786e-05 0.000135997 9.60786e-05 1.92157e-06 1.92157e-06 2.88236e-06 2.35393e-07 9.60786e-05 4.15562e-06 
scan 240 30 147 0 0 0 0 0 0 0 0 0 
scan 240 30 148 0 0 0 0 0 0 0 0 0 
scan 240 30 149 0 0 0 0 0 0 0 0 0 
scan 240 30 165 0 0 0 0 0 0 0 0 0 
scan 240 30 166 0 0 0 0 0 0 0 0 0 
scan 240 30 167 0 0 0 0 0 0 0 0 0 
scan 240 30 168 0 0 0 0 0 0 0 0 0 
scan 240 30 169 0 0 0 0 0 0 0 0 0 
scan 240 30 170 0 0 0 0 0 0 0 0 0 
scan 240 30 171 0 0 0 0 0 0 0 0 0 
scan 240 30 172 0 0 0 0 0 0 0 0 0 
scan 240 30 173 0 0 0 0 0 0 0 0 0 
scan 240 30 174 0 0 0 0 0 0 0 0 0 
scan 240 30 175 0 0 0 0 0 0 0 0 0 
scan 240 30 176 0 0 0 0 0 0 0 0 0 
scan 240 30 177 0 0 0 0 0 0 0 0 0 
scan 240 30 178 0 0 0 0 0 0 0 0 0 
scan 240 30 179 0 0 0 0 0 0 0 0 0 
