# cards/mergeScans.py -> lines taken from file cards/ZW/l2j2_wz_170_40.txt
xsec 170 40 1.48538
scan 170 40 500 0.0152763 0 0 0.000381908 0.000381908 0 0 2.06448e-05 0
scan 170 40 501 0.00541998 0 0 0.0001355 0.0001355 0 0 1.33491e-05 0
scan 170 40 502 0.00391719 0 0 9.79297e-05 9.79297e-05 0 0 1.65248e-05 0
scan 170 40 503 0.00203431 0 0 5.08579e-05 5.08579e-05 0 0 4.05226e-05 0
scan 170 40 504 0.000381161 0 0 9.52903e-06 9.52903e-06 0 0 0 0
# cards/mergeScans.py -> lines taken from file TChiWZ.kit/output/cn_170_40.txt
scan 170 40 0 0.00115305 0.000708043 0.000665713 0 3.99428e-05 0 1.38292e-06 0.00023061 5.80679e-05 
scan 170 40 1 0.00151538 0.000821619 0.000757804 5.2483e-05 7.68468e-06 0 9.57022e-06 0.000303076 7.76623e-05 
scan 170 40 2 0.000379726 0.000387951 0.000379726 1.31541e-05 0 0 2.73403e-06 7.59453e-05 1.91231e-05 
scan 170 40 3 0 0 0 0 0 0 0 0 0 
scan 170 40 4 0 0 0 0 0 0 0 0 0 
scan 170 40 5 0 0 0 0 0 0 0 0 0 
scan 170 40 6 0 0 0 0 0 0 0 0 0 
scan 170 40 7 0 0 0 0 0 0 0 0 0 
scan 170 40 8 0 0 0 0 0 0 0 0 0 
scan 170 40 9 0 0 0 0 0 0 0 0 0 
scan 170 40 10 0 0 0 0 0 0 0 0 0 
scan 170 40 11 0 0 0 0 0 0 0 0 0 
scan 170 40 12 0 0 0 0 0 0 0 0 0 
scan 170 40 13 0 0 0 0 0 0 0 0 0 
scan 170 40 14 0 0 0 0 0 0 0 0 0 
scan 170 40 15 0.0288582 0.00687481 0.00331056 0.000674356 0.000524905 0 0.000105201 0.00577165 0.00149998 
scan 170 40 16 0.0292824 0.00696639 0.00333727 0.000736458 0.000498461 0 0.000101296 0.00585647 0.00151454 
scan 170 40 17 0.0144776 0.00382984 0.00234872 0.000297424 0.000344974 0 4.07178e-05 0.00289552 0.000747045 
scan 170 40 18 0.00457095 0.00162855 0.00131961 0.000113786 8.32946e-05 0 1.67216e-05 0.000914189 0.000234303 
scan 170 40 19 0.00459119 0.0016346 0.00132541 0.000116957 6.83689e-05 0 1.57908e-05 0.000918238 0.000231214 
scan 170 40 20 0.0011267 0.000736446 0.000650507 3.90299e-05 0 0 1.41814e-05 0.000338009 5.67408e-05 
scan 170 40 21 0.00645224 0.00252025 0.00156507 0.00015692 0.000128589 0 2.06628e-05 0.00193567 0.000337286 
scan 170 40 22 0.00418239 0.00179756 0.00126109 9.61162e-05 9.03996e-05 0 3.30491e-06 0.00125472 0.000221679 
scan 170 40 23 0.000384658 0.000402282 0.000384658 0 1.33249e-05 0 3.07726e-07 0.000115397 1.93715e-05 
scan 170 40 24 0.000770547 0.000593722 0.000544859 1.86026e-05 1.86026e-05 0 7.96668e-10 0.000231164 3.8805e-05 
scan 170 40 25 0.000379726 0.000537522 0.000379726 1.31541e-05 0 0 2.73403e-06 0.000379726 1.91231e-05 
scan 170 40 26 0.00761951 0.00782099 0.00170386 0.000159045 0.000162305 0 1.8157e-05 0.00761951 0.000394773 
scan 170 40 27 0.003033 0.00322204 0.00107239 6.17626e-05 5.88224e-05 0 1.20799e-05 0.003033 0.000158261 
scan 170 40 28 0.000376952 0.000533604 0.000376952 1.3058e-05 0 0 4.07108e-06 0.000376952 1.89835e-05 
scan 170 40 29 0 0 0 0 0 0 0 0 0 
scan 170 40 30 0.000769932 0.000567678 0.000544424 7.70547e-06 2.42221e-05 0 3.07968e-07 0.000153986 3.8774e-05 
scan 170 40 31 0.00075897 0.000559758 0.000536735 2.38424e-05 7.70546e-06 0 2.69117e-06 0.000151794 3.95866e-05 
scan 170 40 32 0 0 0 0 0 0 0 0 0 
scan 170 40 33 0 0 0 0 0 0 0 0 0 
scan 170 40 34 0 0 0 0 0 0 0 0 0 
scan 170 40 35 0 0 0 0 0 0 0 0 0 
scan 170 40 36 0 0 0 0 0 0 0 0 0 
scan 170 40 37 0 0 0 0 0 0 0 0 0 
scan 170 40 38 0 0 0 0 0 0 0 0 0 
scan 170 40 39 0 0 0 0 0 0 0 0 0 
scan 170 40 40 0 0 0 0 0 0 0 0 0 
scan 170 40 41 0 0 0 0 0 0 0 0 0 
scan 170 40 42 0 0 0 0 0 0 0 0 0 
scan 170 40 43 0 0 0 0 0 0 0 0 0 
scan 170 40 44 0 0 0 0 0 0 0 0 0 
scan 170 40 45 0.000770031 0.000568425 0.000544494 2.24406e-05 3.01378e-05 0 2.58687e-07 0.000154006 3.8779e-05 
scan 170 40 46 0.000385273 0.000393608 0.000385273 1.08972e-05 7.70546e-06 0 5.55024e-10 7.70546e-05 1.94025e-05 
scan 170 40 47 0 0 0 0 0 0 0 0 0 
scan 170 40 48 0 0 0 0 0 0 0 0 0 
scan 170 40 49 0 0 0 0 0 0 0 0 0 
scan 170 40 50 0 0 0 0 0 0 0 0 0 
scan 170 40 51 0 0 0 0 0 0 0 0 0 
scan 170 40 52 0 0 0 0 0 0 0 0 0 
scan 170 40 53 0 0 0 0 0 0 0 0 0 
scan 170 40 54 0 0 0 0 0 0 0 0 0 
scan 170 40 55 0 0 0 0 0 0 0 0 0 
scan 170 40 56 0 0 0 0 0 0 0 0 0 
scan 170 40 57 0.000385274 0.000545368 0.000385274 7.70547e-06 1.08972e-05 0 2.41644e-10 0.000385274 1.94025e-05 
scan 170 40 58 0 0 0 0 0 0 0 0 0 
scan 170 40 59 0 0 0 0 0 0 0 0 0 
scan 170 40 75 0.000385274 0.000393609 0.000385274 7.70547e-06 1.08972e-05 0 2.41644e-10 7.70547e-05 1.94025e-05 
scan 170 40 76 0 0 0 0 0 0 0 0 0 
scan 170 40 77 0 0 0 0 0 0 0 0 0 
scan 170 40 78 0 0 0 0 0 0 0 0 0 
scan 170 40 79 0 0 0 0 0 0 0 0 0 
scan 170 40 80 0 0 0 0 0 0 0 0 0 
scan 170 40 81 0 0 0 0 0 0 0 0 0 
scan 170 40 82 0 0 0 0 0 0 0 0 0 
scan 170 40 83 0 0 0 0 0 0 0 0 0 
scan 170 40 84 0 0 0 0 0 0 0 0 0 
scan 170 40 85 0 0 0 0 0 0 0 0 0 
scan 170 40 86 0 0 0 0 0 0 0 0 0 
scan 170 40 87 0.000385274 0.000545368 0.000385274 7.70547e-06 1.08972e-05 0 3.15616e-10 0.000385274 1.94025e-05 
scan 170 40 88 0 0 0 0 0 0 0 0 0 
scan 170 40 89 0 0 0 0 0 0 0 0 0 
scan 170 40 90 0.000722428 0.00053545 0.000511795 1.44486e-05 2.46198e-05 3.61214e-05 2.12818e-05 0.000144486 3.63817e-05 
scan 170 40 91 0.000339041 0.000347139 0.000339041 1.01712e-05 6.78083e-06 1.01712e-05 2.03425e-05 6.78083e-05 1.70742e-05 
scan 170 40 92 0.000383386 0.000391776 0.000383386 7.66773e-06 7.66773e-06 1.15016e-05 9.39297e-07 7.66773e-05 1.93075e-05 
scan 170 40 93 0.000369863 0.000378317 0.000369863 0 1.04613e-05 1.84932e-05 7.39727e-06 7.39727e-05 1.86264e-05 
scan 170 40 94 0 0 0 0 0 0 0 0 0 
scan 170 40 95 0 0 0 0 0 0 0 0 0 
scan 170 40 96 0 0 0 0 0 0 0 0 0 
scan 170 40 97 0.000369863 0.000386969 0.000369863 0 1.04613e-05 1.10959e-05 7.39727e-06 0.000110959 1.86264e-05 
scan 170 40 98 0 0 0 0 0 0 0 0 0 
scan 170 40 99 0 0 0 0 0 0 0 0 0 
scan 170 40 100 0 0 0 0 0 0 0 0 0 
scan 170 40 101 0 0 0 0 0 0 0 0 0 
scan 170 40 102 0 0 0 0 0 0 0 0 0 
scan 170 40 103 0 0 0 0 0 0 0 0 0 
scan 170 40 104 0 0 0 0 0 0 0 0 0 
scan 170 40 120 0 0 0 0 0 0 0 0 0 
scan 170 40 121 0 0 0 0 0 0 0 0 0 
scan 170 40 122 0 0 0 0 0 0 0 0 0 
scan 170 40 123 0 0 0 0 0 0 0 0 0 
scan 170 40 124 0 0 0 0 0 0 0 0 0 
scan 170 40 125 0 0 0 0 0 0 0 0 0 
scan 170 40 126 0 0 0 0 0 0 0 0 0 
scan 170 40 127 0 0 0 0 0 0 0 0 0 
scan 170 40 128 0 0 0 0 0 0 0 0 0 
scan 170 40 129 0 0 0 0 0 0 0 0 0 
scan 170 40 130 0 0 0 0 0 0 0 0 0 
scan 170 40 131 0 0 0 0 0 0 0 0 0 
scan 170 40 132 0 0 0 0 0 0 0 0 0 
scan 170 40 133 0 0 0 0 0 0 0 0 0 
scan 170 40 134 0 0 0 0 0 0 0 0 0 
scan 170 40 135 0.00151528 0.000822814 0.00075766 3.03057e-05 3.03057e-05 5.30045e-05 3.71244e-06 0.000303057 8.04435e-05 
scan 170 40 136 0 0 0 0 0 0 0 0 0 
scan 170 40 137 0 0 0 0 0 0 0 0 0 
scan 170 40 138 0 0 0 0 0 0 0 0 0 
scan 170 40 139 0 0 0 0 0 0 0 0 0 
scan 170 40 140 0.000383386 0.000401045 0.000383386 7.66773e-06 7.66773e-06 1.15016e-05 9.39297e-07 0.000115016 1.93075e-05 
scan 170 40 141 0 0 0 0 0 0 0 0 0 
scan 170 40 142 0 0 0 0 0 0 0 0 0 
scan 170 40 143 0 0 0 0 0 0 0 0 0 
scan 170 40 144 0 0 0 0 0 0 0 0 0 
scan 170 40 145 0 0 0 0 0 0 0 0 0 
scan 170 40 146 0 0 0 0 0 0 0 0 0 
scan 170 40 147 0 0 0 0 0 0 0 0 0 
scan 170 40 148 0 0 0 0 0 0 0 0 0 
scan 170 40 149 0 0 0 0 0 0 0 0 0 
scan 170 40 165 0 0 0 0 0 0 0 0 0 
scan 170 40 166 0.000382808 0.000391485 0.000382808 7.65617e-06 7.65617e-06 1.91404e-05 1.22499e-06 7.65617e-05 1.92784e-05 
scan 170 40 167 0 0 0 0 0 0 0 0 0 
scan 170 40 168 0 0 0 0 0 0 0 0 0 
scan 170 40 169 0 0 0 0 0 0 0 0 0 
scan 170 40 170 0 0 0 0 0 0 0 0 0 
scan 170 40 171 0 0 0 0 0 0 0 0 0 
scan 170 40 172 0 0 0 0 0 0 0 0 0 
scan 170 40 173 0 0 0 0 0 0 0 0 0 
scan 170 40 174 0 0 0 0 0 0 0 0 0 
scan 170 40 175 0 0 0 0 0 0 0 0 0 
scan 170 40 176 0 0 0 0 0 0 0 0 0 
scan 170 40 177 0 0 0 0 0 0 0 0 0 
scan 170 40 178 0 0 0 0 0 0 0 0 0 
scan 170 40 179 0 0 0 0 0 0 0 0 0 
