# cards/mergeScans.py -> lines taken from file cards/ZW/l2j2_wz_120_0.txt
xsec 120 0 5.63665
scan 120 0 500 0.0105764 0 0 0.000264411 0.000264411 0 0 9.98375e-05 0
scan 120 0 501 0.00397816 0 0 9.9454e-05 9.9454e-05 0 0 -6.55691e-06 0
scan 120 0 502 0.00130975 0 0 3.27438e-05 3.27438e-05 0 0 -7.22993e-05 0
scan 120 0 503 0.000400148 0 0 1.00037e-05 1.00037e-05 0 0 0 0
scan 120 0 504 0 0 0 0 0 0 0 0 0
# cards/mergeScans.py -> lines taken from file TChiWZ.kit/output/cn_120_0.txt
scan 120 0 0 0.0121296 0.00659167 0.00606496 0.00029304 0.000292631 0 4.09e-08 0.00242592 0.000780809 
scan 120 0 1 0.00599089 0.00442414 0.00423678 0.000162952 8.61191e-05 0 4.77287e-05 0.00119818 0.00038842 
scan 120 0 2 0 0 0 0 0 0 0 0 0 
scan 120 0 3 0 0 0 0 0 0 0 0 0 
scan 120 0 4 0 0 0 0 0 0 0 0 0 
scan 120 0 5 0 0 0 0 0 0 0 0 0 
scan 120 0 6 0.00299059 0.00312966 0.00299059 0 0.000103597 0 2.39247e-06 0.000897178 0.000188288 
scan 120 0 7 0 0 0 0 0 0 0 0 0 
scan 120 0 8 0 0 0 0 0 0 0 0 0 
scan 120 0 9 0 0 0 0 0 0 0 0 0 
scan 120 0 10 0.0029235 0.00413993 0.0029235 0.000101273 0 0 3.50819e-05 0.0029235 0.000184063 
scan 120 0 11 0 0 0 0 0 0 0 0 0 
scan 120 0 12 0 0 0 0 0 0 0 0 0 
scan 120 0 13 0 0 0 0 0 0 0 0 0 
scan 120 0 14 0 0 0 0 0 0 0 0 0 
scan 120 0 15 0.173879 0.0433815 0.0228327 0.00408105 0.0034782 0 0.000413071 0.0347757 0.0110609 
scan 120 0 16 0.137834 0.0356098 0.020324 0.00313131 0.00280617 0 0.000437666 0.0275668 0.00878585 
scan 120 0 17 0.0419146 0.0143028 0.0112029 0.000845385 0.000990291 0 0.000107711 0.00838291 0.00266175 
scan 120 0 18 0.014904 0.00737807 0.00666584 0.000324568 0.00034212 0 6.0109e-05 0.0029808 0.000944064 
scan 120 0 19 0.0030399 0.00310815 0.0030399 0 0.000105305 0 2.43192e-06 0.00060798 0.000197092 
scan 120 0 20 0.00592606 0.00457169 0.00419061 0.000186244 5.99075e-05 0 3.16557e-05 0.00177782 0.000373105 
scan 120 0 21 0.0178862 0.00915029 0.00730294 0.000412327 0.000335876 0 0.000114124 0.00536587 0.00114304 
scan 120 0 22 0.00299538 0.00313467 0.00299538 5.99076e-05 8.47222e-05 0 1.43838e-09 0.000898615 0.000188589 
scan 120 0 23 0 0 0 0 0 0 0 0 0 
scan 120 0 24 0 0 0 0 0 0 0 0 0 
scan 120 0 25 0 0 0 0 0 0 0 0 0 
scan 120 0 26 0 0 0 0 0 0 0 0 0 
scan 120 0 27 0.00299059 0.00423479 0.00299059 0 0.000103597 0 2.39247e-06 0.00299059 0.000188288 
scan 120 0 28 0 0 0 0 0 0 0 0 0 
scan 120 0 29 0 0 0 0 0 0 0 0 0 
scan 120 0 30 0.00608954 0.00449721 0.00430596 0.000121791 0.000172238 0 3.95637e-09 0.00121791 0.000394816 
scan 120 0 31 0 0 0 0 0 0 0 0 0 
scan 120 0 32 0 0 0 0 0 0 0 0 0 
scan 120 0 33 0 0 0 0 0 0 0 0 0 
scan 120 0 34 0 0 0 0 0 0 0 0 0 
scan 120 0 35 0 0 0 0 0 0 0 0 0 
scan 120 0 36 0 0 0 0 0 0 0 0 0 
scan 120 0 37 0 0 0 0 0 0 0 0 0 
scan 120 0 38 0 0 0 0 0 0 0 0 0 
scan 120 0 39 0 0 0 0 0 0 0 0 0 
scan 120 0 40 0 0 0 0 0 0 0 0 0 
scan 120 0 41 0 0 0 0 0 0 0 0 0 
scan 120 0 42 0 0 0 0 0 0 0 0 0 
scan 120 0 43 0 0 0 0 0 0 0 0 0 
scan 120 0 44 0 0 0 0 0 0 0 0 0 
scan 120 0 45 0.00299438 0.00306198 0.00299438 8.98313e-05 8.46938e-05 0 5.03056e-07 0.000598876 0.000188526 
scan 120 0 46 0.00299538 0.00306227 0.00299538 5.99076e-05 8.47221e-05 0 2.45382e-09 0.000599076 0.000188589 
scan 120 0 47 0 0 0 0 0 0 0 0 0 
scan 120 0 48 0 0 0 0 0 0 0 0 0 
scan 120 0 49 0 0 0 0 0 0 0 0 0 
scan 120 0 50 0 0 0 0 0 0 0 0 0 
scan 120 0 51 0 0 0 0 0 0 0 0 0 
scan 120 0 52 0 0 0 0 0 0 0 0 0 
scan 120 0 53 0 0 0 0 0 0 0 0 0 
scan 120 0 54 0 0 0 0 0 0 0 0 0 
scan 120 0 55 0 0 0 0 0 0 0 0 0 
scan 120 0 56 0 0 0 0 0 0 0 0 0 
scan 120 0 57 0 0 0 0 0 0 0 0 0 
scan 120 0 58 0 0 0 0 0 0 0 0 0 
scan 120 0 59 0 0 0 0 0 0 0 0 0 
scan 120 0 75 0 0 0 0 0 0 0 0 0 
scan 120 0 76 0 0 0 0 0 0 0 0 0 
scan 120 0 77 0 0 0 0 0 0 0 0 0 
scan 120 0 78 0 0 0 0 0 0 0 0 0 
scan 120 0 79 0 0 0 0 0 0 0 0 0 
scan 120 0 80 0 0 0 0 0 0 0 0 0 
scan 120 0 81 0 0 0 0 0 0 0 0 0 
scan 120 0 82 0 0 0 0 0 0 0 0 0 
scan 120 0 83 0 0 0 0 0 0 0 0 0 
scan 120 0 84 0 0 0 0 0 0 0 0 0 
scan 120 0 85 0 0 0 0 0 0 0 0 0 
scan 120 0 86 0 0 0 0 0 0 0 0 0 
scan 120 0 87 0 0 0 0 0 0 0 0 0 
scan 120 0 88 0 0 0 0 0 0 0 0 0 
scan 120 0 89 0 0 0 0 0 0 0 0 0 
scan 120 0 90 0.00297621 0.00304342 0.00297621 5.95243e-05 5.95243e-05 8.92864e-05 9.52389e-06 0.000595243 0.000187383 
scan 120 0 91 0.00298071 0.00304801 0.00298071 5.96141e-05 5.96141e-05 8.94212e-05 7.30273e-06 0.000596141 0.000187665 
scan 120 0 92 0 0 0 0 0 0 0 0 0 
scan 120 0 93 0 0 0 0 0 0 0 0 0 
scan 120 0 94 0 0 0 0 0 0 0 0 0 
scan 120 0 95 0.0026794 0.00280955 0.0026794 7.57849e-05 0 8.0382e-05 0.000160764 0.00080382 0.000173719 
scan 120 0 96 0 0 0 0 0 0 0 0 0 
scan 120 0 97 0 0 0 0 0 0 0 0 0 
scan 120 0 98 0 0 0 0 0 0 0 0 0 
scan 120 0 99 0 0 0 0 0 0 0 0 0 
scan 120 0 100 0 0 0 0 0 0 0 0 0 
scan 120 0 101 0 0 0 0 0 0 0 0 0 
scan 120 0 102 0 0 0 0 0 0 0 0 0 
scan 120 0 103 0 0 0 0 0 0 0 0 0 
scan 120 0 104 0 0 0 0 0 0 0 0 0 
scan 120 0 120 0 0 0 0 0 0 0 0 0 
scan 120 0 121 0 0 0 0 0 0 0 0 0 
scan 120 0 122 0 0 0 0 0 0 0 0 0 
scan 120 0 123 0 0 0 0 0 0 0 0 0 
scan 120 0 124 0 0 0 0 0 0 0 0 0 
scan 120 0 125 0 0 0 0 0 0 0 0 0 
scan 120 0 126 0 0 0 0 0 0 0 0 0 
scan 120 0 127 0 0 0 0 0 0 0 0 0 
scan 120 0 128 0 0 0 0 0 0 0 0 0 
scan 120 0 129 0 0 0 0 0 0 0 0 0 
scan 120 0 130 0 0 0 0 0 0 0 0 0 
scan 120 0 131 0 0 0 0 0 0 0 0 0 
scan 120 0 132 0 0 0 0 0 0 0 0 0 
scan 120 0 133 0 0 0 0 0 0 0 0 0 
scan 120 0 134 0 0 0 0 0 0 0 0 0 
scan 120 0 135 0 0 0 0 0 0 0 0 0 
scan 120 0 136 0.00302985 0.00309862 0.00302985 6.05971e-05 6.05971e-05 9.08956e-05 7.42314e-06 0.000605971 0.000196441 
scan 120 0 137 0 0 0 0 0 0 0 0 0 
scan 120 0 138 0 0 0 0 0 0 0 0 0 
scan 120 0 139 0 0 0 0 0 0 0 0 0 
scan 120 0 140 0 0 0 0 0 0 0 0 0 
scan 120 0 141 0 0 0 0 0 0 0 0 0 
scan 120 0 142 0 0 0 0 0 0 0 0 0 
scan 120 0 143 0 0 0 0 0 0 0 0 0 
scan 120 0 144 0 0 0 0 0 0 0 0 0 
scan 120 0 145 0 0 0 0 0 0 0 0 0 
scan 120 0 146 0 0 0 0 0 0 0 0 0 
scan 120 0 147 0 0 0 0 0 0 0 0 0 
scan 120 0 148 0 0 0 0 0 0 0 0 0 
scan 120 0 149 0 0 0 0 0 0 0 0 0 
scan 120 0 165 0 0 0 0 0 0 0 0 0 
scan 120 0 166 0 0 0 0 0 0 0 0 0 
scan 120 0 167 0 0 0 0 0 0 0 0 0 
scan 120 0 168 0 0 0 0 0 0 0 0 0 
scan 120 0 169 0 0 0 0 0 0 0 0 0 
scan 120 0 170 0 0 0 0 0 0 0 0 0 
scan 120 0 171 0 0 0 0 0 0 0 0 0 
scan 120 0 172 0 0 0 0 0 0 0 0 0 
scan 120 0 173 0 0 0 0 0 0 0 0 0 
scan 120 0 174 0 0 0 0 0 0 0 0 0 
scan 120 0 175 0 0 0 0 0 0 0 0 0 
scan 120 0 176 0 0 0 0 0 0 0 0 0 
scan 120 0 177 0 0 0 0 0 0 0 0 0 
scan 120 0 178 0 0 0 0 0 0 0 0 0 
scan 120 0 179 0 0 0 0 0 0 0 0 0 
