# cards/mergeScans.py -> lines taken from file cards/ZW/l2j2_wz_310_50.txt
xsec 310 50 0.126659
scan 310 50 500 0.000574857 0 0 1.43714e-05 1.43714e-05 0 0 8.55153e-07 0
scan 310 50 501 0.00126822 0 0 3.17054e-05 3.17054e-05 0 0 -4.0106e-07 0
scan 310 50 502 0.000817365 0 0 2.04341e-05 2.04341e-05 0 0 6.26821e-07 0
scan 310 50 503 0.00157506 0 0 3.93765e-05 3.93765e-05 0 0 -7.74592e-09 0
scan 310 50 504 0.00272856 0 0 6.82139e-05 6.82139e-05 0 0 5.9564e-07 0
# cards/mergeScans.py -> lines taken from file TChiWZ.kit/output/cn_310_50.txt
scan 310 50 0 4.30627e-05 3.1742e-05 3.04521e-05 8.61255e-07 1.218e-06 0 2.06787e-11 8.61255e-06 1.95634e-06 
scan 310 50 1 8.52801e-05 4.61525e-05 4.26441e-05 1.58776e-06 1.95394e-06 0 1.68084e-07 1.7056e-05 3.77681e-06 
scan 310 50 2 4.22515e-05 3.11301e-05 2.98771e-05 1.15209e-06 6.01859e-07 0 1.51016e-07 8.4503e-06 1.82194e-06 
scan 310 50 3 0 0 0 0 0 0 0 0 0 
scan 310 50 4 0 0 0 0 0 0 0 0 0 
scan 310 50 5 0 0 0 0 0 0 0 0 0 
scan 310 50 6 0 0 0 0 0 0 0 0 0 
scan 310 50 7 0 0 0 0 0 0 0 0 0 
scan 310 50 8 0 0 0 0 0 0 0 0 0 
scan 310 50 9 4.30408e-05 3.31524e-05 3.04364e-05 1.0411e-06 1.0371e-06 0 1.09782e-08 1.29122e-05 1.95529e-06 
scan 310 50 10 0 0 0 0 0 0 0 0 0 
scan 310 50 11 2.08959e-05 2.95745e-05 2.08959e-05 7.23857e-07 0 0 1.88063e-07 2.08959e-05 9.01062e-07 
scan 310 50 12 8.50976e-05 9.52574e-05 4.25488e-05 2.3658e-06 1.45301e-06 0 2.55261e-07 8.50976e-05 3.76656e-06 
scan 310 50 13 4.21747e-05 5.17095e-05 2.98232e-05 1.49107e-06 4.25575e-07 0 1.88176e-07 4.21747e-05 1.81863e-06 
scan 310 50 14 8.50817e-05 9.52354e-05 4.25409e-05 1.45302e-06 2.36524e-06 0 1.70502e-08 8.50817e-05 3.66884e-06 
scan 310 50 15 0.000529767 0.000152426 0.000105965 1.18795e-05 9.36051e-06 0 2.32113e-06 0.000105953 2.33391e-05 
scan 310 50 16 0.00151313 0.00036143 0.000179597 3.74337e-05 2.87772e-05 0 4.30655e-06 0.000302626 6.74281e-05 
scan 310 50 17 0.0011912 0.000293718 0.000159195 2.66241e-05 2.59933e-05 0 3.42856e-06 0.000238241 5.26522e-05 
scan 310 50 18 0.000702837 0.000190222 0.000122354 1.47568e-05 1.65495e-05 0 1.4278e-06 0.000140567 3.09972e-05 
scan 310 50 19 0.000853596 0.000222412 0.000134974 1.58704e-05 2.0335e-05 0 1.53688e-06 0.000170719 3.78967e-05 
scan 310 50 20 6.48459e-05 4.23749e-05 3.7441e-05 2.16876e-06 1.29692e-06 0 3.81256e-10 1.94538e-05 2.99507e-06 
scan 310 50 21 0.000298177 0.000120846 7.97017e-05 6.34192e-06 5.73601e-06 0 8.56026e-07 8.94531e-05 1.3255e-05 
scan 310 50 22 0.000426586 0.000161219 9.5392e-05 8.07642e-06 9.7832e-06 0 5.01505e-07 0.000127976 1.87912e-05 
scan 310 50 23 0.000171252 7.99529e-05 6.05534e-05 3.18203e-06 3.92535e-06 0 4.89475e-07 5.13756e-05 7.77998e-06 
scan 310 50 24 0.000384608 0.00014822 9.0666e-05 9.72225e-06 5.80532e-06 0 1.45365e-06 0.000115383 1.74757e-05 
scan 310 50 25 0 0 0 0 0 0 0 0 0 
scan 310 50 26 0.000276118 0.000286912 7.65853e-05 5.49695e-06 6.10714e-06 0 4.98021e-07 0.000276118 1.2006e-05 
scan 310 50 27 0.00100193 0.00101396 0.000146162 2.45406e-05 1.65727e-05 0 3.32553e-06 0.00100193 4.48847e-05 
scan 310 50 28 0.001047 0.00105912 0.000149587 2.25033e-05 2.05343e-05 0 2.83423e-06 0.001047 4.7127e-05 
scan 310 50 29 0.00123389 0.00124619 0.000162035 2.74825e-05 2.24556e-05 0 3.6196e-06 0.00123389 5.45968e-05 
scan 310 50 30 4.27491e-05 3.15021e-05 3.02285e-05 1.16933e-06 6.01859e-07 0 1.54595e-07 8.54982e-06 1.94138e-06 
scan 310 50 31 4.21579e-05 3.10511e-05 2.98105e-05 7.2651e-07 7.33882e-07 0 1.9761e-07 8.43158e-06 1.81791e-06 
scan 310 50 32 2.1749e-05 2.22167e-05 2.1749e-05 0 7.53406e-07 0 1.73992e-08 4.34979e-06 1.0371e-06 
scan 310 50 33 2.12789e-05 2.17322e-05 2.12789e-05 4.25579e-07 6.01859e-07 0 1.02181e-11 4.25579e-06 9.17578e-07 
scan 310 50 34 0 0 0 0 0 0 0 0 0 
scan 310 50 35 0 0 0 0 0 0 0 0 0 
scan 310 50 36 2.12789e-05 2.2247e-05 2.12789e-05 4.25579e-07 6.01859e-07 0 1.02181e-11 6.38368e-06 9.17578e-07 
scan 310 50 37 2.17838e-05 2.27792e-05 2.17838e-05 4.35676e-07 6.16139e-07 0 1.36628e-11 6.53514e-06 1.03876e-06 
scan 310 50 38 0 0 0 0 0 0 0 0 0 
scan 310 50 39 2.12789e-05 2.2247e-05 2.12789e-05 6.01858e-07 4.25578e-07 0 4.00383e-11 6.38366e-06 9.17575e-07 
scan 310 50 40 0 0 0 0 0 0 0 0 0 
scan 310 50 41 0 0 0 0 0 0 0 0 0 
scan 310 50 42 6.41917e-05 7.42026e-05 3.70652e-05 1.47026e-06 7.53406e-07 0 3.22986e-07 6.41917e-05 2.96527e-06 
scan 310 50 43 2.12449e-05 3.00678e-05 2.12449e-05 0 7.35945e-07 0 1.69959e-08 2.12449e-05 9.16111e-07 
scan 310 50 44 0 0 0 0 0 0 0 0 0 
scan 310 50 45 4.25201e-05 3.13407e-05 3.00663e-05 1.06312e-06 1.20265e-06 0 1.88725e-08 8.50403e-06 1.83353e-06 
scan 310 50 46 2.12787e-05 2.1732e-05 2.12787e-05 6.01854e-07 4.25575e-07 0 1.12607e-10 4.25575e-06 9.17569e-07 
scan 310 50 47 0 0 0 0 0 0 0 0 0 
scan 310 50 48 0 0 0 0 0 0 0 0 0 
scan 310 50 49 0 0 0 0 0 0 0 0 0 
scan 310 50 50 0 0 0 0 0 0 0 0 0 
scan 310 50 51 0 0 0 0 0 0 0 0 0 
scan 310 50 52 0 0 0 0 0 0 0 0 0 
scan 310 50 53 0 0 0 0 0 0 0 0 0 
scan 310 50 54 0 0 0 0 0 0 0 0 0 
scan 310 50 55 0 0 0 0 0 0 0 0 0 
scan 310 50 56 2.12789e-05 3.01159e-05 2.12789e-05 6.01858e-07 4.25578e-07 0 3.06544e-11 2.12789e-05 9.17576e-07 
scan 310 50 57 0 0 0 0 0 0 0 0 0 
scan 310 50 58 0 0 0 0 0 0 0 0 0 
scan 310 50 59 0 0 0 0 0 0 0 0 0 
scan 310 50 75 0 0 0 0 0 0 0 0 0 
scan 310 50 76 0 0 0 0 0 0 0 0 0 
scan 310 50 77 0 0 0 0 0 0 0 0 0 
scan 310 50 78 0 0 0 0 0 0 0 0 0 
scan 310 50 79 0 0 0 0 0 0 0 0 0 
scan 310 50 80 0 0 0 0 0 0 0 0 0 
scan 310 50 81 0 0 0 0 0 0 0 0 0 
scan 310 50 82 0 0 0 0 0 0 0 0 0 
scan 310 50 83 0 0 0 0 0 0 0 0 0 
scan 310 50 84 0 0 0 0 0 0 0 0 0 
scan 310 50 85 0 0 0 0 0 0 0 0 0 
scan 310 50 86 0 0 0 0 0 0 0 0 0 
scan 310 50 87 0 0 0 0 0 0 0 0 0 
scan 310 50 88 0 0 0 0 0 0 0 0 0 
scan 310 50 89 0 0 0 0 0 0 0 0 0 
scan 310 50 90 5.46905e-05 3.38705e-05 3.15775e-05 1.85977e-06 3.70325e-07 2.01104e-06 4.10179e-06 1.09381e-05 2.44283e-06 
scan 310 50 91 5.95056e-05 3.6647e-05 3.44004e-05 9.53131e-07 1.47928e-06 1.78517e-06 2.15568e-06 1.19011e-05 2.65544e-06 
scan 310 50 92 1.91511e-05 1.96021e-05 1.91511e-05 0 5.41674e-07 9.57553e-07 9.57553e-07 3.83021e-06 8.25821e-07 
scan 310 50 93 0 0 0 0 0 0 0 0 0 
scan 310 50 94 0 0 0 0 0 0 0 0 0 
scan 310 50 95 0 0 0 0 0 0 0 0 0 
scan 310 50 96 2.04278e-05 2.13816e-05 2.04278e-05 0 5.77786e-07 1.02139e-06 4.08556e-07 6.12834e-06 8.80876e-07 
scan 310 50 97 0 0 0 0 0 0 0 0 0 
scan 310 50 98 0 0 0 0 0 0 0 0 0 
scan 310 50 99 0 0 0 0 0 0 0 0 0 
scan 310 50 100 0 0 0 0 0 0 0 0 0 
scan 310 50 101 0 0 0 0 0 0 0 0 0 
scan 310 50 102 0 0 0 0 0 0 0 0 0 
scan 310 50 103 9.94813e-05 0.000109209 4.45449e-05 1.5149e-06 1.95357e-06 3.40793e-06 3.11605e-06 9.94813e-05 4.28977e-06 
scan 310 50 104 2.11747e-05 2.99722e-05 2.11747e-05 4.23494e-07 4.23494e-07 6.35241e-07 5.1878e-08 2.11747e-05 9.13083e-07 
scan 310 50 120 0 0 0 0 0 0 0 0 0 
scan 310 50 121 0 0 0 0 0 0 0 0 0 
scan 310 50 122 0 0 0 0 0 0 0 0 0 
scan 310 50 123 0 0 0 0 0 0 0 0 0 
scan 310 50 124 0 0 0 0 0 0 0 0 0 
scan 310 50 125 0 0 0 0 0 0 0 0 0 
scan 310 50 126 0 0 0 0 0 0 0 0 0 
scan 310 50 127 0 0 0 0 0 0 0 0 0 
scan 310 50 128 0 0 0 0 0 0 0 0 0 
scan 310 50 129 0 0 0 0 0 0 0 0 0 
scan 310 50 130 0 0 0 0 0 0 0 0 0 
scan 310 50 131 0 0 0 0 0 0 0 0 0 
scan 310 50 132 0 0 0 0 0 0 0 0 0 
scan 310 50 133 0 0 0 0 0 0 0 0 0 
scan 310 50 134 0 0 0 0 0 0 0 0 0 
scan 310 50 135 3.99002e-05 2.9497e-05 2.82668e-05 9.85258e-07 7.98004e-07 1.19701e-06 1.17541e-06 7.98004e-06 1.72055e-06 
scan 310 50 136 2.11747e-05 2.1631e-05 2.11747e-05 4.23494e-07 4.23494e-07 6.35241e-07 5.1878e-08 4.23494e-06 9.13083e-07 
scan 310 50 137 4.28518e-05 3.16012e-05 3.03029e-05 8.57036e-07 8.57036e-07 1.28555e-06 1.04987e-07 8.57036e-06 1.94676e-06 
scan 310 50 138 0 0 0 0 0 0 0 0 0 
scan 310 50 139 0 0 0 0 0 0 0 0 0 
scan 310 50 140 2.11747e-05 2.21432e-05 2.11747e-05 4.23494e-07 4.23494e-07 6.35241e-07 5.1878e-08 6.35241e-06 9.13083e-07 
scan 310 50 141 4.23494e-05 3.26273e-05 2.99455e-05 8.46988e-07 8.46988e-07 1.27048e-06 1.03756e-07 1.27048e-05 1.82617e-06 
scan 310 50 142 0 0 0 0 0 0 0 0 0 
scan 310 50 143 0 0 0 0 0 0 0 0 0 
scan 310 50 144 2.11747e-05 2.21432e-05 2.11747e-05 4.23494e-07 4.23494e-07 6.35241e-07 5.1878e-08 6.35241e-06 9.13083e-07 
scan 310 50 145 0 0 0 0 0 0 0 0 0 
scan 310 50 146 0 0 0 0 0 0 0 0 0 
scan 310 50 147 2.11747e-05 2.99722e-05 2.11747e-05 4.23494e-07 4.23494e-07 6.35241e-07 5.1878e-08 2.11747e-05 9.13083e-07 
scan 310 50 148 1.91698e-05 2.71614e-05 1.91698e-05 3.83395e-07 3.83395e-07 5.75093e-07 1.15019e-06 1.91698e-05 9.14113e-07 
scan 310 50 149 0 0 0 0 0 0 0 0 0 
scan 310 50 165 0 0 0 0 0 0 0 0 0 
scan 310 50 166 0 0 0 0 0 0 0 0 0 
scan 310 50 167 0 0 0 0 0 0 0 0 0 
scan 310 50 168 0 0 0 0 0 0 0 0 0 
scan 310 50 169 0 0 0 0 0 0 0 0 0 
scan 310 50 170 0 0 0 0 0 0 0 0 0 
scan 310 50 171 0 0 0 0 0 0 0 0 0 
scan 310 50 172 0 0 0 0 0 0 0 0 0 
scan 310 50 173 0 0 0 0 0 0 0 0 0 
scan 310 50 174 0 0 0 0 0 0 0 0 0 
scan 310 50 175 0 0 0 0 0 0 0 0 0 
scan 310 50 176 0 0 0 0 0 0 0 0 0 
scan 310 50 177 0 0 0 0 0 0 0 0 0 
scan 310 50 178 0 0 0 0 0 0 0 0 0 
scan 310 50 179 0 0 0 0 0 0 0 0 0 
