# cards/mergeScans.py -> lines taken from file cards/ZW/l2j2_wz_220_10.txt
xsec 220 10 0.539184
scan 220 10 500 0.0024591 0 0 6.14775e-05 6.14775e-05 0 0 2.22964e-06 0
scan 220 10 501 0.00301862 0 0 7.54656e-05 7.54656e-05 0 0 3.56765e-06 0
scan 220 10 502 0.00576042 0 0 0.000144011 0.000144011 0 0 1.75854e-06 0
scan 220 10 503 0.00575822 0 0 0.000143956 0.000143956 0 0 2.56567e-06 0
scan 220 10 504 0.00345928 0 0 8.64821e-05 8.64821e-05 0 0 9.08758e-07 0
# cards/mergeScans.py -> lines taken from file TChiWZ.kit/output/cn_220_10.txt
scan 220 10 0 0.000138535 0.00014149 0.000138535 2.77069e-06 3.91835e-06 0 6.65243e-11 2.77069e-05 6.0794e-06 
scan 220 10 1 0.000540717 0.000292857 0.000270371 1.87691e-05 2.7008e-06 0 3.16594e-06 0.000108143 2.44874e-05 
scan 220 10 2 0.000679733 0.000335055 0.000304038 1.71149e-05 1.02118e-05 0 2.91495e-06 0.000135947 3.05836e-05 
scan 220 10 3 0 0 0 0 0 0 0 0 0 
scan 220 10 4 0 0 0 0 0 0 0 0 0 
scan 220 10 5 0 0 0 0 0 0 0 0 0 
scan 220 10 6 0 0 0 0 0 0 0 0 0 
scan 220 10 7 0 0 0 0 0 0 0 0 0 
scan 220 10 8 0 0 0 0 0 0 0 0 0 
scan 220 10 9 0 0 0 0 0 0 0 0 0 
scan 220 10 10 0 0 0 0 0 0 0 0 0 
scan 220 10 11 0 0 0 0 0 0 0 0 0 
scan 220 10 12 0.000277068 0.000339691 0.000195916 7.83666e-06 5.54135e-06 0 9.32691e-10 0.000277068 1.21587e-05 
scan 220 10 13 0 0 0 0 0 0 0 0 0 
scan 220 10 14 0 0 0 0 0 0 0 0 0 
scan 220 10 15 0.00574473 0.00148357 0.000886553 0.000137023 0.000101608 0 1.89854e-05 0.00114895 0.000255875 
scan 220 10 16 0.00779233 0.00191819 0.00103221 0.000196956 0.000156498 0 2.19819e-05 0.00155847 0.000348423 
scan 220 10 17 0.00534301 0.00139935 0.000855639 0.000113656 0.000119071 0 1.05303e-05 0.0010686 0.000238661 
scan 220 10 18 0.00245587 0.000771425 0.000578903 6.68132e-05 4.55014e-05 0 8.23716e-06 0.000491175 0.000110058 
scan 220 10 19 0.00150498 0.000550664 0.000453799 3.20417e-05 3.31797e-05 0 2.42714e-06 0.000300995 6.75717e-05 
scan 220 10 20 0.000551921 0.00032329 0.000275966 1.14189e-05 1.50223e-05 0 1.09443e-06 0.000165576 2.42203e-05 
scan 220 10 21 0.00300508 0.0011178 0.00064076 6.59688e-05 5.96519e-05 0 7.25178e-06 0.000901525 0.000134911 
scan 220 10 22 0.00190408 0.000772153 0.000508961 4.25807e-05 3.94801e-05 0 3.66901e-06 0.000571223 8.65936e-05 
scan 220 10 23 0.00109254 0.000509912 0.000386332 1.58934e-05 2.57334e-05 0 2.59194e-06 0.000327762 4.90779e-05 
scan 220 10 24 0.000133096 0.000139175 0.000133096 4.61058e-06 0 0 9.58291e-07 3.99288e-05 6.21736e-06 
scan 220 10 25 0 0 0 0 0 0 0 0 0 
scan 220 10 26 0.00150569 0.00157487 0.000454015 3.68705e-05 3.23645e-05 0 2.077e-06 0.00150569 6.76032e-05 
scan 220 10 27 0.00587004 0.00594619 0.000895259 0.000121066 0.00011954 0 1.86881e-05 0.00587004 0.00026292 
scan 220 10 28 0.00315249 0.00322488 0.000657384 6.10158e-05 7.66127e-05 0 4.6061e-06 0.00315249 0.000141015 
scan 220 10 29 0.000679539 0.0007453 0.000303914 9.5987e-06 1.6833e-05 0 1.3114e-06 0.000679539 3.09658e-05 
scan 220 10 30 0.000138534 0.00014149 0.000138534 3.91834e-06 2.77069e-06 0 1.99573e-10 2.77069e-05 6.07938e-06 
scan 220 10 31 0.000138535 0.00014149 0.000138535 2.77069e-06 3.91835e-06 0 1.13488e-10 2.77069e-05 6.07939e-06 
scan 220 10 32 0.000134824 0.000137718 0.000134824 0 4.67046e-06 0 1.0786e-07 2.69649e-05 6.29811e-06 
scan 220 10 33 0 0 0 0 0 0 0 0 0 
scan 220 10 34 0 0 0 0 0 0 0 0 0 
scan 220 10 35 0 0 0 0 0 0 0 0 0 
scan 220 10 36 0 0 0 0 0 0 0 0 0 
scan 220 10 37 0 0 0 0 0 0 0 0 0 
scan 220 10 38 0 0 0 0 0 0 0 0 0 
scan 220 10 39 0 0 0 0 0 0 0 0 0 
scan 220 10 40 0 0 0 0 0 0 0 0 0 
scan 220 10 41 0.000138535 0.000196071 0.000138535 2.77069e-06 3.91835e-06 0 6.65243e-11 0.000138535 6.0794e-06 
scan 220 10 42 0 0 0 0 0 0 0 0 0 
scan 220 10 43 0.000271364 0.00033265 0.000191887 4.72988e-06 4.67046e-06 0 1.09095e-06 0.000271364 1.229e-05 
scan 220 10 44 0 0 0 0 0 0 0 0 0 
scan 220 10 45 0.000135039 0.00013797 0.000135039 4.8689e-06 2.70078e-06 0 7.14627e-10 2.70078e-05 6.30813e-06 
scan 220 10 46 0.000135038 0.000137936 0.000135038 3.81944e-06 2.70075e-06 0 1.48879e-09 2.70075e-05 6.30806e-06 
scan 220 10 47 0 0 0 0 0 0 0 0 0 
scan 220 10 48 0 0 0 0 0 0 0 0 0 
scan 220 10 49 0 0 0 0 0 0 0 0 0 
scan 220 10 50 0 0 0 0 0 0 0 0 0 
scan 220 10 51 0 0 0 0 0 0 0 0 0 
scan 220 10 52 0 0 0 0 0 0 0 0 0 
scan 220 10 53 0 0 0 0 0 0 0 0 0 
scan 220 10 54 0 0 0 0 0 0 0 0 0 
scan 220 10 55 0 0 0 0 0 0 0 0 0 
scan 220 10 56 0 0 0 0 0 0 0 0 0 
scan 220 10 57 0.000138535 0.000196071 0.000138535 2.77069e-06 3.91835e-06 0 8.68889e-11 0.000138535 6.07939e-06 
scan 220 10 58 0 0 0 0 0 0 0 0 0 
scan 220 10 59 0 0 0 0 0 0 0 0 0 
scan 220 10 75 0 0 0 0 0 0 0 0 0 
scan 220 10 76 0 0 0 0 0 0 0 0 0 
scan 220 10 77 0 0 0 0 0 0 0 0 0 
scan 220 10 78 0 0 0 0 0 0 0 0 0 
scan 220 10 79 0 0 0 0 0 0 0 0 0 
scan 220 10 80 0 0 0 0 0 0 0 0 0 
scan 220 10 81 0 0 0 0 0 0 0 0 0 
scan 220 10 82 0 0 0 0 0 0 0 0 0 
scan 220 10 83 0 0 0 0 0 0 0 0 0 
scan 220 10 84 0 0 0 0 0 0 0 0 0 
scan 220 10 85 0 0 0 0 0 0 0 0 0 
scan 220 10 86 0 0 0 0 0 0 0 0 0 
scan 220 10 87 0 0 0 0 0 0 0 0 0 
scan 220 10 88 0 0 0 0 0 0 0 0 0 
scan 220 10 89 0 0 0 0 0 0 0 0 0 
scan 220 10 90 0.000239291 0.000177171 0.000169225 4.2457e-06 3.43757e-06 9.60946e-06 1.49084e-05 4.78582e-05 1.08449e-05 
scan 220 10 91 0 0 0 0 0 0 0 0 0 
scan 220 10 92 0.000121911 0.000124756 0.000121911 3.44815e-06 0 3.65732e-06 7.31464e-06 2.43821e-05 5.34987e-06 
scan 220 10 93 0 0 0 0 0 0 0 0 0 
scan 220 10 94 0.000134176 0.000137089 0.000134176 2.68353e-06 2.68353e-06 4.02529e-06 4.29364e-07 2.68353e-05 6.26783e-06 
scan 220 10 95 0 0 0 0 0 0 0 0 0 
scan 220 10 96 0 0 0 0 0 0 0 0 0 
scan 220 10 97 0 0 0 0 0 0 0 0 0 
scan 220 10 98 0 0 0 0 0 0 0 0 0 
scan 220 10 99 0 0 0 0 0 0 0 0 0 
scan 220 10 100 0 0 0 0 0 0 0 0 0 
scan 220 10 101 0.000137648 0.000194841 0.000137648 2.75296e-06 2.75296e-06 4.12945e-06 4.40474e-07 0.000137648 6.04049e-06 
scan 220 10 102 0.00039276 0.000454431 0.000227054 6.20527e-06 6.51874e-06 1.44427e-05 1.03123e-05 0.00039276 1.72357e-05 
scan 220 10 103 0 0 0 0 0 0 0 0 0 
scan 220 10 104 0 0 0 0 0 0 0 0 0 
scan 220 10 120 0 0 0 0 0 0 0 0 0 
scan 220 10 121 0 0 0 0 0 0 0 0 0 
scan 220 10 122 0 0 0 0 0 0 0 0 0 
scan 220 10 123 0 0 0 0 0 0 0 0 0 
scan 220 10 124 0 0 0 0 0 0 0 0 0 
scan 220 10 125 0 0 0 0 0 0 0 0 0 
scan 220 10 126 0 0 0 0 0 0 0 0 0 
scan 220 10 127 0 0 0 0 0 0 0 0 0 
scan 220 10 128 0 0 0 0 0 0 0 0 0 
scan 220 10 129 0 0 0 0 0 0 0 0 0 
scan 220 10 130 0 0 0 0 0 0 0 0 0 
scan 220 10 131 0 0 0 0 0 0 0 0 0 
scan 220 10 132 0 0 0 0 0 0 0 0 0 
scan 220 10 133 0 0 0 0 0 0 0 0 0 
scan 220 10 134 0 0 0 0 0 0 0 0 0 
scan 220 10 135 0.000272235 0.000200761 0.000192515 5.4447e-06 5.4447e-06 8.16704e-06 6.66975e-07 5.4447e-05 1.23269e-05 
scan 220 10 136 0.000121911 0.000124756 0.000121911 2.43821e-06 2.43821e-06 3.65732e-06 7.31464e-06 2.43821e-05 5.34987e-06 
scan 220 10 137 0 0 0 0 0 0 0 0 0 
scan 220 10 138 0 0 0 0 0 0 0 0 0 
scan 220 10 139 0 0 0 0 0 0 0 0 0 
scan 220 10 140 0.000137856 0.000144165 0.000137856 2.75712e-06 2.75712e-06 4.13568e-06 3.37747e-07 4.13568e-05 6.04961e-06 
scan 220 10 141 0 0 0 0 0 0 0 0 0 
scan 220 10 142 0 0 0 0 0 0 0 0 0 
scan 220 10 143 0 0 0 0 0 0 0 0 0 
scan 220 10 144 0 0 0 0 0 0 0 0 0 
scan 220 10 145 0 0 0 0 0 0 0 0 0 
scan 220 10 146 0 0 0 0 0 0 0 0 0 
scan 220 10 147 0.000255611 0.000313971 0.000181302 5.11221e-06 5.11221e-06 1.04254e-05 9.16934e-06 0.000255611 1.12171e-05 
scan 220 10 148 0 0 0 0 0 0 0 0 0 
scan 220 10 149 0 0 0 0 0 0 0 0 0 
scan 220 10 165 0 0 0 0 0 0 0 0 0 
scan 220 10 166 0 0 0 0 0 0 0 0 0 
scan 220 10 167 0 0 0 0 0 0 0 0 0 
scan 220 10 168 0 0 0 0 0 0 0 0 0 
scan 220 10 169 0 0 0 0 0 0 0 0 0 
scan 220 10 170 0 0 0 0 0 0 0 0 0 
scan 220 10 171 0 0 0 0 0 0 0 0 0 
scan 220 10 172 0 0 0 0 0 0 0 0 0 
scan 220 10 173 0 0 0 0 0 0 0 0 0 
scan 220 10 174 0 0 0 0 0 0 0 0 0 
scan 220 10 175 0 0 0 0 0 0 0 0 0 
scan 220 10 176 0 0 0 0 0 0 0 0 0 
scan 220 10 177 0 0 0 0 0 0 0 0 0 
scan 220 10 178 0 0 0 0 0 0 0 0 0 
scan 220 10 179 0 0 0 0 0 0 0 0 0 
