# cards/mergeScans.py -> lines taken from file cards/ZW/l2j2_wz_320_140.txt
xsec 320 140 0.109938
scan 320 140 500 0.000521832 0 0 1.30458e-05 1.30458e-05 0 0 -8.44625e-07 0
scan 320 140 501 0.000775538 0 0 1.93885e-05 1.93885e-05 0 0 1.45118e-06 0
scan 320 140 502 0.00108985 0 0 2.72463e-05 2.72463e-05 0 0 5.21526e-07 0
scan 320 140 503 0.00157585 0 0 3.93963e-05 3.93963e-05 0 0 1.24769e-07 0
scan 320 140 504 0.000925791 0 0 2.31448e-05 2.31448e-05 0 0 1.03573e-06 0
# cards/mergeScans.py -> lines taken from file TChiWZ.kit/output/cn_320_140.txt
scan 320 140 0 0 0 0 0 0 0 0 0 0 
scan 320 140 1 6.54635e-05 4.01392e-05 3.77962e-05 1.54e-06 1.19751e-06 0 1.73446e-07 1.30927e-05 2.7109e-06 
scan 320 140 2 4.35386e-05 3.20783e-05 3.07872e-05 1.36891e-06 4.38324e-07 0 1.66727e-07 8.70773e-06 1.80297e-06 
scan 320 140 3 2.2977e-05 2.34714e-05 2.2977e-05 4.5954e-07 6.49888e-07 0 4.41158e-09 4.5954e-06 1.10219e-06 
scan 320 140 4 0 0 0 0 0 0 0 0 0 
scan 320 140 5 0 0 0 0 0 0 0 0 0 
scan 320 140 6 0 0 0 0 0 0 0 0 0 
scan 320 140 7 0 0 0 0 0 0 0 0 0 
scan 320 140 8 2.19382e-05 2.29348e-05 2.19382e-05 6.20506e-07 4.38764e-07 0 6.19184e-11 6.58146e-06 9.08479e-07 
scan 320 140 9 2.19383e-05 2.29349e-05 2.19383e-05 4.38766e-07 6.20509e-07 0 1.05348e-11 6.58149e-06 9.08483e-07 
scan 320 140 10 0 0 0 0 0 0 0 0 0 
scan 320 140 11 0 0 0 0 0 0 0 0 0 
scan 320 140 12 4.58704e-05 5.62545e-05 3.24354e-05 6.50135e-07 1.77434e-06 0 5.03896e-08 4.58704e-05 2.20037e-06 
scan 320 140 13 0 0 0 0 0 0 0 0 0 
scan 320 140 14 0 0 0 0 0 0 0 0 0 
scan 320 140 15 0.000731051 0.000197595 0.000127293 1.34062e-05 1.64506e-05 0 1.66528e-06 0.00014621 3.17742e-05 
scan 320 140 16 0.00171016 0.000403092 0.000193676 4.03541e-05 3.22744e-05 0 6.67716e-06 0.000342031 7.26164e-05 
scan 320 140 17 0.00119272 0.000295314 0.000162345 2.60723e-05 2.43249e-05 0 3.75853e-06 0.000238543 5.16323e-05 
scan 320 140 18 0.000842336 0.000221693 0.000136677 1.83152e-05 1.97119e-05 0 2.42339e-06 0.000168467 3.68245e-05 
scan 320 140 19 0.00061368 0.000172085 0.000115996 1.668e-05 1.11081e-05 0 2.86305e-06 0.000122736 2.6158e-05 
scan 320 140 20 4.45931e-05 3.43422e-05 3.15362e-05 1.22355e-06 6.20509e-07 0 1.63125e-07 1.33779e-05 1.99522e-06 
scan 320 140 21 0.000403536 0.000155572 9.51498e-05 9.91242e-06 7.92125e-06 0 8.94765e-07 0.000121061 1.82153e-05 
scan 320 140 22 0.000508414 0.000187783 0.000106048 1.45248e-05 7.08436e-06 0 1.71889e-06 0.000152524 2.21069e-05 
scan 320 140 23 0.000242368 0.000103873 7.30836e-05 5.84863e-06 4.51357e-06 0 5.17381e-07 7.27103e-05 1.03338e-05 
scan 320 140 24 0.00021969 9.64637e-05 6.94886e-05 5.60238e-06 3.51876e-06 0 8.76185e-07 6.59071e-05 9.39689e-06 
scan 320 140 25 2.29856e-05 3.2539e-05 2.29856e-05 8.28757e-07 4.59712e-07 0 1.2164e-10 2.29856e-05 1.1026e-06 
scan 320 140 26 0.000351809 0.000363099 8.79672e-05 7.14795e-06 7.76144e-06 0 6.38629e-07 0.000351809 1.48702e-05 
scan 320 140 27 0.000772575 0.000784564 0.00013062 1.62862e-05 1.45951e-05 0 2.82121e-06 0.000772575 3.34864e-05 
scan 320 140 28 0.00104059 0.00105308 0.000151829 2.48242e-05 2.13213e-05 0 2.02819e-06 0.00104059 4.50488e-05 
scan 320 140 29 0.000666026 0.000677952 0.000121624 1.0568e-05 1.66566e-05 0 1.28217e-06 0.000666026 2.90768e-05 
scan 320 140 30 0 0 0 0 0 0 0 0 0 
scan 320 140 31 0 0 0 0 0 0 0 0 0 
scan 320 140 32 0 0 0 0 0 0 0 0 0 
scan 320 140 33 4.49163e-05 3.31198e-05 3.17692e-05 1.30985e-06 1.08868e-06 0 3.9016e-09 8.98327e-06 2.01072e-06 
scan 320 140 34 2.19383e-05 2.24041e-05 2.19383e-05 6.20508e-07 4.38765e-07 0 3.16043e-11 4.38765e-06 9.08481e-07 
scan 320 140 35 2.19032e-05 2.28982e-05 2.19032e-05 0 7.5875e-07 0 1.75226e-08 6.57097e-06 9.0703e-07 
scan 320 140 36 2.29491e-05 2.3998e-05 2.29491e-05 0 7.94978e-07 0 1.83592e-08 6.88472e-06 1.10085e-06 
scan 320 140 37 0 0 0 0 0 0 0 0 0 
scan 320 140 38 0 0 0 0 0 0 0 0 0 
scan 320 140 39 0 0 0 0 0 0 0 0 0 
scan 320 140 40 0 0 0 0 0 0 0 0 0 
scan 320 140 41 2.19383e-05 3.1048e-05 2.19383e-05 4.38766e-07 6.20509e-07 0 1.05348e-11 2.19383e-05 9.08483e-07 
scan 320 140 42 6.54989e-05 7.57121e-05 3.78167e-05 1.99004e-06 8.77531e-07 0 1.55745e-07 6.54989e-05 2.71236e-06 
scan 320 140 43 4.38411e-05 5.37417e-05 3.10003e-05 6.20496e-07 1.19751e-06 0 1.77644e-08 4.38411e-05 1.81549e-06 
scan 320 140 44 2.19383e-05 3.1048e-05 2.19383e-05 6.20508e-07 4.38765e-07 0 3.16043e-11 2.19383e-05 9.08481e-07 
scan 320 140 45 0 0 0 0 0 0 0 0 0 
scan 320 140 46 2.19383e-05 2.24041e-05 2.19383e-05 6.20508e-07 4.38765e-07 0 3.16043e-11 4.38765e-06 9.08481e-07 
scan 320 140 47 4.49241e-05 3.31173e-05 3.17747e-05 1.08022e-06 1.0889e-06 0 4.2642e-11 8.98481e-06 2.01109e-06 
scan 320 140 48 0 0 0 0 0 0 0 0 0 
scan 320 140 49 0 0 0 0 0 0 0 0 0 
scan 320 140 50 0 0 0 0 0 0 0 0 0 
scan 320 140 51 0 0 0 0 0 0 0 0 0 
scan 320 140 52 0 0 0 0 0 0 0 0 0 
scan 320 140 53 0 0 0 0 0 0 0 0 0 
scan 320 140 54 0 0 0 0 0 0 0 0 0 
scan 320 140 55 0 0 0 0 0 0 0 0 0 
scan 320 140 56 0 0 0 0 0 0 0 0 0 
scan 320 140 57 0 0 0 0 0 0 0 0 0 
scan 320 140 58 0 0 0 0 0 0 0 0 0 
scan 320 140 59 0 0 0 0 0 0 0 0 0 
scan 320 140 75 0 0 0 0 0 0 0 0 0 
scan 320 140 76 0 0 0 0 0 0 0 0 0 
scan 320 140 77 0 0 0 0 0 0 0 0 0 
scan 320 140 78 0 0 0 0 0 0 0 0 0 
scan 320 140 79 0 0 0 0 0 0 0 0 0 
scan 320 140 80 0 0 0 0 0 0 0 0 0 
scan 320 140 81 0 0 0 0 0 0 0 0 0 
scan 320 140 82 0 0 0 0 0 0 0 0 0 
scan 320 140 83 0 0 0 0 0 0 0 0 0 
scan 320 140 84 0 0 0 0 0 0 0 0 0 
scan 320 140 85 0 0 0 0 0 0 0 0 0 
scan 320 140 86 0 0 0 0 0 0 0 0 0 
scan 320 140 87 0 0 0 0 0 0 0 0 0 
scan 320 140 88 0 0 0 0 0 0 0 0 0 
scan 320 140 89 0 0 0 0 0 0 0 0 0 
scan 320 140 90 0 0 0 0 0 0 0 0 0 
scan 320 140 91 4.11036e-05 3.03763e-05 2.9118e-05 8.22073e-07 8.22073e-07 1.23311e-06 1.2281e-06 8.22073e-06 1.70214e-06 
scan 320 140 92 4.36617e-05 3.22068e-05 3.08735e-05 8.73233e-07 8.73233e-07 1.74647e-06 1.06971e-07 8.73233e-06 1.80806e-06 
scan 320 140 93 1.93057e-05 1.97543e-05 1.93057e-05 3.86115e-07 3.86115e-07 5.79172e-07 1.15834e-06 3.86115e-06 7.99466e-07 
scan 320 140 94 0 0 0 0 0 0 0 0 0 
scan 320 140 95 2.02275e-05 2.12119e-05 2.02275e-05 4.04551e-07 1.01138e-06 6.06826e-07 1.21365e-06 6.06826e-06 9.703e-07 
scan 320 140 96 0 0 0 0 0 0 0 0 0 
scan 320 140 97 0 0 0 0 0 0 0 0 0 
scan 320 140 98 0 0 0 0 0 0 0 0 0 
scan 320 140 99 0 0 0 0 0 0 0 0 0 
scan 320 140 100 0 0 0 0 0 0 0 0 0 
scan 320 140 101 0 0 0 0 0 0 0 0 0 
scan 320 140 102 4.21789e-05 5.17962e-05 2.99315e-05 1.00351e-06 4.57464e-07 1.26537e-06 1.21438e-06 4.21789e-05 1.89668e-06 
scan 320 140 103 2.18308e-05 3.08998e-05 2.18308e-05 4.36617e-07 4.36617e-07 6.54925e-07 5.34855e-08 2.18308e-05 9.04032e-07 
scan 320 140 104 0 0 0 0 0 0 0 0 0 
scan 320 140 120 0 0 0 0 0 0 0 0 0 
scan 320 140 121 0 0 0 0 0 0 0 0 0 
scan 320 140 122 0 0 0 0 0 0 0 0 0 
scan 320 140 123 0 0 0 0 0 0 0 0 0 
scan 320 140 124 0 0 0 0 0 0 0 0 0 
scan 320 140 125 0 0 0 0 0 0 0 0 0 
scan 320 140 126 0 0 0 0 0 0 0 0 0 
scan 320 140 127 0 0 0 0 0 0 0 0 0 
scan 320 140 128 0 0 0 0 0 0 0 0 0 
scan 320 140 129 0 0 0 0 0 0 0 0 0 
scan 320 140 130 0 0 0 0 0 0 0 0 0 
scan 320 140 131 0 0 0 0 0 0 0 0 0 
scan 320 140 132 0 0 0 0 0 0 0 0 0 
scan 320 140 133 0 0 0 0 0 0 0 0 0 
scan 320 140 134 0 0 0 0 0 0 0 0 0 
scan 320 140 135 4.20584e-05 3.10791e-05 2.97614e-05 8.41167e-07 8.41167e-07 1.69837e-06 1.26714e-06 8.41167e-06 1.87433e-06 
scan 320 140 136 2.02275e-05 2.07034e-05 2.02275e-05 4.04551e-07 4.04551e-07 6.06826e-07 1.21365e-06 4.04551e-06 9.703e-07 
scan 320 140 137 0 0 0 0 0 0 0 0 0 
scan 320 140 138 0 0 0 0 0 0 0 0 0 
scan 320 140 139 0 0 0 0 0 0 0 0 0 
scan 320 140 140 2.28387e-05 2.38882e-05 2.28387e-05 4.56774e-07 4.56774e-07 6.85162e-07 7.30839e-08 6.85162e-06 1.09556e-06 
scan 320 140 141 2.02275e-05 2.12119e-05 2.02275e-05 4.04551e-07 1.01138e-06 6.06826e-07 1.21365e-06 6.06826e-06 9.703e-07 
scan 320 140 142 1.93057e-05 2.02205e-05 1.93057e-05 3.86115e-07 3.86115e-07 5.79172e-07 1.15834e-06 5.79172e-06 7.99466e-07 
scan 320 140 143 0 0 0 0 0 0 0 0 0 
scan 320 140 144 2.18308e-05 2.28278e-05 2.18308e-05 4.36617e-07 4.36617e-07 6.54925e-07 5.34855e-08 6.54925e-06 9.04032e-07 
scan 320 140 145 0 0 0 0 0 0 0 0 0 
scan 320 140 146 2.18308e-05 3.08998e-05 2.18308e-05 4.36617e-07 4.36617e-07 6.54925e-07 5.34855e-08 2.18308e-05 9.04032e-07 
scan 320 140 147 0 0 0 0 0 0 0 0 0 
scan 320 140 148 0 0 0 0 0 0 0 0 0 
scan 320 140 149 0 0 0 0 0 0 0 0 0 
scan 320 140 165 0 0 0 0 0 0 0 0 0 
scan 320 140 166 0 0 0 0 0 0 0 0 0 
scan 320 140 167 0 0 0 0 0 0 0 0 0 
scan 320 140 168 0 0 0 0 0 0 0 0 0 
scan 320 140 169 0 0 0 0 0 0 0 0 0 
scan 320 140 170 0 0 0 0 0 0 0 0 0 
scan 320 140 171 0 0 0 0 0 0 0 0 0 
scan 320 140 172 0 0 0 0 0 0 0 0 0 
scan 320 140 173 0 0 0 0 0 0 0 0 0 
scan 320 140 174 0 0 0 0 0 0 0 0 0 
scan 320 140 175 0 0 0 0 0 0 0 0 0 
scan 320 140 176 0 0 0 0 0 0 0 0 0 
scan 320 140 177 0 0 0 0 0 0 0 0 0 
scan 320 140 178 0 0 0 0 0 0 0 0 0 
scan 320 140 179 2.18308e-05 3.08998e-05 2.18308e-05 4.36617e-07 4.36617e-07 6.54925e-07 5.34855e-08 2.18308e-05 9.04032e-07 
