# cards/mergeScans.py -> lines taken from file cards/ZW/l2j2_wz_300_10.txt
xsec 300 10 0.145923
scan 300 10 500 0.00062815 0 0 1.57037e-05 1.57037e-05 0 0 1.00463e-07 0
scan 300 10 501 0.000889 0 0 2.2225e-05 2.2225e-05 0 0 -5.72075e-07 0
scan 300 10 502 0.00109999 0 0 2.74997e-05 2.74997e-05 0 0 2.69718e-06 0
scan 300 10 503 0.00206706 0 0 5.16765e-05 5.16765e-05 0 0 -9.00429e-07 0
scan 300 10 504 0.00339182 0 0 8.47954e-05 8.47954e-05 0 0 2.07449e-06 0
# cards/mergeScans.py -> lines taken from file TChiWZ.kit/output/cn_300_10.txt
scan 300 10 0 9.66416e-05 5.23604e-05 4.83522e-05 1.32642e-06 3.02736e-06 0 2.35604e-07 1.93283e-05 4.37197e-06 
scan 300 10 1 0 0 0 0 0 0 0 0 0 
scan 300 10 2 7.32019e-05 4.49755e-05 4.22912e-05 1.40146e-06 2.61775e-06 0 4.77305e-08 1.46404e-05 3.3305e-06 
scan 300 10 3 7.14531e-05 4.38514e-05 4.12534e-05 1.86452e-06 1.82366e-06 0 4.11884e-09 1.42906e-05 3.1748e-06 
scan 300 10 4 4.76328e-05 3.51128e-05 3.36815e-05 1.19078e-06 1.34726e-06 0 4.01193e-09 9.52657e-06 2.11642e-06 
scan 300 10 5 0 0 0 0 0 0 0 0 0 
scan 300 10 6 2.38202e-05 2.49052e-05 2.38202e-05 6.73736e-07 4.76404e-07 0 1.26056e-10 7.14605e-06 1.05838e-06 
scan 300 10 7 0 0 0 0 0 0 0 0 0 
scan 300 10 8 0 0 0 0 0 0 0 0 0 
scan 300 10 9 2.38203e-05 2.49054e-05 2.38203e-05 6.73741e-07 4.76407e-07 0 4.48204e-11 7.1461e-06 1.05838e-06 
scan 300 10 10 0 0 0 0 0 0 0 0 0 
scan 300 10 11 4.75455e-05 5.83071e-05 3.36198e-05 4.76408e-07 2.03665e-06 0 4.74652e-08 4.75455e-05 2.11254e-06 
scan 300 10 12 7.3202e-05 8.46532e-05 4.22912e-05 1.18687e-06 2.56499e-06 0 4.76669e-08 7.3202e-05 3.33051e-06 
scan 300 10 13 9.42146e-05 0.000105451 4.7108e-05 2.43984e-06 8.23844e-07 0 5.26138e-07 9.42146e-05 4.18614e-06 
scan 300 10 14 0.000122083 0.000133912 5.46254e-05 2.23456e-06 2.83457e-06 0 3.38605e-07 0.000122083 5.57851e-06 
scan 300 10 15 0.000720058 0.000198944 0.000131531 1.8171e-05 1.21615e-05 0 2.73126e-06 0.000144012 3.24581e-05 
scan 300 10 16 0.00136022 0.000335676 0.000181902 3.51368e-05 2.18677e-05 0 5.12474e-06 0.000272044 6.19882e-05 
scan 300 10 17 0.00123135 0.000308218 0.00017252 3.01398e-05 2.36587e-05 0 3.61512e-06 0.00024627 5.57184e-05 
scan 300 10 18 0.000922899 0.000243278 0.000149818 2.10633e-05 2.14853e-05 0 2.12471e-06 0.00018458 4.19402e-05 
scan 300 10 19 0.000941457 0.000246677 0.000150833 2.03802e-05 2.04242e-05 0 2.00305e-06 0.000188291 4.25294e-05 
scan 300 10 20 0.000118654 6.42468e-05 5.30643e-05 3.0196e-06 2.79157e-06 0 2.21597e-07 3.55961e-05 5.27201e-06 
scan 300 10 21 0.000290817 0.000122114 8.4016e-05 6.849e-06 4.25027e-06 0 1.16868e-06 8.72451e-05 1.32323e-05 
scan 300 10 22 0.000393725 0.000155371 9.85007e-05 1.05129e-05 6.81544e-06 0 1.02937e-06 0.000118117 1.81145e-05 
scan 300 10 23 0.000267612 0.000114795 8.07416e-05 6.57126e-06 4.52828e-06 0 8.64547e-07 8.02835e-05 1.22003e-05 
scan 300 10 24 0.00050878 0.000190786 0.000111093 1.28876e-05 7.35148e-06 0 2.11726e-06 0.000152634 2.31466e-05 
scan 300 10 25 4.76407e-05 5.84094e-05 3.36871e-05 1.34748e-06 9.52814e-07 0 6.86312e-11 4.76407e-05 2.11677e-06 
scan 300 10 26 0.000338442 0.000350839 9.04993e-05 6.82321e-06 8.69493e-06 0 2.74091e-07 0.000338442 1.52716e-05 
scan 300 10 27 0.00106866 0.00108228 0.000161225 2.27392e-05 2.0268e-05 0 3.43193e-06 0.00106866 4.86477e-05 
scan 300 10 28 0.00137622 0.00139025 0.00018239 2.87071e-05 2.91453e-05 0 3.55331e-06 0.00137622 6.22348e-05 
scan 300 10 29 0.00177588 0.00179067 0.000207987 3.9323e-05 3.7257e-05 0 3.4897e-06 0.00177588 8.0771e-05 
scan 300 10 30 0 0 0 0 0 0 0 0 0 
scan 300 10 31 4.72978e-05 3.48518e-05 3.34455e-05 1.28969e-06 6.73743e-07 0 1.69049e-07 9.45956e-06 2.10154e-06 
scan 300 10 32 7.1385e-05 4.37963e-05 4.12142e-05 4.76408e-07 2.32143e-06 0 3.80631e-08 1.4277e-05 3.17178e-06 
scan 300 10 33 2.5195e-05 2.57438e-05 2.5195e-05 1.03882e-06 0 0 2.26755e-07 5.03901e-06 1.19606e-06 
scan 300 10 34 0 0 0 0 0 0 0 0 0 
scan 300 10 35 0 0 0 0 0 0 0 0 0 
scan 300 10 36 0 0 0 0 0 0 0 0 0 
scan 300 10 37 2.37823e-05 2.48656e-05 2.37823e-05 0 8.23844e-07 0 1.90259e-08 7.1347e-06 1.0567e-06 
scan 300 10 38 2.38203e-05 2.49053e-05 2.38203e-05 6.73739e-07 4.76405e-07 0 8.7811e-11 7.14608e-06 1.05838e-06 
scan 300 10 39 2.56568e-05 2.68289e-05 2.56568e-05 7.25684e-07 5.13136e-07 0 3.69612e-11 7.69704e-06 1.21798e-06 
scan 300 10 40 0 0 0 0 0 0 0 0 0 
scan 300 10 41 4.76027e-05 5.83579e-05 3.36602e-05 6.73742e-07 1.30025e-06 0 1.90602e-08 4.76027e-05 2.11508e-06 
scan 300 10 42 4.91343e-05 6.02583e-05 3.47773e-05 1.32642e-06 7.25685e-07 0 1.6905e-07 4.91343e-05 2.26113e-06 
scan 300 10 43 0 0 0 0 0 0 0 0 0 
scan 300 10 44 9.48146e-05 0.00010613 4.74087e-05 2.11461e-06 1.97399e-06 0 2.2968e-07 9.48146e-05 4.2128e-06 
scan 300 10 45 2.38197e-05 2.43285e-05 2.38197e-05 6.73724e-07 4.76395e-07 0 3.43004e-10 4.76395e-06 1.05836e-06 
scan 300 10 46 4.93593e-05 3.64138e-05 3.49291e-05 1.36791e-06 1.19965e-06 0 5.87405e-08 9.87186e-06 2.2711e-06 
scan 300 10 47 0 0 0 0 0 0 0 0 0 
scan 300 10 48 0 0 0 0 0 0 0 0 0 
scan 300 10 49 0 0 0 0 0 0 0 0 0 
scan 300 10 50 0 0 0 0 0 0 0 0 0 
scan 300 10 51 0 0 0 0 0 0 0 0 0 
scan 300 10 52 0 0 0 0 0 0 0 0 0 
scan 300 10 53 0 0 0 0 0 0 0 0 0 
scan 300 10 54 0 0 0 0 0 0 0 0 0 
scan 300 10 55 0 0 0 0 0 0 0 0 0 
scan 300 10 56 0 0 0 0 0 0 0 0 0 
scan 300 10 57 0 0 0 0 0 0 0 0 0 
scan 300 10 58 2.38204e-05 3.37139e-05 2.38204e-05 4.76408e-07 6.73743e-07 0 1.14386e-11 2.38204e-05 1.05839e-06 
scan 300 10 59 2.38202e-05 3.37177e-05 2.38202e-05 8.58849e-07 4.76404e-07 0 1.26056e-10 2.38202e-05 1.05838e-06 
scan 300 10 75 0 0 0 0 0 0 0 0 0 
scan 300 10 76 0 0 0 0 0 0 0 0 0 
scan 300 10 77 0 0 0 0 0 0 0 0 0 
scan 300 10 78 0 0 0 0 0 0 0 0 0 
scan 300 10 79 0 0 0 0 0 0 0 0 0 
scan 300 10 80 0 0 0 0 0 0 0 0 0 
scan 300 10 81 0 0 0 0 0 0 0 0 0 
scan 300 10 82 0 0 0 0 0 0 0 0 0 
scan 300 10 83 0 0 0 0 0 0 0 0 0 
scan 300 10 84 0 0 0 0 0 0 0 0 0 
scan 300 10 85 0 0 0 0 0 0 0 0 0 
scan 300 10 86 0 0 0 0 0 0 0 0 0 
scan 300 10 87 0 0 0 0 0 0 0 0 0 
scan 300 10 88 0 0 0 0 0 0 0 0 0 
scan 300 10 89 0 0 0 0 0 0 0 0 0 
scan 300 10 90 4.46759e-05 3.3012e-05 3.15995e-05 7.86311e-07 6.46794e-07 1.34028e-06 2.09298e-06 8.93519e-06 2.05134e-06 
scan 300 10 91 4.574e-05 3.39683e-05 3.25551e-05 1.08254e-06 5.09853e-07 1.3722e-06 1.60013e-06 9.148e-06 2.10982e-06 
scan 300 10 92 6.69402e-05 4.128e-05 3.87977e-05 1.50062e-06 9.48148e-07 2.00821e-06 1.8741e-06 1.3388e-05 2.97428e-06 
scan 300 10 93 0 0 0 0 0 0 0 0 0 
scan 300 10 94 0 0 0 0 0 0 0 0 0 
scan 300 10 95 0 0 0 0 0 0 0 0 0 
scan 300 10 96 0 0 0 0 0 0 0 0 0 
scan 300 10 97 0 0 0 0 0 0 0 0 0 
scan 300 10 98 0 0 0 0 0 0 0 0 0 
scan 300 10 99 0 0 0 0 0 0 0 0 0 
scan 300 10 100 0 0 0 0 0 0 0 0 0 
scan 300 10 101 2.46306e-05 3.48847e-05 2.46306e-05 0 6.96658e-07 1.23153e-06 4.92612e-07 2.46306e-05 1.16926e-06 
scan 300 10 102 2.55311e-05 3.61422e-05 2.55311e-05 5.10623e-07 5.10623e-07 7.65934e-07 6.25513e-08 2.55311e-05 1.21201e-06 
scan 300 10 103 0 0 0 0 0 0 0 0 0 
scan 300 10 104 0 0 0 0 0 0 0 0 0 
scan 300 10 120 0 0 0 0 0 0 0 0 0 
scan 300 10 121 0 0 0 0 0 0 0 0 0 
scan 300 10 122 0 0 0 0 0 0 0 0 0 
scan 300 10 123 0 0 0 0 0 0 0 0 0 
scan 300 10 124 0 0 0 0 0 0 0 0 0 
scan 300 10 125 0 0 0 0 0 0 0 0 0 
scan 300 10 126 0 0 0 0 0 0 0 0 0 
scan 300 10 127 0 0 0 0 0 0 0 0 0 
scan 300 10 128 0 0 0 0 0 0 0 0 0 
scan 300 10 129 0 0 0 0 0 0 0 0 0 
scan 300 10 130 0 0 0 0 0 0 0 0 0 
scan 300 10 131 0 0 0 0 0 0 0 0 0 
scan 300 10 132 0 0 0 0 0 0 0 0 0 
scan 300 10 133 0 0 0 0 0 0 0 0 0 
scan 300 10 134 0 0 0 0 0 0 0 0 0 
scan 300 10 135 7.20243e-05 4.44433e-05 4.17502e-05 1.65011e-06 1.44049e-06 2.57997e-06 1.38282e-06 1.44049e-05 3.35541e-06 
scan 300 10 136 0 0 0 0 0 0 0 0 0 
scan 300 10 137 4.57785e-05 3.40514e-05 3.25852e-05 9.1557e-07 9.1557e-07 2.28893e-06 1.5811e-06 9.1557e-06 2.11164e-06 
scan 300 10 138 0 0 0 0 0 0 0 0 0 
scan 300 10 139 0 0 0 0 0 0 0 0 0 
scan 300 10 140 0 0 0 0 0 0 0 0 0 
scan 300 10 141 2.37037e-05 2.47891e-05 2.37037e-05 4.74074e-07 4.74074e-07 7.11111e-07 5.80741e-08 7.11111e-06 1.0532e-06 
scan 300 10 142 0 0 0 0 0 0 0 0 0 
scan 300 10 143 0 0 0 0 0 0 0 0 0 
scan 300 10 144 0 0 0 0 0 0 0 0 0 
scan 300 10 145 0 0 0 0 0 0 0 0 0 
scan 300 10 146 2.37037e-05 3.35529e-05 2.37037e-05 4.74074e-07 4.74074e-07 7.11111e-07 5.80741e-08 2.37037e-05 1.0532e-06 
scan 300 10 147 2.0962e-05 2.97023e-05 2.0962e-05 6.28859e-07 4.1924e-07 6.28859e-07 1.25772e-06 2.0962e-05 9.31382e-07 
scan 300 10 148 0 0 0 0 0 0 0 0 0 
scan 300 10 149 0 0 0 0 0 0 0 0 0 
scan 300 10 165 0 0 0 0 0 0 0 0 0 
scan 300 10 166 0 0 0 0 0 0 0 0 0 
scan 300 10 167 0 0 0 0 0 0 0 0 0 
scan 300 10 168 0 0 0 0 0 0 0 0 0 
scan 300 10 169 0 0 0 0 0 0 0 0 0 
scan 300 10 170 0 0 0 0 0 0 0 0 0 
scan 300 10 171 0 0 0 0 0 0 0 0 0 
scan 300 10 172 0 0 0 0 0 0 0 0 0 
scan 300 10 173 0 0 0 0 0 0 0 0 0 
scan 300 10 174 0 0 0 0 0 0 0 0 0 
scan 300 10 175 0 0 0 0 0 0 0 0 0 
scan 300 10 176 0 0 0 0 0 0 0 0 0 
scan 300 10 177 0 0 0 0 0 0 0 0 0 
scan 300 10 178 0 0 0 0 0 0 0 0 0 
scan 300 10 179 0 0 0 0 0 0 0 0 0 
