# cards/mergeScans.py -> lines taken from file cards/ZW/l2j2_wz_340_0.txt
xsec 340 0 0.0840923
scan 340 0 500 0.000532562 0 0 1.3314e-05 1.3314e-05 0 0 1.34991e-08 0
scan 340 0 501 0.000606757 0 0 1.51689e-05 1.51689e-05 0 0 3.02468e-07 0
scan 340 0 502 0.000571615 0 0 1.42904e-05 1.42904e-05 0 0 4.63839e-07 0
scan 340 0 503 0.000902512 0 0 2.25628e-05 2.25628e-05 0 0 2.40745e-07 0
scan 340 0 504 0.00207219 0 0 5.18048e-05 5.18048e-05 0 0 4.33549e-07 0
# cards/mergeScans.py -> lines taken from file TChiWZ.kit/output/cn_340_0.txt
scan 340 0 0 0 0 0 0 0 0 0 0 0 
scan 340 0 1 1.05129e-05 1.07382e-05 1.05129e-05 3.79047e-07 2.10258e-07 0 5.56342e-11 2.10258e-06 4.23126e-07 
scan 340 0 2 2.15394e-05 1.589e-05 1.5235e-05 5.17881e-07 8.04052e-07 0 6.59549e-11 4.30789e-06 9.56576e-07 
scan 340 0 3 2.08262e-05 1.53463e-05 1.47269e-05 7.22712e-07 2.10048e-07 0 9.82071e-08 4.16523e-06 8.38218e-07 
scan 340 0 4 3.25346e-05 1.99646e-05 1.87882e-05 6.08837e-07 8.11873e-07 0 1.57603e-08 6.50691e-06 1.48851e-06 
scan 340 0 5 1.10266e-05 1.15308e-05 1.10266e-05 3.81971e-07 0 0 9.3403e-15 3.30797e-06 5.33452e-07 
scan 340 0 6 0 0 0 0 0 0 0 0 0 
scan 340 0 7 1.04667e-05 1.09417e-05 1.04667e-05 0 3.62578e-07 0 2.30268e-08 3.14002e-06 4.21269e-07 
scan 340 0 8 0 0 0 0 0 0 0 0 0 
scan 340 0 9 2.18943e-05 1.68647e-05 1.5482e-05 5.97002e-07 3.11878e-07 0 7.82549e-08 6.5683e-06 1.05922e-06 
scan 340 0 10 0 0 0 0 0 0 0 0 0 
scan 340 0 11 1.04962e-05 1.48543e-05 1.04962e-05 0 3.63598e-07 0 8.39694e-09 1.04962e-05 4.22453e-07 
scan 340 0 12 4.25487e-05 4.76274e-05 2.12791e-05 7.28142e-07 1.18309e-06 0 8.42243e-09 4.25487e-05 1.80216e-06 
scan 340 0 13 3.19011e-05 3.68793e-05 1.84247e-05 8.76819e-07 5.22137e-07 0 7.46256e-08 3.19011e-05 1.37362e-06 
scan 340 0 14 9.60617e-05 0.000101402 3.20353e-05 2.90405e-06 1.39388e-06 0 2.98779e-07 9.60617e-05 4.2249e-06 
scan 340 0 15 0.000399491 0.000104907 6.48184e-05 9.86764e-06 6.94933e-06 0 1.26021e-06 7.98982e-05 1.65252e-05 
scan 340 0 16 0.000646243 0.000157183 8.27673e-05 1.46643e-05 1.27662e-05 0 2.35782e-06 0.000129249 2.77012e-05 
scan 340 0 17 0.000602691 0.0001481 7.98523e-05 1.64078e-05 9.67568e-06 0 2.33494e-06 0.000120538 2.56821e-05 
scan 340 0 18 0.000540983 0.00013514 7.57723e-05 1.28026e-05 1.07163e-05 0 1.41614e-06 0.000108197 2.31098e-05 
scan 340 0 19 0.00082422 0.000194153 9.33477e-05 1.64044e-05 1.81846e-05 0 2.21857e-06 0.000164844 3.46907e-05 
scan 340 0 20 3.2566e-05 2.12751e-05 1.88066e-05 9.21105e-07 6.51319e-07 0 7.66777e-11 9.76979e-06 1.49003e-06 
scan 340 0 21 0.000180066 7.00969e-05 4.36838e-05 2.48298e-06 4.79933e-06 0 3.49771e-07 5.40198e-05 7.60553e-06 
scan 340 0 22 0.000188956 7.2774e-05 4.4548e-05 5.47562e-06 1.87586e-06 0 1.14207e-06 5.66867e-05 7.95892e-06 
scan 340 0 23 0.000201144 7.66789e-05 4.61583e-05 4.89949e-06 2.93593e-06 0 8.28082e-07 6.03431e-05 8.6288e-06 
scan 340 0 24 0.000178778 6.95843e-05 4.33699e-05 3.96803e-06 3.54055e-06 0 7.2608e-07 5.36333e-05 7.46238e-06 
scan 340 0 25 2.08745e-05 2.55916e-05 1.47609e-05 7.37984e-07 2.10258e-07 0 7.46592e-08 2.08745e-05 8.40163e-07 
scan 340 0 26 0.000158806 0.000164233 4.10132e-05 3.19703e-06 4.04144e-06 0 2.11033e-07 0.000158806 6.66064e-06 
scan 340 0 27 0.000653316 0.000659439 8.29884e-05 1.68222e-05 1.00935e-05 0 2.78865e-06 0.000653316 2.7535e-05 
scan 340 0 28 0.000722516 0.000728791 8.76432e-05 1.54635e-05 1.50379e-05 0 1.55116e-06 0.000722516 3.09565e-05 
scan 340 0 29 0.00171733 0.00172495 0.000134961 3.78197e-05 3.40819e-05 0 5.12457e-06 0.00171733 7.33927e-05 
scan 340 0 30 0 0 0 0 0 0 0 0 0 
scan 340 0 31 1.05079e-05 1.07306e-05 1.05079e-05 2.10159e-07 2.9721e-07 0 2.52191e-09 2.10159e-06 4.22927e-07 
scan 340 0 32 1.05129e-05 1.07356e-05 1.05129e-05 2.10258e-07 2.9735e-07 0 3.70896e-11 2.10258e-06 4.23127e-07 
scan 340 0 33 1.07884e-05 1.10214e-05 1.07884e-05 3.73721e-07 0 0 1.16515e-07 2.15768e-06 5.2193e-07 
scan 340 0 34 1.02291e-05 1.04493e-05 1.02291e-05 4.21758e-07 0 0 1.38093e-07 2.04583e-06 4.11706e-07 
scan 340 0 35 0 0 0 0 0 0 0 0 0 
scan 340 0 36 0 0 0 0 0 0 0 0 0 
scan 340 0 37 1.03616e-05 1.08321e-05 1.03616e-05 3.58937e-07 0 0 7.46036e-08 3.10848e-06 4.17037e-07 
scan 340 0 38 0 0 0 0 0 0 0 0 0 
scan 340 0 39 0 0 0 0 0 0 0 0 0 
scan 340 0 40 0 0 0 0 0 0 0 0 0 
scan 340 0 41 0 0 0 0 0 0 0 0 0 
scan 340 0 42 1.10089e-05 1.55827e-05 1.10089e-05 0 3.8136e-07 0 8.80714e-09 1.10089e-05 5.32599e-07 
scan 340 0 43 1.10265e-05 1.56077e-05 1.10265e-05 3.11877e-07 2.20531e-07 0 1.58848e-11 1.10265e-05 5.33451e-07 
scan 340 0 44 2.13808e-05 2.62127e-05 1.51206e-05 5.86731e-07 2.97352e-07 0 7.82546e-08 2.13808e-05 9.489e-07 
scan 340 0 45 0 0 0 0 0 0 0 0 0 
scan 340 0 46 0 0 0 0 0 0 0 0 0 
scan 340 0 47 0 0 0 0 0 0 0 0 0 
scan 340 0 48 0 0 0 0 0 0 0 0 0 
scan 340 0 49 0 0 0 0 0 0 0 0 0 
scan 340 0 50 0 0 0 0 0 0 0 0 0 
scan 340 0 51 0 0 0 0 0 0 0 0 0 
scan 340 0 52 0 0 0 0 0 0 0 0 0 
scan 340 0 53 0 0 0 0 0 0 0 0 0 
scan 340 0 54 1.0513e-05 1.09901e-05 1.0513e-05 2.1026e-07 2.97352e-07 0 8.61223e-12 3.15389e-06 4.2313e-07 
scan 340 0 55 0 0 0 0 0 0 0 0 0 
scan 340 0 56 0 0 0 0 0 0 0 0 0 
scan 340 0 57 0 0 0 0 0 0 0 0 0 
scan 340 0 58 0 0 0 0 0 0 0 0 0 
scan 340 0 59 0 0 0 0 0 0 0 0 0 
scan 340 0 75 0 0 0 0 0 0 0 0 0 
scan 340 0 76 0 0 0 0 0 0 0 0 0 
scan 340 0 77 0 0 0 0 0 0 0 0 0 
scan 340 0 78 0 0 0 0 0 0 0 0 0 
scan 340 0 79 0 0 0 0 0 0 0 0 0 
scan 340 0 80 0 0 0 0 0 0 0 0 0 
scan 340 0 81 0 0 0 0 0 0 0 0 0 
scan 340 0 82 0 0 0 0 0 0 0 0 0 
scan 340 0 83 0 0 0 0 0 0 0 0 0 
scan 340 0 84 0 0 0 0 0 0 0 0 0 
scan 340 0 85 0 0 0 0 0 0 0 0 0 
scan 340 0 86 0 0 0 0 0 0 0 0 0 
scan 340 0 87 0 0 0 0 0 0 0 0 0 
scan 340 0 88 0 0 0 0 0 0 0 0 0 
scan 340 0 89 0 0 0 0 0 0 0 0 0 
scan 340 0 90 9.70338e-06 9.94177e-06 9.70338e-06 1.94068e-07 4.85169e-07 2.91101e-07 5.82203e-07 1.94068e-06 4.69438e-07 
scan 340 0 91 3.9862e-05 2.1656e-05 1.99575e-05 8.89755e-07 7.9724e-07 1.19586e-06 1.19635e-06 7.9724e-06 1.68327e-06 
scan 340 0 92 8.93605e-06 9.15212e-06 8.93605e-06 2.5275e-07 0 2.68081e-07 6.70203e-07 1.78721e-06 3.59661e-07 
scan 340 0 93 0 0 0 0 0 0 0 0 0 
scan 340 0 94 0 0 0 0 0 0 0 0 0 
scan 340 0 95 0 0 0 0 0 0 0 0 0 
scan 340 0 96 2.98054e-05 1.94977e-05 1.72305e-05 4.709e-07 4.94688e-07 8.94162e-07 7.82566e-07 8.94162e-06 1.19962e-06 
scan 340 0 97 0 0 0 0 0 0 0 0 0 
scan 340 0 98 0 0 0 0 0 0 0 0 0 
scan 340 0 99 0 0 0 0 0 0 0 0 0 
scan 340 0 100 0 0 0 0 0 0 0 0 0 
scan 340 0 101 0 0 0 0 0 0 0 0 0 
scan 340 0 102 2.1434e-05 2.62921e-05 1.51604e-05 4.2868e-07 4.2868e-07 8.62471e-07 5.25133e-08 2.1434e-05 9.51895e-07 
scan 340 0 103 3.04224e-05 3.52081e-05 1.75981e-05 1.85029e-07 7.83835e-07 9.12673e-07 9.78506e-07 3.04224e-05 1.39658e-06 
scan 340 0 104 2.09072e-05 2.56403e-05 1.47836e-05 4.18144e-07 4.18144e-07 8.3613e-07 5.90569e-08 2.09072e-05 8.41479e-07 
scan 340 0 120 0 0 0 0 0 0 0 0 0 
scan 340 0 121 0 0 0 0 0 0 0 0 0 
scan 340 0 122 0 0 0 0 0 0 0 0 0 
scan 340 0 123 0 0 0 0 0 0 0 0 0 
scan 340 0 124 0 0 0 0 0 0 0 0 0 
scan 340 0 125 0 0 0 0 0 0 0 0 0 
scan 340 0 126 0 0 0 0 0 0 0 0 0 
scan 340 0 127 0 0 0 0 0 0 0 0 0 
scan 340 0 128 0 0 0 0 0 0 0 0 0 
scan 340 0 129 0 0 0 0 0 0 0 0 0 
scan 340 0 130 0 0 0 0 0 0 0 0 0 
scan 340 0 131 0 0 0 0 0 0 0 0 0 
scan 340 0 132 0 0 0 0 0 0 0 0 0 
scan 340 0 133 0 0 0 0 0 0 0 0 0 
scan 340 0 134 0 0 0 0 0 0 0 0 0 
scan 340 0 135 2.0923e-05 1.54324e-05 1.47948e-05 4.18459e-07 4.18459e-07 8.36919e-07 5.12613e-08 4.18459e-06 8.42114e-07 
scan 340 0 136 2.0923e-05 1.54225e-05 1.47948e-05 4.18459e-07 4.18459e-07 6.27689e-07 5.12613e-08 4.18459e-06 8.42114e-07 
scan 340 0 137 2.0923e-05 1.54225e-05 1.47948e-05 4.18459e-07 4.18459e-07 6.27689e-07 5.12613e-08 4.18459e-06 8.42114e-07 
scan 340 0 138 0 0 0 0 0 0 0 0 0 
scan 340 0 139 0 0 0 0 0 0 0 0 0 
scan 340 0 140 0 0 0 0 0 0 0 0 0 
scan 340 0 141 0 0 0 0 0 0 0 0 0 
scan 340 0 142 8.93605e-06 9.37666e-06 8.93605e-06 1.78721e-07 4.46802e-07 2.68081e-07 6.70203e-07 2.68081e-06 3.59661e-07 
scan 340 0 143 0 0 0 0 0 0 0 0 0 
scan 340 0 144 0 0 0 0 0 0 0 0 0 
scan 340 0 145 0 0 0 0 0 0 0 0 0 
scan 340 0 146 1.09725e-05 1.55332e-05 1.09725e-05 2.19451e-07 2.19451e-07 3.29176e-07 2.68827e-08 1.09725e-05 5.30838e-07 
scan 340 0 147 3.11965e-05 3.61188e-05 1.8066e-05 6.2393e-07 9.01473e-07 1.15535e-06 6.08852e-07 3.11965e-05 1.43403e-06 
scan 340 0 148 1.04615e-05 1.48071e-05 1.04615e-05 2.0923e-07 2.0923e-07 3.13844e-07 2.56306e-08 1.04615e-05 4.21057e-07 
scan 340 0 149 0 0 0 0 0 0 0 0 0 
scan 340 0 165 0 0 0 0 0 0 0 0 0 
scan 340 0 166 0 0 0 0 0 0 0 0 0 
scan 340 0 167 0 0 0 0 0 0 0 0 0 
scan 340 0 168 0 0 0 0 0 0 0 0 0 
scan 340 0 169 0 0 0 0 0 0 0 0 0 
scan 340 0 170 0 0 0 0 0 0 0 0 0 
scan 340 0 171 0 0 0 0 0 0 0 0 0 
scan 340 0 172 0 0 0 0 0 0 0 0 0 
scan 340 0 173 0 0 0 0 0 0 0 0 0 
scan 340 0 174 0 0 0 0 0 0 0 0 0 
scan 340 0 175 0 0 0 0 0 0 0 0 0 
scan 340 0 176 0 0 0 0 0 0 0 0 0 
scan 340 0 177 0 0 0 0 0 0 0 0 0 
scan 340 0 178 0 0 0 0 0 0 0 0 0 
scan 340 0 179 0 0 0 0 0 0 0 0 0 
