# cards/mergeScans.py -> lines taken from file cards/ZW/l2j2_wz_170_30.txt
xsec 170 30 1.48538
scan 170 30 500 0.0117039 0 0 0.000292597 0.000292597 0 0 2.22828e-05 0
scan 170 30 501 0.0122236 0 0 0.00030559 0.00030559 0 0 1.13441e-06 0
scan 170 30 502 0.0052805 0 0 0.000132012 0.000132012 0 0 3.53138e-05 0
scan 170 30 503 0.00202945 0 0 5.07363e-05 5.07363e-05 0 0 2.13161e-05 0
scan 170 30 504 0.000590247 0 0 1.47562e-05 1.47562e-05 0 0 0 0
# cards/mergeScans.py -> lines taken from file TChiWZ.kit/output/cn_170_30.txt
scan 170 30 0 0.000774521 0.000791422 0.000774521 1.54904e-05 2.19068e-05 0 4.8578e-10 0.000154904 4.18335e-05 
scan 170 30 1 0.0030111 0.00163291 0.00150565 0.000106462 3.0462e-05 0 2.49229e-05 0.000602219 0.000154417 
scan 170 30 2 0.00228757 0.00140452 0.00132073 6.95493e-05 3.05007e-05 0 9.30642e-09 0.000457513 0.000115203 
scan 170 30 3 0 0 0 0 0 0 0 0 0 
scan 170 30 4 0 0 0 0 0 0 0 0 0 
scan 170 30 5 0 0 0 0 0 0 0 0 0 
scan 170 30 6 0 0 0 0 0 0 0 0 0 
scan 170 30 7 0.000751547 0.000786001 0.000751547 2.60344e-05 0 0 5.41114e-06 0.000225464 3.78482e-05 
scan 170 30 8 0 0 0 0 0 0 0 0 0 
scan 170 30 9 0.000762526 0.000797463 0.000762526 2.15675e-05 1.52505e-05 0 1.09849e-09 0.000228758 3.84011e-05 
scan 170 30 10 0 0 0 0 0 0 0 0 0 
scan 170 30 11 0 0 0 0 0 0 0 0 0 
scan 170 30 12 0 0 0 0 0 0 0 0 0 
scan 170 30 13 0.000737822 0.00104448 0.000737822 2.55589e-05 0 0 1.19527e-05 0.000737822 3.7157e-05 
scan 170 30 14 0.000761308 0.00107766 0.000761308 0 2.63725e-05 0 6.09046e-07 0.000761308 3.83397e-05 
scan 170 30 15 0.0137801 0.00433909 0.0032481 0.00026871 0.000302766 0 2.63293e-05 0.00275601 0.000719277 
scan 170 30 16 0.0405023 0.0101254 0.00556373 0.000807026 0.00090065 0 0.00011538 0.00810046 0.00211547 
scan 170 30 17 0.0114324 0.00379565 0.00295201 0.00025455 0.000225633 0 3.2144e-05 0.00228649 0.000589791 
scan 170 30 18 0.00301854 0.0016356 0.00150937 8.85539e-05 3.6818e-05 0 1.543e-05 0.000603708 0.000152015 
scan 170 30 19 0.000762526 0.000779022 0.000762526 2.15675e-05 1.52505e-05 0 1.09849e-09 0.000152505 3.84011e-05 
scan 170 30 20 0.00152383 0.00117393 0.00107751 2.15675e-05 4.1623e-05 0 6.10145e-07 0.00045715 7.67408e-05 
scan 170 30 21 0.00915196 0.00384988 0.00264204 0.000232681 0.000167907 0 1.69375e-05 0.00274559 0.00046934 
scan 170 30 22 0.00378472 0.00205027 0.00169261 9.98869e-05 4.1623e-05 0 1.96166e-05 0.00113542 0.000193367 
scan 170 30 23 0 0 0 0 0 0 0 0 0 
scan 170 30 24 0 0 0 0 0 0 0 0 0 
scan 170 30 25 0 0 0 0 0 0 0 0 0 
scan 170 30 26 0.00228428 0.00264141 0.0013189 2.60344e-05 7.06874e-05 0 7.56304e-06 0.00228428 0.000117854 
scan 170 30 27 0.00383538 0.00420848 0.00171529 8.06311e-05 0.000113666 0 6.20556e-07 0.00383538 0.000198808 
scan 170 30 28 0.000761308 0.00107766 0.000761308 0 2.63725e-05 0 6.09046e-07 0.000761308 3.83397e-05 
scan 170 30 29 0 0 0 0 0 0 0 0 0 
scan 170 30 30 0.000773283 0.000790157 0.000773283 0 2.67873e-05 0 6.18626e-07 0.000154657 4.17666e-05 
scan 170 30 31 0 0 0 0 0 0 0 0 0 
scan 170 30 32 0 0 0 0 0 0 0 0 0 
scan 170 30 33 0 0 0 0 0 0 0 0 0 
scan 170 30 34 0 0 0 0 0 0 0 0 0 
scan 170 30 35 0 0 0 0 0 0 0 0 0 
scan 170 30 36 0 0 0 0 0 0 0 0 0 
scan 170 30 37 0 0 0 0 0 0 0 0 0 
scan 170 30 38 0 0 0 0 0 0 0 0 0 
scan 170 30 39 0 0 0 0 0 0 0 0 0 
scan 170 30 40 0 0 0 0 0 0 0 0 0 
scan 170 30 41 0 0 0 0 0 0 0 0 0 
scan 170 30 42 0 0 0 0 0 0 0 0 0 
scan 170 30 43 0 0 0 0 0 0 0 0 0 
scan 170 30 44 0 0 0 0 0 0 0 0 0 
scan 170 30 45 0.00153551 0.00113327 0.0010858 3.70273e-05 5.68772e-05 0 7.66357e-07 0.000307103 8.01517e-05 
scan 170 30 46 0 0 0 0 0 0 0 0 0 
scan 170 30 47 0 0 0 0 0 0 0 0 0 
scan 170 30 48 0 0 0 0 0 0 0 0 0 
scan 170 30 49 0 0 0 0 0 0 0 0 0 
scan 170 30 50 0 0 0 0 0 0 0 0 0 
scan 170 30 51 0 0 0 0 0 0 0 0 0 
scan 170 30 52 0 0 0 0 0 0 0 0 0 
scan 170 30 53 0 0 0 0 0 0 0 0 0 
scan 170 30 54 0 0 0 0 0 0 0 0 0 
scan 170 30 55 0 0 0 0 0 0 0 0 0 
scan 170 30 56 0 0 0 0 0 0 0 0 0 
scan 170 30 57 0 0 0 0 0 0 0 0 0 
scan 170 30 58 0 0 0 0 0 0 0 0 0 
scan 170 30 59 0 0 0 0 0 0 0 0 0 
scan 170 30 75 0 0 0 0 0 0 0 0 0 
scan 170 30 76 0 0 0 0 0 0 0 0 0 
scan 170 30 77 0 0 0 0 0 0 0 0 0 
scan 170 30 78 0 0 0 0 0 0 0 0 0 
scan 170 30 79 0 0 0 0 0 0 0 0 0 
scan 170 30 80 0 0 0 0 0 0 0 0 0 
scan 170 30 81 0 0 0 0 0 0 0 0 0 
scan 170 30 82 0 0 0 0 0 0 0 0 0 
scan 170 30 83 0 0 0 0 0 0 0 0 0 
scan 170 30 84 0 0 0 0 0 0 0 0 0 
scan 170 30 85 0 0 0 0 0 0 0 0 0 
scan 170 30 86 0 0 0 0 0 0 0 0 0 
scan 170 30 87 0 0 0 0 0 0 0 0 0 
scan 170 30 88 0 0 0 0 0 0 0 0 0 
scan 170 30 89 0 0 0 0 0 0 0 0 0 
scan 170 30 90 0.000770727 0.000787735 0.000770727 1.54145e-05 1.54145e-05 2.31218e-05 1.88828e-06 0.000154145 4.16285e-05 
scan 170 30 91 0.00136785 0.00101197 0.000967225 1.36316e-05 3.30424e-05 4.10356e-05 7.52085e-05 0.000273571 7.13745e-05 
scan 170 30 92 0.000732027 0.000748186 0.000732027 0 2.07048e-05 2.19608e-05 1.46405e-05 0.000146405 3.68651e-05 
scan 170 30 93 0 0 0 0 0 0 0 0 0 
scan 170 30 94 0 0 0 0 0 0 0 0 0 
scan 170 30 95 0 0 0 0 0 0 0 0 0 
scan 170 30 96 0 0 0 0 0 0 0 0 0 
scan 170 30 97 0.000732027 0.000765882 0.000732027 0 2.07048e-05 2.19608e-05 1.46405e-05 0.000219608 3.68651e-05 
scan 170 30 98 0 0 0 0 0 0 0 0 0 
scan 170 30 99 0 0 0 0 0 0 0 0 0 
scan 170 30 100 0 0 0 0 0 0 0 0 0 
scan 170 30 101 0 0 0 0 0 0 0 0 0 
scan 170 30 102 0 0 0 0 0 0 0 0 0 
scan 170 30 103 0 0 0 0 0 0 0 0 0 
scan 170 30 104 0 0 0 0 0 0 0 0 0 
scan 170 30 120 0 0 0 0 0 0 0 0 0 
scan 170 30 121 0 0 0 0 0 0 0 0 0 
scan 170 30 122 0 0 0 0 0 0 0 0 0 
scan 170 30 123 0 0 0 0 0 0 0 0 0 
scan 170 30 124 0 0 0 0 0 0 0 0 0 
scan 170 30 125 0 0 0 0 0 0 0 0 0 
scan 170 30 126 0 0 0 0 0 0 0 0 0 
scan 170 30 127 0 0 0 0 0 0 0 0 0 
scan 170 30 128 0 0 0 0 0 0 0 0 0 
scan 170 30 129 0 0 0 0 0 0 0 0 0 
scan 170 30 130 0 0 0 0 0 0 0 0 0 
scan 170 30 131 0 0 0 0 0 0 0 0 0 
scan 170 30 132 0 0 0 0 0 0 0 0 0 
scan 170 30 133 0 0 0 0 0 0 0 0 0 
scan 170 30 134 0 0 0 0 0 0 0 0 0 
scan 170 30 135 0.00144037 0.00106642 0.00101996 2.88074e-05 4.92548e-05 5.68427e-05 4.27538e-05 0.000288074 7.50265e-05 
scan 170 30 136 0.000671025 0.000687051 0.000671025 2.01307e-05 1.34205e-05 2.01307e-05 4.02615e-05 0.000134205 3.3793e-05 
scan 170 30 137 0 0 0 0 0 0 0 0 0 
scan 170 30 138 0 0 0 0 0 0 0 0 0 
scan 170 30 139 0 0 0 0 0 0 0 0 0 
scan 170 30 140 0 0 0 0 0 0 0 0 0 
scan 170 30 141 0 0 0 0 0 0 0 0 0 
scan 170 30 142 0 0 0 0 0 0 0 0 0 
scan 170 30 143 0 0 0 0 0 0 0 0 0 
scan 170 30 144 0 0 0 0 0 0 0 0 0 
scan 170 30 145 0 0 0 0 0 0 0 0 0 
scan 170 30 146 0 0 0 0 0 0 0 0 0 
scan 170 30 147 0 0 0 0 0 0 0 0 0 
scan 170 30 148 0 0 0 0 0 0 0 0 0 
scan 170 30 149 0 0 0 0 0 0 0 0 0 
scan 170 30 165 0 0 0 0 0 0 0 0 0 
scan 170 30 166 0 0 0 0 0 0 0 0 0 
scan 170 30 167 0 0 0 0 0 0 0 0 0 
scan 170 30 168 0 0 0 0 0 0 0 0 0 
scan 170 30 169 0 0 0 0 0 0 0 0 0 
scan 170 30 170 0 0 0 0 0 0 0 0 0 
scan 170 30 171 0 0 0 0 0 0 0 0 0 
scan 170 30 172 0 0 0 0 0 0 0 0 0 
scan 170 30 173 0 0 0 0 0 0 0 0 0 
scan 170 30 174 0 0 0 0 0 0 0 0 0 
scan 170 30 175 0 0 0 0 0 0 0 0 0 
scan 170 30 176 0 0 0 0 0 0 0 0 0 
scan 170 30 177 0 0 0 0 0 0 0 0 0 
scan 170 30 178 0 0 0 0 0 0 0 0 0 
scan 170 30 179 0 0 0 0 0 0 0 0 0 
