# cards/mergeScans.py -> lines taken from file cards/ZW/l2j2_wz_200_50.txt
xsec 200 50 0.785232
scan 200 50 500 0.00654037 0 0 0.000163509 0.000163509 0 0 -1.77906e-06 0
scan 200 50 501 0.00520741 0 0 0.000130185 0.000130185 0 0 1.23475e-06 0
scan 200 50 502 0.00643766 0 0 0.000160941 0.000160941 0 0 7.72682e-06 0
scan 200 50 503 0.00280635 0 0 7.01588e-05 7.01588e-05 0 0 5.94223e-06 0
scan 200 50 504 0.000559054 0 0 1.39763e-05 1.39763e-05 0 0 0 0
# cards/mergeScans.py -> lines taken from file TChiWZ.kit/output/cn_200_50.txt
scan 200 50 0 0.000155188 0.000158547 0.000155188 0 5.37586e-06 0 3.10375e-07 3.10375e-05 7.84583e-06 
scan 200 50 1 0.000778765 0.000384018 0.0003483 1.82248e-05 1.30294e-05 0 2.8918e-06 0.000155753 3.7254e-05 
scan 200 50 2 0 0 0 0 0 0 0 0 0 
scan 200 50 3 0.000157678 0.000161057 0.000157678 4.4598e-06 3.15355e-06 0 7.59516e-14 3.15355e-05 7.26192e-06 
scan 200 50 4 0 0 0 0 0 0 0 0 0 
scan 200 50 5 0.000157677 0.000164871 0.000157677 3.15355e-06 4.45979e-06 0 1.29169e-10 4.73032e-05 7.2619e-06 
scan 200 50 6 0.000157677 0.00016487 0.000157677 4.45978e-06 3.15354e-06 0 2.96685e-10 4.73031e-05 7.26189e-06 
scan 200 50 7 0 0 0 0 0 0 0 0 0 
scan 200 50 8 0 0 0 0 0 0 0 0 0 
scan 200 50 9 0 0 0 0 0 0 0 0 0 
scan 200 50 10 0 0 0 0 0 0 0 0 0 
scan 200 50 11 0.000473029 0.000546881 0.000273104 1.2073e-05 1.07668e-05 0 1.74456e-09 0.000473029 2.17856e-05 
scan 200 50 12 0 0 0 0 0 0 0 0 0 
scan 200 50 13 0.000312608 0.000383318 0.00022105 0 1.08291e-05 0 4.38543e-07 0.000312608 1.50976e-05 
scan 200 50 14 0 0 0 0 0 0 0 0 0 
scan 200 50 15 0.00951426 0.00232267 0.00121824 0.000221761 0.000181318 0 2.90525e-05 0.00190285 0.000454947 
scan 200 50 16 0.0159078 0.00366089 0.00157519 0.000367189 0.000299238 0 5.5743e-05 0.00318157 0.000755679 
scan 200 50 17 0.00827997 0.00206244 0.00113741 0.000186165 0.00016858 0 2.30835e-05 0.00165599 0.000392473 
scan 200 50 18 0.00280822 0.000882178 0.000661936 7.31833e-05 4.12539e-05 0 1.10607e-05 0.000561644 0.000132119 
scan 200 50 19 0.00156332 0.000592195 0.000494384 3.21074e-05 4.45488e-05 0 3.86778e-06 0.000312663 7.40933e-05 
scan 200 50 20 0.000624302 0.000365734 0.000312157 1.70367e-05 8.86678e-06 0 2.23801e-06 0.000187291 2.94539e-05 
scan 200 50 21 0.00421174 0.00152074 0.000810596 8.64452e-05 0.000100113 0 9.54164e-06 0.00126352 0.000203731 
scan 200 50 22 0.00279886 0.00107972 0.000659736 7.19422e-05 4.42469e-05 0 1.10429e-05 0.000839658 0.000135174 
scan 200 50 23 0.000939155 0.000478546 0.000383418 1.83802e-05 1.84555e-05 0 2.48861e-06 0.000281747 4.39535e-05 
scan 200 50 24 0.000314944 0.000242541 0.000222699 4.4553e-06 8.60374e-06 0 2.0533e-07 9.44832e-05 1.45049e-05 
scan 200 50 25 0 0 0 0 0 0 0 0 0 
scan 200 50 26 0.00281668 0.00289811 0.000663929 6.47125e-05 5.43213e-05 0 7.81567e-06 0.00281668 0.000131812 
scan 200 50 27 0.00296456 0.00304628 0.000680153 6.2232e-05 6.3974e-05 0 6.20938e-06 0.00296456 0.000143512 
scan 200 50 28 0.0015605 0.00163896 0.000493499 3.53517e-05 2.73105e-05 0 5.2526e-06 0.0015605 7.39563e-05 
scan 200 50 29 0.000941173 0.0010179 0.00038424 1.29968e-05 2.39089e-05 0 1.49617e-06 0.000941173 4.40464e-05 
scan 200 50 30 0.000309679 0.000228284 0.000218977 1.07276e-05 0 0 2.78507e-06 6.19358e-05 1.42624e-05 
scan 200 50 31 0.000157677 0.000161057 0.000157677 3.15355e-06 4.45979e-06 0 9.88952e-11 3.15355e-05 7.26191e-06 
scan 200 50 32 0.000153567 0.000156895 0.000153567 5.31972e-06 0 0 1.10568e-06 3.07134e-05 7.76391e-06 
scan 200 50 33 0 0 0 0 0 0 0 0 0 
scan 200 50 34 0 0 0 0 0 0 0 0 0 
scan 200 50 35 0 0 0 0 0 0 0 0 0 
scan 200 50 36 0 0 0 0 0 0 0 0 0 
scan 200 50 37 0 0 0 0 0 0 0 0 0 
scan 200 50 38 0 0 0 0 0 0 0 0 0 
scan 200 50 39 0 0 0 0 0 0 0 0 0 
scan 200 50 40 0 0 0 0 0 0 0 0 0 
scan 200 50 41 0.000157425 0.000222818 0.000157425 0 5.45337e-06 0 1.2594e-07 0.000157425 7.2503e-06 
scan 200 50 42 0.000155562 0.000220204 0.000155562 0 5.38881e-06 0 1.24449e-07 0.000155562 7.86474e-06 
scan 200 50 43 0 0 0 0 0 0 0 0 0 
scan 200 50 44 0 0 0 0 0 0 0 0 0 
scan 200 50 45 0.000470828 0.000289057 0.000271838 1.3219e-05 1.07228e-05 0 1.68876e-07 9.41655e-05 2.23841e-05 
scan 200 50 46 0.00047282 0.000290168 0.000272983 1.20676e-05 1.07622e-05 0 1.06097e-07 9.45641e-05 2.1776e-05 
scan 200 50 47 0.000157677 0.000161057 0.000157677 3.15355e-06 4.45979e-06 0 7.57167e-11 3.15355e-05 7.26191e-06 
scan 200 50 48 0 0 0 0 0 0 0 0 0 
scan 200 50 49 0 0 0 0 0 0 0 0 0 
scan 200 50 50 0 0 0 0 0 0 0 0 0 
scan 200 50 51 0 0 0 0 0 0 0 0 0 
scan 200 50 52 0 0 0 0 0 0 0 0 0 
scan 200 50 53 0 0 0 0 0 0 0 0 0 
scan 200 50 54 0 0 0 0 0 0 0 0 0 
scan 200 50 55 0 0 0 0 0 0 0 0 0 
scan 200 50 56 0 0 0 0 0 0 0 0 0 
scan 200 50 57 0 0 0 0 0 0 0 0 0 
scan 200 50 58 0 0 0 0 0 0 0 0 0 
scan 200 50 59 0 0 0 0 0 0 0 0 0 
scan 200 50 75 0 0 0 0 0 0 0 0 0 
scan 200 50 76 0 0 0 0 0 0 0 0 0 
scan 200 50 77 0 0 0 0 0 0 0 0 0 
scan 200 50 78 0 0 0 0 0 0 0 0 0 
scan 200 50 79 0 0 0 0 0 0 0 0 0 
scan 200 50 80 0 0 0 0 0 0 0 0 0 
scan 200 50 81 0 0 0 0 0 0 0 0 0 
scan 200 50 82 0 0 0 0 0 0 0 0 0 
scan 200 50 83 0 0 0 0 0 0 0 0 0 
scan 200 50 84 0 0 0 0 0 0 0 0 0 
scan 200 50 85 0 0 0 0 0 0 0 0 0 
scan 200 50 86 0 0 0 0 0 0 0 0 0 
scan 200 50 87 0 0 0 0 0 0 0 0 0 
scan 200 50 88 0 0 0 0 0 0 0 0 0 
scan 200 50 89 0.000157677 0.000223175 0.000157677 3.15355e-06 4.45979e-06 0 9.88952e-11 0.000157677 7.26191e-06 
scan 200 50 90 0 0 0 0 0 0 0 0 0 
scan 200 50 91 0.000722958 0.000359291 0.000323889 7.91326e-06 2.26187e-05 2.76335e-05 2.81586e-05 0.000144592 3.38923e-05 
scan 200 50 92 0 0 0 0 0 0 0 0 0 
scan 200 50 93 0 0 0 0 0 0 0 0 0 
scan 200 50 94 0 0 0 0 0 0 0 0 0 
scan 200 50 95 0.000138756 0.000145358 0.000138756 3.92462e-06 0 4.16269e-06 8.32538e-06 4.16269e-05 6.39049e-06 
scan 200 50 96 0 0 0 0 0 0 0 0 0 
scan 200 50 97 0 0 0 0 0 0 0 0 0 
scan 200 50 98 0 0 0 0 0 0 0 0 0 
scan 200 50 99 0 0 0 0 0 0 0 0 0 
scan 200 50 100 0 0 0 0 0 0 0 0 0 
scan 200 50 101 0 0 0 0 0 0 0 0 0 
scan 200 50 102 0 0 0 0 0 0 0 0 0 
scan 200 50 103 0 0 0 0 0 0 0 0 0 
scan 200 50 104 0.000138756 0.000196595 0.000138756 2.77513e-06 2.77513e-06 4.16269e-06 8.32538e-06 0.000138756 6.39049e-06 
scan 200 50 120 0 0 0 0 0 0 0 0 0 
scan 200 50 121 0 0 0 0 0 0 0 0 0 
scan 200 50 122 0 0 0 0 0 0 0 0 0 
scan 200 50 123 0 0 0 0 0 0 0 0 0 
scan 200 50 124 0 0 0 0 0 0 0 0 0 
scan 200 50 125 0 0 0 0 0 0 0 0 0 
scan 200 50 126 0 0 0 0 0 0 0 0 0 
scan 200 50 127 0 0 0 0 0 0 0 0 0 
scan 200 50 128 0 0 0 0 0 0 0 0 0 
scan 200 50 129 0 0 0 0 0 0 0 0 0 
scan 200 50 130 0 0 0 0 0 0 0 0 0 
scan 200 50 131 0 0 0 0 0 0 0 0 0 
scan 200 50 132 0 0 0 0 0 0 0 0 0 
scan 200 50 133 0 0 0 0 0 0 0 0 0 
scan 200 50 134 0 0 0 0 0 0 0 0 0 
scan 200 50 135 0 0 0 0 0 0 0 0 0 
scan 200 50 136 0.000465142 0.000285992 0.00026855 9.30285e-06 9.30285e-06 1.70552e-05 1.1396e-06 9.30285e-05 2.35162e-05 
scan 200 50 137 0.000287487 0.000212941 0.000203911 5.74973e-06 5.74973e-06 8.6246e-06 1.03128e-05 5.74973e-05 1.45345e-05 
scan 200 50 138 0 0 0 0 0 0 0 0 0 
scan 200 50 139 0 0 0 0 0 0 0 0 0 
scan 200 50 140 0 0 0 0 0 0 0 0 0 
scan 200 50 141 0.000134026 0.000140634 0.000134026 2.68052e-06 2.68052e-06 6.7013e-06 1.00519e-05 4.02078e-05 6.17263e-06 
scan 200 50 142 0 0 0 0 0 0 0 0 0 
scan 200 50 143 0 0 0 0 0 0 0 0 0 
scan 200 50 144 0 0 0 0 0 0 0 0 0 
scan 200 50 145 0 0 0 0 0 0 0 0 0 
scan 200 50 146 0 0 0 0 0 0 0 0 0 
scan 200 50 147 0 0 0 0 0 0 0 0 0 
scan 200 50 148 0 0 0 0 0 0 0 0 0 
scan 200 50 149 0 0 0 0 0 0 0 0 0 
scan 200 50 165 0 0 0 0 0 0 0 0 0 
scan 200 50 166 0 0 0 0 0 0 0 0 0 
scan 200 50 167 0 0 0 0 0 0 0 0 0 
scan 200 50 168 0 0 0 0 0 0 0 0 0 
scan 200 50 169 0 0 0 0 0 0 0 0 0 
scan 200 50 170 0 0 0 0 0 0 0 0 0 
scan 200 50 171 0 0 0 0 0 0 0 0 0 
scan 200 50 172 0 0 0 0 0 0 0 0 0 
scan 200 50 173 0 0 0 0 0 0 0 0 0 
scan 200 50 174 0 0 0 0 0 0 0 0 0 
scan 200 50 175 0 0 0 0 0 0 0 0 0 
scan 200 50 176 0 0 0 0 0 0 0 0 0 
scan 200 50 177 0 0 0 0 0 0 0 0 0 
scan 200 50 178 0 0 0 0 0 0 0 0 0 
scan 200 50 179 0 0 0 0 0 0 0 0 0 
