# cards/mergeScans.py -> lines taken from file cards/ZW/l2j2_wz_300_70.txt
xsec 300 70 0.145923
scan 300 70 500 0.000680667 0 0 1.70167e-05 1.70167e-05 0 0 -7.95773e-08 0
scan 300 70 501 0.000887132 0 0 2.21783e-05 2.21783e-05 0 0 2.34909e-07 0
scan 300 70 502 0.00134749 0 0 3.36873e-05 3.36873e-05 0 0 2.68719e-07 0
scan 300 70 503 0.00232515 0 0 5.81288e-05 5.81288e-05 0 0 3.22712e-07 0
scan 300 70 504 0.00331393 0 0 8.28484e-05 8.28484e-05 0 0 -6.57983e-07 0
# cards/mergeScans.py -> lines taken from file TChiWZ.kit/output/cn_300_70.txt
scan 300 70 0 0 0 0 0 0 0 0 0 0 
scan 300 70 1 3.59762e-05 2.65116e-05 2.54391e-05 6.49867e-07 9.82363e-07 0 3.59997e-08 7.19525e-06 1.5985e-06 
scan 300 70 2 5.53019e-05 3.39417e-05 3.19334e-05 1.49817e-06 1.04178e-06 0 1.66247e-07 1.10604e-05 2.5705e-06 
scan 300 70 3 0 0 0 0 0 0 0 0 0 
scan 300 70 4 0 0 0 0 0 0 0 0 0 
scan 300 70 5 0 0 0 0 0 0 0 0 0 
scan 300 70 6 0 0 0 0 0 0 0 0 0 
scan 300 70 7 3.64779e-05 2.80973e-05 2.5805e-05 7.29783e-07 6.5049e-07 0 1.74321e-07 1.09434e-05 1.67787e-06 
scan 300 70 8 1.8778e-05 1.96359e-05 1.8778e-05 0 6.5049e-07 0 1.50224e-08 5.63341e-06 8.91431e-07 
scan 300 70 9 1.80242e-05 1.88452e-05 1.80242e-05 3.60485e-07 5.09803e-07 0 8.65524e-12 5.40727e-06 8.00853e-07 
scan 300 70 10 0 0 0 0 0 0 0 0 0 
scan 300 70 11 3.5659e-05 4.37229e-05 2.52162e-05 1.26076e-06 3.60481e-07 0 1.90553e-07 3.5659e-05 1.5844e-06 
scan 300 70 12 3.68323e-05 4.51634e-05 2.60503e-05 1.04177e-06 7.36646e-07 0 5.30606e-11 3.68323e-05 1.69371e-06 
scan 300 70 13 0.000126464 0.000135375 4.78133e-05 3.11013e-06 2.01915e-06 0 6.20899e-07 0.000126464 5.7326e-06 
scan 300 70 14 5.35535e-05 6.19145e-05 3.09199e-05 1.88064e-06 3.60481e-07 0 2.55907e-07 5.35535e-05 2.37949e-06 
scan 300 70 15 0.000892737 0.000224957 0.000127568 1.79791e-05 2.17897e-05 0 1.8572e-06 0.000178547 4.06363e-05 
scan 300 70 16 0.00161201 0.000375446 0.000170907 4.03733e-05 2.82317e-05 0 6.14926e-06 0.000322401 7.30959e-05 
scan 300 70 17 0.00141368 0.000334215 0.000160109 3.70316e-05 2.4624e-05 0 5.40252e-06 0.000282736 6.41754e-05 
scan 300 70 18 0.000907974 0.000228071 0.000128443 2.20482e-05 1.86083e-05 0 2.83843e-06 0.000181595 4.12548e-05 
scan 300 70 19 0.00096099 0.000238916 0.00013203 1.85296e-05 2.16095e-05 0 2.5874e-06 0.000192198 4.34948e-05 
scan 300 70 20 5.35249e-05 3.49354e-05 3.09032e-05 1.23078e-06 6.2338e-07 0 2.70208e-07 1.60575e-05 2.37822e-06 
scan 300 70 21 0.000403177 0.000150063 8.59782e-05 1.01722e-05 6.78794e-06 0 1.34992e-06 0.000120953 1.85943e-05 
scan 300 70 22 0.000658065 0.000228694 0.000109705 1.48512e-05 1.26136e-05 0 1.6458e-06 0.000197419 3.01489e-05 
scan 300 70 23 0.000307709 0.000119877 7.46498e-05 6.89813e-06 5.88792e-06 0 9.04684e-07 9.23128e-05 1.39008e-05 
scan 300 70 24 0.000325673 0.000125489 7.67789e-05 7.66349e-06 5.36089e-06 0 1.31696e-06 9.77018e-05 1.47537e-05 
scan 300 70 25 5.35536e-05 6.19106e-05 3.09199e-05 1.74058e-06 3.60484e-07 0 2.55838e-07 5.35536e-05 2.37949e-06 
scan 300 70 26 0.000468286 0.000477864 9.18482e-05 9.1345e-06 1.0049e-05 0 1.32025e-06 0.000468286 2.09763e-05 
scan 300 70 27 0.00103306 0.00104358 0.00013686 2.19148e-05 2.12517e-05 0 2.60534e-06 0.00103306 4.66977e-05 
scan 300 70 28 0.00123397 0.00124481 0.000149672 2.667e-05 2.50002e-05 0 2.84777e-06 0.00123397 5.58523e-05 
scan 300 70 29 0.00146749 0.0014787 0.000163084 3.51366e-05 2.78451e-05 0 4.37961e-06 0.00146749 6.63932e-05 
scan 300 70 30 0 0 0 0 0 0 0 0 0 
scan 300 70 31 3.60136e-05 2.65426e-05 2.54655e-05 5.40546e-07 1.13301e-06 0 1.74234e-08 7.20273e-06 1.60016e-06 
scan 300 70 32 0 0 0 0 0 0 0 0 0 
scan 300 70 33 1.80242e-05 1.84092e-05 1.80242e-05 3.60485e-07 5.09803e-07 0 8.65524e-12 3.60485e-06 8.00853e-07 
scan 300 70 34 0 0 0 0 0 0 0 0 0 
scan 300 70 35 0 0 0 0 0 0 0 0 0 
scan 300 70 36 0 0 0 0 0 0 0 0 0 
scan 300 70 37 0 0 0 0 0 0 0 0 0 
scan 300 70 38 0 0 0 0 0 0 0 0 0 
scan 300 70 39 0 0 0 0 0 0 0 0 0 
scan 300 70 40 0 0 0 0 0 0 0 0 0 
scan 300 70 41 1.79954e-05 2.54696e-05 1.79954e-05 0 6.2338e-07 0 1.43963e-08 1.79954e-05 7.99572e-07 
scan 300 70 42 1.88081e-05 2.66216e-05 1.88081e-05 5.31973e-07 3.76161e-07 0 2.70949e-11 1.88081e-05 8.92857e-07 
scan 300 70 43 0.000126156 0.000135033 4.76844e-05 2.39186e-06 2.59111e-06 0 3.91428e-07 0.000126156 5.66117e-06 
scan 300 70 44 5.40151e-05 6.24402e-05 3.11856e-05 5.09802e-07 1.60724e-06 0 2.88186e-08 5.40151e-05 2.4e-06 
scan 300 70 45 1.76187e-05 1.80004e-05 1.76187e-05 6.35252e-07 3.52374e-07 0 1.98211e-07 3.52374e-06 7.82835e-07 
scan 300 70 46 0 0 0 0 0 0 0 0 0 
scan 300 70 47 0 0 0 0 0 0 0 0 0 
scan 300 70 48 0 0 0 0 0 0 0 0 0 
scan 300 70 49 0 0 0 0 0 0 0 0 0 
scan 300 70 50 0 0 0 0 0 0 0 0 0 
scan 300 70 51 0 0 0 0 0 0 0 0 0 
scan 300 70 52 0 0 0 0 0 0 0 0 0 
scan 300 70 53 0 0 0 0 0 0 0 0 0 
scan 300 70 54 0 0 0 0 0 0 0 0 0 
scan 300 70 55 0 0 0 0 0 0 0 0 0 
scan 300 70 56 3.60485e-05 4.41969e-05 2.54901e-05 7.2097e-07 1.01961e-06 0 1.73105e-11 3.60485e-05 1.60171e-06 
scan 300 70 57 0 0 0 0 0 0 0 0 0 
scan 300 70 58 0 0 0 0 0 0 0 0 0 
scan 300 70 59 0 0 0 0 0 0 0 0 0 
scan 300 70 75 0 0 0 0 0 0 0 0 0 
scan 300 70 76 0 0 0 0 0 0 0 0 0 
scan 300 70 77 0 0 0 0 0 0 0 0 0 
scan 300 70 78 0 0 0 0 0 0 0 0 0 
scan 300 70 79 0 0 0 0 0 0 0 0 0 
scan 300 70 80 0 0 0 0 0 0 0 0 0 
scan 300 70 81 0 0 0 0 0 0 0 0 0 
scan 300 70 82 0 0 0 0 0 0 0 0 0 
scan 300 70 83 0 0 0 0 0 0 0 0 0 
scan 300 70 84 0 0 0 0 0 0 0 0 0 
scan 300 70 85 0 0 0 0 0 0 0 0 0 
scan 300 70 86 0 0 0 0 0 0 0 0 0 
scan 300 70 87 0 0 0 0 0 0 0 0 0 
scan 300 70 88 0 0 0 0 0 0 0 0 0 
scan 300 70 89 0 0 0 0 0 0 0 0 0 
scan 300 70 90 3.17227e-05 2.34766e-05 2.24313e-05 7.65854e-07 7.93068e-07 9.51681e-07 1.90336e-06 6.34454e-06 1.4095e-06 
scan 300 70 91 8.96908e-05 4.43847e-05 4.01316e-05 7.33038e-07 2.23321e-06 3.42616e-06 1.65839e-06 1.79382e-05 4.20328e-06 
scan 300 70 92 3.01005e-05 2.23406e-05 2.12877e-05 9.70432e-07 0 9.03016e-07 2.47924e-06 6.0201e-06 1.33743e-06 
scan 300 70 93 0 0 0 0 0 0 0 0 0 
scan 300 70 94 1.79359e-05 1.83235e-05 1.79359e-05 3.58719e-07 3.58719e-07 5.38078e-07 4.39431e-08 3.58719e-06 7.9693e-07 
scan 300 70 95 0 0 0 0 0 0 0 0 0 
scan 300 70 96 0 0 0 0 0 0 0 0 0 
scan 300 70 97 1.73033e-05 1.80989e-05 1.73033e-05 0 4.89411e-07 5.19099e-07 3.46066e-07 5.19099e-06 7.6882e-07 
scan 300 70 98 0 0 0 0 0 0 0 0 0 
scan 300 70 99 0 0 0 0 0 0 0 0 0 
scan 300 70 100 0 0 0 0 0 0 0 0 0 
scan 300 70 101 4.96586e-05 5.74756e-05 2.87204e-05 1.12457e-06 6.75946e-07 1.48976e-06 1.94731e-06 4.96586e-05 2.20643e-06 
scan 300 70 102 1.86878e-05 2.64652e-05 1.86878e-05 3.73755e-07 3.73755e-07 9.34388e-07 5.98008e-08 1.86878e-05 8.87145e-07 
scan 300 70 103 3.52671e-05 4.32927e-05 2.49846e-05 8.70854e-07 7.05342e-07 1.05801e-06 1.03892e-06 3.52671e-05 1.6742e-06 
scan 300 70 104 0 0 0 0 0 0 0 0 0 
scan 300 70 120 0 0 0 0 0 0 0 0 0 
scan 300 70 121 0 0 0 0 0 0 0 0 0 
scan 300 70 122 0 0 0 0 0 0 0 0 0 
scan 300 70 123 0 0 0 0 0 0 0 0 0 
scan 300 70 124 0 0 0 0 0 0 0 0 0 
scan 300 70 125 0 0 0 0 0 0 0 0 0 
scan 300 70 126 0 0 0 0 0 0 0 0 0 
scan 300 70 127 0 0 0 0 0 0 0 0 0 
scan 300 70 128 0 0 0 0 0 0 0 0 0 
scan 300 70 129 0 0 0 0 0 0 0 0 0 
scan 300 70 130 0 0 0 0 0 0 0 0 0 
scan 300 70 131 0 0 0 0 0 0 0 0 0 
scan 300 70 132 0 0 0 0 0 0 0 0 0 
scan 300 70 133 0 0 0 0 0 0 0 0 0 
scan 300 70 134 0 0 0 0 0 0 0 0 0 
scan 300 70 135 6.96692e-05 3.79219e-05 3.48809e-05 1.552e-06 1.39338e-06 3.48346e-06 1.08351e-06 1.39338e-05 3.09554e-06 
scan 300 70 136 3.45773e-05 2.56028e-05 2.4533e-05 8.5016e-07 6.91546e-07 1.03732e-06 9.97535e-07 6.91546e-06 1.59324e-06 
scan 300 70 137 1.79359e-05 1.83235e-05 1.79359e-05 3.58719e-07 3.58719e-07 5.38078e-07 4.39431e-08 3.58719e-06 7.9693e-07 
scan 300 70 138 1.58614e-05 1.62358e-05 1.58614e-05 4.75841e-07 3.17227e-07 4.75841e-07 9.51681e-07 3.17227e-06 7.04751e-07 
scan 300 70 139 0 0 0 0 0 0 0 0 0 
scan 300 70 140 0 0 0 0 0 0 0 0 0 
scan 300 70 141 3.66519e-05 2.82493e-05 2.59227e-05 7.33038e-07 7.33038e-07 1.09956e-06 8.97972e-08 1.09956e-05 1.68541e-06 
scan 300 70 142 1.86878e-05 1.9546e-05 1.86878e-05 3.73755e-07 3.73755e-07 5.60633e-07 5.98008e-08 5.60633e-06 8.87145e-07 
scan 300 70 143 0 0 0 0 0 0 0 0 0 
scan 300 70 144 0 0 0 0 0 0 0 0 0 
scan 300 70 145 0 0 0 0 0 0 0 0 0 
scan 300 70 146 0 0 0 0 0 0 0 0 0 
scan 300 70 147 0 0 0 0 0 0 0 0 0 
scan 300 70 148 1.79359e-05 2.53886e-05 1.79359e-05 3.58719e-07 3.58719e-07 5.38078e-07 4.39431e-08 1.79359e-05 7.9693e-07 
scan 300 70 149 0 0 0 0 0 0 0 0 0 
scan 300 70 165 0 0 0 0 0 0 0 0 0 
scan 300 70 166 0 0 0 0 0 0 0 0 0 
scan 300 70 167 0 0 0 0 0 0 0 0 0 
scan 300 70 168 0 0 0 0 0 0 0 0 0 
scan 300 70 169 0 0 0 0 0 0 0 0 0 
scan 300 70 170 0 0 0 0 0 0 0 0 0 
scan 300 70 171 0 0 0 0 0 0 0 0 0 
scan 300 70 172 0 0 0 0 0 0 0 0 0 
scan 300 70 173 0 0 0 0 0 0 0 0 0 
scan 300 70 174 0 0 0 0 0 0 0 0 0 
scan 300 70 175 0 0 0 0 0 0 0 0 0 
scan 300 70 176 0 0 0 0 0 0 0 0 0 
scan 300 70 177 0 0 0 0 0 0 0 0 0 
scan 300 70 178 0 0 0 0 0 0 0 0 0 
scan 300 70 179 1.79089e-05 2.53503e-05 1.79089e-05 3.58178e-07 3.58178e-07 5.37267e-07 5.73085e-08 1.79089e-05 7.95728e-07 
