# cards/mergeScans.py -> lines taken from file cards/ZW/l2j2_wz_260_130.txt
xsec 260 130 0.270724
scan 260 130 500 0.0029339 0 0 7.33476e-05 7.33476e-05 0 0 8.57213e-07 0
scan 260 130 501 0.00204914 0 0 5.12286e-05 5.12286e-05 0 0 -7.55516e-07 0
scan 260 130 502 0.00148627 0 0 3.71567e-05 3.71567e-05 0 0 5.37565e-06 0
scan 260 130 503 0.000966139 0 0 2.41535e-05 2.41535e-05 0 0 4.68948e-08 0
scan 260 130 504 0.000173535 0 0 4.33837e-06 4.33837e-06 0 0 1.5577e-06 0
# cards/mergeScans.py -> lines taken from file TChiWZ.kit/output/cn_260_130.txt
scan 260 130 0 0.000111561 8.22487e-05 7.89124e-05 2.68132e-06 2.70534e-06 0 1.05751e-10 2.23123e-05 5.03308e-06 
scan 260 130 1 0.00027333 0.000134929 0.000122275 7.04424e-06 8.5569e-06 0 5.97966e-07 5.4666e-05 1.19612e-05 
scan 260 130 2 5.33528e-05 5.44908e-05 5.33528e-05 1.84819e-06 0 0 4.80175e-07 1.06706e-05 2.28497e-06 
scan 260 130 3 0 0 0 0 0 0 0 0 0 
scan 260 130 4 5.43307e-05 5.54874e-05 5.43307e-05 1.08661e-06 1.5367e-06 0 2.60896e-11 1.08661e-05 2.32685e-06 
scan 260 130 5 0 0 0 0 0 0 0 0 0 
scan 260 130 6 5.43298e-05 5.68009e-05 5.43298e-05 1.0866e-06 1.53668e-06 0 4.30292e-10 1.6299e-05 2.32681e-06 
scan 260 130 7 0 0 0 0 0 0 0 0 0 
scan 260 130 8 0 0 0 0 0 0 0 0 0 
scan 260 130 9 0 0 0 0 0 0 0 0 0 
scan 260 130 10 0 0 0 0 0 0 0 0 0 
scan 260 130 11 0 0 0 0 0 0 0 0 0 
scan 260 130 12 0.000220134 0.00024643 0.000110096 4.64018e-06 5.67098e-06 0 4.43582e-08 0.000220134 9.68298e-06 
scan 260 130 13 5.43307e-05 7.68934e-05 5.43307e-05 1.08661e-06 1.5367e-06 0 2.60896e-11 5.43307e-05 2.32685e-06 
scan 260 130 14 0 0 0 0 0 0 0 0 0 
scan 260 130 15 0.00344903 0.000835946 0.000434673 7.47874e-05 7.28277e-05 0 9.91248e-06 0.000689806 0.000151776 
scan 260 130 16 0.00526846 0.00121616 0.000537889 0.000119524 0.000103107 0 1.54246e-05 0.00105369 0.000232995 
scan 260 130 17 0.00280032 0.000700003 0.000392247 5.23297e-05 6.55297e-05 0 8.30544e-06 0.000560065 0.000123983 
scan 260 130 18 0.00049418 0.000193989 0.000164788 1.25458e-05 8.18872e-06 0 1.72226e-06 9.8836e-05 2.19263e-05 
scan 260 130 19 0.000499183 0.000196024 0.000166462 9.75289e-06 1.22877e-05 0 6.87308e-07 9.98367e-05 2.2399e-05 
scan 260 130 20 0.000215366 0.000126126 0.000107688 6.76978e-06 2.17322e-06 0 9.59952e-07 6.46099e-05 9.2236e-06 
scan 260 130 21 0.00136909 0.000499079 0.000273929 3.56033e-05 1.90023e-05 0 6.07169e-06 0.000410727 6.06648e-05 
scan 260 130 22 0.00109957 0.000415714 0.000245963 2.99818e-05 1.29658e-05 0 5.03768e-06 0.000329871 4.91156e-05 
scan 260 130 23 0.000269306 0.000145745 0.00012044 8.18822e-06 2.62331e-06 0 1.15676e-06 8.07919e-05 1.15337e-05 
scan 260 130 24 0.000221257 0.00012957 0.00011065 5.44467e-06 2.96115e-06 0 9.20562e-07 6.63772e-05 9.97892e-06 
scan 260 130 25 0 0 0 0 0 0 0 0 0 
scan 260 130 26 0.00066011 0.000687989 0.00019062 1.41148e-05 1.37234e-05 0 1.69784e-06 0.00066011 2.92857e-05 
scan 260 130 27 0.0013793 0.00140858 0.000275948 3.0269e-05 2.70265e-05 0 3.90578e-06 0.0013793 6.16032e-05 
scan 260 130 28 0.000660283 0.000688155 0.000190674 1.34685e-05 1.36344e-05 0 1.61824e-06 0.000660283 2.92949e-05 
scan 260 130 29 0.000218871 0.000244986 0.000109475 3.37812e-06 4.94503e-06 0 6.63282e-07 0.000218871 9.62846e-06 
scan 260 130 30 0.000110779 8.16727e-05 7.83759e-05 2.99958e-06 1.61873e-06 0 3.85576e-07 2.21558e-05 4.99958e-06 
scan 260 130 31 0.000272146 0.000134197 0.00012173 8.83e-06 2.6228e-06 0 1.18645e-06 5.44293e-05 1.19069e-05 
scan 260 130 32 0 0 0 0 0 0 0 0 0 
scan 260 130 33 0 0 0 0 0 0 0 0 0 
scan 260 130 34 0 0 0 0 0 0 0 0 0 
scan 260 130 35 0 0 0 0 0 0 0 0 0 
scan 260 130 36 0.000107488 8.27733e-05 7.60098e-05 3.37812e-06 1.08661e-06 0 5.742e-07 3.22463e-05 4.60343e-06 
scan 260 130 37 0 0 0 0 0 0 0 0 0 
scan 260 130 38 0 0 0 0 0 0 0 0 0 
scan 260 130 39 0 0 0 0 0 0 0 0 0 
scan 260 130 40 0 0 0 0 0 0 0 0 0 
scan 260 130 41 0 0 0 0 0 0 0 0 0 
scan 260 130 42 0 0 0 0 0 0 0 0 0 
scan 260 130 43 0 0 0 0 0 0 0 0 0 
scan 260 130 44 0 0 0 0 0 0 0 0 0 
scan 260 130 45 0 0 0 0 0 0 0 0 0 
scan 260 130 46 0.000108606 8.00331e-05 7.67964e-05 3.07186e-06 2.17213e-06 0 2.74333e-08 2.17213e-05 4.65134e-06 
scan 260 130 47 0 0 0 0 0 0 0 0 0 
scan 260 130 48 0 0 0 0 0 0 0 0 0 
scan 260 130 49 0 0 0 0 0 0 0 0 0 
scan 260 130 50 0 0 0 0 0 0 0 0 0 
scan 260 130 51 0 0 0 0 0 0 0 0 0 
scan 260 130 52 0 0 0 0 0 0 0 0 0 
scan 260 130 53 0 0 0 0 0 0 0 0 0 
scan 260 130 54 0 0 0 0 0 0 0 0 0 
scan 260 130 55 0 0 0 0 0 0 0 0 0 
scan 260 130 56 5.43306e-05 7.68933e-05 5.43306e-05 1.5367e-06 1.08661e-06 0 7.82686e-11 5.43306e-05 2.32684e-06 
scan 260 130 57 0 0 0 0 0 0 0 0 0 
scan 260 130 58 0 0 0 0 0 0 0 0 0 
scan 260 130 59 0 0 0 0 0 0 0 0 0 
scan 260 130 75 0 0 0 0 0 0 0 0 0 
scan 260 130 76 0 0 0 0 0 0 0 0 0 
scan 260 130 77 0 0 0 0 0 0 0 0 0 
scan 260 130 78 0 0 0 0 0 0 0 0 0 
scan 260 130 79 0 0 0 0 0 0 0 0 0 
scan 260 130 80 0 0 0 0 0 0 0 0 0 
scan 260 130 81 0 0 0 0 0 0 0 0 0 
scan 260 130 82 0 0 0 0 0 0 0 0 0 
scan 260 130 83 0 0 0 0 0 0 0 0 0 
scan 260 130 84 0 0 0 0 0 0 0 0 0 
scan 260 130 85 0 0 0 0 0 0 0 0 0 
scan 260 130 86 0 0 0 0 0 0 0 0 0 
scan 260 130 87 0 0 0 0 0 0 0 0 0 
scan 260 130 88 0 0 0 0 0 0 0 0 0 
scan 260 130 89 0 0 0 0 0 0 0 0 0 
scan 260 130 90 4.7811e-05 4.89622e-05 4.7811e-05 1.3523e-06 0 2.39055e-06 2.86866e-06 9.5622e-06 2.04763e-06 
scan 260 130 91 5.68645e-05 5.81006e-05 5.68645e-05 1.13729e-06 1.13729e-06 1.70594e-06 1.81967e-07 1.13729e-05 2.68892e-06 
scan 260 130 92 0 0 0 0 0 0 0 0 0 
scan 260 130 93 5.3983e-05 5.51458e-05 5.3983e-05 1.07966e-06 1.07966e-06 1.61949e-06 1.72746e-07 1.07966e-05 2.31196e-06 
scan 260 130 94 0 0 0 0 0 0 0 0 0 
scan 260 130 95 0 0 0 0 0 0 0 0 0 
scan 260 130 96 5.40645e-05 5.65366e-05 5.40645e-05 1.08129e-06 1.08129e-06 1.62193e-06 1.32458e-07 1.62193e-05 2.31545e-06 
scan 260 130 97 0 0 0 0 0 0 0 0 0 
scan 260 130 98 0 0 0 0 0 0 0 0 0 
scan 260 130 99 0 0 0 0 0 0 0 0 0 
scan 260 130 100 0 0 0 0 0 0 0 0 0 
scan 260 130 101 0 0 0 0 0 0 0 0 0 
scan 260 130 102 0 0 0 0 0 0 0 0 0 
scan 260 130 103 5.21575e-05 7.38638e-05 5.21575e-05 0 1.47524e-06 2.60787e-06 1.04315e-06 5.21575e-05 2.23377e-06 
scan 260 130 104 0 0 0 0 0 0 0 0 0 
scan 260 130 120 0 0 0 0 0 0 0 0 0 
scan 260 130 121 0 0 0 0 0 0 0 0 0 
scan 260 130 122 0 0 0 0 0 0 0 0 0 
scan 260 130 123 0 0 0 0 0 0 0 0 0 
scan 260 130 124 0 0 0 0 0 0 0 0 0 
scan 260 130 125 0 0 0 0 0 0 0 0 0 
scan 260 130 126 0 0 0 0 0 0 0 0 0 
scan 260 130 127 0 0 0 0 0 0 0 0 0 
scan 260 130 128 0 0 0 0 0 0 0 0 0 
scan 260 130 129 0 0 0 0 0 0 0 0 0 
scan 260 130 130 0 0 0 0 0 0 0 0 0 
scan 260 130 131 0 0 0 0 0 0 0 0 0 
scan 260 130 132 0 0 0 0 0 0 0 0 0 
scan 260 130 133 0 0 0 0 0 0 0 0 0 
scan 260 130 134 0 0 0 0 0 0 0 0 0 
scan 260 130 135 5.40645e-05 5.52289e-05 5.40645e-05 1.08129e-06 1.08129e-06 1.62193e-06 1.32458e-07 1.08129e-05 2.31545e-06 
scan 260 130 136 4.86462e-05 4.98869e-05 4.86462e-05 1.45939e-06 9.72924e-07 2.43231e-06 3.64847e-06 9.72924e-06 2.3003e-06 
scan 260 130 137 0 0 0 0 0 0 0 0 0 
scan 260 130 138 0 0 0 0 0 0 0 0 0 
scan 260 130 139 0 0 0 0 0 0 0 0 0 
scan 260 130 140 0 0 0 0 0 0 0 0 0 
scan 260 130 141 0 0 0 0 0 0 0 0 0 
scan 260 130 142 4.7811e-05 5.00907e-05 4.7811e-05 1.43433e-06 9.5622e-07 1.43433e-06 2.86866e-06 1.43433e-05 2.04763e-06 
scan 260 130 143 0 0 0 0 0 0 0 0 0 
scan 260 130 144 0 0 0 0 0 0 0 0 0 
scan 260 130 145 0 0 0 0 0 0 0 0 0 
scan 260 130 146 0 0 0 0 0 0 0 0 0 
scan 260 130 147 0 0 0 0 0 0 0 0 0 
scan 260 130 148 0 0 0 0 0 0 0 0 0 
scan 260 130 149 0 0 0 0 0 0 0 0 0 
scan 260 130 165 0 0 0 0 0 0 0 0 0 
scan 260 130 166 0 0 0 0 0 0 0 0 0 
scan 260 130 167 0 0 0 0 0 0 0 0 0 
scan 260 130 168 0 0 0 0 0 0 0 0 0 
scan 260 130 169 0 0 0 0 0 0 0 0 0 
scan 260 130 170 0 0 0 0 0 0 0 0 0 
scan 260 130 171 0 0 0 0 0 0 0 0 0 
scan 260 130 172 0 0 0 0 0 0 0 0 0 
scan 260 130 173 0 0 0 0 0 0 0 0 0 
scan 260 130 174 0 0 0 0 0 0 0 0 0 
scan 260 130 175 0 0 0 0 0 0 0 0 0 
scan 260 130 176 0 0 0 0 0 0 0 0 0 
scan 260 130 177 0 0 0 0 0 0 0 0 0 
scan 260 130 178 0 0 0 0 0 0 0 0 0 
scan 260 130 179 0 0 0 0 0 0 0 0 0 
