# cards/mergeScans.py -> lines taken from file cards/ZW/l2j2_wz_130_30.txt
xsec 130 30 4.14617
scan 130 30 500 0.00349368 0 0 8.73419e-05 8.73419e-05 0 0 8.41351e-05 0
scan 130 30 501 0.000269539 0 0 6.73846e-06 6.73846e-06 0 0 0.00254265 0
scan 130 30 502 0.000216846 0 0 5.42116e-06 5.42116e-06 0 0 0.000533891 0
scan 130 30 503 8.15817e-05 0 0 2.03954e-06 2.03954e-06 0 0 -0.000698439 0
scan 130 30 504 0.000216849 0 0 5.42121e-06 5.42121e-06 0 0 0 0
# cards/mergeScans.py -> lines taken from file TChiWZ.kit/output/cn_130_30.txt
scan 130 30 0 0.00220156 0.00225016 0.00220156 4.40312e-05 6.22695e-05 0 7.7671e-09 0.000440312 0.00012906 
scan 130 30 1 0 0 0 0 0 0 0 0 0 
scan 130 30 2 0 0 0 0 0 0 0 0 0 
scan 130 30 3 0.00423792 0.00312896 0.00299875 5.76962e-05 0.00011694 0 1.76138e-06 0.000847584 0.000249981 
scan 130 30 4 0 0 0 0 0 0 0 0 0 
scan 130 30 5 0 0 0 0 0 0 0 0 0 
scan 130 30 6 0 0 0 0 0 0 0 0 0 
scan 130 30 7 0.00220157 0.0023034 0.00220157 6.22699e-05 4.40315e-05 0 6.21631e-13 0.000660472 0.000129061 
scan 130 30 8 0 0 0 0 0 0 0 0 0 
scan 130 30 9 0 0 0 0 0 0 0 0 0 
scan 130 30 10 0.00220157 0.0031171 0.00220157 4.40315e-05 6.22699e-05 0 1.0572e-09 0.00220157 0.000129061 
scan 130 30 11 0.00435559 0.00534268 0.00308005 0.000136887 4.40314e-05 0 2.32666e-05 0.00435559 0.000255334 
scan 130 30 12 0 0 0 0 0 0 0 0 0 
scan 130 30 13 0 0 0 0 0 0 0 0 0 
scan 130 30 14 0 0 0 0 0 0 0 0 0 
scan 130 30 15 0.0948223 0.0244881 0.0141456 0.00224637 0.00187384 0 0.000259685 0.0189645 0.00559405 
scan 130 30 16 0.105707 0.0268262 0.0149613 0.00260145 0.00176193 0 0.000399832 0.0211413 0.00623041 
scan 130 30 17 0.0150861 0.00652688 0.00570437 0.000356317 0.000196317 0 8.01466e-05 0.00301722 0.000885902 
scan 130 30 18 0.00433182 0.00319706 0.00306306 0.000150059 0 0 3.50806e-05 0.000866364 0.000253941 
scan 130 30 19 0 0 0 0 0 0 0 0 0 
scan 130 30 20 0.00419386 0.00323573 0.00296896 6.9137e-05 7.61428e-05 0 2.33132e-05 0.00125816 0.000247365 
scan 130 30 21 0.00841854 0.00494239 0.00421249 0.000207082 0.000114581 0 3.17342e-05 0.00252556 0.000496578 
scan 130 30 22 0.00203987 0.0021343 0.00203987 4.07974e-05 5.76963e-05 0 9.79547e-10 0.000611962 0.000121126 
scan 130 30 23 0.00220156 0.00230338 0.00220156 4.40312e-05 6.22695e-05 0 7.7671e-09 0.000660468 0.00012906 
scan 130 30 24 0 0 0 0 0 0 0 0 0 
scan 130 30 25 0 0 0 0 0 0 0 0 0 
scan 130 30 26 0.00404711 0.00496355 0.0028618 6.96458e-05 7.05502e-05 0 1.61049e-05 0.00404711 0.000240315 
scan 130 30 27 0.00219805 0.00311212 0.00219805 0 7.61428e-05 0 1.75844e-06 0.00219805 0.000128855 
scan 130 30 28 0.00196644 0.00278447 0.00196644 6.81194e-05 0 0 3.53959e-05 0.00196644 0.000116766 
scan 130 30 29 0 0 0 0 0 0 0 0 0 
scan 130 30 30 0 0 0 0 0 0 0 0 0 
scan 130 30 31 0 0 0 0 0 0 0 0 0 
scan 130 30 32 0 0 0 0 0 0 0 0 0 
scan 130 30 33 0 0 0 0 0 0 0 0 0 
scan 130 30 34 0 0 0 0 0 0 0 0 0 
scan 130 30 35 0 0 0 0 0 0 0 0 0 
scan 130 30 36 0.00219805 0.00229971 0.00219805 0 7.61428e-05 0 1.75844e-06 0.000659416 0.000128855 
scan 130 30 37 0 0 0 0 0 0 0 0 0 
scan 130 30 38 0 0 0 0 0 0 0 0 0 
scan 130 30 39 0 0 0 0 0 0 0 0 0 
scan 130 30 40 0 0 0 0 0 0 0 0 0 
scan 130 30 41 0 0 0 0 0 0 0 0 0 
scan 130 30 42 0 0 0 0 0 0 0 0 0 
scan 130 30 43 0 0 0 0 0 0 0 0 0 
scan 130 30 44 0 0 0 0 0 0 0 0 0 
scan 130 30 45 0 0 0 0 0 0 0 0 0 
scan 130 30 46 0 0 0 0 0 0 0 0 0 
scan 130 30 47 0 0 0 0 0 0 0 0 0 
scan 130 30 48 0 0 0 0 0 0 0 0 0 
scan 130 30 49 0 0 0 0 0 0 0 0 0 
scan 130 30 50 0 0 0 0 0 0 0 0 0 
scan 130 30 51 0 0 0 0 0 0 0 0 0 
scan 130 30 52 0 0 0 0 0 0 0 0 0 
scan 130 30 53 0 0 0 0 0 0 0 0 0 
scan 130 30 54 0 0 0 0 0 0 0 0 0 
scan 130 30 55 0 0 0 0 0 0 0 0 0 
scan 130 30 56 0 0 0 0 0 0 0 0 0 
scan 130 30 57 0 0 0 0 0 0 0 0 0 
scan 130 30 58 0 0 0 0 0 0 0 0 0 
scan 130 30 59 0 0 0 0 0 0 0 0 0 
scan 130 30 75 0 0 0 0 0 0 0 0 0 
scan 130 30 76 0 0 0 0 0 0 0 0 0 
scan 130 30 77 0 0 0 0 0 0 0 0 0 
scan 130 30 78 0 0 0 0 0 0 0 0 0 
scan 130 30 79 0 0 0 0 0 0 0 0 0 
scan 130 30 80 0 0 0 0 0 0 0 0 0 
scan 130 30 81 0 0 0 0 0 0 0 0 0 
scan 130 30 82 0 0 0 0 0 0 0 0 0 
scan 130 30 83 0 0 0 0 0 0 0 0 0 
scan 130 30 84 0 0 0 0 0 0 0 0 0 
scan 130 30 85 0 0 0 0 0 0 0 0 0 
scan 130 30 86 0 0 0 0 0 0 0 0 0 
scan 130 30 87 0 0 0 0 0 0 0 0 0 
scan 130 30 88 0 0 0 0 0 0 0 0 0 
scan 130 30 89 0 0 0 0 0 0 0 0 0 
scan 130 30 90 0.00173389 0.00177785 0.00173389 6.25164e-05 0 5.20168e-05 0.000130042 0.000346779 0.000102958 
scan 130 30 91 0.00193739 0.00198555 0.00193739 3.87477e-05 3.87477e-05 9.68693e-05 0.000116243 0.000387477 0.000113574 
scan 130 30 92 0 0 0 0 0 0 0 0 0 
scan 130 30 93 0 0 0 0 0 0 0 0 0 
scan 130 30 94 0 0 0 0 0 0 0 0 0 
scan 130 30 95 0 0 0 0 0 0 0 0 0 
scan 130 30 96 0 0 0 0 0 0 0 0 0 
scan 130 30 97 0 0 0 0 0 0 0 0 0 
scan 130 30 98 0 0 0 0 0 0 0 0 0 
scan 130 30 99 0 0 0 0 0 0 0 0 0 
scan 130 30 100 0 0 0 0 0 0 0 0 0 
scan 130 30 101 0 0 0 0 0 0 0 0 0 
scan 130 30 102 0 0 0 0 0 0 0 0 0 
scan 130 30 103 0 0 0 0 0 0 0 0 0 
scan 130 30 104 0 0 0 0 0 0 0 0 0 
scan 130 30 120 0 0 0 0 0 0 0 0 0 
scan 130 30 121 0 0 0 0 0 0 0 0 0 
scan 130 30 122 0 0 0 0 0 0 0 0 0 
scan 130 30 123 0 0 0 0 0 0 0 0 0 
scan 130 30 124 0 0 0 0 0 0 0 0 0 
scan 130 30 125 0 0 0 0 0 0 0 0 0 
scan 130 30 126 0 0 0 0 0 0 0 0 0 
scan 130 30 127 0 0 0 0 0 0 0 0 0 
scan 130 30 128 0 0 0 0 0 0 0 0 0 
scan 130 30 129 0 0 0 0 0 0 0 0 0 
scan 130 30 130 0 0 0 0 0 0 0 0 0 
scan 130 30 131 0 0 0 0 0 0 0 0 0 
scan 130 30 132 0 0 0 0 0 0 0 0 0 
scan 130 30 133 0 0 0 0 0 0 0 0 0 
scan 130 30 134 0 0 0 0 0 0 0 0 0 
scan 130 30 135 0.00422067 0.00312056 0.00298663 8.44133e-05 8.44133e-05 0.000170436 1.03406e-05 0.000844133 0.000248962 
scan 130 30 136 0.00179509 0.00184023 0.00179509 5.38527e-05 3.59018e-05 8.97545e-05 0.000107705 0.000359018 0.000106591 
scan 130 30 137 0 0 0 0 0 0 0 0 0 
scan 130 30 138 0 0 0 0 0 0 0 0 0 
scan 130 30 139 0 0 0 0 0 0 0 0 0 
scan 130 30 140 0 0 0 0 0 0 0 0 0 
scan 130 30 141 0 0 0 0 0 0 0 0 0 
scan 130 30 142 0 0 0 0 0 0 0 0 0 
scan 130 30 143 0 0 0 0 0 0 0 0 0 
scan 130 30 144 0 0 0 0 0 0 0 0 0 
scan 130 30 145 0 0 0 0 0 0 0 0 0 
scan 130 30 146 0.00219079 0.00310222 0.00219079 4.38157e-05 4.38157e-05 6.57236e-05 5.36743e-06 0.00219079 0.000128429 
scan 130 30 147 0 0 0 0 0 0 0 0 0 
scan 130 30 148 0 0 0 0 0 0 0 0 0 
scan 130 30 149 0 0 0 0 0 0 0 0 0 
scan 130 30 165 0 0 0 0 0 0 0 0 0 
scan 130 30 166 0 0 0 0 0 0 0 0 0 
scan 130 30 167 0 0 0 0 0 0 0 0 0 
scan 130 30 168 0 0 0 0 0 0 0 0 0 
scan 130 30 169 0 0 0 0 0 0 0 0 0 
scan 130 30 170 0 0 0 0 0 0 0 0 0 
scan 130 30 171 0 0 0 0 0 0 0 0 0 
scan 130 30 172 0 0 0 0 0 0 0 0 0 
scan 130 30 173 0 0 0 0 0 0 0 0 0 
scan 130 30 174 0 0 0 0 0 0 0 0 0 
scan 130 30 175 0 0 0 0 0 0 0 0 0 
scan 130 30 176 0 0 0 0 0 0 0 0 0 
scan 130 30 177 0 0 0 0 0 0 0 0 0 
scan 130 30 178 0 0 0 0 0 0 0 0 0 
scan 130 30 179 0 0 0 0 0 0 0 0 0 
