# cards/mergeScans.py -> lines taken from file cards/ZW/l2j2_wz_230_60.txt
xsec 230 60 0.449981
scan 230 60 500 0.00318448 0 0 7.96121e-05 7.96121e-05 0 0 2.48734e-06 0
scan 230 60 501 0.00378838 0 0 9.47095e-05 9.47095e-05 0 0 -7.25138e-06 0
scan 230 60 502 0.00439955 0 0 0.000109989 0.000109989 0 0 8.81188e-06 0
scan 230 60 503 0.00528866 0 0 0.000132217 0.000132217 0 0 1.01419e-08 0
scan 230 60 504 0.00103224 0 0 2.58059e-05 2.58059e-05 0 0 4.37224e-06 0
# cards/mergeScans.py -> lines taken from file TChiWZ.kit/output/cn_230_60.txt
scan 230 60 0 0.000226391 0.000166804 0.000160089 6.17007e-06 3.23073e-06 0 1.00956e-06 4.52782e-05 9.75536e-06 
scan 230 60 1 0.000563595 0.000277711 0.000252064 7.69998e-06 1.44179e-05 0 3.41034e-06 0.000112719 2.45534e-05 
scan 230 60 2 0.000227342 0.000167627 0.000160755 3.21238e-06 8.8069e-06 0 2.84775e-07 4.54683e-05 1.00642e-05 
scan 230 60 3 0 0 0 0 0 0 0 0 0 
scan 230 60 4 0.000112579 0.00011498 0.000112579 3.89985e-06 0 0 8.10568e-07 2.25158e-05 4.8511e-06 
scan 230 60 5 0 0 0 0 0 0 0 0 0 
scan 230 60 6 0.000112168 0.000117302 0.000112168 4.62479e-06 0 0 1.00951e-06 3.36503e-05 4.83338e-06 
scan 230 60 7 0.000114224 0.00011942 0.000114224 3.23073e-06 2.28447e-06 0 3.22519e-14 3.42671e-05 4.92198e-06 
scan 230 60 8 0.000113689 0.000118873 0.000113689 3.21562e-06 2.27378e-06 0 1.63781e-10 3.41068e-05 5.16707e-06 
scan 230 60 9 0 0 0 0 0 0 0 0 0 
scan 230 60 10 0 0 0 0 0 0 0 0 0 
scan 230 60 11 0 0 0 0 0 0 0 0 0 
scan 230 60 12 0.000113721 0.000160949 0.000113721 0 3.93941e-06 0 2.50186e-07 0.000113721 4.90032e-06 
scan 230 60 13 0.000112579 0.000159334 0.000112579 3.89985e-06 0 0 8.10568e-07 0.000112579 4.8511e-06 
scan 230 60 14 0.000114224 0.00016166 0.000114224 2.28447e-06 3.23073e-06 0 7.1641e-11 0.000114224 4.92197e-06 
scan 230 60 15 0.005443 0.00137353 0.000785657 0.000112629 0.000117701 0 1.42836e-05 0.0010886 0.000239871 
scan 230 60 16 0.00963659 0.00225192 0.00104527 0.000234543 0.000171713 0 2.82199e-05 0.00192732 0.000422727 
scan 230 60 17 0.00545185 0.00137652 0.000786928 0.000109921 0.000131708 0 1.12532e-05 0.00109037 0.000238929 
scan 230 60 18 0.00203921 0.000640252 0.000480674 4.86889e-05 4.40648e-05 0 5.59839e-06 0.000407842 9.05368e-05 
scan 230 60 19 0.00125075 0.000457603 0.000377129 3.27986e-05 2.29812e-05 0 2.01378e-06 0.000250151 5.46944e-05 
scan 230 60 20 0.000114223 0.00011942 0.000114223 3.23072e-06 2.28447e-06 0 1.6455e-10 3.4267e-05 4.92196e-06 
scan 230 60 21 0.00193156 0.000752111 0.000468486 3.78287e-05 4.30931e-05 0 3.97456e-06 0.000579467 8.43037e-05 
scan 230 60 22 0.00136179 0.000571789 0.000393131 3.6435e-05 2.40788e-05 0 3.31329e-06 0.000408537 5.97468e-05 
scan 230 60 23 0.00022598 0.000174003 0.000159801 6.15583e-06 3.23073e-06 0 1.20704e-06 6.7794e-05 9.73764e-06 
scan 230 60 24 0.000340203 0.000222114 0.000196427 9.38655e-06 5.5152e-06 0 1.20719e-06 0.000102061 1.46596e-05 
scan 230 60 25 0 0 0 0 0 0 0 0 0 
scan 230 60 26 0.000794083 0.000849855 0.000300142 1.49303e-05 1.41359e-05 0 2.70557e-06 0.000794083 3.42176e-05 
scan 230 60 27 0.00385959 0.00392109 0.000661934 6.84132e-05 8.5524e-05 0 9.97249e-06 0.00385959 0.000168182 
scan 230 60 28 0.00238495 0.00244439 0.000520451 4.49167e-05 5.58347e-05 0 4.40683e-06 0.00238495 0.000105172 
scan 230 60 29 0.000681335 0.000736805 0.000278159 1.65305e-05 1.17395e-05 0 1.71282e-06 0.000681335 2.96273e-05 
scan 230 60 30 0.000340886 0.000209145 0.000196811 5.4894e-06 9.42143e-06 0 9.10245e-08 6.81773e-05 1.5493e-05 
scan 230 60 31 0.00056441 0.00027812 0.000252438 1.22565e-05 1.0412e-05 0 2.75033e-06 0.000112882 2.48442e-05 
scan 230 60 32 0.000228332 0.000168263 0.000161455 6.4582e-06 4.56664e-06 0 5.77256e-08 4.56664e-05 9.83898e-06 
scan 230 60 33 0.00022799 0.000168126 0.000161214 2.28447e-06 9.76613e-06 0 2.27588e-07 4.55981e-05 9.82427e-06 
scan 230 60 34 0 0 0 0 0 0 0 0 0 
scan 230 60 35 0 0 0 0 0 0 0 0 0 
scan 230 60 36 0 0 0 0 0 0 0 0 0 
scan 230 60 37 0.000114224 0.00011942 0.000114224 2.28447e-06 3.23073e-06 0 7.1641e-11 3.42671e-05 4.92197e-06 
scan 230 60 38 0 0 0 0 0 0 0 0 0 
scan 230 60 39 0 0 0 0 0 0 0 0 0 
scan 230 60 40 0 0 0 0 0 0 0 0 0 
scan 230 60 41 0 0 0 0 0 0 0 0 0 
scan 230 60 42 0 0 0 0 0 0 0 0 0 
scan 230 60 43 0 0 0 0 0 0 0 0 0 
scan 230 60 44 0 0 0 0 0 0 0 0 0 
scan 230 60 45 0.000113688 0.000116239 0.000113688 2.27377e-06 6.12231e-06 0 5.23877e-10 2.27377e-05 5.16703e-06 
scan 230 60 46 0 0 0 0 0 0 0 0 0 
scan 230 60 47 0 0 0 0 0 0 0 0 0 
scan 230 60 48 0 0 0 0 0 0 0 0 0 
scan 230 60 49 0 0 0 0 0 0 0 0 0 
scan 230 60 50 0 0 0 0 0 0 0 0 0 
scan 230 60 51 0 0 0 0 0 0 0 0 0 
scan 230 60 52 0 0 0 0 0 0 0 0 0 
scan 230 60 53 0 0 0 0 0 0 0 0 0 
scan 230 60 54 0 0 0 0 0 0 0 0 0 
scan 230 60 55 0 0 0 0 0 0 0 0 0 
scan 230 60 56 0 0 0 0 0 0 0 0 0 
scan 230 60 57 0 0 0 0 0 0 0 0 0 
scan 230 60 58 0 0 0 0 0 0 0 0 0 
scan 230 60 59 0 0 0 0 0 0 0 0 0 
scan 230 60 75 0 0 0 0 0 0 0 0 0 
scan 230 60 76 0 0 0 0 0 0 0 0 0 
scan 230 60 77 0 0 0 0 0 0 0 0 0 
scan 230 60 78 0 0 0 0 0 0 0 0 0 
scan 230 60 79 0 0 0 0 0 0 0 0 0 
scan 230 60 80 0 0 0 0 0 0 0 0 0 
scan 230 60 81 0 0 0 0 0 0 0 0 0 
scan 230 60 82 0 0 0 0 0 0 0 0 0 
scan 230 60 83 0 0 0 0 0 0 0 0 0 
scan 230 60 84 0 0 0 0 0 0 0 0 0 
scan 230 60 85 0 0 0 0 0 0 0 0 0 
scan 230 60 86 0 0 0 0 0 0 0 0 0 
scan 230 60 87 0 0 0 0 0 0 0 0 0 
scan 230 60 88 0 0 0 0 0 0 0 0 0 
scan 230 60 89 0 0 0 0 0 0 0 0 0 
scan 230 60 90 0.000100517 0.000102938 0.000100517 2.01034e-06 2.01034e-06 5.02584e-06 6.03101e-06 2.01034e-05 4.33134e-06 
scan 230 60 91 0.000209659 0.00015487 0.000148377 2.84305e-06 3.087e-06 6.28976e-06 8.21385e-06 4.19318e-05 9.29174e-06 
scan 230 60 92 0.000303354 0.00018721 0.000175148 4.85338e-06 1.0536e-05 9.10063e-06 1.7178e-05 6.06708e-05 1.33131e-05 
scan 230 60 93 0 0 0 0 0 0 0 0 0 
scan 230 60 94 0 0 0 0 0 0 0 0 0 
scan 230 60 95 0 0 0 0 0 0 0 0 0 
scan 230 60 96 0 0 0 0 0 0 0 0 0 
scan 230 60 97 0.000113664 0.000118862 0.000113664 2.27328e-06 2.27328e-06 3.40992e-06 2.78477e-07 3.40992e-05 4.89786e-06 
scan 230 60 98 0 0 0 0 0 0 0 0 0 
scan 230 60 99 0 0 0 0 0 0 0 0 0 
scan 230 60 100 0 0 0 0 0 0 0 0 0 
scan 230 60 101 0 0 0 0 0 0 0 0 0 
scan 230 60 102 0 0 0 0 0 0 0 0 0 
scan 230 60 103 0 0 0 0 0 0 0 0 0 
scan 230 60 104 0 0 0 0 0 0 0 0 0 
scan 230 60 120 0 0 0 0 0 0 0 0 0 
scan 230 60 121 0 0 0 0 0 0 0 0 0 
scan 230 60 122 0 0 0 0 0 0 0 0 0 
scan 230 60 123 0 0 0 0 0 0 0 0 0 
scan 230 60 124 0 0 0 0 0 0 0 0 0 
scan 230 60 125 0 0 0 0 0 0 0 0 0 
scan 230 60 126 0 0 0 0 0 0 0 0 0 
scan 230 60 127 0 0 0 0 0 0 0 0 0 
scan 230 60 128 0 0 0 0 0 0 0 0 0 
scan 230 60 129 0 0 0 0 0 0 0 0 0 
scan 230 60 130 0 0 0 0 0 0 0 0 0 
scan 230 60 131 0 0 0 0 0 0 0 0 0 
scan 230 60 132 0 0 0 0 0 0 0 0 0 
scan 230 60 133 0 0 0 0 0 0 0 0 0 
scan 230 60 134 0 0 0 0 0 0 0 0 0 
scan 230 60 135 0 0 0 0 0 0 0 0 0 
scan 230 60 136 0 0 0 0 0 0 0 0 0 
scan 230 60 137 0 0 0 0 0 0 0 0 0 
scan 230 60 138 0 0 0 0 0 0 0 0 0 
scan 230 60 139 0 0 0 0 0 0 0 0 0 
scan 230 60 140 0.000100517 0.000105311 0.000100517 3.0155e-06 2.01034e-06 3.0155e-06 6.03101e-06 3.0155e-05 4.33134e-06 
scan 230 60 141 0 0 0 0 0 0 0 0 0 
scan 230 60 142 0 0 0 0 0 0 0 0 0 
scan 230 60 143 0 0 0 0 0 0 0 0 0 
scan 230 60 144 0 0 0 0 0 0 0 0 0 
scan 230 60 145 0 0 0 0 0 0 0 0 0 
scan 230 60 146 0 0 0 0 0 0 0 0 0 
scan 230 60 147 0 0 0 0 0 0 0 0 0 
scan 230 60 148 0 0 0 0 0 0 0 0 0 
scan 230 60 149 0 0 0 0 0 0 0 0 0 
scan 230 60 165 0 0 0 0 0 0 0 0 0 
scan 230 60 166 0 0 0 0 0 0 0 0 0 
scan 230 60 167 0 0 0 0 0 0 0 0 0 
scan 230 60 168 0 0 0 0 0 0 0 0 0 
scan 230 60 169 0 0 0 0 0 0 0 0 0 
scan 230 60 170 0 0 0 0 0 0 0 0 0 
scan 230 60 171 0 0 0 0 0 0 0 0 0 
scan 230 60 172 0 0 0 0 0 0 0 0 0 
scan 230 60 173 0 0 0 0 0 0 0 0 0 
scan 230 60 174 0 0 0 0 0 0 0 0 0 
scan 230 60 175 0 0 0 0 0 0 0 0 0 
scan 230 60 176 0 0 0 0 0 0 0 0 0 
scan 230 60 177 0 0 0 0 0 0 0 0 0 
scan 230 60 178 0 0 0 0 0 0 0 0 0 
scan 230 60 179 0 0 0 0 0 0 0 0 0 
