# cards/mergeScans.py -> lines taken from file cards/ZW/l2j2_wz_260_60.txt
xsec 260 60 0.270724
scan 260 60 500 0.0018057 0 0 4.51425e-05 4.51425e-05 0 0 4.91244e-07 0
scan 260 60 501 0.00154287 0 0 3.85717e-05 3.85717e-05 0 0 3.90724e-06 0
scan 260 60 502 0.00232078 0 0 5.80196e-05 5.80196e-05 0 0 -3.73171e-06 0
scan 260 60 503 0.00367914 0 0 9.19785e-05 9.19785e-05 0 0 2.22708e-06 0
scan 260 60 504 0.00184873 0 0 4.62184e-05 4.62184e-05 0 0 -2.06615e-06 0
# cards/mergeScans.py -> lines taken from file TChiWZ.kit/output/cn_260_60.txt
scan 260 60 0 0.000108722 8.01103e-05 7.68784e-05 3.42069e-06 1.08722e-06 0 7.84029e-11 2.17445e-05 4.65631e-06 
scan 260 60 1 0.000108505 7.99398e-05 7.67247e-05 1.53756e-06 2.96282e-06 0 1.08366e-07 2.1701e-05 4.647e-06 
scan 260 60 2 0 0 0 0 0 0 0 0 0 
scan 260 60 3 0.000162105 9.94469e-05 9.35947e-05 4.82581e-06 2.62478e-06 0 4.80715e-07 3.2421e-05 6.94254e-06 
scan 260 60 4 5.71515e-05 5.83795e-05 5.71515e-05 1.61649e-06 1.14303e-06 0 8.23325e-11 1.14303e-05 2.70249e-06 
scan 260 60 5 0 0 0 0 0 0 0 0 0 
scan 260 60 6 0.000111512 8.60627e-05 7.88753e-05 2.23023e-06 6.00509e-06 0 6.44419e-10 3.34535e-05 5.03059e-06 
scan 260 60 7 5.43613e-05 5.68338e-05 5.43613e-05 1.53757e-06 1.08723e-06 0 1.53493e-14 1.63084e-05 2.32816e-06 
scan 260 60 8 0 0 0 0 0 0 0 0 0 
scan 260 60 9 5.70602e-05 5.96665e-05 5.70602e-05 0 1.97662e-06 0 4.56482e-08 1.71181e-05 2.69817e-06 
scan 260 60 10 0 0 0 0 0 0 0 0 0 
scan 260 60 11 5.35785e-05 7.58298e-05 5.35785e-05 1.85601e-06 0 0 3.85765e-07 5.35785e-05 2.29463e-06 
scan 260 60 12 0.000111513 0.000136734 7.88761e-05 2.70371e-06 2.6806e-06 0 1.26865e-10 0.000111513 5.03064e-06 
scan 260 60 13 5.35785e-05 7.58298e-05 5.35785e-05 1.85601e-06 0 0 3.85765e-07 5.35785e-05 2.29463e-06 
scan 260 60 14 0.000108635 0.000133174 7.68169e-05 1.53756e-06 2.96734e-06 0 4.34978e-08 0.000108635 4.65258e-06 
scan 260 60 15 0.00191872 0.000512862 0.000324401 4.09702e-05 4.1253e-05 0 4.42022e-06 0.000383745 8.44492e-05 
scan 260 60 16 0.00440247 0.00103558 0.000492374 8.94231e-05 9.03583e-05 0 1.34308e-05 0.000880494 0.000195891 
scan 260 60 17 0.00269033 0.000677232 0.000384464 6.55275e-05 5.29069e-05 0 7.46914e-06 0.000538065 0.000119029 
scan 260 60 18 0.00135652 0.000390276 0.000271335 3.02048e-05 2.69195e-05 0 3.98397e-06 0.000271303 5.86018e-05 
scan 260 60 19 0.00114948 0.000345521 0.000250912 2.21295e-05 2.21734e-05 0 4.34321e-06 0.000229896 5.07464e-05 
scan 260 60 20 0.000114212 8.79747e-05 8.076e-05 1.14303e-06 3.59312e-06 0 4.5684e-08 3.42635e-05 5.40066e-06 
scan 260 60 21 0.00164819 0.000585525 0.000301025 3.87272e-05 2.93638e-05 0 5.18366e-06 0.000494457 7.31257e-05 
scan 260 60 22 0.00160068 0.000571359 0.000297337 3.54602e-05 3.29723e-05 0 3.19465e-06 0.000480205 7.13459e-05 
scan 260 60 23 0.000386832 0.00018789 0.000146275 9.13811e-06 7.34267e-06 0 1.01581e-06 0.00011605 1.73314e-05 
scan 260 60 24 0.000492283 0.000222455 0.000164131 1.30709e-05 9.90031e-06 0 1.2572e-06 0.000147685 2.15893e-05 
scan 260 60 25 5.35785e-05 7.58298e-05 5.35785e-05 1.85601e-06 0 0 3.85765e-07 5.35785e-05 2.29463e-06 
scan 260 60 26 0.000489514 0.000516631 0.000163201 6.21803e-06 1.25722e-05 0 1.24213e-06 0.000489514 2.12191e-05 
scan 260 60 27 0.00192293 0.00195299 0.00032514 4.67198e-05 3.59846e-05 0 6.45805e-06 0.00192293 8.53893e-05 
scan 260 60 28 0.00202563 0.00205573 0.000333103 5.3407e-05 3.10919e-05 0 8.04974e-06 0.00202563 8.95254e-05 
scan 260 60 29 0.00121324 0.00124226 0.000258752 2.7596e-05 2.50056e-05 0 2.47119e-06 0.00121324 5.39925e-05 
scan 260 60 30 5.35785e-05 5.47206e-05 5.35785e-05 1.85601e-06 0 0 3.85765e-07 1.07157e-05 2.29463e-06 
scan 260 60 31 5.43612e-05 5.55186e-05 5.43612e-05 1.08722e-06 1.53757e-06 0 2.61043e-11 1.08722e-05 2.32816e-06 
scan 260 60 32 5.70602e-05 5.82863e-05 5.70602e-05 0 1.97662e-06 0 4.56482e-08 1.1412e-05 2.69817e-06 
scan 260 60 33 0.000108722 8.01159e-05 7.68783e-05 2.62479e-06 2.62479e-06 0 1.04417e-10 2.17445e-05 4.65631e-06 
scan 260 60 34 0 0 0 0 0 0 0 0 0 
scan 260 60 35 0 0 0 0 0 0 0 0 0 
scan 260 60 36 0 0 0 0 0 0 0 0 0 
scan 260 60 37 0 0 0 0 0 0 0 0 0 
scan 260 60 38 5.43611e-05 5.68336e-05 5.43611e-05 1.53756e-06 1.08722e-06 0 7.83126e-11 1.63083e-05 2.32815e-06 
scan 260 60 39 0 0 0 0 0 0 0 0 0 
scan 260 60 40 0 0 0 0 0 0 0 0 0 
scan 260 60 41 0 0 0 0 0 0 0 0 0 
scan 260 60 42 0.000219061 0.000245229 0.000109569 6.06061e-06 3.79093e-06 0 5.74704e-07 0.000219061 9.63666e-06 
scan 260 60 43 0 0 0 0 0 0 0 0 0 
scan 260 60 44 0.000107548 0.000131845 7.60527e-05 2.92968e-06 1.53757e-06 0 5.74447e-07 0.000107548 4.60603e-06 
scan 260 60 45 5.43607e-05 5.55314e-05 5.43607e-05 1.96e-06 1.08721e-06 0 2.87677e-10 1.08721e-05 2.32813e-06 
scan 260 60 46 0.000114097 8.41921e-05 8.06789e-05 3.66969e-06 3.99032e-06 0 1.02805e-07 2.28194e-05 5.39523e-06 
scan 260 60 47 0 0 0 0 0 0 0 0 0 
scan 260 60 48 0 0 0 0 0 0 0 0 0 
scan 260 60 49 0 0 0 0 0 0 0 0 0 
scan 260 60 50 0 0 0 0 0 0 0 0 0 
scan 260 60 51 0 0 0 0 0 0 0 0 0 
scan 260 60 52 5.43611e-05 5.68336e-05 5.43611e-05 1.53756e-06 1.08722e-06 0 7.83126e-11 1.63083e-05 2.32815e-06 
scan 260 60 53 0 0 0 0 0 0 0 0 0 
scan 260 60 54 0 0 0 0 0 0 0 0 0 
scan 260 60 55 0 0 0 0 0 0 0 0 0 
scan 260 60 56 0 0 0 0 0 0 0 0 0 
scan 260 60 57 0 0 0 0 0 0 0 0 0 
scan 260 60 58 0 0 0 0 0 0 0 0 0 
scan 260 60 59 0 0 0 0 0 0 0 0 0 
scan 260 60 75 0 0 0 0 0 0 0 0 0 
scan 260 60 76 0 0 0 0 0 0 0 0 0 
scan 260 60 77 0 0 0 0 0 0 0 0 0 
scan 260 60 78 0 0 0 0 0 0 0 0 0 
scan 260 60 79 0 0 0 0 0 0 0 0 0 
scan 260 60 80 0 0 0 0 0 0 0 0 0 
scan 260 60 81 0 0 0 0 0 0 0 0 0 
scan 260 60 82 0 0 0 0 0 0 0 0 0 
scan 260 60 83 0 0 0 0 0 0 0 0 0 
scan 260 60 84 0 0 0 0 0 0 0 0 0 
scan 260 60 85 0 0 0 0 0 0 0 0 0 
scan 260 60 86 0 0 0 0 0 0 0 0 0 
scan 260 60 87 0 0 0 0 0 0 0 0 0 
scan 260 60 88 0 0 0 0 0 0 0 0 0 
scan 260 60 89 0 0 0 0 0 0 0 0 0 
scan 260 60 90 5.40949e-05 5.526e-05 5.40949e-05 1.0819e-06 1.0819e-06 1.62285e-06 1.32533e-07 1.0819e-05 2.31675e-06 
scan 260 60 91 9.65006e-05 7.15693e-05 6.82974e-05 3.08853e-06 0 3.81916e-06 6.48314e-06 1.93001e-05 4.35713e-06 
scan 260 60 92 5.40949e-05 5.526e-05 5.40949e-05 1.0819e-06 1.0819e-06 1.62285e-06 1.32533e-07 1.0819e-05 2.31675e-06 
scan 260 60 93 0 0 0 0 0 0 0 0 0 
scan 260 60 94 0 0 0 0 0 0 0 0 0 
scan 260 60 95 0 0 0 0 0 0 0 0 0 
scan 260 60 96 5.40949e-05 5.65684e-05 5.40949e-05 1.0819e-06 1.0819e-06 1.62285e-06 1.32533e-07 1.62285e-05 2.31675e-06 
scan 260 60 97 0 0 0 0 0 0 0 0 0 
scan 260 60 98 0 0 0 0 0 0 0 0 0 
scan 260 60 99 0 0 0 0 0 0 0 0 0 
scan 260 60 100 0 0 0 0 0 0 0 0 0 
scan 260 60 101 0 0 0 0 0 0 0 0 0 
scan 260 60 102 0.000103079 0.000126681 7.32767e-05 2.80345e-06 1.13743e-06 3.09236e-06 3.60487e-06 0.000103079 4.66819e-06 
scan 260 60 103 5.21868e-05 7.39054e-05 5.21868e-05 0 1.47607e-06 2.60934e-06 1.04374e-06 5.21868e-05 2.23503e-06 
scan 260 60 104 5.02935e-05 7.12596e-05 5.02935e-05 1.00587e-06 1.00587e-06 1.5088e-06 3.01761e-06 5.02935e-05 2.3782e-06 
scan 260 60 120 0 0 0 0 0 0 0 0 0 
scan 260 60 121 0 0 0 0 0 0 0 0 0 
scan 260 60 122 0 0 0 0 0 0 0 0 0 
scan 260 60 123 0 0 0 0 0 0 0 0 0 
scan 260 60 124 0 0 0 0 0 0 0 0 0 
scan 260 60 125 0 0 0 0 0 0 0 0 0 
scan 260 60 126 0 0 0 0 0 0 0 0 0 
scan 260 60 127 0 0 0 0 0 0 0 0 0 
scan 260 60 128 0 0 0 0 0 0 0 0 0 
scan 260 60 129 0 0 0 0 0 0 0 0 0 
scan 260 60 130 0 0 0 0 0 0 0 0 0 
scan 260 60 131 0 0 0 0 0 0 0 0 0 
scan 260 60 132 0 0 0 0 0 0 0 0 0 
scan 260 60 133 0 0 0 0 0 0 0 0 0 
scan 260 60 134 0 0 0 0 0 0 0 0 0 
scan 260 60 135 0 0 0 0 0 0 0 0 0 
scan 260 60 136 5.40949e-05 5.526e-05 5.40949e-05 1.0819e-06 1.0819e-06 1.62285e-06 1.32533e-07 1.0819e-05 2.31675e-06 
scan 260 60 137 0 0 0 0 0 0 0 0 0 
scan 260 60 138 0 0 0 0 0 0 0 0 0 
scan 260 60 139 0 0 0 0 0 0 0 0 0 
scan 260 60 140 5.40134e-05 5.64832e-05 5.40134e-05 1.08027e-06 1.08027e-06 1.6204e-06 1.72843e-07 1.6204e-05 2.31326e-06 
scan 260 60 141 0 0 0 0 0 0 0 0 0 
scan 260 60 142 0 0 0 0 0 0 0 0 0 
scan 260 60 143 0 0 0 0 0 0 0 0 0 
scan 260 60 144 0 0 0 0 0 0 0 0 0 
scan 260 60 145 0 0 0 0 0 0 0 0 0 
scan 260 60 146 0 0 0 0 0 0 0 0 0 
scan 260 60 147 5.02935e-05 7.12685e-05 5.02935e-05 1.5088e-06 1.00587e-06 1.5088e-06 3.01761e-06 5.02935e-05 2.3782e-06 
scan 260 60 148 0 0 0 0 0 0 0 0 0 
scan 260 60 149 0 0 0 0 0 0 0 0 0 
scan 260 60 165 0 0 0 0 0 0 0 0 0 
scan 260 60 166 0 0 0 0 0 0 0 0 0 
scan 260 60 167 0 0 0 0 0 0 0 0 0 
scan 260 60 168 0 0 0 0 0 0 0 0 0 
scan 260 60 169 0 0 0 0 0 0 0 0 0 
scan 260 60 170 0 0 0 0 0 0 0 0 0 
scan 260 60 171 0 0 0 0 0 0 0 0 0 
scan 260 60 172 0 0 0 0 0 0 0 0 0 
scan 260 60 173 0 0 0 0 0 0 0 0 0 
scan 260 60 174 0 0 0 0 0 0 0 0 0 
scan 260 60 175 0 0 0 0 0 0 0 0 0 
scan 260 60 176 0 0 0 0 0 0 0 0 0 
scan 260 60 177 0 0 0 0 0 0 0 0 0 
scan 260 60 178 0 0 0 0 0 0 0 0 0 
scan 260 60 179 0 0 0 0 0 0 0 0 0 
