# cards/mergeScans.py -> lines taken from file cards/ZW/l2j2_wz_290_140.txt
xsec 290 140 0.16968
scan 290 140 500 0.00155568 0 0 3.88919e-05 3.88919e-05 0 0 1.38266e-06 0
scan 290 140 501 0.000832622 0 0 2.08156e-05 2.08156e-05 0 0 1.21162e-06 0
scan 290 140 502 0.0015377 0 0 3.84426e-05 3.84426e-05 0 0 5.96985e-07 0
scan 290 140 503 0.00183022 0 0 4.57555e-05 4.57555e-05 0 0 9.72893e-08 0
scan 290 140 504 0.000542908 0 0 1.35727e-05 1.35727e-05 0 0 4.24767e-06 0
# cards/mergeScans.py -> lines taken from file TChiWZ.kit/output/cn_290_140.txt
scan 290 140 0 0 0 0 0 0 0 0 0 0 
scan 290 140 1 0.000286391 0.0001083 9.05742e-05 6.59787e-06 6.3144e-06 0 7.55998e-07 5.72782e-05 1.26661e-05 
scan 290 140 2 8.48491e-05 5.20792e-05 4.90056e-05 2.75265e-06 5.87131e-07 0 7.81997e-07 1.69698e-05 3.76712e-06 
scan 290 140 3 0 0 0 0 0 0 0 0 0 
scan 290 140 4 2.85058e-05 2.91128e-05 2.85058e-05 0 9.87468e-07 0 2.28046e-08 5.70115e-06 1.22385e-06 
scan 290 140 5 0 0 0 0 0 0 0 0 0 
scan 290 140 6 2.85514e-05 2.98501e-05 2.85514e-05 8.07554e-07 5.71027e-07 0 4.11311e-11 8.56541e-06 1.2258e-06 
scan 290 140 7 0 0 0 0 0 0 0 0 0 
scan 290 140 8 0 0 0 0 0 0 0 0 0 
scan 290 140 9 2.85514e-05 2.98502e-05 2.85514e-05 8.07557e-07 5.71029e-07 0 8.06171e-15 8.56543e-06 1.22581e-06 
scan 290 140 10 0 0 0 0 0 0 0 0 0 
scan 290 140 11 0 0 0 0 0 0 0 0 0 
scan 290 140 12 5.70572e-05 6.99488e-05 4.03455e-05 5.71028e-07 1.79502e-06 0 2.28183e-08 5.70572e-05 2.44965e-06 
scan 290 140 13 2.76264e-05 3.91019e-05 2.76264e-05 9.57005e-07 0 0 4.47547e-07 2.76264e-05 1.18609e-06 
scan 290 140 14 5.70571e-05 6.99454e-05 4.03455e-05 8.07554e-07 1.5585e-06 0 2.28457e-08 5.70571e-05 2.44965e-06 
scan 290 140 15 0.00226375 0.000533522 0.000254729 4.57848e-05 5.08766e-05 0 5.85178e-06 0.00045275 0.000100288 
scan 290 140 16 0.00291212 0.00066829 0.000288371 6.79221e-05 5.61512e-05 0 9.5275e-06 0.000582424 0.000127981 
scan 290 140 17 0.00229086 0.000539552 0.000256154 5.59066e-05 4.7004e-05 0 5.39186e-06 0.000458172 0.000101075 
scan 290 140 18 0.000659075 0.000193806 0.000137446 1.52612e-05 1.41313e-05 0 1.98707e-06 0.000131815 2.92858e-05 
scan 290 140 19 0.000458542 0.000148963 0.000114649 1.08209e-05 1.02276e-05 0 1.13332e-06 9.17084e-05 2.03051e-05 
scan 290 140 20 8.40097e-05 5.48625e-05 4.85033e-05 2.91018e-06 0 0 8.06e-07 2.52029e-05 3.60682e-06 
scan 290 140 21 0.000776177 0.00027988 0.000149395 1.65805e-05 1.79469e-05 0 1.35787e-06 0.000232853 3.45641e-05 
scan 290 140 22 0.000801075 0.000287212 0.000151413 1.83116e-05 1.43525e-05 0 2.75179e-06 0.000240322 3.55072e-05 
scan 290 140 23 0.000230369 0.000107566 8.14572e-05 5.38596e-06 4.95341e-06 0 2.26251e-07 6.91106e-05 1.02631e-05 
scan 290 140 24 0.000171525 8.7396e-05 7.00291e-05 3.7416e-06 3.99463e-06 0 2.91202e-07 5.14574e-05 7.48784e-06 
scan 290 140 25 0 0 0 0 0 0 0 0 0 
scan 290 140 26 0.000515693 0.000530541 0.000121561 1.07204e-05 1.10827e-05 0 1.10968e-06 0.000515693 2.2758e-05 
scan 290 140 27 0.00126271 0.00127877 0.000190381 2.54334e-05 2.82425e-05 0 2.3784e-06 0.00126271 5.59462e-05 
scan 290 140 28 0.00111702 0.00113281 0.000178885 2.37231e-05 2.2227e-05 0 3.01926e-06 0.00111702 4.94383e-05 
scan 290 140 29 0.000283653 0.000297857 8.97044e-05 6.44717e-06 4.34099e-06 0 1.30939e-06 0.000283653 1.23006e-05 
scan 290 140 30 8.59911e-05 5.27353e-05 4.96481e-05 1.57333e-06 1.79502e-06 0 2.31147e-07 1.71982e-05 3.81436e-06 
scan 290 140 31 8.55798e-05 5.2536e-05 4.94095e-05 1.37777e-06 3.22116e-06 0 3.72034e-08 1.7116e-05 3.67423e-06 
scan 290 140 32 5.6646e-05 4.17216e-05 4.00556e-05 9.74808e-07 9.87468e-07 0 2.25415e-07 1.13292e-05 2.432e-06 
scan 290 140 33 0 0 0 0 0 0 0 0 0 
scan 290 140 34 2.85418e-05 2.91566e-05 2.85418e-05 8.56255e-07 8.07285e-07 0 4.79503e-09 5.70837e-06 1.2254e-06 
scan 290 140 35 0 0 0 0 0 0 0 0 0 
scan 290 140 36 5.71028e-05 4.39732e-05 4.03777e-05 1.37858e-06 1.37858e-06 0 5.48415e-11 1.71308e-05 2.45161e-06 
scan 290 140 37 2.93566e-05 3.06973e-05 2.93566e-05 8.30329e-07 5.87131e-07 0 4.2291e-11 8.80697e-06 1.38464e-06 
scan 290 140 38 0 0 0 0 0 0 0 0 0 
scan 290 140 39 0 0 0 0 0 0 0 0 0 
scan 290 140 40 0 0 0 0 0 0 0 0 0 
scan 290 140 41 2.85514e-05 4.04084e-05 2.85514e-05 8.07554e-07 5.71027e-07 0 4.11311e-11 2.85514e-05 1.2258e-06 
scan 290 140 42 2.85058e-05 4.03439e-05 2.85058e-05 0 9.87468e-07 0 2.28046e-08 2.85058e-05 1.22385e-06 
scan 290 140 43 0 0 0 0 0 0 0 0 0 
scan 290 140 44 2.81403e-05 3.98272e-05 2.81403e-05 9.74808e-07 0 0 2.0261e-07 2.81403e-05 1.20816e-06 
scan 290 140 45 0 0 0 0 0 0 0 0 0 
scan 290 140 46 5.71026e-05 4.20797e-05 4.03776e-05 1.14205e-06 1.6151e-06 0 1.45274e-10 1.14205e-05 2.4516e-06 
scan 290 140 47 0 0 0 0 0 0 0 0 0 
scan 290 140 48 0 0 0 0 0 0 0 0 0 
scan 290 140 49 0 0 0 0 0 0 0 0 0 
scan 290 140 50 0 0 0 0 0 0 0 0 0 
scan 290 140 51 0 0 0 0 0 0 0 0 0 
scan 290 140 52 0 0 0 0 0 0 0 0 0 
scan 290 140 53 0 0 0 0 0 0 0 0 0 
scan 290 140 54 0 0 0 0 0 0 0 0 0 
scan 290 140 55 0 0 0 0 0 0 0 0 0 
scan 290 140 56 0 0 0 0 0 0 0 0 0 
scan 290 140 57 0 0 0 0 0 0 0 0 0 
scan 290 140 58 0 0 0 0 0 0 0 0 0 
scan 290 140 59 0 0 0 0 0 0 0 0 0 
scan 290 140 75 0 0 0 0 0 0 0 0 0 
scan 290 140 76 2.93566e-05 2.99872e-05 2.93566e-05 5.87132e-07 8.3033e-07 0 2.40489e-11 5.87132e-06 1.38464e-06 
scan 290 140 77 0 0 0 0 0 0 0 0 0 
scan 290 140 78 0 0 0 0 0 0 0 0 0 
scan 290 140 79 0 0 0 0 0 0 0 0 0 
scan 290 140 80 0 0 0 0 0 0 0 0 0 
scan 290 140 81 0 0 0 0 0 0 0 0 0 
scan 290 140 82 0 0 0 0 0 0 0 0 0 
scan 290 140 83 0 0 0 0 0 0 0 0 0 
scan 290 140 84 0 0 0 0 0 0 0 0 0 
scan 290 140 85 0 0 0 0 0 0 0 0 0 
scan 290 140 86 0 0 0 0 0 0 0 0 0 
scan 290 140 87 0 0 0 0 0 0 0 0 0 
scan 290 140 88 0 0 0 0 0 0 0 0 0 
scan 290 140 89 0 0 0 0 0 0 0 0 0 
scan 290 140 90 5.68231e-05 4.19549e-05 4.018e-05 1.13646e-06 1.13646e-06 2.84115e-06 1.39217e-07 1.13646e-05 2.4396e-06 
scan 290 140 91 5.16677e-05 3.82315e-05 3.65346e-05 1.46138e-06 0 1.55003e-06 3.10006e-06 1.03335e-05 2.43698e-06 
scan 290 140 92 0.000106615 5.79842e-05 5.33952e-05 1.21315e-06 2.09674e-06 3.19846e-06 4.14233e-06 2.13231e-05 4.81594e-06 
scan 290 140 93 0 0 0 0 0 0 0 0 0 
scan 290 140 94 0 0 0 0 0 0 0 0 0 
scan 290 140 95 2.54108e-05 2.66094e-05 2.54108e-05 0 7.18725e-07 7.62323e-07 1.39759e-06 7.62323e-06 1.09097e-06 
scan 290 140 96 2.51253e-05 2.63365e-05 2.51253e-05 5.02505e-07 5.02505e-07 1.25626e-06 1.50752e-06 7.53758e-06 1.07871e-06 
scan 290 140 97 0 0 0 0 0 0 0 0 0 
scan 290 140 98 0 0 0 0 0 0 0 0 0 
scan 290 140 99 0 0 0 0 0 0 0 0 0 
scan 290 140 100 0 0 0 0 0 0 0 0 0 
scan 290 140 101 2.51253e-05 3.56145e-05 2.51253e-05 5.02505e-07 1.25626e-06 7.53758e-07 1.50752e-06 2.51253e-05 1.07871e-06 
scan 290 140 102 0 0 0 0 0 0 0 0 0 
scan 290 140 103 0 0 0 0 0 0 0 0 0 
scan 290 140 104 2.92128e-05 4.13537e-05 2.92128e-05 5.84256e-07 5.84256e-07 8.76384e-07 7.15713e-08 2.92128e-05 1.37786e-06 
scan 290 140 120 0 0 0 0 0 0 0 0 0 
scan 290 140 121 0 0 0 0 0 0 0 0 0 
scan 290 140 122 0 0 0 0 0 0 0 0 0 
scan 290 140 123 0 0 0 0 0 0 0 0 0 
scan 290 140 124 0 0 0 0 0 0 0 0 0 
scan 290 140 125 0 0 0 0 0 0 0 0 0 
scan 290 140 126 0 0 0 0 0 0 0 0 0 
scan 290 140 127 0 0 0 0 0 0 0 0 0 
scan 290 140 128 0 0 0 0 0 0 0 0 0 
scan 290 140 129 0 0 0 0 0 0 0 0 0 
scan 290 140 130 0 0 0 0 0 0 0 0 0 
scan 290 140 131 0 0 0 0 0 0 0 0 0 
scan 290 140 132 0 0 0 0 0 0 0 0 0 
scan 290 140 133 0 0 0 0 0 0 0 0 0 
scan 290 140 134 0 0 0 0 0 0 0 0 0 
scan 290 140 135 0.000107031 5.82363e-05 5.36149e-05 2.14062e-06 2.14062e-06 4.2808e-06 3.17542e-06 2.14062e-05 4.59519e-06 
scan 290 140 136 7.85141e-05 4.84518e-05 4.54266e-05 1.57028e-06 1.57028e-06 2.92365e-06 3.43979e-06 1.57028e-05 3.48023e-06 
scan 290 140 137 0 0 0 0 0 0 0 0 0 
scan 290 140 138 0 0 0 0 0 0 0 0 0 
scan 290 140 139 0 0 0 0 0 0 0 0 0 
scan 290 140 140 0 0 0 0 0 0 0 0 0 
scan 290 140 141 0 0 0 0 0 0 0 0 0 
scan 290 140 142 2.51253e-05 2.63234e-05 2.51253e-05 7.53758e-07 5.02505e-07 7.53758e-07 1.50752e-06 7.53758e-06 1.07871e-06 
scan 290 140 143 0 0 0 0 0 0 0 0 0 
scan 290 140 144 0 0 0 0 0 0 0 0 0 
scan 290 140 145 0 0 0 0 0 0 0 0 0 
scan 290 140 146 2.51253e-05 3.55959e-05 2.51253e-05 5.02505e-07 5.02505e-07 7.53758e-07 1.50752e-06 2.51253e-05 1.07871e-06 
scan 290 140 147 2.51253e-05 3.56145e-05 2.51253e-05 5.02505e-07 1.25626e-06 7.53758e-07 1.50752e-06 2.51253e-05 1.07871e-06 
scan 290 140 148 0 0 0 0 0 0 0 0 0 
scan 290 140 149 0 0 0 0 0 0 0 0 0 
scan 290 140 165 0 0 0 0 0 0 0 0 0 
scan 290 140 166 0 0 0 0 0 0 0 0 0 
scan 290 140 167 0 0 0 0 0 0 0 0 0 
scan 290 140 168 0 0 0 0 0 0 0 0 0 
scan 290 140 169 0 0 0 0 0 0 0 0 0 
scan 290 140 170 0 0 0 0 0 0 0 0 0 
scan 290 140 171 0 0 0 0 0 0 0 0 0 
scan 290 140 172 0 0 0 0 0 0 0 0 0 
scan 290 140 173 0 0 0 0 0 0 0 0 0 
scan 290 140 174 0 0 0 0 0 0 0 0 0 
scan 290 140 175 0 0 0 0 0 0 0 0 0 
scan 290 140 176 0 0 0 0 0 0 0 0 0 
scan 290 140 177 0 0 0 0 0 0 0 0 0 
scan 290 140 178 2.84115e-05 4.02156e-05 2.84115e-05 5.68231e-07 5.68231e-07 8.52346e-07 6.96083e-08 2.84115e-05 1.2198e-06 
scan 290 140 179 0 0 0 0 0 0 0 0 0 
