# cards/mergeScans.py -> lines taken from file cards/ZW/l2j2_wz_350_130.txt
xsec 350 130 0.073732
scan 350 130 500 0.000354382 0 0 8.85955e-06 8.85955e-06 0 0 4.77065e-07 0
scan 350 130 501 0.000582734 0 0 1.45683e-05 1.45683e-05 0 0 -2.9293e-07 0
scan 350 130 502 0.000621802 0 0 1.55451e-05 1.55451e-05 0 0 -7.93438e-08 0
scan 350 130 503 0.00110772 0 0 2.7693e-05 2.7693e-05 0 0 3.06234e-07 0
scan 350 130 504 0.00149134 0 0 3.72834e-05 3.72834e-05 0 0 4.07721e-07 0
# cards/mergeScans.py -> lines taken from file TChiWZ.kit/output/cn_350_130.txt
scan 350 130 0 1.61542e-05 1.19005e-05 1.14227e-05 1.61671e-07 5.08212e-07 0 6.46157e-09 3.23084e-06 6.48765e-07 
scan 350 130 1 3.22022e-05 1.74189e-05 1.61014e-05 7.47053e-07 6.69806e-07 0 6.51893e-08 6.44043e-06 1.29326e-06 
scan 350 130 2 1.65391e-05 1.21894e-05 1.16978e-05 2.28637e-07 4.54579e-07 0 1.86138e-08 3.30781e-06 7.35538e-07 
scan 350 130 3 8.08355e-06 8.25478e-06 8.08355e-06 1.61671e-07 2.28637e-07 0 3.88172e-12 1.61671e-06 3.24642e-07 
scan 350 130 4 1.60507e-05 1.18232e-05 1.13499e-05 4.37661e-07 2.28637e-07 0 5.73674e-08 3.21014e-06 6.44609e-07 
scan 350 130 5 0 0 0 0 0 0 0 0 0 
scan 350 130 6 0 0 0 0 0 0 0 0 0 
scan 350 130 7 8.08346e-06 8.45838e-06 8.08346e-06 1.61669e-07 4.35308e-07 0 4.90161e-11 2.42504e-06 3.24638e-07 
scan 350 130 8 0 0 0 0 0 0 0 0 0 
scan 350 130 9 0 0 0 0 0 0 0 0 0 
scan 350 130 10 0 0 0 0 0 0 0 0 0 
scan 350 130 11 8.08356e-06 1.14399e-05 8.08356e-06 2.80023e-07 0 0 6.84736e-15 8.08356e-06 3.24642e-07 
scan 350 130 12 3.24234e-05 3.62948e-05 1.62184e-05 9.32796e-07 4.6885e-07 0 1.56912e-07 3.24234e-05 1.37378e-06 
scan 350 130 13 3.23083e-05 3.61587e-05 1.61542e-05 4.57273e-07 8.8249e-07 0 1.29475e-08 3.23083e-05 1.29753e-06 
scan 350 130 14 2.45247e-05 2.83477e-05 1.41614e-05 5.18603e-07 4.41245e-07 0 6.674e-08 2.45247e-05 1.05553e-06 
scan 350 130 15 0.000388755 9.8013e-05 5.61245e-05 1.03292e-05 5.96709e-06 0 1.64102e-06 7.77511e-05 1.63208e-05 
scan 350 130 16 0.000717617 0.000166913 7.65226e-05 1.63271e-05 1.38958e-05 0 2.15211e-06 0.000143523 3.06743e-05 
scan 350 130 17 0.000652799 0.000153519 7.30041e-05 1.51146e-05 1.37917e-05 0 1.42373e-06 0.00013056 2.77845e-05 
scan 350 130 18 0.000438778 0.000108642 5.9724e-05 1.0392e-05 9.33873e-06 0 1.09964e-06 8.77556e-05 1.84055e-05 
scan 350 130 19 0.000488054 0.000119047 6.30242e-05 1.34609e-05 7.38617e-06 0 1.92465e-06 9.76108e-05 2.08064e-05 
scan 350 130 20 8.4793e-06 8.8671e-06 8.4793e-06 0 2.93732e-07 0 6.78344e-09 2.54379e-06 4.12052e-07 
scan 350 130 21 0.000195257 7.15565e-05 3.98649e-05 3.72411e-06 4.31609e-06 0 3.91738e-07 5.8577e-05 8.19765e-06 
scan 350 130 22 0.000236836 8.44669e-05 4.39913e-05 4.80503e-06 4.96556e-06 0 6.2336e-07 7.10509e-05 1.01515e-05 
scan 350 130 23 0.000204018 7.4334e-05 4.08148e-05 3.96431e-06 4.84318e-06 0 2.59565e-07 6.12053e-05 8.6233e-06 
scan 350 130 24 0.000146096 5.62689e-05 3.44452e-05 3.8606e-06 2.15156e-06 0 7.10692e-07 4.38288e-05 6.22137e-06 
scan 350 130 25 1.646e-05 2.01825e-05 1.16449e-05 4.45848e-07 2.40215e-07 0 5.73676e-08 1.646e-05 7.32679e-07 
scan 350 130 26 0.000145922 0.000150113 3.44028e-05 3.71751e-06 2.28578e-06 0 5.96676e-07 0.000145922 6.14403e-06 
scan 350 130 27 0.000603803 0.000608684 7.02075e-05 1.38015e-05 1.13633e-05 0 1.66196e-06 0.000603803 2.58106e-05 
scan 350 130 28 0.000649892 0.000654793 7.26754e-05 1.45911e-05 1.26556e-05 0 1.44375e-06 0.000649892 2.71691e-05 
scan 350 130 29 0.00111612 0.00112169 9.53835e-05 2.37749e-05 2.33099e-05 0 3.17987e-06 0.00111612 4.746e-05 
scan 350 130 30 3.24104e-05 1.7532e-05 1.62069e-05 7.24803e-07 5.08212e-07 0 1.63295e-07 6.48208e-06 1.37154e-06 
scan 350 130 31 4.05272e-05 1.99696e-05 1.8126e-05 1.11582e-06 6.18945e-07 0 1.47128e-07 8.10545e-06 1.69769e-06 
scan 350 130 32 7.96716e-06 8.13612e-06 7.96716e-06 2.7599e-07 0 0 5.73635e-08 1.59343e-06 3.19967e-07 
scan 350 130 33 1.65635e-05 1.22098e-05 1.1716e-05 1.69858e-07 5.1979e-07 0 6.46058e-09 3.3127e-06 7.36835e-07 
scan 350 130 34 2.453e-05 1.50457e-05 1.41675e-05 4.37661e-07 5.22369e-07 0 6.4152e-08 4.906e-06 1.05666e-06 
scan 350 130 35 0 0 0 0 0 0 0 0 0 
scan 350 130 36 0 0 0 0 0 0 0 0 0 
scan 350 130 37 0 0 0 0 0 0 0 0 0 
scan 350 130 38 0 0 0 0 0 0 0 0 0 
scan 350 130 39 7.90896e-06 8.26828e-06 7.90896e-06 2.73974e-07 0 0 8.54167e-08 2.37269e-06 3.1763e-07 
scan 350 130 40 0 0 0 0 0 0 0 0 0 
scan 350 130 41 0 0 0 0 0 0 0 0 0 
scan 350 130 42 0 0 0 0 0 0 0 0 0 
scan 350 130 43 1.61413e-05 1.97874e-05 1.14136e-05 0 5.59149e-07 0 1.2913e-08 1.61413e-05 6.48246e-07 
scan 350 130 44 2.53427e-05 2.92991e-05 1.46319e-05 5.96178e-07 4.63588e-07 0 6.70967e-08 2.53427e-05 1.23153e-06 
scan 350 130 45 1.65618e-05 1.22199e-05 1.17143e-05 4.01471e-07 6.52548e-07 0 7.33025e-09 3.31235e-06 7.36641e-07 
scan 350 130 46 0 0 0 0 0 0 0 0 0 
scan 350 130 47 8.08345e-06 8.25665e-06 8.08345e-06 2.91453e-07 1.61669e-07 0 5.58728e-11 1.61669e-06 3.24638e-07 
scan 350 130 48 0 0 0 0 0 0 0 0 0 
scan 350 130 49 0 0 0 0 0 0 0 0 0 
scan 350 130 50 0 0 0 0 0 0 0 0 0 
scan 350 130 51 0 0 0 0 0 0 0 0 0 
scan 350 130 52 0 0 0 0 0 0 0 0 0 
scan 350 130 53 0 0 0 0 0 0 0 0 0 
scan 350 130 54 0 0 0 0 0 0 0 0 0 
scan 350 130 55 0 0 0 0 0 0 0 0 0 
scan 350 130 56 0 0 0 0 0 0 0 0 0 
scan 350 130 57 8.08017e-06 1.14351e-05 8.08017e-06 1.61603e-07 2.28542e-07 0 1.69683e-09 8.08017e-06 3.24506e-07 
scan 350 130 58 8.06755e-06 1.14187e-05 8.06755e-06 2.42027e-07 2.28185e-07 0 7.98688e-09 8.06755e-06 3.24e-07 
scan 350 130 59 0 0 0 0 0 0 0 0 0 
scan 350 130 75 0 0 0 0 0 0 0 0 0 
scan 350 130 76 0 0 0 0 0 0 0 0 0 
scan 350 130 77 0 0 0 0 0 0 0 0 0 
scan 350 130 78 0 0 0 0 0 0 0 0 0 
scan 350 130 79 0 0 0 0 0 0 0 0 0 
scan 350 130 80 0 0 0 0 0 0 0 0 0 
scan 350 130 81 0 0 0 0 0 0 0 0 0 
scan 350 130 82 0 0 0 0 0 0 0 0 0 
scan 350 130 83 0 0 0 0 0 0 0 0 0 
scan 350 130 84 0 0 0 0 0 0 0 0 0 
scan 350 130 85 0 0 0 0 0 0 0 0 0 
scan 350 130 86 8.08355e-06 1.14399e-05 8.08355e-06 1.61671e-07 2.28637e-07 0 5.07e-12 8.08355e-06 3.24642e-07 
scan 350 130 87 0 0 0 0 0 0 0 0 0 
scan 350 130 88 0 0 0 0 0 0 0 0 0 
scan 350 130 89 0 0 0 0 0 0 0 0 0 
scan 350 130 90 0 0 0 0 0 0 0 0 0 
scan 350 130 91 3.18268e-05 1.72736e-05 1.59182e-05 0 9.00197e-07 1.11787e-06 6.36536e-07 6.36536e-06 1.41572e-06 
scan 350 130 92 1.58042e-05 1.1651e-05 1.1177e-05 1.60879e-07 3.80371e-07 4.74125e-07 1.74912e-07 3.16083e-06 6.34708e-07 
scan 350 130 93 8.15317e-06 8.33245e-06 8.15317e-06 0 2.30607e-07 2.44595e-07 1.63063e-07 1.63063e-06 3.96204e-07 
scan 350 130 94 7.11353e-06 7.27848e-06 7.11353e-06 2.01201e-07 0 2.13406e-07 4.26812e-07 1.42271e-06 2.85685e-07 
scan 350 130 95 0 0 0 0 0 0 0 0 0 
scan 350 130 96 6.87103e-06 7.20455e-06 6.87103e-06 2.06131e-07 1.37421e-07 2.06131e-07 5.15327e-07 2.06131e-06 2.75946e-07 
scan 350 130 97 8.04395e-06 8.41091e-06 8.04395e-06 1.60879e-07 1.60879e-07 2.41319e-07 1.97077e-08 2.41319e-06 3.23052e-07 
scan 350 130 98 0 0 0 0 0 0 0 0 0 
scan 350 130 99 7.76022e-06 8.11569e-06 7.76022e-06 0 2.19492e-07 2.32807e-07 1.55204e-07 2.32807e-06 3.11657e-07 
scan 350 130 100 0 0 0 0 0 0 0 0 0 
scan 350 130 101 1.51575e-05 1.86054e-05 1.07381e-05 3.6208e-07 1.60879e-07 6.15604e-07 4.4652e-07 1.51575e-05 6.08737e-07 
scan 350 130 102 2.20285e-05 2.55042e-05 1.27483e-05 4.99501e-07 2.983e-07 8.03126e-07 9.61847e-07 2.20285e-05 8.84683e-07 
scan 350 130 103 1.60758e-05 1.97105e-05 1.13673e-05 3.21516e-07 3.21516e-07 4.82273e-07 4.54095e-08 1.60758e-05 6.45616e-07 
scan 350 130 104 0 0 0 0 0 0 0 0 0 
scan 350 130 120 0 0 0 0 0 0 0 0 0 
scan 350 130 121 0 0 0 0 0 0 0 0 0 
scan 350 130 122 0 0 0 0 0 0 0 0 0 
scan 350 130 123 0 0 0 0 0 0 0 0 0 
scan 350 130 124 0 0 0 0 0 0 0 0 0 
scan 350 130 125 0 0 0 0 0 0 0 0 0 
scan 350 130 126 0 0 0 0 0 0 0 0 0 
scan 350 130 127 0 0 0 0 0 0 0 0 0 
scan 350 130 128 0 0 0 0 0 0 0 0 0 
scan 350 130 129 0 0 0 0 0 0 0 0 0 
scan 350 130 130 0 0 0 0 0 0 0 0 0 
scan 350 130 131 0 0 0 0 0 0 0 0 0 
scan 350 130 132 0 0 0 0 0 0 0 0 0 
scan 350 130 133 0 0 0 0 0 0 0 0 0 
scan 350 130 134 0 0 0 0 0 0 0 0 0 
scan 350 130 135 1.55648e-05 1.15333e-05 1.10466e-05 3.82432e-07 3.11296e-07 6.09215e-07 4.47518e-07 3.11296e-06 6.96375e-07 
scan 350 130 136 3.88474e-05 1.92497e-05 1.74115e-05 8.48084e-07 7.76948e-07 1.32606e-06 1.04034e-06 7.76948e-06 1.69231e-06 
scan 350 130 137 0 0 0 0 0 0 0 0 0 
scan 350 130 138 0 0 0 0 0 0 0 0 0 
scan 350 130 139 0 0 0 0 0 0 0 0 0 
scan 350 130 140 0 0 0 0 0 0 0 0 0 
scan 350 130 141 0 0 0 0 0 0 0 0 0 
scan 350 130 142 0 0 0 0 0 0 0 0 0 
scan 350 130 143 0 0 0 0 0 0 0 0 0 
scan 350 130 144 0 0 0 0 0 0 0 0 0 
scan 350 130 145 0 0 0 0 0 0 0 0 0 
scan 350 130 146 2.36088e-05 2.73187e-05 1.3665e-05 4.72175e-07 4.72175e-07 7.08263e-07 4.67225e-07 2.36088e-05 1.01943e-06 
scan 350 130 147 0 0 0 0 0 0 0 0 0 
scan 350 130 148 8.04395e-06 1.13898e-05 8.04395e-06 1.60879e-07 1.60879e-07 4.02198e-07 1.97077e-08 8.04395e-06 3.23052e-07 
scan 350 130 149 0 0 0 0 0 0 0 0 0 
scan 350 130 165 8.45128e-06 8.63548e-06 8.45128e-06 1.69026e-07 1.69026e-07 2.53538e-07 2.07056e-08 1.69026e-06 4.1069e-07 
scan 350 130 166 0 0 0 0 0 0 0 0 0 
scan 350 130 167 0 0 0 0 0 0 0 0 0 
scan 350 130 168 0 0 0 0 0 0 0 0 0 
scan 350 130 169 0 0 0 0 0 0 0 0 0 
scan 350 130 170 0 0 0 0 0 0 0 0 0 
scan 350 130 171 0 0 0 0 0 0 0 0 0 
scan 350 130 172 0 0 0 0 0 0 0 0 0 
scan 350 130 173 0 0 0 0 0 0 0 0 0 
scan 350 130 174 0 0 0 0 0 0 0 0 0 
scan 350 130 175 0 0 0 0 0 0 0 0 0 
scan 350 130 176 0 0 0 0 0 0 0 0 0 
scan 350 130 177 0 0 0 0 0 0 0 0 0 
scan 350 130 178 0 0 0 0 0 0 0 0 0 
scan 350 130 179 0 0 0 0 0 0 0 0 0 
