# cards/mergeScans.py -> lines taken from file cards/ZW/l2j2_wz_210_50.txt
xsec 210 50 0.65068
scan 210 50 500 0.00583189 0 0 0.000145797 0.000145797 0 0 -3.29802e-06 0
scan 210 50 501 0.00496066 0 0 0.000124017 0.000124017 0 0 -3.45443e-06 0
scan 210 50 502 0.00482575 0 0 0.000120644 0.000120644 0 0 6.03769e-06 0
scan 210 50 503 0.00415076 0 0 0.000103769 0.000103769 0 0 -6.87264e-07 0
scan 210 50 504 0.00154025 0 0 3.85064e-05 3.85064e-05 0 0 8.42655e-06 0
# cards/mergeScans.py -> lines taken from file TChiWZ.kit/output/cn_210_50.txt
scan 210 50 0 0.000262637 0.000193613 0.000185718 7.34585e-06 6.34852e-06 0 9.38702e-07 5.25275e-05 1.18597e-05 
scan 210 50 1 0.000265913 0.000195946 0.000188033 5.51892e-06 4.57468e-06 0 1.31033e-06 5.31826e-05 1.25213e-05 
scan 210 50 2 0.00039935 0.000245188 0.000230633 1.29674e-05 2.72613e-06 0 2.70498e-06 7.98701e-05 1.90718e-05 
scan 210 50 3 0.000132271 0.0001351 0.000132271 2.64542e-06 3.74119e-06 0 6.35165e-11 2.64542e-05 5.97283e-06 
scan 210 50 4 0 0 0 0 0 0 0 0 0 
scan 210 50 5 0 0 0 0 0 0 0 0 0 
scan 210 50 6 0.000132271 0.0001383 0.000132271 2.64542e-06 3.74119e-06 0 6.35165e-11 3.96813e-05 5.97283e-06 
scan 210 50 7 0.000136307 0.000142543 0.000136307 2.72614e-06 3.85534e-06 0 6.54545e-11 4.08921e-05 6.67822e-06 
scan 210 50 8 0 0 0 0 0 0 0 0 0 
scan 210 50 9 0.000132271 0.0001383 0.000132271 2.64542e-06 3.74119e-06 0 6.35165e-11 3.96813e-05 5.97283e-06 
scan 210 50 10 0 0 0 0 0 0 0 0 0 
scan 210 50 11 0.0001287 0.000182165 0.0001287 4.45829e-06 0 0 1.73745e-06 0.0001287 5.81157e-06 
scan 210 50 12 0.000400266 0.000462982 0.000231121 5.37153e-06 1.86464e-05 0 2.90408e-07 0.000400266 1.85975e-05 
scan 210 50 13 0.000132271 0.000187211 0.000132271 2.64542e-06 3.74119e-06 0 1.08356e-10 0.000132271 5.97282e-06 
scan 210 50 14 0 0 0 0 0 0 0 0 0 
scan 210 50 15 0.0106273 0.00250581 0.00118834 0.000239636 0.000215295 0 3.30836e-05 0.00212546 0.000494448 
scan 210 50 16 0.0115346 0.00269477 0.0012368 0.000274418 0.00021722 0 4.02171e-05 0.00230692 0.000534873 
scan 210 50 17 0.00757299 0.00186756 0.00100324 0.000197916 0.000153049 0 2.3082e-05 0.0015146 0.000352382 
scan 210 50 18 0.00305064 0.000897956 0.000636179 6.66798e-05 7.18415e-05 0 5.80153e-06 0.000610129 0.000140368 
scan 210 50 19 0.00199348 0.000660799 0.000514772 4.5106e-05 4.54639e-05 0 5.29015e-06 0.000398696 9.26137e-05 
scan 210 50 20 0.000262056 0.000201744 0.000185304 4.51603e-06 4.56185e-06 0 1.22835e-06 7.86167e-05 1.18334e-05 
scan 210 50 21 0.00385479 0.00137677 0.000715938 8.3051e-05 8.01501e-05 0 1.05174e-05 0.00115644 0.000179284 
scan 210 50 22 0.00212783 0.000838987 0.000532001 3.4987e-05 4.78012e-05 0 6.23071e-06 0.000638348 9.91856e-05 
scan 210 50 23 0.00159764 0.000670786 0.000461254 2.74184e-05 3.33945e-05 0 4.81988e-06 0.000479293 7.47385e-05 
scan 210 50 24 0.000661892 0.000358246 0.000296045 8.22419e-06 1.6509e-05 0 1.71854e-06 0.000198568 3.04107e-05 
scan 210 50 25 0 0 0 0 0 0 0 0 0 
scan 210 50 26 0.00158999 0.00165727 0.000458996 3.67979e-05 3.35999e-05 0 2.62294e-06 0.00158999 7.28251e-05 
scan 210 50 27 0.00345764 0.00352878 0.000678193 7.39452e-05 7.52055e-05 0 8.7255e-06 0.00345764 0.000160821 
scan 210 50 28 0.00145448 0.00152145 0.0004386 4.33153e-05 2.42526e-05 0 4.2166e-06 0.00145448 6.67246e-05 
scan 210 50 29 0.000531003 0.000594407 0.000265537 1.09833e-05 1.10754e-05 0 1.04472e-06 0.000531003 2.45011e-05 
scan 210 50 30 0.000531907 0.000287885 0.000266 9.13685e-06 9.28893e-06 0 2.57947e-06 0.000106381 2.50567e-05 
scan 210 50 31 0.000530997 0.000287452 0.000265531 1.09026e-05 1.11009e-05 0 1.04776e-06 0.000106199 2.45e-05 
scan 210 50 32 0.000520672 0.000281901 0.000260348 1.61e-05 3.74119e-06 0 4.11591e-06 0.000104134 2.35115e-05 
scan 210 50 33 0 0 0 0 0 0 0 0 0 
scan 210 50 34 0 0 0 0 0 0 0 0 0 
scan 210 50 35 0 0 0 0 0 0 0 0 0 
scan 210 50 36 0.000136089 0.000142315 0.000136089 0 4.71426e-06 0 1.08871e-07 4.08267e-05 6.66754e-06 
scan 210 50 37 0 0 0 0 0 0 0 0 0 
scan 210 50 38 0.000134344 0.000140494 0.000134344 4.65382e-06 0 0 9.67278e-07 4.03032e-05 6.58206e-06 
scan 210 50 39 0 0 0 0 0 0 0 0 0 
scan 210 50 40 0 0 0 0 0 0 0 0 0 
scan 210 50 41 0 0 0 0 0 0 0 0 0 
scan 210 50 42 0.000264119 0.000323828 0.00018676 0 9.14935e-06 0 2.11295e-07 0.000264119 1.19266e-05 
scan 210 50 43 0 0 0 0 0 0 0 0 0 
scan 210 50 44 0 0 0 0 0 0 0 0 0 
scan 210 50 45 0 0 0 0 0 0 0 0 0 
scan 210 50 46 0.000136307 0.000139247 0.000136307 2.72614e-06 3.85534e-06 0 6.54545e-11 2.72614e-05 6.67822e-06 
scan 210 50 47 0 0 0 0 0 0 0 0 0 
scan 210 50 48 0 0 0 0 0 0 0 0 0 
scan 210 50 49 0 0 0 0 0 0 0 0 0 
scan 210 50 50 0 0 0 0 0 0 0 0 0 
scan 210 50 51 0 0 0 0 0 0 0 0 0 
scan 210 50 52 0 0 0 0 0 0 0 0 0 
scan 210 50 53 0 0 0 0 0 0 0 0 0 
scan 210 50 54 0 0 0 0 0 0 0 0 0 
scan 210 50 55 0 0 0 0 0 0 0 0 0 
scan 210 50 56 0 0 0 0 0 0 0 0 0 
scan 210 50 57 0.00013617 0.000192746 0.00013617 3.85146e-06 2.72339e-06 0 6.86295e-08 0.00013617 6.67149e-06 
scan 210 50 58 0 0 0 0 0 0 0 0 0 
scan 210 50 59 0 0 0 0 0 0 0 0 0 
scan 210 50 75 0 0 0 0 0 0 0 0 0 
scan 210 50 76 0 0 0 0 0 0 0 0 0 
scan 210 50 77 0 0 0 0 0 0 0 0 0 
scan 210 50 78 0 0 0 0 0 0 0 0 0 
scan 210 50 79 0 0 0 0 0 0 0 0 0 
scan 210 50 80 0 0 0 0 0 0 0 0 0 
scan 210 50 81 0 0 0 0 0 0 0 0 0 
scan 210 50 82 0 0 0 0 0 0 0 0 0 
scan 210 50 83 0 0 0 0 0 0 0 0 0 
scan 210 50 84 0 0 0 0 0 0 0 0 0 
scan 210 50 85 0 0 0 0 0 0 0 0 0 
scan 210 50 86 0 0 0 0 0 0 0 0 0 
scan 210 50 87 0 0 0 0 0 0 0 0 0 
scan 210 50 88 0 0 0 0 0 0 0 0 0 
scan 210 50 89 0 0 0 0 0 0 0 0 0 
scan 210 50 90 0.000231475 0.000171464 0.000163744 2.24861e-06 8.65933e-06 6.94424e-06 1.43845e-05 4.62949e-05 1.04525e-05 
scan 210 50 91 0.000130855 0.000133735 0.000130855 0 3.70113e-06 3.92564e-06 2.61709e-06 2.61709e-05 6.4111e-06 
scan 210 50 92 0 0 0 0 0 0 0 0 0 
scan 210 50 93 0 0 0 0 0 0 0 0 0 
scan 210 50 94 0 0 0 0 0 0 0 0 0 
scan 210 50 95 0 0 0 0 0 0 0 0 0 
scan 210 50 96 0.000135639 0.000141982 0.000135639 2.71278e-06 2.71278e-06 6.78195e-06 3.32316e-07 4.06917e-05 6.6455e-06 
scan 210 50 97 0 0 0 0 0 0 0 0 0 
scan 210 50 98 0 0 0 0 0 0 0 0 0 
scan 210 50 99 0 0 0 0 0 0 0 0 0 
scan 210 50 100 0 0 0 0 0 0 0 0 0 
scan 210 50 101 0.000109046 0.000154776 0.000109046 3.93169e-06 0 3.27137e-06 1.09046e-05 0.000109046 5.34258e-06 
scan 210 50 102 0.000116399 0.000164935 0.000116399 3.49196e-06 2.32797e-06 3.49196e-06 6.98392e-06 0.000116399 5.25609e-06 
scan 210 50 103 0.00011995 0.000170029 0.00011995 3.3927e-06 0 5.99751e-06 7.19701e-06 0.00011995 5.87684e-06 
scan 210 50 104 0 0 0 0 0 0 0 0 0 
scan 210 50 120 0 0 0 0 0 0 0 0 0 
scan 210 50 121 0 0 0 0 0 0 0 0 0 
scan 210 50 122 0 0 0 0 0 0 0 0 0 
scan 210 50 123 0 0 0 0 0 0 0 0 0 
scan 210 50 124 0 0 0 0 0 0 0 0 0 
scan 210 50 125 0 0 0 0 0 0 0 0 0 
scan 210 50 126 0 0 0 0 0 0 0 0 0 
scan 210 50 127 0 0 0 0 0 0 0 0 0 
scan 210 50 128 0 0 0 0 0 0 0 0 0 
scan 210 50 129 0 0 0 0 0 0 0 0 0 
scan 210 50 130 0 0 0 0 0 0 0 0 0 
scan 210 50 131 0 0 0 0 0 0 0 0 0 
scan 210 50 132 0 0 0 0 0 0 0 0 0 
scan 210 50 133 0 0 0 0 0 0 0 0 0 
scan 210 50 134 0 0 0 0 0 0 0 0 0 
scan 210 50 135 0.00011243 0.000115172 0.00011243 2.24861e-06 2.24861e-06 3.37291e-06 8.43229e-06 2.24861e-05 5.07691e-06 
scan 210 50 136 0.000248022 0.00018335 0.000175708 4.96043e-06 4.96043e-06 7.44065e-06 7.30639e-06 4.96043e-05 1.11997e-05 
scan 210 50 137 0 0 0 0 0 0 0 0 0 
scan 210 50 138 0 0 0 0 0 0 0 0 0 
scan 210 50 139 0 0 0 0 0 0 0 0 0 
scan 210 50 140 0 0 0 0 0 0 0 0 0 
scan 210 50 141 0 0 0 0 0 0 0 0 0 
scan 210 50 142 0 0 0 0 0 0 0 0 0 
scan 210 50 143 0 0 0 0 0 0 0 0 0 
scan 210 50 144 0 0 0 0 0 0 0 0 0 
scan 210 50 145 0 0 0 0 0 0 0 0 0 
scan 210 50 146 0.000116399 0.000164914 0.000116399 2.32797e-06 2.32797e-06 3.49196e-06 6.98392e-06 0.000116399 5.25609e-06 
scan 210 50 147 0 0 0 0 0 0 0 0 0 
scan 210 50 148 0 0 0 0 0 0 0 0 0 
scan 210 50 149 0 0 0 0 0 0 0 0 0 
scan 210 50 165 0 0 0 0 0 0 0 0 0 
scan 210 50 166 0 0 0 0 0 0 0 0 0 
scan 210 50 167 0 0 0 0 0 0 0 0 0 
scan 210 50 168 0 0 0 0 0 0 0 0 0 
scan 210 50 169 0 0 0 0 0 0 0 0 0 
scan 210 50 170 0 0 0 0 0 0 0 0 0 
scan 210 50 171 0 0 0 0 0 0 0 0 0 
scan 210 50 172 0 0 0 0 0 0 0 0 0 
scan 210 50 173 0 0 0 0 0 0 0 0 0 
scan 210 50 174 0 0 0 0 0 0 0 0 0 
scan 210 50 175 0 0 0 0 0 0 0 0 0 
scan 210 50 176 0 0 0 0 0 0 0 0 0 
scan 210 50 177 0 0 0 0 0 0 0 0 0 
scan 210 50 178 0 0 0 0 0 0 0 0 0 
scan 210 50 179 0 0 0 0 0 0 0 0 0 
