# cards/mergeScans.py -> lines taken from file cards/ZW/l2j2_wz_270_60.txt
xsec 270 60 0.230553
scan 270 60 500 0.00165462 0 0 4.13656e-05 4.13656e-05 0 0 2.18003e-07 0
scan 270 60 501 0.00175491 0 0 4.38728e-05 4.38728e-05 0 0 1.01897e-06 0
scan 270 60 502 0.00214211 0 0 5.35526e-05 5.35526e-05 0 0 1.20128e-06 0
scan 270 60 503 0.00327135 0 0 8.17837e-05 8.17837e-05 0 0 5.94835e-07 0
scan 270 60 504 0.00217345 0 0 5.43363e-05 5.43363e-05 0 0 2.12252e-06 0
# cards/mergeScans.py -> lines taken from file TChiWZ.kit/output/cn_270_60.txt
scan 270 60 0 0.000134642 7.28929e-05 6.73326e-05 2.56553e-06 3.4681e-06 0 2.76229e-08 2.69283e-05 5.99614e-06 
scan 270 60 1 0.000134609 7.30031e-05 6.73169e-05 2.3166e-06 5.63878e-06 0 4.3949e-08 2.69218e-05 5.99487e-06 
scan 270 60 2 0 0 0 0 0 0 0 0 0 
scan 270 60 3 0 0 0 0 0 0 0 0 0 
scan 270 60 4 9.84484e-05 6.03675e-05 5.68401e-05 2.31448e-06 1.80069e-06 0 3.20032e-07 1.96897e-05 4.1293e-06 
scan 270 60 5 3.30319e-05 3.45331e-05 3.30319e-05 1.14426e-06 0 0 2.79805e-14 9.90958e-06 1.38549e-06 
scan 270 60 6 3.30316e-05 3.45328e-05 3.30316e-05 9.34275e-07 6.60632e-07 0 1.74803e-10 9.90948e-06 1.38547e-06 
scan 270 60 7 6.61316e-05 5.09421e-05 4.67677e-05 2.29087e-06 0 0 5.97019e-07 1.98395e-05 2.94456e-06 
scan 270 60 8 0 0 0 0 0 0 0 0 0 
scan 270 60 9 0 0 0 0 0 0 0 0 0 
scan 270 60 10 0 0 0 0 0 0 0 0 0 
scan 270 60 11 0 0 0 0 0 0 0 0 0 
scan 270 60 12 3.30316e-05 4.67483e-05 3.30316e-05 9.34275e-07 6.60632e-07 0 1.74803e-10 3.30316e-05 1.38547e-06 
scan 270 60 13 0.000100325 0.000115981 5.79315e-05 1.32127e-06 3.05542e-06 0 2.75417e-08 0.000100325 4.38226e-06 
scan 270 60 14 3.30319e-05 4.67487e-05 3.30319e-05 6.60638e-07 9.34284e-07 0 1.58619e-11 3.30319e-05 1.38548e-06 
scan 270 60 15 0.00139682 0.000360786 0.000215582 3.60506e-05 2.46287e-05 0 4.15936e-06 0.000279364 6.10184e-05 
scan 270 60 16 0.00309031 0.000715285 0.000320504 6.77783e-05 6.53445e-05 0 7.41071e-06 0.000618062 0.000134131 
scan 270 60 17 0.00246494 0.000585501 0.000286595 5.4491e-05 5.54502e-05 0 5.03694e-06 0.000492988 0.000107557 
scan 270 60 18 0.00132862 0.000346266 0.000210122 3.47519e-05 2.28713e-05 0 5.21749e-06 0.000265723 5.81547e-05 
scan 270 60 19 0.00132905 0.000346502 0.000210179 3.46178e-05 2.64845e-05 0 3.12445e-06 0.00026581 5.7656e-05 
scan 270 60 20 9.84352e-05 6.4231e-05 5.68325e-05 1.12778e-06 2.28211e-06 0 3.26588e-07 2.95306e-05 4.12875e-06 
scan 270 60 21 0.000894759 0.00032244 0.000172232 2.29299e-05 1.33772e-05 0 4.24724e-06 0.000268428 3.90847e-05 
scan 270 60 22 0.000794468 0.000291217 0.000162192 1.76297e-05 1.3965e-05 0 2.94409e-06 0.000238341 3.43567e-05 
scan 270 60 23 0.000630838 0.000240625 0.000144751 1.54156e-05 1.15191e-05 0 2.19935e-06 0.000189251 2.74984e-05 
scan 270 60 24 0.000365835 0.000156833 0.000110332 8.9697e-06 6.22239e-06 0 1.30307e-06 0.00010975 1.60401e-05 
scan 270 60 25 9.94106e-05 0.000114918 5.74019e-05 2.96006e-06 9.34284e-07 0 4.77942e-07 9.94106e-05 4.34167e-06 
scan 270 60 26 0.000629341 0.000646543 0.000144404 1.47362e-05 1.19061e-05 0 1.67687e-06 0.000629341 2.70922e-05 
scan 270 60 27 0.00213266 0.00215226 0.000266643 4.96974e-05 4.01852e-05 0 6.62964e-06 0.00213266 9.37918e-05 
scan 270 60 28 0.00159266 0.0016113 0.000229925 3.45916e-05 2.93e-05 0 5.33755e-06 0.00159266 6.92303e-05 
scan 270 60 29 0.00153062 0.0015493 0.000225729 3.42619e-05 2.97153e-05 0 4.59963e-06 0.00153062 6.69774e-05 
scan 270 60 30 3.30319e-05 3.3734e-05 3.30319e-05 6.60638e-07 9.34284e-07 0 1.58619e-11 6.60638e-06 1.38548e-06 
scan 270 60 31 6.59582e-05 4.86018e-05 4.66395e-05 0 2.28486e-06 0 5.27666e-08 1.31916e-05 2.76654e-06 
scan 270 60 32 3.30208e-05 3.37227e-05 3.30208e-05 6.60417e-07 9.33971e-07 0 5.5475e-09 6.60417e-06 1.38502e-06 
scan 270 60 33 3.38224e-05 3.45496e-05 3.38224e-05 1.17164e-06 0 0 2.43521e-07 6.76448e-06 1.59065e-06 
scan 270 60 34 0 0 0 0 0 0 0 0 0 
scan 270 60 35 0 0 0 0 0 0 0 0 0 
scan 270 60 36 3.23185e-05 3.3789e-05 3.23185e-05 1.11954e-06 0 0 3.49039e-07 9.69554e-06 1.35556e-06 
scan 270 60 37 6.6011e-05 5.08263e-05 4.66768e-05 6.60638e-07 2.07671e-06 0 2.63991e-08 1.98033e-05 2.76875e-06 
scan 270 60 38 0 0 0 0 0 0 0 0 0 
scan 270 60 39 0 0 0 0 0 0 0 0 0 
scan 270 60 40 0 0 0 0 0 0 0 0 0 
scan 270 60 41 3.30319e-05 4.67486e-05 3.30319e-05 9.34282e-07 6.60637e-07 0 4.75857e-11 3.30319e-05 1.38548e-06 
scan 270 60 42 0 0 0 0 0 0 0 0 0 
scan 270 60 43 9.84484e-05 0.000113788 5.68411e-05 2.48169e-06 1.14243e-06 0 3.1832e-07 9.84484e-05 4.1293e-06 
scan 270 60 44 3.42616e-05 4.84946e-05 3.42616e-05 0 1.18686e-06 0 2.74093e-08 3.42616e-05 1.6113e-06 
scan 270 60 45 3.43165e-05 3.50535e-05 3.43165e-05 6.8633e-07 9.70617e-07 0 2.81121e-11 6.8633e-06 1.61388e-06 
scan 270 60 46 3.43163e-05 3.50885e-05 3.43163e-05 6.86326e-07 1.84799e-06 0 1.21068e-10 6.86326e-06 1.61387e-06 
scan 270 60 47 3.30318e-05 3.37339e-05 3.30318e-05 9.34281e-07 6.60636e-07 0 6.21527e-11 6.60636e-06 1.38548e-06 
scan 270 60 48 0 0 0 0 0 0 0 0 0 
scan 270 60 49 0 0 0 0 0 0 0 0 0 
scan 270 60 50 0 0 0 0 0 0 0 0 0 
scan 270 60 51 0 0 0 0 0 0 0 0 0 
scan 270 60 52 0 0 0 0 0 0 0 0 0 
scan 270 60 53 0 0 0 0 0 0 0 0 0 
scan 270 60 54 0 0 0 0 0 0 0 0 0 
scan 270 60 55 0 0 0 0 0 0 0 0 0 
scan 270 60 56 0 0 0 0 0 0 0 0 0 
scan 270 60 57 3.30319e-05 4.67487e-05 3.30319e-05 6.60638e-07 9.34284e-07 0 1.58619e-11 3.30319e-05 1.38548e-06 
scan 270 60 58 0 0 0 0 0 0 0 0 0 
scan 270 60 59 0 0 0 0 0 0 0 0 0 
scan 270 60 75 0 0 0 0 0 0 0 0 0 
scan 270 60 76 0 0 0 0 0 0 0 0 0 
scan 270 60 77 0 0 0 0 0 0 0 0 0 
scan 270 60 78 0 0 0 0 0 0 0 0 0 
scan 270 60 79 0 0 0 0 0 0 0 0 0 
scan 270 60 80 0 0 0 0 0 0 0 0 0 
scan 270 60 81 0 0 0 0 0 0 0 0 0 
scan 270 60 82 0 0 0 0 0 0 0 0 0 
scan 270 60 83 0 0 0 0 0 0 0 0 0 
scan 270 60 84 0 0 0 0 0 0 0 0 0 
scan 270 60 85 0 0 0 0 0 0 0 0 0 
scan 270 60 86 0 0 0 0 0 0 0 0 0 
scan 270 60 87 0 0 0 0 0 0 0 0 0 
scan 270 60 88 0 0 0 0 0 0 0 0 0 
scan 270 60 89 0 0 0 0 0 0 0 0 0 
scan 270 60 90 9.21368e-05 5.67433e-05 5.32668e-05 2.33372e-06 6.57402e-07 2.7641e-06 3.63653e-06 1.84274e-05 4.01814e-06 
scan 270 60 91 0 0 0 0 0 0 0 0 0 
scan 270 60 92 9.99624e-05 6.14258e-05 5.77222e-05 1.34037e-06 2.27216e-06 3.65775e-06 8.23073e-07 1.99925e-05 4.53401e-06 
scan 270 60 93 3.28701e-05 3.35768e-05 3.28701e-05 6.57402e-07 6.57402e-07 9.86103e-07 8.05317e-08 6.57402e-06 1.3787e-06 
scan 270 60 94 0 0 0 0 0 0 0 0 0 
scan 270 60 95 0 0 0 0 0 0 0 0 0 
scan 270 60 96 0 0 0 0 0 0 0 0 0 
scan 270 60 97 9.75246e-05 6.37377e-05 5.63144e-05 6.57402e-07 2.48611e-06 2.92574e-06 1.37362e-06 2.92574e-05 4.25809e-06 
scan 270 60 98 0 0 0 0 0 0 0 0 0 
scan 270 60 99 0 0 0 0 0 0 0 0 0 
scan 270 60 100 0 0 0 0 0 0 0 0 0 
scan 270 60 101 3.17107e-05 4.48889e-05 3.17107e-05 0 8.96913e-07 9.5132e-07 6.34213e-07 3.17107e-05 1.33007e-06 
scan 270 60 102 0 0 0 0 0 0 0 0 0 
scan 270 60 103 2.90681e-05 4.1181e-05 2.90681e-05 8.2217e-07 0 8.72043e-07 1.74409e-06 2.90681e-05 1.21923e-06 
scan 270 60 104 0 0 0 0 0 0 0 0 0 
scan 270 60 120 0 0 0 0 0 0 0 0 0 
scan 270 60 121 0 0 0 0 0 0 0 0 0 
scan 270 60 122 0 0 0 0 0 0 0 0 0 
scan 270 60 123 0 0 0 0 0 0 0 0 0 
scan 270 60 124 0 0 0 0 0 0 0 0 0 
scan 270 60 125 0 0 0 0 0 0 0 0 0 
scan 270 60 126 0 0 0 0 0 0 0 0 0 
scan 270 60 127 0 0 0 0 0 0 0 0 0 
scan 270 60 128 0 0 0 0 0 0 0 0 0 
scan 270 60 129 0 0 0 0 0 0 0 0 0 
scan 270 60 130 0 0 0 0 0 0 0 0 0 
scan 270 60 131 0 0 0 0 0 0 0 0 0 
scan 270 60 132 0 0 0 0 0 0 0 0 0 
scan 270 60 133 0 0 0 0 0 0 0 0 0 
scan 270 60 134 0 0 0 0 0 0 0 0 0 
scan 270 60 135 0 0 0 0 0 0 0 0 0 
scan 270 60 136 0.000128957 7.00433e-05 6.45907e-05 2.57913e-06 2.57913e-06 4.5261e-06 1.98881e-06 2.57913e-05 5.5826e-06 
scan 270 60 137 0 0 0 0 0 0 0 0 0 
scan 270 60 138 0 0 0 0 0 0 0 0 0 
scan 270 60 139 0 0 0 0 0 0 0 0 0 
scan 270 60 140 2.90681e-05 3.04752e-05 2.90681e-05 5.81362e-07 1.45341e-06 8.72043e-07 1.74409e-06 8.72043e-06 1.21923e-06 
scan 270 60 141 0 0 0 0 0 0 0 0 0 
scan 270 60 142 0 0 0 0 0 0 0 0 0 
scan 270 60 143 0 0 0 0 0 0 0 0 0 
scan 270 60 144 0 0 0 0 0 0 0 0 0 
scan 270 60 145 0 0 0 0 0 0 0 0 0 
scan 270 60 146 2.80772e-05 3.97972e-05 2.80772e-05 5.61543e-07 5.61543e-07 8.42315e-07 2.10579e-06 2.80772e-05 1.17766e-06 
scan 270 60 147 9.59387e-05 0.000110988 5.54332e-05 1.91877e-06 1.91877e-06 3.53556e-06 1.97298e-06 9.59387e-05 4.17761e-06 
scan 270 60 148 3.28205e-05 4.64555e-05 3.28205e-05 6.56411e-07 6.56411e-07 9.84616e-07 1.05026e-07 3.28205e-05 1.37662e-06 
scan 270 60 149 0 0 0 0 0 0 0 0 0 
scan 270 60 165 0 0 0 0 0 0 0 0 0 
scan 270 60 166 0 0 0 0 0 0 0 0 0 
scan 270 60 167 0 0 0 0 0 0 0 0 0 
scan 270 60 168 0 0 0 0 0 0 0 0 0 
scan 270 60 169 0 0 0 0 0 0 0 0 0 
scan 270 60 170 0 0 0 0 0 0 0 0 0 
scan 270 60 171 0 0 0 0 0 0 0 0 0 
scan 270 60 172 0 0 0 0 0 0 0 0 0 
scan 270 60 173 0 0 0 0 0 0 0 0 0 
scan 270 60 174 0 0 0 0 0 0 0 0 0 
scan 270 60 175 0 0 0 0 0 0 0 0 0 
scan 270 60 176 0 0 0 0 0 0 0 0 0 
scan 270 60 177 0 0 0 0 0 0 0 0 0 
scan 270 60 178 0 0 0 0 0 0 0 0 0 
scan 270 60 179 0 0 0 0 0 0 0 0 0 
