model hrpv
parameter hrpv 4
parameter kFactorProcessWeighted true
scan charginogluino 900 700 LOXSEC 0.1997
scan charginogluino 900 700 L4DY0T0STVB 0 4.46543e-07 4.46543e-07 0 0 0 0 0
scan charginogluino 900 700 L4DY0T0STVA 0 4.46543e-07 4.46543e-07 0 0 0 0 0
scan charginogluino 900 700 L4DY0T0 0 4.46543e-07 4.46543e-07 0 0 0 0 0
scan charginogluino 900 700 L4DY0T1STVB 0.000164248 0.000118804 0.000116165 5.0003e-07 2.48312e-05 2.54976e-07 1.77357e-06 1.03779e-11
scan charginogluino 900 700 L4DY0T1STVA 0 5.64837e-07 5.64837e-07 0 0 0 0 0
scan charginogluino 900 700 L4DY0T1 0 5.64837e-07 5.64837e-07 0 0 0 0 0
scan charginogluino 900 700 L4DY0T2STVB 0.00306881 0.000527078 0.000514091 7.95282e-06 0.000109791 1.60338e-05 3.35802e-05 4.46625e-06
scan charginogluino 900 700 L4DY0T2STVA 0 5.991e-07 5.991e-07 0 0 0 0 0
scan charginogluino 900 700 L4DY0T2 0 5.991e-07 5.991e-07 0 0 0 0 0
scan charginogluino 900 700 L4DY1T0STVBZV 0.000408613 0.000185794 0.000185349 3.63284e-06 1.234e-05 0 0 2.51575e-11
scan charginogluino 900 700 L4DY1T0STVB 0.000256672 0.00014903 0.00014819 2.67993e-06 1.55693e-05 0 0 3.88384e-14
scan charginogluino 900 700 L4DY1T0STVAZV 0 4.46543e-07 4.46543e-07 0 0 0 0 0
scan charginogluino 900 700 L4DY1T0STVA 0 4.46543e-07 4.46543e-07 0 0 0 0 0
scan charginogluino 900 700 L4DY1T0ZV 0 4.46543e-07 4.46543e-07 0 0 0 0 0
scan charginogluino 900 700 L4DY1T0 0 4.46543e-07 4.46543e-07 0 0 0 0 0
scan charginogluino 900 700 L4DY1T1STVBZV 0.0143876 0.00108959 0.00102838 7.15184e-05 0.000344488 4.99818e-05 5.80354e-05 8.73979e-09
scan charginogluino 900 700 L4DY1T1STVB 0.00105051 0.000271209 0.000269029 4.40054e-06 3.31457e-05 3.46803e-06 6.926e-06 9.20819e-10
scan charginogluino 900 700 L4DY1T1STVAZV 0 5.64837e-07 5.64837e-07 0 0 0 0 0
scan charginogluino 900 700 L4DY1T1STVA 0 5.64837e-07 5.64837e-07 0 0 0 0 0
scan charginogluino 900 700 L4DY1T1ZV 0 5.64837e-07 5.64837e-07 0 0 0 0 0
scan charginogluino 900 700 L4DY1T1 0 5.64837e-07 5.64837e-07 0 0 0 0 0
scan charginogluino 900 700 L4DY1T2STVBZV 0.0097695 0.000980311 0.000963207 3.83128e-05 0.000108399 6.66578e-05 0.000124602 7.35125e-06
scan charginogluino 900 700 L4DY1T2STVB 0.000570028 0.000201987 0.000198526 9.43874e-07 3.66562e-05 2.92496e-06 5.49124e-06 1.71273e-06
scan charginogluino 900 700 L4DY1T2STVAZV 0 4.89163e-07 4.89163e-07 0 0 0 0 0
scan charginogluino 900 700 L4DY1T2STVA 0 4.89163e-07 4.89163e-07 0 0 0 0 0
scan charginogluino 900 700 L4DY1T2ZV 0 4.89163e-07 4.89163e-07 0 0 0 0 0
scan charginogluino 900 700 L4DY1T2 0 4.89163e-07 4.89163e-07 0 0 0 0 0
scan charginogluino 900 700 L4DY2T0 0 3.45891e-07 3.45891e-07 0 0 0 0 0
scan charginogluino 900 700 L4DY2T0ZV 0 3.45891e-07 3.45891e-07 0 0 0 0 0
scan charginogluino 900 700 L4DY2T0STVAZV 0 3.45891e-07 3.45891e-07 0 0 0 0 0
scan charginogluino 900 700 L4DY2T0STVA 0 3.45891e-07 3.45891e-07 0 0 0 0 0
scan charginogluino 900 700 L4DY2T0STVB 0.00289059 0.000460218 0.000457882 2.85409e-05 3.64765e-05 0 0 2.0033e-13
scan charginogluino 900 700 L4DY2T0STVBZV 0.0152052 0.00113342 0.00109465 0.000113488 0.000271138 0 0 3.09451e-13
scan charginogluino 900 700 L3DY0T0STVB 0.00042327 0.000168505 0.000168452 2.45139e-06 3.48181e-06 0 0 9.59013e-10
scan charginogluino 900 700 L3DY0T0STVA 0 3.994e-07 3.994e-07 0 0 0 0 0
scan charginogluino 900 700 L3DY0T0 0 3.994e-07 3.994e-07 0 0 0 0 0
scan charginogluino 900 700 L3DY0T1STVB 0.0106253 0.000973557 0.000925985 3.76047e-05 0.000289601 2.64459e-05 6.18983e-05 2.34877e-05
scan charginogluino 900 700 L3DY0T1STVA 0 5.64837e-07 5.64837e-07 0 0 0 0 0
scan charginogluino 900 700 L3DY0T1 0 5.64837e-07 5.64837e-07 0 0 0 0 0
scan charginogluino 900 700 L3DY0T2STVB 0.00884022 0.00084574 0.000832921 1.13144e-05 3.69434e-05 5.50497e-05 0.000103537 7.92221e-05
scan charginogluino 900 700 L3DY0T2STVA 0 5.64837e-07 5.64837e-07 0 0 0 0 0
scan charginogluino 900 700 L3DY0T2 0 5.64837e-07 5.64837e-07 0 0 0 0 0
scan charginogluino 900 700 L3DY1T0STVBZV 0.0309755 0.00162025 0.00154163 0.000162404 0.000471419 0 0 1.19318e-07
scan charginogluino 900 700 L3DY1T0STVAZV 0 3.994e-07 3.994e-07 0 0 0 0 0
scan charginogluino 900 700 L3DY1T0ZV 0 3.994e-07 3.994e-07 0 0 0 0 0
scan charginogluino 900 700 L3DY1T0STVB 0.00249343 0.000474223 0.000471206 1.27764e-05 5.18551e-05 0 0 3.54144e-09
scan charginogluino 900 700 L3DY1T0STVA 0 3.994e-07 3.994e-07 0 0 0 0 0
scan charginogluino 900 700 L3DY1T0 0 3.994e-07 3.994e-07 0 0 0 0 0
scan charginogluino 900 700 L3DY1T1STVBZV 0.0248808 0.00175631 0.00146354 8.62937e-05 0.000947595 5.6131e-05 0.000184139 1.57746e-05
scan charginogluino 900 700 L3DY1T1STVAZV 3.71889e-05 3.71955e-05 3.71906e-05 2.26677e-07 0 5.64485e-07 0 1.19594e-08
scan charginogluino 900 700 L3DY1T1ZV 0 3.994e-07 3.994e-07 0 0 0 0 0
scan charginogluino 900 700 L3DY1T1STVB 0.00139217 0.00042442 0.000423982 4.59043e-06 1.31645e-05 1.18783e-05 5.04382e-06 3.32272e-06
scan charginogluino 900 700 L3DY1T1STVA 0 3.994e-07 3.994e-07 0 0 0 0 0
scan charginogluino 900 700 L3DY1T1 0 3.994e-07 3.994e-07 0 0 0 0 0
