model hrpv
parameter hrpv 4
parameter kFactorProcessWeighted true
scan charginogluino 1400 1400 LOXSEC 0.002439
scan charginogluino 1400 1400 L4DY0T0STVB 0 5.45377e-09 5.45377e-09 0 0 0 0 0
scan charginogluino 1400 1400 L4DY0T0STVA 0 5.45377e-09 5.45377e-09 0 0 0 0 0
scan charginogluino 1400 1400 L4DY0T0 0 5.45377e-09 5.45377e-09 0 0 0 0 0
scan charginogluino 1400 1400 L4DY0T1STVB 9.93817e-07 5.74846e-07 5.73817e-07 3.02554e-09 3.41049e-08 3.02554e-09 0 9.54663e-10
scan charginogluino 1400 1400 L4DY0T1STVA 0 6.89853e-09 6.89853e-09 0 0 0 0 0
scan charginogluino 1400 1400 L4DY0T1 0 6.89853e-09 6.89853e-09 0 0 0 0 0
scan charginogluino 1400 1400 L4DY0T2STVB 1.63782e-05 4.03597e-06 4.01126e-06 3.74841e-08 3.26107e-07 6.91673e-08 2.84611e-07 7.29021e-08
scan charginogluino 1400 1400 L4DY0T2STVA 0 7.317e-09 7.317e-09 0 0 0 0 0
scan charginogluino 1400 1400 L4DY0T2 0 7.317e-09 7.317e-09 0 0 0 0 0
scan charginogluino 1400 1400 L4DY1T0STVBZV 7.89391e-06 2.29035e-06 2.28303e-06 6.73637e-08 1.70086e-07 0 0 5.98539e-13
scan charginogluino 1400 1400 L4DY1T0STVB 4.98905e-06 1.93836e-06 1.88816e-06 2.45999e-08 4.37627e-07 0 0 5.46697e-18
scan charginogluino 1400 1400 L4DY1T0STVAZV 0 5.45377e-09 5.45377e-09 0 0 0 0 0
scan charginogluino 1400 1400 L4DY1T0STVA 0 5.45377e-09 5.45377e-09 0 0 0 0 0
scan charginogluino 1400 1400 L4DY1T0ZV 0 5.45377e-09 5.45377e-09 0 0 0 0 0
scan charginogluino 1400 1400 L4DY1T0 0 5.45377e-09 5.45377e-09 0 0 0 0 0
scan charginogluino 1400 1400 L4DY1T1STVBZV 8.78473e-05 9.0218e-06 8.83318e-06 5.12155e-07 1.70338e-06 2.33847e-07 3.8636e-07 6.88723e-11
scan charginogluino 1400 1400 L4DY1T1STVB 5.53389e-06 2.77056e-06 2.63652e-06 1.05349e-08 8.51174e-07 1.00215e-08 4.51831e-09 1.7171e-10
scan charginogluino 1400 1400 L4DY1T1STVAZV 2.77425e-07 2.7758e-07 2.775e-07 1.70382e-09 4.88558e-09 4.21098e-09 0 3.05023e-12
scan charginogluino 1400 1400 L4DY1T1STVA 0 6.89853e-09 6.89853e-09 0 0 0 0 0
scan charginogluino 1400 1400 L4DY1T1ZV 0 6.89853e-09 6.89853e-09 0 0 0 0 0
scan charginogluino 1400 1400 L4DY1T1 0 6.89853e-09 6.89853e-09 0 0 0 0 0
scan charginogluino 1400 1400 L4DY1T2STVBZV 2.96215e-05 4.27513e-06 4.24077e-06 8.96732e-08 3.91667e-07 2.69571e-07 2.41073e-07 1.88474e-08
scan charginogluino 1400 1400 L4DY1T2STVB 2.3133e-06 1.18842e-06 1.18768e-06 2.10145e-09 3.60152e-08 2.03098e-08 0 6.49029e-09
scan charginogluino 1400 1400 L4DY1T2STVAZV 1.4813e-06 1.03256e-06 1.00728e-06 4.10827e-10 2.23121e-07 2.34109e-08 3.25956e-08 1.28753e-08
scan charginogluino 1400 1400 L4DY1T2STVA 0 5.97431e-09 5.97431e-09 0 0 0 0 0
scan charginogluino 1400 1400 L4DY1T2ZV 0 5.97431e-09 5.97431e-09 0 0 0 0 0
scan charginogluino 1400 1400 L4DY1T2 0 5.97431e-09 5.97431e-09 0 0 0 0 0
scan charginogluino 1400 1400 L4DY2T0 0 4.22447e-09 4.22447e-09 0 0 0 0 0
scan charginogluino 1400 1400 L4DY2T0ZV 0 4.22447e-09 4.22447e-09 0 0 0 0 0
scan charginogluino 1400 1400 L4DY2T0STVAZV 0 4.22447e-09 4.22447e-09 0 0 0 0 0
scan charginogluino 1400 1400 L4DY2T0STVA 0 4.22447e-09 4.22447e-09 0 0 0 0 0
scan charginogluino 1400 1400 L4DY2T0STVB 2.12188e-05 4.73587e-06 4.71472e-06 2.03315e-07 3.98134e-07 0 0 1.72005e-15
scan charginogluino 1400 1400 L4DY2T0STVBZV 9.87719e-05 1.08938e-05 1.06186e-05 5.9963e-07 2.358e-06 0 0 1.79465e-15
scan charginogluino 1400 1400 L3DY0T0STVB 3.85841e-06 2.24015e-06 2.23758e-06 2.23362e-08 1.04937e-07 0 0 1.98121e-11
scan charginogluino 1400 1400 L3DY0T0STVA 0 4.878e-09 4.878e-09 0 0 0 0 0
scan charginogluino 1400 1400 L3DY0T0 0 4.878e-09 4.878e-09 0 0 0 0 0
scan charginogluino 1400 1400 L3DY0T1STVB 6.09054e-05 7.30971e-06 7.23147e-06 2.29985e-07 9.92372e-07 2.11413e-07 2.00538e-07 1.22777e-07
scan charginogluino 1400 1400 L3DY0T1STVA 0 6.89853e-09 6.89853e-09 0 0 0 0 0
scan charginogluino 1400 1400 L3DY0T1 0 6.89853e-09 6.89853e-09 0 0 0 0 0
scan charginogluino 1400 1400 L3DY0T2STVB 5.62667e-05 6.76977e-06 6.72175e-06 5.0133e-08 2.86963e-07 2.98311e-07 4.56204e-07 5.15591e-07
scan charginogluino 1400 1400 L3DY0T2STVA 2.02839e-06 9.74937e-07 9.73901e-07 4.7047e-09 3.48257e-09 4.00489e-08 9.45282e-09 1.70833e-08
scan charginogluino 1400 1400 L3DY0T2 0 6.89853e-09 6.89853e-09 0 0 0 0 0
scan charginogluino 1400 1400 L3DY1T0STVBZV 0.000217057 1.48606e-05 1.41441e-05 1.28497e-06 4.37382e-06 0 0 1.56917e-10
scan charginogluino 1400 1400 L3DY1T0STVAZV 0 4.878e-09 4.878e-09 0 0 0 0 0
scan charginogluino 1400 1400 L3DY1T0ZV 0 4.878e-09 4.878e-09 0 0 0 0 0
scan charginogluino 1400 1400 L3DY1T0STVB 1.2422e-05 3.02957e-06 3.02736e-06 8.94842e-08 7.35946e-08 0 0 1.29996e-11
scan charginogluino 1400 1400 L3DY1T0STVA 0 4.878e-09 4.878e-09 0 0 0 0 0
scan charginogluino 1400 1400 L3DY1T0 0 4.878e-09 4.878e-09 0 0 0 0 0
scan charginogluino 1400 1400 L3DY1T1STVBZV 0.000147845 1.12158e-05 1.01391e-05 5.40557e-07 4.67854e-06 4.71067e-07 7.66429e-07 6.37359e-08
scan charginogluino 1400 1400 L3DY1T1STVAZV 9.20813e-06 1.8394e-06 1.83364e-06 3.1206e-08 9.71718e-08 4.40388e-08 9.38815e-08 3.47453e-09
scan charginogluino 1400 1400 L3DY1T1ZV 0 4.878e-09 4.878e-09 0 0 0 0 0
scan charginogluino 1400 1400 L3DY1T1STVB 9.68786e-06 2.99723e-06 2.98632e-06 2.45368e-08 2.3961e-07 4.14114e-08 7.37405e-08 9.81091e-09
scan charginogluino 1400 1400 L3DY1T1STVA 1.38663e-06 8.01998e-07 8.01796e-07 8.34337e-09 2.97207e-10 1.37913e-08 8.03241e-09 4.50736e-10
scan charginogluino 1400 1400 L3DY1T1 0 4.878e-09 4.878e-09 0 0 0 0 0
