model hrpv
parameter hrpv 4
parameter kFactorProcessWeighted true
scan charginogluino 510 1000 LOXSEC 0.737
scan charginogluino 510 1000 L4DY0T0STVB 0 1.64798e-06 1.64798e-06 0 0 0 0 0
scan charginogluino 510 1000 L4DY0T0STVA 0 1.64798e-06 1.64798e-06 0 0 0 0 0
scan charginogluino 510 1000 L4DY0T0 0 1.64798e-06 1.64798e-06 0 0 0 0 0
scan charginogluino 510 1000 L4DY0T1STVB 0.00112165 0.000536651 0.000501203 7.95281e-06 0.000191534 2.64909e-06 5.85632e-06 3.20207e-08
scan charginogluino 510 1000 L4DY0T1STVA 0.000398412 0.000398453 0.000398416 4.36537e-06 2.89397e-06 1.21291e-06 0 4.38045e-09
scan charginogluino 510 1000 L4DY0T1 0 2.08455e-06 2.08455e-06 0 0 0 0 0
scan charginogluino 510 1000 L4DY0T2STVB 0.00823289 0.00120537 0.001193 1.43343e-05 0.00014874 4.67003e-05 6.90268e-05 1.98271e-05
scan charginogluino 510 1000 L4DY0T2STVA 0.000866824 0.000369233 0.000365715 3.17158e-06 4.86609e-05 1.29708e-05 1.88399e-06 6.01363e-06
scan charginogluino 510 1000 L4DY0T2 0 2.211e-06 2.211e-06 0 0 0 0 0
scan charginogluino 510 1000 L4DY1T0STVBZV 0.00209271 0.000606127 0.000589996 1.97859e-05 0.000137487 0 0 1.71998e-11
scan charginogluino 510 1000 L4DY1T0STVB 0.000743652 0.000374565 0.000371829 7.38551e-06 4.45882e-05 0 0 1.59553e-13
scan charginogluino 510 1000 L4DY1T0STVAZV 0 1.64798e-06 1.64798e-06 0 0 0 0 0
scan charginogluino 510 1000 L4DY1T0STVA 0 1.64798e-06 1.64798e-06 0 0 0 0 0
scan charginogluino 510 1000 L4DY1T0ZV 0 1.64798e-06 1.64798e-06 0 0 0 0 0
scan charginogluino 510 1000 L4DY1T0 0 1.64798e-06 1.64798e-06 0 0 0 0 0
scan charginogluino 510 1000 L4DY1T1STVBZV 0.0565666 0.00321172 0.00303975 0.000258097 0.000955828 0.000188971 0.000243156 1.45306e-07
scan charginogluino 510 1000 L4DY1T1STVB 0.00385408 0.000691629 0.000686213 2.30632e-05 7.85619e-05 2.19419e-05 1.6635e-05 3.18923e-09
scan charginogluino 510 1000 L4DY1T1STVAZV 0.000393424 0.000197371 0.000197299 1.80393e-06 4.34999e-06 1.57638e-06 1.90231e-06 1.43336e-10
scan charginogluino 510 1000 L4DY1T1STVA 2.38456e-05 2.39345e-05 2.39252e-05 2.29537e-07 3.44857e-07 0 5.254e-07 1.44608e-12
scan charginogluino 510 1000 L4DY1T1ZV 0 2.08455e-06 2.08455e-06 0 0 0 0 0
scan charginogluino 510 1000 L4DY1T1 0 2.08455e-06 2.08455e-06 0 0 0 0 0
scan charginogluino 510 1000 L4DY1T2STVBZV 0.0272373 0.0024001 0.00232693 8.48588e-05 0.000279421 0.000142189 0.000490061 1.4476e-05
scan charginogluino 510 1000 L4DY1T2STVB 0.00136129 0.000512198 0.000510539 3.42834e-06 3.48807e-05 1.66191e-05 1.30676e-05 4.5954e-06
scan charginogluino 510 1000 L4DY1T2STVAZV 8.90745e-05 5.1734e-05 5.17093e-05 5.42933e-07 0 5.37883e-07 1.40176e-06 2.8645e-08
scan charginogluino 510 1000 L4DY1T2STVA 0 1.80527e-06 1.80527e-06 0 0 0 0 0
scan charginogluino 510 1000 L4DY1T2ZV 0 1.80527e-06 1.80527e-06 0 0 0 0 0
scan charginogluino 510 1000 L4DY1T2 0 1.80527e-06 1.80527e-06 0 0 0 0 0
scan charginogluino 510 1000 L4DY2T0 0 1.27652e-06 1.27652e-06 0 0 0 0 0
scan charginogluino 510 1000 L4DY2T0ZV 0 1.27652e-06 1.27652e-06 0 0 0 0 0
scan charginogluino 510 1000 L4DY2T0STVAZV 0.000739459 0.000370029 0.000369826 7.94832e-06 9.34804e-06 0 0 7.63438e-14
scan charginogluino 510 1000 L4DY2T0STVA 0 1.27652e-06 1.27652e-06 0 0 0 0 0
scan charginogluino 510 1000 L4DY2T0STVB 0.0137323 0.00147493 0.00142436 0.0001147 0.000365314 0 0 6.82156e-11
scan charginogluino 510 1000 L4DY2T0STVBZV 0.0845264 0.0043174 0.0040431 0.00064489 0.00137017 0 0 2.52777e-12
scan charginogluino 510 1000 L3DY0T0STVB 0.001619 0.000581153 0.000575563 7.06521e-06 8.01017e-05 0 0 4.29418e-10
scan charginogluino 510 1000 L3DY0T0STVA 0 1.474e-06 1.474e-06 0 0 0 0 0
scan charginogluino 510 1000 L3DY0T0 0 1.474e-06 1.474e-06 0 0 0 0 0
scan charginogluino 510 1000 L3DY0T1STVB 0.0290289 0.00243252 0.00231763 9.65517e-05 0.000717825 9.26325e-05 0.000103471 4.29618e-05
scan charginogluino 510 1000 L3DY0T1STVA 0.00143973 0.000471498 0.000467212 7.15559e-06 6.18865e-05 9.96401e-06 1.85266e-06 6.32861e-06
scan charginogluino 510 1000 L3DY0T1 0 2.08455e-06 2.08455e-06 0 0 0 0 0
scan charginogluino 510 1000 L3DY0T2STVB 0.0239236 0.00196846 0.00192633 3.25013e-05 9.55194e-05 0.00013433 0.000300483 0.000213416
scan charginogluino 510 1000 L3DY0T2STVA 0.0057066 0.00239364 0.0023925 2.52788e-06 3.51591e-05 3.54412e-05 7.88748e-06 5.36182e-05
scan charginogluino 510 1000 L3DY0T2 0 2.08455e-06 2.08455e-06 0 0 0 0 0
scan charginogluino 510 1000 L3DY1T0STVBZV 0.110427 0.00497515 0.0045285 0.000590011 0.001974 0 0 1.80475e-07
scan charginogluino 510 1000 L3DY1T0STVAZV 0.0039383 0.000908501 0.000896446 2.56139e-05 0.000145264 0 0 2.54608e-09
scan charginogluino 510 1000 L3DY1T0ZV 0 1.474e-06 1.474e-06 0 0 0 0 0
scan charginogluino 510 1000 L3DY1T0STVB 0.0148929 0.00199411 0.00198583 0.000102094 0.000150141 0 0 1.59512e-08
scan charginogluino 510 1000 L3DY1T0STVA 0.000182098 0.000128806 0.000128769 3.1059e-06 0 0 0 6.2567e-10
scan charginogluino 510 1000 L3DY1T0 0 1.474e-06 1.474e-06 0 0 0 0 0
scan charginogluino 510 1000 L3DY1T1STVBZV 0.0641625 0.00331084 0.00323918 0.000222913 0.000508619 0.000195898 0.000348157 3.74037e-05
scan charginogluino 510 1000 L3DY1T1STVAZV 0.00436286 0.00102158 0.0010211 2.57981e-05 5.1352e-06 1.53077e-05 6.22578e-06 3.7904e-06
scan charginogluino 510 1000 L3DY1T1ZV 0 1.474e-06 1.474e-06 0 0 0 0 0
scan charginogluino 510 1000 L3DY1T1STVB 0.00525137 0.000979181 0.000976654 1.77874e-05 5.95466e-05 1.39517e-05 2.86607e-05 8.0036e-06
scan charginogluino 510 1000 L3DY1T1STVA 0.000379499 0.000300937 0.000300777 5.71227e-07 9.31376e-06 3.04502e-06 0 1.99405e-07
scan charginogluino 510 1000 L3DY1T1 0 1.474e-06 1.474e-06 0 0 0 0 0
