model hrpv
parameter hrpv 4
parameter kFactorProcessWeighted true
scan charginogluino 2000 2400 LOXSEC 0.001142
scan charginogluino 2000 2400 L4DY0T0STVB 0 2.55359e-09 2.55359e-09 0 0 0 0 0
scan charginogluino 2000 2400 L4DY0T0STVA 0 2.55359e-09 2.55359e-09 0 0 0 0 0
scan charginogluino 2000 2400 L4DY0T0 0 2.55359e-09 2.55359e-09 0 0 0 0 0
scan charginogluino 2000 2400 L4DY0T1STVB 0 3.23006e-09 3.23006e-09 0 0 0 0 0
scan charginogluino 2000 2400 L4DY0T1STVA 0 3.23006e-09 3.23006e-09 0 0 0 0 0
scan charginogluino 2000 2400 L4DY0T1 0 3.23006e-09 3.23006e-09 0 0 0 0 0
scan charginogluino 2000 2400 L4DY0T2STVB 0 3.426e-09 3.426e-09 0 0 0 0 0
scan charginogluino 2000 2400 L4DY0T2STVA 0 3.426e-09 3.426e-09 0 0 0 0 0
scan charginogluino 2000 2400 L4DY0T2 0 3.426e-09 3.426e-09 0 0 0 0 0
scan charginogluino 2000 2400 L4DY1T0STVBZV 0 2.55359e-09 2.55359e-09 0 0 0 0 0
scan charginogluino 2000 2400 L4DY1T0STVB 0 2.55359e-09 2.55359e-09 0 0 0 0 0
scan charginogluino 2000 2400 L4DY1T0STVAZV 0 2.55359e-09 2.55359e-09 0 0 0 0 0
scan charginogluino 2000 2400 L4DY1T0STVA 0 2.55359e-09 2.55359e-09 0 0 0 0 0
scan charginogluino 2000 2400 L4DY1T0ZV 0 2.55359e-09 2.55359e-09 0 0 0 0 0
scan charginogluino 2000 2400 L4DY1T0 0 2.55359e-09 2.55359e-09 0 0 0 0 0
scan charginogluino 2000 2400 L4DY1T1STVBZV 4.74294e-07 3.35423e-07 3.3539e-07 2.89095e-09 3.41978e-09 1.44392e-09 0 4.45772e-14
scan charginogluino 2000 2400 L4DY1T1STVB 0 3.23006e-09 3.23006e-09 0 0 0 0 0
scan charginogluino 2000 2400 L4DY1T1STVAZV 0 3.23006e-09 3.23006e-09 0 0 0 0 0
scan charginogluino 2000 2400 L4DY1T1STVA 0 3.23006e-09 3.23006e-09 0 0 0 0 0
scan charginogluino 2000 2400 L4DY1T1ZV 0 3.23006e-09 3.23006e-09 0 0 0 0 0
scan charginogluino 2000 2400 L4DY1T1 0 3.23006e-09 3.23006e-09 0 0 0 0 0
scan charginogluino 2000 2400 L4DY1T2STVBZV 2.09366e-06 7.45733e-07 7.4354e-07 7.54035e-09 4.50817e-08 2.3369e-08 2.51134e-08 6.36424e-10
scan charginogluino 2000 2400 L4DY1T2STVB 0 2.79732e-09 2.79732e-09 0 0 0 0 0
scan charginogluino 2000 2400 L4DY1T2STVAZV 5.82688e-07 4.12678e-07 4.12115e-07 1.73953e-09 4.29955e-09 4.51263e-09 2.05439e-08 1.03347e-10
scan charginogluino 2000 2400 L4DY1T2STVA 2.93745e-07 2.9414e-07 2.93757e-07 0 4.24818e-09 0 1.44031e-08 1.14315e-11
scan charginogluino 2000 2400 L4DY1T2ZV 0 2.79732e-09 2.79732e-09 0 0 0 0 0
scan charginogluino 2000 2400 L4DY1T2 0 2.79732e-09 2.79732e-09 0 0 0 0 0
scan charginogluino 2000 2400 L4DY2T0 0 1.978e-09 1.978e-09 0 0 0 0 0
scan charginogluino 2000 2400 L4DY2T0ZV 0 1.978e-09 1.978e-09 0 0 0 0 0
scan charginogluino 2000 2400 L4DY2T0STVAZV 0 1.978e-09 1.978e-09 0 0 0 0 0
scan charginogluino 2000 2400 L4DY2T0STVA 0 1.978e-09 1.978e-09 0 0 0 0 0
scan charginogluino 2000 2400 L4DY2T0STVB 0 1.978e-09 1.978e-09 0 0 0 0 0
scan charginogluino 2000 2400 L4DY2T0STVBZV 3.15143e-06 1.12755e-06 1.11712e-06 1.63475e-08 1.52116e-07 0 0 1.51616e-18
scan charginogluino 2000 2400 L3DY0T0STVB 0 2.284e-09 2.284e-09 0 0 0 0 0
scan charginogluino 2000 2400 L3DY0T0STVA 0 2.284e-09 2.284e-09 0 0 0 0 0
scan charginogluino 2000 2400 L3DY0T0 0 2.284e-09 2.284e-09 0 0 0 0 0
scan charginogluino 2000 2400 L3DY0T1STVB 6.42623e-07 3.70546e-07 3.68903e-07 7.2534e-10 3.46982e-08 2.21506e-09 1.94529e-09 1.28025e-09
scan charginogluino 2000 2400 L3DY0T1STVA 5.84885e-07 3.10838e-07 2.93395e-07 1.78097e-09 1.02525e-07 3.80801e-09 2.77419e-09 1.68545e-09
scan charginogluino 2000 2400 L3DY0T1 0 3.23006e-09 3.23006e-09 0 0 0 0 0
scan charginogluino 2000 2400 L3DY0T2STVB 2.68024e-06 6.5212e-07 6.50121e-07 2.52785e-09 4.77146e-09 1.47267e-08 4.19231e-08 2.44762e-08
scan charginogluino 2000 2400 L3DY0T2STVA 2.34089e-06 7.46154e-07 7.44712e-07 3.7771e-09 7.93276e-09 1.69608e-08 3.68897e-08 2.05727e-08
scan charginogluino 2000 2400 L3DY0T2 0 3.23006e-09 3.23006e-09 0 0 0 0 0
scan charginogluino 2000 2400 L3DY1T0STVBZV 4.12141e-07 3.61546e-07 3.61528e-07 3.27072e-09 1.47917e-09 0 0 1.61439e-13
scan charginogluino 2000 2400 L3DY1T0STVAZV 0 2.284e-09 2.284e-09 0 0 0 0 0
scan charginogluino 2000 2400 L3DY1T0ZV 0 2.284e-09 2.284e-09 0 0 0 0 0
scan charginogluino 2000 2400 L3DY1T0STVB 0 2.284e-09 2.284e-09 0 0 0 0 0
scan charginogluino 2000 2400 L3DY1T0STVA 0 2.284e-09 2.284e-09 0 0 0 0 0
scan charginogluino 2000 2400 L3DY1T0 0 2.284e-09 2.284e-09 0 0 0 0 0
scan charginogluino 2000 2400 L3DY1T1STVBZV 2.96659e-05 2.76322e-06 2.69093e-06 1.09266e-07 4.72181e-07 1.4817e-07 3.70377e-07 1.64383e-08
scan charginogluino 2000 2400 L3DY1T1STVAZV 6.75999e-06 1.07058e-06 1.06692e-06 2.60565e-08 4.05723e-08 3.34809e-08 6.57939e-08 5.90145e-09
scan charginogluino 2000 2400 L3DY1T1ZV 0 2.284e-09 2.284e-09 0 0 0 0 0
scan charginogluino 2000 2400 L3DY1T1STVB 4.732e-07 2.36772e-07 2.36608e-07 2.88521e-09 0 7.95246e-09 0 2.42869e-09
scan charginogluino 2000 2400 L3DY1T1STVA 9.20791e-07 5.22718e-07 5.2062e-07 1.33236e-09 4.38789e-08 1.45019e-08 2.79273e-09 6.64171e-09
scan charginogluino 2000 2400 L3DY1T1 0 2.284e-09 2.284e-09 0 0 0 0 0
