model hrpv
parameter hrpv 4
parameter kFactorProcessWeighted true
scan charginogluino 1000 1000 LOXSEC 0.03073
scan charginogluino 1000 1000 L4DY0T0STVB 0 6.87144e-08 6.87144e-08 0 0 0 0 0
scan charginogluino 1000 1000 L4DY0T0STVA 0 6.87144e-08 6.87144e-08 0 0 0 0 0
scan charginogluino 1000 1000 L4DY0T0 0 6.87144e-08 6.87144e-08 0 0 0 0 0
scan charginogluino 1000 1000 L4DY0T1STVB 1.57038e-05 1.1109e-05 1.11046e-05 4.7808e-08 3.05698e-07 4.7808e-08 0 1.54489e-11
scan charginogluino 1000 1000 L4DY0T1STVA 0 8.69176e-08 8.69176e-08 0 0 0 0 0
scan charginogluino 1000 1000 L4DY0T1 0 8.69176e-08 8.69176e-08 0 0 0 0 0
scan charginogluino 1000 1000 L4DY0T2STVB 0.00035793 5.04529e-05 4.97657e-05 1.30315e-06 7.27946e-06 2.29589e-06 2.94757e-06 4.68093e-07
scan charginogluino 1000 1000 L4DY0T2STVA 0 9.219e-08 9.219e-08 0 0 0 0 0
scan charginogluino 1000 1000 L4DY0T2 0 9.219e-08 9.219e-08 0 0 0 0 0
scan charginogluino 1000 1000 L4DY1T0STVBZV 0.000181974 4.16225e-05 4.03815e-05 1.05325e-06 1.00328e-05 0 0 6.80162e-14
scan charginogluino 1000 1000 L4DY1T0STVB 0.000172554 7.92843e-05 7.78689e-05 1.15431e-06 1.48695e-05 0 0 2.27536e-14
scan charginogluino 1000 1000 L4DY1T0STVAZV 0 6.87144e-08 6.87144e-08 0 0 0 0 0
scan charginogluino 1000 1000 L4DY1T0STVA 0 6.87144e-08 6.87144e-08 0 0 0 0 0
scan charginogluino 1000 1000 L4DY1T0ZV 0 6.87144e-08 6.87144e-08 0 0 0 0 0
scan charginogluino 1000 1000 L4DY1T0 0 6.87144e-08 6.87144e-08 0 0 0 0 0
scan charginogluino 1000 1000 L4DY1T1STVBZV 0.00286724 0.000187609 0.000180631 1.52502e-05 4.5928e-05 8.87131e-06 1.22005e-05 1.34114e-09
scan charginogluino 1000 1000 L4DY1T1STVB 0.000252536 6.21302e-05 6.17165e-05 1.52938e-06 6.73649e-06 5.19547e-07 1.80408e-06 1.64115e-10
scan charginogluino 1000 1000 L4DY1T1STVAZV 0 8.69176e-08 8.69176e-08 0 0 0 0 0
scan charginogluino 1000 1000 L4DY1T1STVA 0 8.69176e-08 8.69176e-08 0 0 0 0 0
scan charginogluino 1000 1000 L4DY1T1ZV 0 8.69176e-08 8.69176e-08 0 0 0 0 0
scan charginogluino 1000 1000 L4DY1T1 0 8.69176e-08 8.69176e-08 0 0 0 0 0
scan charginogluino 1000 1000 L4DY1T2STVBZV 0.00107111 0.000100198 9.90714e-05 4.58418e-06 8.59134e-06 6.45789e-06 9.36352e-06 5.00776e-07
scan charginogluino 1000 1000 L4DY1T2STVB 8.56933e-05 4.32024e-05 4.31284e-05 2.35722e-08 2.41135e-06 4.37425e-07 6.13137e-07 4.97066e-08
scan charginogluino 1000 1000 L4DY1T2STVAZV 0 7.52728e-08 7.52728e-08 0 0 0 0 0
scan charginogluino 1000 1000 L4DY1T2STVA 0 7.52728e-08 7.52728e-08 0 0 0 0 0
scan charginogluino 1000 1000 L4DY1T2ZV 0 7.52728e-08 7.52728e-08 0 0 0 0 0
scan charginogluino 1000 1000 L4DY1T2 0 7.52728e-08 7.52728e-08 0 0 0 0 0
scan charginogluino 1000 1000 L4DY2T0 0 5.32259e-08 5.32259e-08 0 0 0 0 0
scan charginogluino 1000 1000 L4DY2T0ZV 0 5.32259e-08 5.32259e-08 0 0 0 0 0
scan charginogluino 1000 1000 L4DY2T0STVAZV 0 5.32259e-08 5.32259e-08 0 0 0 0 0
scan charginogluino 1000 1000 L4DY2T0STVA 0 5.32259e-08 5.32259e-08 0 0 0 0 0
scan charginogluino 1000 1000 L4DY2T0STVB 0.00068283 8.60505e-05 8.19916e-05 4.47964e-06 2.57294e-05 0 0 1.08286e-12
scan charginogluino 1000 1000 L4DY2T0STVBZV 0.00297511 0.000178822 0.00016904 2.22476e-05 5.39252e-05 0 0 3.11305e-11
scan charginogluino 1000 1000 L3DY0T0STVB 2.89218e-05 1.29673e-05 1.2962e-05 1.20514e-07 3.51457e-07 0 0 9.63582e-12
scan charginogluino 1000 1000 L3DY0T0STVA 0 6.146e-08 6.146e-08 0 0 0 0 0
scan charginogluino 1000 1000 L3DY0T0 0 6.146e-08 6.146e-08 0 0 0 0 0
scan charginogluino 1000 1000 L3DY0T1STVB 0.00208044 0.000173756 0.000162201 4.86336e-06 6.10614e-05 6.12838e-06 8.95643e-06 3.4667e-06
scan charginogluino 1000 1000 L3DY0T1STVA 0 8.69176e-08 8.69176e-08 0 0 0 0 0
scan charginogluino 1000 1000 L3DY0T1 0 8.69176e-08 8.69176e-08 0 0 0 0 0
scan charginogluino 1000 1000 L3DY0T2STVB 0.00129196 0.000108728 0.000106652 1.6596e-06 5.38475e-06 7.64524e-06 1.49355e-05 1.15748e-05
scan charginogluino 1000 1000 L3DY0T2STVA 0 8.69176e-08 8.69176e-08 0 0 0 0 0
scan charginogluino 1000 1000 L3DY0T2 0 8.69176e-08 8.69176e-08 0 0 0 0 0
scan charginogluino 1000 1000 L3DY1T0STVBZV 0.00549457 0.000256643 0.00023925 3.18909e-05 8.72227e-05 0 0 1.35228e-08
scan charginogluino 1000 1000 L3DY1T0STVAZV 0 6.146e-08 6.146e-08 0 0 0 0 0
scan charginogluino 1000 1000 L3DY1T0ZV 0 6.146e-08 6.146e-08 0 0 0 0 0
scan charginogluino 1000 1000 L3DY1T0STVB 0.000783733 0.000105467 0.000102617 3.82797e-06 2.40485e-05 0 0 4.05613e-09
scan charginogluino 1000 1000 L3DY1T0STVA 0 6.146e-08 6.146e-08 0 0 0 0 0
scan charginogluino 1000 1000 L3DY1T0 0 6.146e-08 6.146e-08 0 0 0 0 0
scan charginogluino 1000 1000 L3DY1T1STVBZV 0.00362995 0.0001953 0.000191445 1.37208e-05 2.80014e-05 1.06419e-05 2.0038e-05 1.95739e-06
scan charginogluino 1000 1000 L3DY1T1STVAZV 1.11535e-05 8.00941e-06 8.00813e-06 2.8008e-08 9.48497e-08 1.99909e-08 1.01244e-07 1.73293e-09
scan charginogluino 1000 1000 L3DY1T1ZV 0 6.146e-08 6.146e-08 0 0 0 0 0
scan charginogluino 1000 1000 L3DY1T1STVB 0.000211024 4.29781e-05 4.23066e-05 7.34222e-07 7.41138e-06 6.06283e-07 1.16375e-06 2.71717e-07
scan charginogluino 1000 1000 L3DY1T1STVA 0 6.146e-08 6.146e-08 0 0 0 0 0
scan charginogluino 1000 1000 L3DY1T1 0 6.146e-08 6.146e-08 0 0 0 0 0
