model hrpv
parameter hrpv 4
parameter kFactorProcessWeighted true
scan charginogluino 1400 900 LOXSEC 0.01495
scan charginogluino 1400 900 L4DY0T0STVB 0 3.34292e-08 3.34292e-08 0 0 0 0 0
scan charginogluino 1400 900 L4DY0T0STVA 0 3.34292e-08 3.34292e-08 0 0 0 0 0
scan charginogluino 1400 900 L4DY0T0 0 3.34292e-08 3.34292e-08 0 0 0 0 0
scan charginogluino 1400 900 L4DY0T1STVB 7.04436e-06 4.9824e-06 4.98127e-06 2.14455e-08 1.01876e-07 2.14814e-08 0 5.55815e-14
scan charginogluino 1400 900 L4DY0T1STVA 0 4.2285e-08 4.2285e-08 0 0 0 0 0
scan charginogluino 1400 900 L4DY0T1 0 4.2285e-08 4.2285e-08 0 0 0 0 0
scan charginogluino 1400 900 L4DY0T2STVB 0.000297322 5.46185e-05 5.40673e-05 1.148e-06 5.12288e-06 1.84888e-06 5.329e-06 7.25632e-07
scan charginogluino 1400 900 L4DY0T2STVA 0 4.485e-08 4.485e-08 0 0 0 0 0
scan charginogluino 1400 900 L4DY0T2 0 4.485e-08 4.485e-08 0 0 0 0 0
scan charginogluino 1400 900 L4DY1T0STVBZV 0.000128403 4.90228e-05 4.8099e-05 1.04109e-06 9.41439e-06 0 0 9.52374e-15
scan charginogluino 1400 900 L4DY1T0STVB 1.01917e-05 1.06051e-05 1.01918e-05 3.10273e-08 2.93171e-06 0 0 6.02146e-18
scan charginogluino 1400 900 L4DY1T0STVAZV 0 3.34292e-08 3.34292e-08 0 0 0 0 0
scan charginogluino 1400 900 L4DY1T0STVA 0 3.34292e-08 3.34292e-08 0 0 0 0 0
scan charginogluino 1400 900 L4DY1T0ZV 0 3.34292e-08 3.34292e-08 0 0 0 0 0
scan charginogluino 1400 900 L4DY1T0 0 3.34292e-08 3.34292e-08 0 0 0 0 0
scan charginogluino 1400 900 L4DY1T1STVBZV 0.00116234 0.000105565 0.000103927 5.60023e-06 1.67947e-05 3.99147e-06 3.73672e-06 7.30987e-10
scan charginogluino 1400 900 L4DY1T1STVB 0.000108821 4.11299e-05 4.1097e-05 8.05296e-07 1.38564e-06 3.04766e-07 1.9197e-07 2.78634e-10
scan charginogluino 1400 900 L4DY1T1STVAZV 0 4.2285e-08 4.2285e-08 0 0 0 0 0
scan charginogluino 1400 900 L4DY1T1STVA 0 4.2285e-08 4.2285e-08 0 0 0 0 0
scan charginogluino 1400 900 L4DY1T1ZV 0 4.2285e-08 4.2285e-08 0 0 0 0 0
scan charginogluino 1400 900 L4DY1T1 0 4.2285e-08 4.2285e-08 0 0 0 0 0
scan charginogluino 1400 900 L4DY1T2STVBZV 0.000509915 6.14459e-05 6.10172e-05 1.59819e-06 3.72753e-06 3.45138e-06 4.90363e-06 3.06848e-07
scan charginogluino 1400 900 L4DY1T2STVB 1.23309e-05 7.12026e-06 7.11932e-06 7.51601e-08 0 8.859e-08 0 2.6495e-09
scan charginogluino 1400 900 L4DY1T2STVAZV 0 3.66199e-08 3.66199e-08 0 0 0 0 0
scan charginogluino 1400 900 L4DY1T2STVA 0 3.66199e-08 3.66199e-08 0 0 0 0 0
scan charginogluino 1400 900 L4DY1T2ZV 0 3.66199e-08 3.66199e-08 0 0 0 0 0
scan charginogluino 1400 900 L4DY1T2 0 3.66199e-08 3.66199e-08 0 0 0 0 0
scan charginogluino 1400 900 L4DY2T0 0 2.58942e-08 2.58942e-08 0 0 0 0 0
scan charginogluino 1400 900 L4DY2T0ZV 0 2.58942e-08 2.58942e-08 0 0 0 0 0
scan charginogluino 1400 900 L4DY2T0STVAZV 0 2.58942e-08 2.58942e-08 0 0 0 0 0
scan charginogluino 1400 900 L4DY2T0STVA 0 2.58942e-08 2.58942e-08 0 0 0 0 0
scan charginogluino 1400 900 L4DY2T0STVB 0.000261373 4.91425e-05 4.87867e-05 2.6874e-06 5.25596e-06 0 0 3.96745e-14
scan charginogluino 1400 900 L4DY2T0STVBZV 0.00107765 9.08721e-05 8.82964e-05 8.14225e-06 1.98794e-05 0 0 2.98358e-14
scan charginogluino 1400 900 L3DY0T0STVB 6.76648e-05 2.99924e-05 2.84784e-05 5.54423e-07 9.39231e-06 0 0 4.06857e-08
scan charginogluino 1400 900 L3DY0T0STVA 0 2.99e-08 2.99e-08 0 0 0 0 0
scan charginogluino 1400 900 L3DY0T0 0 2.99e-08 2.99e-08 0 0 0 0 0
scan charginogluino 1400 900 L3DY0T1STVB 0.000821796 8.32594e-05 8.12251e-05 2.63593e-06 1.71273e-05 1.8275e-06 5.20855e-06 1.96345e-06
scan charginogluino 1400 900 L3DY0T1STVA 0 4.2285e-08 4.2285e-08 0 0 0 0 0
scan charginogluino 1400 900 L3DY0T1 0 4.2285e-08 4.2285e-08 0 0 0 0 0
scan charginogluino 1400 900 L3DY0T2STVB 0.00104358 9.63798e-05 9.50622e-05 1.15521e-06 4.78851e-06 7.01329e-06 9.46435e-06 9.44576e-06
scan charginogluino 1400 900 L3DY0T2STVA 4.42193e-07 4.44041e-07 4.43959e-07 0 3.18833e-09 6.66922e-09 0 4.25641e-09
scan charginogluino 1400 900 L3DY0T2 0 4.2285e-08 4.2285e-08 0 0 0 0 0
scan charginogluino 1400 900 L3DY1T0STVBZV 0.00276798 0.000171711 0.000163795 1.52137e-05 4.9239e-05 0 0 6.88305e-09
scan charginogluino 1400 900 L3DY1T0STVAZV 0 2.99e-08 2.99e-08 0 0 0 0 0
scan charginogluino 1400 900 L3DY1T0ZV 0 2.99e-08 2.99e-08 0 0 0 0 0
scan charginogluino 1400 900 L3DY1T0STVB 0.000321613 5.16199e-05 4.98851e-05 1.98125e-06 1.31209e-05 0 0 5.24336e-10
scan charginogluino 1400 900 L3DY1T0STVA 0 2.99e-08 2.99e-08 0 0 0 0 0
scan charginogluino 1400 900 L3DY1T0 0 2.99e-08 2.99e-08 0 0 0 0 0
scan charginogluino 1400 900 L3DY1T1STVBZV 0.00249146 0.00018554 0.000173431 7.89416e-06 6.35366e-05 7.39e-06 1.38364e-05 1.27854e-06
scan charginogluino 1400 900 L3DY1T1STVAZV 1.48013e-05 7.78215e-06 7.77994e-06 2.91538e-08 1.44886e-07 3.01611e-08 1.07834e-07 4.6691e-09
scan charginogluino 1400 900 L3DY1T1ZV 0 2.99e-08 2.99e-08 0 0 0 0 0
scan charginogluino 1400 900 L3DY1T1STVB 0.00017222 3.84756e-05 3.7638e-05 5.0849e-07 7.87169e-06 9.73394e-07 7.03532e-07 3.05673e-07
scan charginogluino 1400 900 L3DY1T1STVA 0 2.99e-08 2.99e-08 0 0 0 0 0
scan charginogluino 1400 900 L3DY1T1 0 2.99e-08 2.99e-08 0 0 0 0 0
