model hrpv
parameter hrpv 4
parameter kFactorProcessWeighted true
scan charginogluino 1300 1200 LOXSEC 0.004843
scan charginogluino 1300 1200 L4DY0T0STVB 0 1.08293e-08 1.08293e-08 0 0 0 0 0
scan charginogluino 1300 1200 L4DY0T0STVA 0 1.08293e-08 1.08293e-08 0 0 0 0 0
scan charginogluino 1300 1200 L4DY0T0 0 1.08293e-08 1.08293e-08 0 0 0 0 0
scan charginogluino 1300 1200 L4DY0T1STVB 2.04949e-05 8.8671e-06 8.66968e-06 1.16703e-07 1.84404e-06 3.11648e-08 1.92959e-07 9.94333e-08
scan charginogluino 1300 1200 L4DY0T1STVA 0 1.36981e-08 1.36981e-08 0 0 0 0 0
scan charginogluino 1300 1200 L4DY0T1 0 1.36981e-08 1.36981e-08 0 0 0 0 0
scan charginogluino 1300 1200 L4DY0T2STVB 4.55854e-05 1.03402e-05 1.00283e-05 1.13482e-07 2.45347e-06 2.12638e-07 5.20476e-07 6.52357e-08
scan charginogluino 1300 1200 L4DY0T2STVA 0 1.4529e-08 1.4529e-08 0 0 0 0 0
scan charginogluino 1300 1200 L4DY0T2 0 1.4529e-08 1.4529e-08 0 0 0 0 0
scan charginogluino 1300 1200 L4DY1T0STVBZV 2.158e-05 6.85015e-06 6.82516e-06 2.48701e-07 5.29091e-07 0 0 8.40231e-13
scan charginogluino 1300 1200 L4DY1T0STVB 2.08952e-06 2.08985e-06 2.08955e-06 2.69587e-08 2.30708e-08 0 0 7.93388e-16
scan charginogluino 1300 1200 L4DY1T0STVAZV 0 1.08293e-08 1.08293e-08 0 0 0 0 0
scan charginogluino 1300 1200 L4DY1T0STVA 0 1.08293e-08 1.08293e-08 0 0 0 0 0
scan charginogluino 1300 1200 L4DY1T0ZV 0 1.08293e-08 1.08293e-08 0 0 0 0 0
scan charginogluino 1300 1200 L4DY1T0 0 1.08293e-08 1.08293e-08 0 0 0 0 0
scan charginogluino 1300 1200 L4DY1T1STVBZV 0.000285718 2.43022e-05 2.37514e-05 1.75643e-06 4.57651e-06 9.3634e-07 1.24948e-06 2.0006e-10
scan charginogluino 1300 1200 L4DY1T1STVB 1.60722e-05 7.97446e-06 7.90811e-06 1.34907e-07 1.01588e-06 4.31251e-08 4.20088e-08 4.15407e-10
scan charginogluino 1300 1200 L4DY1T1STVAZV 0 1.36981e-08 1.36981e-08 0 0 0 0 0
scan charginogluino 1300 1200 L4DY1T1STVA 0 1.36981e-08 1.36981e-08 0 0 0 0 0
scan charginogluino 1300 1200 L4DY1T1ZV 0 1.36981e-08 1.36981e-08 0 0 0 0 0
scan charginogluino 1300 1200 L4DY1T1 0 1.36981e-08 1.36981e-08 0 0 0 0 0
scan charginogluino 1300 1200 L4DY1T2STVBZV 0.000131627 1.72294e-05 1.71179e-05 6.02522e-07 1.17085e-06 1.08014e-06 9.62978e-07 6.42864e-08
scan charginogluino 1300 1200 L4DY1T2STVB 4.27077e-06 3.88329e-06 3.88058e-06 2.38188e-08 1.14048e-07 1.42617e-08 8.51218e-08 1.47168e-09
scan charginogluino 1300 1200 L4DY1T2STVAZV 1.61053e-06 1.17631e-06 1.17595e-06 3.64528e-09 1.46475e-08 1.08648e-08 2.23083e-08 7.91981e-10
scan charginogluino 1300 1200 L4DY1T2STVA 0 1.18629e-08 1.18629e-08 0 0 0 0 0
scan charginogluino 1300 1200 L4DY1T2ZV 0 1.18629e-08 1.18629e-08 0 0 0 0 0
scan charginogluino 1300 1200 L4DY1T2 0 1.18629e-08 1.18629e-08 0 0 0 0 0
scan charginogluino 1300 1200 L4DY2T0 0 8.38832e-09 8.38832e-09 0 0 0 0 0
scan charginogluino 1300 1200 L4DY2T0ZV 0 8.38832e-09 8.38832e-09 0 0 0 0 0
scan charginogluino 1300 1200 L4DY2T0STVAZV 0 8.38832e-09 8.38832e-09 0 0 0 0 0
scan charginogluino 1300 1200 L4DY2T0STVA 0 8.38832e-09 8.38832e-09 0 0 0 0 0
scan charginogluino 1300 1200 L4DY2T0STVB 6.53623e-05 1.46985e-05 1.46749e-05 6.72993e-07 4.89588e-07 0 0 5.21331e-15
scan charginogluino 1300 1200 L4DY2T0STVBZV 0.000300521 2.47767e-05 2.42363e-05 2.49532e-06 4.50113e-06 0 0 1.43192e-14
scan charginogluino 1300 1200 L3DY0T0STVB 1.96702e-05 6.99536e-06 6.99034e-06 1.14326e-07 2.38932e-07 0 0 6.24191e-12
scan charginogluino 1300 1200 L3DY0T0STVA 0 9.686e-09 9.686e-09 0 0 0 0 0
scan charginogluino 1300 1200 L3DY0T0 0 9.686e-09 9.686e-09 0 0 0 0 0
scan charginogluino 1300 1200 L3DY0T1STVB 0.000263479 2.4659e-05 2.42989e-05 7.79443e-07 3.90126e-06 6.97035e-07 1.07816e-06 3.93755e-07
scan charginogluino 1300 1200 L3DY0T1STVA 8.42816e-07 8.58399e-07 8.42913e-07 2.56583e-09 1.6177e-07 1.2793e-08 0 2.42872e-09
scan charginogluino 1300 1200 L3DY0T1 9.80514e-07 9.82285e-07 9.80598e-07 4.17599e-09 5.07408e-08 1.48831e-08 0 2.23075e-08
scan charginogluino 1300 1200 L3DY0T2STVB 0.000187268 1.8714e-05 1.85217e-05 3.5769e-07 5.03101e-07 9.69865e-07 1.79609e-06 1.61698e-06
scan charginogluino 1300 1200 L3DY0T2STVA 1.72994e-06 1.17309e-06 1.17252e-06 2.31427e-09 6.99224e-09 2.31185e-08 2.26304e-08 1.5451e-08
scan charginogluino 1300 1200 L3DY0T2 0 1.36981e-08 1.36981e-08 0 0 0 0 0
scan charginogluino 1300 1200 L3DY1T0STVBZV 0.000539164 3.29578e-05 3.13551e-05 3.3022e-06 9.60062e-06 0 0 1.39561e-09
scan charginogluino 1300 1200 L3DY1T0STVAZV 0 9.686e-09 9.686e-09 0 0 0 0 0
scan charginogluino 1300 1200 L3DY1T0ZV 0 9.686e-09 9.686e-09 0 0 0 0 0
scan charginogluino 1300 1200 L3DY1T0STVB 4.33409e-05 8.40116e-06 8.36286e-06 2.94196e-07 7.45356e-07 0 0 7.39823e-11
scan charginogluino 1300 1200 L3DY1T0STVA 0 9.686e-09 9.686e-09 0 0 0 0 0
scan charginogluino 1300 1200 L3DY1T0 0 9.686e-09 9.686e-09 0 0 0 0 0
scan charginogluino 1300 1200 L3DY1T1STVBZV 0.000533056 3.2136e-05 3.15625e-05 1.80635e-06 4.47916e-06 1.62997e-06 3.22538e-06 3.82246e-07
scan charginogluino 1300 1200 L3DY1T1STVAZV 1.96508e-05 5.43775e-06 5.42797e-06 8.42869e-08 8.48037e-08 4.51504e-08 2.99809e-07 6.64294e-09
scan charginogluino 1300 1200 L3DY1T1ZV 0 9.686e-09 9.686e-09 0 0 0 0 0
scan charginogluino 1300 1200 L3DY1T1STVB 2.55791e-05 6.65309e-06 6.63239e-06 1.07109e-07 4.96938e-07 8.06937e-08 9.67196e-08 2.7047e-08
scan charginogluino 1300 1200 L3DY1T1STVA 0 9.686e-09 9.686e-09 0 0 0 0 0
scan charginogluino 1300 1200 L3DY1T1 0 9.686e-09 9.686e-09 0 0 0 0 0
