model hrpv
parameter hrpv 4
parameter kFactorProcessWeighted true
scan charginogluino 2500 900 LOXSEC 0.00984
scan charginogluino 2500 900 L4DY0T0STVB 0 2.20029e-08 2.20029e-08 0 0 0 0 0
scan charginogluino 2500 900 L4DY0T0STVA 0 2.20029e-08 2.20029e-08 0 0 0 0 0
scan charginogluino 2500 900 L4DY0T0 0 2.20029e-08 2.20029e-08 0 0 0 0 0
scan charginogluino 2500 900 L4DY0T1STVB 0 2.78317e-08 2.78317e-08 0 0 0 0 0
scan charginogluino 2500 900 L4DY0T1STVA 0 2.78317e-08 2.78317e-08 0 0 0 0 0
scan charginogluino 2500 900 L4DY0T1 0 2.78317e-08 2.78317e-08 0 0 0 0 0
scan charginogluino 2500 900 L4DY0T2STVB 5.48372e-06 3.32476e-06 3.32116e-06 3.35854e-08 7.96347e-08 6.16096e-08 9.85914e-08 5.43676e-08
scan charginogluino 2500 900 L4DY0T2STVA 0 2.952e-08 2.952e-08 0 0 0 0 0
scan charginogluino 2500 900 L4DY0T2 0 2.952e-08 2.952e-08 0 0 0 0 0
scan charginogluino 2500 900 L4DY1T0STVBZV 0 2.20029e-08 2.20029e-08 0 0 0 0 0
scan charginogluino 2500 900 L4DY1T0STVB 2.60821e-06 2.60846e-06 2.60828e-06 2.38755e-08 1.88059e-08 0 0 9.90331e-16
scan charginogluino 2500 900 L4DY1T0STVAZV 0 2.20029e-08 2.20029e-08 0 0 0 0 0
scan charginogluino 2500 900 L4DY1T0STVA 0 2.20029e-08 2.20029e-08 0 0 0 0 0
scan charginogluino 2500 900 L4DY1T0ZV 0 2.20029e-08 2.20029e-08 0 0 0 0 0
scan charginogluino 2500 900 L4DY1T0 0 2.20029e-08 2.20029e-08 0 0 0 0 0
scan charginogluino 2500 900 L4DY1T1STVBZV 7.33279e-05 2.14463e-05 2.14087e-05 5.68372e-07 1.11038e-06 2.09167e-07 1.01825e-07 4.4625e-11
scan charginogluino 2500 900 L4DY1T1STVB 0 2.78317e-08 2.78317e-08 0 0 0 0 0
scan charginogluino 2500 900 L4DY1T1STVAZV 0 2.78317e-08 2.78317e-08 0 0 0 0 0
scan charginogluino 2500 900 L4DY1T1STVA 0 2.78317e-08 2.78317e-08 0 0 0 0 0
scan charginogluino 2500 900 L4DY1T1ZV 0 2.78317e-08 2.78317e-08 0 0 0 0 0
scan charginogluino 2500 900 L4DY1T1 0 2.78317e-08 2.78317e-08 0 0 0 0 0
scan charginogluino 2500 900 L4DY1T2STVBZV 0.000138531 4.18777e-05 4.18305e-05 7.57207e-07 2.19846e-07 6.99886e-07 1.68175e-06 9.77098e-08
scan charginogluino 2500 900 L4DY1T2STVB 4.13597e-06 4.13759e-06 4.13603e-06 2.52099e-08 0 6.27792e-08 9.11296e-08 1.33006e-09
scan charginogluino 2500 900 L4DY1T2STVAZV 0 2.4103e-08 2.4103e-08 0 0 0 0 0
scan charginogluino 2500 900 L4DY1T2STVA 0 2.4103e-08 2.4103e-08 0 0 0 0 0
scan charginogluino 2500 900 L4DY1T2ZV 0 2.4103e-08 2.4103e-08 0 0 0 0 0
scan charginogluino 2500 900 L4DY1T2 0 2.4103e-08 2.4103e-08 0 0 0 0 0
scan charginogluino 2500 900 L4DY2T0 0 1.70434e-08 1.70434e-08 0 0 0 0 0
scan charginogluino 2500 900 L4DY2T0ZV 0 1.70434e-08 1.70434e-08 0 0 0 0 0
scan charginogluino 2500 900 L4DY2T0STVAZV 0 1.70434e-08 1.70434e-08 0 0 0 0 0
scan charginogluino 2500 900 L4DY2T0STVA 0 1.70434e-08 1.70434e-08 0 0 0 0 0
scan charginogluino 2500 900 L4DY2T0STVB 4.60159e-05 2.07762e-05 2.07625e-05 3.67043e-07 6.58027e-07 0 0 5.90339e-15
scan charginogluino 2500 900 L4DY2T0STVBZV 3.54686e-05 1.27195e-05 1.25959e-05 2.15051e-07 1.75605e-06 0 0 1.73319e-16
scan charginogluino 2500 900 L3DY0T0STVB 0 1.968e-08 1.968e-08 0 0 0 0 0
scan charginogluino 2500 900 L3DY0T0STVA 0 1.968e-08 1.968e-08 0 0 0 0 0
scan charginogluino 2500 900 L3DY0T0 0 1.968e-08 1.968e-08 0 0 0 0 0
scan charginogluino 2500 900 L3DY0T1STVB 7.99027e-05 2.48425e-05 2.39406e-05 2.65755e-07 6.60701e-06 1.86623e-07 4.52233e-07 1.85412e-07
scan charginogluino 2500 900 L3DY0T1STVA 0 2.78317e-08 2.78317e-08 0 0 0 0 0
scan charginogluino 2500 900 L3DY0T1 0 2.78317e-08 2.78317e-08 0 0 0 0 0
scan charginogluino 2500 900 L3DY0T2STVB 0.000106524 2.22575e-05 2.21203e-05 1.48818e-07 3.76458e-07 7.64415e-07 2.1066e-06 9.48144e-07
scan charginogluino 2500 900 L3DY0T2STVA 1.21654e-06 1.15051e-06 1.14986e-06 2.10075e-10 8.27405e-09 2.36944e-08 2.68046e-08 1.1601e-08
scan charginogluino 2500 900 L3DY0T2 0 2.78317e-08 2.78317e-08 0 0 0 0 0
scan charginogluino 2500 900 L3DY1T0STVBZV 0.000169251 3.16832e-05 3.15414e-05 1.04098e-06 2.80754e-06 0 0 3.64422e-10
scan charginogluino 2500 900 L3DY1T0STVAZV 0 1.968e-08 1.968e-08 0 0 0 0 0
scan charginogluino 2500 900 L3DY1T0ZV 0 1.968e-08 1.968e-08 0 0 0 0 0
scan charginogluino 2500 900 L3DY1T0STVB 6.13904e-06 6.13935e-06 6.13906e-06 5.90866e-08 0 0 0 2.10931e-11
scan charginogluino 2500 900 L3DY1T0STVA 0 1.968e-08 1.968e-08 0 0 0 0 0
scan charginogluino 2500 900 L3DY1T0 0 1.968e-08 1.968e-08 0 0 0 0 0
scan charginogluino 2500 900 L3DY1T1STVBZV 0.000348528 6.19742e-05 6.17948e-05 7.81654e-07 3.47658e-06 1.47549e-06 2.70342e-06 1.63187e-07
scan charginogluino 2500 900 L3DY1T1STVAZV 1.34968e-05 5.57348e-06 5.56791e-06 2.23201e-09 1.90177e-07 2.59497e-08 1.55725e-07 3.17023e-08
scan charginogluino 2500 900 L3DY1T1ZV 0 1.968e-08 1.968e-08 0 0 0 0 0
scan charginogluino 2500 900 L3DY1T1STVB 6.42769e-06 4.58113e-06 4.58053e-06 3.91785e-08 0 1.10084e-08 6.19507e-08 2.06705e-09
scan charginogluino 2500 900 L3DY1T1STVA 1.18571e-06 1.24349e-06 1.18584e-06 0 3.7318e-07 0 2.61253e-08 1.07792e-08
scan charginogluino 2500 900 L3DY1T1 0 1.968e-08 1.968e-08 0 0 0 0 0
