model hrpv
parameter hrpv 4
parameter kFactorProcessWeighted true
scan charginogluino 1100 2000 LOXSEC 0.005768
scan charginogluino 1100 2000 L4DY0T0STVB 0 1.28976e-08 1.28976e-08 0 0 0 0 0
scan charginogluino 1100 2000 L4DY0T0STVA 0 1.28976e-08 1.28976e-08 0 0 0 0 0
scan charginogluino 1100 2000 L4DY0T0 0 1.28976e-08 1.28976e-08 0 0 0 0 0
scan charginogluino 1100 2000 L4DY0T1STVB 5.91475e-06 3.47173e-06 3.43862e-06 2.90746e-08 4.77289e-07 1.10024e-08 0 2.27322e-11
scan charginogluino 1100 2000 L4DY0T1STVA 0 1.63144e-08 1.63144e-08 0 0 0 0 0
scan charginogluino 1100 2000 L4DY0T1 0 1.63144e-08 1.63144e-08 0 0 0 0 0
scan charginogluino 1100 2000 L4DY0T2STVB 5.05649e-05 8.70036e-06 8.62568e-06 1.78806e-07 1.017e-06 3.68594e-07 2.94075e-07 7.20297e-08
scan charginogluino 1100 2000 L4DY0T2STVA 0 1.7304e-08 1.7304e-08 0 0 0 0 0
scan charginogluino 1100 2000 L4DY0T2 0 1.7304e-08 1.7304e-08 0 0 0 0 0
scan charginogluino 1100 2000 L4DY1T0STVBZV 1.72072e-05 5.18864e-06 4.97472e-06 1.19806e-07 1.46962e-06 0 0 5.55794e-16
scan charginogluino 1100 2000 L4DY1T0STVB 3.09254e-06 2.14287e-06 2.05842e-06 2.91315e-08 5.9494e-07 0 0 2.35726e-16
scan charginogluino 1100 2000 L4DY1T0STVAZV 0 1.28976e-08 1.28976e-08 0 0 0 0 0
scan charginogluino 1100 2000 L4DY1T0STVA 0 1.28976e-08 1.28976e-08 0 0 0 0 0
scan charginogluino 1100 2000 L4DY1T0ZV 0 1.28976e-08 1.28976e-08 0 0 0 0 0
scan charginogluino 1100 2000 L4DY1T0 0 1.28976e-08 1.28976e-08 0 0 0 0 0
scan charginogluino 1100 2000 L4DY1T1STVBZV 0.000380186 2.42828e-05 2.35995e-05 2.02616e-06 5.08203e-06 1.257e-06 1.0989e-06 1.0587e-09
scan charginogluino 1100 2000 L4DY1T1STVB 2.02325e-05 5.34314e-06 5.32598e-06 1.89213e-07 3.66459e-07 5.93398e-08 9.74661e-08 1.55956e-11
scan charginogluino 1100 2000 L4DY1T1STVAZV 0 1.63144e-08 1.63144e-08 0 0 0 0 0
scan charginogluino 1100 2000 L4DY1T1STVA 0 1.63144e-08 1.63144e-08 0 0 0 0 0
scan charginogluino 1100 2000 L4DY1T1ZV 0 1.63144e-08 1.63144e-08 0 0 0 0 0
scan charginogluino 1100 2000 L4DY1T1 0 1.63144e-08 1.63144e-08 0 0 0 0 0
scan charginogluino 1100 2000 L4DY1T2STVBZV 0.000139068 1.30789e-05 1.28689e-05 4.43949e-07 1.59193e-06 8.90119e-07 1.3854e-06 7.79369e-08
scan charginogluino 1100 2000 L4DY1T2STVB 7.38791e-06 3.22488e-06 3.18717e-06 2.29759e-08 4.65284e-07 6.77966e-08 1.4204e-07 3.35529e-09
scan charginogluino 1100 2000 L4DY1T2STVAZV 8.24896e-07 6.6505e-07 6.6205e-07 3.86288e-09 5.6089e-08 2.86565e-08 0 3.17014e-10
scan charginogluino 1100 2000 L4DY1T2STVA 0 1.41287e-08 1.41287e-08 0 0 0 0 0
scan charginogluino 1100 2000 L4DY1T2ZV 0 1.41287e-08 1.41287e-08 0 0 0 0 0
scan charginogluino 1100 2000 L4DY1T2 0 1.41287e-08 1.41287e-08 0 0 0 0 0
scan charginogluino 1100 2000 L4DY2T0 0 9.99047e-09 9.99047e-09 0 0 0 0 0
scan charginogluino 1100 2000 L4DY2T0ZV 0 9.99047e-09 9.99047e-09 0 0 0 0 0
scan charginogluino 1100 2000 L4DY2T0STVAZV 0 9.99047e-09 9.99047e-09 0 0 0 0 0
scan charginogluino 1100 2000 L4DY2T0STVA 0 9.99047e-09 9.99047e-09 0 0 0 0 0
scan charginogluino 1100 2000 L4DY2T0STVB 5.67281e-05 8.50487e-06 8.10612e-06 4.53279e-07 2.5334e-06 0 0 4.70815e-15
scan charginogluino 1100 2000 L4DY2T0STVBZV 0.000435984 2.57386e-05 2.44714e-05 3.29518e-06 7.26415e-06 0 0 5.08769e-14
scan charginogluino 1100 2000 L3DY0T0STVB 1.26962e-05 4.11699e-06 4.07232e-06 8.20802e-08 5.99194e-07 0 0 4.41216e-11
scan charginogluino 1100 2000 L3DY0T0STVA 0 1.1536e-08 1.1536e-08 0 0 0 0 0
scan charginogluino 1100 2000 L3DY0T0 0 1.1536e-08 1.1536e-08 0 0 0 0 0
scan charginogluino 1100 2000 L3DY0T1STVB 0.000215681 1.88643e-05 1.70632e-05 7.28845e-07 7.93662e-06 6.86271e-07 7.32984e-07 4.25661e-07
scan charginogluino 1100 2000 L3DY0T1STVA 5.42816e-06 5.4284e-06 5.42818e-06 1.65253e-08 4.05554e-08 1.65253e-08 0 1.56422e-08
scan charginogluino 1100 2000 L3DY0T1 0 1.63144e-08 1.63144e-08 0 0 0 0 0
scan charginogluino 1100 2000 L3DY0T2STVB 0.000177993 1.5205e-05 1.49932e-05 2.50532e-07 6.90018e-07 1.07861e-06 1.47798e-06 1.5833e-06
scan charginogluino 1100 2000 L3DY0T2STVA 2.42011e-06 1.45039e-06 1.44769e-06 0 1.74496e-08 3.9708e-09 8.34488e-08 2.32952e-08
scan charginogluino 1100 2000 L3DY0T2 0 1.63144e-08 1.63144e-08 0 0 0 0 0
scan charginogluino 1100 2000 L3DY1T0STVBZV 0.000670407 3.15133e-05 2.93171e-05 3.60606e-06 1.09814e-05 0 0 3.90402e-09
scan charginogluino 1100 2000 L3DY1T0STVAZV 0 1.1536e-08 1.1536e-08 0 0 0 0 0
scan charginogluino 1100 2000 L3DY1T0ZV 0 1.1536e-08 1.1536e-08 0 0 0 0 0
scan charginogluino 1100 2000 L3DY1T0STVB 6.87936e-05 9.99802e-06 9.5232e-06 5.23363e-07 2.99918e-06 0 0 1.00735e-09
scan charginogluino 1100 2000 L3DY1T0STVA 0 1.1536e-08 1.1536e-08 0 0 0 0 0
scan charginogluino 1100 2000 L3DY1T0 0 1.1536e-08 1.1536e-08 0 0 0 0 0
scan charginogluino 1100 2000 L3DY1T1STVBZV 0.000333298 1.90071e-05 1.86972e-05 1.21445e-06 2.66928e-06 1.03282e-06 1.40324e-06 2.21831e-07
scan charginogluino 1100 2000 L3DY1T1STVAZV 9.1611e-06 3.37653e-06 3.37509e-06 3.60138e-08 4.73202e-08 5.83895e-08 5.27806e-08 2.8041e-09
scan charginogluino 1100 2000 L3DY1T1ZV 0 1.1536e-08 1.1536e-08 0 0 0 0 0
scan charginogluino 1100 2000 L3DY1T1STVB 2.93882e-05 7.349e-06 7.33176e-06 1.02913e-07 4.72033e-07 7.63657e-08 1.15772e-07 1.88758e-08
scan charginogluino 1100 2000 L3DY1T1STVA 0 1.1536e-08 1.1536e-08 0 0 0 0 0
scan charginogluino 1100 2000 L3DY1T1 0 1.1536e-08 1.1536e-08 0 0 0 0 0
