model hrpv
parameter hrpv 4
parameter kFactorProcessWeighted true
scan charginogluino 1200 700 LOXSEC 0.1072
scan charginogluino 1200 700 L4DY0T0STVB 0 2.39706e-07 2.39706e-07 0 0 0 0 0
scan charginogluino 1200 700 L4DY0T0STVA 0 2.39706e-07 2.39706e-07 0 0 0 0 0
scan charginogluino 1200 700 L4DY0T0 0 2.39706e-07 2.39706e-07 0 0 0 0 0
scan charginogluino 1200 700 L4DY0T1STVB 7.36257e-05 5.4102e-05 5.2062e-05 2.24272e-07 1.4713e-05 2.24143e-07 0 3.44459e-11
scan charginogluino 1200 700 L4DY0T1STVA 0 3.03207e-07 3.03207e-07 0 0 0 0 0
scan charginogluino 1200 700 L4DY0T1 0 3.03207e-07 3.03207e-07 0 0 0 0 0
scan charginogluino 1200 700 L4DY0T2STVB 0.00077686 0.000199865 0.000198597 2.79148e-06 1.82115e-05 3.55694e-06 1.2197e-05 2.12328e-06
scan charginogluino 1200 700 L4DY0T2STVA 0 3.216e-07 3.216e-07 0 0 0 0 0
scan charginogluino 1200 700 L4DY0T2 0 3.216e-07 3.216e-07 0 0 0 0 0
scan charginogluino 1200 700 L4DY1T0STVBZV 0.000186949 0.000117396 0.000117232 1.63482e-06 5.989e-06 0 0 3.47978e-14
scan charginogluino 1200 700 L4DY1T0STVB 0 2.39706e-07 2.39706e-07 0 0 0 0 0
scan charginogluino 1200 700 L4DY1T0STVAZV 0 2.39706e-07 2.39706e-07 0 0 0 0 0
scan charginogluino 1200 700 L4DY1T0STVA 0 2.39706e-07 2.39706e-07 0 0 0 0 0
scan charginogluino 1200 700 L4DY1T0ZV 0 2.39706e-07 2.39706e-07 0 0 0 0 0
scan charginogluino 1200 700 L4DY1T0 0 2.39706e-07 2.39706e-07 0 0 0 0 0
scan charginogluino 1200 700 L4DY1T1STVBZV 0.00366063 0.000491352 0.000487116 1.66927e-05 5.68278e-05 2.05336e-05 1.46565e-05 3.77664e-09
scan charginogluino 1200 700 L4DY1T1STVB 0.000669113 0.000194566 0.000192199 2.37829e-06 2.9946e-05 2.90867e-06 2.2157e-06 2.8559e-10
scan charginogluino 1200 700 L4DY1T1STVAZV 0 3.03207e-07 3.03207e-07 0 0 0 0 0
scan charginogluino 1200 700 L4DY1T1STVA 0 3.03207e-07 3.03207e-07 0 0 0 0 0
scan charginogluino 1200 700 L4DY1T1ZV 0 3.03207e-07 3.03207e-07 0 0 0 0 0
scan charginogluino 1200 700 L4DY1T1 0 3.03207e-07 3.03207e-07 0 0 0 0 0
scan charginogluino 1200 700 L4DY1T2STVBZV 0.00238429 0.000372613 0.000369871 7.7827e-06 2.01594e-05 1.1923e-05 3.77367e-05 1.69657e-06
scan charginogluino 1200 700 L4DY1T2STVB 0.000132209 7.08244e-05 7.06154e-05 4.9766e-07 4.83372e-06 1.20908e-06 2.02838e-06 6.05081e-07
scan charginogluino 1200 700 L4DY1T2STVAZV 0 2.62585e-07 2.62585e-07 0 0 0 0 0
scan charginogluino 1200 700 L4DY1T2STVA 0 2.62585e-07 2.62585e-07 0 0 0 0 0
scan charginogluino 1200 700 L4DY1T2ZV 0 2.62585e-07 2.62585e-07 0 0 0 0 0
scan charginogluino 1200 700 L4DY1T2 0 2.62585e-07 2.62585e-07 0 0 0 0 0
scan charginogluino 1200 700 L4DY2T0 0 1.85676e-07 1.85676e-07 0 0 0 0 0
scan charginogluino 1200 700 L4DY2T0ZV 0 1.85676e-07 1.85676e-07 0 0 0 0 0
scan charginogluino 1200 700 L4DY2T0STVAZV 0 1.85676e-07 1.85676e-07 0 0 0 0 0
scan charginogluino 1200 700 L4DY2T0STVA 0 1.85676e-07 1.85676e-07 0 0 0 0 0
scan charginogluino 1200 700 L4DY2T0STVB 0.000496895 0.000151551 0.000151058 3.4072e-06 1.17314e-05 0 0 1.609e-11
scan charginogluino 1200 700 L4DY2T0STVBZV 0.00800715 0.000894807 0.000887255 6.94175e-05 9.29451e-05 0 0 5.65957e-13
scan charginogluino 1200 700 L3DY0T0STVB 3.21969e-05 3.24476e-05 3.21975e-05 1.96249e-07 4.01593e-06 0 0 4.60901e-11
scan charginogluino 1200 700 L3DY0T0STVA 0 2.144e-07 2.144e-07 0 0 0 0 0
scan charginogluino 1200 700 L3DY0T0 0 2.144e-07 2.144e-07 0 0 0 0 0
scan charginogluino 1200 700 L3DY0T1STVB 0.00345307 0.000459211 0.000451211 9.78236e-06 8.28701e-05 9.35859e-06 1.43188e-05 5.20443e-06
scan charginogluino 1200 700 L3DY0T1STVA 0 3.03207e-07 3.03207e-07 0 0 0 0 0
scan charginogluino 1200 700 L3DY0T1 0 3.03207e-07 3.03207e-07 0 0 0 0 0
scan charginogluino 1200 700 L3DY0T2STVB 0.00361455 0.000441783 0.000437537 4.5741e-06 1.52285e-05 1.70371e-05 4.62508e-05 3.2419e-05
scan charginogluino 1200 700 L3DY0T2STVA 2.97163e-05 2.97193e-05 2.97176e-05 9.0467e-08 0 1.82515e-07 0 2.39096e-07
scan charginogluino 1200 700 L3DY0T2 0 3.03207e-07 3.03207e-07 0 0 0 0 0
scan charginogluino 1200 700 L3DY1T0STVBZV 0.00969846 0.000757974 0.000745076 5.49607e-05 0.00012793 0 0 2.6769e-08
scan charginogluino 1200 700 L3DY1T0STVAZV 0 2.144e-07 2.144e-07 0 0 0 0 0
scan charginogluino 1200 700 L3DY1T0ZV 0 2.144e-07 2.144e-07 0 0 0 0 0
scan charginogluino 1200 700 L3DY1T0STVB 0.000820323 0.000204205 0.000203316 7.59701e-06 1.74504e-05 0 0 1.93568e-08
scan charginogluino 1200 700 L3DY1T0STVA 0 2.144e-07 2.144e-07 0 0 0 0 0
scan charginogluino 1200 700 L3DY1T0 0 2.144e-07 2.144e-07 0 0 0 0 0
scan charginogluino 1200 700 L3DY1T1STVBZV 0.0112989 0.00089251 0.000873896 4.80417e-05 0.000126973 3.94631e-05 0.000113193 8.93225e-06
scan charginogluino 1200 700 L3DY1T1STVAZV 3.10432e-05 3.10519e-05 3.10438e-05 1.89217e-07 0 0 6.83988e-07 9.98302e-09
scan charginogluino 1200 700 L3DY1T1ZV 0 2.144e-07 2.144e-07 0 0 0 0 0
scan charginogluino 1200 700 L3DY1T1STVB 0.0029709 0.00104347 0.00104322 1.68122e-05 4.58768e-06 1.10606e-05 1.02166e-05 1.47454e-06
scan charginogluino 1200 700 L3DY1T1STVA 0 2.144e-07 2.144e-07 0 0 0 0 0
scan charginogluino 1200 700 L3DY1T1 0 2.144e-07 2.144e-07 0 0 0 0 0
