model hrpv
parameter hrpv 4
parameter kFactorProcessWeighted true
scan charginogluino 1600 900 LOXSEC 0.01216
scan charginogluino 1600 900 L4DY0T0STVB 0 2.71906e-08 2.71906e-08 0 0 0 0 0
scan charginogluino 1600 900 L4DY0T0STVA 0 2.71906e-08 2.71906e-08 0 0 0 0 0
scan charginogluino 1600 900 L4DY0T0 0 2.71906e-08 2.71906e-08 0 0 0 0 0
scan charginogluino 1600 900 L4DY0T1STVB 0 3.43937e-08 3.43937e-08 0 0 0 0 0
scan charginogluino 1600 900 L4DY0T1STVA 0 3.43937e-08 3.43937e-08 0 0 0 0 0
scan charginogluino 1600 900 L4DY0T1 0 3.43937e-08 3.43937e-08 0 0 0 0 0
scan charginogluino 1600 900 L4DY0T2STVB 0.000133386 3.84056e-05 3.8058e-05 3.73718e-07 4.69713e-06 1.03403e-06 1.78846e-06 3.2634e-07
scan charginogluino 1600 900 L4DY0T2STVA 0 3.648e-08 3.648e-08 0 0 0 0 0
scan charginogluino 1600 900 L4DY0T2 0 3.648e-08 3.648e-08 0 0 0 0 0
scan charginogluino 1600 900 L4DY1T0STVBZV 0.000100766 5.85319e-05 5.43669e-05 8.09238e-07 2.16697e-05 0 0 5.65877e-15
scan charginogluino 1600 900 L4DY1T0STVB 1.39919e-05 8.08109e-06 8.07828e-06 1.87534e-07 1.01017e-07 0 0 2.00259e-15
scan charginogluino 1600 900 L4DY1T0STVAZV 0 2.71906e-08 2.71906e-08 0 0 0 0 0
scan charginogluino 1600 900 L4DY1T0STVA 0 2.71906e-08 2.71906e-08 0 0 0 0 0
scan charginogluino 1600 900 L4DY1T0ZV 0 2.71906e-08 2.71906e-08 0 0 0 0 0
scan charginogluino 1600 900 L4DY1T0 0 2.71906e-08 2.71906e-08 0 0 0 0 0
scan charginogluino 1600 900 L4DY1T1STVBZV 0.000887741 8.66276e-05 8.51554e-05 4.83755e-06 1.38787e-05 2.43731e-06 5.56304e-06 4.73767e-09
scan charginogluino 1600 900 L4DY1T1STVB 8.55108e-05 2.60899e-05 2.5693e-05 8.18598e-07 4.43245e-06 3.17913e-07 3.64345e-07 1.00648e-09
scan charginogluino 1600 900 L4DY1T1STVAZV 0 3.43937e-08 3.43937e-08 0 0 0 0 0
scan charginogluino 1600 900 L4DY1T1STVA 0 3.43937e-08 3.43937e-08 0 0 0 0 0
scan charginogluino 1600 900 L4DY1T1ZV 0 3.43937e-08 3.43937e-08 0 0 0 0 0
scan charginogluino 1600 900 L4DY1T1 0 3.43937e-08 3.43937e-08 0 0 0 0 0
scan charginogluino 1600 900 L4DY1T2STVBZV 0.0004273 5.8898e-05 5.86226e-05 1.68674e-06 3.23893e-06 2.62155e-06 3.47583e-06 2.69169e-07
scan charginogluino 1600 900 L4DY1T2STVB 1.52357e-05 1.09759e-05 1.09746e-05 3.74143e-08 1.31568e-07 9.28657e-08 0 2.32801e-09
scan charginogluino 1600 900 L4DY1T2STVAZV 0 2.97858e-08 2.97858e-08 0 0 0 0 0
scan charginogluino 1600 900 L4DY1T2STVA 0 2.97858e-08 2.97858e-08 0 0 0 0 0
scan charginogluino 1600 900 L4DY1T2ZV 0 2.97858e-08 2.97858e-08 0 0 0 0 0
scan charginogluino 1600 900 L4DY1T2 0 2.97858e-08 2.97858e-08 0 0 0 0 0
scan charginogluino 1600 900 L4DY2T0 0 2.10617e-08 2.10617e-08 0 0 0 0 0
scan charginogluino 1600 900 L4DY2T0ZV 0 2.10617e-08 2.10617e-08 0 0 0 0 0
scan charginogluino 1600 900 L4DY2T0STVAZV 0 2.10617e-08 2.10617e-08 0 0 0 0 0
scan charginogluino 1600 900 L4DY2T0STVA 0 2.10617e-08 2.10617e-08 0 0 0 0 0
scan charginogluino 1600 900 L4DY2T0STVB 0.00019632 4.17589e-05 4.15545e-05 1.33174e-06 3.90619e-06 0 0 1.01922e-14
scan charginogluino 1600 900 L4DY2T0STVBZV 0.000624114 6.44784e-05 6.38869e-05 4.7813e-06 7.28449e-06 0 0 1.97312e-14
scan charginogluino 1600 900 L3DY0T0STVB 1.50409e-05 1.14354e-05 1.06355e-05 4.57898e-08 4.20151e-06 0 0 2.08664e-11
scan charginogluino 1600 900 L3DY0T0STVA 0 2.432e-08 2.432e-08 0 0 0 0 0
scan charginogluino 1600 900 L3DY0T0 0 2.432e-08 2.432e-08 0 0 0 0 0
scan charginogluino 1600 900 L3DY0T1STVB 0.000564636 6.62827e-05 6.56946e-05 1.67079e-06 8.03037e-06 1.87644e-06 2.43828e-06 9.31347e-07
scan charginogluino 1600 900 L3DY0T1STVA 0 3.43937e-08 3.43937e-08 0 0 0 0 0
scan charginogluino 1600 900 L3DY0T1 0 3.43937e-08 3.43937e-08 0 0 0 0 0
scan charginogluino 1600 900 L3DY0T2STVB 0.000481479 5.23264e-05 5.17529e-05 6.03201e-07 2.04297e-06 2.75328e-06 5.3749e-06 4.32156e-06
scan charginogluino 1600 900 L3DY0T2STVA 6.91282e-06 5.55998e-06 5.55858e-06 1.62194e-08 1.14292e-08 1.02919e-07 3.49257e-08 5.81244e-08
scan charginogluino 1600 900 L3DY0T2 0 3.43937e-08 3.43937e-08 0 0 0 0 0
scan charginogluino 1600 900 L3DY1T0STVBZV 0.00157306 0.000114396 0.000108001 9.46949e-06 3.65041e-05 0 0 7.51913e-09
scan charginogluino 1600 900 L3DY1T0STVAZV 0 2.432e-08 2.432e-08 0 0 0 0 0
scan charginogluino 1600 900 L3DY1T0ZV 0 2.432e-08 2.432e-08 0 0 0 0 0
scan charginogluino 1600 900 L3DY1T0STVB 0.000217716 4.46784e-05 4.46204e-05 1.45733e-06 1.74892e-06 0 0 2.03934e-10
scan charginogluino 1600 900 L3DY1T0STVA 0 2.432e-08 2.432e-08 0 0 0 0 0
scan charginogluino 1600 900 L3DY1T0 0 2.432e-08 2.432e-08 0 0 0 0 0
scan charginogluino 1600 900 L3DY1T1STVBZV 0.00145317 0.000105244 0.000103836 5.32194e-06 1.26751e-05 5.75088e-06 8.45777e-06 9.35479e-07
scan charginogluino 1600 900 L3DY1T1STVAZV 7.42287e-06 5.72324e-06 5.72073e-06 3.39408e-08 2.68196e-08 0 1.63551e-07 2.37597e-09
scan charginogluino 1600 900 L3DY1T1ZV 0 2.432e-08 2.432e-08 0 0 0 0 0
scan charginogluino 1600 900 L3DY1T1STVB 3.16093e-05 1.30125e-05 1.29976e-05 1.07064e-07 6.0517e-07 9.62331e-08 0 2.63808e-08
scan charginogluino 1600 900 L3DY1T1STVA 5.96256e-06 3.9601e-06 3.95651e-06 1.15003e-07 0 1.20335e-09 1.22667e-07 1.36632e-08
scan charginogluino 1600 900 L3DY1T1 0 2.432e-08 2.432e-08 0 0 0 0 0
