model hrpv
parameter hrpv 4
parameter kFactorProcessWeighted true
scan charginogluino 2300 2400 LOXSEC 0.001139
scan charginogluino 2300 2400 L4DY0T0STVB 0 2.54688e-09 2.54688e-09 0 0 0 0 0
scan charginogluino 2300 2400 L4DY0T0STVA 0 2.54688e-09 2.54688e-09 0 0 0 0 0
scan charginogluino 2300 2400 L4DY0T0 0 2.54688e-09 2.54688e-09 0 0 0 0 0
scan charginogluino 2300 2400 L4DY0T1STVB 0 3.22158e-09 3.22158e-09 0 0 0 0 0
scan charginogluino 2300 2400 L4DY0T1STVA 0 3.22158e-09 3.22158e-09 0 0 0 0 0
scan charginogluino 2300 2400 L4DY0T1 0 3.22158e-09 3.22158e-09 0 0 0 0 0
scan charginogluino 2300 2400 L4DY0T2STVB 0 3.417e-09 3.417e-09 0 0 0 0 0
scan charginogluino 2300 2400 L4DY0T2STVA 0 3.417e-09 3.417e-09 0 0 0 0 0
scan charginogluino 2300 2400 L4DY0T2 0 3.417e-09 3.417e-09 0 0 0 0 0
scan charginogluino 2300 2400 L4DY1T0STVBZV 0 2.54688e-09 2.54688e-09 0 0 0 0 0
scan charginogluino 2300 2400 L4DY1T0STVB 0 2.54688e-09 2.54688e-09 0 0 0 0 0
scan charginogluino 2300 2400 L4DY1T0STVAZV 0 2.54688e-09 2.54688e-09 0 0 0 0 0
scan charginogluino 2300 2400 L4DY1T0STVA 0 2.54688e-09 2.54688e-09 0 0 0 0 0
scan charginogluino 2300 2400 L4DY1T0ZV 0 2.54688e-09 2.54688e-09 0 0 0 0 0
scan charginogluino 2300 2400 L4DY1T0 0 2.54688e-09 2.54688e-09 0 0 0 0 0
scan charginogluino 2300 2400 L4DY1T1STVBZV 7.63065e-07 5.39925e-07 5.39577e-07 0 1.92614e-08 2.32304e-09 0 3.89762e-14
scan charginogluino 2300 2400 L4DY1T1STVB 0 3.22158e-09 3.22158e-09 0 0 0 0 0
scan charginogluino 2300 2400 L4DY1T1STVAZV 0 3.22158e-09 3.22158e-09 0 0 0 0 0
scan charginogluino 2300 2400 L4DY1T1STVA 0 3.22158e-09 3.22158e-09 0 0 0 0 0
scan charginogluino 2300 2400 L4DY1T1ZV 0 3.22158e-09 3.22158e-09 0 0 0 0 0
scan charginogluino 2300 2400 L4DY1T1 0 3.22158e-09 3.22158e-09 0 0 0 0 0
scan charginogluino 2300 2400 L4DY1T2STVBZV 9.34329e-07 4.19808e-07 4.1918e-07 4.99934e-09 1.65054e-09 1.03294e-08 1.9825e-08 2.68205e-10
scan charginogluino 2300 2400 L4DY1T2STVB 2.95933e-07 2.95956e-07 2.95944e-07 1.81749e-09 0 1.80379e-09 0 7.1952e-10
scan charginogluino 2300 2400 L4DY1T2STVAZV 1.17998e-06 6.84419e-07 6.6927e-07 1.72406e-09 1.38696e-07 7.73693e-09 3.37511e-08 8.24663e-09
scan charginogluino 2300 2400 L4DY1T2STVA 0 2.78997e-09 2.78997e-09 0 0 0 0 0
scan charginogluino 2300 2400 L4DY1T2ZV 0 2.78997e-09 2.78997e-09 0 0 0 0 0
scan charginogluino 2300 2400 L4DY1T2 0 2.78997e-09 2.78997e-09 0 0 0 0 0
scan charginogluino 2300 2400 L4DY2T0 0 1.97281e-09 1.97281e-09 0 0 0 0 0
scan charginogluino 2300 2400 L4DY2T0ZV 0 1.97281e-09 1.97281e-09 0 0 0 0 0
scan charginogluino 2300 2400 L4DY2T0STVAZV 0 1.97281e-09 1.97281e-09 0 0 0 0 0
scan charginogluino 2300 2400 L4DY2T0STVA 0 1.97281e-09 1.97281e-09 0 0 0 0 0
scan charginogluino 2300 2400 L4DY2T0STVB 0 1.97281e-09 1.97281e-09 0 0 0 0 0
scan charginogluino 2300 2400 L4DY2T0STVBZV 0 1.97281e-09 1.97281e-09 0 0 0 0 0
scan charginogluino 2300 2400 L3DY0T0STVB 0 2.278e-09 2.278e-09 0 0 0 0 0
scan charginogluino 2300 2400 L3DY0T0STVA 0 2.278e-09 2.278e-09 0 0 0 0 0
scan charginogluino 2300 2400 L3DY0T0 0 2.278e-09 2.278e-09 0 0 0 0 0
scan charginogluino 2300 2400 L3DY0T1STVB 3.02547e-07 2.94379e-07 2.94215e-07 0 9.76519e-09 8.95286e-10 1.86559e-10 1.79189e-10
scan charginogluino 2300 2400 L3DY0T1STVA 9.74085e-07 5.73885e-07 5.68746e-07 2.96546e-09 7.60031e-08 1.76683e-09 8.67897e-09 2.807e-09
scan charginogluino 2300 2400 L3DY0T1 0 3.22158e-09 3.22158e-09 0 0 0 0 0
scan charginogluino 2300 2400 L3DY0T2STVB 2.8586e-06 8.08498e-07 8.05938e-07 3.0861e-09 1.33021e-08 1.45893e-08 5.53281e-08 2.59146e-08
scan charginogluino 2300 2400 L3DY0T2STVA 1.81317e-06 5.39935e-07 5.38427e-07 2.65056e-09 6.79583e-09 1.48647e-08 3.30654e-08 1.60776e-08
scan charginogluino 2300 2400 L3DY0T2 0 3.22158e-09 3.22158e-09 0 0 0 0 0
scan charginogluino 2300 2400 L3DY1T0STVBZV 4.18956e-07 2.9628e-07 2.96253e-07 2.55365e-09 3.02078e-09 0 0 3.93762e-14
scan charginogluino 2300 2400 L3DY1T0STVAZV 0 2.278e-09 2.278e-09 0 0 0 0 0
scan charginogluino 2300 2400 L3DY1T0ZV 0 2.278e-09 2.278e-09 0 0 0 0 0
scan charginogluino 2300 2400 L3DY1T0STVB 0 2.278e-09 2.278e-09 0 0 0 0 0
scan charginogluino 2300 2400 L3DY1T0STVA 0 2.278e-09 2.278e-09 0 0 0 0 0
scan charginogluino 2300 2400 L3DY1T0 0 2.278e-09 2.278e-09 0 0 0 0 0
scan charginogluino 2300 2400 L3DY1T1STVBZV 2.33777e-05 2.19361e-06 2.16514e-06 9.19782e-08 1.54634e-07 1.02429e-07 2.84705e-07 1.37324e-08
scan charginogluino 2300 2400 L3DY1T1STVAZV 1.49231e-05 1.94358e-06 1.92122e-06 5.40434e-08 1.78037e-07 5.30118e-08 2.20679e-07 1.68835e-08
scan charginogluino 2300 2400 L3DY1T1ZV 0 2.278e-09 2.278e-09 0 0 0 0 0
scan charginogluino 2300 2400 L3DY1T1STVB 1.48517e-06 6.12864e-07 6.11372e-07 7.89282e-09 3.04626e-08 5.50398e-10 2.87398e-08 3.1058e-09
scan charginogluino 2300 2400 L3DY1T1STVA 1.33853e-06 6.18703e-07 6.18163e-07 5.68603e-09 1.32195e-08 6.15757e-09 2.05541e-08 5.40257e-10
scan charginogluino 2300 2400 L3DY1T1 0 2.278e-09 2.278e-09 0 0 0 0 0
