model hrpv
parameter hrpv 4
parameter kFactorProcessWeighted true
scan charginogluino 1500 1300 LOXSEC 0.002237
scan charginogluino 1500 1300 L4DY0T0STVB 0 5.00208e-09 5.00208e-09 0 0 0 0 0
scan charginogluino 1500 1300 L4DY0T0STVA 0 5.00208e-09 5.00208e-09 0 0 0 0 0
scan charginogluino 1500 1300 L4DY0T0 0 5.00208e-09 5.00208e-09 0 0 0 0 0
scan charginogluino 1500 1300 L4DY0T1STVB 6.18072e-06 3.6695e-06 3.65739e-06 1.97617e-08 2.95767e-07 1.53631e-08 2.49926e-08 4.75507e-12
scan charginogluino 1500 1300 L4DY0T1STVA 0 6.32719e-09 6.32719e-09 0 0 0 0 0
scan charginogluino 1500 1300 L4DY0T1 0 6.32719e-09 6.32719e-09 0 0 0 0 0
scan charginogluino 1500 1300 L4DY0T2STVB 3.36918e-05 7.82977e-06 7.80007e-06 3.01362e-07 5.06934e-07 3.09685e-07 1.14206e-07 8.61835e-08
scan charginogluino 1500 1300 L4DY0T2STVA 0 6.711e-09 6.711e-09 0 0 0 0 0
scan charginogluino 1500 1300 L4DY0T2 0 6.711e-09 6.711e-09 0 0 0 0 0
scan charginogluino 1500 1300 L4DY1T0STVBZV 6.00967e-06 1.98211e-06 1.96738e-06 3.91356e-08 2.38053e-07 0 0 1.72651e-15
scan charginogluino 1500 1300 L4DY1T0STVB 2.14452e-06 1.2693e-06 1.26889e-06 3.04027e-08 1.06204e-08 0 0 3.01435e-16
scan charginogluino 1500 1300 L4DY1T0STVAZV 0 5.00208e-09 5.00208e-09 0 0 0 0 0
scan charginogluino 1500 1300 L4DY1T0STVA 0 5.00208e-09 5.00208e-09 0 0 0 0 0
scan charginogluino 1500 1300 L4DY1T0ZV 0 5.00208e-09 5.00208e-09 0 0 0 0 0
scan charginogluino 1500 1300 L4DY1T0 0 5.00208e-09 5.00208e-09 0 0 0 0 0
scan charginogluino 1500 1300 L4DY1T1STVBZV 6.412e-05 7.99145e-06 7.78625e-06 3.49869e-07 1.73731e-06 1.89038e-07 2.47647e-07 4.44619e-11
scan charginogluino 1500 1300 L4DY1T1STVB 9.0456e-06 3.84328e-06 3.83751e-06 3.05601e-09 1.89885e-07 9.11643e-08 0 3.96725e-13
scan charginogluino 1500 1300 L4DY1T1STVAZV 0 6.32719e-09 6.32719e-09 0 0 0 0 0
scan charginogluino 1500 1300 L4DY1T1STVA 0 6.32719e-09 6.32719e-09 0 0 0 0 0
scan charginogluino 1500 1300 L4DY1T1ZV 0 6.32719e-09 6.32719e-09 0 0 0 0 0
scan charginogluino 1500 1300 L4DY1T1 0 6.32719e-09 6.32719e-09 0 0 0 0 0
scan charginogluino 1500 1300 L4DY1T2STVBZV 2.11425e-05 4.1967e-06 4.17811e-06 8.94209e-08 2.60533e-07 1.23232e-07 2.53585e-07 1.90901e-08
scan charginogluino 1500 1300 L4DY1T2STVB 2.68234e-06 1.20005e-06 1.1996e-06 9.77836e-09 1.55916e-08 1.30632e-08 2.37539e-08 5.26535e-09
scan charginogluino 1500 1300 L4DY1T2STVAZV 6.6023e-08 6.62638e-08 6.62122e-08 0 9.56628e-10 1.85538e-09 1.45471e-09 6.00209e-10
scan charginogluino 1500 1300 L4DY1T2STVA 0 5.47951e-09 5.47951e-09 0 0 0 0 0
scan charginogluino 1500 1300 L4DY1T2ZV 0 5.47951e-09 5.47951e-09 0 0 0 0 0
scan charginogluino 1500 1300 L4DY1T2 0 5.47951e-09 5.47951e-09 0 0 0 0 0
scan charginogluino 1500 1300 L4DY2T0 0 3.8746e-09 3.8746e-09 0 0 0 0 0
scan charginogluino 1500 1300 L4DY2T0ZV 0 3.8746e-09 3.8746e-09 0 0 0 0 0
scan charginogluino 1500 1300 L4DY2T0STVAZV 0 3.8746e-09 3.8746e-09 0 0 0 0 0
scan charginogluino 1500 1300 L4DY2T0STVA 0 3.8746e-09 3.8746e-09 0 0 0 0 0
scan charginogluino 1500 1300 L4DY2T0STVB 8.01876e-06 3.07828e-06 3.05969e-06 8.70195e-08 3.26453e-07 0 0 6.57233e-16
scan charginogluino 1500 1300 L4DY2T0STVBZV 4.56233e-05 6.1068e-06 6.06144e-06 3.6491e-07 6.4711e-07 0 0 1.2203e-15
scan charginogluino 1500 1300 L3DY0T0STVB 7.81575e-06 4.22181e-06 4.18012e-06 3.40352e-08 5.90836e-07 0 0 5.83589e-12
scan charginogluino 1500 1300 L3DY0T0STVA 0 4.474e-09 4.474e-09 0 0 0 0 0
scan charginogluino 1500 1300 L3DY0T0 0 4.474e-09 4.474e-09 0 0 0 0 0
scan charginogluino 1500 1300 L3DY0T1STVB 5.49384e-05 7.59842e-06 7.45188e-06 2.07225e-07 1.44032e-06 1.33454e-07 2.50236e-07 8.75997e-08
scan charginogluino 1500 1300 L3DY0T1STVA 4.67481e-07 4.00497e-07 4.00377e-07 1.42318e-09 4.16185e-09 2.25436e-10 8.66864e-09 1.34713e-09
scan charginogluino 1500 1300 L3DY0T1 0 6.32719e-09 6.32719e-09 0 0 0 0 0
scan charginogluino 1500 1300 L3DY0T2STVB 0.000216474 3.13579e-05 3.10442e-05 2.486e-07 9.72049e-07 9.03131e-07 3.73249e-06 1.95471e-06
scan charginogluino 1500 1300 L3DY0T2STVA 2.34616e-06 7.86917e-07 7.85799e-07 8.04399e-10 1.50113e-08 1.63058e-08 2.78534e-08 2.2166e-08
scan charginogluino 1500 1300 L3DY0T2 0 6.32719e-09 6.32719e-09 0 0 0 0 0
scan charginogluino 1500 1300 L3DY1T0STVBZV 0.000197927 1.51012e-05 1.48836e-05 1.07351e-06 2.31828e-06 0 0 1.38079e-10
scan charginogluino 1500 1300 L3DY1T0STVAZV 0 4.474e-09 4.474e-09 0 0 0 0 0
scan charginogluino 1500 1300 L3DY1T0ZV 0 4.474e-09 4.474e-09 0 0 0 0 0
scan charginogluino 1500 1300 L3DY1T0STVB 2.32409e-05 6.22708e-06 6.11036e-06 6.7806e-08 1.19811e-06 0 0 1.40074e-11
scan charginogluino 1500 1300 L3DY1T0STVA 0 4.474e-09 4.474e-09 0 0 0 0 0
scan charginogluino 1500 1300 L3DY1T0 0 4.474e-09 4.474e-09 0 0 0 0 0
scan charginogluino 1500 1300 L3DY1T1STVBZV 0.000143523 1.16476e-05 1.15606e-05 6.75552e-07 8.0974e-07 5.48612e-07 7.76469e-07 6.78557e-08
scan charginogluino 1500 1300 L3DY1T1STVAZV 9.65089e-06 1.81585e-06 1.7997e-06 2.03262e-08 1.91094e-07 2.59579e-08 1.43519e-07 1.39911e-08
scan charginogluino 1500 1300 L3DY1T1ZV 0 4.474e-09 4.474e-09 0 0 0 0 0
scan charginogluino 1500 1300 L3DY1T1STVB 8.26331e-06 3.39319e-06 3.39244e-06 3.11567e-08 4.76281e-08 3.35875e-08 2.56385e-08 6.51489e-09
scan charginogluino 1500 1300 L3DY1T1STVA 4.05212e-07 2.86704e-07 2.86555e-07 2.46988e-09 0 0 8.92822e-09 1.3031e-10
scan charginogluino 1500 1300 L3DY1T1 0 4.474e-09 4.474e-09 0 0 0 0 0
