model hrpv
parameter hrpv 4
parameter kFactorProcessWeighted true
scan charginogluino 1800 2400 LOXSEC 0.001162
scan charginogluino 1800 2400 L4DY0T0STVB 0 2.59831e-09 2.59831e-09 0 0 0 0 0
scan charginogluino 1800 2400 L4DY0T0STVA 0 2.59831e-09 2.59831e-09 0 0 0 0 0
scan charginogluino 1800 2400 L4DY0T0 0 2.59831e-09 2.59831e-09 0 0 0 0 0
scan charginogluino 1800 2400 L4DY0T1STVB 0 3.28663e-09 3.28663e-09 0 0 0 0 0
scan charginogluino 1800 2400 L4DY0T1STVA 0 3.28663e-09 3.28663e-09 0 0 0 0 0
scan charginogluino 1800 2400 L4DY0T1 0 3.28663e-09 3.28663e-09 0 0 0 0 0
scan charginogluino 1800 2400 L4DY0T2STVB 3.13721e-07 3.13821e-07 3.13738e-07 9.55078e-10 2.26201e-09 6.80333e-09 0 5.97679e-11
scan charginogluino 1800 2400 L4DY0T2STVA 0 3.486e-09 3.486e-09 0 0 0 0 0
scan charginogluino 1800 2400 L4DY0T2 0 3.486e-09 3.486e-09 0 0 0 0 0
scan charginogluino 1800 2400 L4DY1T0STVBZV 0 2.59831e-09 2.59831e-09 0 0 0 0 0
scan charginogluino 1800 2400 L4DY1T0STVB 0 2.59831e-09 2.59831e-09 0 0 0 0 0
scan charginogluino 1800 2400 L4DY1T0STVAZV 0 2.59831e-09 2.59831e-09 0 0 0 0 0
scan charginogluino 1800 2400 L4DY1T0STVA 0 2.59831e-09 2.59831e-09 0 0 0 0 0
scan charginogluino 1800 2400 L4DY1T0ZV 0 2.59831e-09 2.59831e-09 0 0 0 0 0
scan charginogluino 1800 2400 L4DY1T0 0 2.59831e-09 2.59831e-09 0 0 0 0 0
scan charginogluino 1800 2400 L4DY1T1STVBZV 2.24143e-06 8.84673e-07 8.79903e-07 9.7271e-09 9.0546e-08 5.59289e-09 9.59674e-09 1.79624e-13
scan charginogluino 1800 2400 L4DY1T1STVB 2.29203e-07 2.29229e-07 2.29223e-07 1.39705e-09 0 6.97775e-10 0 2.1542e-14
scan charginogluino 1800 2400 L4DY1T1STVAZV 0 3.28663e-09 3.28663e-09 0 0 0 0 0
scan charginogluino 1800 2400 L4DY1T1STVA 0 3.28663e-09 3.28663e-09 0 0 0 0 0
scan charginogluino 1800 2400 L4DY1T1ZV 0 3.28663e-09 3.28663e-09 0 0 0 0 0
scan charginogluino 1800 2400 L4DY1T1 0 3.28663e-09 3.28663e-09 0 0 0 0 0
scan charginogluino 1800 2400 L4DY1T2STVBZV 8.769e-07 4.26687e-07 4.26225e-07 1.91486e-09 8.23118e-09 3.04716e-09 1.76959e-08 1.83722e-10
scan charginogluino 1800 2400 L4DY1T2STVB 0 2.84631e-09 2.84631e-09 0 0 0 0 0
scan charginogluino 1800 2400 L4DY1T2STVAZV 1.9181e-07 1.8421e-07 1.84127e-07 0 2.77502e-09 5.59992e-10 4.43859e-09 1.67688e-09
scan charginogluino 1800 2400 L4DY1T2STVA 0 2.84631e-09 2.84631e-09 0 0 0 0 0
scan charginogluino 1800 2400 L4DY1T2ZV 0 2.84631e-09 2.84631e-09 0 0 0 0 0
scan charginogluino 1800 2400 L4DY1T2 0 2.84631e-09 2.84631e-09 0 0 0 0 0
scan charginogluino 1800 2400 L4DY2T0 0 2.01264e-09 2.01264e-09 0 0 0 0 0
scan charginogluino 1800 2400 L4DY2T0ZV 0 2.01264e-09 2.01264e-09 0 0 0 0 0
scan charginogluino 1800 2400 L4DY2T0STVAZV 0 2.01264e-09 2.01264e-09 0 0 0 0 0
scan charginogluino 1800 2400 L4DY2T0STVA 0 2.01264e-09 2.01264e-09 0 0 0 0 0
scan charginogluino 1800 2400 L4DY2T0STVB 0 2.01264e-09 2.01264e-09 0 0 0 0 0
scan charginogluino 1800 2400 L4DY2T0STVBZV 1.04517e-06 5.76252e-07 5.76034e-07 6.68549e-09 1.43715e-08 0 0 2.27298e-18
scan charginogluino 1800 2400 L3DY0T0STVB 0 2.324e-09 2.324e-09 0 0 0 0 0
scan charginogluino 1800 2400 L3DY0T0STVA 0 2.324e-09 2.324e-09 0 0 0 0 0
scan charginogluino 1800 2400 L3DY0T0 0 2.324e-09 2.324e-09 0 0 0 0 0
scan charginogluino 1800 2400 L3DY0T1STVB 6.97552e-06 3.79603e-06 3.79497e-06 3.81572e-08 7.74004e-08 2.06324e-08 1.29718e-08 4.72006e-09
scan charginogluino 1800 2400 L3DY0T1STVA 3.29639e-07 2.33425e-07 2.3311e-07 1.02248e-09 8.68324e-09 0 7.26307e-09 4.22472e-09
scan charginogluino 1800 2400 L3DY0T1 1.7978e-07 1.88536e-07 1.79806e-07 5.47313e-10 5.65625e-08 0 3.96116e-09 5.18066e-10
scan charginogluino 1800 2400 L3DY0T2STVB 4.46827e-06 9.67518e-07 9.63546e-07 8.61584e-10 2.99216e-08 3.0192e-08 6.36916e-08 4.25071e-08
scan charginogluino 1800 2400 L3DY0T2STVA 2.41141e-06 7.70586e-07 7.68391e-07 3.73339e-09 8.54478e-09 1.60617e-08 5.08042e-08 2.12742e-08
scan charginogluino 1800 2400 L3DY0T2 0 3.28663e-09 3.28663e-09 0 0 0 0 0
scan charginogluino 1800 2400 L3DY1T0STVBZV 2.18258e-06 6.6578e-07 6.6435e-07 1.54224e-08 4.07909e-08 0 0 1.26316e-12
scan charginogluino 1800 2400 L3DY1T0STVAZV 0 2.324e-09 2.324e-09 0 0 0 0 0
scan charginogluino 1800 2400 L3DY1T0ZV 0 2.324e-09 2.324e-09 0 0 0 0 0
scan charginogluino 1800 2400 L3DY1T0STVB 8.40217e-07 4.85165e-07 4.85104e-07 7.6903e-09 0 0 0 3.78729e-13
scan charginogluino 1800 2400 L3DY1T0STVA 0 2.324e-09 2.324e-09 0 0 0 0 0
scan charginogluino 1800 2400 L3DY1T0 0 2.324e-09 2.324e-09 0 0 0 0 0
scan charginogluino 1800 2400 L3DY1T1STVBZV 2.10866e-05 2.10858e-06 2.08419e-06 7.85793e-08 1.81002e-07 1.27131e-07 2.1695e-07 9.2689e-09
scan charginogluino 1800 2400 L3DY1T1STVAZV 8.03605e-06 1.41691e-06 1.41231e-06 3.14227e-08 4.23344e-08 8.23261e-08 5.86688e-08 4.96085e-09
scan charginogluino 1800 2400 L3DY1T1ZV 4.69371e-07 4.69523e-07 4.69375e-07 0 6.78847e-09 9.60307e-09 0 2.77993e-10
scan charginogluino 1800 2400 L3DY1T1STVB 1.41245e-06 5.18083e-07 5.17051e-07 4.78985e-09 3.05253e-08 7.51917e-09 7.37804e-09 1.59411e-09
scan charginogluino 1800 2400 L3DY1T1STVA 1.97905e-07 1.9796e-07 1.97915e-07 1.20628e-09 0 4.04902e-09 0 6.36432e-11
scan charginogluino 1800 2400 L3DY1T1 0 2.324e-09 2.324e-09 0 0 0 0 0
