model hrpv
parameter hrpv 4
parameter kFactorProcessWeighted true
scan charginogluino 1800 2000 LOXSEC 0.001186
scan charginogluino 1800 2000 L4DY0T0STVB 0 2.65198e-09 2.65198e-09 0 0 0 0 0
scan charginogluino 1800 2000 L4DY0T0STVA 0 2.65198e-09 2.65198e-09 0 0 0 0 0
scan charginogluino 1800 2000 L4DY0T0 0 2.65198e-09 2.65198e-09 0 0 0 0 0
scan charginogluino 1800 2000 L4DY0T1STVB 0 3.35451e-09 3.35451e-09 0 0 0 0 0
scan charginogluino 1800 2000 L4DY0T1STVA 0 3.35451e-09 3.35451e-09 0 0 0 0 0
scan charginogluino 1800 2000 L4DY0T1 0 3.35451e-09 3.35451e-09 0 0 0 0 0
scan charginogluino 1800 2000 L4DY0T2STVB 0 3.558e-09 3.558e-09 0 0 0 0 0
scan charginogluino 1800 2000 L4DY0T2STVA 0 3.558e-09 3.558e-09 0 0 0 0 0
scan charginogluino 1800 2000 L4DY0T2 0 3.558e-09 3.558e-09 0 0 0 0 0
scan charginogluino 1800 2000 L4DY1T0STVBZV 0 2.65198e-09 2.65198e-09 0 0 0 0 0
scan charginogluino 1800 2000 L4DY1T0STVB 0 2.65198e-09 2.65198e-09 0 0 0 0 0
scan charginogluino 1800 2000 L4DY1T0STVAZV 0 2.65198e-09 2.65198e-09 0 0 0 0 0
scan charginogluino 1800 2000 L4DY1T0STVA 0 2.65198e-09 2.65198e-09 0 0 0 0 0
scan charginogluino 1800 2000 L4DY1T0ZV 0 2.65198e-09 2.65198e-09 0 0 0 0 0
scan charginogluino 1800 2000 L4DY1T0 0 2.65198e-09 2.65198e-09 0 0 0 0 0
scan charginogluino 1800 2000 L4DY1T1STVBZV 2.15463e-06 9.78402e-07 9.78031e-07 1.58559e-08 1.76011e-08 8.50338e-09 9.69336e-09 1.85998e-12
scan charginogluino 1800 2000 L4DY1T1STVB 9.213e-07 6.5206e-07 6.51465e-07 0 2.77119e-08 2.80477e-09 0 4.99168e-14
scan charginogluino 1800 2000 L4DY1T1STVAZV 1.4037e-07 1.40448e-07 1.40405e-07 9.52096e-10 1.16749e-09 0 3.09284e-09 1.54334e-12
scan charginogluino 1800 2000 L4DY1T1STVA 0 3.35451e-09 3.35451e-09 0 0 0 0 0
scan charginogluino 1800 2000 L4DY1T1ZV 0 3.35451e-09 3.35451e-09 0 0 0 0 0
scan charginogluino 1800 2000 L4DY1T1 0 3.35451e-09 3.35451e-09 0 0 0 0 0
scan charginogluino 1800 2000 L4DY1T2STVBZV 1.62419e-06 6.39735e-07 6.38061e-07 4.83494e-09 1.33587e-08 4.4657e-09 4.37263e-08 2.45155e-09
scan charginogluino 1800 2000 L4DY1T2STVB 0 2.90509e-09 2.90509e-09 0 0 0 0 0
scan charginogluino 1800 2000 L4DY1T2STVAZV 3.66295e-07 2.18887e-07 2.18014e-07 4.80847e-10 7.65304e-09 0 1.79604e-08 1.16073e-10
scan charginogluino 1800 2000 L4DY1T2STVA 0 2.90509e-09 2.90509e-09 0 0 0 0 0
scan charginogluino 1800 2000 L4DY1T2ZV 0 2.90509e-09 2.90509e-09 0 0 0 0 0
scan charginogluino 1800 2000 L4DY1T2 0 2.90509e-09 2.90509e-09 0 0 0 0 0
scan charginogluino 1800 2000 L4DY2T0 0 2.05421e-09 2.05421e-09 0 0 0 0 0
scan charginogluino 1800 2000 L4DY2T0ZV 0 2.05421e-09 2.05421e-09 0 0 0 0 0
scan charginogluino 1800 2000 L4DY2T0STVAZV 0 2.05421e-09 2.05421e-09 0 0 0 0 0
scan charginogluino 1800 2000 L4DY2T0STVA 0 2.05421e-09 2.05421e-09 0 0 0 0 0
scan charginogluino 1800 2000 L4DY2T0STVB 4.86674e-08 4.87121e-08 4.86963e-08 1.0205e-09 7.03833e-10 0 0 4.15138e-20
scan charginogluino 1800 2000 L4DY2T0STVBZV 3.68295e-06 1.31014e-06 1.30832e-06 1.88036e-08 6.63591e-08 0 0 4.12218e-18
scan charginogluino 1800 2000 L3DY0T0STVB 0 2.372e-09 2.372e-09 0 0 0 0 0
scan charginogluino 1800 2000 L3DY0T0STVA 0 2.372e-09 2.372e-09 0 0 0 0 0
scan charginogluino 1800 2000 L3DY0T0 0 2.372e-09 2.372e-09 0 0 0 0 0
scan charginogluino 1800 2000 L3DY0T1STVB 9.09294e-07 5.28204e-07 5.26079e-07 3.60863e-09 4.69261e-08 4.6287e-09 0 1.91508e-09
scan charginogluino 1800 2000 L3DY0T1STVA 1.34198e-07 7.8999e-08 7.78724e-08 1.08439e-09 1.30299e-08 1.1829e-10 2.10177e-09 1.15779e-09
scan charginogluino 1800 2000 L3DY0T1 0 3.35451e-09 3.35451e-09 0 0 0 0 0
scan charginogluino 1800 2000 L3DY0T2STVB 9.65253e-06 2.81345e-06 2.81043e-06 5.7158e-09 5.606e-08 5.71018e-08 4.90287e-08 8.99462e-08
scan charginogluino 1800 2000 L3DY0T2STVA 2.07382e-06 6.08558e-07 6.07757e-07 3.51325e-09 6.63203e-09 2.24547e-08 9.16319e-09 1.81389e-08
scan charginogluino 1800 2000 L3DY0T2 0 3.35451e-09 3.35451e-09 0 0 0 0 0
scan charginogluino 1800 2000 L3DY1T0STVBZV 4.94069e-06 1.15553e-06 1.14511e-06 2.6441e-08 1.52563e-07 0 0 1.38565e-12
scan charginogluino 1800 2000 L3DY1T0STVAZV 1.58963e-07 1.59285e-07 1.58977e-07 0 9.91506e-09 0 0 1.61704e-14
scan charginogluino 1800 2000 L3DY1T0ZV 0 2.372e-09 2.372e-09 0 0 0 0 0
scan charginogluino 1800 2000 L3DY1T0STVB 7.43951e-07 7.78204e-07 7.43954e-07 0 2.2833e-07 0 0 7.56776e-14
scan charginogluino 1800 2000 L3DY1T0STVA 0 2.372e-09 2.372e-09 0 0 0 0 0
scan charginogluino 1800 2000 L3DY1T0 0 2.372e-09 2.372e-09 0 0 0 0 0
scan charginogluino 1800 2000 L3DY1T1STVBZV 2.51689e-05 2.34847e-06 2.31931e-06 7.93569e-08 2.29222e-07 1.2469e-07 2.47363e-07 2.35615e-08
scan charginogluino 1800 2000 L3DY1T1STVAZV 8.42633e-06 1.19903e-06 1.19264e-06 4.04028e-08 5.9738e-08 5.32899e-08 8.49387e-08 4.7582e-09
scan charginogluino 1800 2000 L3DY1T1ZV 0 2.372e-09 2.372e-09 0 0 0 0 0
scan charginogluino 1800 2000 L3DY1T1STVB 8.41335e-07 3.78878e-07 3.7585e-07 2.51512e-09 4.74719e-08 2.21217e-09 3.82266e-09 2.37939e-09
scan charginogluino 1800 2000 L3DY1T1STVA 9.43635e-07 4.73684e-07 4.73282e-07 1.30512e-08 1.2323e-10 7.90109e-09 1.20955e-08 1.28749e-09
scan charginogluino 1800 2000 L3DY1T1 0 2.372e-09 2.372e-09 0 0 0 0 0
