model hrpv
parameter hrpv 4
parameter kFactorProcessWeighted true
scan charginogluino 1500 1100 LOXSEC 0.004002
scan charginogluino 1500 1100 L4DY0T0STVB 0 8.94874e-09 8.94874e-09 0 0 0 0 0
scan charginogluino 1500 1100 L4DY0T0STVA 0 8.94874e-09 8.94874e-09 0 0 0 0 0
scan charginogluino 1500 1100 L4DY0T0 0 8.94874e-09 8.94874e-09 0 0 0 0 0
scan charginogluino 1500 1100 L4DY0T1STVB 9.74133e-07 6.90656e-07 6.88897e-07 7.72073e-09 4.8559e-08 2.96561e-09 0 6.91743e-12
scan charginogluino 1500 1100 L4DY0T1STVA 0 1.13194e-08 1.13194e-08 0 0 0 0 0
scan charginogluino 1500 1100 L4DY0T1 0 1.13194e-08 1.13194e-08 0 0 0 0 0
scan charginogluino 1500 1100 L4DY0T2STVB 4.91938e-05 1.30018e-05 1.29756e-05 1.23386e-07 6.12075e-07 2.44583e-07 4.77349e-07 5.35432e-08
scan charginogluino 1500 1100 L4DY0T2STVA 0 1.2006e-08 1.2006e-08 0 0 0 0 0
scan charginogluino 1500 1100 L4DY0T2 0 1.2006e-08 1.2006e-08 0 0 0 0 0
scan charginogluino 1500 1100 L4DY1T0STVBZV 2.80994e-05 7.76194e-06 7.26683e-06 1.7342e-07 2.72229e-06 0 0 1.82478e-13
scan charginogluino 1500 1100 L4DY1T0STVB 7.65422e-06 3.9256e-06 3.84142e-06 1.05566e-07 8.01689e-07 0 0 1.87459e-14
scan charginogluino 1500 1100 L4DY1T0STVAZV 0 8.94874e-09 8.94874e-09 0 0 0 0 0
scan charginogluino 1500 1100 L4DY1T0STVA 0 8.94874e-09 8.94874e-09 0 0 0 0 0
scan charginogluino 1500 1100 L4DY1T0ZV 0 8.94874e-09 8.94874e-09 0 0 0 0 0
scan charginogluino 1500 1100 L4DY1T0 0 8.94874e-09 8.94874e-09 0 0 0 0 0
scan charginogluino 1500 1100 L4DY1T1STVBZV 0.000187834 2.06059e-05 2.01281e-05 9.5542e-07 4.12597e-06 7.01852e-07 1.01852e-06 2.07953e-10
scan charginogluino 1500 1100 L4DY1T1STVB 1.88254e-05 8.46058e-06 8.45624e-06 1.39452e-07 2.04212e-07 1.10695e-07 0 8.69895e-10
scan charginogluino 1500 1100 L4DY1T1STVAZV 0 1.13194e-08 1.13194e-08 0 0 0 0 0
scan charginogluino 1500 1100 L4DY1T1STVA 0 1.13194e-08 1.13194e-08 0 0 0 0 0
scan charginogluino 1500 1100 L4DY1T1ZV 0 1.13194e-08 1.13194e-08 0 0 0 0 0
scan charginogluino 1500 1100 L4DY1T1 0 1.13194e-08 1.13194e-08 0 0 0 0 0
scan charginogluino 1500 1100 L4DY1T2STVBZV 0.000196616 2.91905e-05 2.88544e-05 5.42281e-07 3.6283e-06 1.44243e-06 1.98668e-06 1.5673e-07
scan charginogluino 1500 1100 L4DY1T2STVB 2.0744e-06 1.96581e-06 1.96519e-06 3.07756e-08 0 3.76201e-08 5.51318e-09 5.04361e-09
scan charginogluino 1500 1100 L4DY1T2STVAZV 0 9.80286e-09 9.80286e-09 0 0 0 0 0
scan charginogluino 1500 1100 L4DY1T2STVA 0 9.80286e-09 9.80286e-09 0 0 0 0 0
scan charginogluino 1500 1100 L4DY1T2ZV 0 9.80286e-09 9.80286e-09 0 0 0 0 0
scan charginogluino 1500 1100 L4DY1T2 0 9.80286e-09 9.80286e-09 0 0 0 0 0
scan charginogluino 1500 1100 L4DY2T0 0 6.93167e-09 6.93167e-09 0 0 0 0 0
scan charginogluino 1500 1100 L4DY2T0ZV 0 6.93167e-09 6.93167e-09 0 0 0 0 0
scan charginogluino 1500 1100 L4DY2T0STVAZV 0 6.93167e-09 6.93167e-09 0 0 0 0 0
scan charginogluino 1500 1100 L4DY2T0STVA 0 6.93167e-09 6.93167e-09 0 0 0 0 0
scan charginogluino 1500 1100 L4DY2T0STVB 4.89195e-05 1.11238e-05 1.09515e-05 4.10982e-07 1.90664e-06 0 0 1.69513e-15
scan charginogluino 1500 1100 L4DY2T0STVBZV 0.000248354 2.47635e-05 2.43772e-05 1.8757e-06 3.9329e-06 0 0 7.74204e-15
scan charginogluino 1500 1100 L3DY0T0STVB 7.552e-06 5.04605e-06 4.99051e-06 1.25928e-07 7.35858e-07 0 0 3.40414e-12
scan charginogluino 1500 1100 L3DY0T0STVA 0 8.004e-09 8.004e-09 0 0 0 0 0
scan charginogluino 1500 1100 L3DY0T0 0 8.004e-09 8.004e-09 0 0 0 0 0
scan charginogluino 1500 1100 L3DY0T1STVB 0.000167911 2.111e-05 2.01636e-05 5.36994e-07 6.13623e-06 6.44027e-07 7.21941e-07 4.28935e-07
scan charginogluino 1500 1100 L3DY0T1STVA 1.37513e-06 9.73697e-07 9.72425e-07 4.1864e-09 4.16416e-08 2.66105e-08 0 3.96269e-09
scan charginogluino 1500 1100 L3DY0T1 0 1.13194e-08 1.13194e-08 0 0 0 0 0
scan charginogluino 1500 1100 L3DY0T2STVB 0.000193242 2.02509e-05 2.00343e-05 2.37771e-07 8.30189e-07 1.23685e-06 1.85292e-06 1.73671e-06
scan charginogluino 1500 1100 L3DY0T2STVA 2.02099e-06 1.04678e-06 1.04559e-06 3.98052e-09 5.14441e-09 1.48111e-08 4.40936e-08 1.73879e-08
scan charginogluino 1500 1100 L3DY0T2 0 1.13194e-08 1.13194e-08 0 0 0 0 0
scan charginogluino 1500 1100 L3DY1T0STVBZV 0.000669761 4.58846e-05 4.46109e-05 4.27344e-06 9.849e-06 0 0 1.52961e-09
scan charginogluino 1500 1100 L3DY1T0STVAZV 0 8.004e-09 8.004e-09 0 0 0 0 0
scan charginogluino 1500 1100 L3DY1T0ZV 0 8.004e-09 8.004e-09 0 0 0 0 0
scan charginogluino 1500 1100 L3DY1T0STVB 3.99606e-05 9.23556e-06 9.16906e-06 2.42358e-07 1.07946e-06 0 0 5.50021e-11
scan charginogluino 1500 1100 L3DY1T0STVA 0 8.004e-09 8.004e-09 0 0 0 0 0
scan charginogluino 1500 1100 L3DY1T0 0 8.004e-09 8.004e-09 0 0 0 0 0
scan charginogluino 1500 1100 L3DY1T1STVBZV 0.00040282 2.90913e-05 2.8705e-05 1.56639e-06 3.36605e-06 9.91711e-07 2.73335e-06 2.95291e-07
scan charginogluino 1500 1100 L3DY1T1STVAZV 1.46245e-05 3.1657e-06 3.16237e-06 7.59729e-08 4.80279e-08 7.16514e-08 8.79555e-08 1.10392e-08
scan charginogluino 1500 1100 L3DY1T1ZV 0 8.004e-09 8.004e-09 0 0 0 0 0
scan charginogluino 1500 1100 L3DY1T1STVB 3.05902e-05 8.594e-06 8.57561e-06 1.23753e-07 2.7261e-07 5.35091e-08 4.71661e-07 2.83583e-08
scan charginogluino 1500 1100 L3DY1T1STVA 1.04548e-06 6.04991e-07 6.04742e-07 6.59158e-09 0 9.71318e-10 1.60143e-08 1.00852e-09
scan charginogluino 1500 1100 L3DY1T1 0 8.004e-09 8.004e-09 0 0 0 0 0
