model hrpv
parameter hrpv 4
parameter kFactorProcessWeighted true
scan charginogluino 510 600 LOXSEC 2.211
scan charginogluino 510 600 L4DY0T0STVB 0 4.94395e-06 4.94395e-06 0 0 0 0 0
scan charginogluino 510 600 L4DY0T0STVA 0 4.94395e-06 4.94395e-06 0 0 0 0 0
scan charginogluino 510 600 L4DY0T0 0 4.94395e-06 4.94395e-06 0 0 0 0 0
scan charginogluino 510 600 L4DY0T1STVB 0.00119422 0.000601443 0.000598534 1.0187e-05 5.74205e-05 9.45242e-06 0 1.0276e-09
scan charginogluino 510 600 L4DY0T1STVA 0 6.25365e-06 6.25365e-06 0 0 0 0 0
scan charginogluino 510 600 L4DY0T1 0 6.25365e-06 6.25365e-06 0 0 0 0 0
scan charginogluino 510 600 L4DY0T2STVB 0.0320431 0.00422594 0.00414646 0.000120124 0.000668518 0.000204948 0.000394534 8.02305e-05
scan charginogluino 510 600 L4DY0T2STVA 0.00102821 0.000717899 0.000710592 1.27119e-05 0.0001011 7.05472e-06 0 2.183e-06
scan charginogluino 510 600 L4DY0T2 0 6.633e-06 6.633e-06 0 0 0 0 0
scan charginogluino 510 600 L4DY1T0STVBZV 0.00853999 0.00269702 0.00258927 5.34146e-05 0.000752847 0 0 2.26778e-10
scan charginogluino 510 600 L4DY1T0STVB 0.00116715 0.000890406 0.000832286 1.64212e-05 0.000315996 0 0 3.48966e-14
scan charginogluino 510 600 L4DY1T0STVAZV 0.00042635 0.000434172 0.000426373 3.90229e-06 8.18336e-05 0 0 2.10654e-14
scan charginogluino 510 600 L4DY1T0STVA 0 4.94395e-06 4.94395e-06 0 0 0 0 0
scan charginogluino 510 600 L4DY1T0ZV 0 4.94395e-06 4.94395e-06 0 0 0 0 0
scan charginogluino 510 600 L4DY1T0 0 4.94395e-06 4.94395e-06 0 0 0 0 0
scan charginogluino 510 600 L4DY1T1STVBZV 0.173717 0.0105249 0.0100154 0.000910764 0.00293277 0.000630172 0.000797965 1.19591e-07
scan charginogluino 510 600 L4DY1T1STVB 0.0364772 0.00591982 0.00588341 0.000314538 0.000539258 9.1132e-05 0.000178087 7.18283e-08
scan charginogluino 510 600 L4DY1T1STVAZV 0.000453786 0.000453983 0.000453824 1.38149e-06 6.56276e-06 0 9.99846e-06 5.47799e-11
scan charginogluino 510 600 L4DY1T1STVA 0.00110703 0.000746756 0.000731203 2.45862e-06 0.000151039 1.27955e-05 1.74507e-06 9.8528e-10
scan charginogluino 510 600 L4DY1T1ZV 0 6.25365e-06 6.25365e-06 0 0 0 0 0
scan charginogluino 510 600 L4DY1T1 0 6.25365e-06 6.25365e-06 0 0 0 0 0
scan charginogluino 510 600 L4DY1T2STVBZV 0.088461 0.00718828 0.00701467 0.000315231 0.000937178 0.000500606 0.0011112 5.21403e-05
scan charginogluino 510 600 L4DY1T2STVB 0.010271 0.00365302 0.00364511 3.99297e-05 6.61371e-05 3.59405e-05 0.000224346 1.06657e-05
scan charginogluino 510 600 L4DY1T2STVAZV 0.00338505 0.00127723 0.00127419 1.71982e-05 2.59668e-05 3.52661e-05 7.44083e-05 2.08724e-06
scan charginogluino 510 600 L4DY1T2STVA 0.000428813 0.000428981 0.000428841 0 9.88298e-06 2.61373e-06 0 3.8983e-06
scan charginogluino 510 600 L4DY1T2ZV 0 5.41582e-06 5.41582e-06 0 0 0 0 0
scan charginogluino 510 600 L4DY1T2 0 5.41582e-06 5.41582e-06 0 0 0 0 0
scan charginogluino 510 600 L4DY2T0 0 3.82956e-06 3.82956e-06 0 0 0 0 0
scan charginogluino 510 600 L4DY2T0ZV 0 3.82956e-06 3.82956e-06 0 0 0 0 0
scan charginogluino 510 600 L4DY2T0STVAZV 0.00220105 0.00155418 0.00142453 1.47798e-05 0.000621262 0 0 2.34472e-13
scan charginogluino 510 600 L4DY2T0STVA 0.000589393 0.000496217 0.000496171 6.56676e-06 1.50864e-06 0 0 2.04837e-14
scan charginogluino 510 600 L4DY2T0STVB 0.0491429 0.00562826 0.00546197 0.000380383 0.00130367 0 0 2.25886e-12
scan charginogluino 510 600 L4DY2T0STVBZV 0.226838 0.0120237 0.011396 0.0017258 0.00342379 0 0 1.17572e-11
scan charginogluino 510 600 L3DY0T0STVB 0.0021415 0.00081394 0.000810578 1.10398e-05 7.30744e-05 0 0 8.08342e-09
scan charginogluino 510 600 L3DY0T0STVA 0.00193233 0.00202575 0.00193233 1.17817e-05 0.000607952 0 0 2.76614e-09
scan charginogluino 510 600 L3DY0T0 0 4.422e-06 4.422e-06 0 0 0 0 0
scan charginogluino 510 600 L3DY0T1STVB 0.119658 0.00969964 0.0093238 0.000441883 0.00251889 0.000308092 0.000669267 0.000258813
scan charginogluino 510 600 L3DY0T1STVA 0.00244327 0.00109775 0.00109594 2.77442e-05 4.52065e-05 4.74396e-06 1.94994e-05 2.74845e-05
scan charginogluino 510 600 L3DY0T1 0 6.25365e-06 6.25365e-06 0 0 0 0 0
scan charginogluino 510 600 L3DY0T2STVB 0.0894029 0.00752178 0.00741752 9.71084e-05 0.000414627 0.000500377 0.000685086 0.000810174
scan charginogluino 510 600 L3DY0T2STVA 0.00561691 0.00195634 0.00195286 1.27943e-05 1.02001e-05 7.73327e-05 7.15172e-05 4.74283e-05
scan charginogluino 510 600 L3DY0T2 0 6.25365e-06 6.25365e-06 0 0 0 0 0
scan charginogluino 510 600 L3DY1T0STVBZV 0.345848 0.0157167 0.013957 0.00178435 0.00700235 0 0 5.52555e-07
scan charginogluino 510 600 L3DY1T0STVAZV 0.00570825 0.00167947 0.00167297 3.88335e-05 0.000142401 0 0 1.04361e-08
scan charginogluino 510 600 L3DY1T0ZV 0 4.422e-06 4.422e-06 0 0 0 0 0
scan charginogluino 510 600 L3DY1T0STVB 0.0470321 0.00572232 0.00565944 0.000292496 0.000793766 0 0 1.85236e-07
scan charginogluino 510 600 L3DY1T0STVA 0.0024056 0.00177624 0.00176744 3.36358e-05 0.000173301 0 0 1.2934e-08
scan charginogluino 510 600 L3DY1T0 0 4.422e-06 4.422e-06 0 0 0 0 0
scan charginogluino 510 600 L3DY1T1STVBZV 0.278969 0.0141954 0.0139149 0.00100061 0.00198737 0.00110167 0.00130016 0.000176521
scan charginogluino 510 600 L3DY1T1STVAZV 0.00294199 0.0011581 0.00115739 1.21359e-05 1.37663e-05 3.46801e-05 1.08863e-05 1.0771e-06
scan charginogluino 510 600 L3DY1T1ZV 0 4.422e-06 4.422e-06 0 0 0 0 0
scan charginogluino 510 600 L3DY1T1STVB 0.0167466 0.00325449 0.003226 7.67442e-05 0.000402222 5.42413e-05 0.000116688 2.02462e-05
scan charginogluino 510 600 L3DY1T1STVA 0 4.422e-06 4.422e-06 0 0 0 0 0
scan charginogluino 510 600 L3DY1T1 0 4.422e-06 4.422e-06 0 0 0 0 0
