model hrpv
parameter hrpv 4
parameter kFactorProcessWeighted true
scan charginogluino 550 900 LOXSEC 0.6344
scan charginogluino 550 900 L4DY0T0STVB 0 1.41856e-06 1.41856e-06 0 0 0 0 0
scan charginogluino 550 900 L4DY0T0STVA 0 1.41856e-06 1.41856e-06 0 0 0 0 0
scan charginogluino 550 900 L4DY0T0 0 1.41856e-06 1.41856e-06 0 0 0 0 0
scan charginogluino 550 900 L4DY0T1STVB 0.000230864 0.000230981 0.00023087 1.40718e-06 6.99098e-06 7.02832e-07 0 3.30483e-10
scan charginogluino 550 900 L4DY0T1STVA 0 1.79435e-06 1.79435e-06 0 0 0 0 0
scan charginogluino 550 900 L4DY0T1 0 1.79435e-06 1.79435e-06 0 0 0 0 0
scan charginogluino 550 900 L4DY0T2STVB 0.00722487 0.00106037 0.0010246 1.58759e-05 0.000263251 5.62461e-05 4.03989e-05 1.51437e-05
scan charginogluino 550 900 L4DY0T2STVA 0 1.9032e-06 1.9032e-06 0 0 0 0 0
scan charginogluino 550 900 L4DY0T2 0 1.9032e-06 1.9032e-06 0 0 0 0 0
scan charginogluino 550 900 L4DY1T0STVBZV 0.00195976 0.000523456 0.000518164 1.38951e-05 7.2928e-05 0 0 5.79458e-11
scan charginogluino 550 900 L4DY1T0STVB 0.000250818 0.000127458 0.000121691 2.78475e-06 3.7802e-05 0 0 5.21068e-14
scan charginogluino 550 900 L4DY1T0STVAZV 0.000241013 0.000241407 0.000241016 3.65829e-06 1.32291e-05 0 0 7.13504e-17
scan charginogluino 550 900 L4DY1T0STVA 0 1.41856e-06 1.41856e-06 0 0 0 0 0
scan charginogluino 550 900 L4DY1T0ZV 0 1.41856e-06 1.41856e-06 0 0 0 0 0
scan charginogluino 550 900 L4DY1T0 0 1.41856e-06 1.41856e-06 0 0 0 0 0
scan charginogluino 550 900 L4DY1T1STVBZV 0.0484099 0.00297525 0.00273163 0.000229291 0.00112611 0.000173423 0.000198799 8.38214e-08
scan charginogluino 550 900 L4DY1T1STVB 0.00423394 0.000864754 0.000855853 1.86785e-05 0.000116914 1.18204e-05 3.40128e-05 8.47151e-09
scan charginogluino 550 900 L4DY1T1STVAZV 0.000398924 0.00022071 0.000217507 2.50171e-06 3.70678e-05 8.71223e-07 4.7352e-06 2.37039e-10
scan charginogluino 550 900 L4DY1T1STVA 4.9549e-05 3.50837e-05 3.50766e-05 4.5351e-07 0 5.35872e-07 0 2.23343e-11
scan charginogluino 550 900 L4DY1T1ZV 0 1.79435e-06 1.79435e-06 0 0 0 0 0
scan charginogluino 550 900 L4DY1T1 0 1.79435e-06 1.79435e-06 0 0 0 0 0
scan charginogluino 550 900 L4DY1T2STVBZV 0.0259502 0.00210887 0.00205353 0.000110827 0.000166392 0.000147348 0.000410483 1.35706e-05
scan charginogluino 550 900 L4DY1T2STVB 0.000971184 0.000377455 0.000369803 1.36469e-06 7.46591e-05 1.0707e-05 4.93315e-06 1.78479e-06
scan charginogluino 550 900 L4DY1T2STVAZV 0.000189936 0.000151224 0.000151121 1.15798e-06 0 4.3823e-07 5.4266e-06 6.10806e-08
scan charginogluino 550 900 L4DY1T2STVA 0 1.55396e-06 1.55396e-06 0 0 0 0 0
scan charginogluino 550 900 L4DY1T2ZV 0 1.55396e-06 1.55396e-06 0 0 0 0 0
scan charginogluino 550 900 L4DY1T2 0 1.55396e-06 1.55396e-06 0 0 0 0 0
scan charginogluino 550 900 L4DY2T0 0 1.09881e-06 1.09881e-06 0 0 0 0 0
scan charginogluino 550 900 L4DY2T0ZV 0 1.09881e-06 1.09881e-06 0 0 0 0 0
scan charginogluino 550 900 L4DY2T0STVAZV 1.09592e-05 7.77705e-06 7.77599e-06 9.98915e-08 8.03379e-08 0 0 2.2783e-16
scan charginogluino 550 900 L4DY2T0STVA 0 1.09881e-06 1.09881e-06 0 0 0 0 0
scan charginogluino 550 900 L4DY2T0STVB 0.0107874 0.00124315 0.00122264 7.77076e-05 0.000211031 0 0 2.23496e-10
scan charginogluino 550 900 L4DY2T0STVBZV 0.0635054 0.00343804 0.00326037 0.000463702 0.000987445 0 0 1.5076e-10
scan charginogluino 550 900 L3DY0T0STVB 0.000219497 0.000160317 0.000155212 6.69605e-07 4.01305e-05 0 0 3.04512e-10
scan charginogluino 550 900 L3DY0T0STVA 0 1.2688e-06 1.2688e-06 0 0 0 0 0
scan charginogluino 550 900 L3DY0T0 0 1.2688e-06 1.2688e-06 0 0 0 0 0
scan charginogluino 550 900 L3DY0T1STVB 0.0343405 0.00238248 0.00229571 0.000100029 0.000596534 9.39569e-05 0.000158858 7.73305e-05
scan charginogluino 550 900 L3DY0T1STVA 0.000465457 0.000343775 0.000343537 9.20414e-07 1.08438e-05 4.96605e-07 6.66146e-06 9.67841e-07
scan charginogluino 550 900 L3DY0T1 0 1.79435e-06 1.79435e-06 0 0 0 0 0
scan charginogluino 550 900 L3DY0T2STVB 0.022904 0.00194716 0.00190471 3.67555e-05 7.72654e-05 0.00012002 0.00031825 0.000201213
scan charginogluino 550 900 L3DY0T2STVA 0.000760298 0.00028756 0.000287298 1.56843e-06 1.7673e-06 9.31152e-06 4.02868e-06 6.50454e-06
scan charginogluino 550 900 L3DY0T2 0 1.79435e-06 1.79435e-06 0 0 0 0 0
scan charginogluino 550 900 L3DY1T0STVBZV 0.0947306 0.00427288 0.00387705 0.00056029 0.00170647 0 0 4.76853e-07
scan charginogluino 550 900 L3DY1T0STVAZV 0.000988139 0.00040144 0.000400198 1.01989e-05 2.98582e-05 0 0 3.95876e-08
scan charginogluino 550 900 L3DY1T0ZV 0 1.2688e-06 1.2688e-06 0 0 0 0 0
scan charginogluino 550 900 L3DY1T0STVB 0.0089252 0.00117451 0.00115709 4.91496e-05 0.000195472 0 0 1.19269e-08
scan charginogluino 550 900 L3DY1T0STVA 5.57453e-05 5.57584e-05 5.57561e-05 5.10222e-07 0 0 0 2.51272e-11
scan charginogluino 550 900 L3DY1T0 0 1.2688e-06 1.2688e-06 0 0 0 0 0
scan charginogluino 550 900 L3DY1T1STVBZV 0.0612175 0.00320888 0.00312141 0.000226217 0.000538118 0.00020991 0.000409755 3.22709e-05
scan charginogluino 550 900 L3DY1T1STVAZV 0.000724894 0.000329138 0.000324936 7.10201e-07 5.22708e-05 3.45336e-06 1.11606e-07 1.84373e-06
scan charginogluino 550 900 L3DY1T1ZV 0 1.2688e-06 1.2688e-06 0 0 0 0 0
scan charginogluino 550 900 L3DY1T1STVB 0.00511842 0.00109705 0.00109456 2.35944e-05 6.70443e-05 1.38557e-05 1.24864e-05 6.91722e-06
scan charginogluino 550 900 L3DY1T1STVA 0.000163127 0.000163154 0.00016313 0 2.72371e-06 4.96632e-07 0 9.66147e-08
scan charginogluino 550 900 L3DY1T1 0 1.2688e-06 1.2688e-06 0 0 0 0 0
