model hrpv
parameter hrpv 4
parameter kFactorProcessWeighted true
scan charginogluino 2100 1800 LOXSEC 0.001159
scan charginogluino 2100 1800 L4DY0T0STVB 0 2.5916e-09 2.5916e-09 0 0 0 0 0
scan charginogluino 2100 1800 L4DY0T0STVA 0 2.5916e-09 2.5916e-09 0 0 0 0 0
scan charginogluino 2100 1800 L4DY0T0 0 2.5916e-09 2.5916e-09 0 0 0 0 0
scan charginogluino 2100 1800 L4DY0T1STVB 0 3.27815e-09 3.27815e-09 0 0 0 0 0
scan charginogluino 2100 1800 L4DY0T1STVA 0 3.27815e-09 3.27815e-09 0 0 0 0 0
scan charginogluino 2100 1800 L4DY0T1 0 3.27815e-09 3.27815e-09 0 0 0 0 0
scan charginogluino 2100 1800 L4DY0T2STVB 0 3.477e-09 3.477e-09 0 0 0 0 0
scan charginogluino 2100 1800 L4DY0T2STVA 0 3.477e-09 3.477e-09 0 0 0 0 0
scan charginogluino 2100 1800 L4DY0T2 0 3.477e-09 3.477e-09 0 0 0 0 0
scan charginogluino 2100 1800 L4DY1T0STVBZV 0 2.5916e-09 2.5916e-09 0 0 0 0 0
scan charginogluino 2100 1800 L4DY1T0STVB 0 2.5916e-09 2.5916e-09 0 0 0 0 0
scan charginogluino 2100 1800 L4DY1T0STVAZV 0 2.5916e-09 2.5916e-09 0 0 0 0 0
scan charginogluino 2100 1800 L4DY1T0STVA 0 2.5916e-09 2.5916e-09 0 0 0 0 0
scan charginogluino 2100 1800 L4DY1T0ZV 0 2.5916e-09 2.5916e-09 0 0 0 0 0
scan charginogluino 2100 1800 L4DY1T0 0 2.5916e-09 2.5916e-09 0 0 0 0 0
scan charginogluino 2100 1800 L4DY1T1STVBZV 5.47167e-07 4.43384e-07 4.17715e-07 2.34606e-09 1.48644e-07 1.66721e-09 0 5.52062e-13
scan charginogluino 2100 1800 L4DY1T1STVB 0 3.27815e-09 3.27815e-09 0 0 0 0 0
scan charginogluino 2100 1800 L4DY1T1STVAZV 0 3.27815e-09 3.27815e-09 0 0 0 0 0
scan charginogluino 2100 1800 L4DY1T1STVA 0 3.27815e-09 3.27815e-09 0 0 0 0 0
scan charginogluino 2100 1800 L4DY1T1ZV 0 3.27815e-09 3.27815e-09 0 0 0 0 0
scan charginogluino 2100 1800 L4DY1T1 0 3.27815e-09 3.27815e-09 0 0 0 0 0
scan charginogluino 2100 1800 L4DY1T2STVBZV 1.83687e-06 7.82292e-07 7.81495e-07 1.03836e-08 1.92819e-09 1.3746e-08 3.07586e-08 4.11875e-10
scan charginogluino 2100 1800 L4DY1T2STVB 0 2.83896e-09 2.83896e-09 0 0 0 0 0
scan charginogluino 2100 1800 L4DY1T2STVAZV 4.67475e-07 2.38783e-07 2.37643e-07 3.88897e-09 1.15355e-09 0 2.29215e-08 1.12247e-09
scan charginogluino 2100 1800 L4DY1T2STVA 0 2.83896e-09 2.83896e-09 0 0 0 0 0
scan charginogluino 2100 1800 L4DY1T2ZV 0 2.83896e-09 2.83896e-09 0 0 0 0 0
scan charginogluino 2100 1800 L4DY1T2 0 2.83896e-09 2.83896e-09 0 0 0 0 0
scan charginogluino 2100 1800 L4DY2T0 0 2.00745e-09 2.00745e-09 0 0 0 0 0
scan charginogluino 2100 1800 L4DY2T0ZV 0 2.00745e-09 2.00745e-09 0 0 0 0 0
scan charginogluino 2100 1800 L4DY2T0STVAZV 0 2.00745e-09 2.00745e-09 0 0 0 0 0
scan charginogluino 2100 1800 L4DY2T0STVA 0 2.00745e-09 2.00745e-09 0 0 0 0 0
scan charginogluino 2100 1800 L4DY2T0STVB 0 2.00745e-09 2.00745e-09 0 0 0 0 0
scan charginogluino 2100 1800 L4DY2T0STVBZV 5.75477e-08 4.07314e-08 4.07254e-08 7.0305e-10 0 0 0 1.20978e-18
scan charginogluino 2100 1800 L3DY0T0STVB 0 2.318e-09 2.318e-09 0 0 0 0 0
scan charginogluino 2100 1800 L3DY0T0STVA 0 2.318e-09 2.318e-09 0 0 0 0 0
scan charginogluino 2100 1800 L3DY0T0 0 2.318e-09 2.318e-09 0 0 0 0 0
scan charginogluino 2100 1800 L3DY0T1STVB 1.3612e-06 8.93302e-07 8.85104e-07 1.82807e-09 1.17866e-07 3.88175e-09 2.58114e-08 1.75999e-09
scan charginogluino 2100 1800 L3DY0T1STVA 4.74075e-07 2.22001e-07 2.21322e-07 6.81041e-09 1.14788e-08 1.1588e-10 9.60683e-09 5.54314e-09
scan charginogluino 2100 1800 L3DY0T1 0 3.27815e-09 3.27815e-09 0 0 0 0 0
scan charginogluino 2100 1800 L3DY0T2STVB 7.05921e-06 1.26599e-06 1.25995e-06 4.02717e-09 4.13608e-08 5.40579e-08 7.92623e-08 6.58599e-08
scan charginogluino 2100 1800 L3DY0T2STVA 1.79855e-06 5.1e-07 5.08374e-07 2.41296e-09 7.25316e-09 1.42735e-08 3.37111e-08 1.60602e-08
scan charginogluino 2100 1800 L3DY0T2 0 3.27815e-09 3.27815e-09 0 0 0 0 0
scan charginogluino 2100 1800 L3DY1T0STVBZV 1.78296e-06 1.03368e-06 1.03354e-06 8.83033e-09 1.40758e-08 0 0 3.31878e-13
scan charginogluino 2100 1800 L3DY1T0STVAZV 0 2.318e-09 2.318e-09 0 0 0 0 0
scan charginogluino 2100 1800 L3DY1T0ZV 0 2.318e-09 2.318e-09 0 0 0 0 0
scan charginogluino 2100 1800 L3DY1T0STVB 2.77156e-07 2.77176e-07 2.77163e-07 2.66729e-09 0 0 0 9.52279e-13
scan charginogluino 2100 1800 L3DY1T0STVA 0 2.318e-09 2.318e-09 0 0 0 0 0
scan charginogluino 2100 1800 L3DY1T0 0 2.318e-09 2.318e-09 0 0 0 0 0
scan charginogluino 2100 1800 L3DY1T1STVBZV 1.74152e-05 1.91343e-06 1.89889e-06 7.55571e-08 7.94725e-08 1.17049e-07 1.7214e-07 8.65869e-09
scan charginogluino 2100 1800 L3DY1T1STVAZV 8.8313e-06 1.25795e-06 1.24902e-06 3.33461e-08 6.67826e-08 5.28425e-08 1.18398e-07 4.91946e-09
scan charginogluino 2100 1800 L3DY1T1ZV 1.71636e-07 1.71692e-07 1.71647e-07 1.04617e-09 0 0 3.78172e-09 5.51954e-11
scan charginogluino 2100 1800 L3DY1T1STVB 1.25743e-06 4.59156e-07 4.5839e-07 5.28194e-09 2.10567e-08 5.342e-09 1.41381e-08 1.95349e-09
scan charginogluino 2100 1800 L3DY1T1STVA 5.79099e-07 3.2976e-07 3.29723e-07 3.56956e-09 0 3.32368e-09 1.80347e-10 6.04999e-10
scan charginogluino 2100 1800 L3DY1T1 0 2.318e-09 2.318e-09 0 0 0 0 0
