model hrpv
parameter hrpv 4
parameter kFactorProcessWeighted true
scan charginogluino 1600 1000 LOXSEC 0.005916
scan charginogluino 1600 1000 L4DY0T0STVB 0 1.32286e-08 1.32286e-08 0 0 0 0 0
scan charginogluino 1600 1000 L4DY0T0STVA 0 1.32286e-08 1.32286e-08 0 0 0 0 0
scan charginogluino 1600 1000 L4DY0T0 0 1.32286e-08 1.32286e-08 0 0 0 0 0
scan charginogluino 1600 1000 L4DY0T1STVB 0 1.6733e-08 1.6733e-08 0 0 0 0 0
scan charginogluino 1600 1000 L4DY0T1STVA 0 1.6733e-08 1.6733e-08 0 0 0 0 0
scan charginogluino 1600 1000 L4DY0T1 0 1.6733e-08 1.6733e-08 0 0 0 0 0
scan charginogluino 1600 1000 L4DY0T2STVB 3.33805e-05 9.65955e-06 9.64712e-06 9.56369e-08 2.56983e-07 2.27043e-07 3.35647e-07 2.37329e-08
scan charginogluino 1600 1000 L4DY0T2STVA 0 1.7748e-08 1.7748e-08 0 0 0 0 0
scan charginogluino 1600 1000 L4DY0T2 0 1.7748e-08 1.7748e-08 0 0 0 0 0
scan charginogluino 1600 1000 L4DY1T0STVBZV 3.36884e-05 1.26232e-05 1.19115e-05 2.73584e-07 4.16985e-06 0 0 2.23345e-15
scan charginogluino 1600 1000 L4DY1T0STVB 5.356e-06 3.42038e-06 3.33062e-06 6.49325e-08 7.75709e-07 0 0 5.81616e-18
scan charginogluino 1600 1000 L4DY1T0STVAZV 0 1.32286e-08 1.32286e-08 0 0 0 0 0
scan charginogluino 1600 1000 L4DY1T0STVA 0 1.32286e-08 1.32286e-08 0 0 0 0 0
scan charginogluino 1600 1000 L4DY1T0ZV 0 1.32286e-08 1.32286e-08 0 0 0 0 0
scan charginogluino 1600 1000 L4DY1T0 0 1.32286e-08 1.32286e-08 0 0 0 0 0
scan charginogluino 1600 1000 L4DY1T1STVBZV 0.000337951 3.51054e-05 3.43956e-05 1.64793e-06 6.48613e-06 1.11825e-06 1.81557e-06 1.31674e-09
scan charginogluino 1600 1000 L4DY1T1STVB 7.45654e-05 2.3665e-05 2.35004e-05 3.70189e-07 2.75105e-06 2.10961e-07 1.17999e-07 7.69213e-11
scan charginogluino 1600 1000 L4DY1T1STVAZV 0 1.6733e-08 1.6733e-08 0 0 0 0 0
scan charginogluino 1600 1000 L4DY1T1STVA 0 1.6733e-08 1.6733e-08 0 0 0 0 0
scan charginogluino 1600 1000 L4DY1T1ZV 0 1.6733e-08 1.6733e-08 0 0 0 0 0
scan charginogluino 1600 1000 L4DY1T1 0 1.6733e-08 1.6733e-08 0 0 0 0 0
scan charginogluino 1600 1000 L4DY1T2STVBZV 0.000236628 3.42429e-05 3.39388e-05 8.89612e-07 2.2788e-06 2.12281e-06 3.19738e-06 1.42565e-07
scan charginogluino 1600 1000 L4DY1T2STVB 1.35632e-05 8.66988e-06 8.66891e-06 7.36386e-08 2.14702e-08 1.04757e-07 0 3.94206e-09
scan charginogluino 1600 1000 L4DY1T2STVAZV 2.08959e-06 1.48978e-06 1.4886e-06 5.59022e-09 1.69561e-08 5.03585e-08 2.5833e-08 3.40566e-10
scan charginogluino 1600 1000 L4DY1T2STVA 0 1.44912e-08 1.44912e-08 0 0 0 0 0
scan charginogluino 1600 1000 L4DY1T2ZV 0 1.44912e-08 1.44912e-08 0 0 0 0 0
scan charginogluino 1600 1000 L4DY1T2 0 1.44912e-08 1.44912e-08 0 0 0 0 0
scan charginogluino 1600 1000 L4DY2T0 0 1.02468e-08 1.02468e-08 0 0 0 0 0
scan charginogluino 1600 1000 L4DY2T0ZV 0 1.02468e-08 1.02468e-08 0 0 0 0 0
scan charginogluino 1600 1000 L4DY2T0STVAZV 0 1.02468e-08 1.02468e-08 0 0 0 0 0
scan charginogluino 1600 1000 L4DY2T0STVA 0 1.02468e-08 1.02468e-08 0 0 0 0 0
scan charginogluino 1600 1000 L4DY2T0STVB 5.81364e-05 1.40547e-05 1.40386e-05 6.28094e-07 2.35677e-07 0 0 1.32799e-14
scan charginogluino 1600 1000 L4DY2T0STVBZV 0.00045492 4.57482e-05 4.48924e-05 3.19405e-06 8.20793e-06 0 0 6.50791e-12
scan charginogluino 1600 1000 L3DY0T0STVB 1.5646e-05 7.88695e-06 7.88582e-06 8.83734e-08 1.0001e-07 0 0 1.52355e-11
scan charginogluino 1600 1000 L3DY0T0STVA 0 1.1832e-08 1.1832e-08 0 0 0 0 0
scan charginogluino 1600 1000 L3DY0T0 0 1.1832e-08 1.1832e-08 0 0 0 0 0
scan charginogluino 1600 1000 L3DY0T1STVB 0.000380118 4.20145e-05 4.142e-05 1.385e-06 6.6231e-06 1.16759e-06 1.3647e-06 7.7039e-07
scan charginogluino 1600 1000 L3DY0T1STVA 0 1.6733e-08 1.6733e-08 0 0 0 0 0
scan charginogluino 1600 1000 L3DY0T1 0 1.6733e-08 1.6733e-08 0 0 0 0 0
scan charginogluino 1600 1000 L3DY0T2STVB 0.000284119 2.92376e-05 2.89544e-05 4.63599e-07 9.50583e-07 1.62103e-06 2.55286e-06 2.49428e-06
scan charginogluino 1600 1000 L3DY0T2STVA 1.22487e-06 8.68374e-07 8.67194e-07 0 8.83163e-09 1.95464e-09 4.27449e-08 1.17902e-08
scan charginogluino 1600 1000 L3DY0T2 0 1.6733e-08 1.6733e-08 0 0 0 0 0
scan charginogluino 1600 1000 L3DY1T0STVBZV 0.000726588 5.37686e-05 4.99222e-05 3.61198e-06 1.96415e-05 0 0 3.40396e-08
scan charginogluino 1600 1000 L3DY1T0STVAZV 0 1.1832e-08 1.1832e-08 0 0 0 0 0
scan charginogluino 1600 1000 L3DY1T0ZV 0 1.1832e-08 1.1832e-08 0 0 0 0 0
scan charginogluino 1600 1000 L3DY1T0STVB 9.20958e-05 2.00691e-05 2.00213e-05 5.69706e-07 1.26201e-06 0 0 1.37426e-10
scan charginogluino 1600 1000 L3DY1T0STVA 0 1.1832e-08 1.1832e-08 0 0 0 0 0
scan charginogluino 1600 1000 L3DY1T0 0 1.1832e-08 1.1832e-08 0 0 0 0 0
scan charginogluino 1600 1000 L3DY1T1STVBZV 0.000657211 4.54973e-05 4.50301e-05 2.69057e-06 3.66785e-06 1.74921e-06 4.29338e-06 3.3383e-07
scan charginogluino 1600 1000 L3DY1T1STVAZV 4.33683e-06 1.97691e-06 1.97525e-06 1.44243e-08 2.85014e-08 2.26535e-08 7.07332e-08 1.928e-09
scan charginogluino 1600 1000 L3DY1T1ZV 0 1.1832e-08 1.1832e-08 0 0 0 0 0
scan charginogluino 1600 1000 L3DY1T1STVB 3.19658e-05 1.01375e-05 1.0044e-05 1.65613e-07 1.34645e-06 1.72566e-07 1.17141e-07 4.15832e-08
scan charginogluino 1600 1000 L3DY1T1STVA 0 1.1832e-08 1.1832e-08 0 0 0 0 0
scan charginogluino 1600 1000 L3DY1T1 0 1.1832e-08 1.1832e-08 0 0 0 0 0
