model hrpv
parameter hrpv 4
parameter kFactorProcessWeighted true
scan charginogluino 510 1200 LOXSEC 0.5903
scan charginogluino 510 1200 L4DY0T0STVB 0 1.31995e-06 1.31995e-06 0 0 0 0 0
scan charginogluino 510 1200 L4DY0T0STVA 0 1.31995e-06 1.31995e-06 0 0 0 0 0
scan charginogluino 510 1200 L4DY0T0 0 1.31995e-06 1.31995e-06 0 0 0 0 0
scan charginogluino 510 1200 L4DY0T1STVB 0.000486873 0.000242183 0.000233932 5.75508e-06 6.19211e-05 7.40152e-06 2.53736e-06 3.06169e-08
scan charginogluino 510 1200 L4DY0T1STVA 0 1.66962e-06 1.66962e-06 0 0 0 0 0
scan charginogluino 510 1200 L4DY0T1 0 1.66962e-06 1.66962e-06 0 0 0 0 0
scan charginogluino 510 1200 L4DY0T2STVB 0.00551165 0.000803229 0.000780595 1.74762e-05 0.000180711 3.13179e-05 4.00801e-05 1.72865e-05
scan charginogluino 510 1200 L4DY0T2STVA 0.00037571 0.000217469 0.000217219 4.49954e-06 4.13543e-06 7.25272e-06 2.95918e-06 3.16629e-06
scan charginogluino 510 1200 L4DY0T2 0 1.7709e-06 1.7709e-06 0 0 0 0 0
scan charginogluino 510 1200 L4DY1T0STVBZV 0.00203512 0.000589332 0.000575591 1.46345e-05 0.000125673 0 0 1.34333e-12
scan charginogluino 510 1200 L4DY1T0STVB 0.000305891 0.000180581 0.00017661 9.31242e-07 3.76494e-05 0 0 5.4051e-15
scan charginogluino 510 1200 L4DY1T0STVAZV 4.81358e-06 4.95716e-06 4.95624e-06 4.40635e-08 8.47693e-08 0 0 2.37833e-16
scan charginogluino 510 1200 L4DY1T0STVA 0 1.31995e-06 1.31995e-06 0 0 0 0 0
scan charginogluino 510 1200 L4DY1T0ZV 0 1.31995e-06 1.31995e-06 0 0 0 0 0
scan charginogluino 510 1200 L4DY1T0 0 1.31995e-06 1.31995e-06 0 0 0 0 0
scan charginogluino 510 1200 L4DY1T1STVBZV 0.0465183 0.0026961 0.00245528 0.000231648 0.00105967 0.000152233 0.000201991 6.84345e-08
scan charginogluino 510 1200 L4DY1T1STVB 0.00415101 0.000799108 0.000793031 2.52349e-05 8.86287e-05 1.24327e-05 3.20857e-05 3.34887e-08
scan charginogluino 510 1200 L4DY1T1STVAZV 0.00065635 0.000265164 0.000263424 4.25345e-06 2.96592e-05 3.87789e-06 2.67976e-06 5.44883e-10
scan charginogluino 510 1200 L4DY1T1STVA 0 1.66962e-06 1.66962e-06 0 0 0 0 0
scan charginogluino 510 1200 L4DY1T1ZV 0 1.66962e-06 1.66962e-06 0 0 0 0 0
scan charginogluino 510 1200 L4DY1T1 0 1.66962e-06 1.66962e-06 0 0 0 0 0
scan charginogluino 510 1200 L4DY1T2STVBZV 0.018125 0.00149265 0.00144153 5.88823e-05 0.000306233 0.000122127 0.000194184 1.12172e-05
scan charginogluino 510 1200 L4DY1T2STVB 0.00124052 0.000513386 0.000513167 5.39779e-06 9.15706e-06 9.91948e-06 3.62868e-06 3.19552e-07
scan charginogluino 510 1200 L4DY1T2STVAZV 0.000757923 0.0003332 0.000332969 8.83893e-07 8.89193e-06 5.69843e-06 6.45916e-06 3.87398e-07
scan charginogluino 510 1200 L4DY1T2STVA 8.69342e-05 8.69749e-05 8.69443e-05 0 1.25725e-06 2.64659e-07 1.91546e-06 3.38315e-09
scan charginogluino 510 1200 L4DY1T2ZV 0 1.44593e-06 1.44593e-06 0 0 0 0 0
scan charginogluino 510 1200 L4DY1T2 0 1.44593e-06 1.44593e-06 0 0 0 0 0
scan charginogluino 510 1200 L4DY2T0 0 1.02243e-06 1.02243e-06 0 0 0 0 0
scan charginogluino 510 1200 L4DY2T0ZV 0 1.02243e-06 1.02243e-06 0 0 0 0 0
scan charginogluino 510 1200 L4DY2T0STVAZV 0.000678415 0.000391772 0.000391684 8.28808e-06 0 0 0 2.85235e-14
scan charginogluino 510 1200 L4DY2T0STVA 7.56974e-05 7.57107e-05 7.5702e-05 1.15247e-06 0 0 0 2.43691e-14
scan charginogluino 510 1200 L4DY2T0STVB 0.0100037 0.00120241 0.00118536 8.22524e-05 0.000184249 0 0 5.28013e-10
scan charginogluino 510 1200 L4DY2T0STVBZV 0.0590939 0.00301338 0.00286727 0.000438569 0.000816623 0 0 1.54126e-12
scan charginogluino 510 1200 L3DY0T0STVB 0.000956277 0.000383474 0.000382884 1.06477e-05 1.84049e-05 0 0 6.18023e-10
scan charginogluino 510 1200 L3DY0T0STVA 0 1.1806e-06 1.1806e-06 0 0 0 0 0
scan charginogluino 510 1200 L3DY0T0 0 1.1806e-06 1.1806e-06 0 0 0 0 0
scan charginogluino 510 1200 L3DY0T1STVB 0.0312685 0.0026379 0.00255984 9.29276e-05 0.000564237 0.000252931 0.00010679 5.79182e-05
scan charginogluino 510 1200 L3DY0T1STVA 0.00177894 0.000597747 0.000594344 7.05235e-06 6.2427e-05 4.60565e-06 7.57954e-06 5.62202e-06
scan charginogluino 510 1200 L3DY0T1 0 1.66962e-06 1.66962e-06 0 0 0 0 0
scan charginogluino 510 1200 L3DY0T2STVB 0.0174783 0.00146903 0.00144168 2.28423e-05 7.19236e-05 9.47948e-05 0.000201184 0.000156388
scan charginogluino 510 1200 L3DY0T2STVA 0.00129794 0.000328221 0.000327681 3.58387e-06 8.70438e-07 8.4904e-06 1.24681e-05 1.06339e-05
scan charginogluino 510 1200 L3DY0T2 0 1.66962e-06 1.66962e-06 0 0 0 0 0
scan charginogluino 510 1200 L3DY1T0STVBZV 0.0887201 0.00386863 0.0035158 0.000461731 0.00154668 0 0 1.39778e-07
scan charginogluino 510 1200 L3DY1T0STVAZV 0.00229681 0.00068014 0.000679169 1.13773e-05 3.44874e-05 0 0 1.58452e-09
scan charginogluino 510 1200 L3DY1T0ZV 0 1.1806e-06 1.1806e-06 0 0 0 0 0
scan charginogluino 510 1200 L3DY1T0STVB 0.0122746 0.00145955 0.00143404 7.95685e-05 0.000259758 0 0 1.97125e-08
scan charginogluino 510 1200 L3DY1T0STVA 0.000324263 0.00025056 0.000250495 2.59457e-06 5.079e-06 0 0 3.13561e-10
scan charginogluino 510 1200 L3DY1T0 0 1.1806e-06 1.1806e-06 0 0 0 0 0
scan charginogluino 510 1200 L3DY1T1STVBZV 0.0577306 0.00299167 0.00292958 0.000203444 0.000457067 0.000165776 0.000297651 3.52978e-05
scan charginogluino 510 1200 L3DY1T1STVAZV 0.00256566 0.000579815 0.000578369 1.03871e-05 3.52832e-05 1.71821e-05 3.35121e-06 3.9565e-06
scan charginogluino 510 1200 L3DY1T1ZV 0 1.1806e-06 1.1806e-06 0 0 0 0 0
scan charginogluino 510 1200 L3DY1T1STVB 0.00264854 0.000559759 0.000559205 1.21794e-05 1.62109e-05 8.71587e-06 1.11991e-05 2.73366e-06
scan charginogluino 510 1200 L3DY1T1STVA 0 1.1806e-06 1.1806e-06 0 0 0 0 0
scan charginogluino 510 1200 L3DY1T1 0 1.1806e-06 1.1806e-06 0 0 0 0 0
