model hrpv
parameter hrpv 4
parameter kFactorProcessWeighted true
scan charginogluino 1900 2000 LOXSEC 0.001154
scan charginogluino 1900 2000 L4DY0T0STVB 0 2.58042e-09 2.58042e-09 0 0 0 0 0
scan charginogluino 1900 2000 L4DY0T0STVA 0 2.58042e-09 2.58042e-09 0 0 0 0 0
scan charginogluino 1900 2000 L4DY0T0 0 2.58042e-09 2.58042e-09 0 0 0 0 0
scan charginogluino 1900 2000 L4DY0T1STVB 0 3.264e-09 3.264e-09 0 0 0 0 0
scan charginogluino 1900 2000 L4DY0T1STVA 0 3.264e-09 3.264e-09 0 0 0 0 0
scan charginogluino 1900 2000 L4DY0T1 0 3.264e-09 3.264e-09 0 0 0 0 0
scan charginogluino 1900 2000 L4DY0T2STVB 0 3.462e-09 3.462e-09 0 0 0 0 0
scan charginogluino 1900 2000 L4DY0T2STVA 0 3.462e-09 3.462e-09 0 0 0 0 0
scan charginogluino 1900 2000 L4DY0T2 0 3.462e-09 3.462e-09 0 0 0 0 0
scan charginogluino 1900 2000 L4DY1T0STVBZV 0 2.58042e-09 2.58042e-09 0 0 0 0 0
scan charginogluino 1900 2000 L4DY1T0STVB 0 2.58042e-09 2.58042e-09 0 0 0 0 0
scan charginogluino 1900 2000 L4DY1T0STVAZV 0 2.58042e-09 2.58042e-09 0 0 0 0 0
scan charginogluino 1900 2000 L4DY1T0STVA 0 2.58042e-09 2.58042e-09 0 0 0 0 0
scan charginogluino 1900 2000 L4DY1T0ZV 0 2.58042e-09 2.58042e-09 0 0 0 0 0
scan charginogluino 1900 2000 L4DY1T0 0 2.58042e-09 2.58042e-09 0 0 0 0 0
scan charginogluino 1900 2000 L4DY1T1STVBZV 2.95032e-06 1.45827e-06 1.45786e-06 1.90027e-08 1.89376e-08 2.12753e-08 0 1.27196e-12
scan charginogluino 1900 2000 L4DY1T1STVB 0 3.264e-09 3.264e-09 0 0 0 0 0
scan charginogluino 1900 2000 L4DY1T1STVAZV 0 3.264e-09 3.264e-09 0 0 0 0 0
scan charginogluino 1900 2000 L4DY1T1STVA 0 3.264e-09 3.264e-09 0 0 0 0 0
scan charginogluino 1900 2000 L4DY1T1ZV 0 3.264e-09 3.264e-09 0 0 0 0 0
scan charginogluino 1900 2000 L4DY1T1 0 3.264e-09 3.264e-09 0 0 0 0 0
scan charginogluino 1900 2000 L4DY1T2STVBZV 1.61562e-06 6.15533e-07 6.12049e-07 6.63224e-09 4.39579e-08 1.09067e-08 4.67119e-08 7.66194e-10
scan charginogluino 1900 2000 L4DY1T2STVB 4.02599e-07 3.07874e-07 3.07019e-07 1.72239e-09 2.20201e-08 1.73547e-09 5.88496e-09 1.61957e-10
scan charginogluino 1900 2000 L4DY1T2STVAZV 9.24721e-07 4.88194e-07 4.87318e-07 4.8515e-09 1.86238e-09 7.55298e-09 2.77606e-08 3.27525e-10
scan charginogluino 1900 2000 L4DY1T2STVA 4.21432e-07 4.21588e-07 4.21439e-07 0 6.09479e-09 1.28299e-09 9.28558e-09 1.64005e-11
scan charginogluino 1900 2000 L4DY1T2ZV 0 2.82671e-09 2.82671e-09 0 0 0 0 0
scan charginogluino 1900 2000 L4DY1T2 0 2.82671e-09 2.82671e-09 0 0 0 0 0
scan charginogluino 1900 2000 L4DY2T0 0 1.99879e-09 1.99879e-09 0 0 0 0 0
scan charginogluino 1900 2000 L4DY2T0ZV 0 1.99879e-09 1.99879e-09 0 0 0 0 0
scan charginogluino 1900 2000 L4DY2T0STVAZV 0 1.99879e-09 1.99879e-09 0 0 0 0 0
scan charginogluino 1900 2000 L4DY2T0STVA 0 1.99879e-09 1.99879e-09 0 0 0 0 0
scan charginogluino 1900 2000 L4DY2T0STVB 0 1.99879e-09 1.99879e-09 0 0 0 0 0
scan charginogluino 1900 2000 L4DY2T0STVBZV 1.23349e-06 6.14267e-07 6.12207e-07 9.92473e-09 4.92691e-08 0 0 3.27071e-17
scan charginogluino 1900 2000 L3DY0T0STVB 0 2.308e-09 2.308e-09 0 0 0 0 0
scan charginogluino 1900 2000 L3DY0T0STVA 0 2.308e-09 2.308e-09 0 0 0 0 0
scan charginogluino 1900 2000 L3DY0T0 0 2.308e-09 2.308e-09 0 0 0 0 0
scan charginogluino 1900 2000 L3DY0T1STVB 9.35945e-07 3.84768e-07 3.83696e-07 2.86968e-09 2.61661e-08 1.31246e-09 1.12519e-08 1.61612e-09
scan charginogluino 1900 2000 L3DY0T1STVA 0 3.264e-09 3.264e-09 0 0 0 0 0
scan charginogluino 1900 2000 L3DY0T1 0 3.264e-09 3.264e-09 0 0 0 0 0
scan charginogluino 1900 2000 L3DY0T2STVB 2.83375e-06 8.49964e-07 8.48588e-07 5.9616e-10 1.90201e-08 2.60351e-08 2.38896e-08 2.69674e-08
scan charginogluino 1900 2000 L3DY0T2STVA 2.04771e-06 6.07117e-07 6.04852e-07 2.46892e-09 8.91711e-09 8.52835e-09 4.74063e-08 1.84295e-08
scan charginogluino 1900 2000 L3DY0T2 8.00939e-08 7.33647e-08 7.33349e-08 2.22023e-10 5.16586e-11 2.28711e-10 1.95818e-09 6.55752e-10
scan charginogluino 1900 2000 L3DY1T0STVBZV 2.13606e-06 8.51086e-07 8.49877e-07 7.69733e-09 4.46743e-08 0 0 1.51248e-12
scan charginogluino 1900 2000 L3DY1T0STVAZV 0 2.308e-09 2.308e-09 0 0 0 0 0
scan charginogluino 1900 2000 L3DY1T0ZV 0 2.308e-09 2.308e-09 0 0 0 0 0
scan charginogluino 1900 2000 L3DY1T0STVB 1.02327e-08 1.04272e-08 1.04261e-08 3.11519e-11 1.47986e-10 0 0 8.0738e-17
scan charginogluino 1900 2000 L3DY1T0STVA 0 2.308e-09 2.308e-09 0 0 0 0 0
scan charginogluino 1900 2000 L3DY1T0 0 2.308e-09 2.308e-09 0 0 0 0 0
scan charginogluino 1900 2000 L3DY1T1STVBZV 2.79979e-05 2.76092e-06 2.69472e-06 1.08026e-07 5.20976e-07 1.47096e-07 2.37091e-07 1.62297e-08
scan charginogluino 1900 2000 L3DY1T1STVAZV 9.97456e-06 1.4843e-06 1.48029e-06 4.18977e-08 4.46348e-08 5.85647e-08 6.85513e-08 3.97205e-09
scan charginogluino 1900 2000 L3DY1T1ZV 0 2.308e-09 2.308e-09 0 0 0 0 0
scan charginogluino 1900 2000 L3DY1T1STVB 2.7739e-07 2.39485e-07 2.39404e-07 2.5381e-10 3.40963e-09 0 5.19437e-09 1.53018e-10
scan charginogluino 1900 2000 L3DY1T1STVA 5.27518e-07 2.49442e-07 2.47304e-07 0 3.06704e-08 1.19228e-10 1.07601e-08 2.38761e-09
scan charginogluino 1900 2000 L3DY1T1 0 2.308e-09 2.308e-09 0 0 0 0 0
