model hrpv
parameter hrpv 4
parameter kFactorProcessWeighted true
scan charginogluino 2400 2400 LOXSEC 0.001136
scan charginogluino 2400 2400 L4DY0T0STVB 0 2.54017e-09 2.54017e-09 0 0 0 0 0
scan charginogluino 2400 2400 L4DY0T0STVA 0 2.54017e-09 2.54017e-09 0 0 0 0 0
scan charginogluino 2400 2400 L4DY0T0 0 2.54017e-09 2.54017e-09 0 0 0 0 0
scan charginogluino 2400 2400 L4DY0T1STVB 0 3.21309e-09 3.21309e-09 0 0 0 0 0
scan charginogluino 2400 2400 L4DY0T1STVA 0 3.21309e-09 3.21309e-09 0 0 0 0 0
scan charginogluino 2400 2400 L4DY0T1 0 3.21309e-09 3.21309e-09 0 0 0 0 0
scan charginogluino 2400 2400 L4DY0T2STVB 0 3.408e-09 3.408e-09 0 0 0 0 0
scan charginogluino 2400 2400 L4DY0T2STVA 0 3.408e-09 3.408e-09 0 0 0 0 0
scan charginogluino 2400 2400 L4DY0T2 0 3.408e-09 3.408e-09 0 0 0 0 0
scan charginogluino 2400 2400 L4DY1T0STVBZV 0 2.54017e-09 2.54017e-09 0 0 0 0 0
scan charginogluino 2400 2400 L4DY1T0STVB 0 2.54017e-09 2.54017e-09 0 0 0 0 0
scan charginogluino 2400 2400 L4DY1T0STVAZV 0 2.54017e-09 2.54017e-09 0 0 0 0 0
scan charginogluino 2400 2400 L4DY1T0STVA 0 2.54017e-09 2.54017e-09 0 0 0 0 0
scan charginogluino 2400 2400 L4DY1T0ZV 0 2.54017e-09 2.54017e-09 0 0 0 0 0
scan charginogluino 2400 2400 L4DY1T0 0 2.54017e-09 2.54017e-09 0 0 0 0 0
scan charginogluino 2400 2400 L4DY1T1STVBZV 0 3.21309e-09 3.21309e-09 0 0 0 0 0
scan charginogluino 2400 2400 L4DY1T1STVB 0 3.21309e-09 3.21309e-09 0 0 0 0 0
scan charginogluino 2400 2400 L4DY1T1STVAZV 0 3.21309e-09 3.21309e-09 0 0 0 0 0
scan charginogluino 2400 2400 L4DY1T1STVA 0 3.21309e-09 3.21309e-09 0 0 0 0 0
scan charginogluino 2400 2400 L4DY1T1ZV 0 3.21309e-09 3.21309e-09 0 0 0 0 0
scan charginogluino 2400 2400 L4DY1T1 0 3.21309e-09 3.21309e-09 0 0 0 0 0
scan charginogluino 2400 2400 L4DY1T2STVBZV 8.38567e-07 4.52879e-07 4.51373e-07 1.46228e-09 2.51742e-08 9.83284e-09 2.50514e-08 1.40983e-09
scan charginogluino 2400 2400 L4DY1T2STVB 0 2.78262e-09 2.78262e-09 0 0 0 0 0
scan charginogluino 2400 2400 L4DY1T2STVAZV 6.09898e-07 4.13273e-07 4.07874e-07 2.14813e-10 6.02579e-08 1.08928e-09 2.81769e-08 2.63458e-09
scan charginogluino 2400 2400 L4DY1T2STVA 0 2.78262e-09 2.78262e-09 0 0 0 0 0
scan charginogluino 2400 2400 L4DY1T2ZV 0 2.78262e-09 2.78262e-09 0 0 0 0 0
scan charginogluino 2400 2400 L4DY1T2 0 2.78262e-09 2.78262e-09 0 0 0 0 0
scan charginogluino 2400 2400 L4DY2T0 0 1.96761e-09 1.96761e-09 0 0 0 0 0
scan charginogluino 2400 2400 L4DY2T0ZV 0 1.96761e-09 1.96761e-09 0 0 0 0 0
scan charginogluino 2400 2400 L4DY2T0STVAZV 0 1.96761e-09 1.96761e-09 0 0 0 0 0
scan charginogluino 2400 2400 L4DY2T0STVA 0 1.96761e-09 1.96761e-09 0 0 0 0 0
scan charginogluino 2400 2400 L4DY2T0STVB 0 1.96761e-09 1.96761e-09 0 0 0 0 0
scan charginogluino 2400 2400 L4DY2T0STVBZV 3.35402e-07 3.35548e-07 3.35406e-07 0 9.75739e-09 0 0 3.1363e-21
scan charginogluino 2400 2400 L3DY0T0STVB 0 2.272e-09 2.272e-09 0 0 0 0 0
scan charginogluino 2400 2400 L3DY0T0STVA 0 2.272e-09 2.272e-09 0 0 0 0 0
scan charginogluino 2400 2400 L3DY0T0 0 2.272e-09 2.272e-09 0 0 0 0 0
scan charginogluino 2400 2400 L3DY0T1STVB 7.76358e-07 3.26084e-07 3.25003e-07 1.95639e-09 2.29176e-08 5.63993e-10 1.31011e-08 1.5571e-09
scan charginogluino 2400 2400 L3DY0T1STVA 5.42078e-07 3.89291e-07 3.83319e-07 3.31861e-09 6.56412e-08 0 1.19438e-08 1.23327e-08
scan charginogluino 2400 2400 L3DY0T1 0 3.21309e-09 3.21309e-09 0 0 0 0 0
scan charginogluino 2400 2400 L3DY0T2STVB 3.92773e-06 9.50997e-07 9.4824e-07 3.09966e-09 2.09788e-08 3.44473e-08 4.78627e-08 3.61987e-08
scan charginogluino 2400 2400 L3DY0T2STVA 2.69569e-06 6.79898e-07 6.78495e-07 2.14445e-09 1.43577e-08 2.18921e-08 2.4477e-08 2.48351e-08
scan charginogluino 2400 2400 L3DY0T2 0 3.21309e-09 3.21309e-09 0 0 0 0 0
scan charginogluino 2400 2400 L3DY1T0STVBZV 2.38746e-07 2.27544e-07 2.27534e-07 2.07985e-09 2.50384e-10 0 0 1.02432e-13
scan charginogluino 2400 2400 L3DY1T0STVAZV 0 2.272e-09 2.272e-09 0 0 0 0 0
scan charginogluino 2400 2400 L3DY1T0ZV 0 2.272e-09 2.272e-09 0 0 0 0 0
scan charginogluino 2400 2400 L3DY1T0STVB 4.63442e-08 4.64291e-08 4.6386e-08 0 2.00159e-09 0 0 4.71431e-15
scan charginogluino 2400 2400 L3DY1T0STVA 0 2.272e-09 2.272e-09 0 0 0 0 0
scan charginogluino 2400 2400 L3DY1T0 0 2.272e-09 2.272e-09 0 0 0 0 0
scan charginogluino 2400 2400 L3DY1T1STVBZV 2.42023e-05 2.3001e-06 2.26373e-06 9.01964e-08 2.10987e-07 9.16083e-08 3.2344e-07 1.84842e-08
scan charginogluino 2400 2400 L3DY1T1STVAZV 1.37572e-05 1.83338e-06 1.82415e-06 5.28595e-08 7.74266e-08 5.34347e-08 1.4831e-07 1.00495e-08
scan charginogluino 2400 2400 L3DY1T1ZV 0 2.272e-09 2.272e-09 0 0 0 0 0
scan charginogluino 2400 2400 L3DY1T1STVB 1.59976e-06 4.7118e-07 4.6981e-07 8.88061e-09 2.13524e-08 4.72254e-09 2.69454e-08 2.53739e-09
scan charginogluino 2400 2400 L3DY1T1STVA 7.57488e-07 3.7564e-07 3.75534e-07 2.65819e-09 5.57915e-09 6.03108e-09 2.09287e-09 7.11144e-10
scan charginogluino 2400 2400 L3DY1T1 0 2.272e-09 2.272e-09 0 0 0 0 0
