model hrpv
parameter hrpv 4
parameter kFactorProcessWeighted true
scan charginogluino 1000 1800 LOXSEC 0.01123
scan charginogluino 1000 1800 L4DY0T0STVB 2.96511e-06 2.98375e-06 2.96519e-06 1.80787e-08 3.3176e-07 0 0 5.94345e-16
scan charginogluino 1000 1800 L4DY0T0STVA 0 2.5111e-08 2.5111e-08 0 0 0 0 0
scan charginogluino 1000 1800 L4DY0T0 0 2.5111e-08 2.5111e-08 0 0 0 0 0
scan charginogluino 1000 1800 L4DY0T1STVB 7.63568e-06 4.76176e-06 4.7598e-06 3.28717e-08 9.8189e-08 1.10364e-08 8.83643e-08 4.41018e-09
scan charginogluino 1000 1800 L4DY0T1STVA 0 3.17632e-08 3.17632e-08 0 0 0 0 0
scan charginogluino 1000 1800 L4DY0T1 0 3.17632e-08 3.17632e-08 0 0 0 0 0
scan charginogluino 1000 1800 L4DY0T2STVB 0.000105691 1.51188e-05 1.50018e-05 3.93996e-07 1.42446e-06 6.45145e-07 9.31264e-07 2.38713e-07
scan charginogluino 1000 1800 L4DY0T2STVA 0 3.369e-08 3.369e-08 0 0 0 0 0
scan charginogluino 1000 1800 L4DY0T2 0 3.369e-08 3.369e-08 0 0 0 0 0
scan charginogluino 1000 1800 L4DY1T0STVBZV 5.27988e-05 1.41393e-05 1.39368e-05 4.08538e-07 2.34929e-06 0 0 3.38971e-11
scan charginogluino 1000 1800 L4DY1T0STVB 1.39212e-05 7.04019e-06 6.96064e-06 8.70477e-08 1.05173e-06 0 0 1.23146e-18
scan charginogluino 1000 1800 L4DY1T0STVAZV 0 2.5111e-08 2.5111e-08 0 0 0 0 0
scan charginogluino 1000 1800 L4DY1T0STVA 0 2.5111e-08 2.5111e-08 0 0 0 0 0
scan charginogluino 1000 1800 L4DY1T0ZV 0 2.5111e-08 2.5111e-08 0 0 0 0 0
scan charginogluino 1000 1800 L4DY1T0 0 2.5111e-08 2.5111e-08 0 0 0 0 0
scan charginogluino 1000 1800 L4DY1T1STVBZV 0.000717833 4.31605e-05 4.02948e-05 3.64784e-06 1.46431e-05 2.07034e-06 2.67308e-06 7.87419e-09
scan charginogluino 1000 1800 L4DY1T1STVB 9.79174e-05 2.03742e-05 2.01752e-05 6.12447e-07 2.71553e-06 4.2292e-07 3.7762e-07 2.60298e-09
scan charginogluino 1000 1800 L4DY1T1STVAZV 0 3.17632e-08 3.17632e-08 0 0 0 0 0
scan charginogluino 1000 1800 L4DY1T1STVA 0 3.17632e-08 3.17632e-08 0 0 0 0 0
scan charginogluino 1000 1800 L4DY1T1ZV 0 3.17632e-08 3.17632e-08 0 0 0 0 0
scan charginogluino 1000 1800 L4DY1T1 0 3.17632e-08 3.17632e-08 0 0 0 0 0
scan charginogluino 1000 1800 L4DY1T2STVBZV 0.000302244 2.79339e-05 2.76894e-05 1.10197e-06 2.25856e-06 2.00827e-06 1.78526e-06 2.47728e-07
scan charginogluino 1000 1800 L4DY1T2STVB 1.97003e-05 7.46273e-06 7.26282e-06 6.19457e-08 1.70875e-06 1.0726e-07 9.26775e-08 8.91692e-09
scan charginogluino 1000 1800 L4DY1T2STVAZV 4.37228e-06 3.1732e-06 3.16691e-06 1.03692e-08 3.86429e-08 1.95652e-07 0 2.12908e-09
scan charginogluino 1000 1800 L4DY1T2STVA 0 2.75078e-08 2.75078e-08 0 0 0 0 0
scan charginogluino 1000 1800 L4DY1T2ZV 0 2.75078e-08 2.75078e-08 0 0 0 0 0
scan charginogluino 1000 1800 L4DY1T2 0 2.75078e-08 2.75078e-08 0 0 0 0 0
scan charginogluino 1000 1800 L4DY2T0 0 1.94509e-08 1.94509e-08 0 0 0 0 0
scan charginogluino 1000 1800 L4DY2T0ZV 0 1.94509e-08 1.94509e-08 0 0 0 0 0
scan charginogluino 1000 1800 L4DY2T0STVAZV 0 1.94509e-08 1.94509e-08 0 0 0 0 0
scan charginogluino 1000 1800 L4DY2T0STVA 0 1.94509e-08 1.94509e-08 0 0 0 0 0
scan charginogluino 1000 1800 L4DY2T0STVB 0.000143685 1.84819e-05 1.83009e-05 1.26722e-06 2.24779e-06 0 0 1.78063e-14
scan charginogluino 1000 1800 L4DY2T0STVBZV 0.000930788 5.27936e-05 4.91634e-05 6.40608e-06 1.81407e-05 0 0 4.70932e-14
scan charginogluino 1000 1800 L3DY0T0STVB 9.93864e-06 4.63652e-06 4.55483e-06 9.99771e-08 8.60733e-07 0 0 3.85275e-11
scan charginogluino 1000 1800 L3DY0T0STVA 0 2.246e-08 2.246e-08 0 0 0 0 0
scan charginogluino 1000 1800 L3DY0T0 0 2.246e-08 2.246e-08 0 0 0 0 0
scan charginogluino 1000 1800 L3DY0T1STVB 0.000405659 3.37153e-05 3.29688e-05 1.12403e-06 6.67688e-06 1.07686e-06 1.55731e-06 5.92034e-07
scan charginogluino 1000 1800 L3DY0T1STVA 2.53283e-06 2.5337e-06 2.53301e-06 7.71085e-09 1.82624e-08 0 5.58069e-08 4.82537e-10
scan charginogluino 1000 1800 L3DY0T1 0 3.17632e-08 3.17632e-08 0 0 0 0 0
scan charginogluino 1000 1800 L3DY0T2STVB 0.000393707 2.84596e-05 2.78307e-05 6.34732e-07 1.33543e-06 2.19203e-06 4.05421e-06 3.46034e-06
scan charginogluino 1000 1800 L3DY0T2STVA 4.59619e-06 4.02784e-06 4.02734e-06 1.79817e-09 2.8881e-08 3.56266e-08 6.46399e-09 4.33084e-08
scan charginogluino 1000 1800 L3DY0T2 0 3.17632e-08 3.17632e-08 0 0 0 0 0
scan charginogluino 1000 1800 L3DY1T0STVBZV 0.00147586 6.7241e-05 6.13061e-05 7.52563e-06 2.65758e-05 0 0 9.37542e-10
scan charginogluino 1000 1800 L3DY1T0STVAZV 0 2.246e-08 2.246e-08 0 0 0 0 0
scan charginogluino 1000 1800 L3DY1T0ZV 0 2.246e-08 2.246e-08 0 0 0 0 0
scan charginogluino 1000 1800 L3DY1T0STVB 0.000115158 1.64306e-05 1.60475e-05 6.6189e-07 3.46479e-06 0 0 8.67938e-11
scan charginogluino 1000 1800 L3DY1T0STVA 0 2.246e-08 2.246e-08 0 0 0 0 0
scan charginogluino 1000 1800 L3DY1T0 0 2.246e-08 2.246e-08 0 0 0 0 0
scan charginogluino 1000 1800 L3DY1T1STVBZV 0.000855587 4.5773e-05 4.47731e-05 3.13713e-06 6.82779e-06 2.84536e-06 5.0679e-06 5.49251e-07
scan charginogluino 1000 1800 L3DY1T1STVAZV 1.00251e-05 4.16165e-06 4.16045e-06 4.70517e-08 3.33486e-08 3.18649e-08 7.46417e-08 7.42167e-09
scan charginogluino 1000 1800 L3DY1T1ZV 0 2.246e-08 2.246e-08 0 0 0 0 0
scan charginogluino 1000 1800 L3DY1T1STVB 6.86714e-05 1.32049e-05 1.31551e-05 2.36068e-07 9.97968e-07 1.75358e-07 4.67086e-07 1.05502e-07
scan charginogluino 1000 1800 L3DY1T1STVA 2.64082e-06 2.55424e-06 2.55357e-06 1.55551e-08 1.91633e-09 2.70466e-10 5.62288e-08 8.73295e-10
scan charginogluino 1000 1800 L3DY1T1 0 2.246e-08 2.246e-08 0 0 0 0 0
