model hrpv
parameter hrpv 4
parameter kFactorProcessWeighted true
scan charginogluino 1100 1100 LOXSEC 0.01415
scan charginogluino 1100 1100 L4DY0T0STVB 0 3.16404e-08 3.16404e-08 0 0 0 0 0
scan charginogluino 1100 1100 L4DY0T0STVA 0 3.16404e-08 3.16404e-08 0 0 0 0 0
scan charginogluino 1100 1100 L4DY0T0 0 3.16404e-08 3.16404e-08 0 0 0 0 0
scan charginogluino 1100 1100 L4DY0T1STVB 2.00679e-05 1.11506e-05 1.11427e-05 1.25652e-07 2.48445e-07 1.79874e-08 3.11981e-07 2.60035e-11
scan charginogluino 1100 1100 L4DY0T1STVA 0 4.00222e-08 4.00222e-08 0 0 0 0 0
scan charginogluino 1100 1100 L4DY0T1 0 4.00222e-08 4.00222e-08 0 0 0 0 0
scan charginogluino 1100 1100 L4DY0T2STVB 0.000115627 1.96204e-05 1.92317e-05 3.0502e-07 3.54317e-06 7.54837e-07 1.36008e-06 1.88019e-07
scan charginogluino 1100 1100 L4DY0T2STVA 0 4.245e-08 4.245e-08 0 0 0 0 0
scan charginogluino 1100 1100 L4DY0T2 0 4.245e-08 4.245e-08 0 0 0 0 0
scan charginogluino 1100 1100 L4DY1T0STVBZV 0.000234487 5.04893e-05 5.02399e-05 1.90591e-06 4.63627e-06 0 0 5.25061e-14
scan charginogluino 1100 1100 L4DY1T0STVB 3.42763e-05 1.5152e-05 1.45866e-05 3.70455e-07 4.08371e-06 0 0 2.88626e-15
scan charginogluino 1100 1100 L4DY1T0STVAZV 0 3.16404e-08 3.16404e-08 0 0 0 0 0
scan charginogluino 1100 1100 L4DY1T0STVA 0 3.16404e-08 3.16404e-08 0 0 0 0 0
scan charginogluino 1100 1100 L4DY1T0ZV 0 3.16404e-08 3.16404e-08 0 0 0 0 0
scan charginogluino 1100 1100 L4DY1T0 0 3.16404e-08 3.16404e-08 0 0 0 0 0
scan charginogluino 1100 1100 L4DY1T1STVBZV 0.00110023 7.52917e-05 7.13963e-05 5.90757e-06 2.2231e-05 3.59172e-06 5.42089e-06 9.67534e-08
scan charginogluino 1100 1100 L4DY1T1STVB 8.85873e-05 2.92294e-05 2.83936e-05 4.93995e-07 6.88392e-06 6.43308e-07 3.36448e-07 1.16556e-09
scan charginogluino 1100 1100 L4DY1T1STVAZV 0 4.00222e-08 4.00222e-08 0 0 0 0 0
scan charginogluino 1100 1100 L4DY1T1STVA 0 4.00222e-08 4.00222e-08 0 0 0 0 0
scan charginogluino 1100 1100 L4DY1T1ZV 0 4.00222e-08 4.00222e-08 0 0 0 0 0
scan charginogluino 1100 1100 L4DY1T1 0 4.00222e-08 4.00222e-08 0 0 0 0 0
scan charginogluino 1100 1100 L4DY1T2STVBZV 0.000474289 4.19051e-05 4.13798e-05 1.58489e-06 3.71228e-06 3.05686e-06 4.24719e-06 2.60937e-07
scan charginogluino 1100 1100 L4DY1T2STVB 1.62088e-05 7.58842e-06 7.58221e-06 7.41258e-08 2.93371e-08 2.93096e-07 4.44875e-08 3.33585e-09
scan charginogluino 1100 1100 L4DY1T2STVAZV 0 3.46603e-08 3.46603e-08 0 0 0 0 0
scan charginogluino 1100 1100 L4DY1T2STVA 0 3.46603e-08 3.46603e-08 0 0 0 0 0
scan charginogluino 1100 1100 L4DY1T2ZV 0 3.46603e-08 3.46603e-08 0 0 0 0 0
scan charginogluino 1100 1100 L4DY1T2 0 3.46603e-08 3.46603e-08 0 0 0 0 0
scan charginogluino 1100 1100 L4DY2T0 0 2.45085e-08 2.45085e-08 0 0 0 0 0
scan charginogluino 1100 1100 L4DY2T0ZV 0 2.45085e-08 2.45085e-08 0 0 0 0 0
scan charginogluino 1100 1100 L4DY2T0STVAZV 0 2.45085e-08 2.45085e-08 0 0 0 0 0
scan charginogluino 1100 1100 L4DY2T0STVA 0 2.45085e-08 2.45085e-08 0 0 0 0 0
scan charginogluino 1100 1100 L4DY2T0STVB 0.000285723 4.15821e-05 4.10205e-05 2.26458e-06 6.42378e-06 0 0 1.4436e-14
scan charginogluino 1100 1100 L4DY2T0STVBZV 0.00139722 8.45116e-05 8.09492e-05 1.17758e-05 2.1231e-05 0 0 3.76012e-14
scan charginogluino 1100 1100 L3DY0T0STVB 5.88824e-05 1.83368e-05 1.79836e-05 3.64862e-07 3.56319e-06 0 0 8.83449e-10
scan charginogluino 1100 1100 L3DY0T0STVA 0 2.83e-08 2.83e-08 0 0 0 0 0
scan charginogluino 1100 1100 L3DY0T0 0 2.83e-08 2.83e-08 0 0 0 0 0
scan charginogluino 1100 1100 L3DY0T1STVB 0.000926896 7.72275e-05 7.61301e-05 2.75219e-06 1.18856e-05 2.63906e-06 3.26116e-06 1.3626e-06
scan charginogluino 1100 1100 L3DY0T1STVA 0 4.00222e-08 4.00222e-08 0 0 0 0 0
scan charginogluino 1100 1100 L3DY0T1 0 4.00222e-08 4.00222e-08 0 0 0 0 0
scan charginogluino 1100 1100 L3DY0T2STVB 0.000670323 6.33745e-05 6.255e-05 9.83657e-07 2.50351e-06 4.14865e-06 6.639e-06 5.94189e-06
scan charginogluino 1100 1100 L3DY0T2STVA 0 4.00222e-08 4.00222e-08 0 0 0 0 0
scan charginogluino 1100 1100 L3DY0T2 0 4.00222e-08 4.00222e-08 0 0 0 0 0
scan charginogluino 1100 1100 L3DY1T0STVBZV 0.00222464 0.000111405 0.000102342 1.30873e-05 4.20242e-05 0 0 4.09662e-08
scan charginogluino 1100 1100 L3DY1T0STVAZV 0 2.83e-08 2.83e-08 0 0 0 0 0
scan charginogluino 1100 1100 L3DY1T0ZV 0 2.83e-08 2.83e-08 0 0 0 0 0
scan charginogluino 1100 1100 L3DY1T0STVB 0.000422079 7.28729e-05 5.96129e-05 2.57903e-06 4.18343e-05 0 0 4.22185e-08
scan charginogluino 1100 1100 L3DY1T0STVA 0 2.83e-08 2.83e-08 0 0 0 0 0
scan charginogluino 1100 1100 L3DY1T0 0 2.83e-08 2.83e-08 0 0 0 0 0
scan charginogluino 1100 1100 L3DY1T1STVBZV 0.0014456 8.18739e-05 7.97517e-05 5.24009e-06 1.48675e-05 3.83086e-06 8.88743e-06 9.14366e-07
scan charginogluino 1100 1100 L3DY1T1STVAZV 5.28985e-06 3.09569e-06 3.09426e-06 9.37974e-09 5.42486e-08 3.29085e-08 6.87839e-08 1.51677e-09
scan charginogluino 1100 1100 L3DY1T1ZV 0 2.83e-08 2.83e-08 0 0 0 0 0
scan charginogluino 1100 1100 L3DY1T1STVB 0.000109856 2.58259e-05 2.58034e-05 5.59914e-07 4.1613e-07 7.80921e-07 2.36902e-07 9.72811e-08
scan charginogluino 1100 1100 L3DY1T1STVA 0 2.83e-08 2.83e-08 0 0 0 0 0
scan charginogluino 1100 1100 L3DY1T1 0 2.83e-08 2.83e-08 0 0 0 0 0
