model hrpv
parameter hrpv 4
parameter kFactorProcessWeighted true
scan charginogluino 1200 1500 LOXSEC 0.004543
scan charginogluino 1200 1500 L4DY0T0STVB 0 1.01585e-08 1.01585e-08 0 0 0 0 0
scan charginogluino 1200 1500 L4DY0T0STVA 0 1.01585e-08 1.01585e-08 0 0 0 0 0
scan charginogluino 1200 1500 L4DY0T0 0 1.01585e-08 1.01585e-08 0 0 0 0 0
scan charginogluino 1200 1500 L4DY0T1STVB 1.81231e-06 1.51181e-06 1.47187e-06 2.42143e-09 3.4484e-07 1.53968e-08 0 4.28866e-13
scan charginogluino 1200 1500 L4DY0T1STVA 0 1.28495e-08 1.28495e-08 0 0 0 0 0
scan charginogluino 1200 1500 L4DY0T1 0 1.28495e-08 1.28495e-08 0 0 0 0 0
scan charginogluino 1200 1500 L4DY0T2STVB 4.94065e-05 8.99944e-06 8.77806e-06 1.22572e-07 1.91749e-06 3.05439e-07 3.78444e-07 8.5301e-08
scan charginogluino 1200 1500 L4DY0T2STVA 0 1.3629e-08 1.3629e-08 0 0 0 0 0
scan charginogluino 1200 1500 L4DY0T2 0 1.3629e-08 1.3629e-08 0 0 0 0 0
scan charginogluino 1200 1500 L4DY1T0STVBZV 1.62301e-05 4.59394e-06 4.44388e-06 1.20422e-07 1.15834e-06 0 0 7.32974e-16
scan charginogluino 1200 1500 L4DY1T0STVB 1.58945e-06 1.15751e-06 1.1244e-06 1.20484e-08 2.74608e-07 0 0 3.82327e-17
scan charginogluino 1200 1500 L4DY1T0STVAZV 0 1.01585e-08 1.01585e-08 0 0 0 0 0
scan charginogluino 1200 1500 L4DY1T0STVA 0 1.01585e-08 1.01585e-08 0 0 0 0 0
scan charginogluino 1200 1500 L4DY1T0ZV 0 1.01585e-08 1.01585e-08 0 0 0 0 0
scan charginogluino 1200 1500 L4DY1T0 0 1.01585e-08 1.01585e-08 0 0 0 0 0
scan charginogluino 1200 1500 L4DY1T1STVBZV 0.000203113 1.47211e-05 1.43006e-05 9.98481e-07 3.2022e-06 5.32299e-07 8.17704e-07 1.23734e-10
scan charginogluino 1200 1500 L4DY1T1STVB 1.83366e-05 4.12185e-06 4.06746e-06 7.14528e-08 6.58774e-07 5.5078e-08 5.76618e-08 1.2564e-11
scan charginogluino 1200 1500 L4DY1T1STVAZV 0 1.28495e-08 1.28495e-08 0 0 0 0 0
scan charginogluino 1200 1500 L4DY1T1STVA 0 1.28495e-08 1.28495e-08 0 0 0 0 0
scan charginogluino 1200 1500 L4DY1T1ZV 0 1.28495e-08 1.28495e-08 0 0 0 0 0
scan charginogluino 1200 1500 L4DY1T1 0 1.28495e-08 1.28495e-08 0 0 0 0 0
scan charginogluino 1200 1500 L4DY1T2STVBZV 0.000117783 1.25396e-05 1.24008e-05 4.4741e-07 9.03058e-07 9.09202e-07 1.27094e-06 6.14267e-08
scan charginogluino 1200 1500 L4DY1T2STVB 1.07016e-05 4.64309e-06 4.32075e-06 3.11252e-08 1.69703e-06 9.19891e-08 1.16557e-09 4.88733e-09
scan charginogluino 1200 1500 L4DY1T2STVAZV 0 1.1128e-08 1.1128e-08 0 0 0 0 0
scan charginogluino 1200 1500 L4DY1T2STVA 0 1.1128e-08 1.1128e-08 0 0 0 0 0
scan charginogluino 1200 1500 L4DY1T2ZV 0 1.1128e-08 1.1128e-08 0 0 0 0 0
scan charginogluino 1200 1500 L4DY1T2 0 1.1128e-08 1.1128e-08 0 0 0 0 0
scan charginogluino 1200 1500 L4DY2T0 0 7.86871e-09 7.86871e-09 0 0 0 0 0
scan charginogluino 1200 1500 L4DY2T0ZV 0 7.86871e-09 7.86871e-09 0 0 0 0 0
scan charginogluino 1200 1500 L4DY2T0STVAZV 0 7.86871e-09 7.86871e-09 0 0 0 0 0
scan charginogluino 1200 1500 L4DY2T0STVA 0 7.86871e-09 7.86871e-09 0 0 0 0 0
scan charginogluino 1200 1500 L4DY2T0STVB 5.71723e-05 8.56698e-06 8.2744e-06 5.13837e-07 2.15949e-06 0 0 2.2582e-15
scan charginogluino 1200 1500 L4DY2T0STVBZV 0.000253819 1.75588e-05 1.71686e-05 2.11256e-06 3.01436e-06 0 0 1.22313e-14
scan charginogluino 1200 1500 L3DY0T0STVB 1.17835e-06 8.4962e-07 8.33254e-07 7.9371e-09 1.65767e-07 0 0 7.32124e-12
scan charginogluino 1200 1500 L3DY0T0STVA 0 9.086e-09 9.086e-09 0 0 0 0 0
scan charginogluino 1200 1500 L3DY0T0 0 9.086e-09 9.086e-09 0 0 0 0 0
scan charginogluino 1200 1500 L3DY0T1STVB 0.000150881 1.5161e-05 1.4304e-05 3.6391e-07 4.95285e-06 4.24438e-07 5.66054e-07 2.97508e-07
scan charginogluino 1200 1500 L3DY0T1STVA 0 1.28495e-08 1.28495e-08 0 0 0 0 0
scan charginogluino 1200 1500 L3DY0T1 0 1.28495e-08 1.28495e-08 0 0 0 0 0
scan charginogluino 1200 1500 L3DY0T2STVB 0.000141851 1.24843e-05 1.23245e-05 1.61719e-07 6.2868e-07 8.32938e-07 1.099e-06 1.28149e-06
scan charginogluino 1200 1500 L3DY0T2STVA 2.57395e-06 1.19137e-06 1.19041e-06 6.32354e-09 3.5822e-09 1.40179e-08 3.94985e-08 2.14948e-08
scan charginogluino 1200 1500 L3DY0T2 0 1.28495e-08 1.28495e-08 0 0 0 0 0
scan charginogluino 1200 1500 L3DY1T0STVBZV 0.000499842 2.56441e-05 2.4608e-05 2.99109e-06 6.56688e-06 0 0 2.45153e-09
scan charginogluino 1200 1500 L3DY1T0STVAZV 0 9.086e-09 9.086e-09 0 0 0 0 0
scan charginogluino 1200 1500 L3DY1T0ZV 0 9.086e-09 9.086e-09 0 0 0 0 0
scan charginogluino 1200 1500 L3DY1T0STVB 6.7349e-05 1.01032e-05 1.00469e-05 4.9645e-07 9.42329e-07 0 0 5.0507e-10
scan charginogluino 1200 1500 L3DY1T0STVA 0 9.086e-09 9.086e-09 0 0 0 0 0
scan charginogluino 1200 1500 L3DY1T0 0 9.086e-09 9.086e-09 0 0 0 0 0
scan charginogluino 1200 1500 L3DY1T1STVBZV 0.000358512 2.02806e-05 1.99042e-05 1.32105e-06 2.76493e-06 1.06002e-06 2.13819e-06 1.93589e-07
scan charginogluino 1200 1500 L3DY1T1STVAZV 7.88801e-06 2.17877e-06 2.17494e-06 2.99071e-08 5.31645e-08 5.80496e-08 9.78407e-08 3.3705e-09
scan charginogluino 1200 1500 L3DY1T1ZV 0 9.086e-09 9.086e-09 0 0 0 0 0
scan charginogluino 1200 1500 L3DY1T1STVB 1.50563e-05 4.21053e-06 4.19663e-06 8.72526e-08 3.08017e-07 3.10511e-08 1.14406e-07 1.91136e-08
scan charginogluino 1200 1500 L3DY1T1STVA 6.5604e-07 6.56259e-07 6.56088e-07 3.99874e-09 0 0 1.44548e-08 2.10973e-10
scan charginogluino 1200 1500 L3DY1T1 0 9.086e-09 9.086e-09 0 0 0 0 0
