model hrpv
parameter hrpv 4
parameter kFactorProcessWeighted true
scan charginogluino 1600 1400 LOXSEC 0.001687
scan charginogluino 1600 1400 L4DY0T0STVB 0 3.77225e-09 3.77225e-09 0 0 0 0 0
scan charginogluino 1600 1400 L4DY0T0STVA 0 3.77225e-09 3.77225e-09 0 0 0 0 0
scan charginogluino 1600 1400 L4DY0T0 0 3.77225e-09 3.77225e-09 0 0 0 0 0
scan charginogluino 1600 1400 L4DY0T1STVB 3.87273e-07 3.87352e-07 3.87298e-07 5.83165e-09 2.79234e-09 0 0 7.37805e-11
scan charginogluino 1600 1400 L4DY0T1STVA 0 4.77156e-09 4.77156e-09 0 0 0 0 0
scan charginogluino 1600 1400 L4DY0T1 0 4.77156e-09 4.77156e-09 0 0 0 0 0
scan charginogluino 1600 1400 L4DY0T2STVB 5.5144e-06 2.0856e-06 2.07945e-06 2.18616e-08 1.44649e-07 6.28685e-08 1.18022e-08 1.05574e-08
scan charginogluino 1600 1400 L4DY0T2STVA 0 5.061e-09 5.061e-09 0 0 0 0 0
scan charginogluino 1600 1400 L4DY0T2 0 5.061e-09 5.061e-09 0 0 0 0 0
scan charginogluino 1600 1400 L4DY1T0STVBZV 2.86423e-06 1.21801e-06 1.08405e-06 1.37078e-08 5.55155e-07 0 0 8.89171e-17
scan charginogluino 1600 1400 L4DY1T0STVB 1.4477e-06 8.95152e-07 8.9456e-07 1.00817e-08 3.09645e-08 0 0 5.56846e-18
scan charginogluino 1600 1400 L4DY1T0STVAZV 0 3.77225e-09 3.77225e-09 0 0 0 0 0
scan charginogluino 1600 1400 L4DY1T0STVA 0 3.77225e-09 3.77225e-09 0 0 0 0 0
scan charginogluino 1600 1400 L4DY1T0ZV 0 3.77225e-09 3.77225e-09 0 0 0 0 0
scan charginogluino 1600 1400 L4DY1T0 0 3.77225e-09 3.77225e-09 0 0 0 0 0
scan charginogluino 1600 1400 L4DY1T1STVBZV 2.72868e-05 4.95446e-06 4.93984e-06 1.56079e-07 2.76028e-07 1.3708e-07 1.59061e-07 3.80276e-11
scan charginogluino 1600 1400 L4DY1T1STVB 7.8765e-07 5.04367e-07 5.04184e-07 5.86299e-09 3.17462e-09 9.00809e-09 7.65353e-09 7.8685e-13
scan charginogluino 1600 1400 L4DY1T1STVAZV 0 4.77156e-09 4.77156e-09 0 0 0 0 0
scan charginogluino 1600 1400 L4DY1T1STVA 0 4.77156e-09 4.77156e-09 0 0 0 0 0
scan charginogluino 1600 1400 L4DY1T1ZV 0 4.77156e-09 4.77156e-09 0 0 0 0 0
scan charginogluino 1600 1400 L4DY1T1 0 4.77156e-09 4.77156e-09 0 0 0 0 0
scan charginogluino 1600 1400 L4DY1T2STVBZV 2.03351e-05 5.22831e-06 5.2203e-06 9.97602e-08 1.71107e-07 1.10287e-07 1.7929e-07 1.51103e-08
scan charginogluino 1600 1400 L4DY1T2STVB 1.32898e-08 1.38315e-08 1.38148e-08 0 1.92198e-10 0 6.51632e-10 5.17187e-13
scan charginogluino 1600 1400 L4DY1T2STVAZV 0 4.13229e-09 4.13229e-09 0 0 0 0 0
scan charginogluino 1600 1400 L4DY1T2STVA 2.232e-07 2.23504e-07 2.23232e-07 1.36046e-09 0 0 1.09441e-08 7.17777e-11
scan charginogluino 1600 1400 L4DY1T2ZV 0 4.13229e-09 4.13229e-09 0 0 0 0 0
scan charginogluino 1600 1400 L4DY1T2 0 4.13229e-09 4.13229e-09 0 0 0 0 0
scan charginogluino 1600 1400 L4DY2T0 0 2.92197e-09 2.92197e-09 0 0 0 0 0
scan charginogluino 1600 1400 L4DY2T0ZV 0 2.92197e-09 2.92197e-09 0 0 0 0 0
scan charginogluino 1600 1400 L4DY2T0STVAZV 0 2.92197e-09 2.92197e-09 0 0 0 0 0
scan charginogluino 1600 1400 L4DY2T0STVA 0 2.92197e-09 2.92197e-09 0 0 0 0 0
scan charginogluino 1600 1400 L4DY2T0STVB 1.4305e-05 3.80863e-06 3.68277e-06 9.99388e-08 9.65838e-07 0 0 6.35594e-16
scan charginogluino 1600 1400 L4DY2T0STVBZV 1.96788e-05 3.83271e-06 3.80999e-06 1.20159e-07 3.98961e-07 0 0 5.47236e-16
scan charginogluino 1600 1400 L3DY0T0STVB 1.19418e-06 1.2046e-06 1.19418e-06 7.27884e-09 1.57904e-07 0 0 1.70947e-12
scan charginogluino 1600 1400 L3DY0T0STVA 0 3.374e-09 3.374e-09 0 0 0 0 0
scan charginogluino 1600 1400 L3DY0T0 0 3.374e-09 3.374e-09 0 0 0 0 0
scan charginogluino 1600 1400 L3DY0T1STVB 3.10901e-05 7.16005e-06 7.08363e-06 6.6578e-08 1.00424e-06 5.84129e-08 2.64556e-07 4.65494e-08
scan charginogluino 1600 1400 L3DY0T1STVA 1.28472e-08 1.4193e-08 1.36004e-08 3.91113e-11 4.04199e-09 3.61031e-10 0 3.70213e-11
scan charginogluino 1600 1400 L3DY0T1 0 4.77156e-09 4.77156e-09 0 0 0 0 0
scan charginogluino 1600 1400 L3DY0T2STVB 4.04422e-05 5.72073e-06 5.69128e-06 7.56511e-08 1.12427e-07 2.18378e-07 3.83998e-07 3.50028e-07
scan charginogluino 1600 1400 L3DY0T2STVA 5.49879e-06 3.43535e-06 3.43337e-06 1.10197e-08 1.35486e-08 2.34038e-08 1.02711e-07 4.72115e-08
scan charginogluino 1600 1400 L3DY0T2 1.16819e-07 1.16934e-07 1.16904e-07 3.5565e-10 0 2.44957e-09 0 9.39923e-10
scan charginogluino 1600 1400 L3DY1T0STVBZV 6.41155e-05 6.85984e-06 6.73375e-06 4.32024e-07 1.23584e-06 0 0 6.33383e-11
scan charginogluino 1600 1400 L3DY1T0STVAZV 4.0041e-07 2.8546e-07 2.83148e-07 0 3.626e-08 0 0 2.16946e-14
scan charginogluino 1600 1400 L3DY1T0ZV 0 3.374e-09 3.374e-09 0 0 0 0 0
scan charginogluino 1600 1400 L3DY1T0STVB 5.01112e-06 1.90566e-06 1.90504e-06 3.36962e-08 3.5031e-08 0 0 8.76742e-12
scan charginogluino 1600 1400 L3DY1T0STVA 0 3.374e-09 3.374e-09 0 0 0 0 0
scan charginogluino 1600 1400 L3DY1T0 0 3.374e-09 3.374e-09 0 0 0 0 0
scan charginogluino 1600 1400 L3DY1T1STVBZV 7.91318e-05 7.24783e-06 7.17596e-06 3.30858e-07 4.28376e-07 2.41677e-07 8.25915e-07 5.55597e-08
scan charginogluino 1600 1400 L3DY1T1STVAZV 1.12421e-05 1.99247e-06 1.97963e-06 4.19872e-08 1.56488e-07 8.11954e-08 1.34197e-07 1.22111e-08
scan charginogluino 1600 1400 L3DY1T1ZV 0 3.374e-09 3.374e-09 0 0 0 0 0
scan charginogluino 1600 1400 L3DY1T1STVB 4.93e-06 1.62061e-06 1.60119e-06 1.09564e-08 2.35496e-07 9.29844e-09 8.21016e-08 1.35851e-08
scan charginogluino 1600 1400 L3DY1T1STVA 7.63708e-07 5.40325e-07 5.40031e-07 5.80228e-09 0 0 1.68271e-08 1.05122e-09
scan charginogluino 1600 1400 L3DY1T1 0 3.374e-09 3.374e-09 0 0 0 0 0
