model hrpv
parameter hrpv 4
parameter kFactorProcessWeighted true
scan charginogluino 900 1600 LOXSEC 0.02389
scan charginogluino 900 1600 L4DY0T0STVB 0 5.34197e-08 5.34197e-08 0 0 0 0 0
scan charginogluino 900 1600 L4DY0T0STVA 0 5.34197e-08 5.34197e-08 0 0 0 0 0
scan charginogluino 900 1600 L4DY0T0 0 5.34197e-08 5.34197e-08 0 0 0 0 0
scan charginogluino 900 1600 L4DY0T1STVB 2.58507e-06 1.32968e-06 1.32196e-06 1.26302e-08 1.41112e-07 1.06627e-08 1.63795e-08 2.35661e-12
scan charginogluino 900 1600 L4DY0T1STVA 0 6.75711e-08 6.75711e-08 0 0 0 0 0
scan charginogluino 900 1600 L4DY0T1 0 6.75711e-08 6.75711e-08 0 0 0 0 0
scan charginogluino 900 1600 L4DY0T2STVB 0.000272487 4.20731e-05 4.10157e-05 7.63509e-07 8.75367e-06 1.8756e-06 2.55138e-06 7.84896e-07
scan charginogluino 900 1600 L4DY0T2STVA 0 7.167e-08 7.167e-08 0 0 0 0 0
scan charginogluino 900 1600 L4DY0T2 0 7.167e-08 7.167e-08 0 0 0 0 0
scan charginogluino 900 1600 L4DY1T0STVBZV 6.41456e-05 1.98986e-05 1.88295e-05 5.49594e-07 6.41121e-06 0 0 7.9776e-15
scan charginogluino 900 1600 L4DY1T0STVB 1.09927e-05 6.3495e-06 6.34683e-06 1.06894e-07 1.50035e-07 0 0 1.65306e-12
scan charginogluino 900 1600 L4DY1T0STVAZV 0 5.34197e-08 5.34197e-08 0 0 0 0 0
scan charginogluino 900 1600 L4DY1T0STVA 0 5.34197e-08 5.34197e-08 0 0 0 0 0
scan charginogluino 900 1600 L4DY1T0ZV 0 5.34197e-08 5.34197e-08 0 0 0 0 0
scan charginogluino 900 1600 L4DY1T0 0 5.34197e-08 5.34197e-08 0 0 0 0 0
scan charginogluino 900 1600 L4DY1T1STVBZV 0.00157783 9.46956e-05 8.93932e-05 7.90715e-06 2.91443e-05 4.59491e-06 6.56323e-06 9.83503e-10
scan charginogluino 900 1600 L4DY1T1STVB 0.000177491 3.23256e-05 3.08446e-05 9.17366e-07 9.53746e-06 6.84156e-07 1.13036e-06 1.41262e-10
scan charginogluino 900 1600 L4DY1T1STVAZV 0 6.75711e-08 6.75711e-08 0 0 0 0 0
scan charginogluino 900 1600 L4DY1T1STVA 0 6.75711e-08 6.75711e-08 0 0 0 0 0
scan charginogluino 900 1600 L4DY1T1ZV 0 6.75711e-08 6.75711e-08 0 0 0 0 0
scan charginogluino 900 1600 L4DY1T1 0 6.75711e-08 6.75711e-08 0 0 0 0 0
scan charginogluino 900 1600 L4DY1T2STVBZV 0.000866266 6.8056e-05 6.68724e-05 2.7191e-06 7.21989e-06 5.89857e-06 8.07402e-06 4.46977e-07
scan charginogluino 900 1600 L4DY1T2STVB 3.64325e-05 1.25079e-05 1.23066e-05 1.48222e-07 2.15068e-06 1.8605e-07 5.54584e-07 7.56424e-08
scan charginogluino 900 1600 L4DY1T2STVAZV 0 5.85183e-08 5.85183e-08 0 0 0 0 0
scan charginogluino 900 1600 L4DY1T2STVA 0 5.85183e-08 5.85183e-08 0 0 0 0 0
scan charginogluino 900 1600 L4DY1T2ZV 0 5.85183e-08 5.85183e-08 0 0 0 0 0
scan charginogluino 900 1600 L4DY1T2 0 5.85183e-08 5.85183e-08 0 0 0 0 0
scan charginogluino 900 1600 L4DY2T0 0 4.13787e-08 4.13787e-08 0 0 0 0 0
scan charginogluino 900 1600 L4DY2T0ZV 0 4.13787e-08 4.13787e-08 0 0 0 0 0
scan charginogluino 900 1600 L4DY2T0STVAZV 0 4.13787e-08 4.13787e-08 0 0 0 0 0
scan charginogluino 900 1600 L4DY2T0STVA 0 4.13787e-08 4.13787e-08 0 0 0 0 0
scan charginogluino 900 1600 L4DY2T0STVB 0.000382874 4.23113e-05 4.17348e-05 3.18269e-06 6.19055e-06 0 0 1.53242e-11
scan charginogluino 900 1600 L4DY2T0STVBZV 0.00222465 0.000119224 0.000114626 1.74585e-05 2.77589e-05 0 0 7.81269e-14
scan charginogluino 900 1600 L3DY0T0STVB 3.28283e-05 1.28457e-05 1.26232e-05 3.95186e-07 2.34794e-06 0 0 8.03287e-11
scan charginogluino 900 1600 L3DY0T0STVA 0 4.778e-08 4.778e-08 0 0 0 0 0
scan charginogluino 900 1600 L3DY0T0 0 4.778e-08 4.778e-08 0 0 0 0 0
scan charginogluino 900 1600 L3DY0T1STVB 0.000924952 7.41176e-05 6.96071e-05 2.63959e-06 2.48635e-05 2.43576e-06 3.84736e-06 1.54107e-06
scan charginogluino 900 1600 L3DY0T1STVA 0 6.75711e-08 6.75711e-08 0 0 0 0 0
scan charginogluino 900 1600 L3DY0T1 0 6.75711e-08 6.75711e-08 0 0 0 0 0
scan charginogluino 900 1600 L3DY0T2STVB 0.000829311 6.33716e-05 6.19187e-05 9.41882e-07 3.73556e-06 4.62635e-06 9.46744e-06 7.49393e-06
scan charginogluino 900 1600 L3DY0T2STVA 6.31841e-06 6.32074e-06 6.31872e-06 0 4.55574e-08 1.92355e-08 1.39216e-07 6.08189e-08
scan charginogluino 900 1600 L3DY0T2 0 6.75711e-08 6.75711e-08 0 0 0 0 0
scan charginogluino 900 1600 L3DY1T0STVBZV 0.00319805 0.000140551 0.000127957 1.69376e-05 5.56312e-05 0 0 3.29197e-09
scan charginogluino 900 1600 L3DY1T0STVAZV 0 4.778e-08 4.778e-08 0 0 0 0 0
scan charginogluino 900 1600 L3DY1T0ZV 0 4.778e-08 4.778e-08 0 0 0 0 0
scan charginogluino 900 1600 L3DY1T0STVB 0.000325967 3.7968e-05 3.73468e-05 2.00874e-06 6.53844e-06 0 0 3.38525e-08
scan charginogluino 900 1600 L3DY1T0STVA 0 4.778e-08 4.778e-08 0 0 0 0 0
scan charginogluino 900 1600 L3DY1T0 0 4.778e-08 4.778e-08 0 0 0 0 0
scan charginogluino 900 1600 L3DY1T1STVBZV 0.00211954 0.000108878 0.000106449 8.68044e-06 1.56243e-05 7.28764e-06 1.21488e-05 1.64529e-06
scan charginogluino 900 1600 L3DY1T1STVAZV 1.30636e-05 7.19304e-06 7.19095e-06 2.76796e-08 1.23253e-07 2.40323e-08 1.1645e-07 1.79202e-09
scan charginogluino 900 1600 L3DY1T1ZV 0 4.778e-08 4.778e-08 0 0 0 0 0
scan charginogluino 900 1600 L3DY1T1STVB 9.65871e-05 2.06166e-05 2.04877e-05 2.78837e-07 2.14646e-06 3.92633e-07 6.6777e-07 1.16518e-07
scan charginogluino 900 1600 L3DY1T1STVA 0 4.778e-08 4.778e-08 0 0 0 0 0
scan charginogluino 900 1600 L3DY1T1 0 4.778e-08 4.778e-08 0 0 0 0 0
