model hrpv
parameter hrpv 4
parameter kFactorProcessWeighted true
scan charginogluino 900 1300 LOXSEC 0.0309
scan charginogluino 900 1300 L4DY0T0STVB 0 6.90945e-08 6.90945e-08 0 0 0 0 0
scan charginogluino 900 1300 L4DY0T0STVA 0 6.90945e-08 6.90945e-08 0 0 0 0 0
scan charginogluino 900 1300 L4DY0T0 0 6.90945e-08 6.90945e-08 0 0 0 0 0
scan charginogluino 900 1300 L4DY0T1STVB 2.04884e-05 1.4493e-05 1.44877e-05 6.23742e-08 3.81152e-07 6.23739e-08 0 2.4733e-12
scan charginogluino 900 1300 L4DY0T1STVA 0 8.73984e-08 8.73984e-08 0 0 0 0 0
scan charginogluino 900 1300 L4DY0T1 0 8.73984e-08 8.73984e-08 0 0 0 0 0
scan charginogluino 900 1300 L4DY0T2STVB 0.000365759 5.07275e-05 4.99817e-05 7.55992e-07 7.83835e-06 2.70879e-06 2.33118e-06 5.69992e-07
scan charginogluino 900 1300 L4DY0T2STVA 0 9.27e-08 9.27e-08 0 0 0 0 0
scan charginogluino 900 1300 L4DY0T2 0 9.27e-08 9.27e-08 0 0 0 0 0
scan charginogluino 900 1300 L4DY1T0STVBZV 0.000155697 3.37788e-05 3.32841e-05 1.51788e-06 5.55589e-06 0 0 3.0764e-11
scan charginogluino 900 1300 L4DY1T0STVB 3.33547e-05 1.64241e-05 1.59027e-05 2.57977e-07 4.09715e-06 0 0 2.91969e-13
scan charginogluino 900 1300 L4DY1T0STVAZV 0 6.90945e-08 6.90945e-08 0 0 0 0 0
scan charginogluino 900 1300 L4DY1T0STVA 0 6.90945e-08 6.90945e-08 0 0 0 0 0
scan charginogluino 900 1300 L4DY1T0ZV 0 6.90945e-08 6.90945e-08 0 0 0 0 0
scan charginogluino 900 1300 L4DY1T0 0 6.90945e-08 6.90945e-08 0 0 0 0 0
scan charginogluino 900 1300 L4DY1T1STVBZV 0.00249696 0.000150412 0.000141832 1.16744e-05 4.70444e-05 9.22637e-06 8.54127e-06 1.31567e-08
scan charginogluino 900 1300 L4DY1T1STVB 0.00016844 3.32621e-05 3.31048e-05 1.12863e-06 2.95644e-06 4.8046e-07 4.4029e-07 1.92745e-10
scan charginogluino 900 1300 L4DY1T1STVAZV 0 8.73984e-08 8.73984e-08 0 0 0 0 0
scan charginogluino 900 1300 L4DY1T1STVA 0 8.73984e-08 8.73984e-08 0 0 0 0 0
scan charginogluino 900 1300 L4DY1T1ZV 0 8.73984e-08 8.73984e-08 0 0 0 0 0
scan charginogluino 900 1300 L4DY1T1 0 8.73984e-08 8.73984e-08 0 0 0 0 0
scan charginogluino 900 1300 L4DY1T2STVBZV 0.000881967 7.2772e-05 7.12229e-05 3.61541e-06 5.53824e-06 6.60793e-06 1.16404e-05 4.03172e-07
scan charginogluino 900 1300 L4DY1T2STVB 6.48801e-05 1.93316e-05 1.87877e-05 2.4097e-07 4.51404e-06 4.4068e-07 3.21716e-07 3.59609e-08
scan charginogluino 900 1300 L4DY1T2STVAZV 0 7.56892e-08 7.56892e-08 0 0 0 0 0
scan charginogluino 900 1300 L4DY1T2STVA 0 7.56892e-08 7.56892e-08 0 0 0 0 0
scan charginogluino 900 1300 L4DY1T2ZV 0 7.56892e-08 7.56892e-08 0 0 0 0 0
scan charginogluino 900 1300 L4DY1T2 0 7.56892e-08 7.56892e-08 0 0 0 0 0
scan charginogluino 900 1300 L4DY2T0 0 5.35204e-08 5.35204e-08 0 0 0 0 0
scan charginogluino 900 1300 L4DY2T0ZV 0 5.35204e-08 5.35204e-08 0 0 0 0 0
scan charginogluino 900 1300 L4DY2T0STVAZV 0 5.35204e-08 5.35204e-08 0 0 0 0 0
scan charginogluino 900 1300 L4DY2T0STVA 0 5.35204e-08 5.35204e-08 0 0 0 0 0
scan charginogluino 900 1300 L4DY2T0STVB 0.000408354 4.98403e-05 4.91112e-05 3.76983e-06 7.61123e-06 0 0 2.54218e-14
scan charginogluino 900 1300 L4DY2T0STVBZV 0.00256072 0.000144191 0.00013607 1.81947e-05 4.41026e-05 0 0 1.05378e-13
scan charginogluino 900 1300 L3DY0T0STVB 0.000117161 3.86035e-05 3.57036e-05 4.6084e-07 1.46719e-05 0 0 2.39009e-10
scan charginogluino 900 1300 L3DY0T0STVA 0 6.18e-08 6.18e-08 0 0 0 0 0
scan charginogluino 900 1300 L3DY0T0 0 6.18e-08 6.18e-08 0 0 0 0 0
scan charginogluino 900 1300 L3DY0T1STVB 0.0012507 0.000101747 9.49253e-05 3.9336e-06 3.58695e-05 4.17871e-06 3.73749e-06 2.86234e-06
scan charginogluino 900 1300 L3DY0T1STVA 0 8.73984e-08 8.73984e-08 0 0 0 0 0
scan charginogluino 900 1300 L3DY0T1 0 8.73984e-08 8.73984e-08 0 0 0 0 0
scan charginogluino 900 1300 L3DY0T2STVB 0.00107754 8.37227e-05 8.20178e-05 1.33646e-06 4.60405e-06 6.00094e-06 1.13977e-05 9.67854e-06
scan charginogluino 900 1300 L3DY0T2STVA 0 8.73984e-08 8.73984e-08 0 0 0 0 0
scan charginogluino 900 1300 L3DY0T2 0 8.73984e-08 8.73984e-08 0 0 0 0 0
scan charginogluino 900 1300 L3DY1T0STVBZV 0.00455343 0.000197574 0.000185551 2.48327e-05 6.31631e-05 0 0 3.24532e-09
scan charginogluino 900 1300 L3DY1T0STVAZV 0 6.18e-08 6.18e-08 0 0 0 0 0
scan charginogluino 900 1300 L3DY1T0ZV 0 6.18e-08 6.18e-08 0 0 0 0 0
scan charginogluino 900 1300 L3DY1T0STVB 0.000488859 6.86811e-05 6.75548e-05 2.15652e-06 1.21981e-05 0 0 4.53534e-10
scan charginogluino 900 1300 L3DY1T0STVA 0 6.18e-08 6.18e-08 0 0 0 0 0
scan charginogluino 900 1300 L3DY1T0 0 6.18e-08 6.18e-08 0 0 0 0 0
scan charginogluino 900 1300 L3DY1T1STVBZV 0.0032508 0.000161691 0.000155934 1.10978e-05 3.47378e-05 9.47545e-06 2.01247e-05 1.99499e-06
scan charginogluino 900 1300 L3DY1T1STVAZV 9.3179e-05 4.72067e-05 4.71918e-05 5.30517e-07 1.04388e-07 2.02223e-07 1.03347e-06 5.60644e-08
scan charginogluino 900 1300 L3DY1T1ZV 0 6.18e-08 6.18e-08 0 0 0 0 0
scan charginogluino 900 1300 L3DY1T1STVB 0.000181478 3.46142e-05 3.439e-05 8.35997e-07 3.52188e-06 5.61669e-07 1.3559e-06 4.67744e-07
scan charginogluino 900 1300 L3DY1T1STVA 0 6.18e-08 6.18e-08 0 0 0 0 0
scan charginogluino 900 1300 L3DY1T1 0 6.18e-08 6.18e-08 0 0 0 0 0
