xsec 100 50 11.0892
scan 100 50 0 0.00826248 0.00509015 0.00477034 0.000253688 0.000188066 0 4.33284e-08 0.0016525 0.000568343 
scan 100 50 1 0.0192409 0.00838307 0.00727242 0.000452297 0.000789071 0 1.90512e-05 0.00384818 0.00132351 
scan 100 50 2 0.00555485 0.00410971 0.00392809 0.000178926 0.000193544 0 2.99904e-06 0.00111097 0.000395119 
scan 100 50 3 0 0 0 0 0 0 0 0 0 
scan 100 50 4 0 0 0 0 0 0 0 0 0 
scan 100 50 5 0.00275416 0.0028839 0.00275416 9.93026e-05 5.50832e-05 0 1.4575e-08 0.000826248 0.000189448 
scan 100 50 6 0.00544225 0.004203 0.00384853 0.000210135 5.50832e-05 0 3.22716e-05 0.00163267 0.000374351 
scan 100 50 7 0 0 0 0 0 0 0 0 0 
scan 100 50 8 0 0 0 0 0 0 0 0 0 
scan 100 50 9 0 0 0 0 0 0 0 0 0 
scan 100 50 10 0 0 0 0 0 0 0 0 0 
scan 100 50 11 0.00279544 0.00396194 0.00279544 0 0.000160586 0 5.59089e-06 0.00279544 0.000205258 
scan 100 50 12 0 0 0 0 0 0 0 0 0 
scan 100 50 13 0 0 0 0 0 0 0 0 0 
scan 100 50 14 0 0 0 0 0 0 0 0 0 
scan 100 50 15 0.00274207 0.00280434 0.00274207 0 9.49881e-05 0 6.03255e-06 0.000548414 0.000188616 
scan 100 50 16 0.00272247 0.00278614 0.00272247 0.00011225 0 0 4.08371e-05 0.000544494 0.0001999 
scan 100 50 17 0 0 0 0 0 0 0 0 0 
scan 100 50 18 0 0 0 0 0 0 0 0 0 
scan 100 50 19 0 0 0 0 0 0 0 0 0 
scan 100 50 20 0 0 0 0 0 0 0 0 0 
scan 100 50 21 0.00275419 0.00288327 0.00275419 5.50837e-05 7.79001e-05 0 1.32256e-09 0.000826256 0.00018945 
scan 100 50 22 0 0 0 0 0 0 0 0 0 
scan 100 50 23 0 0 0 0 0 0 0 0 0 
scan 100 50 24 0 0 0 0 0 0 0 0 0 
scan 100 50 25 0 0 0 0 0 0 0 0 0 
scan 100 50 26 0 0 0 0 0 0 0 0 0 
scan 100 50 27 0 0 0 0 0 0 0 0 0 
scan 100 50 28 0 0 0 0 0 0 0 0 0 
scan 100 50 29 0 0 0 0 0 0 0 0 0 
scan 100 50 30 0.00270461 0.0027668 0.00270461 0.000111514 0 0 2.43415e-05 0.000540922 0.00018604 
scan 100 50 31 0 0 0 0 0 0 0 0 0 
scan 100 50 32 0 0 0 0 0 0 0 0 0 
scan 100 50 33 0 0 0 0 0 0 0 0 0 
scan 100 50 34 0.00271453 0.00277624 0.00271453 9.4034e-05 0 0 1.95446e-05 0.000542905 0.000186722 
scan 100 50 35 0 0 0 0 0 0 0 0 0 
scan 100 50 36 0 0 0 0 0 0 0 0 0 
scan 100 50 37 0 0 0 0 0 0 0 0 0 
scan 100 50 38 0 0 0 0 0 0 0 0 0 
scan 100 50 39 0 0 0 0 0 0 0 0 0 
scan 100 50 40 0 0 0 0 0 0 0 0 0 
scan 100 50 41 0 0 0 0 0 0 0 0 0 
scan 100 50 42 0 0 0 0 0 0 0 0 0 
scan 100 50 43 0.00274978 0.00389454 0.00274978 0 9.52552e-05 0 2.19982e-06 0.00274978 0.000189147 
scan 100 50 44 0 0 0 0 0 0 0 0 0 
scan 100 50 45 0 0 0 0 0 0 0 0 0 
scan 100 50 46 0 0 0 0 0 0 0 0 0 
scan 100 50 47 0 0 0 0 0 0 0 0 0 
scan 100 50 48 0 0 0 0 0 0 0 0 0 
scan 100 50 49 0 0 0 0 0 0 0 0 0 
scan 100 50 50 0 0 0 0 0 0 0 0 0 
scan 100 50 51 0 0 0 0 0 0 0 0 0 
scan 100 50 52 0 0 0 0 0 0 0 0 0 
scan 100 50 53 0 0 0 0 0 0 0 0 0 
scan 100 50 54 0 0 0 0 0 0 0 0 0 
scan 100 50 55 0 0 0 0 0 0 0 0 0 
scan 100 50 56 0 0 0 0 0 0 0 0 0 
scan 100 50 57 0 0 0 0 0 0 0 0 0 
scan 100 50 58 0 0 0 0 0 0 0 0 0 
scan 100 50 59 0 0 0 0 0 0 0 0 0 
scan 100 50 75 0 0 0 0 0 0 0 0 0 
scan 100 50 76 0 0 0 0 0 0 0 0 0 
scan 100 50 77 0 0 0 0 0 0 0 0 0 
scan 100 50 78 0 0 0 0 0 0 0 0 0 
scan 100 50 79 0 0 0 0 0 0 0 0 0 
scan 100 50 80 0 0 0 0 0 0 0 0 0 
scan 100 50 81 0 0 0 0 0 0 0 0 0 
scan 100 50 82 0 0 0 0 0 0 0 0 0 
scan 100 50 83 0 0 0 0 0 0 0 0 0 
scan 100 50 84 0 0 0 0 0 0 0 0 0 
scan 100 50 85 0 0 0 0 0 0 0 0 0 
scan 100 50 86 0 0 0 0 0 0 0 0 0 
scan 100 50 87 0 0 0 0 0 0 0 0 0 
scan 100 50 88 0 0 0 0 0 0 0 0 0 
scan 100 50 89 0 0 0 0 0 0 0 0 0 
scan 100 50 90 0 0 0 0 0 0 0 0 0 
scan 100 50 91 0 0 0 0 0 0 0 0 0 
scan 100 50 92 0 0 0 0 0 0 0 0 0 
scan 100 50 93 0 0 0 0 0 0 0 0 0 
scan 100 50 94 0 0 0 0 0 0 0 0 0 
scan 100 50 95 0 0 0 0 0 0 0 0 0 
scan 100 50 96 0 0 0 0 0 0 0 0 0 
scan 100 50 97 0 0 0 0 0 0 0 0 0 
scan 100 50 98 0 0 0 0 0 0 0 0 0 
scan 100 50 99 0 0 0 0 0 0 0 0 0 
scan 100 50 100 0 0 0 0 0 0 0 0 0 
scan 100 50 101 0 0 0 0 0 0 0 0 0 
scan 100 50 102 0 0 0 0 0 0 0 0 0 
scan 100 50 103 0 0 0 0 0 0 0 0 0 
scan 100 50 104 0 0 0 0 0 0 0 0 0 
scan 100 50 120 0 0 0 0 0 0 0 0 0 
scan 100 50 121 0 0 0 0 0 0 0 0 0 
scan 100 50 122 0 0 0 0 0 0 0 0 0 
scan 100 50 123 0 0 0 0 0 0 0 0 0 
scan 100 50 124 0 0 0 0 0 0 0 0 0 
scan 100 50 125 0 0 0 0 0 0 0 0 0 
scan 100 50 126 0 0 0 0 0 0 0 0 0 
scan 100 50 127 0 0 0 0 0 0 0 0 0 
scan 100 50 128 0 0 0 0 0 0 0 0 0 
scan 100 50 129 0 0 0 0 0 0 0 0 0 
scan 100 50 130 0 0 0 0 0 0 0 0 0 
scan 100 50 131 0 0 0 0 0 0 0 0 0 
scan 100 50 132 0 0 0 0 0 0 0 0 0 
scan 100 50 133 0 0 0 0 0 0 0 0 0 
scan 100 50 134 0 0 0 0 0 0 0 0 0 
scan 100 50 135 0 0 0 0 0 0 0 0 0 
scan 100 50 136 0 0 0 0 0 0 0 0 0 
scan 100 50 137 0 0 0 0 0 0 0 0 0 
scan 100 50 138 0 0 0 0 0 0 0 0 0 
scan 100 50 139 0 0 0 0 0 0 0 0 0 
scan 100 50 140 0 0 0 0 0 0 0 0 0 
scan 100 50 141 0 0 0 0 0 0 0 0 0 
scan 100 50 142 0 0 0 0 0 0 0 0 0 
scan 100 50 143 0 0 0 0 0 0 0 0 0 
scan 100 50 144 0 0 0 0 0 0 0 0 0 
scan 100 50 145 0 0 0 0 0 0 0 0 0 
scan 100 50 146 0 0 0 0 0 0 0 0 0 
scan 100 50 147 0 0 0 0 0 0 0 0 0 
scan 100 50 148 0 0 0 0 0 0 0 0 0 
scan 100 50 149 0 0 0 0 0 0 0 0 0 
scan 100 50 165 0 0 0 0 0 0 0 0 0 
scan 100 50 166 0.00278871 0.00285295 0.00278871 5.57742e-05 5.57742e-05 5.57742e-05 8.92387e-06 0.000557742 0.000204764 
scan 100 50 167 0 0 0 0 0 0 0 0 0 
scan 100 50 168 0 0 0 0 0 0 0 0 0 
scan 100 50 169 0 0 0 0 0 0 0 0 0 
scan 100 50 170 0 0 0 0 0 0 0 0 0 
scan 100 50 171 0 0 0 0 0 0 0 0 0 
scan 100 50 172 0 0 0 0 0 0 0 0 0 
scan 100 50 173 0 0 0 0 0 0 0 0 0 
scan 100 50 174 0 0 0 0 0 0 0 0 0 
scan 100 50 175 0 0 0 0 0 0 0 0 0 
scan 100 50 176 0 0 0 0 0 0 0 0 0 
scan 100 50 177 0 0 0 0 0 0 0 0 0 
scan 100 50 178 0 0 0 0 0 0 0 0 0 
scan 100 50 179 0 0 0 0 0 0 0 0 0 
