xsec 1000 700 0.000129786
scan 1000 700 0 1.96709e-07 1.23259e-07 1.13845e-07 6.90321e-09 1.25847e-09 0 1.20441e-09 3.93419e-08 2.5169e-08 
scan 1000 700 1 2.50562e-07 1.37404e-07 1.25285e-07 7.33341e-09 6.42676e-09 0 5.569e-10 5.01125e-08 2.40202e-08 
scan 1000 700 2 3.75991e-07 1.75385e-07 1.53503e-07 1.32458e-08 8.1733e-09 0 7.6087e-10 7.51982e-08 3.60444e-08 
scan 1000 700 3 6.36291e-07 2.4889e-07 2.01392e-07 1.34418e-08 2.19653e-08 0 1.64477e-09 1.27258e-07 6.72806e-08 
scan 1000 700 4 2.27379e-06 6.60554e-07 3.85186e-07 5.93266e-08 7.22069e-08 0 5.74321e-09 4.54758e-07 2.69056e-07 
scan 1000 700 5 1.25847e-07 9.75261e-08 8.89874e-08 3.52721e-09 3.03822e-09 0 5.54986e-13 3.77541e-08 1.20643e-08 
scan 1000 700 6 0 0 0 0 0 0 0 0 0 
scan 1000 700 7 0 0 0 0 0 0 0 0 0 
scan 1000 700 8 1.24715e-07 9.66717e-08 8.81904e-08 4.81647e-09 1.25847e-09 0 5.56456e-10 3.74145e-08 1.19558e-08 
scan 1000 700 9 1.8722e-07 1.23434e-07 1.08097e-07 5.57045e-09 6.52795e-09 0 7.60002e-10 5.61661e-08 1.79479e-08 
scan 1000 700 10 0 0 0 0 0 0 0 0 0 
scan 1000 700 11 4.50236e-07 4.84222e-07 1.70443e-07 6.07645e-09 1.45629e-08 0 3.10115e-10 4.50236e-07 4.95788e-08 
scan 1000 700 12 1.24049e-07 1.52436e-07 8.77229e-08 2.52438e-09 2.17627e-09 0 8.76799e-10 1.24049e-07 1.18919e-08 
scan 1000 700 13 6.6693e-07 7.05835e-07 2.11535e-07 1.86561e-08 1.71337e-08 0 1.8974e-09 6.6693e-07 8.95281e-08 
scan 1000 700 14 2.78365e-06 2.83626e-06 4.25465e-07 7.71451e-08 5.75806e-08 0 7.65723e-09 2.78365e-06 3.24572e-07 
scan 1000 700 15 2.51694e-07 1.38041e-07 1.25847e-07 7.0867e-09 7.16395e-09 0 1.18249e-12 5.03388e-08 2.41287e-08 
scan 1000 700 16 2.60345e-07 1.44106e-07 1.30394e-07 7.26642e-09 4.81543e-09 0 8.51828e-10 5.20691e-08 3.12406e-08 
scan 1000 700 17 3.40803e-07 1.75468e-07 1.52844e-07 7.97882e-09 6.37099e-09 0 2.43833e-09 6.81607e-08 5.16897e-08 
scan 1000 700 18 8.51111e-07 3.1204e-07 2.36622e-07 2.15437e-08 2.21224e-08 0 4.16119e-09 1.70222e-07 1.06922e-07 
scan 1000 700 19 1.24253e-06 4.1077e-07 2.85725e-07 2.91724e-08 4.07687e-08 0 2.45965e-09 2.48506e-07 1.51059e-07 
scan 1000 700 20 6.12252e-08 6.42448e-08 6.12252e-08 2.52438e-09 0 0 8.2654e-10 1.83676e-08 5.86936e-09 
scan 1000 700 21 0 0 0 0 0 0 0 0 0 
scan 1000 700 22 0 0 0 0 0 0 0 0 0 
scan 1000 700 23 6.26724e-08 6.58059e-08 6.26724e-08 0 3.60026e-09 0 1.25345e-10 1.88017e-08 6.0081e-09 
scan 1000 700 24 0 0 0 0 0 0 0 0 0 
scan 1000 700 25 0 0 0 0 0 0 0 0 0 
scan 1000 700 26 3.93451e-07 4.28269e-07 1.6095e-07 1.23476e-08 4.81797e-09 0 2.37857e-09 3.93451e-07 5.02447e-08 
scan 1000 700 27 7.09628e-07 7.46038e-07 2.14317e-07 1.66961e-08 1.65423e-08 0 1.62128e-09 7.09628e-07 8.07093e-08 
scan 1000 700 28 3.33973e-07 3.68965e-07 1.49813e-07 8.06248e-09 8.78528e-09 0 7.03089e-10 3.33973e-07 4.48448e-08 
scan 1000 700 29 3.08512e-06 3.1381e-06 4.46091e-07 7.09183e-08 7.30885e-08 0 9.03741e-09 3.08512e-06 3.46799e-07 
scan 1000 700 30 0 0 0 0 0 0 0 0 0 
scan 1000 700 31 1.86733e-07 1.15666e-07 1.07814e-07 5.95457e-09 1.77975e-09 0 1.00288e-09 3.73466e-08 1.79012e-08 
scan 1000 700 32 3.86739e-07 1.82145e-07 1.58165e-07 8.08827e-09 1.49038e-08 0 5.93664e-10 7.73478e-08 4.34762e-08 
scan 1000 700 33 4.37536e-07 1.92275e-07 1.65379e-07 1.06851e-08 9.28633e-09 0 1.43984e-09 8.75072e-08 4.19444e-08 
scan 1000 700 34 8.29334e-07 3.00058e-07 2.30399e-07 2.70039e-08 1.38476e-08 0 4.62758e-09 1.65867e-07 9.21785e-08 
scan 1000 700 35 1.24716e-07 9.66353e-08 8.81908e-08 3.80621e-09 1.77976e-09 0 5.56154e-10 3.74147e-08 1.19559e-08 
scan 1000 700 36 6.28234e-08 6.59015e-08 6.28234e-08 0 2.17627e-09 0 5.02588e-11 1.8847e-08 6.02258e-09 
scan 1000 700 37 0 0 0 0 0 0 0 0 0 
scan 1000 700 38 6.29241e-08 6.60221e-08 6.29241e-08 2.59443e-09 0 0 1.95801e-16 1.88772e-08 6.03223e-09 
scan 1000 700 39 1.24297e-07 9.63304e-08 8.78956e-08 4.39457e-09 1.25576e-09 0 7.5978e-10 3.7289e-08 1.19157e-08 
scan 1000 700 40 0 0 0 0 0 0 0 0 0 
scan 1000 700 41 6.29237e-08 8.9265e-08 6.29237e-08 1.25847e-09 3.38854e-09 0 2.21995e-13 6.29237e-08 6.03218e-09 
scan 1000 700 42 3.11851e-07 3.431e-07 1.39468e-07 5.94672e-09 9.15984e-09 0 1.36316e-09 3.11851e-07 2.98957e-08 
scan 1000 700 43 5.74086e-07 6.08695e-07 1.91633e-07 1.43042e-08 1.51076e-08 0 1.28951e-09 5.74086e-07 6.14619e-08 
scan 1000 700 44 1.87249e-06 1.91795e-06 3.48387e-07 4.97362e-08 3.28945e-08 0 7.18663e-09 1.87249e-06 2.17571e-07 
scan 1000 700 45 0 0 0 0 0 0 0 0 0 
scan 1000 700 46 0 0 0 0 0 0 0 0 0 
scan 1000 700 47 0 0 0 0 0 0 0 0 0 
scan 1000 700 48 0 0 0 0 0 0 0 0 0 
scan 1000 700 49 0 0 0 0 0 0 0 0 0 
scan 1000 700 50 0 0 0 0 0 0 0 0 0 
scan 1000 700 51 0 0 0 0 0 0 0 0 0 
scan 1000 700 52 0 0 0 0 0 0 0 0 0 
scan 1000 700 53 0 0 0 0 0 0 0 0 0 
scan 1000 700 54 0 0 0 0 0 0 0 0 0 
scan 1000 700 55 0 0 0 0 0 0 0 0 0 
scan 1000 700 56 0 0 0 0 0 0 0 0 0 
scan 1000 700 57 0 0 0 0 0 0 0 0 0 
scan 1000 700 58 0 0 0 0 0 0 0 0 0 
scan 1000 700 59 0 0 0 0 0 0 0 0 0 
scan 1000 700 75 0 0 0 0 0 0 0 0 0 
scan 1000 700 76 0 0 0 0 0 0 0 0 0 
scan 1000 700 77 0 0 0 0 0 0 0 0 0 
scan 1000 700 78 0 0 0 0 0 0 0 0 0 
scan 1000 700 79 0 0 0 0 0 0 0 0 0 
scan 1000 700 80 0 0 0 0 0 0 0 0 0 
scan 1000 700 81 0 0 0 0 0 0 0 0 0 
scan 1000 700 82 0 0 0 0 0 0 0 0 0 
scan 1000 700 83 0 0 0 0 0 0 0 0 0 
scan 1000 700 84 0 0 0 0 0 0 0 0 0 
scan 1000 700 85 0 0 0 0 0 0 0 0 0 
scan 1000 700 86 0 0 0 0 0 0 0 0 0 
scan 1000 700 87 0 0 0 0 0 0 0 0 0 
scan 1000 700 88 0 0 0 0 0 0 0 0 0 
scan 1000 700 89 0 0 0 0 0 0 0 0 0 
scan 1000 700 90 0 0 0 0 0 0 0 0 0 
scan 1000 700 91 0 0 0 0 0 0 0 0 0 
scan 1000 700 92 0 0 0 0 0 0 0 0 0 
scan 1000 700 93 0 0 0 0 0 0 0 0 0 
scan 1000 700 94 5.53732e-08 5.68619e-08 5.53732e-08 1.6612e-09 1.10746e-09 1.10746e-09 3.32239e-09 1.10746e-08 5.30836e-09 
scan 1000 700 95 0 0 0 0 0 0 0 0 0 
scan 1000 700 96 0 0 0 0 0 0 0 0 0 
scan 1000 700 97 0 0 0 0 0 0 0 0 0 
scan 1000 700 98 0 0 0 0 0 0 0 0 0 
scan 1000 700 99 0 0 0 0 0 0 0 0 0 
scan 1000 700 100 0 0 0 0 0 0 0 0 0 
scan 1000 700 101 0 0 0 0 0 0 0 0 0 
scan 1000 700 102 5.53732e-08 7.86239e-08 5.53732e-08 1.56619e-09 0 2.76866e-09 3.32239e-09 5.53732e-08 5.30836e-09 
scan 1000 700 103 0 0 0 0 0 0 0 0 0 
scan 1000 700 104 5.34855e-08 7.59422e-08 5.34855e-08 1.5128e-09 0 1.06971e-09 4.01141e-09 5.34855e-08 5.12739e-09 
scan 1000 700 120 0 0 0 0 0 0 0 0 0 
scan 1000 700 121 0 0 0 0 0 0 0 0 0 
scan 1000 700 122 0 0 0 0 0 0 0 0 0 
scan 1000 700 123 0 0 0 0 0 0 0 0 0 
scan 1000 700 124 0 0 0 0 0 0 0 0 0 
scan 1000 700 125 0 0 0 0 0 0 0 0 0 
scan 1000 700 126 0 0 0 0 0 0 0 0 0 
scan 1000 700 127 0 0 0 0 0 0 0 0 0 
scan 1000 700 128 0 0 0 0 0 0 0 0 0 
scan 1000 700 129 0 0 0 0 0 0 0 0 0 
scan 1000 700 130 0 0 0 0 0 0 0 0 0 
scan 1000 700 131 0 0 0 0 0 0 0 0 0 
scan 1000 700 132 0 0 0 0 0 0 0 0 0 
scan 1000 700 133 0 0 0 0 0 0 0 0 0 
scan 1000 700 134 0 0 0 0 0 0 0 0 0 
scan 1000 700 135 0 0 0 0 0 0 0 0 0 
scan 1000 700 136 0 0 0 0 0 0 0 0 0 
scan 1000 700 137 0 0 0 0 0 0 0 0 0 
scan 1000 700 138 0 0 0 0 0 0 0 0 0 
scan 1000 700 139 0 0 0 0 0 0 0 0 0 
scan 1000 700 140 0 0 0 0 0 0 0 0 0 
scan 1000 700 141 0 0 0 0 0 0 0 0 0 
scan 1000 700 142 0 0 0 0 0 0 0 0 0 
scan 1000 700 143 0 0 0 0 0 0 0 0 0 
scan 1000 700 144 0 0 0 0 0 0 0 0 0 
scan 1000 700 145 0 0 0 0 0 0 0 0 0 
scan 1000 700 146 0 0 0 0 0 0 0 0 0 
scan 1000 700 147 0 0 0 0 0 0 0 0 0 
scan 1000 700 148 0 0 0 0 0 0 0 0 0 
scan 1000 700 149 0 0 0 0 0 0 0 0 0 
scan 1000 700 165 0 0 0 0 0 0 0 0 0 
scan 1000 700 166 0 0 0 0 0 0 0 0 0 
scan 1000 700 167 0 0 0 0 0 0 0 0 0 
scan 1000 700 168 0 0 0 0 0 0 0 0 0 
scan 1000 700 169 0 0 0 0 0 0 0 0 0 
scan 1000 700 170 0 0 0 0 0 0 0 0 0 
scan 1000 700 171 0 0 0 0 0 0 0 0 0 
scan 1000 700 172 0 0 0 0 0 0 0 0 0 
scan 1000 700 173 0 0 0 0 0 0 0 0 0 
scan 1000 700 174 0 0 0 0 0 0 0 0 0 
scan 1000 700 175 0 0 0 0 0 0 0 0 0 
scan 1000 700 176 0 0 0 0 0 0 0 0 0 
scan 1000 700 177 0 0 0 0 0 0 0 0 0 
scan 1000 700 178 0 0 0 0 0 0 0 0 0 
scan 1000 700 179 0 0 0 0 0 0 0 0 0 
