xsec 1000 50 0.000129786
scan 1000 50 0 1.34903e-07 4.16275e-08 2.81536e-08 3.93876e-09 2.23289e-09 0 6.11874e-10 2.69806e-08 1.38346e-08 
scan 1000 50 1 1.5514e-07 4.71076e-08 3.04712e-08 3.5335e-09 4.52438e-09 0 2.56933e-10 3.10279e-08 1.71722e-08 
scan 1000 50 2 2.10477e-07 5.92446e-08 3.51138e-08 6.36495e-09 4.76755e-09 0 8.50437e-10 4.20954e-08 2.09991e-08 
scan 1000 50 3 1.79948e-07 5.3547e-08 3.29071e-08 4.78885e-09 5.5714e-09 0 5.03467e-10 3.59897e-08 2.08547e-08 
scan 1000 50 4 8.47754e-07 2.05331e-07 7.07173e-08 1.93437e-08 2.15329e-08 0 2.27638e-09 1.69551e-07 8.70025e-08 
scan 1000 50 5 2.45334e-08 1.46935e-08 1.22871e-08 0 8.49864e-10 0 3.43291e-11 7.36003e-09 3.16766e-09 
scan 1000 50 6 1.15926e-08 8.97689e-09 8.19718e-09 2.79869e-10 4.28065e-10 0 2.87994e-14 3.47777e-09 1.01699e-09 
scan 1000 50 7 2.92809e-08 1.61052e-08 1.31087e-08 6.93803e-10 6.63149e-10 0 2.00846e-10 8.78426e-09 3.0687e-09 
scan 1000 50 8 2.3046e-08 1.3618e-08 1.15236e-08 6.84826e-10 5.43987e-10 0 6.7978e-11 6.91379e-09 2.02176e-09 
scan 1000 50 9 2.58294e-07 9.09504e-08 3.89777e-08 6.24654e-09 4.71215e-09 0 8.37705e-10 7.74882e-08 2.61985e-08 
scan 1000 50 10 2.38e-08 2.67527e-08 1.19119e-08 7.10947e-10 3.95795e-10 0 4.62023e-11 2.38e-08 2.58971e-09 
scan 1000 50 11 1.36224e-07 1.39992e-07 2.84408e-08 3.69078e-09 2.88238e-09 0 3.10391e-10 1.36224e-07 1.44871e-08 
scan 1000 50 12 2.93234e-07 2.97789e-07 4.15118e-08 6.62083e-09 6.1367e-09 0 1.10213e-09 2.93234e-07 2.97676e-08 
scan 1000 50 13 3.81326e-07 3.86408e-07 4.73506e-08 9.82664e-09 6.12543e-09 0 1.58424e-09 3.81326e-07 3.90231e-08 
scan 1000 50 14 5.32266e-06 5.35686e-06 1.77233e-07 1.20506e-07 9.67461e-08 0 2.09522e-08 5.32266e-06 5.56331e-07 
scan 1000 50 15 1.08073e-07 3.59036e-08 2.55115e-08 1.87222e-09 3.27966e-09 0 2.52592e-10 2.16146e-08 1.25184e-08 
scan 1000 50 16 1.66512e-07 4.98193e-08 3.15159e-08 4.0519e-09 3.84647e-09 0 7.14077e-10 3.33025e-08 1.8653e-08 
scan 1000 50 17 2.86607e-07 7.70053e-08 4.09879e-08 8.19068e-09 6.57328e-09 0 1.50795e-09 5.73215e-08 2.91802e-08 
scan 1000 50 18 3.1147e-07 8.31554e-08 4.28373e-08 8.68997e-09 8.51072e-09 0 1.38379e-09 6.22941e-08 3.2394e-08 
scan 1000 50 19 9.49102e-07 2.29205e-07 7.48895e-08 2.30339e-08 2.1486e-08 0 3.32821e-09 1.8982e-07 9.94561e-08 
scan 1000 50 20 2.37842e-08 1.41533e-08 1.19082e-08 4.77768e-10 8.00245e-10 0 5.4119e-11 7.13527e-09 2.59362e-09 
scan 1000 50 21 4.17814e-08 2.07531e-08 1.58125e-08 1.04105e-09 7.74379e-10 0 1.03298e-10 1.25344e-08 4.67446e-09 
scan 1000 50 22 2.95011e-08 1.62404e-08 1.32112e-08 4.78557e-10 1.02823e-09 0 9.23567e-11 8.85032e-09 3.09718e-09 
scan 1000 50 23 6.40375e-08 2.79881e-08 1.93169e-08 1.42787e-09 1.27595e-09 0 2.1133e-10 1.92112e-08 6.11597e-09 
scan 1000 50 24 2.3634e-07 8.44083e-08 3.74179e-08 6.16774e-09 4.38169e-09 0 9.2946e-10 7.09021e-08 2.52873e-08 
scan 1000 50 25 5.71285e-09 8.09724e-09 5.71285e-09 1.97899e-10 0 0 4.11325e-11 5.71285e-09 5.01173e-10 
scan 1000 50 26 1.46815e-07 1.50552e-07 2.93913e-08 4.12591e-09 2.82679e-09 0 4.55393e-10 1.46815e-07 1.48997e-08 
scan 1000 50 27 2.36495e-07 2.4091e-07 3.74447e-08 4.9034e-09 6.32463e-09 0 8.50646e-10 2.36495e-07 2.53118e-08 
scan 1000 50 28 3.16765e-07 3.21437e-07 4.31492e-08 7.77893e-09 6.6478e-09 0 9.34954e-10 3.16765e-07 3.18483e-08 
scan 1000 50 29 4.60837e-06 4.63815e-06 1.64869e-07 1.09107e-07 7.84242e-08 0 1.75635e-08 4.60837e-06 4.79425e-07 
scan 1000 50 30 1.35845e-07 4.20513e-08 2.83621e-08 3.62305e-09 1.90256e-09 0 4.97743e-10 2.7169e-08 1.44483e-08 
scan 1000 50 31 2.75664e-07 7.41612e-08 4.0245e-08 6.93843e-09 4.89107e-09 0 8.42936e-10 5.51328e-08 2.77097e-08 
scan 1000 50 32 3.83604e-07 9.95795e-08 4.76273e-08 9.29174e-09 7.69666e-09 0 1.16186e-09 7.67207e-08 4.01835e-08 
scan 1000 50 33 4.13712e-07 1.06763e-07 4.95102e-08 1.11245e-08 7.006e-09 0 1.30531e-09 8.27424e-08 4.38892e-08 
scan 1000 50 34 5.5596e-06 1.27878e-06 1.81442e-07 1.31132e-07 1.15855e-07 0 1.09656e-08 1.11192e-06 5.79004e-07 
scan 1000 50 35 2.87103e-08 1.56946e-08 1.284e-08 9.10354e-10 2.7987e-10 0 1.33504e-10 8.61308e-09 2.51868e-09 
scan 1000 50 36 6.99466e-08 2.99455e-08 2.02046e-08 1.15638e-09 1.63014e-09 0 1.56682e-10 2.0984e-08 6.64536e-09 
scan 1000 50 37 1.05419e-07 4.16643e-08 2.4867e-08 2.50641e-09 2.37849e-09 0 1.62998e-10 3.16257e-08 1.02664e-08 
scan 1000 50 38 1.8838e-07 6.85924e-08 3.33358e-08 4.81673e-09 3.57612e-09 0 3.17464e-10 5.6514e-08 1.90717e-08 
scan 1000 50 39 2.23126e-06 7.23476e-07 1.15214e-07 5.31153e-08 4.66908e-08 0 4.12283e-09 6.69379e-07 2.38865e-07 
scan 1000 50 40 5.99295e-08 6.32543e-08 1.89762e-08 1.15633e-09 1.49259e-09 0 7.80719e-11 5.99295e-08 6.77385e-09 
scan 1000 50 41 3.09528e-07 3.14024e-07 4.25465e-08 7.16722e-09 5.50969e-09 0 9.4683e-10 3.09528e-07 3.01759e-08 
scan 1000 50 42 7.61352e-07 7.69151e-07 6.73857e-08 1.59605e-08 1.56647e-08 0 1.6018e-09 7.61352e-07 8.30216e-08 
scan 1000 50 43 9.01205e-07 9.0969e-07 7.31882e-08 2.00784e-08 1.81803e-08 0 1.93099e-09 9.01205e-07 9.62892e-08 
scan 1000 50 44 2.46053e-05 2.47523e-05 3.81553e-07 5.56917e-07 4.84317e-07 0 5.78958e-08 2.46053e-05 2.56187e-06 
scan 1000 50 45 3.47675e-08 1.61527e-08 1.41938e-08 8.4933e-10 1.03553e-09 0 5.18072e-12 6.9535e-09 3.05006e-09 
scan 1000 50 46 3.11049e-08 1.58793e-08 1.39321e-08 8.37048e-10 7.29856e-10 0 1.15198e-12 6.22098e-09 4.25596e-09 
scan 1000 50 47 1.15801e-08 8.58655e-09 8.18837e-09 2.79516e-10 4.53134e-10 0 6.25013e-12 2.31602e-09 1.01589e-09 
scan 1000 50 48 5.79625e-09 5.93768e-09 5.79625e-09 2.08987e-10 1.15925e-10 0 3.06738e-14 1.15925e-09 5.0849e-10 
scan 1000 50 49 6.50479e-09 6.72626e-09 6.50479e-09 2.34533e-10 1.30096e-10 0 3.44233e-14 1.30096e-09 1.07977e-09 
scan 1000 50 50 0 0 0 0 0 0 0 0 0 
scan 1000 50 51 5.79628e-09 6.07614e-09 5.79628e-09 1.63944e-10 1.15926e-10 0 1.63594e-14 1.73888e-09 5.08492e-10 
scan 1000 50 52 0 0 0 0 0 0 0 0 0 
scan 1000 50 53 0 0 0 0 0 0 0 0 0 
scan 1000 50 54 1.15926e-08 8.97795e-09 8.19719e-09 2.31852e-10 4.76083e-10 0 2.32326e-14 3.47777e-09 1.01699e-09 
scan 1000 50 55 0 0 0 0 0 0 0 0 0 
scan 1000 50 56 5.7963e-09 8.21541e-09 5.7963e-09 1.63944e-10 1.15926e-10 0 8.35014e-15 5.7963e-09 5.08494e-10 
scan 1000 50 57 5.79409e-09 8.2133e-09 5.79409e-09 1.73823e-10 1.63882e-10 0 1.11246e-12 5.79409e-09 5.083e-10 
scan 1000 50 58 2.31752e-08 2.60064e-08 1.15876e-08 6.07475e-10 6.85111e-10 0 5.01884e-12 2.31752e-08 2.0331e-09 
scan 1000 50 59 1.6439e-07 1.68176e-07 3.10885e-08 4.18877e-09 4.54084e-09 0 1.60486e-11 1.6439e-07 1.59487e-08 
scan 1000 50 75 0 0 0 0 0 0 0 0 0 
scan 1000 50 76 1.73889e-08 1.07502e-08 1.00395e-08 3.95795e-10 4.43814e-10 0 3.62405e-14 3.47777e-09 1.52548e-09 
scan 1000 50 77 5.79631e-09 5.93632e-09 5.79631e-09 1.15926e-10 1.63944e-10 0 2.78339e-15 1.15926e-09 5.08495e-10 
scan 1000 50 78 5.79626e-09 5.93627e-09 5.79626e-09 1.15925e-10 1.63943e-10 0 2.67092e-14 1.15925e-09 5.08491e-10 
scan 1000 50 79 1.22177e-08 9.14456e-09 8.65732e-09 3.36076e-10 2.98241e-10 0 4.11554e-11 2.44353e-09 1.58095e-09 
scan 1000 50 80 0 0 0 0 0 0 0 0 0 
scan 1000 50 81 6.50485e-09 6.88026e-09 6.50485e-09 1.30097e-10 1.83985e-10 0 4.07984e-15 1.95145e-09 1.07978e-09 
scan 1000 50 82 0 0 0 0 0 0 0 0 0 
scan 1000 50 83 0 0 0 0 0 0 0 0 0 
scan 1000 50 84 0 0 0 0 0 0 0 0 0 
scan 1000 50 85 0 0 0 0 0 0 0 0 0 
scan 1000 50 86 5.7963e-09 8.21542e-09 5.7963e-09 1.15926e-10 1.63944e-10 0 3.63544e-15 5.7963e-09 5.08495e-10 
scan 1000 50 87 1.15925e-08 1.42399e-08 8.19716e-09 3.27887e-10 2.31851e-10 0 4.15801e-14 1.15925e-08 1.01698e-09 
scan 1000 50 88 0 0 0 0 0 0 0 0 0 
scan 1000 50 89 7.02622e-08 7.34779e-08 2.02943e-08 1.50128e-09 1.89128e-09 0 1.02213e-12 7.02622e-08 6.67305e-09 
scan 1000 50 90 3.13876e-08 1.46724e-08 1.2838e-08 7.16926e-10 3.7476e-10 8.0079e-10 1.47654e-09 6.27752e-09 2.75355e-09 
scan 1000 50 91 6.24954e-08 2.44058e-08 1.89033e-08 6.37655e-10 1.63085e-09 2.13232e-09 2.42981e-09 1.24991e-08 8.28027e-09 
scan 1000 50 92 1.70697e-08 1.0787e-08 9.88842e-09 2.58757e-10 4.62839e-10 3.41394e-10 7.74395e-10 3.41394e-09 2.43428e-09 
scan 1000 50 93 1.59115e-08 9.89437e-09 9.20633e-09 2.92999e-10 3.96285e-10 6.39072e-10 6.4448e-10 3.18229e-09 1.39587e-09 
scan 1000 50 94 2.75563e-08 1.38719e-08 1.23429e-08 5.26457e-10 3.88103e-10 5.51125e-10 9.23751e-10 5.51125e-09 2.8502e-09 
scan 1000 50 95 0 0 0 0 0 0 0 0 0 
scan 1000 50 96 1.66366e-08 1.09619e-08 9.62057e-09 3.32732e-10 3.32732e-10 4.85754e-10 3.34308e-10 4.99097e-09 1.45948e-09 
scan 1000 50 97 5.76791e-09 6.04642e-09 5.76791e-09 1.15358e-10 1.15358e-10 1.15358e-10 1.41314e-11 1.73037e-09 5.06004e-10 
scan 1000 50 98 6.47298e-09 6.85299e-09 6.47298e-09 1.2946e-10 1.2946e-10 3.23649e-10 1.58588e-11 1.94189e-09 1.07449e-09 
scan 1000 50 99 1.0825e-08 8.47628e-09 7.66714e-09 3.06178e-10 0 2.16501e-10 6.49502e-10 3.24751e-09 1.39768e-09 
scan 1000 50 100 0 0 0 0 0 0 0 0 0 
scan 1000 50 101 1.1226e-08 1.3898e-08 8.03058e-09 2.63894e-10 1.2946e-10 3.67108e-10 4.43627e-10 1.1226e-08 1.49146e-09 
scan 1000 50 102 3.77495e-08 4.05998e-08 1.42924e-08 7.22365e-10 6.30684e-10 1.24798e-09 1.56177e-09 3.77495e-08 3.7597e-09 
scan 1000 50 103 2.7562e-08 3.03203e-08 1.2336e-08 2.59629e-10 5.87518e-10 8.91212e-10 6.54044e-10 2.7562e-08 2.41795e-09 
scan 1000 50 104 4.16846e-07 4.22821e-07 4.86271e-08 7.84799e-09 7.0443e-09 1.30513e-08 1.22491e-08 4.16846e-07 4.71236e-08 
scan 1000 50 120 0 0 0 0 0 0 0 0 0 
scan 1000 50 121 5.75922e-09 5.89837e-09 5.75922e-09 1.15184e-10 1.15184e-10 1.15184e-10 1.84295e-11 1.15184e-09 5.05241e-10 
scan 1000 50 122 1.06511e-08 8.00759e-09 7.55257e-09 2.53838e-10 1.14485e-10 2.13023e-10 7.12971e-10 2.13023e-09 1.38243e-09 
scan 1000 50 123 1.07812e-08 8.10632e-09 7.65164e-09 1.77641e-10 1.65587e-10 2.15625e-10 6.62233e-10 2.15625e-09 1.40403e-09 
scan 1000 50 124 4.85251e-08 1.99019e-08 1.61921e-08 6.72595e-10 1.08017e-09 9.70501e-10 2.50846e-09 9.70501e-09 5.55525e-09 
scan 1000 50 125 0 0 0 0 0 0 0 0 0 
scan 1000 50 126 0 0 0 0 0 0 0 0 0 
scan 1000 50 127 5.56446e-09 5.83419e-09 5.56446e-09 0 1.57387e-10 1.11289e-10 1.11289e-10 1.66934e-09 4.88155e-10 
scan 1000 50 128 4.92687e-09 5.17795e-09 4.92687e-09 1.39353e-10 0 9.85373e-11 3.69515e-10 1.47806e-09 4.32221e-10 
scan 1000 50 129 1.64331e-08 1.08283e-08 9.49998e-09 2.17373e-10 5.27783e-10 3.28662e-10 4.31466e-10 4.92994e-09 1.44164e-09 
scan 1000 50 130 0 0 0 0 0 0 0 0 0 
scan 1000 50 131 1.13324e-08 1.39248e-08 8.01449e-09 1.15358e-10 2.72745e-10 3.93581e-10 1.25421e-10 1.13324e-08 9.94159e-10 
scan 1000 50 132 0 0 0 0 0 0 0 0 0 
scan 1000 50 133 3.22287e-08 3.49722e-08 1.31837e-08 6.96899e-10 3.88103e-10 8.1761e-10 1.12116e-09 3.22287e-08 2.82734e-09 
scan 1000 50 134 3.75764e-07 3.80953e-07 4.60535e-08 6.47051e-09 6.98123e-09 8.88141e-09 9.6519e-09 3.75764e-07 3.92802e-08 
scan 1000 50 135 1.73416e-08 1.08596e-08 1.00591e-08 3.46833e-10 3.46833e-10 4.99856e-10 3.36035e-10 3.46833e-09 2.02797e-09 
scan 1000 50 136 1.80088e-08 1.12387e-08 1.04133e-08 3.60176e-10 3.60176e-10 5.33213e-10 4.41216e-11 3.60176e-09 2.0865e-09 
scan 1000 50 137 2.95728e-08 1.50214e-08 1.32751e-08 5.91456e-10 5.91456e-10 7.64493e-10 3.70849e-10 5.91456e-09 3.60685e-09 
scan 1000 50 138 1.08687e-08 8.08053e-09 7.69977e-09 2.68381e-10 2.17373e-10 3.90411e-10 3.20177e-10 2.17373e-09 9.5348e-10 
scan 1000 50 139 5.76791e-09 5.90726e-09 5.76791e-09 1.15358e-10 1.15358e-10 1.15358e-10 1.41314e-11 1.15358e-09 5.06004e-10 
scan 1000 50 140 0 0 0 0 0 0 0 0 0 
scan 1000 50 141 0 0 0 0 0 0 0 0 0 
scan 1000 50 142 0 0 0 0 0 0 0 0 0 
scan 1000 50 143 5.76791e-09 6.04642e-09 5.76791e-09 1.15358e-10 1.15358e-10 1.15358e-10 1.41314e-11 1.73037e-09 5.06004e-10 
scan 1000 50 144 2.88338e-08 1.6007e-08 1.29314e-08 5.76677e-10 5.76677e-10 9.43903e-10 6.93623e-10 8.65015e-09 3.48418e-09 
scan 1000 50 145 0 0 0 0 0 0 0 0 0 
scan 1000 50 146 2.88775e-08 3.18166e-08 1.29508e-08 6.28557e-10 5.77549e-10 7.50587e-10 3.64298e-10 2.88775e-08 3.03998e-09 
scan 1000 50 147 2.15198e-08 2.42268e-08 1.07855e-08 4.79665e-10 7.55147e-10 4.30396e-10 1.03315e-09 2.15198e-08 2.33591e-09 
scan 1000 50 148 2.38051e-08 2.67643e-08 1.19178e-08 4.76102e-10 4.76102e-10 6.49991e-10 4.41244e-11 2.38051e-08 2.59499e-09 
scan 1000 50 149 2.57699e-07 2.62296e-07 3.85072e-08 5.41156e-09 5.32571e-09 7.05687e-09 4.82085e-09 2.57699e-07 2.7872e-08 
scan 1000 50 165 0 0 0 0 0 0 0 0 0 
scan 1000 50 166 5.76791e-09 5.91317e-09 5.76791e-09 1.15358e-10 1.15358e-10 2.88396e-10 1.41314e-11 1.15358e-09 5.06004e-10 
scan 1000 50 167 2.88775e-08 1.45698e-08 1.29508e-08 5.77549e-10 5.77549e-10 1.07665e-09 3.64298e-10 5.77549e-09 3.03998e-09 
scan 1000 50 168 0 0 0 0 0 0 0 0 0 
scan 1000 50 169 5.18131e-08 2.10537e-08 1.73331e-08 1.03626e-09 1.03626e-09 1.33709e-09 7.77935e-10 1.03626e-08 5.5587e-09 
scan 1000 50 170 0 0 0 0 0 0 0 0 0 
scan 1000 50 171 0 0 0 0 0 0 0 0 0 
scan 1000 50 172 5.76791e-09 6.05219e-09 5.76791e-09 1.15358e-10 1.15358e-10 2.88396e-10 1.41314e-11 1.73037e-09 5.06004e-10 
scan 1000 50 173 0 0 0 0 0 0 0 0 0 
scan 1000 50 174 1.66366e-08 1.09579e-08 9.62057e-09 3.83739e-10 3.32732e-10 3.32732e-10 3.34308e-10 4.99097e-09 1.45948e-09 
scan 1000 50 175 0 0 0 0 0 0 0 0 0 
scan 1000 50 176 0 0 0 0 0 0 0 0 0 
scan 1000 50 177 1.15358e-08 1.41703e-08 8.15706e-09 2.30716e-10 2.30716e-10 2.30716e-10 2.82628e-11 1.15358e-08 1.01201e-09 
scan 1000 50 178 1.15358e-08 1.41742e-08 8.15706e-09 2.30716e-10 2.30716e-10 4.03754e-10 2.82628e-11 1.15358e-08 1.01201e-09 
scan 1000 50 179 1.46324e-07 1.50083e-07 2.9303e-08 2.92647e-09 2.92647e-09 4.15833e-09 6.65528e-10 1.46324e-07 1.48624e-08 
