xsec 1000 350 0.000129786
scan 1000 350 0 7.22581e-08 7.49149e-08 7.22581e-08 0 2.50309e-09 0 1.44516e-10 1.44516e-08 1.32616e-08 
scan 1000 350 1 6.21714e-08 6.37202e-08 6.21714e-08 2.15368e-09 0 0 4.47634e-10 1.24343e-08 5.96007e-09 
scan 1000 350 2 0 0 0 0 0 0 0 0 0 
scan 1000 350 3 2.61295e-07 1.44631e-07 1.30893e-07 1.78416e-09 8.12799e-09 0 2.45373e-10 5.22591e-08 3.13837e-08 
scan 1000 350 4 6.32703e-07 2.46885e-07 2.00263e-07 1.70436e-08 7.40906e-09 0 3.71004e-09 1.26541e-07 6.68996e-08 
scan 1000 350 5 0 0 0 0 0 0 0 0 0 
scan 1000 350 6 0 0 0 0 0 0 0 0 0 
scan 1000 350 7 0 0 0 0 0 0 0 0 0 
scan 1000 350 8 1.25806e-07 9.7481e-08 8.89586e-08 0 4.35806e-09 0 1.76038e-10 3.77419e-08 1.20604e-08 
scan 1000 350 9 1.88195e-07 1.23979e-07 1.08656e-07 5.19559e-09 4.93134e-09 0 5.15644e-10 5.64584e-08 1.80413e-08 
scan 1000 350 10 0 0 0 0 0 0 0 0 0 
scan 1000 350 11 6.30791e-08 8.94499e-08 6.30791e-08 2.27435e-09 1.26158e-09 0 3.33815e-13 6.30791e-08 6.04709e-09 
scan 1000 350 12 1.2515e-07 1.53778e-07 8.84965e-08 2.15368e-09 2.18165e-09 0 4.98017e-10 1.2515e-07 1.19975e-08 
scan 1000 350 13 3.21416e-07 3.54243e-07 1.43956e-07 8.02899e-09 3.9658e-09 0 1.69692e-09 3.21416e-07 3.70581e-08 
scan 1000 350 14 4.16873e-06 4.228e-06 5.17786e-07 8.70889e-08 8.79598e-08 0 1.28383e-08 4.16873e-06 4.62722e-07 
scan 1000 350 15 0 0 0 0 0 0 0 0 0 
scan 1000 350 16 6.28275e-08 6.43911e-08 6.28275e-08 0 2.17641e-09 0 1.25655e-10 1.25655e-08 6.02296e-09 
scan 1000 350 17 7.25475e-08 7.52148e-08 7.25475e-08 2.05195e-09 1.45095e-09 0 3.83922e-13 1.45095e-08 1.33147e-08 
scan 1000 350 18 0 0 0 0 0 0 0 0 0 
scan 1000 350 19 9.05659e-07 3.2184e-07 2.42535e-07 1.84541e-08 1.96736e-08 0 2.88549e-09 1.81132e-07 1.05891e-07 
scan 1000 350 20 0 0 0 0 0 0 0 0 0 
scan 1000 350 21 0 0 0 0 0 0 0 0 0 
scan 1000 350 22 0 0 0 0 0 0 0 0 0 
scan 1000 350 23 0 0 0 0 0 0 0 0 0 
scan 1000 350 24 3.94861e-07 2.0701e-07 1.6159e-07 7.838e-09 9.69644e-09 0 1.26287e-09 1.18458e-07 5.05225e-08 
scan 1000 350 25 0 0 0 0 0 0 0 0 0 
scan 1000 350 26 0 0 0 0 0 0 0 0 0 
scan 1000 350 27 1.96528e-07 2.28531e-07 1.13705e-07 6.40693e-09 1.26159e-09 0 1.07242e-09 1.96528e-07 2.51086e-08 
scan 1000 350 28 1.33448e-07 1.64755e-07 9.46037e-08 4.62277e-09 0 0 1.07233e-09 1.33448e-07 1.90614e-08 
scan 1000 350 29 3.16139e-06 3.2159e-06 4.5248e-07 7.81937e-08 4.84413e-08 0 1.191e-08 3.16139e-06 3.66443e-07 
scan 1000 350 30 6.30791e-08 6.46489e-08 6.30791e-08 1.78415e-09 1.26158e-09 0 3.33815e-13 1.26158e-08 6.04709e-09 
scan 1000 350 31 6.21714e-08 6.37202e-08 6.21714e-08 2.15368e-09 0 0 4.47634e-10 1.24343e-08 5.96007e-09 
scan 1000 350 32 5.70851e-07 2.31065e-07 1.90472e-07 1.74795e-08 6.61153e-09 0 3.10614e-09 1.1417e-07 6.09703e-08 
scan 1000 350 33 2.61608e-07 1.44807e-07 1.31055e-07 5.35069e-09 6.29263e-09 0 8.98877e-11 5.23215e-08 3.14289e-08 
scan 1000 350 34 5.67583e-06 1.47016e-06 6.09714e-07 1.37309e-07 1.22244e-07 0 1.00585e-08 1.13517e-06 6.8346e-07 
scan 1000 350 35 0 0 0 0 0 0 0 0 0 
scan 1000 350 36 1.35628e-07 1.06274e-07 9.61368e-08 3.23513e-09 3.31357e-09 0 1.2571e-13 4.06883e-08 1.9362e-08 
scan 1000 350 37 1.26159e-07 9.77516e-08 8.92081e-08 3.04575e-09 3.04576e-09 0 1.21163e-13 3.78478e-08 1.20943e-08 
scan 1000 350 38 1.25251e-07 9.70444e-08 8.85678e-08 3.93783e-09 1.26158e-09 0 4.47968e-10 3.75752e-08 1.20072e-08 
scan 1000 350 39 2.14138e-06 7.86863e-07 3.73443e-07 4.79409e-08 4.83479e-08 0 3.2069e-09 6.42415e-07 2.497e-07 
scan 1000 350 40 6.30796e-08 8.94394e-08 6.30796e-08 1.78416e-09 1.26159e-09 0 9.08725e-14 6.30796e-08 6.04713e-09 
scan 1000 350 41 1.96132e-07 2.28016e-07 1.13446e-07 4.61254e-09 2.18165e-09 0 1.26461e-09 1.96132e-07 2.50248e-08 
scan 1000 350 42 4.78064e-07 5.16378e-07 1.81148e-07 8.6945e-09 1.15669e-08 0 6.73683e-10 4.78064e-07 7.12494e-08 
scan 1000 350 43 7.59713e-07 7.95061e-07 2.19529e-07 1.92499e-08 1.06389e-08 0 3.30132e-09 7.59713e-07 7.91899e-08 
scan 1000 350 44 1.60625e-05 1.62051e-05 1.01952e-06 3.54564e-07 3.27892e-07 0 3.46829e-08 1.60625e-05 1.8245e-06 
scan 1000 350 45 0 0 0 0 0 0 0 0 0 
scan 1000 350 46 0 0 0 0 0 0 0 0 0 
scan 1000 350 47 0 0 0 0 0 0 0 0 0 
scan 1000 350 48 0 0 0 0 0 0 0 0 0 
scan 1000 350 49 0 0 0 0 0 0 0 0 0 
scan 1000 350 50 0 0 0 0 0 0 0 0 0 
scan 1000 350 51 0 0 0 0 0 0 0 0 0 
scan 1000 350 52 0 0 0 0 0 0 0 0 0 
scan 1000 350 53 0 0 0 0 0 0 0 0 0 
scan 1000 350 54 0 0 0 0 0 0 0 0 0 
scan 1000 350 55 0 0 0 0 0 0 0 0 0 
scan 1000 350 56 0 0 0 0 0 0 0 0 0 
scan 1000 350 57 0 0 0 0 0 0 0 0 0 
scan 1000 350 58 0 0 0 0 0 0 0 0 0 
scan 1000 350 59 1.35606e-07 1.6742e-07 9.61225e-08 3.94371e-09 3.23452e-09 0 1.09778e-11 1.35606e-07 1.93598e-08 
scan 1000 350 75 0 0 0 0 0 0 0 0 0 
scan 1000 350 76 0 0 0 0 0 0 0 0 0 
scan 1000 350 77 0 0 0 0 0 0 0 0 0 
scan 1000 350 78 0 0 0 0 0 0 0 0 0 
scan 1000 350 79 0 0 0 0 0 0 0 0 0 
scan 1000 350 80 6.30791e-08 6.61697e-08 6.30791e-08 1.78415e-09 1.26158e-09 0 3.33815e-13 1.89237e-08 6.04709e-09 
scan 1000 350 81 0 0 0 0 0 0 0 0 0 
scan 1000 350 82 0 0 0 0 0 0 0 0 0 
scan 1000 350 83 0 0 0 0 0 0 0 0 0 
scan 1000 350 84 0 0 0 0 0 0 0 0 0 
scan 1000 350 85 0 0 0 0 0 0 0 0 0 
scan 1000 350 86 0 0 0 0 0 0 0 0 0 
scan 1000 350 87 6.30797e-08 8.94396e-08 6.30797e-08 1.26159e-09 1.78416e-09 0 5.16749e-14 6.30797e-08 6.04714e-09 
scan 1000 350 88 0 0 0 0 0 0 0 0 0 
scan 1000 350 89 0 0 0 0 0 0 0 0 0 
scan 1000 350 90 0 0 0 0 0 0 0 0 0 
scan 1000 350 91 0 0 0 0 0 0 0 0 0 
scan 1000 350 92 6.27707e-08 6.43972e-08 6.27707e-08 1.25541e-09 1.25541e-09 3.13853e-09 1.53788e-10 1.25541e-08 6.01752e-09 
scan 1000 350 93 0 0 0 0 0 0 0 0 0 
scan 1000 350 94 0 0 0 0 0 0 0 0 0 
scan 1000 350 95 0 0 0 0 0 0 0 0 0 
scan 1000 350 96 0 0 0 0 0 0 0 0 0 
scan 1000 350 97 0 0 0 0 0 0 0 0 0 
scan 1000 350 98 0 0 0 0 0 0 0 0 0 
scan 1000 350 99 0 0 0 0 0 0 0 0 0 
scan 1000 350 100 0 0 0 0 0 0 0 0 0 
scan 1000 350 101 0 0 0 0 0 0 0 0 0 
scan 1000 350 102 0 0 0 0 0 0 0 0 0 
scan 1000 350 103 0 0 0 0 0 0 0 0 0 
scan 1000 350 104 2.35741e-07 2.65689e-07 1.18204e-07 6.34929e-09 3.60462e-09 8.20648e-09 1.13363e-08 2.35741e-07 2.81962e-08 
scan 1000 350 120 0 0 0 0 0 0 0 0 0 
scan 1000 350 121 0 0 0 0 0 0 0 0 0 
scan 1000 350 122 0 0 0 0 0 0 0 0 0 
scan 1000 350 123 0 0 0 0 0 0 0 0 0 
scan 1000 350 124 0 0 0 0 0 0 0 0 0 
scan 1000 350 125 0 0 0 0 0 0 0 0 0 
scan 1000 350 126 0 0 0 0 0 0 0 0 0 
scan 1000 350 127 0 0 0 0 0 0 0 0 0 
scan 1000 350 128 0 0 0 0 0 0 0 0 0 
scan 1000 350 129 0 0 0 0 0 0 0 0 0 
scan 1000 350 130 0 0 0 0 0 0 0 0 0 
scan 1000 350 131 0 0 0 0 0 0 0 0 0 
scan 1000 350 132 0 0 0 0 0 0 0 0 0 
scan 1000 350 133 0 0 0 0 0 0 0 0 0 
scan 1000 350 134 2.50336e-07 2.8306e-07 1.26337e-07 2.90687e-09 5.0195e-09 7.09612e-09 9.06368e-09 2.50336e-07 3.6433e-08 
scan 1000 350 135 0 0 0 0 0 0 0 0 0 
scan 1000 350 136 0 0 0 0 0 0 0 0 0 
scan 1000 350 137 0 0 0 0 0 0 0 0 0 
scan 1000 350 138 0 0 0 0 0 0 0 0 0 
scan 1000 350 139 0 0 0 0 0 0 0 0 0 
scan 1000 350 140 0 0 0 0 0 0 0 0 0 
scan 1000 350 141 0 0 0 0 0 0 0 0 0 
scan 1000 350 142 0 0 0 0 0 0 0 0 0 
scan 1000 350 143 0 0 0 0 0 0 0 0 0 
scan 1000 350 144 6.27707e-08 6.59091e-08 6.27707e-08 1.25541e-09 1.25541e-09 3.13853e-09 1.53788e-10 1.88312e-08 6.01752e-09 
scan 1000 350 145 0 0 0 0 0 0 0 0 0 
scan 1000 350 146 0 0 0 0 0 0 0 0 0 
scan 1000 350 147 0 0 0 0 0 0 0 0 0 
scan 1000 350 148 0 0 0 0 0 0 0 0 0 
scan 1000 350 149 2.53136e-07 2.85066e-07 1.27113e-07 5.06271e-09 5.06271e-09 5.06271e-09 3.86886e-09 2.53136e-07 3.05862e-08 
scan 1000 350 165 0 0 0 0 0 0 0 0 0 
scan 1000 350 166 0 0 0 0 0 0 0 0 0 
scan 1000 350 167 0 0 0 0 0 0 0 0 0 
scan 1000 350 168 0 0 0 0 0 0 0 0 0 
scan 1000 350 169 0 0 0 0 0 0 0 0 0 
scan 1000 350 170 0 0 0 0 0 0 0 0 0 
scan 1000 350 171 0 0 0 0 0 0 0 0 0 
scan 1000 350 172 0 0 0 0 0 0 0 0 0 
scan 1000 350 173 0 0 0 0 0 0 0 0 0 
scan 1000 350 174 0 0 0 0 0 0 0 0 0 
scan 1000 350 175 0 0 0 0 0 0 0 0 0 
scan 1000 350 176 0 0 0 0 0 0 0 0 0 
scan 1000 350 177 0 0 0 0 0 0 0 0 0 
scan 1000 350 178 0 0 0 0 0 0 0 0 0 
scan 1000 350 179 0 0 0 0 0 0 0 0 0 
