xsec 250 150 0.317895
scan 250 150 0 0.000289415 9.41259e-05 7.23989e-05 7.9257e-06 5.60612e-06 0 1.12137e-06 5.78829e-05 1.31204e-05 
scan 250 150 1 0.000399501 0.000119286 8.52267e-05 9.40061e-06 1.28219e-05 0 7.07979e-07 7.99001e-05 1.81174e-05 
scan 250 150 2 0.000253434 8.59068e-05 6.77609e-05 6.7199e-06 6.42495e-06 0 1.12705e-06 5.06867e-05 1.14711e-05 
scan 250 150 3 0.00021868 7.79528e-05 6.31545e-05 6.11589e-06 6.33476e-06 0 5.24892e-07 4.3736e-05 9.87443e-06 
scan 250 150 4 0.000290279 9.45153e-05 7.26135e-05 7.89874e-06 7.34072e-06 0 7.01443e-07 5.80559e-05 1.31596e-05 
scan 250 150 5 0 0 0 0 0 0 0 0 0 
scan 250 150 6 0.000110939 5.65368e-05 4.52934e-05 3.10749e-06 1.76256e-06 0 4.24543e-07 3.32817e-05 4.92925e-06 
scan 250 150 7 0.000126261 6.14261e-05 4.77575e-05 4.05173e-06 2.81536e-06 0 1.54019e-07 3.78782e-05 5.76724e-06 
scan 250 150 8 1.82992e-05 1.91378e-05 1.82992e-05 7.54497e-07 0 0 1.64693e-07 5.48977e-06 8.13071e-07 
scan 250 150 9 3.69336e-05 2.84495e-05 2.61171e-05 1.28156e-06 3.72688e-07 0 1.64822e-07 1.10801e-05 1.64103e-06 
scan 250 150 10 1.83663e-05 2.59948e-05 1.83663e-05 6.36228e-07 0 0 1.32237e-07 1.83663e-05 8.16052e-07 
scan 250 150 11 0.00012569 0.000134561 4.75275e-05 3.01148e-06 2.74234e-06 0 4.35722e-07 0.00012569 5.74285e-06 
scan 250 150 12 0.000401341 0.000411028 8.56053e-05 1.03587e-05 1.02252e-05 0 1.0622e-06 0.000401341 1.80951e-05 
scan 250 150 13 0.000400327 0.000409937 8.53902e-05 1.12615e-05 6.32091e-06 0 1.56419e-06 0.000400327 1.8049e-05 
scan 250 150 14 0.000579221 0.000589102 0.000102458 1.31306e-05 1.33958e-05 0 1.42524e-06 0.000579221 2.6312e-05 
scan 250 150 15 0.000232877 8.06907e-05 6.46264e-05 5.44205e-06 4.60493e-06 0 8.01753e-07 4.65755e-05 1.06623e-05 
scan 250 150 16 0.000215296 7.67081e-05 6.21893e-05 5.71948e-06 5.69158e-06 0 9.17971e-07 4.30592e-05 9.8278e-06 
scan 250 150 17 0.000411491 0.000121414 8.586e-05 1.3826e-05 6.81822e-06 0 2.69315e-06 8.22982e-05 1.87512e-05 
scan 250 150 18 0.000161422 6.35441e-05 5.38476e-05 4.86419e-06 4.18903e-06 0 5.55577e-07 3.22844e-05 7.38121e-06 
scan 250 150 19 0.0002363 8.2104e-05 6.55707e-05 3.72685e-06 8.90522e-06 0 3.91262e-07 4.72599e-05 1.07099e-05 
scan 250 150 20 0 0 0 0 0 0 0 0 0 
scan 250 150 21 1.79638e-05 1.87848e-05 1.79638e-05 6.22284e-07 0 0 3.23349e-07 5.38914e-06 7.98167e-07 
scan 250 150 22 7.40613e-05 4.33732e-05 3.70326e-05 1.82897e-06 1.38987e-06 0 2.33258e-07 2.22184e-05 3.29069e-06 
scan 250 150 23 0 0 0 0 0 0 0 0 0 
scan 250 150 24 1.82992e-05 1.91378e-05 1.82992e-05 7.54497e-07 0 0 1.64693e-07 5.48977e-06 8.13071e-07 
scan 250 150 25 0 0 0 0 0 0 0 0 0 
scan 250 150 26 5.55013e-05 6.41626e-05 3.20454e-05 1.7726e-06 5.27063e-07 0 1.96993e-07 5.55013e-05 2.46603e-06 
scan 250 150 27 0.000179677 0.000188716 5.68569e-05 4.71977e-06 2.72661e-06 0 7.41613e-07 0.000179677 8.19241e-06 
scan 250 150 28 0.000251695 0.000260912 6.73145e-05 5.58061e-06 5.43213e-06 0 7.14598e-07 0.000251695 1.14975e-05 
scan 250 150 29 0.00043252 0.000442159 8.83403e-05 1.06758e-05 1.1041e-05 0 8.95072e-07 0.00043252 1.97437e-05 
scan 250 150 30 0 0 0 0 0 0 0 0 0 
scan 250 150 31 1.73452e-05 1.7718e-05 1.73452e-05 3.46903e-07 4.90595e-07 0 8.32915e-12 3.46903e-06 8.2341e-07 
scan 250 150 32 1.72689e-05 1.76579e-05 1.72689e-05 0 9.92021e-07 0 3.79915e-08 3.45377e-06 8.19787e-07 
scan 250 150 33 1.85601e-05 1.89756e-05 1.85601e-05 0 1.0662e-06 0 3.71202e-08 3.71202e-06 8.24663e-07 
scan 250 150 34 0 0 0 0 0 0 0 0 0 
scan 250 150 35 0 0 0 0 0 0 0 0 0 
scan 250 150 36 0 0 0 0 0 0 0 0 0 
scan 250 150 37 0 0 0 0 0 0 0 0 0 
scan 250 150 38 1.70954e-05 1.78768e-05 1.70954e-05 5.92202e-07 0 0 1.23087e-07 5.12862e-06 8.11553e-07 
scan 250 150 39 1.83663e-05 1.92033e-05 1.83663e-05 6.36228e-07 0 0 1.32237e-07 5.50989e-06 8.16052e-07 
scan 250 150 40 0 0 0 0 0 0 0 0 0 
scan 250 150 41 0 0 0 0 0 0 0 0 0 
scan 250 150 42 1.69705e-05 2.40214e-05 1.69705e-05 5.87876e-07 0 0 1.83282e-07 1.69705e-05 8.05625e-07 
scan 250 150 43 0 0 0 0 0 0 0 0 0 
scan 250 150 44 0 0 0 0 0 0 0 0 0 
scan 250 150 45 1.73452e-05 1.7718e-05 1.73452e-05 3.46903e-07 4.90595e-07 0 1.08789e-11 3.46903e-06 8.23409e-07 
scan 250 150 46 3.59424e-05 2.65086e-05 2.54324e-05 8.62229e-07 8.73221e-07 0 1.87013e-08 7.18847e-06 1.64961e-06 
scan 250 150 47 0 0 0 0 0 0 0 0 0 
scan 250 150 48 0 0 0 0 0 0 0 0 0 
scan 250 150 49 0 0 0 0 0 0 0 0 0 
scan 250 150 50 0 0 0 0 0 0 0 0 0 
scan 250 150 51 0 0 0 0 0 0 0 0 0 
scan 250 150 52 0 0 0 0 0 0 0 0 0 
scan 250 150 53 0 0 0 0 0 0 0 0 0 
scan 250 150 54 0 0 0 0 0 0 0 0 0 
scan 250 150 55 0 0 0 0 0 0 0 0 0 
scan 250 150 56 0 0 0 0 0 0 0 0 0 
scan 250 150 57 0 0 0 0 0 0 0 0 0 
scan 250 150 58 0 0 0 0 0 0 0 0 0 
scan 250 150 59 0 0 0 0 0 0 0 0 0 
scan 250 150 75 0 0 0 0 0 0 0 0 0 
scan 250 150 76 0 0 0 0 0 0 0 0 0 
scan 250 150 77 0 0 0 0 0 0 0 0 0 
scan 250 150 78 0 0 0 0 0 0 0 0 0 
scan 250 150 79 0 0 0 0 0 0 0 0 0 
scan 250 150 80 0 0 0 0 0 0 0 0 0 
scan 250 150 81 0 0 0 0 0 0 0 0 0 
scan 250 150 82 0 0 0 0 0 0 0 0 0 
scan 250 150 83 0 0 0 0 0 0 0 0 0 
scan 250 150 84 0 0 0 0 0 0 0 0 0 
scan 250 150 85 0 0 0 0 0 0 0 0 0 
scan 250 150 86 1.86346e-05 2.63742e-05 1.86346e-05 3.72692e-07 5.27067e-07 0 1.52655e-11 1.86346e-05 8.27973e-07 
scan 250 150 87 0 0 0 0 0 0 0 0 0 
scan 250 150 88 0 0 0 0 0 0 0 0 0 
scan 250 150 89 0 0 0 0 0 0 0 0 0 
scan 250 150 90 4.95515e-05 3.05688e-05 2.86691e-05 7.9723e-07 1.59714e-06 9.9103e-07 2.25752e-06 9.9103e-06 2.24807e-06 
scan 250 150 91 1.72602e-05 1.76313e-05 1.72602e-05 3.45204e-07 3.45204e-07 3.45204e-07 4.22875e-08 3.45204e-06 8.19376e-07 
scan 250 150 92 1.63985e-05 1.67944e-05 1.63985e-05 3.2797e-07 3.2797e-07 8.19925e-07 9.8391e-07 3.2797e-06 7.28618e-07 
scan 250 150 93 0 0 0 0 0 0 0 0 0 
scan 250 150 94 0 0 0 0 0 0 0 0 0 
scan 250 150 95 0 0 0 0 0 0 0 0 0 
scan 250 150 96 0 0 0 0 0 0 0 0 0 
scan 250 150 97 0 0 0 0 0 0 0 0 0 
scan 250 150 98 0 0 0 0 0 0 0 0 0 
scan 250 150 99 0 0 0 0 0 0 0 0 0 
scan 250 150 100 0 0 0 0 0 0 0 0 0 
scan 250 150 101 0 0 0 0 0 0 0 0 0 
scan 250 150 102 0 0 0 0 0 0 0 0 0 
scan 250 150 103 0 0 0 0 0 0 0 0 0 
scan 250 150 104 1.85154e-05 2.62056e-05 1.85154e-05 3.70308e-07 3.70308e-07 3.70308e-07 5.92493e-08 1.85154e-05 8.22676e-07 
scan 250 150 120 1.66514e-05 1.70126e-05 1.66514e-05 0 4.70972e-07 3.33028e-07 3.33028e-07 3.33028e-06 7.90474e-07 
scan 250 150 121 0 0 0 0 0 0 0 0 0 
scan 250 150 122 0 0 0 0 0 0 0 0 0 
scan 250 150 123 0 0 0 0 0 0 0 0 0 
scan 250 150 124 0 0 0 0 0 0 0 0 0 
scan 250 150 125 0 0 0 0 0 0 0 0 0 
scan 250 150 126 0 0 0 0 0 0 0 0 0 
scan 250 150 127 0 0 0 0 0 0 0 0 0 
scan 250 150 128 0 0 0 0 0 0 0 0 0 
scan 250 150 129 0 0 0 0 0 0 0 0 0 
scan 250 150 130 0 0 0 0 0 0 0 0 0 
scan 250 150 131 0 0 0 0 0 0 0 0 0 
scan 250 150 132 0 0 0 0 0 0 0 0 0 
scan 250 150 133 0 0 0 0 0 0 0 0 0 
scan 250 150 134 0 0 0 0 0 0 0 0 0 
scan 250 150 135 0 0 0 0 0 0 0 0 0 
scan 250 150 136 3.2524e-05 2.40613e-05 2.30412e-05 8.03117e-07 6.50479e-07 1.16828e-06 9.58113e-07 6.50479e-06 1.54398e-06 
scan 250 150 137 0 0 0 0 0 0 0 0 0 
scan 250 150 138 0 0 0 0 0 0 0 0 0 
scan 250 150 139 0 0 0 0 0 0 0 0 0 
scan 250 150 140 0 0 0 0 0 0 0 0 0 
scan 250 150 141 0 0 0 0 0 0 0 0 0 
scan 250 150 142 0 0 0 0 0 0 0 0 0 
scan 250 150 143 0 0 0 0 0 0 0 0 0 
scan 250 150 144 0 0 0 0 0 0 0 0 0 
scan 250 150 145 0 0 0 0 0 0 0 0 0 
scan 250 150 146 0 0 0 0 0 0 0 0 0 
scan 250 150 147 0 0 0 0 0 0 0 0 0 
scan 250 150 148 0 0 0 0 0 0 0 0 0 
scan 250 150 149 0 0 0 0 0 0 0 0 0 
scan 250 150 165 0 0 0 0 0 0 0 0 0 
scan 250 150 166 0 0 0 0 0 0 0 0 0 
scan 250 150 167 0 0 0 0 0 0 0 0 0 
scan 250 150 168 0 0 0 0 0 0 0 0 0 
scan 250 150 169 0 0 0 0 0 0 0 0 0 
scan 250 150 170 0 0 0 0 0 0 0 0 0 
scan 250 150 171 0 0 0 0 0 0 0 0 0 
scan 250 150 172 0 0 0 0 0 0 0 0 0 
scan 250 150 173 0 0 0 0 0 0 0 0 0 
scan 250 150 174 0 0 0 0 0 0 0 0 0 
scan 250 150 175 0 0 0 0 0 0 0 0 0 
scan 250 150 176 0 0 0 0 0 0 0 0 0 
scan 250 150 177 0 0 0 0 0 0 0 0 0 
scan 250 150 178 0 0 0 0 0 0 0 0 0 
scan 250 150 179 0 0 0 0 0 0 0 0 0 
