xsec 300 50 0.145923
scan 300 50 0 0.000399989 0.000146733 0.000120604 1.06252e-05 1.20161e-05 0 6.12577e-07 7.99978e-05 1.81061e-05 
scan 300 50 1 0.00094389 0.000270902 0.000185118 2.32968e-05 3.332e-05 0 2.17175e-06 0.000188778 4.27124e-05 
scan 300 50 2 0.00104649 0.000292116 0.000194343 3.02944e-05 2.45317e-05 0 4.93106e-06 0.000209297 4.70493e-05 
scan 300 50 3 0.000866066 0.00025274 0.000176796 2.26286e-05 2.37414e-05 0 4.27578e-06 0.000173213 3.90357e-05 
scan 300 50 4 0.00145582 0.000380993 0.00023019 3.01387e-05 4.6223e-05 0 1.60758e-06 0.000291164 6.59107e-05 
scan 300 50 5 7.24829e-05 5.58558e-05 5.12587e-05 2.79822e-06 7.35475e-07 0 3.21911e-07 2.17449e-05 3.33235e-06 
scan 300 50 6 0.00018194 9.85705e-05 8.13713e-05 3.69678e-06 5.35634e-06 0 7.49249e-07 5.4582e-05 8.5285e-06 
scan 300 50 7 0.00010909 7.12707e-05 6.29831e-05 3.65071e-06 2.1818e-06 0 4.5329e-10 3.2727e-05 4.84708e-06 
scan 300 50 8 0.000144799 8.48454e-05 7.24019e-05 4.84045e-06 2.18181e-06 0 3.21695e-07 4.34398e-05 6.43372e-06 
scan 300 50 9 0.000109297 7.14113e-05 6.3103e-05 1.02852e-06 4.08903e-06 0 1.02352e-07 3.2789e-05 4.96762e-06 
scan 300 50 10 0.000181294 0.000198868 8.10783e-05 4.75309e-06 4.44128e-06 0 2.58549e-07 0.000181294 8.05523e-06 
scan 300 50 11 0.000364044 0.000382425 0.000115122 9.05104e-06 1.09617e-05 0 1.56202e-09 0.000364044 1.6287e-05 
scan 300 50 12 0.00123067 0.0012506 0.000211076 3.09435e-05 2.84046e-05 0 4.79454e-06 0.00123067 5.57946e-05 
scan 300 50 13 0.00137509 0.00139522 0.000223084 3.88057e-05 2.28086e-05 0 6.31916e-06 0.00137509 6.27598e-05 
scan 300 50 14 0.00315502 0.00317805 0.000338273 8.09676e-05 6.66329e-05 0 8.64365e-06 0.00315502 0.00014263 
scan 300 50 15 0.000287976 0.000118179 0.000101823 9.35507e-06 4.56272e-06 0 1.83518e-06 5.75952e-05 1.30164e-05 
scan 300 50 16 0.000724145 0.000221095 0.000161932 1.28641e-05 2.1022e-05 0 2.55476e-06 0.000144829 3.27332e-05 
scan 300 50 17 0.000685763 0.000212501 0.000157335 1.98826e-05 1.461e-05 0 3.7274e-06 0.000137153 3.11319e-05 
scan 300 50 18 0.000181068 8.93645e-05 8.09807e-05 3.12895e-06 6.33077e-06 0 5.71033e-07 3.62135e-05 8.15699e-06 
scan 300 50 19 0.00014478 7.84463e-05 7.23912e-05 4.66707e-06 3.40733e-06 0 3.33357e-07 2.8956e-05 6.43286e-06 
scan 300 50 20 3.57091e-05 3.7337e-05 3.57091e-05 1.237e-06 0 0 3.21382e-07 1.07127e-05 1.58663e-06 
scan 300 50 21 0.000145335 8.51919e-05 7.26677e-05 4.60503e-06 3.41276e-06 0 2.61479e-07 4.36005e-05 6.56771e-06 
scan 300 50 22 0.000108716 7.09992e-05 6.27732e-05 2.99647e-06 1.76741e-06 0 3.84454e-07 3.26149e-05 4.94227e-06 
scan 300 50 23 7.19544e-05 5.54396e-05 5.08808e-05 2.7279e-06 0 0 5.82348e-07 2.15863e-05 3.30726e-06 
scan 300 50 24 7.10909e-05 5.477e-05 5.02694e-05 2.69583e-06 0 0 7.99036e-07 2.13273e-05 3.15871e-06 
scan 300 50 25 0 0 0 0 0 0 0 0 0 
scan 300 50 26 0.00014321 0.000160314 7.16115e-05 3.92743e-06 2.1041e-06 0 1.29818e-06 0.00014321 6.47443e-06 
scan 300 50 27 0.000508311 0.000526937 0.000135861 1.33077e-05 1.02219e-05 0 1.59209e-06 0.000508311 2.32536e-05 
scan 300 50 28 0.000471375 0.000489903 0.000130744 1.18422e-05 1.10208e-05 0 1.26731e-06 0.000471375 2.12791e-05 
scan 300 50 29 0.000725386 0.000744403 0.000162208 1.71768e-05 1.6019e-05 0 2.14065e-06 0.000725386 3.28965e-05 
scan 300 50 30 0 0 0 0 0 0 0 0 0 
scan 300 50 31 0 0 0 0 0 0 0 0 0 
scan 300 50 32 0 0 0 0 0 0 0 0 0 
scan 300 50 33 3.52727e-05 3.60386e-05 3.52727e-05 1.45433e-06 0 0 5.29091e-07 7.05455e-06 1.56724e-06 
scan 300 50 34 0 0 0 0 0 0 0 0 0 
scan 300 50 35 0 0 0 0 0 0 0 0 0 
scan 300 50 36 0 0 0 0 0 0 0 0 0 
scan 300 50 37 0 0 0 0 0 0 0 0 0 
scan 300 50 38 0 0 0 0 0 0 0 0 0 
scan 300 50 39 0 0 0 0 0 0 0 0 0 
scan 300 50 40 0 0 0 0 0 0 0 0 0 
scan 300 50 41 0.000107767 0.000124564 6.22206e-05 2.47853e-06 1.25463e-06 0 6.51866e-07 0.000107767 4.78831e-06 
scan 300 50 42 3.6716e-05 5.19691e-05 3.6716e-05 0 1.27188e-06 0 2.93728e-08 3.6716e-05 1.74298e-06 
scan 300 50 43 7.2727e-05 8.91662e-05 5.14257e-05 2.05703e-06 1.45454e-06 0 1.55017e-10 7.2727e-05 3.2314e-06 
scan 300 50 44 0.000253134 0.000270942 9.56799e-05 4.68758e-06 4.81269e-06 0 1.09865e-06 0.000253134 1.14687e-05 
scan 300 50 45 0 0 0 0 0 0 0 0 0 
scan 300 50 46 0 0 0 0 0 0 0 0 0 
scan 300 50 47 0 0 0 0 0 0 0 0 0 
scan 300 50 48 0 0 0 0 0 0 0 0 0 
scan 300 50 49 0 0 0 0 0 0 0 0 0 
scan 300 50 50 0 0 0 0 0 0 0 0 0 
scan 300 50 51 0 0 0 0 0 0 0 0 0 
scan 300 50 52 0 0 0 0 0 0 0 0 0 
scan 300 50 53 0 0 0 0 0 0 0 0 0 
scan 300 50 54 0 0 0 0 0 0 0 0 0 
scan 300 50 55 0 0 0 0 0 0 0 0 0 
scan 300 50 56 3.67744e-05 5.20583e-05 3.67744e-05 1.32592e-06 7.35489e-07 0 1.9461e-10 3.67744e-05 1.74576e-06 
scan 300 50 57 0 0 0 0 0 0 0 0 0 
scan 300 50 58 3.67744e-05 5.20583e-05 3.67744e-05 1.32592e-06 7.35489e-07 0 1.9461e-10 3.67744e-05 1.74576e-06 
scan 300 50 59 0 0 0 0 0 0 0 0 0 
scan 300 50 75 0 0 0 0 0 0 0 0 0 
scan 300 50 76 3.63636e-05 3.71403e-05 3.63636e-05 7.27272e-07 1.02852e-06 0 2.9789e-11 7.27272e-06 1.61571e-06 
scan 300 50 77 0 0 0 0 0 0 0 0 0 
scan 300 50 78 0 0 0 0 0 0 0 0 0 
scan 300 50 79 0 0 0 0 0 0 0 0 0 
scan 300 50 80 0 0 0 0 0 0 0 0 0 
scan 300 50 81 0 0 0 0 0 0 0 0 0 
scan 300 50 82 0 0 0 0 0 0 0 0 0 
scan 300 50 83 0 0 0 0 0 0 0 0 0 
scan 300 50 84 0 0 0 0 0 0 0 0 0 
scan 300 50 85 0 0 0 0 0 0 0 0 0 
scan 300 50 86 0 0 0 0 0 0 0 0 0 
scan 300 50 87 0 0 0 0 0 0 0 0 0 
scan 300 50 88 3.63636e-05 5.14667e-05 3.63636e-05 7.27272e-07 1.02852e-06 0 2.9789e-11 3.63636e-05 1.61571e-06 
scan 300 50 89 0 0 0 0 0 0 0 0 0 
scan 300 50 90 3.09091e-05 3.16935e-05 3.09091e-05 1.11444e-06 0 1.54545e-06 2.31818e-06 6.18182e-06 1.37335e-06 
scan 300 50 91 3.2e-05 3.27477e-05 3.2e-05 9.6e-07 6.4e-07 6.4e-07 1.92e-06 6.4e-06 1.42182e-06 
scan 300 50 92 0 0 0 0 0 0 0 0 0 
scan 300 50 93 3.23619e-05 3.31224e-05 3.23619e-05 9.70856e-07 6.47237e-07 6.47237e-07 1.94171e-06 6.47237e-06 1.53628e-06 
scan 300 50 94 0 0 0 0 0 0 0 0 0 
scan 300 50 95 0 0 0 0 0 0 0 0 0 
scan 300 50 96 0 0 0 0 0 0 0 0 0 
scan 300 50 97 0 0 0 0 0 0 0 0 0 
scan 300 50 98 0 0 0 0 0 0 0 0 0 
scan 300 50 99 0 0 0 0 0 0 0 0 0 
scan 300 50 100 0 0 0 0 0 0 0 0 0 
scan 300 50 101 0 0 0 0 0 0 0 0 0 
scan 300 50 102 0 0 0 0 0 0 0 0 0 
scan 300 50 103 0 0 0 0 0 0 0 0 0 
scan 300 50 104 0 0 0 0 0 0 0 0 0 
scan 300 50 120 0 0 0 0 0 0 0 0 0 
scan 300 50 121 0 0 0 0 0 0 0 0 0 
scan 300 50 122 0 0 0 0 0 0 0 0 0 
scan 300 50 123 0 0 0 0 0 0 0 0 0 
scan 300 50 124 0 0 0 0 0 0 0 0 0 
scan 300 50 125 0 0 0 0 0 0 0 0 0 
scan 300 50 126 0 0 0 0 0 0 0 0 0 
scan 300 50 127 0 0 0 0 0 0 0 0 0 
scan 300 50 128 0 0 0 0 0 0 0 0 0 
scan 300 50 129 0 0 0 0 0 0 0 0 0 
scan 300 50 130 0 0 0 0 0 0 0 0 0 
scan 300 50 131 0 0 0 0 0 0 0 0 0 
scan 300 50 132 0 0 0 0 0 0 0 0 0 
scan 300 50 133 3.65946e-05 5.17974e-05 3.65946e-05 7.31893e-07 7.31893e-07 7.31893e-07 8.96569e-08 3.65946e-05 1.73722e-06 
scan 300 50 134 0 0 0 0 0 0 0 0 0 
scan 300 50 135 0 0 0 0 0 0 0 0 0 
scan 300 50 136 0 0 0 0 0 0 0 0 0 
scan 300 50 137 0 0 0 0 0 0 0 0 0 
scan 300 50 138 0 0 0 0 0 0 0 0 0 
scan 300 50 139 0 0 0 0 0 0 0 0 0 
scan 300 50 140 0 0 0 0 0 0 0 0 0 
scan 300 50 141 0 0 0 0 0 0 0 0 0 
scan 300 50 142 3.61309e-05 3.78131e-05 3.61309e-05 7.22618e-07 7.22618e-07 1.80655e-06 1.15619e-07 1.08393e-05 1.60537e-06 
scan 300 50 143 0 0 0 0 0 0 0 0 0 
scan 300 50 144 0 0 0 0 0 0 0 0 0 
scan 300 50 145 3.2e-05 4.53371e-05 3.2e-05 9.6e-07 6.4e-07 6.4e-07 1.92e-06 3.2e-05 1.42182e-06 
scan 300 50 146 0 0 0 0 0 0 0 0 0 
scan 300 50 147 0 0 0 0 0 0 0 0 0 
scan 300 50 148 0 0 0 0 0 0 0 0 0 
scan 300 50 149 0 0 0 0 0 0 0 0 0 
scan 300 50 165 0 0 0 0 0 0 0 0 0 
scan 300 50 166 0 0 0 0 0 0 0 0 0 
scan 300 50 167 0 0 0 0 0 0 0 0 0 
scan 300 50 168 0 0 0 0 0 0 0 0 0 
scan 300 50 169 0 0 0 0 0 0 0 0 0 
scan 300 50 170 0 0 0 0 0 0 0 0 0 
scan 300 50 171 0 0 0 0 0 0 0 0 0 
scan 300 50 172 0 0 0 0 0 0 0 0 0 
scan 300 50 173 0 0 0 0 0 0 0 0 0 
scan 300 50 174 0 0 0 0 0 0 0 0 0 
scan 300 50 175 0 0 0 0 0 0 0 0 0 
scan 300 50 176 0 0 0 0 0 0 0 0 0 
scan 300 50 177 0 0 0 0 0 0 0 0 0 
scan 300 50 178 0 0 0 0 0 0 0 0 0 
scan 300 50 179 0 0 0 0 0 0 0 0 0 
