xsec 300 100 0.145923
scan 300 100 0 0.000407622 0.000104461 6.07699e-05 1.01688e-05 1.13459e-05 0 1.21537e-06 8.15244e-05 1.84196e-05 
scan 300 100 1 0.000641541 0.000153975 7.61452e-05 1.88892e-05 1.55337e-05 0 2.76364e-06 0.000128308 2.90087e-05 
scan 300 100 2 0.000589051 0.000143206 7.30721e-05 1.80287e-05 1.5602e-05 0 2.148e-06 0.00011781 2.67614e-05 
scan 300 100 3 0.00032548 8.69445e-05 5.42545e-05 9.82572e-06 7.9051e-06 0 1.39136e-06 6.50961e-05 1.47421e-05 
scan 300 100 4 0.000416401 0.000106246 6.14006e-05 1.07403e-05 1.03706e-05 0 1.66371e-06 8.32802e-05 1.88924e-05 
scan 300 100 5 3.61067e-05 2.11595e-05 1.80547e-05 1.13092e-06 6.69209e-07 0 1.72014e-07 1.0832e-05 1.63207e-06 
scan 300 100 6 0.000154147 6.01618e-05 3.73892e-05 4.17161e-06 4.12069e-06 0 3.66214e-07 4.6244e-05 6.9613e-06 
scan 300 100 7 0.000217716 8.00474e-05 4.44466e-05 6.20994e-06 5.45027e-06 0 6.06976e-07 6.53149e-05 9.87028e-06 
scan 300 100 8 5.43774e-05 2.77414e-05 2.21996e-05 1.39135e-06 1.65106e-06 0 1.0024e-07 1.63132e-05 2.44378e-06 
scan 300 100 9 6.32198e-05 3.07284e-05 2.38973e-05 1.53042e-06 1.7342e-06 0 2.06613e-07 1.8966e-05 2.83713e-06 
scan 300 100 10 9.98173e-05 0.000104415 3.00992e-05 2.98529e-06 1.88445e-06 0 2.43341e-07 9.98173e-05 4.51954e-06 
scan 300 100 11 0.000426413 0.000431626 6.2206e-05 1.14823e-05 9.68496e-06 0 1.40664e-06 0.000426413 1.93954e-05 
scan 300 100 12 0.00067852 0.000684168 7.83553e-05 1.83053e-05 1.65133e-05 0 2.61482e-06 0.00067852 3.07063e-05 
scan 300 100 13 0.000896267 0.000902288 9.00866e-05 2.57041e-05 2.03272e-05 0 2.58383e-06 0.000896267 4.04123e-05 
scan 300 100 14 0.00108761 0.00109391 9.92935e-05 2.71931e-05 2.65096e-05 0 3.3148e-06 0.00108761 4.92484e-05 
scan 300 100 15 9.90047e-05 3.62451e-05 2.98533e-05 2.52481e-06 1.87994e-06 0 6.42632e-07 1.98009e-05 4.48239e-06 
scan 300 100 16 9.00228e-05 3.40979e-05 2.84695e-05 1.09061e-06 3.22759e-06 0 3.96212e-07 1.80046e-05 4.02797e-06 
scan 300 100 17 6.2577e-05 2.69919e-05 2.36546e-05 1.76854e-06 1.04903e-06 0 5.21686e-07 1.25154e-05 2.8085e-06 
scan 300 100 18 3.55696e-05 1.92913e-05 1.7786e-05 1.55974e-06 0 0 4.33119e-07 7.11391e-06 1.60798e-06 
scan 300 100 19 2.71958e-05 1.66935e-05 1.57016e-05 8.00611e-07 5.18467e-07 0 2.0198e-07 5.43917e-06 1.2636e-06 
scan 300 100 20 8.89849e-06 9.30629e-06 8.89849e-06 3.66894e-07 0 0 8.00864e-08 2.66955e-06 3.95378e-07 
scan 300 100 21 1.79456e-05 1.38164e-05 1.26899e-05 3.66894e-07 3.13401e-07 0 8.73241e-08 5.38368e-06 7.97358e-07 
scan 300 100 22 8.89849e-06 9.30629e-06 8.89849e-06 3.66894e-07 0 0 8.00864e-08 2.66955e-06 3.95378e-07 
scan 300 100 23 0 0 0 0 0 0 0 0 0 
scan 300 100 24 8.85772e-06 9.26172e-06 8.85772e-06 3.0684e-07 0 0 9.96493e-08 2.65731e-06 3.93566e-07 
scan 300 100 25 0 0 0 0 0 0 0 0 0 
scan 300 100 26 2.703e-05 3.12469e-05 1.56065e-05 7.42348e-07 3.12647e-07 0 1.80092e-07 2.703e-05 1.22868e-06 
scan 300 100 27 4.4867e-05 4.92218e-05 2.00679e-05 1.67122e-06 1.8546e-07 0 3.20359e-07 4.4867e-05 2.02172e-06 
scan 300 100 28 0.000107949 0.00011251 3.11642e-05 2.21336e-06 2.42438e-06 0 4.92942e-07 0.000107949 4.82448e-06 
scan 300 100 29 0.000126198 0.000130826 3.37319e-05 4.03013e-06 8.20987e-07 0 1.04849e-06 0.000126198 5.80138e-06 
scan 300 100 30 2.67607e-05 1.64252e-05 1.54503e-05 9.8566e-07 0 0 2.08694e-07 5.35214e-06 1.18903e-06 
scan 300 100 31 6.37158e-05 2.7507e-05 2.40839e-05 5.9064e-07 2.35039e-06 0 6.88585e-08 1.27432e-05 2.88736e-06 
scan 300 100 32 7.226e-05 2.96317e-05 2.55498e-05 1.6547e-06 1.61768e-06 0 4.25196e-07 1.4452e-05 3.29396e-06 
scan 300 100 33 4.51828e-05 2.2292e-05 2.02077e-05 9.94848e-07 1.1924e-06 0 3.71901e-07 9.03657e-06 2.09055e-06 
scan 300 100 34 8.11842e-05 3.18803e-05 2.70648e-05 2.26308e-06 9.53156e-07 0 5.96052e-07 1.62368e-05 3.71852e-06 
scan 300 100 35 0 0 0 0 0 0 0 0 0 
scan 300 100 36 8.86587e-06 9.2702e-06 8.86587e-06 3.07123e-07 0 0 9.57514e-08 2.65976e-06 3.93928e-07 
scan 300 100 37 2.70036e-05 1.76333e-05 1.55908e-05 3.09383e-07 8.31868e-07 0 8.95924e-08 8.10107e-06 1.19982e-06 
scan 300 100 38 9.17101e-06 9.59931e-06 9.17101e-06 0 5.26835e-07 0 5.04406e-08 2.7513e-06 4.35366e-07 
scan 300 100 39 1.78831e-05 1.37686e-05 1.26458e-05 3.65213e-07 3.12647e-07 0 1.177e-07 5.36492e-06 7.9458e-07 
scan 300 100 40 0 0 0 0 0 0 0 0 0 
scan 300 100 41 9.13949e-06 1.29365e-05 9.13949e-06 3.16601e-07 0 0 6.58043e-08 9.13949e-06 4.3387e-07 
scan 300 100 42 7.24325e-05 7.69278e-05 2.561e-05 6.23697e-07 2.09126e-06 0 2.38328e-07 7.24325e-05 3.27408e-06 
scan 300 100 43 2.68223e-05 3.10071e-05 1.54862e-05 6.75147e-07 5.18467e-07 0 1.78224e-07 2.68223e-05 1.19177e-06 
scan 300 100 44 4.49566e-05 4.93109e-05 2.0106e-05 1.24574e-06 6.99699e-07 0 2.76222e-07 4.49566e-05 2.02509e-06 
scan 300 100 45 0 0 0 0 0 0 0 0 0 
scan 300 100 46 0 0 0 0 0 0 0 0 0 
scan 300 100 47 0 0 0 0 0 0 0 0 0 
scan 300 100 48 0 0 0 0 0 0 0 0 0 
scan 300 100 49 0 0 0 0 0 0 0 0 0 
scan 300 100 50 0 0 0 0 0 0 0 0 0 
scan 300 100 51 0 0 0 0 0 0 0 0 0 
scan 300 100 52 0 0 0 0 0 0 0 0 0 
scan 300 100 53 0 0 0 0 0 0 0 0 0 
scan 300 100 54 0 0 0 0 0 0 0 0 0 
scan 300 100 55 0 0 0 0 0 0 0 0 0 
scan 300 100 56 0 0 0 0 0 0 0 0 0 
scan 300 100 57 0 0 0 0 0 0 0 0 0 
scan 300 100 58 0 0 0 0 0 0 0 0 0 
scan 300 100 59 0 0 0 0 0 0 0 0 0 
scan 300 100 75 9.273e-06 9.47233e-06 9.273e-06 1.8546e-07 2.6228e-07 0 7.59644e-12 1.8546e-06 4.40208e-07 
scan 300 100 76 0 0 0 0 0 0 0 0 0 
scan 300 100 77 0 0 0 0 0 0 0 0 0 
scan 300 100 78 0 0 0 0 0 0 0 0 0 
scan 300 100 79 0 0 0 0 0 0 0 0 0 
scan 300 100 80 0 0 0 0 0 0 0 0 0 
scan 300 100 81 1.8546e-05 1.42871e-05 1.3114e-05 3.7092e-07 5.2456e-07 0 1.34125e-11 5.5638e-06 8.80416e-07 
scan 300 100 82 0 0 0 0 0 0 0 0 0 
scan 300 100 83 0 0 0 0 0 0 0 0 0 
scan 300 100 84 0 0 0 0 0 0 0 0 0 
scan 300 100 85 0 0 0 0 0 0 0 0 0 
scan 300 100 86 0 0 0 0 0 0 0 0 0 
scan 300 100 87 1.81232e-05 2.22197e-05 1.2815e-05 3.62464e-07 5.12601e-07 0 1.13669e-11 1.81232e-05 8.05249e-07 
scan 300 100 88 0 0 0 0 0 0 0 0 0 
scan 300 100 89 9.06159e-06 1.28252e-05 9.06159e-06 1.81232e-07 2.56301e-07 0 4.35138e-12 9.06159e-06 4.02625e-07 
scan 300 100 90 0 0 0 0 0 0 0 0 0 
scan 300 100 91 0 0 0 0 0 0 0 0 0 
scan 300 100 92 8.16025e-06 8.3584e-06 8.16025e-06 1.63205e-07 1.63205e-07 4.08013e-07 4.89615e-07 1.63205e-06 3.87384e-07 
scan 300 100 93 0 0 0 0 0 0 0 0 0 
scan 300 100 94 0 0 0 0 0 0 0 0 0 
scan 300 100 95 0 0 0 0 0 0 0 0 0 
scan 300 100 96 0 0 0 0 0 0 0 0 0 
scan 300 100 97 0 0 0 0 0 0 0 0 0 
scan 300 100 98 0 0 0 0 0 0 0 0 0 
scan 300 100 99 0 0 0 0 0 0 0 0 0 
scan 300 100 100 0 0 0 0 0 0 0 0 0 
scan 300 100 101 7.88206e-06 1.11794e-05 7.88206e-06 2.84192e-07 0 3.94103e-07 5.91155e-07 7.88206e-06 3.74177e-07 
scan 300 100 102 0 0 0 0 0 0 0 0 0 
scan 300 100 103 0 0 0 0 0 0 0 0 0 
scan 300 100 104 9.22758e-06 1.3061e-05 9.22758e-06 1.84552e-07 1.84552e-07 1.84552e-07 2.26076e-08 9.22758e-06 4.38052e-07 
scan 300 100 120 0 0 0 0 0 0 0 0 0 
scan 300 100 121 9.0172e-06 9.20982e-06 9.0172e-06 1.80344e-07 1.80344e-07 1.80344e-07 2.20921e-08 1.80344e-06 4.00652e-07 
scan 300 100 122 0 0 0 0 0 0 0 0 0 
scan 300 100 123 0 0 0 0 0 0 0 0 0 
scan 300 100 124 0 0 0 0 0 0 0 0 0 
scan 300 100 125 0 0 0 0 0 0 0 0 0 
scan 300 100 126 0 0 0 0 0 0 0 0 0 
scan 300 100 127 0 0 0 0 0 0 0 0 0 
scan 300 100 128 0 0 0 0 0 0 0 0 0 
scan 300 100 129 0 0 0 0 0 0 0 0 0 
scan 300 100 130 0 0 0 0 0 0 0 0 0 
scan 300 100 131 1.78042e-05 2.18336e-05 1.25895e-05 0 5.03579e-07 3.56084e-07 3.56084e-07 1.78042e-05 8.452e-07 
scan 300 100 132 1.73983e-05 2.13397e-05 1.23024e-05 0 4.92098e-07 6.0894e-07 3.47965e-07 1.73983e-05 7.7304e-07 
scan 300 100 133 0 0 0 0 0 0 0 0 0 
scan 300 100 134 0 0 0 0 0 0 0 0 0 
scan 300 100 135 0 0 0 0 0 0 0 0 0 
scan 300 100 136 7.97421e-06 8.16052e-06 7.97421e-06 2.39226e-07 1.59484e-07 1.59484e-07 4.78453e-07 1.59484e-06 3.5431e-07 
scan 300 100 137 9.00361e-06 9.20521e-06 9.00361e-06 1.80072e-07 1.80072e-07 4.5018e-07 2.88115e-08 1.80072e-06 4.00048e-07 
scan 300 100 138 0 0 0 0 0 0 0 0 0 
scan 300 100 139 0 0 0 0 0 0 0 0 0 
scan 300 100 140 0 0 0 0 0 0 0 0 0 
scan 300 100 141 1.59484e-05 1.23227e-05 1.12772e-05 3.9871e-07 3.18968e-07 3.18968e-07 9.56905e-07 4.78453e-06 7.0862e-07 
scan 300 100 142 0 0 0 0 0 0 0 0 0 
scan 300 100 143 0 0 0 0 0 0 0 0 0 
scan 300 100 144 0 0 0 0 0 0 0 0 0 
scan 300 100 145 0 0 0 0 0 0 0 0 0 
scan 300 100 146 8.16025e-06 1.15607e-05 8.16025e-06 1.63205e-07 1.63205e-07 1.63205e-07 4.89615e-07 8.16025e-06 3.87384e-07 
scan 300 100 147 0 0 0 0 0 0 0 0 0 
scan 300 100 148 0 0 0 0 0 0 0 0 0 
scan 300 100 149 0 0 0 0 0 0 0 0 0 
scan 300 100 165 0 0 0 0 0 0 0 0 0 
scan 300 100 166 0 0 0 0 0 0 0 0 0 
scan 300 100 167 0 0 0 0 0 0 0 0 0 
scan 300 100 168 0 0 0 0 0 0 0 0 0 
scan 300 100 169 0 0 0 0 0 0 0 0 0 
scan 300 100 170 0 0 0 0 0 0 0 0 0 
scan 300 100 171 0 0 0 0 0 0 0 0 0 
scan 300 100 172 0 0 0 0 0 0 0 0 0 
scan 300 100 173 0 0 0 0 0 0 0 0 0 
scan 300 100 174 0 0 0 0 0 0 0 0 0 
scan 300 100 175 0 0 0 0 0 0 0 0 0 
scan 300 100 176 0 0 0 0 0 0 0 0 0 
scan 300 100 177 0 0 0 0 0 0 0 0 0 
scan 300 100 178 0 0 0 0 0 0 0 0 0 
scan 300 100 179 0 0 0 0 0 0 0 0 0 
