xsec 350 0 0.073732
scan 350 0 0 0.000216435 5.23679e-05 2.68468e-05 5.711e-06 5.30744e-06 0 6.73055e-07 4.32871e-05 9.30762e-06 
scan 350 0 1 0.000371988 8.49403e-05 3.51517e-05 1.12693e-05 8.03614e-06 0 1.693e-06 7.43976e-05 1.58042e-05 
scan 350 0 2 0.00039217 8.91572e-05 3.61042e-05 1.16761e-05 8.70208e-06 0 1.64834e-06 7.84341e-05 1.66977e-05 
scan 350 0 3 0.000326543 7.55402e-05 3.29871e-05 9.0105e-06 8.85797e-06 0 9.70382e-07 6.53085e-05 1.38701e-05 
scan 350 0 4 0.00073949 0.000161109 4.96333e-05 1.8988e-05 1.65319e-05 0 2.35515e-06 0.000147898 3.12948e-05 
scan 350 0 5 1.99756e-05 1.01823e-05 8.15535e-06 3.89354e-07 5.63034e-07 0 5.34535e-08 5.99268e-06 8.86512e-07 
scan 350 0 6 7.9823e-05 2.93099e-05 1.62944e-05 1.67058e-06 2.21456e-06 0 2.64433e-07 2.39469e-05 3.51366e-06 
scan 350 0 7 7.30975e-05 2.72e-05 1.55853e-05 2.02161e-06 1.37534e-06 0 2.99394e-07 2.19292e-05 3.15847e-06 
scan 350 0 8 5.33082e-05 2.10165e-05 1.33277e-05 1.48942e-06 1.05247e-06 0 1.74753e-07 1.59925e-05 2.22529e-06 
scan 350 0 9 6.66286e-05 2.5189e-05 1.48993e-05 1.75479e-06 1.43391e-06 0 2.20045e-07 1.99886e-05 2.78736e-06 
scan 350 0 10 1.67902e-05 1.84153e-05 7.50879e-06 4.71451e-07 3.91442e-07 0 8.44228e-11 1.67902e-05 6.74307e-07 
scan 350 0 11 0.000179941 0.000181871 2.44876e-05 4.23441e-06 4.45186e-06 0 4.78609e-07 0.000179941 7.7863e-06 
scan 350 0 12 0.000439521 0.000441815 3.82574e-05 1.05727e-05 1.00132e-05 0 1.50332e-06 0.000439521 1.85448e-05 
scan 350 0 13 0.00055284 0.000555313 4.29107e-05 1.42381e-05 1.19976e-05 0 1.79966e-06 0.00055284 2.34327e-05 
scan 350 0 14 0.00123689 0.00124032 6.42188e-05 2.8317e-05 2.88092e-05 0 3.46008e-06 0.00123689 5.21936e-05 
scan 350 0 15 0.000182574 4.51208e-05 2.46198e-05 4.45268e-06 3.75252e-06 0 8.41423e-07 3.65148e-05 7.86146e-06 
scan 350 0 16 0.000312557 7.2354e-05 3.22395e-05 8.41808e-06 6.38033e-06 0 1.27091e-06 6.25115e-05 1.3223e-05 
scan 350 0 17 0.00047835 0.000106891 3.98645e-05 1.17639e-05 1.10548e-05 0 2.09024e-06 9.567e-05 2.04661e-05 
scan 350 0 18 0.000371288 8.47292e-05 3.50853e-05 1.09387e-05 7.1437e-06 0 1.91402e-06 7.42575e-05 1.611e-05 
scan 350 0 19 0.000468998 0.000104966 3.94987e-05 1.18949e-05 1.05954e-05 0 1.74544e-06 9.37995e-05 2.00638e-05 
scan 350 0 20 3.32042e-05 1.45837e-05 1.05005e-05 1.02485e-06 4.37534e-07 0 1.64227e-07 9.96125e-06 1.38939e-06 
scan 350 0 21 4.95339e-05 1.97897e-05 1.27907e-05 1.26946e-06 7.73889e-07 0 3.25719e-07 1.48602e-05 2.21151e-06 
scan 350 0 22 3.9598e-05 1.66387e-05 1.14318e-05 1.37709e-06 2.67798e-07 0 2.89453e-07 1.18794e-05 1.72922e-06 
scan 350 0 23 3.32292e-05 1.4596e-05 1.05086e-05 8.40061e-07 8.06862e-07 0 1.62087e-07 9.96876e-06 1.36205e-06 
scan 350 0 24 3.97922e-05 1.67054e-05 1.14876e-05 1.28972e-06 3.84082e-07 0 2.26628e-07 1.19377e-05 1.6537e-06 
scan 350 0 25 1.00266e-05 1.1591e-05 5.78889e-06 1.89363e-07 2.4931e-07 0 2.67493e-09 1.00266e-05 4.5892e-07 
scan 350 0 26 0.000116671 0.000118493 1.97218e-05 2.59244e-06 2.81003e-06 0 3.19249e-07 0.000116671 4.96551e-06 
scan 350 0 27 0.000253048 0.00025506 2.90279e-05 6.18932e-06 5.08569e-06 0 8.53659e-07 0.000253048 1.0724e-05 
scan 350 0 28 0.000382763 0.000384946 3.56941e-05 9.84627e-06 6.6799e-06 0 1.41851e-06 0.000382763 1.60722e-05 
scan 350 0 29 0.00100618 0.00100925 5.79011e-05 2.3216e-05 2.17746e-05 0 3.12248e-06 0.00100618 4.25358e-05 
scan 350 0 30 1.98376e-05 9.08008e-06 8.0993e-06 6.1033e-07 1.8996e-07 0 1.41473e-07 3.96752e-06 8.24163e-07 
scan 350 0 31 7.97314e-05 2.31678e-05 1.62759e-05 1.84266e-06 1.79216e-06 0 3.91421e-07 1.59463e-05 3.28592e-06 
scan 350 0 32 8.91045e-05 2.52e-05 1.7149e-05 2.48566e-06 1.44346e-06 0 6.72003e-07 1.78209e-05 3.82828e-06 
scan 350 0 33 6.60884e-05 2.01594e-05 1.47789e-05 2.08832e-06 9.46212e-07 0 4.7257e-07 1.32177e-05 2.79231e-06 
scan 350 0 34 7.62651e-05 2.24337e-05 1.59031e-05 1.87886e-06 1.69454e-06 0 3.72659e-07 1.5253e-05 3.34164e-06 
scan 350 0 35 3.29762e-06 3.44818e-06 3.29762e-06 1.35964e-07 0 0 2.96786e-08 9.89287e-07 1.32435e-07 
scan 350 0 36 9.92009e-06 6.47842e-06 5.72749e-06 3.44161e-07 6.67386e-08 0 6.51672e-08 2.97603e-06 4.26543e-07 
scan 350 0 37 1.99048e-05 1.01336e-05 8.12629e-06 3.64437e-07 3.46683e-07 0 9.89842e-08 5.97144e-06 8.55524e-07 
scan 350 0 38 1.331e-05 7.78827e-06 6.65519e-06 2.96046e-07 2.10841e-07 0 6.02097e-08 3.993e-06 5.34541e-07 
scan 350 0 39 2.62709e-05 1.22657e-05 9.28845e-06 8.59581e-07 1.15164e-07 0 2.69491e-07 7.88127e-06 1.11e-06 
scan 350 0 40 3.35804e-06 4.75482e-06 3.35804e-06 6.71609e-08 1.80836e-07 0 1.18472e-11 3.35804e-06 1.34862e-07 
scan 350 0 41 1.9855e-05 2.14725e-05 8.10618e-06 3.84068e-07 4.99402e-07 0 1.23215e-07 1.9855e-05 8.52808e-07 
scan 350 0 42 5.31724e-05 5.48763e-05 1.32937e-05 1.19567e-06 9.80936e-07 0 2.42215e-07 5.31724e-05 2.21932e-06 
scan 350 0 43 0.000106659 0.000108449 1.88554e-05 2.335e-06 2.04331e-06 0 3.30945e-07 0.000106659 4.45142e-06 
scan 350 0 44 0.000212934 0.000214881 2.6618e-05 5.36941e-06 3.67465e-06 0 7.9735e-07 0.000212934 9.02499e-06 
scan 350 0 45 0 0 0 0 0 0 0 0 0 
scan 350 0 46 6.69371e-06 4.93328e-06 4.73319e-06 1.33874e-07 1.89327e-07 0 6.47235e-10 1.33874e-06 2.96969e-07 
scan 350 0 47 0 0 0 0 0 0 0 0 0 
scan 350 0 48 3.35694e-06 3.42887e-06 3.35694e-06 1.00708e-07 9.49486e-08 0 5.63966e-10 6.71388e-07 1.34817e-07 
scan 350 0 49 3.35694e-06 3.42805e-06 3.35694e-06 6.71388e-08 9.49486e-08 0 5.63966e-10 6.71388e-07 1.34817e-07 
scan 350 0 50 0 0 0 0 0 0 0 0 0 
scan 350 0 51 0 0 0 0 0 0 0 0 0 
scan 350 0 52 0 0 0 0 0 0 0 0 0 
scan 350 0 53 0 0 0 0 0 0 0 0 0 
scan 350 0 54 0 0 0 0 0 0 0 0 0 
scan 350 0 55 0 0 0 0 0 0 0 0 0 
scan 350 0 56 0 0 0 0 0 0 0 0 0 
scan 350 0 57 0 0 0 0 0 0 0 0 0 
scan 350 0 58 0 0 0 0 0 0 0 0 0 
scan 350 0 59 3.35803e-06 4.75291e-06 3.35803e-06 1.21076e-07 6.71607e-08 0 1.77707e-11 3.35803e-06 1.34861e-07 
scan 350 0 75 0 0 0 0 0 0 0 0 0 
scan 350 0 76 0 0 0 0 0 0 0 0 0 
scan 350 0 77 0 0 0 0 0 0 0 0 0 
scan 350 0 78 0 0 0 0 0 0 0 0 0 
scan 350 0 79 3.28251e-06 3.35225e-06 3.28251e-06 6.56502e-08 9.28434e-08 0 3.69283e-08 6.56502e-07 1.31828e-07 
scan 350 0 80 0 0 0 0 0 0 0 0 0 
scan 350 0 81 0 0 0 0 0 0 0 0 0 
scan 350 0 82 3.33694e-06 3.48955e-06 3.33694e-06 6.67387e-08 9.43828e-08 0 2.73362e-12 1.00108e-06 1.62158e-07 
scan 350 0 83 0 0 0 0 0 0 0 0 0 
scan 350 0 84 0 0 0 0 0 0 0 0 0 
scan 350 0 85 0 0 0 0 0 0 0 0 0 
scan 350 0 86 0 0 0 0 0 0 0 0 0 
scan 350 0 87 0 0 0 0 0 0 0 0 0 
scan 350 0 88 0 0 0 0 0 0 0 0 0 
scan 350 0 89 1.00742e-05 1.16449e-05 5.81634e-06 2.01484e-07 2.84941e-07 0 6.46965e-12 1.00742e-05 4.04588e-07 
scan 350 0 90 6.42721e-06 4.74776e-06 4.54475e-06 0 1.81789e-07 3.2136e-07 1.28544e-07 1.28544e-06 2.85141e-07 
scan 350 0 91 2.68645e-06 2.75714e-06 2.68645e-06 9.68615e-08 0 5.37291e-08 2.68645e-07 5.37291e-07 1.0789e-07 
scan 350 0 92 2.9551e-06 3.02593e-06 2.9551e-06 8.35828e-08 0 1.47755e-07 1.77306e-07 5.9102e-07 1.18679e-07 
scan 350 0 93 5.80946e-06 4.30423e-06 4.10852e-06 1.62017e-07 1.47755e-07 2.0182e-07 3.91383e-07 1.16189e-06 2.33313e-07 
scan 350 0 94 1.22886e-05 6.71509e-06 6.15229e-06 1.25934e-07 5.37262e-07 6.14432e-07 5.00033e-07 2.45773e-06 5.18852e-07 
scan 350 0 95 0 0 0 0 0 0 0 0 0 
scan 350 0 96 5.85866e-06 4.52719e-06 4.14478e-06 8.02255e-08 8.54825e-08 1.17173e-07 3.63843e-07 1.7576e-06 2.59211e-07 
scan 350 0 97 0 0 0 0 0 0 0 0 0 
scan 350 0 98 0 0 0 0 0 0 0 0 0 
scan 350 0 99 0 0 0 0 0 0 0 0 0 
scan 350 0 100 0 0 0 0 0 0 0 0 0 
scan 350 0 101 6.15856e-06 7.55753e-06 4.3583e-06 8.35828e-08 9.06076e-08 2.11824e-07 2.41375e-07 6.15856e-06 2.74352e-07 
scan 350 0 102 1.21697e-05 1.36491e-05 6.09468e-06 2.92202e-07 1.25562e-07 6.08486e-07 5.37874e-07 1.21697e-05 5.3828e-07 
scan 350 0 103 6.56536e-06 8.05449e-06 4.64316e-06 6.68323e-08 1.58014e-07 3.28268e-07 7.26619e-08 6.56536e-06 2.6367e-07 
scan 350 0 104 1.23748e-05 1.38686e-05 6.19991e-06 2.58401e-07 2.17116e-07 4.32862e-07 4.64045e-07 1.23748e-05 4.96983e-07 
scan 350 0 120 0 0 0 0 0 0 0 0 0 
scan 350 0 121 0 0 0 0 0 0 0 0 0 
scan 350 0 122 0 0 0 0 0 0 0 0 0 
scan 350 0 123 0 0 0 0 0 0 0 0 0 
scan 350 0 124 0 0 0 0 0 0 0 0 0 
scan 350 0 125 3.02226e-06 3.16604e-06 3.02226e-06 0 8.54825e-08 1.51113e-07 1.51113e-07 9.06678e-07 1.21376e-07 
scan 350 0 126 0 0 0 0 0 0 0 0 0 
scan 350 0 127 0 0 0 0 0 0 0 0 0 
scan 350 0 128 0 0 0 0 0 0 0 0 0 
scan 350 0 129 0 0 0 0 0 0 0 0 0 
scan 350 0 130 0 0 0 0 0 0 0 0 0 
scan 350 0 131 3.34161e-06 4.72908e-06 3.34161e-06 6.68323e-08 6.68323e-08 6.68323e-08 8.18695e-09 3.34161e-06 1.34202e-07 
scan 350 0 132 0 0 0 0 0 0 0 0 0 
scan 350 0 133 3.22375e-06 4.56272e-06 3.22375e-06 0 9.11813e-08 6.44749e-08 6.44749e-08 3.22375e-06 1.29468e-07 
scan 350 0 134 3.22375e-06 4.56272e-06 3.22375e-06 0 9.11813e-08 6.44749e-08 6.44749e-08 3.22375e-06 1.29468e-07 
scan 350 0 135 2.9551e-06 3.02593e-06 2.9551e-06 5.9102e-08 5.9102e-08 1.47755e-07 1.77306e-07 5.9102e-07 1.18679e-07 
scan 350 0 136 0 0 0 0 0 0 0 0 0 
scan 350 0 137 1.25934e-05 6.84632e-06 6.30857e-06 2.8142e-07 2.51869e-07 4.4077e-07 3.70986e-07 2.51869e-06 5.05762e-07 
scan 350 0 138 2.9551e-06 3.02362e-06 2.9551e-06 8.8653e-08 5.9102e-08 5.9102e-08 1.77306e-07 5.9102e-07 1.18679e-07 
scan 350 0 139 0 0 0 0 0 0 0 0 0 
scan 350 0 140 0 0 0 0 0 0 0 0 0 
scan 350 0 141 0 0 0 0 0 0 0 0 0 
scan 350 0 142 0 0 0 0 0 0 0 0 0 
scan 350 0 143 0 0 0 0 0 0 0 0 0 
scan 350 0 144 0 0 0 0 0 0 0 0 0 
scan 350 0 145 0 0 0 0 0 0 0 0 0 
scan 350 0 146 0 0 0 0 0 0 0 0 0 
scan 350 0 147 6.29671e-06 7.72865e-06 4.46083e-06 1.55485e-07 1.25934e-07 2.14587e-07 1.85493e-07 6.29671e-06 2.52881e-07 
scan 350 0 148 8.80952e-06 1.02021e-05 5.08618e-06 2.05556e-07 2.64286e-07 1.7619e-07 5.28571e-07 8.80952e-06 4.28099e-07 
scan 350 0 149 1.51434e-05 1.66369e-05 6.78139e-06 3.02868e-07 4.79617e-07 4.9177e-07 7.16295e-07 1.51434e-05 6.32939e-07 
scan 350 0 165 0 0 0 0 0 0 0 0 0 
scan 350 0 166 3.32059e-06 3.39215e-06 3.32059e-06 6.64118e-08 6.64118e-08 6.64118e-08 8.13544e-09 6.64118e-07 1.61364e-07 
scan 350 0 167 0 0 0 0 0 0 0 0 0 
scan 350 0 168 0 0 0 0 0 0 0 0 0 
scan 350 0 169 0 0 0 0 0 0 0 0 0 
scan 350 0 170 0 0 0 0 0 0 0 0 0 
scan 350 0 171 0 0 0 0 0 0 0 0 0 
scan 350 0 172 0 0 0 0 0 0 0 0 0 
scan 350 0 173 0 0 0 0 0 0 0 0 0 
scan 350 0 174 0 0 0 0 0 0 0 0 0 
scan 350 0 175 0 0 0 0 0 0 0 0 0 
scan 350 0 176 0 0 0 0 0 0 0 0 0 
scan 350 0 177 0 0 0 0 0 0 0 0 0 
scan 350 0 178 3.32059e-06 4.70021e-06 3.32059e-06 6.64118e-08 6.64118e-08 6.64118e-08 8.13544e-09 3.32059e-06 1.61364e-07 
scan 350 0 179 0 0 0 0 0 0 0 0 0 
