xsec 350 150 0.073732
scan 350 150 0 0.000280541 6.27843e-05 2.28471e-05 8.24264e-06 6.37921e-06 0 1.12635e-06 5.61081e-05 1.27222e-05 
scan 350 150 1 0.000759205 0.000162625 3.75682e-05 2.151e-05 1.79885e-05 0 3.11819e-06 0.000151841 3.4409e-05 
scan 350 150 2 0.000703581 0.000151128 3.61673e-05 2.0228e-05 1.72513e-05 0 2.72913e-06 0.000140716 3.18782e-05 
scan 350 150 3 0.000569067 0.000123199 3.26104e-05 1.5251e-05 1.59972e-05 0 1.86785e-06 0.000113813 2.58661e-05 
scan 350 150 4 0.000981198 0.000208538 4.26478e-05 2.50894e-05 2.36026e-05 0 3.16732e-06 0.00019624 4.43037e-05 
scan 350 150 5 6.11747e-05 2.15118e-05 1.06567e-05 1.73115e-06 1.29934e-06 0 2.06149e-07 1.83524e-05 2.76609e-06 
scan 350 150 6 0.000157067 5.0905e-05 1.70469e-05 4.49873e-06 3.1295e-06 0 5.06018e-07 4.712e-05 7.0808e-06 
scan 350 150 7 0.000113021 3.74215e-05 1.44794e-05 2.84627e-06 2.60603e-06 0 3.5157e-07 3.39063e-05 5.10539e-06 
scan 350 150 8 6.83109e-05 2.36895e-05 1.12363e-05 1.75734e-06 1.53559e-06 0 2.19071e-07 2.04933e-05 3.07705e-06 
scan 350 150 9 7.57527e-05 2.59889e-05 1.18384e-05 2.0686e-06 1.67983e-06 0 2.3331e-07 2.27258e-05 3.414e-06 
scan 350 150 10 4.47975e-05 4.57911e-05 9.15091e-06 1.09422e-06 9.44144e-07 0 1.64972e-07 4.47975e-05 2.03818e-06 
scan 350 150 11 0.000356635 0.000358143 2.57562e-05 9.19504e-06 8.28679e-06 0 1.0419e-06 0.000356635 1.614e-05 
scan 350 150 12 0.000699997 0.000702067 3.60772e-05 1.87641e-05 1.54698e-05 0 2.39086e-06 0.000699997 3.16952e-05 
scan 350 150 13 0.000882238 0.0008846 4.05089e-05 2.42322e-05 1.84475e-05 0 2.97024e-06 0.000882238 3.99545e-05 
scan 350 150 14 0.00203247 0.00203664 6.1519e-05 5.07568e-05 4.60037e-05 0 5.29299e-06 0.00203247 9.20153e-05 
scan 350 150 15 0.000231895 5.246e-05 2.07566e-05 6.20262e-06 4.54258e-06 0 9.03891e-07 4.6379e-05 1.05012e-05 
scan 350 150 16 0.000421425 9.19371e-05 2.79931e-05 1.14905e-05 7.83006e-06 0 2.25234e-06 8.4285e-05 1.91425e-05 
scan 350 150 17 0.000491953 0.000106767 3.02438e-05 1.33959e-05 1.0918e-05 0 2.5116e-06 9.83907e-05 2.2336e-05 
scan 350 150 18 0.000358003 7.88612e-05 2.579e-05 9.98658e-06 7.69003e-06 0 2.02448e-06 7.16007e-05 1.62587e-05 
scan 350 150 19 0.000507678 0.000110025 3.06916e-05 1.39284e-05 1.12745e-05 0 2.18763e-06 0.000101536 2.29815e-05 
scan 350 150 20 3.29046e-05 1.26861e-05 7.75824e-06 9.12891e-07 5.21752e-07 0 1.59935e-07 9.87137e-06 1.47386e-06 
scan 350 150 21 6.31204e-05 2.21133e-05 1.08329e-05 1.36883e-06 1.72455e-06 0 2.2555e-07 1.89361e-05 2.85847e-06 
scan 350 150 22 7.01212e-05 2.42277e-05 1.1383e-05 1.7587e-06 1.26492e-06 0 3.79139e-07 2.10364e-05 3.16932e-06 
scan 350 150 23 3.85609e-05 1.44814e-05 8.42072e-06 1.29555e-06 4.09304e-07 0 3.04903e-07 1.15683e-05 1.74309e-06 
scan 350 150 24 6.35691e-05 2.22639e-05 1.09116e-05 1.57259e-06 1.38939e-06 0 3.09571e-07 1.90707e-05 2.90223e-06 
scan 350 150 25 2.07232e-05 2.16787e-05 6.2528e-06 6.42982e-07 3.07988e-07 0 8.36898e-08 2.07232e-05 9.50569e-07 
scan 350 150 26 0.000149833 0.000150989 1.66592e-05 3.09598e-06 3.82939e-06 0 5.42503e-07 0.000149833 6.76532e-06 
scan 350 150 27 0.000311236 0.000312628 2.40293e-05 7.63387e-06 5.76972e-06 0 1.24894e-06 0.000311236 1.40803e-05 
scan 350 150 28 0.000493967 0.000495655 3.03097e-05 1.27753e-05 9.10492e-06 0 2.04488e-06 0.000493967 2.23967e-05 
scan 350 150 29 0.00121302 0.00121582 4.7579e-05 2.97841e-05 2.42382e-05 0 4.4712e-06 0.00121302 5.51123e-05 
scan 350 150 30 3.14609e-05 1.00451e-05 7.63562e-06 7.83781e-07 5.63178e-07 0 1.99046e-07 6.29218e-06 1.42755e-06 
scan 350 150 31 6.32886e-05 1.70527e-05 1.08625e-05 1.42783e-06 1.49814e-06 0 2.19976e-07 1.26577e-05 2.87206e-06 
scan 350 150 32 5.76344e-05 1.58202e-05 1.03592e-05 1.49297e-06 9.12244e-07 0 3.75851e-07 1.15269e-05 2.62608e-06 
scan 350 150 33 6.05248e-05 1.64099e-05 1.0543e-05 1.78135e-06 8.76316e-07 0 4.49132e-07 1.2105e-05 2.73093e-06 
scan 350 150 34 8.94878e-05 2.25713e-05 1.27906e-05 2.48473e-06 1.69402e-06 0 5.96654e-07 1.78976e-05 4.01791e-06 
scan 350 150 35 9.06079e-06 4.90477e-06 4.05231e-06 2.5098e-07 1.41227e-07 0 4.12388e-08 2.71824e-06 4.02589e-07 
scan 350 150 36 7.55655e-06 4.42845e-06 3.78152e-06 1.9889e-07 1.02784e-07 0 3.41605e-08 2.26697e-06 3.47707e-07 
scan 350 150 37 5.78766e-06 3.78273e-06 3.34389e-06 0 2.0049e-07 0 4.63013e-09 1.7363e-06 2.692e-07 
scan 350 150 38 1.27283e-05 6.18395e-06 4.81305e-06 3.89393e-07 6.32567e-08 0 1.12353e-07 3.8185e-06 5.71467e-07 
scan 350 150 39 3.35704e-05 1.294e-05 7.91933e-06 6.90611e-07 6.51939e-07 0 2.14268e-07 1.00711e-05 1.5333e-06 
scan 350 150 40 0 0 0 0 0 0 0 0 0 
scan 350 150 41 3.34501e-05 3.44162e-05 7.89088e-06 7.89658e-07 5.643e-07 0 1.96927e-07 3.34501e-05 1.52206e-06 
scan 350 150 42 6.63661e-05 6.73765e-05 1.10672e-05 1.43553e-06 1.24864e-06 0 2.76444e-07 6.63661e-05 2.9906e-06 
scan 350 150 43 8.91055e-05 9.01591e-05 1.28706e-05 1.95293e-06 1.70352e-06 0 4.20771e-07 8.91055e-05 4.04271e-06 
scan 350 150 44 0.00016256 0.000163718 1.7341e-05 3.98538e-06 2.60026e-06 0 8.08112e-07 0.00016256 7.34841e-06 
scan 350 150 45 7.62521e-06 4.13324e-06 3.81577e-06 1.87223e-07 1.99238e-07 0 3.56662e-10 1.52504e-06 3.50866e-07 
scan 350 150 46 9.11177e-06 4.50709e-06 4.07497e-06 2.15613e-07 4.20514e-07 0 1.63907e-08 1.82235e-06 4.04854e-07 
scan 350 150 47 1.80265e-06 1.84208e-06 1.80265e-06 7.648e-08 3.6053e-08 0 1.29791e-08 3.6053e-07 8.00954e-08 
scan 350 150 48 1.82899e-06 1.86805e-06 1.82899e-06 3.65798e-08 5.17316e-08 0 8.7828e-13 3.65798e-07 8.12655e-08 
scan 350 150 49 1.98395e-06 2.02864e-06 1.98395e-06 3.96791e-08 1.06839e-07 0 9.14206e-12 3.96791e-07 9.41822e-08 
scan 350 150 50 0 0 0 0 0 0 0 0 0 
scan 350 150 51 0 0 0 0 0 0 0 0 0 
scan 350 150 52 0 0 0 0 0 0 0 0 0 
scan 350 150 53 0 0 0 0 0 0 0 0 0 
scan 350 150 54 1.82899e-06 1.9123e-06 1.82899e-06 3.65797e-08 5.17315e-08 0 1.49831e-12 5.48696e-07 8.12655e-08 
scan 350 150 55 0 0 0 0 0 0 0 0 0 
scan 350 150 56 3.81294e-06 4.6766e-06 2.69838e-06 1.08112e-07 9.14106e-08 0 1.19974e-11 3.81294e-06 1.75448e-07 
scan 350 150 57 5.79221e-06 6.70006e-06 3.34664e-06 1.64978e-07 2.0346e-07 0 2.35882e-09 5.79221e-06 2.69419e-07 
scan 350 150 58 3.80834e-06 4.6724e-06 2.69523e-06 1.05469e-07 1.47348e-07 0 2.30424e-09 3.80834e-06 1.75242e-07 
scan 350 150 59 1.29563e-05 1.3872e-05 4.8991e-06 3.37686e-07 3.36156e-07 0 8.08936e-10 1.29563e-05 5.81702e-07 
scan 350 150 75 1.12839e-05 5.17325e-06 4.6101e-06 2.25678e-07 3.19157e-07 0 7.15956e-12 2.25678e-06 5.13428e-07 
scan 350 150 76 1.82899e-06 1.86805e-06 1.82899e-06 3.65797e-08 5.17316e-08 0 1.14714e-12 3.65797e-07 8.12655e-08 
scan 350 150 77 5.48696e-06 3.36681e-06 3.1679e-06 1.09739e-07 1.55195e-07 0 4.49492e-12 1.09739e-06 2.43796e-07 
scan 350 150 78 0 0 0 0 0 0 0 0 0 
scan 350 150 79 0 0 0 0 0 0 0 0 0 
scan 350 150 80 0 0 0 0 0 0 0 0 0 
scan 350 150 81 1.98397e-06 2.0746e-06 1.98397e-06 3.96794e-08 5.61151e-08 0 1.62527e-12 5.95191e-07 9.41829e-08 
scan 350 150 82 0 0 0 0 0 0 0 0 0 
scan 350 150 83 1.98321e-06 2.07428e-06 1.98321e-06 5.94963e-08 5.60937e-08 0 3.80776e-10 5.94963e-07 9.41469e-08 
scan 350 150 84 0 0 0 0 0 0 0 0 0 
scan 350 150 85 1.98397e-06 2.80818e-06 1.98397e-06 3.96794e-08 5.61151e-08 0 1.24435e-12 1.98397e-06 9.4183e-08 
scan 350 150 86 9.4549e-06 1.03729e-05 4.23177e-06 1.89098e-07 2.67425e-07 0 5.66125e-12 9.4549e-06 4.32163e-07 
scan 350 150 87 5.48626e-06 6.34253e-06 3.16749e-06 1.09725e-07 1.55175e-07 0 3.53057e-10 5.48626e-06 2.43765e-07 
scan 350 150 88 1.49419e-05 1.58722e-05 5.28615e-06 2.98837e-07 4.2262e-07 0 1.11274e-11 1.49419e-05 6.75959e-07 
scan 350 150 89 1.84449e-05 1.93738e-05 5.83463e-06 3.68897e-07 5.21699e-07 0 1.02353e-11 1.84449e-05 8.25573e-07 
scan 350 150 90 1.20691e-05 5.24373e-06 4.56509e-06 2.33064e-07 1.67539e-07 3.98812e-07 5.32712e-07 2.41383e-06 5.52179e-07 
scan 350 150 91 1.84137e-05 6.84471e-06 5.56532e-06 3.96259e-07 3.14064e-07 6.75624e-07 9.51732e-07 3.68275e-06 8.34715e-07 
scan 350 150 92 3.20909e-06 2.38923e-06 2.27796e-06 8.7674e-08 3.49179e-08 1.16559e-07 2.51073e-07 6.41817e-07 1.47894e-07 
scan 350 150 93 6.40982e-06 3.51028e-06 3.20919e-06 1.81582e-07 6.60107e-08 2.27212e-07 4.54548e-07 1.28196e-06 2.90108e-07 
scan 350 150 94 5.01143e-06 3.08647e-06 2.89535e-06 4.55238e-08 1.38307e-07 1.48514e-07 2.13992e-07 1.00229e-06 2.22668e-07 
scan 350 150 95 0 0 0 0 0 0 0 0 0 
scan 350 150 96 3.36534e-06 2.6036e-06 2.3819e-06 3.21902e-08 1.30138e-07 1.68267e-07 1.31687e-07 1.0096e-06 1.49529e-07 
scan 350 150 97 0 0 0 0 0 0 0 0 0 
scan 350 150 98 0 0 0 0 0 0 0 0 0 
scan 350 150 99 0 0 0 0 0 0 0 0 0 
scan 350 150 100 0 0 0 0 0 0 0 0 0 
scan 350 150 101 3.62034e-06 4.44802e-06 2.57046e-06 3.9485e-08 1.2813e-07 1.31634e-07 8.71414e-08 3.62034e-06 1.66861e-07 
scan 350 150 102 1.42219e-05 1.51281e-05 5.04578e-06 2.56823e-07 2.47935e-07 6.12218e-07 4.55505e-07 1.42219e-05 6.54827e-07 
scan 350 150 103 1.33782e-05 1.42378e-05 4.73405e-06 1.60364e-07 4.68805e-07 3.64135e-07 7.59357e-07 1.33782e-05 6.10405e-07 
scan 350 150 104 3.45537e-05 3.5499e-05 7.73922e-06 4.71562e-07 9.5664e-07 1.16185e-06 1.18803e-06 3.45537e-05 1.55748e-06 
scan 350 150 120 0 0 0 0 0 0 0 0 0 
scan 350 150 121 0 0 0 0 0 0 0 0 0 
scan 350 150 122 3.69019e-06 2.72877e-06 2.61071e-06 0 1.50027e-07 1.27371e-07 1.27371e-07 7.38038e-07 1.75181e-07 
scan 350 150 123 0 0 0 0 0 0 0 0 0 
scan 350 150 124 0 0 0 0 0 0 0 0 0 
scan 350 150 125 0 0 0 0 0 0 0 0 0 
scan 350 150 126 0 0 0 0 0 0 0 0 0 
scan 350 150 127 1.97425e-06 2.06445e-06 1.97425e-06 3.9485e-08 3.9485e-08 3.9485e-08 4.83691e-09 5.92275e-07 9.37216e-08 
scan 350 150 128 0 0 0 0 0 0 0 0 0 
scan 350 150 129 0 0 0 0 0 0 0 0 0 
scan 350 150 130 0 0 0 0 0 0 0 0 0 
scan 350 150 131 5.26749e-06 6.09166e-06 3.04119e-06 0 1.48987e-07 1.58025e-07 1.0535e-07 5.26749e-06 2.34045e-07 
scan 350 150 132 8.78161e-06 9.63802e-06 3.9328e-06 4.55238e-08 2.02858e-07 2.23918e-07 2.40013e-07 8.78161e-06 3.95975e-07 
scan 350 150 133 1.82003e-06 2.57595e-06 1.82003e-06 3.64005e-08 3.64005e-08 3.64005e-08 4.45907e-09 1.82003e-06 8.08674e-08 
scan 350 150 134 1.82003e-06 2.5773e-06 1.82003e-06 3.64005e-08 3.64005e-08 9.10014e-08 4.45907e-09 1.82003e-06 8.08674e-08 
scan 350 150 135 7.44029e-06 4.0436e-06 3.72715e-06 1.66265e-07 1.48806e-07 1.48806e-07 2.19181e-07 1.48806e-06 3.53205e-07 
scan 350 150 136 6.85908e-06 3.72533e-06 3.43599e-06 1.37182e-07 1.37182e-07 1.37182e-07 2.02059e-07 1.37182e-06 3.04762e-07 
scan 350 150 137 6.3283e-06 3.46219e-06 3.16463e-06 1.42661e-07 1.26566e-07 2.69776e-07 4.26337e-07 1.26566e-06 2.81179e-07 
scan 350 150 138 1.82003e-06 1.86078e-06 1.82003e-06 3.64005e-08 3.64005e-08 9.10014e-08 4.45907e-09 3.64005e-07 8.08674e-08 
scan 350 150 139 3.35541e-06 2.48706e-06 2.37459e-06 6.71081e-08 1.19485e-07 1.15393e-07 2.01324e-07 6.71081e-07 1.54395e-07 
scan 350 150 140 0 0 0 0 0 0 0 0 0 
scan 350 150 141 0 0 0 0 0 0 0 0 0 
scan 350 150 142 0 0 0 0 0 0 0 0 0 
scan 350 150 143 1.82003e-06 1.90476e-06 1.82003e-06 3.64005e-08 3.64005e-08 9.10014e-08 4.45907e-09 5.46008e-07 8.08674e-08 
scan 350 150 144 3.63731e-06 2.80635e-06 2.57197e-06 7.27462e-08 7.27462e-08 1.81866e-07 1.02744e-08 1.09119e-06 1.61613e-07 
scan 350 150 145 0 0 0 0 0 0 0 0 0 
scan 350 150 146 5.17543e-06 5.99105e-06 2.99185e-06 1.03509e-07 1.51794e-07 1.58109e-07 2.05783e-07 5.17543e-06 2.35262e-07 
scan 350 150 147 8.68506e-06 9.54568e-06 3.89551e-06 1.89796e-07 2.78455e-07 2.70272e-07 4.07486e-07 8.68506e-06 4.02511e-07 
scan 350 150 148 6.71081e-06 7.52735e-06 3.35818e-06 1.34216e-07 2.34878e-07 1.34216e-07 4.02649e-07 6.71081e-06 3.0879e-07 
scan 350 150 149 1.36605e-05 1.45223e-05 4.8403e-06 3.05401e-07 2.73211e-07 3.74451e-07 4.25503e-07 1.36605e-05 6.06965e-07 
scan 350 150 165 0 0 0 0 0 0 0 0 0 
scan 350 150 166 3.64005e-06 2.68275e-06 2.57391e-06 7.28011e-08 7.28011e-08 7.28011e-08 8.91813e-09 7.28011e-07 1.61735e-07 
scan 350 150 167 0 0 0 0 0 0 0 0 0 
scan 350 150 168 0 0 0 0 0 0 0 0 0 
scan 350 150 169 0 0 0 0 0 0 0 0 0 
scan 350 150 170 0 0 0 0 0 0 0 0 0 
scan 350 150 171 0 0 0 0 0 0 0 0 0 
scan 350 150 172 0 0 0 0 0 0 0 0 0 
scan 350 150 173 0 0 0 0 0 0 0 0 0 
scan 350 150 174 0 0 0 0 0 0 0 0 0 
scan 350 150 175 0 0 0 0 0 0 0 0 0 
scan 350 150 176 0 0 0 0 0 0 0 0 0 
scan 350 150 177 5.46008e-06 6.31723e-06 3.15238e-06 1.09202e-07 1.09202e-07 2.73004e-07 1.33772e-08 5.46008e-06 2.42602e-07 
scan 350 150 178 0 0 0 0 0 0 0 0 0 
scan 350 150 179 1.82003e-06 2.57595e-06 1.82003e-06 3.64005e-08 3.64005e-08 3.64005e-08 4.45907e-09 1.82003e-06 8.08674e-08 
