xsec 400 50 0.0393429
scan 400 50 0 5.91984e-05 1.33932e-05 5.31723e-06 1.62997e-06 1.28279e-06 0 2.14468e-07 1.18397e-05 2.56496e-06 
scan 400 50 1 0.000150561 3.24267e-05 8.47112e-06 4.18587e-06 3.70087e-06 0 5.75957e-07 3.01122e-05 6.43738e-06 
scan 400 50 2 0.000164029 3.52319e-05 8.83255e-06 4.6012e-06 4.19652e-06 0 6.62764e-07 3.28058e-05 6.91566e-06 
scan 400 50 3 0.000157895 3.39925e-05 8.68024e-06 4.1393e-06 4.41486e-06 0 5.52368e-07 3.15789e-05 6.78114e-06 
scan 400 50 4 0.000341771 7.20628e-05 1.27656e-05 8.92529e-06 8.20501e-06 0 1.05152e-06 6.83542e-05 1.44808e-05 
scan 400 50 5 1.47829e-05 5.23266e-06 2.65552e-06 3.49236e-07 3.77094e-07 0 4.48512e-08 4.43488e-06 6.28199e-07 
scan 400 50 6 2.29412e-05 7.74074e-06 3.31192e-06 6.06345e-07 4.50012e-07 0 8.32561e-08 6.88236e-06 1.00316e-06 
scan 400 50 7 2.47516e-05 8.29217e-06 3.43287e-06 6.52673e-07 5.62821e-07 0 8.58027e-08 7.42547e-06 1.04297e-06 
scan 400 50 8 1.34281e-05 4.8222e-06 2.53818e-06 3.42406e-07 3.34568e-07 0 3.52466e-08 4.02844e-06 5.93806e-07 
scan 400 50 9 2.62039e-05 8.72633e-06 3.53385e-06 5.69267e-07 5.8086e-07 0 6.45323e-08 7.86117e-06 1.09412e-06 
scan 400 50 10 1.43018e-05 1.45582e-05 2.61146e-06 3.77452e-07 2.53075e-07 0 4.78892e-08 1.43018e-05 6.09178e-07 
scan 400 50 11 7.62551e-05 7.66029e-05 6.02958e-06 1.96441e-06 1.56545e-06 0 2.42693e-07 7.62551e-05 3.23326e-06 
scan 400 50 12 0.000134678 0.00013511 8.00691e-06 3.50196e-06 2.8457e-06 0 4.43952e-07 0.000134678 5.64935e-06 
scan 400 50 13 0.000194395 0.000194921 9.62544e-06 5.02161e-06 4.34249e-06 0 6.19966e-07 0.000194395 8.22196e-06 
scan 400 50 14 0.000597761 0.000598865 1.68829e-05 1.44742e-05 1.36452e-05 0 1.72456e-06 0.000597761 2.52535e-05 
scan 400 50 15 6.37327e-05 1.43014e-05 5.50657e-06 1.60291e-06 1.37226e-06 0 2.46519e-07 1.27465e-05 2.68677e-06 
scan 400 50 16 0.000122738 2.65517e-05 7.64261e-06 3.03109e-06 2.70272e-06 0 5.21312e-07 2.45477e-05 5.21825e-06 
scan 400 50 17 0.000186416 3.97962e-05 9.41717e-06 4.90978e-06 4.00502e-06 0 9.29246e-07 3.72832e-05 8.0006e-06 
scan 400 50 18 0.000136061 2.93646e-05 8.04695e-06 3.73719e-06 2.86631e-06 0 6.83547e-07 2.72123e-05 5.86242e-06 
scan 400 50 19 0.000247868 5.25481e-05 1.08611e-05 6.51859e-06 5.58512e-06 0 1.04429e-06 4.95736e-05 1.05367e-05 
scan 400 50 20 8.1024e-06 3.15698e-06 1.96545e-06 2.41146e-07 1.21819e-07 0 3.19639e-08 2.43072e-06 3.48044e-07 
scan 400 50 21 2.37971e-05 7.99061e-06 3.3659e-06 5.22448e-07 5.11239e-07 0 8.74006e-08 7.13914e-06 1.00557e-06 
scan 400 50 22 1.66196e-05 5.78789e-06 2.80965e-06 3.89842e-07 3.29367e-07 0 6.81173e-08 4.98589e-06 6.93808e-07 
scan 400 50 23 1.28092e-05 4.61476e-06 2.46544e-06 3.29958e-07 2.50581e-07 0 4.65208e-08 3.84277e-06 5.26191e-07 
scan 400 50 24 2.46097e-05 8.2379e-06 3.41328e-06 6.50912e-07 4.60102e-07 0 1.38378e-07 7.3829e-06 1.02509e-06 
scan 400 50 25 8.61494e-06 8.8631e-06 2.03097e-06 1.83199e-07 1.81949e-07 0 3.07075e-08 8.61494e-06 3.80558e-07 
scan 400 50 26 4.98992e-05 5.02043e-05 4.87043e-06 1.20962e-06 9.59551e-07 0 2.01947e-07 4.98992e-05 2.09556e-06 
scan 400 50 27 0.000110452 0.000110847 7.25277e-06 2.80328e-06 2.18964e-06 0 4.26424e-07 0.000110452 4.69484e-06 
scan 400 50 28 0.000148693 0.000149141 8.41954e-06 3.62064e-06 3.04433e-06 0 5.09207e-07 0.000148693 6.32853e-06 
scan 400 50 29 0.000496265 0.000497193 1.53761e-05 1.19883e-05 9.94351e-06 0 1.67128e-06 0.000496265 2.09804e-05 
scan 400 50 30 1.67407e-05 4.4764e-06 2.83013e-06 4.10699e-07 3.24327e-07 0 5.97887e-08 3.34813e-06 7.3556e-07 
scan 400 50 31 3.51779e-05 8.3496e-06 4.09e-06 8.20696e-07 7.72939e-07 0 1.43636e-07 7.03558e-06 1.48215e-06 
scan 400 50 32 6.09732e-05 1.37393e-05 5.39016e-06 1.4781e-06 1.44781e-06 0 2.09131e-07 1.21946e-05 2.58469e-06 
scan 400 50 33 5.19851e-05 1.18904e-05 4.98027e-06 1.45164e-06 1.0944e-06 0 2.29484e-07 1.0397e-05 2.2635e-06 
scan 400 50 34 8.63837e-05 1.90318e-05 6.404e-06 2.1749e-06 2.2168e-06 0 3.61317e-07 1.72767e-05 3.59712e-06 
scan 400 50 35 3.32496e-06 1.61295e-06 1.25677e-06 5.33153e-08 7.52325e-08 0 9.81643e-09 9.97489e-07 1.36286e-07 
scan 400 50 36 6.19246e-06 2.55102e-06 1.71793e-06 1.42547e-07 9.43355e-08 0 3.60317e-08 1.85774e-06 2.73303e-07 
scan 400 50 37 4.27232e-06 1.92943e-06 1.42428e-06 1.22071e-07 6.20007e-08 0 1.98537e-08 1.2817e-06 1.79531e-07 
scan 400 50 38 6.24423e-06 2.57499e-06 1.73208e-06 1.46063e-07 1.42963e-07 0 1.91967e-08 1.87327e-06 2.81443e-07 
scan 400 50 39 1.61559e-05 5.64859e-06 2.77119e-06 3.3335e-07 3.6812e-07 0 8.78129e-08 4.84676e-06 6.93989e-07 
scan 400 50 40 2.37482e-06 2.60463e-06 1.06223e-06 6.90801e-08 3.60043e-08 0 9.48675e-09 2.37482e-06 9.91712e-08 
scan 400 50 41 1.91394e-05 1.94054e-05 3.02694e-06 4.28243e-07 4.2212e-07 0 7.43099e-08 1.91394e-05 8.48408e-07 
scan 400 50 42 3.34369e-05 3.37202e-05 3.99716e-06 7.17122e-07 6.55259e-07 0 1.07425e-07 3.34369e-05 1.44504e-06 
scan 400 50 43 3.25809e-05 3.28661e-05 3.95172e-06 7.11491e-07 7.14746e-07 0 7.76951e-08 3.25809e-05 1.42416e-06 
scan 400 50 44 0.000160313 0.000160776 8.74713e-06 3.52801e-06 3.52868e-06 0 5.15517e-07 0.000160313 6.86261e-06 
scan 400 50 45 9.50591e-07 7.00454e-07 6.72169e-07 2.77021e-08 2.29486e-08 0 8.05211e-11 1.90118e-07 3.72171e-08 
scan 400 50 46 4.75375e-07 4.85426e-07 4.75375e-07 9.50751e-09 1.34456e-08 0 2.28275e-13 9.50751e-08 1.86117e-08 
scan 400 50 47 9.50591e-07 7.00454e-07 6.72169e-07 2.77021e-08 2.29486e-08 0 8.05211e-11 1.90118e-07 3.72171e-08 
scan 400 50 48 4.6853e-07 4.78563e-07 4.6853e-07 1.68931e-08 9.37061e-09 0 3.37342e-09 9.37061e-08 1.83437e-08 
scan 400 50 49 1.44268e-06 8.85398e-07 8.33053e-07 3.75386e-08 3.68669e-08 0 3.42772e-10 2.88535e-07 6.27036e-08 
scan 400 50 50 0 0 0 0 0 0 0 0 0 
scan 400 50 51 4.75375e-07 4.96928e-07 4.75375e-07 9.50751e-09 1.34456e-08 0 2.28275e-13 1.42613e-07 1.86117e-08 
scan 400 50 52 4.74897e-07 4.96428e-07 4.74897e-07 1.34321e-08 9.49793e-09 0 2.39348e-10 1.42469e-07 1.85929e-08 
scan 400 50 53 0 0 0 0 0 0 0 0 0 
scan 400 50 54 0 0 0 0 0 0 0 0 0 
scan 400 50 55 0 0 0 0 0 0 0 0 0 
scan 400 50 56 9.50568e-07 1.16535e-06 6.72153e-07 2.37633e-08 2.68861e-08 0 9.16265e-11 9.50568e-07 3.72162e-08 
scan 400 50 57 2.393e-06 2.62474e-06 1.0703e-06 5.65425e-08 6.37462e-08 0 5.54564e-10 2.393e-06 9.99103e-08 
scan 400 50 58 4.29359e-06 4.53247e-06 1.43129e-06 1.20655e-07 1.21642e-07 0 1.01068e-09 4.29359e-06 1.74321e-07 
scan 400 50 59 9.67975e-07 1.18708e-06 6.8457e-07 3.49008e-08 1.93595e-08 0 5.89262e-12 9.67975e-07 4.41182e-08 
scan 400 50 75 1.42613e-06 8.74561e-07 8.23374e-07 2.85225e-08 4.03369e-08 0 9.85738e-13 2.85225e-07 5.5835e-08 
scan 400 50 76 4.9261e-07 5.03303e-07 4.9261e-07 9.85221e-09 1.39331e-08 0 2.36552e-13 9.85221e-08 2.5507e-08 
scan 400 50 77 1.4499e-06 8.90329e-07 8.37411e-07 2.8998e-08 4.10094e-08 0 5.22846e-09 2.8998e-07 6.9207e-08 
scan 400 50 78 0 0 0 0 0 0 0 0 0 
scan 400 50 79 0 0 0 0 0 0 0 0 0 
scan 400 50 80 0 0 0 0 0 0 0 0 0 
scan 400 50 81 0 0 0 0 0 0 0 0 0 
scan 400 50 82 0 0 0 0 0 0 0 0 0 
scan 400 50 83 4.75375e-07 4.96928e-07 4.75375e-07 9.5075e-09 1.34456e-08 0 3.89427e-13 1.42613e-07 1.86117e-08 
scan 400 50 84 0 0 0 0 0 0 0 0 0 
scan 400 50 85 0 0 0 0 0 0 0 0 0 
scan 400 50 86 1.44336e-06 1.66864e-06 8.33444e-07 2.88672e-08 4.08244e-08 0 9.24134e-13 1.44336e-06 6.27304e-08 
scan 400 50 87 4.9261e-07 6.97332e-07 4.9261e-07 9.85221e-09 1.39331e-08 0 3.08965e-13 4.9261e-07 2.5507e-08 
scan 400 50 88 2.41098e-06 2.64465e-06 1.07839e-06 4.82197e-08 6.81929e-08 0 1.83248e-10 2.41098e-06 1.06835e-07 
scan 400 50 89 3.3621e-06 3.59906e-06 1.27092e-06 6.72419e-08 9.50944e-08 0 2.4771e-12 3.3621e-06 1.44072e-07 
scan 400 50 90 4.30362e-06 1.64943e-06 1.36301e-06 8.64414e-08 7.08514e-08 1.77246e-07 2.13534e-07 8.60723e-07 1.80157e-07 
scan 400 50 91 2.20224e-06 1.09082e-06 9.85462e-07 1.18322e-08 7.27306e-08 5.77356e-08 8.69137e-08 4.40448e-07 9.18197e-08 
scan 400 50 92 1.30819e-06 8.05793e-07 7.55769e-07 1.70366e-08 4.29493e-08 2.61638e-08 6.02369e-08 2.61638e-07 5.66917e-08 
scan 400 50 93 2.0697e-06 1.03472e-06 9.26683e-07 4.801e-08 5.05483e-08 7.793e-08 1.45455e-07 4.13939e-07 9.198e-08 
scan 400 50 94 2.62706e-06 1.21119e-06 1.07533e-06 5.08925e-08 5.04153e-08 7.92825e-08 1.06134e-07 5.25412e-07 1.09044e-07 
scan 400 50 95 0 0 0 0 0 0 0 0 0 
scan 400 50 96 4.73047e-07 4.94495e-07 4.73047e-07 9.46093e-09 9.46093e-09 9.46093e-09 1.15896e-09 1.41914e-07 1.85205e-08 
scan 400 50 97 4.27838e-07 4.48176e-07 4.27838e-07 0 2.30398e-08 8.55677e-09 2.13919e-08 1.28351e-07 1.67505e-08 
scan 400 50 98 0 0 0 0 0 0 0 0 0 
scan 400 50 99 0 0 0 0 0 0 0 0 0 
scan 400 50 100 0 0 0 0 0 0 0 0 0 
scan 400 50 101 2.17229e-06 2.38616e-06 9.72895e-07 4.15175e-08 4.17027e-08 6.85729e-08 1.04741e-07 2.17229e-06 9.61213e-08 
scan 400 50 102 5.47231e-06 5.69795e-06 1.51962e-06 1.16919e-07 1.208e-07 1.47882e-07 3.28341e-07 5.47231e-06 2.30796e-07 
scan 400 50 103 2.29231e-06 2.51615e-06 1.02567e-06 3.1183e-08 4.47375e-08 1.00424e-07 4.65822e-08 2.29231e-06 9.52217e-08 
scan 400 50 104 9.45654e-06 9.69867e-06 2.01832e-06 2.09325e-07 1.56816e-07 2.94369e-07 4.92363e-07 9.45654e-06 4.08681e-07 
scan 400 50 120 0 0 0 0 0 0 0 0 0 
scan 400 50 121 9.63104e-07 7.10381e-07 6.81127e-07 9.80394e-09 2.31798e-08 1.92621e-08 1.06591e-08 1.92621e-07 4.98688e-08 
scan 400 50 122 4.18331e-07 4.27912e-07 4.18331e-07 1.18322e-08 0 8.36662e-09 2.50998e-08 8.36662e-08 1.63783e-08 
scan 400 50 123 0 0 0 0 0 0 0 0 0 
scan 400 50 124 4.18331e-07 4.28341e-07 4.18331e-07 1.18322e-08 0 2.09165e-08 2.50998e-08 8.36662e-08 1.63783e-08 
scan 400 50 125 0 0 0 0 0 0 0 0 0 
scan 400 50 126 0 0 0 0 0 0 0 0 0 
scan 400 50 127 0 0 0 0 0 0 0 0 0 
scan 400 50 128 0 0 0 0 0 0 0 0 0 
scan 400 50 129 0 0 0 0 0 0 0 0 0 
scan 400 50 130 4.73047e-07 6.69798e-07 4.73047e-07 9.46093e-09 9.46093e-09 2.36523e-08 1.15896e-09 4.73047e-07 1.85205e-08 
scan 400 50 131 9.29407e-07 1.13971e-06 6.57296e-07 9.46093e-09 2.23688e-08 3.27795e-08 1.02862e-08 9.29407e-07 3.63877e-08 
scan 400 50 132 2.29835e-06 2.52156e-06 1.02796e-06 0 6.50072e-08 6.01542e-08 4.5967e-08 2.29835e-06 9.59557e-08 
scan 400 50 133 9.29407e-07 1.13971e-06 6.57296e-07 9.46093e-09 2.23688e-08 3.27795e-08 1.02862e-08 9.29407e-07 3.63877e-08 
scan 400 50 134 1.40231e-06 1.62155e-06 8.0974e-07 9.46093e-09 3.57446e-08 4.22335e-08 1.97443e-08 1.40231e-06 6.08745e-08 
scan 400 50 135 2.1767e-06 1.08394e-06 9.74482e-07 4.35341e-08 6.90889e-08 9.58302e-08 1.03378e-07 4.35341e-07 9.61695e-08 
scan 400 50 136 2.32568e-06 1.15033e-06 1.04068e-06 4.65137e-08 5.95186e-08 8.90879e-08 3.06457e-08 4.65137e-07 9.65282e-08 
scan 400 50 137 0 0 0 0 0 0 0 0 0 
scan 400 50 138 1.75837e-06 9.57998e-07 8.80122e-07 4.36857e-08 3.51675e-08 6.19088e-08 7.82785e-08 3.51675e-07 7.97912e-08 
scan 400 50 139 1.34945e-06 8.31501e-07 7.81117e-07 3.10297e-08 2.6989e-08 5.32811e-08 3.29756e-08 2.6989e-07 5.2833e-08 
scan 400 50 140 0 0 0 0 0 0 0 0 0 
scan 400 50 141 0 0 0 0 0 0 0 0 0 
scan 400 50 142 0 0 0 0 0 0 0 0 0 
scan 400 50 143 0 0 0 0 0 0 0 0 0 
scan 400 50 144 0 0 0 0 0 0 0 0 0 
scan 400 50 145 0 0 0 0 0 0 0 0 0 
scan 400 50 146 4.18331e-07 5.92619e-07 4.18331e-07 1.25499e-08 8.36662e-09 8.36662e-09 2.50998e-08 4.18331e-07 1.63783e-08 
scan 400 50 147 2.60515e-06 2.82041e-06 1.06575e-06 5.61438e-08 5.21031e-08 6.42252e-08 1.07923e-07 2.60515e-06 1.01996e-07 
scan 400 50 148 2.70375e-06 2.92671e-06 1.10521e-06 6.2745e-08 5.40751e-08 8.24365e-08 8.0949e-08 2.70375e-06 1.16804e-07 
scan 400 50 149 7.24678e-06 7.489e-06 1.81612e-06 1.70191e-07 1.57486e-07 2.44671e-07 2.18757e-07 7.24678e-06 3.30909e-07 
scan 400 50 165 4.90197e-07 5.01342e-07 4.90197e-07 9.80394e-09 9.80394e-09 2.45099e-08 1.20098e-09 9.80394e-08 2.53821e-08 
scan 400 50 166 0 0 0 0 0 0 0 0 0 
scan 400 50 167 0 0 0 0 0 0 0 0 0 
scan 400 50 168 0 0 0 0 0 0 0 0 0 
scan 400 50 169 0 0 0 0 0 0 0 0 0 
scan 400 50 170 0 0 0 0 0 0 0 0 0 
scan 400 50 171 0 0 0 0 0 0 0 0 0 
scan 400 50 172 0 0 0 0 0 0 0 0 0 
scan 400 50 173 0 0 0 0 0 0 0 0 0 
scan 400 50 174 0 0 0 0 0 0 0 0 0 
scan 400 50 175 0 0 0 0 0 0 0 0 0 
scan 400 50 176 0 0 0 0 0 0 0 0 0 
scan 400 50 177 0 0 0 0 0 0 0 0 0 
scan 400 50 178 1.41843e-06 1.64083e-06 8.18929e-07 2.83685e-08 2.83685e-08 7.09213e-08 3.82939e-09 1.41843e-06 5.55336e-08 
scan 400 50 179 1.90934e-06 2.13801e-06 9.54784e-07 3.81867e-08 3.81867e-08 6.65695e-08 4.67787e-09 1.90934e-06 8.09436e-08 
