xsec 450 100 0.0217971
scan 450 100 0 5.40228e-05 1.33771e-05 7.2914e-06 1.37591e-06 1.30886e-06 0 1.54279e-07 1.08046e-05 2.32684e-06 
scan 450 100 1 0.000118561 2.68585e-05 1.07423e-05 3.22843e-06 2.91853e-06 0 4.20891e-07 2.37123e-05 4.95911e-06 
scan 450 100 2 0.000118933 2.69703e-05 1.07778e-05 3.41206e-06 2.91348e-06 0 3.80632e-07 2.37866e-05 5.0153e-06 
scan 450 100 3 0.000121758 2.75657e-05 1.08995e-05 3.52712e-06 2.97635e-06 0 5.01613e-07 2.43516e-05 5.14949e-06 
scan 450 100 4 0.000355497 7.61456e-05 1.86769e-05 9.3711e-06 8.60038e-06 0 1.12764e-06 7.10993e-05 1.52038e-05 
scan 450 100 5 1.08854e-05 4.67771e-06 3.28541e-06 2.4878e-07 3.61158e-07 0 2.9173e-08 3.26562e-06 4.7911e-07 
scan 450 100 6 2.55433e-05 9.2677e-06 5.01482e-06 6.79807e-07 5.71459e-07 0 9.09811e-08 7.663e-06 1.10606e-06 
scan 450 100 7 2.61152e-05 9.42158e-06 5.02819e-06 6.0024e-07 7.82733e-07 0 4.43953e-08 7.83457e-06 1.06215e-06 
scan 450 100 8 1.18597e-05 4.9847e-06 3.42706e-06 2.53051e-07 3.33978e-07 0 2.21038e-08 3.55791e-06 5.17394e-07 
scan 450 100 9 2.13264e-05 7.93051e-06 4.54974e-06 4.6489e-07 5.25654e-07 0 3.9423e-08 6.39791e-06 8.7496e-07 
scan 450 100 10 9.63767e-06 1.01214e-05 3.0493e-06 2.23513e-07 2.35835e-07 0 2.82035e-08 9.63767e-06 3.90649e-07 
scan 450 100 11 7.48328e-05 7.54266e-05 8.53523e-06 2.06897e-06 1.45821e-06 0 3.03616e-07 7.48328e-05 3.14145e-06 
scan 450 100 12 0.000126014 0.000126685 1.11044e-05 3.24169e-06 2.66876e-06 0 3.45701e-07 0.000126014 5.33095e-06 
scan 450 100 13 0.00014696 0.00014766 1.19694e-05 4.01197e-06 2.91896e-06 0 5.22894e-07 0.00014696 6.17708e-06 
scan 450 100 14 0.000654306 0.000655738 2.53008e-05 1.56663e-05 1.47942e-05 0 1.93933e-06 0.000654306 2.76983e-05 
scan 450 100 15 6.20713e-05 1.50066e-05 7.76579e-06 1.65688e-06 1.08175e-06 0 3.01268e-07 1.24143e-05 2.60232e-06 
scan 450 100 16 0.000127527 2.86888e-05 1.11514e-05 3.21629e-06 2.97529e-06 0 4.50386e-07 2.55054e-05 5.3635e-06 
scan 450 100 17 0.000173679 3.83263e-05 1.30313e-05 4.73541e-06 3.81639e-06 0 7.90877e-07 3.47358e-05 7.40913e-06 
scan 450 100 18 0.000160777 3.56399e-05 1.25289e-05 4.16979e-06 3.78108e-06 0 8.09797e-07 3.21554e-05 6.8497e-06 
scan 450 100 19 0.000272966 5.89143e-05 1.62976e-05 7.35252e-06 6.15344e-06 0 1.20086e-06 5.45933e-05 1.14669e-05 
scan 450 100 20 1.06152e-05 4.55092e-06 3.2032e-06 2.72659e-07 1.86874e-07 0 6.6703e-08 3.18455e-06 4.41987e-07 
scan 450 100 21 2.20196e-05 8.12277e-06 4.59276e-06 5.07648e-07 4.67549e-07 0 7.50044e-08 6.60587e-06 8.75441e-07 
scan 450 100 22 1.93559e-05 7.31602e-06 4.33215e-06 5.31409e-07 2.93047e-07 0 1.11469e-07 5.80677e-06 8.10823e-07 
scan 450 100 23 1.67769e-05 6.54104e-06 4.07417e-06 4.2715e-07 3.55122e-07 0 5.86146e-08 5.03306e-06 7.36616e-07 
scan 450 100 24 3.41534e-05 1.19023e-05 5.77851e-06 8.61613e-07 6.37831e-07 0 1.52319e-07 1.0246e-05 1.45612e-06 
scan 450 100 25 7.71393e-06 8.19163e-06 2.72912e-06 1.25415e-07 1.8423e-07 0 3.02808e-08 7.71393e-06 3.15353e-07 
scan 450 100 26 7.04285e-05 7.10335e-05 8.36819e-06 1.6134e-06 1.79275e-06 0 1.61383e-07 7.04285e-05 3.11632e-06 
scan 450 100 27 0.000110729 0.000111369 1.03781e-05 2.37825e-06 2.71305e-06 0 3.0665e-07 0.000110729 4.59999e-06 
scan 450 100 28 0.000170269 0.000171003 1.29211e-05 4.37847e-06 3.32141e-06 0 6.30145e-07 0.000170269 7.28913e-06 
scan 450 100 29 0.000613551 0.000614917 2.4527e-05 1.43344e-05 1.35499e-05 0 1.87735e-06 0.000613551 2.61585e-05 
scan 450 100 30 1.75244e-05 5.50643e-06 4.13503e-06 5.73924e-07 1.72623e-07 0 1.15404e-07 3.50488e-06 7.52088e-07 
scan 450 100 31 3.32096e-05 8.92979e-06 5.70024e-06 7.57923e-07 7.25005e-07 0 1.44308e-07 6.64191e-06 1.41864e-06 
scan 450 100 32 5.17198e-05 1.28656e-05 7.11031e-06 1.45479e-06 9.5475e-07 0 2.47207e-07 1.0344e-05 2.209e-06 
scan 450 100 33 3.81664e-05 1.00074e-05 6.11863e-06 1.04489e-06 7.5828e-07 0 2.08989e-07 7.63328e-06 1.65307e-06 
scan 450 100 34 9.6291e-05 2.22151e-05 9.68584e-06 2.80831e-06 2.06546e-06 0 4.20677e-07 1.92582e-05 4.06037e-06 
scan 450 100 35 2.01052e-06 1.5513e-06 1.4232e-06 0 9.36417e-08 0 2.87107e-09 6.03156e-07 9.2002e-08 
scan 450 100 36 4.85567e-06 2.63003e-06 2.17283e-06 1.27982e-07 1.25804e-07 0 1.97395e-08 1.4567e-06 2.03207e-07 
scan 450 100 37 8.87119e-06 4.00776e-06 2.96025e-06 1.8313e-07 1.79077e-07 0 2.81598e-08 2.66136e-06 3.8708e-07 
scan 450 100 38 2.97443e-06 1.94338e-06 1.71903e-06 5.42968e-08 7.49311e-08 0 8.48717e-10 8.92328e-07 1.29772e-07 
scan 450 100 39 1.74933e-05 6.73674e-06 4.12674e-06 3.99949e-07 3.17927e-07 0 8.38535e-08 5.24799e-06 7.37718e-07 
scan 450 100 40 9.42569e-07 1.3341e-06 9.42569e-07 3.88631e-08 0 0 8.48312e-09 9.42569e-07 3.6903e-08 
scan 450 100 41 2.34153e-05 2.39309e-05 4.78366e-06 5.9432e-07 4.15829e-07 0 9.82606e-08 2.34153e-05 9.95775e-07 
scan 450 100 42 3.91613e-05 3.97027e-05 6.19897e-06 9.72023e-07 6.99962e-07 0 1.44716e-07 3.91613e-05 1.67956e-06 
scan 450 100 43 4.38601e-05 4.44069e-05 6.5445e-06 1.07429e-06 9.1195e-07 0 1.46924e-07 4.38601e-05 1.85014e-06 
scan 450 100 44 0.000214964 0.000215756 1.45067e-05 5.20782e-06 4.39408e-06 0 6.95874e-07 0.000214964 9.13245e-06 
scan 450 100 45 3.83533e-06 2.07691e-06 1.91766e-06 1.02174e-07 1.2134e-07 0 2.02407e-09 7.67066e-07 1.50159e-07 
scan 450 100 46 2.00018e-06 1.47849e-06 1.4164e-06 7.81444e-08 7.16281e-08 0 7.94986e-09 4.00035e-07 9.16216e-08 
scan 450 100 47 1.91932e-06 1.41542e-06 1.35716e-06 4.79811e-08 7.8827e-08 0 1.87606e-10 3.83863e-07 7.51442e-08 
scan 450 100 48 0 0 0 0 0 0 0 0 0 
scan 450 100 49 0 0 0 0 0 0 0 0 0 
scan 450 100 50 0 0 0 0 0 0 0 0 0 
scan 450 100 51 9.59845e-07 1.00336e-06 9.59845e-07 1.91969e-08 2.71485e-08 0 6.02015e-13 2.87953e-07 3.75794e-08 
scan 450 100 52 0 0 0 0 0 0 0 0 0 
scan 450 100 53 0 0 0 0 0 0 0 0 0 
scan 450 100 54 0 0 0 0 0 0 0 0 0 
scan 450 100 55 0 0 0 0 0 0 0 0 0 
scan 450 100 56 0 0 0 0 0 0 0 0 0 
scan 450 100 57 2.01596e-06 2.47269e-06 1.42714e-06 4.03191e-08 5.70199e-08 0 1.61707e-10 2.01596e-06 9.22682e-08 
scan 450 100 58 0 0 0 0 0 0 0 0 0 
scan 450 100 59 3.83873e-06 4.29739e-06 1.91936e-06 8.63697e-08 1.33116e-07 0 3.29172e-10 3.83873e-06 1.50292e-07 
scan 450 100 75 0 0 0 0 0 0 0 0 0 
scan 450 100 76 9.59844e-07 9.80138e-07 9.59844e-07 1.91969e-08 2.71485e-08 0 7.86304e-13 1.91969e-07 3.75794e-08 
scan 450 100 77 0 0 0 0 0 0 0 0 0 
scan 450 100 78 0 0 0 0 0 0 0 0 0 
scan 450 100 79 1.8981e-06 1.39846e-06 1.34224e-06 3.79619e-08 5.36862e-08 0 1.05553e-08 3.79619e-07 7.43134e-08 
scan 450 100 80 0 0 0 0 0 0 0 0 0 
scan 450 100 81 2.01628e-06 1.55455e-06 1.42736e-06 4.03256e-08 5.70289e-08 0 1.65173e-12 6.04883e-07 9.22808e-08 
scan 450 100 82 0 0 0 0 0 0 0 0 0 
scan 450 100 83 0 0 0 0 0 0 0 0 0 
scan 450 100 84 0 0 0 0 0 0 0 0 0 
scan 450 100 85 0 0 0 0 0 0 0 0 0 
scan 450 100 86 9.59844e-07 1.35835e-06 9.59844e-07 1.91969e-08 2.71485e-08 0 7.86304e-13 9.59844e-07 3.75794e-08 
scan 450 100 87 1.05643e-06 1.49547e-06 1.05643e-06 2.11287e-08 2.98805e-08 0 6.62595e-13 1.05643e-06 5.47014e-08 
scan 450 100 88 2.01627e-06 2.47376e-06 1.42735e-06 4.03254e-08 8.15693e-08 0 5.28836e-12 2.01627e-06 9.22805e-08 
scan 450 100 89 2.97612e-06 3.44143e-06 1.72007e-06 5.95225e-08 8.41775e-08 0 1.92836e-12 2.97612e-06 1.2986e-07 
scan 450 100 90 2.66367e-06 1.63842e-06 1.54013e-06 4.44428e-08 6.04298e-08 5.32734e-08 9.6213e-08 5.32734e-07 1.04287e-07 
scan 450 100 91 1.70853e-06 1.26317e-06 1.20819e-06 2.53399e-08 6.34136e-08 3.41705e-08 9.38729e-08 3.41705e-07 6.68914e-08 
scan 450 100 92 9.29663e-07 9.51478e-07 9.29663e-07 1.85933e-08 1.85933e-08 1.85933e-08 5.57798e-08 1.85933e-07 4.81373e-08 
scan 450 100 93 1.85167e-06 1.36834e-06 1.30992e-06 5.14508e-08 1.90741e-08 6.56445e-08 7.03996e-08 3.70335e-07 8.38352e-08 
scan 450 100 94 8.63861e-07 8.84069e-07 8.63861e-07 0 4.65204e-08 1.72772e-08 4.31931e-08 1.72772e-07 3.38215e-08 
scan 450 100 95 9.55143e-07 9.99409e-07 9.55143e-07 1.91029e-08 1.91029e-08 4.77571e-08 2.3401e-09 2.86543e-07 3.73953e-08 
scan 450 100 96 2.96154e-06 1.94031e-06 1.71165e-06 5.92309e-08 5.92309e-08 1.48077e-07 7.25578e-09 8.88463e-07 1.29224e-07 
scan 450 100 97 0 0 0 0 0 0 0 0 0 
scan 450 100 98 0 0 0 0 0 0 0 0 0 
scan 450 100 99 0 0 0 0 0 0 0 0 0 
scan 450 100 100 0 0 0 0 0 0 0 0 0 
scan 450 100 101 4.35341e-06 4.78451e-06 1.94828e-06 9.85007e-08 8.51891e-08 1.92331e-07 2.37816e-07 4.35341e-06 1.81782e-07 
scan 450 100 102 6.50199e-06 6.96727e-06 2.46374e-06 1.2631e-07 1.02187e-07 2.42882e-07 1.82824e-07 6.50199e-06 2.79577e-07 
scan 450 100 103 7.24949e-06 7.71305e-06 2.56739e-06 1.21796e-07 2.23795e-07 2.78171e-07 3.16506e-07 7.24949e-06 3.19314e-07 
scan 450 100 104 4.49227e-06 4.93136e-06 2.01315e-06 9.29622e-08 8.11616e-08 1.4384e-07 1.34979e-07 4.49227e-06 1.75879e-07 
scan 450 100 120 0 0 0 0 0 0 0 0 0 
scan 450 100 121 0 0 0 0 0 0 0 0 0 
scan 450 100 122 0 0 0 0 0 0 0 0 0 
scan 450 100 123 0 0 0 0 0 0 0 0 0 
scan 450 100 124 0 0 0 0 0 0 0 0 0 
scan 450 100 125 0 0 0 0 0 0 0 0 0 
scan 450 100 126 0 0 0 0 0 0 0 0 0 
scan 450 100 127 0 0 0 0 0 0 0 0 0 
scan 450 100 128 0 0 0 0 0 0 0 0 0 
scan 450 100 129 0 0 0 0 0 0 0 0 0 
scan 450 100 130 0 0 0 0 0 0 0 0 0 
scan 450 100 131 0 0 0 0 0 0 0 0 0 
scan 450 100 132 9.55143e-07 1.35241e-06 9.55143e-07 1.91029e-08 1.91029e-08 4.77571e-08 2.3401e-09 9.55143e-07 3.73953e-08 
scan 450 100 133 8.44664e-07 1.19705e-06 8.44664e-07 2.38907e-08 0 4.22332e-08 5.06799e-08 8.44664e-07 3.30699e-08 
scan 450 100 134 9.21452e-07 1.30415e-06 9.21452e-07 0 2.60626e-08 1.8429e-08 1.8429e-08 9.21452e-07 3.60763e-08 
scan 450 100 135 1.79981e-06 1.33114e-06 1.27505e-06 3.59961e-08 6.13361e-08 6.13361e-08 5.302e-08 3.59961e-07 7.04652e-08 
scan 450 100 136 2.72947e-06 1.68325e-06 1.57798e-06 6.3886e-08 5.45894e-08 1.11134e-07 1.088e-07 5.45894e-07 1.18603e-07 
scan 450 100 137 9.55143e-07 9.76322e-07 9.55143e-07 1.91029e-08 1.91029e-08 4.77571e-08 2.3401e-09 1.91029e-07 3.73953e-08 
scan 450 100 138 0 0 0 0 0 0 0 0 0 
scan 450 100 139 0 0 0 0 0 0 0 0 0 
scan 450 100 140 0 0 0 0 0 0 0 0 0 
scan 450 100 141 0 0 0 0 0 0 0 0 0 
scan 450 100 142 0 0 0 0 0 0 0 0 0 
scan 450 100 143 0 0 0 0 0 0 0 0 0 
scan 450 100 144 9.55143e-07 9.99409e-07 9.55143e-07 1.91029e-08 1.91029e-08 4.77571e-08 2.3401e-09 2.86543e-07 3.73953e-08 
scan 450 100 145 0 0 0 0 0 0 0 0 0 
scan 450 100 146 0 0 0 0 0 0 0 0 0 
scan 450 100 147 5.26346e-06 5.70034e-06 2.15184e-06 1.22163e-07 1.05269e-07 1.33924e-07 2.60839e-07 5.26346e-06 2.17812e-07 
scan 450 100 148 5.52336e-06 5.98355e-06 2.26163e-06 1.18914e-07 1.10467e-07 1.93951e-07 2.29403e-07 5.52336e-06 2.52602e-07 
scan 450 100 149 1.74263e-06 2.14098e-06 1.2328e-06 4.38324e-08 3.48527e-08 6.17918e-08 1.18028e-07 1.74263e-06 7.95662e-08 
scan 450 100 165 0 0 0 0 0 0 0 0 0 
scan 450 100 166 9.55143e-07 9.76322e-07 9.55143e-07 1.91029e-08 1.91029e-08 4.77571e-08 2.3401e-09 1.91029e-07 3.73953e-08 
scan 450 100 167 9.55143e-07 9.7534e-07 9.55143e-07 1.91029e-08 1.91029e-08 1.91029e-08 2.3401e-09 1.91029e-07 3.73953e-08 
scan 450 100 168 0 0 0 0 0 0 0 0 0 
scan 450 100 169 1.04967e-06 1.07354e-06 1.04967e-06 2.09935e-08 2.09935e-08 5.24837e-08 3.35896e-09 2.09935e-07 5.43514e-08 
scan 450 100 170 0 0 0 0 0 0 0 0 0 
scan 450 100 171 0 0 0 0 0 0 0 0 0 
scan 450 100 172 0 0 0 0 0 0 0 0 0 
scan 450 100 173 0 0 0 0 0 0 0 0 0 
scan 450 100 174 0 0 0 0 0 0 0 0 0 
scan 450 100 175 0 0 0 0 0 0 0 0 0 
scan 450 100 176 0 0 0 0 0 0 0 0 0 
scan 450 100 177 0 0 0 0 0 0 0 0 0 
scan 450 100 178 0 0 0 0 0 0 0 0 0 
scan 450 100 179 0 0 0 0 0 0 0 0 0 
