xsec 550 300 0.00761444
scan 550 300 0 1.04054e-05 2.61882e-06 1.4437e-06 2.87144e-07 2.10873e-07 0 2.85091e-08 2.08108e-06 5.61549e-07 
scan 550 300 1 1.72319e-05 4.08179e-06 1.85928e-06 4.73764e-07 4.54474e-07 0 5.7533e-08 3.44639e-06 9.44574e-07 
scan 550 300 2 2.38703e-05 5.47117e-06 2.18008e-06 6.84226e-07 5.73609e-07 0 9.0008e-08 4.77406e-06 1.25856e-06 
scan 550 300 3 2.68796e-05 6.11608e-06 2.3147e-06 8.4097e-07 6.11326e-07 0 1.12586e-07 5.37592e-06 1.43335e-06 
scan 550 300 4 9.24887e-05 1.98693e-05 4.2911e-06 2.48378e-06 2.07431e-06 0 3.29089e-07 1.84977e-05 4.86096e-06 
scan 550 300 5 3.20644e-06 1.26887e-06 8.0193e-07 8.13246e-08 7.76423e-08 0 2.20094e-09 9.61931e-07 1.70212e-07 
scan 550 300 6 5.63998e-06 2.03413e-06 1.06644e-06 1.01028e-07 1.7095e-07 0 1.03655e-08 1.692e-06 3.1306e-07 
scan 550 300 7 3.59674e-06 1.39115e-06 8.48098e-07 8.05952e-08 9.80842e-08 0 4.21714e-09 1.07902e-06 1.88696e-07 
scan 550 300 8 4.14644e-06 1.55758e-06 9.051e-07 8.51516e-08 9.92484e-08 0 1.09815e-08 1.24393e-06 2.0555e-07 
scan 550 300 9 1.0316e-05 3.46793e-06 1.43119e-06 2.69722e-07 2.01802e-07 0 3.80662e-08 3.0948e-06 5.34326e-07 
scan 550 300 10 3.17994e-06 3.28401e-06 7.95369e-07 9.09136e-08 5.51545e-08 0 1.51516e-08 3.17994e-06 1.6884e-07 
scan 550 300 11 1.2253e-05 1.23781e-05 1.56976e-06 2.9421e-07 2.76198e-07 0 2.69937e-08 1.2253e-05 6.72309e-07 
scan 550 300 12 2.96613e-05 2.98184e-05 2.43112e-06 7.81876e-07 6.14446e-07 0 9.55762e-08 2.96613e-05 1.56058e-06 
scan 550 300 13 3.38849e-05 3.405e-05 2.6001e-06 8.36435e-07 7.28437e-07 0 1.03181e-07 3.38849e-05 1.79267e-06 
scan 550 300 14 0.000175444 0.00017588 5.91351e-06 4.28339e-06 3.84212e-06 0 5.06516e-07 0.000175444 9.21129e-06 
scan 550 300 15 1.21e-05 2.97121e-06 1.54992e-06 3.38927e-07 2.4104e-07 0 4.71064e-08 2.42e-06 6.27891e-07 
scan 550 300 16 2.76141e-05 6.2426e-06 2.34318e-06 7.1143e-07 5.8707e-07 0 1.18962e-07 5.52282e-06 1.45361e-06 
scan 550 300 17 3.80453e-05 8.44566e-06 2.74694e-06 1.05479e-06 8.72327e-07 0 1.96935e-07 7.60907e-06 1.9933e-06 
scan 550 300 18 3.39439e-05 7.58548e-06 2.59701e-06 8.86981e-07 8.51408e-07 0 1.50224e-07 6.78878e-06 1.78136e-06 
scan 550 300 19 8.56562e-05 1.84384e-05 4.12787e-06 2.20927e-06 2.05115e-06 0 3.37216e-07 1.71312e-05 4.50043e-06 
scan 550 300 20 1.79451e-06 8.12743e-07 5.98486e-07 4.43855e-08 4.09836e-08 0 3.98794e-09 5.38354e-07 9.42072e-08 
scan 550 300 21 4.96059e-06 1.81429e-06 9.92589e-07 1.32572e-07 8.54607e-08 0 1.91562e-08 1.48818e-06 2.57863e-07 
scan 550 300 22 5.36959e-06 1.94285e-06 1.03392e-06 1.44758e-07 8.46347e-08 0 2.56833e-08 1.61088e-06 2.86312e-07 
scan 550 300 23 3.78723e-06 1.45021e-06 8.69218e-07 9.77169e-08 8.944e-08 0 7.49521e-09 1.13617e-06 1.97714e-07 
scan 550 300 24 1.02899e-05 3.45822e-06 1.42751e-06 2.65064e-07 1.88039e-07 0 5.08183e-08 3.08698e-06 5.32813e-07 
scan 550 300 25 1.36002e-06 1.45603e-06 5.14062e-07 4.16078e-08 1.07474e-08 0 9.95182e-09 1.36002e-06 6.43854e-08 
scan 550 300 26 1.13702e-05 1.14919e-05 1.50681e-06 2.6132e-07 2.56305e-07 0 4.56589e-08 1.13702e-05 6.1167e-07 
scan 550 300 27 2.30223e-05 2.31648e-05 2.13846e-06 5.77457e-07 5.0347e-07 0 7.80745e-08 2.30223e-05 1.19101e-06 
scan 550 300 28 3.6276e-05 3.64466e-05 2.69042e-06 9.4351e-07 7.32549e-07 0 1.25063e-07 3.6276e-05 1.92919e-06 
scan 550 300 29 0.000175647 0.000176086 5.92065e-06 4.11611e-06 3.81392e-06 0 5.98309e-07 0.000175647 9.34884e-06 
scan 550 300 30 5.78017e-06 1.61715e-06 1.07379e-06 1.12558e-07 1.48914e-07 0 1.08954e-08 1.15603e-06 3.01269e-07 
scan 550 300 31 1.1337e-05 2.81078e-06 1.50241e-06 3.21429e-07 2.0283e-07 0 4.14414e-08 2.26741e-06 5.96608e-07 
scan 550 300 32 1.48628e-05 3.55273e-06 1.71693e-06 3.69286e-07 3.51124e-07 0 4.62052e-08 2.97256e-06 7.59035e-07 
scan 550 300 33 2.05957e-05 4.7607e-06 2.02037e-06 5.74635e-07 3.86547e-07 0 8.69579e-08 4.11914e-06 1.06205e-06 
scan 550 300 34 5.61833e-05 1.22597e-05 3.3473e-06 1.39288e-06 1.42278e-06 0 1.83534e-07 1.12367e-05 2.97239e-06 
scan 550 300 35 5.84472e-07 3.8175e-07 3.37459e-07 1.73596e-08 5.57735e-09 0 3.4839e-09 1.75342e-07 2.76697e-08 
scan 550 300 36 1.58248e-06 7.39971e-07 5.59593e-07 3.39422e-08 3.93219e-08 0 4.43603e-09 4.74744e-07 7.94597e-08 
scan 550 300 37 3.22297e-06 1.2752e-06 8.06208e-07 6.34838e-08 6.87302e-08 0 7.79466e-09 9.6689e-07 1.8019e-07 
scan 550 300 38 2.80445e-06 1.141e-06 7.49976e-07 5.58167e-08 7.44136e-08 0 5.93862e-09 8.41336e-07 1.51272e-07 
scan 550 300 39 1.34659e-05 4.44972e-06 1.6462e-06 3.55052e-07 2.74931e-07 0 4.65549e-08 4.03978e-06 7.5257e-07 
scan 550 300 40 9.78065e-07 1.07288e-06 4.3742e-07 2.45706e-08 1.917e-08 0 3.87645e-09 9.78065e-07 4.63029e-08 
scan 550 300 41 6.72223e-06 6.83165e-06 1.15322e-06 1.44873e-07 1.36038e-07 0 1.86677e-08 6.72223e-06 3.36678e-07 
scan 550 300 42 1.05193e-05 1.06372e-05 1.44552e-06 2.51952e-07 2.12098e-07 0 3.50966e-08 1.05193e-05 5.43927e-07 
scan 550 300 43 1.97892e-05 1.99274e-05 1.98991e-06 4.94664e-07 3.82881e-07 0 6.07017e-08 1.97892e-05 1.0655e-06 
scan 550 300 44 0.000109975 0.000110281 4.68299e-06 2.5908e-06 2.27471e-06 0 3.11484e-07 0.000109975 5.78591e-06 
scan 550 300 45 0 0 0 0 0 0 0 0 0 
scan 550 300 46 1.97189e-07 2.01427e-07 1.97189e-07 3.94378e-09 5.57735e-09 0 9.08647e-13 3.94378e-08 9.33519e-09 
scan 550 300 47 1.94351e-07 1.9858e-07 1.94351e-07 7.00743e-09 3.88703e-09 0 1.39933e-09 3.88703e-08 9.20085e-09 
scan 550 300 48 1.9719e-07 2.01428e-07 1.9719e-07 5.57738e-09 3.9438e-09 0 2.84072e-13 3.9438e-08 9.33525e-09 
scan 550 300 49 1.97189e-07 2.01474e-07 1.97189e-07 7.10974e-09 3.94377e-09 0 1.04352e-12 3.94377e-08 9.33518e-09 
scan 550 300 50 0 0 0 0 0 0 0 0 0 
scan 550 300 51 0 0 0 0 0 0 0 0 0 
scan 550 300 52 0 0 0 0 0 0 0 0 0 
scan 550 300 53 0 0 0 0 0 0 0 0 0 
scan 550 300 54 1.97191e-07 2.06198e-07 1.97191e-07 3.94381e-09 5.57739e-09 0 1.23678e-13 5.91572e-08 9.33526e-09 
scan 550 300 55 0 0 0 0 0 0 0 0 0 
scan 550 300 56 1.97125e-07 2.79016e-07 1.97125e-07 3.94249e-09 5.57552e-09 0 3.31169e-11 1.97125e-07 9.33214e-09 
scan 550 300 57 0 0 0 0 0 0 0 0 0 
scan 550 300 58 6.19347e-07 7.16751e-07 3.5776e-07 1.23869e-08 2.25594e-08 0 7.66839e-11 6.19347e-07 3.857e-08 
scan 550 300 59 1.59031e-06 1.69027e-06 5.62404e-07 4.54514e-08 5.64742e-08 0 5.91499e-10 1.59031e-06 7.99055e-08 
scan 550 300 75 3.94305e-07 2.90738e-07 2.78816e-07 1.14908e-08 9.51906e-09 0 3.82171e-11 7.8861e-08 1.86669e-08 
scan 550 300 76 0 0 0 0 0 0 0 0 0 
scan 550 300 77 1.9719e-07 2.01428e-07 1.9719e-07 3.94381e-09 5.57739e-09 0 1.61538e-13 3.94381e-08 9.33526e-09 
scan 550 300 78 0 0 0 0 0 0 0 0 0 
scan 550 300 79 0 0 0 0 0 0 0 0 0 
scan 550 300 80 0 0 0 0 0 0 0 0 0 
scan 550 300 81 0 0 0 0 0 0 0 0 0 
scan 550 300 82 0 0 0 0 0 0 0 0 0 
scan 550 300 83 1.97189e-07 2.06196e-07 1.97189e-07 3.94378e-09 5.57735e-09 0 9.08647e-13 5.91567e-08 9.33519e-09 
scan 550 300 84 0 0 0 0 0 0 0 0 0 
scan 550 300 85 0 0 0 0 0 0 0 0 0 
scan 550 300 86 0 0 0 0 0 0 0 0 0 
scan 550 300 87 4.08345e-07 5.00989e-07 2.88912e-07 8.1669e-09 1.15497e-08 0 3.34516e-13 4.08345e-07 2.39579e-08 
scan 550 300 88 1.9719e-07 2.79109e-07 1.9719e-07 3.94381e-09 5.57739e-09 0 1.61538e-13 1.9719e-07 9.33526e-09 
scan 550 300 89 1.3943e-06 1.49308e-06 5.27153e-07 2.78859e-08 3.94367e-08 0 1.56009e-12 1.3943e-06 7.06342e-08 
scan 550 300 90 1.12721e-06 5.23207e-07 4.60661e-07 1.43007e-08 2.36498e-08 5.02793e-08 5.00518e-08 2.25442e-07 7.0111e-08 
scan 550 300 91 7.22213e-07 3.9547e-07 3.61484e-07 1.49284e-08 1.46451e-08 3.10823e-08 4.09671e-08 1.44443e-07 4.21941e-08 
scan 550 300 92 1.77472e-07 1.81685e-07 1.77472e-07 0 9.55714e-09 3.54943e-09 8.87359e-09 3.54943e-08 8.40175e-09 
scan 550 300 93 1.73528e-07 1.77562e-07 1.73528e-07 3.47056e-09 3.47056e-09 3.47056e-09 1.04117e-08 3.47056e-08 8.21504e-09 
scan 550 300 94 5.41308e-07 3.33755e-07 3.132e-07 9.96783e-09 8.94415e-09 1.61503e-08 2.19252e-08 1.08262e-07 2.56263e-08 
scan 550 300 95 0 0 0 0 0 0 0 0 0 
scan 550 300 96 1.89303e-07 1.98176e-07 1.89303e-07 0 5.3543e-09 9.46516e-09 3.78606e-09 5.6791e-08 8.96186e-09 
scan 550 300 97 0 0 0 0 0 0 0 0 0 
scan 550 300 98 0 0 0 0 0 0 0 0 0 
scan 550 300 99 1.90039e-07 1.99178e-07 1.90039e-07 0 5.37512e-09 3.80078e-09 9.50196e-09 5.70118e-08 1.31604e-08 
scan 550 300 100 0 0 0 0 0 0 0 0 0 
scan 550 300 101 1.73528e-07 2.45966e-07 1.73528e-07 3.47056e-09 8.6764e-09 3.47056e-09 1.04117e-08 1.73528e-07 8.21504e-09 
scan 550 300 102 3.92449e-07 4.81334e-07 2.77503e-07 7.84898e-09 7.84898e-09 1.37357e-08 9.615e-10 3.92449e-07 1.85791e-08 
scan 550 300 103 6.98512e-07 7.83684e-07 3.49588e-07 1.45005e-08 1.43105e-08 1.39702e-08 4.51644e-08 6.98512e-07 3.71397e-08 
scan 550 300 104 3.5306e-06 3.63165e-06 8.11573e-07 6.20634e-08 7.28287e-08 1.15937e-07 1.07894e-07 3.5306e-06 1.75656e-07 
scan 550 300 120 0 0 0 0 0 0 0 0 0 
scan 550 300 121 0 0 0 0 0 0 0 0 0 
scan 550 300 122 0 0 0 0 0 0 0 0 0 
scan 550 300 123 0 0 0 0 0 0 0 0 0 
scan 550 300 124 0 0 0 0 0 0 0 0 0 
scan 550 300 125 0 0 0 0 0 0 0 0 0 
scan 550 300 126 0 0 0 0 0 0 0 0 0 
scan 550 300 127 0 0 0 0 0 0 0 0 0 
scan 550 300 128 0 0 0 0 0 0 0 0 0 
scan 550 300 129 3.92012e-07 3.02761e-07 2.77356e-07 0 1.10878e-08 1.39215e-08 7.84023e-09 1.17603e-07 2.29996e-08 
scan 550 300 130 0 0 0 0 0 0 0 0 0 
scan 550 300 131 0 0 0 0 0 0 0 0 0 
scan 550 300 132 1.73528e-07 2.45837e-07 1.73528e-07 4.90811e-09 0 3.47056e-09 1.04117e-08 1.73528e-07 8.21504e-09 
scan 550 300 133 1.73528e-07 2.45966e-07 1.73528e-07 4.90811e-09 0 8.6764e-09 1.04117e-08 1.73528e-07 8.21504e-09 
scan 550 300 134 3.85528e-07 4.72873e-07 2.72653e-07 3.92449e-09 9.27879e-09 1.35973e-08 4.26681e-09 3.85528e-07 1.82514e-08 
scan 550 300 135 3.65298e-07 2.71597e-07 2.58343e-07 7.30595e-09 1.82649e-08 7.30595e-09 2.46101e-08 7.30595e-08 2.52972e-08 
scan 550 300 136 8.90336e-07 4.42086e-07 3.98688e-07 1.9542e-08 2.30126e-08 1.78067e-08 4.21274e-08 1.78067e-07 4.21497e-08 
scan 550 300 137 1.96225e-07 2.00442e-07 1.96225e-07 3.92449e-09 3.92449e-09 3.92449e-09 4.8075e-10 3.92449e-08 9.28953e-09 
scan 550 300 138 1.96225e-07 2.00644e-07 1.96225e-07 3.92449e-09 3.92449e-09 9.81123e-09 4.8075e-10 3.92449e-08 9.28953e-09 
scan 550 300 139 3.47056e-07 2.56936e-07 2.45406e-07 8.6764e-09 1.2147e-08 6.94112e-09 2.08233e-08 6.94112e-08 1.64301e-08 
scan 550 300 140 0 0 0 0 0 0 0 0 0 
scan 550 300 141 0 0 0 0 0 0 0 0 0 
scan 550 300 142 4.06345e-07 3.13727e-07 2.87497e-07 8.12689e-09 8.12689e-09 1.44305e-08 9.95544e-10 1.21903e-07 2.38406e-08 
scan 550 300 143 0 0 0 0 0 0 0 0 0 
scan 550 300 144 2.1012e-07 2.20185e-07 2.1012e-07 4.2024e-09 4.2024e-09 1.0506e-08 5.14794e-10 6.3036e-08 1.4551e-08 
scan 550 300 145 0 0 0 0 0 0 0 0 0 
scan 550 300 146 3.47056e-07 4.26122e-07 2.45406e-07 1.04117e-08 6.94112e-09 6.94112e-09 2.08233e-08 3.47056e-07 1.64301e-08 
scan 550 300 147 5.32872e-07 6.17656e-07 3.07817e-07 1.42509e-08 1.58633e-08 2.14378e-08 3.19723e-08 5.32872e-07 2.9298e-08 
scan 550 300 148 7.75485e-07 8.69195e-07 3.88615e-07 1.55097e-08 1.55097e-08 2.76817e-08 1.21908e-08 7.75485e-07 4.13092e-08 
scan 550 300 149 2.97031e-06 3.06985e-06 7.43871e-07 6.28767e-08 6.4612e-08 1.05507e-07 8.78767e-08 2.97031e-06 1.4469e-07 
scan 550 300 165 0 0 0 0 0 0 0 0 0 
scan 550 300 166 0 0 0 0 0 0 0 0 0 
scan 550 300 167 0 0 0 0 0 0 0 0 0 
scan 550 300 168 0 0 0 0 0 0 0 0 0 
scan 550 300 169 0 0 0 0 0 0 0 0 0 
scan 550 300 170 0 0 0 0 0 0 0 0 0 
scan 550 300 171 0 0 0 0 0 0 0 0 0 
scan 550 300 172 0 0 0 0 0 0 0 0 0 
scan 550 300 173 0 0 0 0 0 0 0 0 0 
scan 550 300 174 2.1012e-07 2.20185e-07 2.1012e-07 4.2024e-09 4.2024e-09 1.0506e-08 5.14794e-10 6.3036e-08 1.4551e-08 
scan 550 300 175 0 0 0 0 0 0 0 0 0 
scan 550 300 176 0 0 0 0 0 0 0 0 0 
scan 550 300 177 0 0 0 0 0 0 0 0 0 
scan 550 300 178 1.96225e-07 2.77888e-07 1.96225e-07 3.92449e-09 3.92449e-09 9.81123e-09 4.8075e-10 1.96225e-07 9.28953e-09 
scan 550 300 179 1.96225e-07 2.77742e-07 1.96225e-07 3.92449e-09 3.92449e-09 3.92449e-09 4.8075e-10 1.96225e-07 9.28953e-09 
