xsec 550 400 0.00761444
scan 550 400 0 7.15169e-06 1.7264e-06 8.5511e-07 1.91584e-07 1.56938e-07 0 2.47121e-08 1.43034e-06 3.76096e-07 
scan 550 400 1 1.92269e-05 4.28297e-06 1.40275e-06 5.52497e-07 4.83565e-07 0 7.15981e-08 3.84537e-06 1.02228e-06 
scan 550 400 2 2.29276e-05 5.06165e-06 1.52898e-06 6.55973e-07 6.32491e-07 0 8.94836e-08 4.58552e-06 1.19047e-06 
scan 550 400 3 1.95003e-05 4.3388e-06 1.41149e-06 5.36873e-07 5.34819e-07 0 6.89655e-08 3.90006e-06 1.02148e-06 
scan 550 400 4 5.10083e-05 1.09516e-05 2.28425e-06 1.30678e-06 1.32105e-06 0 1.56631e-07 1.02017e-05 2.67731e-06 
scan 550 400 5 1.43414e-06 5.83543e-07 3.83403e-07 4.12571e-08 2.69418e-08 0 5.46437e-09 4.30241e-07 7.72015e-08 
scan 550 400 6 5.91954e-06 1.97428e-06 7.7756e-07 1.7579e-07 1.07555e-07 0 2.26751e-08 1.77586e-06 3.10681e-07 
scan 550 400 7 4.31609e-06 1.48256e-06 6.66276e-07 1.18396e-07 9.02596e-08 0 1.26265e-08 1.29483e-06 2.34837e-07 
scan 550 400 8 2.83666e-06 1.02052e-06 5.36213e-07 7.98225e-08 5.71188e-08 0 1.15563e-08 8.50998e-07 1.41348e-07 
scan 550 400 9 9.26737e-06 2.99853e-06 9.71703e-07 2.38517e-07 1.87934e-07 0 2.94781e-08 2.78021e-06 4.73663e-07 
scan 550 400 10 1.42935e-06 1.48224e-06 3.82143e-07 4.0045e-08 2.75477e-08 0 4.83985e-09 1.42935e-06 7.47031e-08 
scan 550 400 11 1.50593e-05 1.51409e-05 1.24255e-06 4.13952e-07 3.28607e-07 0 4.18971e-08 1.50593e-05 7.99736e-07 
scan 550 400 12 2.50327e-05 2.51332e-05 1.59982e-06 6.72713e-07 5.38829e-07 0 8.55027e-08 2.50327e-05 1.31606e-06 
scan 550 400 13 3.25462e-05 3.26628e-05 1.82575e-06 8.67278e-07 7.14255e-07 0 1.08836e-07 3.25462e-05 1.73019e-06 
scan 550 400 14 0.000113744 0.000114014 3.41058e-06 2.8697e-06 2.44837e-06 0 3.57857e-07 0.000113744 5.96563e-06 
scan 550 400 15 5.00666e-06 1.26943e-06 7.15469e-07 1.2547e-07 1.08812e-07 0 1.64477e-08 1.00133e-06 2.62739e-07 
scan 550 400 16 1.03774e-05 2.40643e-06 1.02792e-06 3.03795e-07 1.84826e-07 0 5.6251e-08 2.07549e-06 5.44992e-07 
scan 550 400 17 1.52333e-05 3.42435e-06 1.2442e-06 4.2305e-07 3.0363e-07 0 7.90614e-08 3.04666e-06 7.865e-07 
scan 550 400 18 1.50087e-05 3.37682e-06 1.23412e-06 4.18464e-07 2.90417e-07 0 8.96957e-08 3.00174e-06 7.75816e-07 
scan 550 400 19 3.90409e-05 8.41633e-06 1.99554e-06 9.9363e-07 8.55217e-07 0 1.56337e-07 7.80818e-06 2.03511e-06 
scan 550 400 20 9.12611e-07 4.1282e-07 3.04248e-07 2.18841e-08 1.82703e-08 0 3.40972e-09 2.73783e-07 4.55184e-08 
scan 550 400 21 3.25153e-06 1.14954e-06 5.75026e-07 8.25913e-08 6.29727e-08 0 1.60591e-08 9.7546e-07 1.68021e-07 
scan 550 400 22 2.04519e-06 7.75827e-07 4.57539e-07 5.23389e-08 3.90476e-08 0 7.38574e-09 6.13558e-07 1.08596e-07 
scan 550 400 23 2.54545e-06 9.3024e-07 5.09222e-07 6.42498e-08 4.29404e-08 0 8.01592e-09 7.63635e-07 1.29864e-07 
scan 550 400 24 7.72816e-06 2.52698e-06 8.8678e-07 1.88667e-07 1.74188e-07 0 3.17017e-08 2.31845e-06 3.96367e-07 
scan 550 400 25 1.01346e-06 1.06458e-06 3.20533e-07 2.5987e-08 1.59733e-08 0 3.73899e-09 1.01346e-06 5.03014e-08 
scan 550 400 26 5.91825e-06 5.98011e-06 7.77361e-07 1.45469e-07 1.2304e-07 0 2.03982e-08 5.91825e-06 3.08283e-07 
scan 550 400 27 1.5042e-05 1.51222e-05 1.2411e-06 3.83121e-07 2.8699e-07 0 5.63965e-08 1.5042e-05 8.03248e-07 
scan 550 400 28 1.66492e-05 1.67318e-05 1.30446e-06 3.99999e-07 3.55862e-07 0 5.87056e-08 1.66492e-05 8.74525e-07 
scan 550 400 29 8.24061e-05 8.2615e-05 2.90554e-06 1.96001e-06 1.65292e-06 0 2.93733e-07 8.24061e-05 4.40198e-06 
scan 550 400 30 3.48531e-06 9.43814e-07 5.97938e-07 8.82942e-08 6.26561e-08 0 1.29246e-08 6.97062e-07 1.88339e-07 
scan 550 400 31 8.64109e-06 2.03328e-06 9.37573e-07 1.97352e-07 1.81547e-07 0 3.49352e-08 1.72822e-06 4.41957e-07 
scan 550 400 32 1.18657e-05 2.71886e-06 1.1021e-06 2.77581e-07 2.77148e-07 0 3.52761e-08 2.37315e-06 6.25005e-07 
scan 550 400 33 1.57996e-05 3.55198e-06 1.27365e-06 4.05587e-07 3.43861e-07 0 4.80928e-08 3.15993e-06 8.50956e-07 
scan 550 400 34 4.64095e-05 9.96775e-06 2.17888e-06 1.1305e-06 1.08325e-06 0 1.54203e-07 9.2819e-06 2.44533e-06 
scan 550 400 35 1.12025e-06 4.81106e-07 3.37892e-07 2.26625e-08 2.19345e-08 0 4.11993e-09 3.36074e-07 5.77434e-08 
scan 550 400 36 1.31789e-06 5.43874e-07 3.65584e-07 2.93546e-08 2.76521e-08 0 3.77727e-09 3.95367e-07 6.47472e-08 
scan 550 400 37 2.34888e-06 8.70213e-07 4.89965e-07 5.69625e-08 4.72866e-08 0 7.78921e-09 7.04663e-07 1.22939e-07 
scan 550 400 38 3.05466e-06 1.08816e-06 5.57809e-07 7.22318e-08 7.01451e-08 0 4.20292e-09 9.16397e-07 1.51681e-07 
scan 550 400 39 1.19612e-05 3.82962e-06 1.10622e-06 2.90372e-07 2.7837e-07 0 4.41891e-08 3.58837e-06 6.34115e-07 
scan 550 400 40 9.19964e-07 9.71438e-07 3.06736e-07 1.85219e-08 2.4422e-08 0 2.78037e-09 9.19964e-07 4.82127e-08 
scan 550 400 41 6.01621e-06 6.07761e-06 7.83426e-07 1.25634e-07 1.33223e-07 0 1.61838e-08 6.01621e-06 3.08155e-07 
scan 550 400 42 1.22789e-05 1.23532e-05 1.12134e-06 2.91798e-07 2.3775e-07 0 4.36652e-08 1.22789e-05 6.53898e-07 
scan 550 400 43 1.32464e-05 1.33236e-05 1.16674e-06 2.91571e-07 3.07183e-07 0 3.5081e-08 1.32464e-05 7.13887e-07 
scan 550 400 44 9.69147e-05 9.71519e-05 3.1538e-06 2.33197e-06 1.92097e-06 0 2.6954e-07 9.69147e-05 5.18556e-06 
scan 550 400 45 1.07366e-07 1.09834e-07 1.07366e-07 3.22099e-09 3.03678e-09 0 9.66296e-11 2.14732e-08 7.43522e-09 
scan 550 400 46 4.04033e-07 2.19103e-07 2.02023e-07 1.23765e-08 1.19631e-08 0 9.67838e-10 8.08067e-08 1.91275e-08 
scan 550 400 47 1.0756e-07 1.10005e-07 1.0756e-07 3.04224e-09 2.15119e-09 0 1.5495e-13 2.15119e-08 7.44861e-09 
scan 550 400 48 3.09098e-07 1.90035e-07 1.78547e-07 7.81159e-09 7.90177e-09 0 7.20869e-10 6.18196e-08 1.69897e-08 
scan 550 400 49 1.015e-07 1.03785e-07 1.015e-07 2.03e-09 5.46593e-09 0 3.58091e-13 2.03e-08 4.80514e-09 
scan 550 400 50 0 0 0 0 0 0 0 0 0 
scan 550 400 51 2.02933e-07 1.56359e-07 1.43495e-07 5.07332e-09 5.73981e-09 0 3.40927e-11 6.08798e-08 9.60711e-09 
scan 550 400 52 0 0 0 0 0 0 0 0 0 
scan 550 400 53 0 0 0 0 0 0 0 0 0 
scan 550 400 54 0 0 0 0 0 0 0 0 0 
scan 550 400 55 0 0 0 0 0 0 0 0 0 
scan 550 400 56 1.01499e-07 1.43683e-07 1.01499e-07 3.6596e-09 2.02998e-09 0 7.01562e-13 1.01499e-07 4.8051e-09 
scan 550 400 57 0 0 0 0 0 0 0 0 0 
scan 550 400 58 1.01499e-07 1.43683e-07 1.01499e-07 3.65961e-09 2.02999e-09 0 5.37135e-13 1.01499e-07 4.80512e-09 
scan 550 400 59 1.0269e-06 1.07926e-06 3.24822e-07 2.61118e-08 3.54545e-08 0 1.13382e-10 1.0269e-06 5.33245e-08 
scan 550 400 75 0 0 0 0 0 0 0 0 0 
scan 550 400 76 4.06001e-07 2.19932e-07 2.03001e-07 8.12003e-09 1.14835e-08 0 3.13108e-13 8.12003e-08 1.92207e-08 
scan 550 400 77 1.0756e-07 1.10005e-07 1.0756e-07 2.15119e-09 3.04225e-09 0 8.81129e-14 2.15119e-08 7.44862e-09 
scan 550 400 78 0 0 0 0 0 0 0 0 0 
scan 550 400 79 9.92168e-08 1.01355e-07 9.92168e-08 1.98434e-09 2.80627e-09 0 1.11619e-09 1.98434e-08 4.69705e-09 
scan 550 400 80 0 0 0 0 0 0 0 0 0 
scan 550 400 81 0 0 0 0 0 0 0 0 0 
scan 550 400 82 1.015e-07 1.06137e-07 1.015e-07 2.03001e-09 2.87086e-09 0 8.31491e-14 3.04501e-08 4.80516e-09 
scan 550 400 83 0 0 0 0 0 0 0 0 0 
scan 550 400 84 0 0 0 0 0 0 0 0 0 
scan 550 400 85 0 0 0 0 0 0 0 0 0 
scan 550 400 86 0 0 0 0 0 0 0 0 0 
scan 550 400 87 5.07463e-07 5.56767e-07 2.26944e-07 1.01493e-08 1.69483e-08 0 2.00343e-11 5.07463e-07 2.4024e-08 
scan 550 400 88 2.0906e-07 2.56476e-07 1.4789e-07 4.1812e-09 5.91311e-09 0 1.50611e-13 2.0906e-07 1.22538e-08 
scan 550 400 89 9.13504e-07 9.64407e-07 3.04501e-07 1.82701e-08 2.58378e-08 0 5.37323e-13 9.13504e-07 4.32465e-08 
scan 550 400 90 3.81444e-07 2.0813e-07 1.91033e-07 5.82277e-09 5.67659e-09 1.32949e-08 1.62301e-08 7.62889e-08 2.23235e-08 
scan 550 400 91 2.82489e-07 1.74511e-07 1.63208e-07 2.67961e-09 9.69757e-09 1.12526e-08 1.25731e-08 5.64978e-08 1.54708e-08 
scan 550 400 92 5.8259e-07 2.6858e-07 2.38075e-07 9.3566e-09 1.37176e-08 1.7586e-08 1.7007e-08 1.16518e-07 3.17046e-08 
scan 550 400 93 2.76599e-07 1.70859e-07 1.60073e-07 7.13992e-09 3.80647e-09 1.12417e-08 1.20773e-08 5.53198e-08 1.30946e-08 
scan 550 400 94 2.73036e-07 1.68434e-07 1.57849e-07 4.89711e-09 4.54244e-09 8.38394e-09 1.37787e-08 5.46073e-08 1.29259e-08 
scan 550 400 95 0 0 0 0 0 0 0 0 0 
scan 550 400 96 8.93205e-08 9.36435e-08 8.93205e-08 2.52636e-09 0 4.46602e-09 5.35923e-09 2.67961e-08 4.22855e-09 
scan 550 400 97 0 0 0 0 0 0 0 0 0 
scan 550 400 98 0 0 0 0 0 0 0 0 0 
scan 550 400 99 0 0 0 0 0 0 0 0 0 
scan 550 400 100 0 0 0 0 0 0 0 0 0 
scan 550 400 101 9.74405e-08 1.38006e-07 9.74405e-08 0 2.75603e-09 4.87202e-09 1.94881e-09 9.74405e-08 4.61296e-09 
scan 550 400 102 9.46246e-07 9.95624e-07 2.9976e-07 1.87777e-08 1.61749e-08 3.62816e-08 3.84155e-08 9.46246e-07 5.12065e-08 
scan 550 400 103 5.4862e-07 5.94466e-07 2.24257e-07 7.31839e-09 1.74098e-08 1.94226e-08 2.65716e-08 5.4862e-07 2.59724e-08 
scan 550 400 104 2.4624e-06 2.51667e-06 4.83978e-07 4.17092e-08 5.72458e-08 7.22218e-08 9.41805e-08 2.4624e-06 1.29771e-07 
scan 550 400 120 9.74405e-08 9.95535e-08 9.74405e-08 0 2.75603e-09 1.94881e-09 1.94881e-09 1.94881e-08 4.61296e-09 
scan 550 400 121 3.07366e-07 1.89107e-07 1.77469e-07 2.01702e-09 7.85814e-09 6.14732e-09 4.45302e-09 6.14732e-08 1.90758e-08 
scan 550 400 122 0 0 0 0 0 0 0 0 0 
scan 550 400 123 0 0 0 0 0 0 0 0 0 
scan 550 400 124 0 0 0 0 0 0 0 0 0 
scan 550 400 125 0 0 0 0 0 0 0 0 0 
scan 550 400 126 0 0 0 0 0 0 0 0 0 
scan 550 400 127 1.92093e-07 1.48281e-07 1.35845e-07 2.67718e-09 2.75603e-09 3.84186e-09 7.62797e-09 5.76279e-08 1.11678e-08 
scan 550 400 128 0 0 0 0 0 0 0 0 0 
scan 550 400 129 0 0 0 0 0 0 0 0 0 
scan 550 400 130 0 0 0 0 0 0 0 0 0 
scan 550 400 131 2.04473e-07 2.50973e-07 1.44743e-07 2.14066e-09 4.89669e-09 7.01268e-09 2.21104e-09 2.04473e-07 1.20251e-08 
scan 550 400 132 5.02126e-07 5.51429e-07 2.24795e-07 2.02006e-09 1.33655e-08 1.31402e-08 1.10104e-08 5.02126e-07 3.05583e-08 
scan 550 400 133 9.46527e-08 1.3418e-07 9.46527e-08 2.67718e-09 0 1.89305e-09 5.67916e-09 9.46527e-08 6.55479e-09 
scan 550 400 134 7.2359e-07 7.75425e-07 2.73571e-07 1.03415e-08 1.61826e-08 2.39239e-08 5.39713e-09 7.2359e-07 4.34705e-08 
scan 550 400 135 1.80928e-07 1.34465e-07 1.28073e-07 3.61856e-09 3.61856e-09 9.0464e-09 1.21498e-08 3.61856e-08 1.06392e-08 
scan 550 400 136 4.81498e-07 2.38715e-07 2.15709e-07 1.05232e-08 9.62996e-09 1.80193e-08 1.15361e-08 9.62996e-08 2.27948e-08 
scan 550 400 137 1.90324e-07 1.408e-07 1.34832e-07 4.69968e-09 3.80647e-09 6.83657e-09 5.60669e-09 3.80647e-08 9.01017e-09 
scan 550 400 138 9.46527e-08 9.70915e-08 9.46527e-08 2.83958e-09 1.89305e-09 4.73263e-09 5.67916e-09 1.89305e-08 6.55479e-09 
scan 550 400 139 4.16072e-07 2.2606e-07 2.08123e-07 8.32144e-09 8.32144e-09 1.13515e-08 1.01938e-09 8.32144e-08 2.43875e-08 
scan 550 400 140 0 0 0 0 0 0 0 0 0 
scan 550 400 141 0 0 0 0 0 0 0 0 0 
scan 550 400 142 2.85512e-07 1.87642e-07 1.65462e-07 7.49666e-09 5.71025e-09 5.71025e-09 1.10604e-08 8.56537e-08 1.58581e-08 
scan 550 400 143 0 0 0 0 0 0 0 0 0 
scan 550 400 144 0 0 0 0 0 0 0 0 0 
scan 550 400 145 0 0 0 0 0 0 0 0 0 
scan 550 400 146 0 0 0 0 0 0 0 0 0 
scan 550 400 147 4.87528e-07 5.35455e-07 2.18597e-07 1.06438e-08 9.75056e-09 1.59871e-08 1.15509e-08 4.87528e-07 2.54253e-08 
scan 550 400 148 3.9233e-07 4.39567e-07 1.96426e-07 8.7398e-09 7.8466e-09 1.39068e-08 6.1016e-09 3.9233e-07 1.85734e-08 
scan 550 400 149 1.4062e-06 1.45662e-06 3.6386e-07 3.17179e-08 3.34833e-08 3.98894e-08 5.64173e-08 1.4062e-06 7.09197e-08 
scan 550 400 165 0 0 0 0 0 0 0 0 0 
scan 550 400 166 1.00851e-07 1.03019e-07 1.00851e-07 2.01702e-09 2.01702e-09 2.01702e-09 3.22723e-10 2.01702e-08 4.77442e-09 
scan 550 400 167 0 0 0 0 0 0 0 0 0 
scan 550 400 168 0 0 0 0 0 0 0 0 0 
scan 550 400 169 2.08036e-07 1.53701e-07 1.47165e-07 4.16072e-09 4.16072e-09 7.19081e-09 5.09688e-10 4.16072e-08 1.21938e-08 
scan 550 400 170 0 0 0 0 0 0 0 0 0 
scan 550 400 171 0 0 0 0 0 0 0 0 0 
scan 550 400 172 0 0 0 0 0 0 0 0 0 
scan 550 400 173 0 0 0 0 0 0 0 0 0 
scan 550 400 174 0 0 0 0 0 0 0 0 0 
scan 550 400 175 0 0 0 0 0 0 0 0 0 
scan 550 400 176 0 0 0 0 0 0 0 0 0 
scan 550 400 177 1.01003e-07 1.42963e-07 1.01003e-07 2.02006e-09 2.02006e-09 2.02006e-09 2.47458e-10 1.01003e-07 4.78162e-09 
scan 550 400 178 2.01854e-07 2.47677e-07 1.42732e-07 4.03708e-09 4.03708e-09 1.00927e-08 5.70181e-10 2.01854e-07 9.55604e-09 
scan 550 400 179 2.99462e-07 3.46821e-07 1.73252e-07 5.98924e-09 8.73201e-09 9.01933e-09 7.36663e-09 2.99462e-07 1.85251e-08 
