xsec 550 500 0.00761444
scan 550 500 0 0 0 0 0 0 0 0 0 0 
scan 550 500 1 5.78591e-06 2.6619e-06 2.36605e-06 1.39914e-07 1.63361e-07 0 3.77002e-09 1.15718e-06 3.19629e-07 
scan 550 500 2 0 0 0 0 0 0 0 0 0 
scan 550 500 3 0 0 0 0 0 0 0 0 0 
scan 550 500 4 0 0 0 0 0 0 0 0 0 
scan 550 500 5 0 0 0 0 0 0 0 0 0 
scan 550 500 6 0 0 0 0 0 0 0 0 0 
scan 550 500 7 0 0 0 0 0 0 0 0 0 
scan 550 500 8 0 0 0 0 0 0 0 0 0 
scan 550 500 9 0 0 0 0 0 0 0 0 0 
scan 550 500 10 0 0 0 0 0 0 0 0 0 
scan 550 500 11 0 0 0 0 0 0 0 0 0 
scan 550 500 12 9.2556e-07 1.31023e-06 9.2556e-07 3.33715e-08 1.85112e-08 0 4.89806e-12 9.2556e-07 4.38172e-08 
scan 550 500 13 0 0 0 0 0 0 0 0 0 
scan 550 500 14 1.82115e-06 2.23305e-06 1.28775e-06 6.30865e-08 0 0 1.47483e-08 1.82115e-06 8.62157e-08 
scan 550 500 15 9.24089e-07 9.43947e-07 9.24089e-07 0 3.20114e-08 0 7.39271e-10 1.84818e-07 4.37476e-08 
scan 550 500 16 9.21867e-07 9.4168e-07 9.21867e-07 0 3.19344e-08 0 1.84373e-09 1.84373e-07 4.36424e-08 
scan 550 500 17 0 0 0 0 0 0 0 0 0 
scan 550 500 18 0 0 0 0 0 0 0 0 0 
scan 550 500 19 0 0 0 0 0 0 0 0 0 
scan 550 500 20 0 0 0 0 0 0 0 0 0 
scan 550 500 21 0 0 0 0 0 0 0 0 0 
scan 550 500 22 0 0 0 0 0 0 0 0 0 
scan 550 500 23 0 0 0 0 0 0 0 0 0 
scan 550 500 24 0 0 0 0 0 0 0 0 0 
scan 550 500 25 0 0 0 0 0 0 0 0 0 
scan 550 500 26 0 0 0 0 0 0 0 0 0 
scan 550 500 27 0 0 0 0 0 0 0 0 0 
scan 550 500 28 0 0 0 0 0 0 0 0 0 
scan 550 500 29 0 0 0 0 0 0 0 0 0 
scan 550 500 30 1.04393e-06 1.06766e-06 1.04393e-06 0 3.61626e-08 0 8.35141e-10 2.08785e-07 7.22929e-08 
scan 550 500 31 0 0 0 0 0 0 0 0 0 
scan 550 500 32 0 0 0 0 0 0 0 0 0 
scan 550 500 33 0 0 0 0 0 0 0 0 0 
scan 550 500 34 0 0 0 0 0 0 0 0 0 
scan 550 500 35 0 0 0 0 0 0 0 0 0 
scan 550 500 36 0 0 0 0 0 0 0 0 0 
scan 550 500 37 0 0 0 0 0 0 0 0 0 
scan 550 500 38 0 0 0 0 0 0 0 0 0 
scan 550 500 39 0 0 0 0 0 0 0 0 0 
scan 550 500 40 0 0 0 0 0 0 0 0 0 
scan 550 500 41 0 0 0 0 0 0 0 0 0 
scan 550 500 42 0 0 0 0 0 0 0 0 0 
scan 550 500 43 0 0 0 0 0 0 0 0 0 
scan 550 500 44 0 0 0 0 0 0 0 0 0 
scan 550 500 45 0 0 0 0 0 0 0 0 0 
scan 550 500 46 0 0 0 0 0 0 0 0 0 
scan 550 500 47 0 0 0 0 0 0 0 0 0 
scan 550 500 48 0 0 0 0 0 0 0 0 0 
scan 550 500 49 0 0 0 0 0 0 0 0 0 
scan 550 500 50 0 0 0 0 0 0 0 0 0 
scan 550 500 51 0 0 0 0 0 0 0 0 0 
scan 550 500 52 0 0 0 0 0 0 0 0 0 
scan 550 500 53 0 0 0 0 0 0 0 0 0 
scan 550 500 54 0 0 0 0 0 0 0 0 0 
scan 550 500 55 0 0 0 0 0 0 0 0 0 
scan 550 500 56 0 0 0 0 0 0 0 0 0 
scan 550 500 57 0 0 0 0 0 0 0 0 0 
scan 550 500 58 0 0 0 0 0 0 0 0 0 
scan 550 500 59 0 0 0 0 0 0 0 0 0 
scan 550 500 75 0 0 0 0 0 0 0 0 0 
scan 550 500 76 0 0 0 0 0 0 0 0 0 
scan 550 500 77 0 0 0 0 0 0 0 0 0 
scan 550 500 78 0 0 0 0 0 0 0 0 0 
scan 550 500 79 0 0 0 0 0 0 0 0 0 
scan 550 500 80 0 0 0 0 0 0 0 0 0 
scan 550 500 81 0 0 0 0 0 0 0 0 0 
scan 550 500 82 0 0 0 0 0 0 0 0 0 
scan 550 500 83 0 0 0 0 0 0 0 0 0 
scan 550 500 84 0 0 0 0 0 0 0 0 0 
scan 550 500 85 0 0 0 0 0 0 0 0 0 
scan 550 500 86 0 0 0 0 0 0 0 0 0 
scan 550 500 87 0 0 0 0 0 0 0 0 0 
scan 550 500 88 0 0 0 0 0 0 0 0 0 
scan 550 500 89 0 0 0 0 0 0 0 0 0 
scan 550 500 90 8.14501e-07 8.33439e-07 8.14501e-07 2.30376e-08 0 1.629e-08 4.88701e-08 1.629e-07 3.85596e-08 
scan 550 500 91 2.07938e-06 1.53945e-06 1.47035e-06 4.15876e-08 4.15876e-08 1.03969e-07 5.87367e-09 4.15876e-07 1.43999e-07 
scan 550 500 92 0 0 0 0 0 0 0 0 0 
scan 550 500 93 1.00377e-06 1.0268e-06 1.00377e-06 0 2.8391e-08 2.00755e-08 2.00755e-08 2.00755e-07 6.95124e-08 
scan 550 500 94 0 0 0 0 0 0 0 0 0 
scan 550 500 95 0 0 0 0 0 0 0 0 0 
scan 550 500 96 0 0 0 0 0 0 0 0 0 
scan 550 500 97 0 0 0 0 0 0 0 0 0 
scan 550 500 98 0 0 0 0 0 0 0 0 0 
scan 550 500 99 0 0 0 0 0 0 0 0 0 
scan 550 500 100 0 0 0 0 0 0 0 0 0 
scan 550 500 101 0 0 0 0 0 0 0 0 0 
scan 550 500 102 0 0 0 0 0 0 0 0 0 
scan 550 500 103 0 0 0 0 0 0 0 0 0 
scan 550 500 104 0 0 0 0 0 0 0 0 0 
scan 550 500 120 0 0 0 0 0 0 0 0 0 
scan 550 500 121 1.04048e-06 1.06414e-06 1.04048e-06 2.08095e-08 2.08095e-08 2.08095e-08 2.54916e-09 2.08095e-07 7.2054e-08 
scan 550 500 122 0 0 0 0 0 0 0 0 0 
scan 550 500 123 0 0 0 0 0 0 0 0 0 
scan 550 500 124 0 0 0 0 0 0 0 0 0 
scan 550 500 125 0 0 0 0 0 0 0 0 0 
scan 550 500 126 0 0 0 0 0 0 0 0 0 
scan 550 500 127 0 0 0 0 0 0 0 0 0 
scan 550 500 128 0 0 0 0 0 0 0 0 0 
scan 550 500 129 0 0 0 0 0 0 0 0 0 
scan 550 500 130 0 0 0 0 0 0 0 0 0 
scan 550 500 131 0 0 0 0 0 0 0 0 0 
scan 550 500 132 0 0 0 0 0 0 0 0 0 
scan 550 500 133 0 0 0 0 0 0 0 0 0 
scan 550 500 134 0 0 0 0 0 0 0 0 0 
scan 550 500 135 0 0 0 0 0 0 0 0 0 
scan 550 500 136 0 0 0 0 0 0 0 0 0 
scan 550 500 137 9.21034e-07 9.41776e-07 9.21034e-07 1.84207e-08 1.84207e-08 4.60517e-08 2.25653e-09 1.84207e-07 4.3603e-08 
scan 550 500 138 0 0 0 0 0 0 0 0 0 
scan 550 500 139 0 0 0 0 0 0 0 0 0 
scan 550 500 140 0 0 0 0 0 0 0 0 0 
scan 550 500 141 0 0 0 0 0 0 0 0 0 
scan 550 500 142 0 0 0 0 0 0 0 0 0 
scan 550 500 143 0 0 0 0 0 0 0 0 0 
scan 550 500 144 0 0 0 0 0 0 0 0 0 
scan 550 500 145 0 0 0 0 0 0 0 0 0 
scan 550 500 146 0 0 0 0 0 0 0 0 0 
scan 550 500 147 0 0 0 0 0 0 0 0 0 
scan 550 500 148 0 0 0 0 0 0 0 0 0 
scan 550 500 149 0 0 0 0 0 0 0 0 0 
scan 550 500 165 0 0 0 0 0 0 0 0 0 
scan 550 500 166 0 0 0 0 0 0 0 0 0 
scan 550 500 167 0 0 0 0 0 0 0 0 0 
scan 550 500 168 0 0 0 0 0 0 0 0 0 
scan 550 500 169 0 0 0 0 0 0 0 0 0 
scan 550 500 170 0 0 0 0 0 0 0 0 0 
scan 550 500 171 0 0 0 0 0 0 0 0 0 
scan 550 500 172 0 0 0 0 0 0 0 0 0 
scan 550 500 173 0 0 0 0 0 0 0 0 0 
scan 550 500 174 0 0 0 0 0 0 0 0 0 
scan 550 500 175 0 0 0 0 0 0 0 0 0 
scan 550 500 176 0 0 0 0 0 0 0 0 0 
scan 550 500 177 0 0 0 0 0 0 0 0 0 
scan 550 500 178 0 0 0 0 0 0 0 0 0 
scan 550 500 179 0 0 0 0 0 0 0 0 0 
