xsec 550 0 0.00761444
scan 550 0 0 5.84965e-06 1.58609e-06 1.00413e-06 1.56323e-07 1.24255e-07 0 2.65585e-08 1.16993e-06 3.13183e-07 
scan 550 0 1 1.3477e-05 3.21413e-06 1.52718e-06 3.40272e-07 2.96194e-07 0 4.33749e-08 2.69541e-06 7.26463e-07 
scan 550 0 2 1.25704e-05 3.02067e-06 1.47238e-06 3.27374e-07 2.85231e-07 0 4.22862e-08 2.51408e-06 6.6756e-07 
scan 550 0 3 1.63603e-05 3.82047e-06 1.67995e-06 4.31305e-07 3.33359e-07 0 6.57638e-08 3.27207e-06 8.75129e-07 
scan 550 0 4 6.25995e-05 1.35226e-05 3.28806e-06 1.52541e-06 1.36235e-06 0 1.7617e-07 1.25199e-05 3.32978e-06 
scan 550 0 5 1.24643e-06 6.07997e-07 4.71502e-07 1.95339e-08 3.86243e-08 0 8.862e-10 3.73928e-07 7.5167e-08 
scan 550 0 6 4.89073e-06 1.76472e-06 9.25283e-07 1.18469e-07 1.1218e-07 0 2.01976e-08 1.46722e-06 2.79897e-07 
scan 550 0 7 3.11029e-06 1.20383e-06 7.33653e-07 7.26585e-08 8.32891e-08 0 9.34234e-09 9.33088e-07 1.67332e-07 
scan 550 0 8 3.81173e-06 1.42387e-06 8.13324e-07 7.2059e-08 1.05565e-07 0 5.5686e-09 1.14352e-06 2.04716e-07 
scan 550 0 9 2.19904e-05 7.00911e-06 1.945e-06 5.27749e-07 4.77278e-07 0 5.76038e-08 6.59711e-06 1.14589e-06 
scan 550 0 10 1.74611e-06 1.83484e-06 5.52586e-07 4.15648e-08 2.98231e-08 0 5.41079e-09 1.74611e-06 9.86867e-08 
scan 550 0 11 7.67137e-06 7.76969e-06 1.14417e-06 1.93781e-07 1.44229e-07 0 2.60569e-08 7.67137e-06 3.87347e-07 
scan 550 0 12 2.06566e-05 2.07811e-05 1.88705e-06 5.01164e-07 3.82947e-07 0 6.85569e-08 2.06566e-05 1.09448e-06 
scan 550 0 13 2.47225e-05 2.48561e-05 2.06911e-06 5.51743e-07 4.78236e-07 0 9.22926e-08 2.47225e-05 1.34316e-06 
scan 550 0 14 0.000145595 0.000145953 5.01234e-06 3.2523e-06 2.92252e-06 0 4.65224e-07 0.000145595 7.74103e-06 
scan 550 0 15 5.30966e-06 1.46442e-06 9.54354e-07 1.46373e-07 7.59469e-08 0 2.70691e-08 1.06193e-06 2.79456e-07 
scan 550 0 16 1.03092e-05 2.53686e-06 1.33173e-06 2.20025e-07 2.64114e-07 0 3.24308e-08 2.06184e-06 5.40154e-07 
scan 550 0 17 1.69775e-05 3.93927e-06 1.70754e-06 4.21318e-07 3.06521e-07 0 7.36868e-08 3.3955e-06 8.92117e-07 
scan 550 0 18 2.11377e-05 4.81925e-06 1.90724e-06 5.26731e-07 4.16966e-07 0 8.95499e-08 4.22753e-06 1.12082e-06 
scan 550 0 19 7.13646e-05 1.53581e-05 3.51015e-06 1.74401e-06 1.49125e-06 0 2.39329e-07 1.42729e-05 3.80915e-06 
scan 550 0 20 1.67635e-06 7.36913e-07 5.30134e-07 4.83472e-08 1.88546e-08 0 9.75645e-09 5.02904e-07 7.93604e-08 
scan 550 0 21 3.06639e-06 1.1839e-06 7.23083e-07 7.11971e-08 6.2505e-08 0 8.48909e-09 9.19916e-07 1.53243e-07 
scan 550 0 22 3.25578e-06 1.24585e-06 7.47437e-07 8.77331e-08 5.10949e-08 0 1.36934e-08 9.76735e-07 1.70186e-07 
scan 550 0 23 6.77172e-06 2.32907e-06 1.07098e-06 1.5547e-07 1.33504e-07 0 2.14493e-08 2.03152e-06 3.28681e-07 
scan 550 0 24 2.49498e-05 7.91789e-06 2.07354e-06 6.28415e-07 4.55557e-07 0 9.49621e-08 7.48493e-06 1.32582e-06 
scan 550 0 25 7.03732e-07 7.88402e-07 3.52301e-07 1.52794e-08 1.63459e-08 0 2.55619e-09 7.03732e-07 4.14083e-08 
scan 550 0 26 9.80247e-06 9.90661e-06 1.2994e-06 2.64008e-07 1.31816e-07 0 4.64001e-08 9.80247e-06 5.24272e-07 
scan 550 0 27 1.54818e-05 1.55958e-05 1.6331e-06 3.45798e-07 2.84801e-07 0 5.85201e-08 1.54818e-05 8.21236e-07 
scan 550 0 28 2.13502e-05 2.14722e-05 1.91064e-06 4.44541e-07 4.25102e-07 0 7.72281e-08 2.13502e-05 1.09099e-06 
scan 550 0 29 0.00014796 0.000148318 5.04906e-06 3.22255e-06 2.98465e-06 0 4.64233e-07 0.00014796 7.80568e-06 
scan 550 0 30 1.21905e-05 2.9296e-06 1.44768e-06 2.75491e-07 2.53366e-07 0 3.23213e-08 2.4381e-06 6.33502e-07 
scan 550 0 31 2.45893e-05 5.53829e-06 2.05764e-06 5.35992e-07 5.67463e-07 0 5.32429e-08 4.91785e-06 1.28114e-06 
scan 550 0 32 3.93676e-05 8.63992e-06 2.60322e-06 9.20776e-07 9.07786e-07 0 8.65144e-08 7.87352e-06 2.0493e-06 
scan 550 0 33 4.51592e-05 9.86169e-06 2.79207e-06 1.08652e-06 9.83448e-07 0 1.18334e-07 9.03184e-06 2.39197e-06 
scan 550 0 34 0.000149626 3.17276e-05 5.07341e-06 3.77361e-06 3.13754e-06 0 4.34554e-07 2.99253e-05 7.81678e-06 
scan 550 0 35 3.25499e-06 1.24476e-06 7.47065e-07 6.38996e-08 7.78616e-08 0 6.65021e-09 9.76498e-07 1.66099e-07 
scan 550 0 36 3.44682e-06 1.30699e-06 7.71316e-07 8.46855e-08 5.61664e-08 0 1.06503e-08 1.03405e-06 1.83294e-07 
scan 550 0 37 6.12934e-06 2.13509e-06 1.02193e-06 1.46428e-07 1.41782e-07 0 1.11445e-08 1.8388e-06 3.0232e-07 
scan 550 0 38 1.13493e-05 3.74561e-06 1.39801e-06 2.70501e-07 2.46638e-07 0 2.13769e-08 3.4048e-06 5.89931e-07 
scan 550 0 39 5.35659e-05 1.66894e-05 3.03967e-06 1.3156e-06 1.16971e-06 0 1.23685e-07 1.60698e-05 2.81837e-06 
scan 550 0 40 1.90071e-06 1.98871e-06 5.73443e-07 4.13799e-08 3.62412e-08 0 5.315e-09 1.90071e-06 1.01985e-07 
scan 550 0 41 1.82777e-05 1.83977e-05 1.77668e-06 4.26057e-07 3.20246e-07 0 6.31559e-08 1.82777e-05 9.77927e-07 
scan 550 0 42 3.13177e-05 3.14643e-05 2.32974e-06 7.23087e-07 6.30503e-07 0 7.87675e-08 3.13177e-05 1.68828e-06 
scan 550 0 43 4.07134e-05 4.08755e-05 2.65216e-06 9.1486e-07 8.31041e-07 0 9.10734e-08 4.07134e-05 2.15724e-06 
scan 550 0 44 0.000330061 0.00033076 7.54381e-06 7.67865e-06 6.52159e-06 0 8.85269e-07 0.000330061 1.73971e-05 
scan 550 0 45 5.0637e-07 3.10955e-07 2.92359e-07 1.59124e-08 1.15321e-08 0 1.23652e-09 1.01274e-07 2.39722e-08 
scan 550 0 46 1.04511e-06 4.81299e-07 4.27068e-07 2.6532e-08 3.93768e-08 0 1.50979e-09 2.09022e-07 5.75761e-08 
scan 550 0 47 3.36134e-07 2.47799e-07 2.37692e-07 8.10261e-09 8.12736e-09 0 1.53171e-09 6.72267e-08 1.5913e-08 
scan 550 0 48 1.69624e-07 1.73269e-07 1.69624e-07 4.7977e-09 3.39249e-09 0 8.97652e-13 3.39249e-08 8.03024e-09 
scan 550 0 49 3.3925e-07 2.50572e-07 2.39886e-07 6.78499e-09 1.82692e-08 0 1.19687e-12 6.78499e-08 1.60605e-08 
scan 550 0 50 0 0 0 0 0 0 0 0 0 
scan 550 0 51 0 0 0 0 0 0 0 0 0 
scan 550 0 52 1.69455e-07 1.77365e-07 1.69455e-07 4.79291e-09 8.47275e-09 0 8.54054e-11 5.08365e-08 8.02223e-09 
scan 550 0 53 0 0 0 0 0 0 0 0 0 
scan 550 0 54 5.06377e-07 3.3092e-07 2.92364e-07 1.45075e-08 1.29375e-08 0 1.23281e-09 1.51913e-07 2.39726e-08 
scan 550 0 55 0 0 0 0 0 0 0 0 0 
scan 550 0 56 0 0 0 0 0 0 0 0 0 
scan 550 0 57 6.93579e-07 7.76864e-07 3.47038e-07 1.96959e-08 1.68069e-08 0 6.54846e-11 6.93579e-07 3.6883e-08 
scan 550 0 58 1.06289e-06 1.15081e-06 4.34323e-07 2.9637e-08 3.49395e-08 0 2.42713e-10 1.06289e-06 6.24632e-08 
scan 550 0 59 2.21958e-06 2.30782e-06 6.15776e-07 6.21929e-08 6.73237e-08 0 3.817e-10 2.21958e-06 1.09127e-07 
scan 550 0 75 0 0 0 0 0 0 0 0 0 
scan 550 0 76 0 0 0 0 0 0 0 0 0 
scan 550 0 77 3.39248e-07 2.50127e-07 2.39885e-07 9.50834e-09 8.19019e-09 0 2.00904e-12 6.78496e-08 1.60605e-08 
scan 550 0 78 1.84831e-07 1.89034e-07 1.84831e-07 3.69663e-09 5.22782e-09 0 1.51414e-13 3.69663e-08 1.27998e-08 
scan 550 0 79 0 0 0 0 0 0 0 0 0 
scan 550 0 80 0 0 0 0 0 0 0 0 0 
scan 550 0 81 0 0 0 0 0 0 0 0 0 
scan 550 0 82 0 0 0 0 0 0 0 0 0 
scan 550 0 83 0 0 0 0 0 0 0 0 0 
scan 550 0 84 0 0 0 0 0 0 0 0 0 
scan 550 0 85 0 0 0 0 0 0 0 0 0 
scan 550 0 86 0 0 0 0 0 0 0 0 0 
scan 550 0 87 1.69626e-07 2.40093e-07 1.69626e-07 3.39252e-09 4.79774e-09 0 1.38957e-13 1.69626e-07 8.03031e-09 
scan 550 0 88 1.69569e-07 2.40043e-07 1.69569e-07 5.08707e-09 4.79614e-09 0 2.84876e-11 1.69569e-07 8.02763e-09 
scan 550 0 89 2.23542e-06 2.32403e-06 6.2031e-07 4.91274e-08 6.18221e-08 0 6.3995e-11 2.23542e-06 1.13927e-07 
scan 550 0 90 3.12977e-07 2.31664e-07 2.21991e-07 8.57446e-09 3.3759e-09 6.25954e-09 1.12272e-08 6.25954e-08 1.48168e-08 
scan 550 0 91 2.16711e-06 7.45245e-07 5.81048e-07 5.25511e-08 2.70325e-08 6.1586e-08 1.02562e-07 4.33422e-07 1.10066e-07 
scan 550 0 92 9.58097e-07 4.4303e-07 3.92592e-07 2.30857e-08 1.32929e-08 1.91619e-08 3.93495e-08 1.91619e-07 5.2951e-08 
scan 550 0 93 9.40506e-07 4.36496e-07 3.84488e-07 2.63523e-08 3.3759e-09 2.87535e-08 5.26308e-08 1.88101e-07 5.48918e-08 
scan 550 0 94 7.63317e-07 3.793e-07 3.41568e-07 1.29222e-08 1.19092e-08 2.92096e-08 3.77588e-08 1.52663e-07 3.61365e-08 
scan 550 0 95 0 0 0 0 0 0 0 0 0 
scan 550 0 96 4.80907e-07 3.15195e-07 2.78012e-07 7.85403e-09 1.09672e-08 1.95672e-08 1.26266e-08 1.44272e-07 2.27668e-08 
scan 550 0 97 1.62652e-07 1.70559e-07 1.62652e-07 3.25304e-09 3.25304e-09 3.25304e-09 9.75912e-09 4.87956e-08 1.12638e-08 
scan 550 0 98 1.62652e-07 1.70559e-07 1.62652e-07 4.60049e-09 0 3.25304e-09 9.75912e-09 4.87956e-08 1.12638e-08 
scan 550 0 99 0 0 0 0 0 0 0 0 0 
scan 550 0 100 0 0 0 0 0 0 0 0 0 
scan 550 0 101 3.3659e-07 4.13539e-07 2.39029e-07 3.67852e-09 7.9965e-09 6.73179e-09 8.08379e-09 3.3659e-07 1.99644e-08 
scan 550 0 102 1.26407e-06 1.34542e-06 4.48209e-07 2.73187e-08 1.77759e-08 3.97554e-08 6.09081e-08 1.26407e-06 7.09996e-08 
scan 550 0 103 2.18274e-06 2.26617e-06 5.84336e-07 4.35361e-08 3.81906e-08 6.78525e-08 9.77287e-08 2.18274e-06 1.10461e-07 
scan 550 0 104 7.39709e-06 7.49871e-06 1.09359e-06 1.45012e-07 1.20722e-07 2.44929e-07 2.57455e-07 7.39709e-06 3.94816e-07 
scan 550 0 120 1.62841e-07 1.66372e-07 1.62841e-07 0 4.60584e-09 3.25682e-09 3.25682e-09 3.25682e-08 7.70911e-09 
scan 550 0 121 0 0 0 0 0 0 0 0 0 
scan 550 0 122 0 0 0 0 0 0 0 0 0 
scan 550 0 123 3.23456e-07 2.39999e-07 2.28811e-07 5.66457e-09 8.95814e-09 6.46911e-09 2.01005e-08 6.46911e-08 2.23996e-08 
scan 550 0 124 1.68795e-07 1.72423e-07 1.68795e-07 3.3759e-09 3.3759e-09 3.3759e-09 4.13547e-10 3.3759e-08 7.99098e-09 
scan 550 0 125 0 0 0 0 0 0 0 0 0 
scan 550 0 126 0 0 0 0 0 0 0 0 0 
scan 550 0 127 0 0 0 0 0 0 0 0 0 
scan 550 0 128 0 0 0 0 0 0 0 0 0 
scan 550 0 129 0 0 0 0 0 0 0 0 0 
scan 550 0 130 0 0 0 0 0 0 0 0 0 
scan 550 0 131 1.49271e-07 2.11472e-07 1.49271e-07 4.22202e-09 0 2.98542e-09 8.95626e-09 1.49271e-07 7.06669e-09 
scan 550 0 132 3.40279e-07 4.17585e-07 2.40835e-07 0 9.62456e-09 6.80559e-09 6.80559e-09 3.40279e-07 1.99969e-08 
scan 550 0 133 3.37335e-07 4.13738e-07 2.38532e-07 6.74671e-09 6.74671e-09 1.18029e-08 9.52877e-10 3.37335e-07 1.59699e-08 
scan 550 0 134 2.00976e-06 2.09661e-06 5.81e-07 2.50776e-08 4.8237e-08 6.01402e-08 3.29822e-08 2.00976e-06 1.06849e-07 
scan 550 0 135 1.17077e-06 5.0871e-07 4.43224e-07 2.49082e-08 2.34155e-08 4.39405e-08 2.0946e-08 2.34155e-07 6.30194e-08 
scan 550 0 136 1.14789e-06 4.9983e-07 4.35765e-07 2.29578e-08 2.74359e-08 3.35311e-08 3.05916e-08 2.29578e-07 6.2396e-08 
scan 550 0 137 6.16608e-07 3.36063e-07 3.08767e-07 1.38249e-08 1.23322e-08 2.12884e-08 2.72823e-08 1.23322e-07 2.9191e-08 
scan 550 0 138 3.11923e-07 2.31368e-07 2.20766e-07 7.86498e-09 1.07166e-08 6.23846e-09 1.87154e-08 6.23846e-08 1.83305e-08 
scan 550 0 139 1.49271e-07 1.53048e-07 1.49271e-07 2.98542e-09 7.46355e-09 7.46355e-09 8.95626e-09 2.98542e-08 7.06669e-09 
scan 550 0 140 0 0 0 0 0 0 0 0 0 
scan 550 0 141 0 0 0 0 0 0 0 0 0 
scan 550 0 142 1.49271e-07 1.56346e-07 1.49271e-07 2.98542e-09 2.98542e-09 2.98542e-09 8.95626e-09 4.47813e-08 7.06669e-09 
scan 550 0 143 1.49271e-07 1.56496e-07 1.49271e-07 2.98542e-09 2.98542e-09 7.46355e-09 8.95626e-09 4.47813e-08 7.06669e-09 
scan 550 0 144 1.68795e-07 1.76505e-07 1.68795e-07 3.3759e-09 3.3759e-09 3.3759e-09 4.13547e-10 5.06385e-08 7.99098e-09 
scan 550 0 145 0 0 0 0 0 0 0 0 0 
scan 550 0 146 1.83649e-07 2.60244e-07 1.83649e-07 3.67298e-09 3.67298e-09 9.18244e-09 5.87676e-10 1.83649e-07 1.27179e-08 
scan 550 0 147 8.33439e-07 9.15422e-07 3.73564e-07 1.66688e-08 2.15483e-08 2.17326e-08 1.99931e-08 8.33439e-07 4.70495e-08 
scan 550 0 148 1.50544e-06 1.59113e-06 5.03606e-07 3.16016e-08 3.4587e-08 4.11361e-08 2.97241e-08 1.50544e-06 8.33529e-08 
scan 550 0 149 3.38906e-06 3.47744e-06 7.41704e-07 7.37012e-08 7.22594e-08 9.86183e-08 8.93578e-08 3.38906e-06 1.68502e-07 
scan 550 0 165 1.68795e-07 1.72423e-07 1.68795e-07 3.3759e-09 3.3759e-09 3.3759e-09 4.13547e-10 3.3759e-08 7.99098e-09 
scan 550 0 166 0 0 0 0 0 0 0 0 0 
scan 550 0 167 1.68795e-07 1.72423e-07 1.68795e-07 3.3759e-09 3.3759e-09 3.3759e-09 4.13547e-10 3.3759e-08 7.99098e-09 
scan 550 0 168 4.80718e-07 2.96829e-07 2.77901e-07 1.11071e-08 9.61436e-09 1.8972e-08 1.91289e-08 9.61436e-08 2.63215e-08 
scan 550 0 169 1.44182e-07 1.47677e-07 1.44182e-07 2.88364e-09 2.88364e-09 2.88364e-09 1.08137e-08 2.88364e-08 6.82578e-09 
scan 550 0 170 0 0 0 0 0 0 0 0 0 
scan 550 0 171 3.37335e-07 2.60049e-07 2.38532e-07 6.74671e-09 6.74671e-09 1.18029e-08 9.52877e-10 1.01201e-07 1.59699e-08 
scan 550 0 172 0 0 0 0 0 0 0 0 0 
scan 550 0 173 0 0 0 0 0 0 0 0 0 
scan 550 0 174 0 0 0 0 0 0 0 0 0 
scan 550 0 175 0 0 0 0 0 0 0 0 0 
scan 550 0 176 0 0 0 0 0 0 0 0 0 
scan 550 0 177 0 0 0 0 0 0 0 0 0 
scan 550 0 178 0 0 0 0 0 0 0 0 0 
scan 550 0 179 8.39582e-07 9.22024e-07 3.76279e-07 1.67916e-08 1.67916e-08 3.24371e-08 1.06475e-08 8.39582e-07 4.37767e-08 
