xsec 650 550 0.00287701
scan 650 550 0 1.65501e-06 6.85822e-07 5.85439e-07 4.38175e-08 5.92226e-08 0 2.23464e-09 3.31001e-07 1.12335e-07 
scan 650 550 1 3.67605e-06 1.16905e-06 8.668e-07 1.10091e-07 7.94828e-08 0 1.76716e-08 7.35209e-07 2.36766e-07 
scan 650 550 2 1.84941e-06 7.33523e-07 6.16841e-07 6.34105e-08 3.9773e-08 0 6.32563e-09 3.69882e-07 1.22913e-07 
scan 650 550 3 6.16093e-07 3.79574e-07 3.55779e-07 2.05103e-08 1.49438e-08 0 2.30346e-09 1.23219e-07 4.08166e-08 
scan 650 550 4 6.03822e-07 3.71383e-07 3.48627e-07 2.15756e-08 1.58407e-08 0 2.156e-09 1.20764e-07 3.28527e-08 
scan 650 550 5 1.99814e-07 2.09015e-07 1.99814e-07 6.92177e-09 0 0 1.43866e-09 5.99443e-08 1.08715e-08 
scan 650 550 6 8.10605e-07 4.75538e-07 4.05302e-07 1.86738e-08 2.08551e-08 0 1.64788e-10 2.43181e-07 4.41034e-08 
scan 650 550 7 4.01817e-07 3.09866e-07 2.84139e-07 1.22631e-08 1.09175e-08 0 1.79248e-09 1.20545e-07 2.1862e-08 
scan 650 550 8 2.02732e-07 2.12266e-07 2.02732e-07 4.05465e-09 1.09175e-08 0 7.15239e-13 6.08197e-08 1.10302e-08 
scan 650 550 9 0 0 0 0 0 0 0 0 0 
scan 650 550 10 0 0 0 0 0 0 0 0 0 
scan 650 550 11 1.63524e-06 1.73867e-06 5.78434e-07 5.15152e-08 3.00004e-08 0 5.78319e-09 1.63524e-06 1.0383e-07 
scan 650 550 12 2.23054e-06 2.33501e-06 6.72614e-07 7.17819e-08 5.30256e-08 0 5.93156e-09 2.23054e-06 1.28655e-07 
scan 650 550 13 1.02755e-06 1.1285e-06 4.59771e-07 3.16104e-08 1.59056e-08 0 5.53861e-09 1.02755e-06 7.0633e-08 
scan 650 550 14 1.82809e-06 1.9313e-06 6.09502e-07 5.65307e-08 4.35094e-08 0 4.45649e-09 1.82809e-06 1.06863e-07 
scan 650 550 15 6.16049e-07 3.79502e-07 3.55775e-07 7.35093e-09 2.31992e-08 0 2.33555e-09 1.2321e-07 4.0841e-08 
scan 650 550 16 1.97868e-07 2.02204e-07 1.97868e-07 6.85435e-09 0 0 2.37442e-09 3.95736e-08 1.07656e-08 
scan 650 550 17 0 0 0 0 0 0 0 0 0 
scan 650 550 18 0 0 0 0 0 0 0 0 0 
scan 650 550 19 6.23986e-07 3.85163e-07 3.60435e-07 1.80799e-08 1.23188e-08 0 4.58831e-09 1.24797e-07 4.86129e-08 
scan 650 550 20 1.9726e-07 2.06402e-07 1.9726e-07 8.13323e-09 0 0 2.66301e-09 5.9178e-08 1.07325e-08 
scan 650 550 21 0 0 0 0 0 0 0 0 0 
scan 650 550 22 0 0 0 0 0 0 0 0 0 
scan 650 550 23 0 0 0 0 0 0 0 0 0 
scan 650 550 24 0 0 0 0 0 0 0 0 0 
scan 650 550 25 0 0 0 0 0 0 0 0 0 
scan 650 550 26 3.98899e-07 4.89276e-07 2.82065e-07 1.51302e-08 0 0 3.23042e-09 3.98899e-07 2.17033e-08 
scan 650 550 27 3.98899e-07 4.89276e-07 2.82065e-07 1.51302e-08 0 0 3.23042e-09 3.98899e-07 2.17033e-08 
scan 650 550 28 0 0 0 0 0 0 0 0 0 
scan 650 550 29 1.9726e-07 2.7927e-07 1.9726e-07 6.83328e-09 0 0 2.66301e-09 1.9726e-07 1.07325e-08 
scan 650 550 30 0 0 0 0 0 0 0 0 0 
scan 650 550 31 4.05142e-07 2.98793e-07 2.86479e-07 5.73416e-09 1.10663e-08 0 1.6222e-10 8.10285e-08 2.2043e-08 
scan 650 550 32 1.98172e-07 2.0261e-07 1.98172e-07 9.2951e-09 0 0 2.22944e-09 3.96344e-08 1.07821e-08 
scan 650 550 33 0 0 0 0 0 0 0 0 0 
scan 650 550 34 3.98169e-07 2.93875e-07 2.81548e-07 1.64169e-08 0 0 3.58352e-09 7.96338e-08 2.16636e-08 
scan 650 550 35 0 0 0 0 0 0 0 0 0 
scan 650 550 36 0 0 0 0 0 0 0 0 0 
scan 650 550 37 0 0 0 0 0 0 0 0 0 
scan 650 550 38 0 0 0 0 0 0 0 0 0 
scan 650 550 39 0 0 0 0 0 0 0 0 0 
scan 650 550 40 0 0 0 0 0 0 0 0 0 
scan 650 550 41 0 0 0 0 0 0 0 0 0 
scan 650 550 42 1.99814e-07 2.82878e-07 1.99814e-07 6.92177e-09 0 0 1.43866e-09 1.99814e-07 1.08715e-08 
scan 650 550 43 0 0 0 0 0 0 0 0 0 
scan 650 550 44 2.02733e-07 2.87006e-07 2.02733e-07 5.73416e-09 4.05466e-09 0 2.92057e-13 2.02733e-07 1.10303e-08 
scan 650 550 45 0 0 0 0 0 0 0 0 0 
scan 650 550 46 0 0 0 0 0 0 0 0 0 
scan 650 550 47 0 0 0 0 0 0 0 0 0 
scan 650 550 48 0 0 0 0 0 0 0 0 0 
scan 650 550 49 0 0 0 0 0 0 0 0 0 
scan 650 550 50 0 0 0 0 0 0 0 0 0 
scan 650 550 51 0 0 0 0 0 0 0 0 0 
scan 650 550 52 0 0 0 0 0 0 0 0 0 
scan 650 550 53 0 0 0 0 0 0 0 0 0 
scan 650 550 54 0 0 0 0 0 0 0 0 0 
scan 650 550 55 0 0 0 0 0 0 0 0 0 
scan 650 550 56 2.02733e-07 2.87007e-07 2.02733e-07 4.05467e-09 5.73417e-09 0 9.73526e-14 2.02733e-07 1.10303e-08 
scan 650 550 57 0 0 0 0 0 0 0 0 0 
scan 650 550 58 0 0 0 0 0 0 0 0 0 
scan 650 550 59 0 0 0 0 0 0 0 0 0 
scan 650 550 75 0 0 0 0 0 0 0 0 0 
scan 650 550 76 2.02733e-07 2.07161e-07 2.02733e-07 4.05467e-09 5.73417e-09 0 1.66079e-13 4.05467e-08 1.10303e-08 
scan 650 550 77 0 0 0 0 0 0 0 0 0 
scan 650 550 78 0 0 0 0 0 0 0 0 0 
scan 650 550 79 0 0 0 0 0 0 0 0 0 
scan 650 550 80 0 0 0 0 0 0 0 0 0 
scan 650 550 81 0 0 0 0 0 0 0 0 0 
scan 650 550 82 0 0 0 0 0 0 0 0 0 
scan 650 550 83 0 0 0 0 0 0 0 0 0 
scan 650 550 84 2.02733e-07 2.12063e-07 2.02733e-07 4.05467e-09 5.73417e-09 0 1.66079e-13 6.082e-08 1.10303e-08 
scan 650 550 85 0 0 0 0 0 0 0 0 0 
scan 650 550 86 0 0 0 0 0 0 0 0 0 
scan 650 550 87 2.02733e-07 2.87006e-07 2.02733e-07 4.05467e-09 5.73417e-09 0 1.27154e-13 2.02733e-07 1.10303e-08 
scan 650 550 88 2.02733e-07 2.87006e-07 2.02733e-07 4.05467e-09 5.73417e-09 0 1.66079e-13 2.02733e-07 1.10303e-08 
scan 650 550 89 0 0 0 0 0 0 0 0 0 
scan 650 550 90 0 0 0 0 0 0 0 0 0 
scan 650 550 91 1.94624e-07 1.98913e-07 1.94624e-07 0 5.50481e-09 3.89249e-09 3.89249e-09 3.89249e-08 1.05891e-08 
scan 650 550 92 0 0 0 0 0 0 0 0 0 
scan 650 550 93 0 0 0 0 0 0 0 0 0 
scan 650 550 94 0 0 0 0 0 0 0 0 0 
scan 650 550 95 0 0 0 0 0 0 0 0 0 
scan 650 550 96 0 0 0 0 0 0 0 0 0 
scan 650 550 97 0 0 0 0 0 0 0 0 0 
scan 650 550 98 0 0 0 0 0 0 0 0 0 
scan 650 550 99 0 0 0 0 0 0 0 0 0 
scan 650 550 100 0 0 0 0 0 0 0 0 0 
scan 650 550 101 0 0 0 0 0 0 0 0 0 
scan 650 550 102 0 0 0 0 0 0 0 0 0 
scan 650 550 103 1.78406e-07 2.52925e-07 1.78406e-07 5.04607e-09 0 8.92028e-09 1.07043e-08 1.78406e-07 9.70669e-09 
scan 650 550 104 0 0 0 0 0 0 0 0 0 
scan 650 550 120 0 0 0 0 0 0 0 0 0 
scan 650 550 121 0 0 0 0 0 0 0 0 0 
scan 650 550 122 0 0 0 0 0 0 0 0 0 
scan 650 550 123 0 0 0 0 0 0 0 0 0 
scan 650 550 124 0 0 0 0 0 0 0 0 0 
scan 650 550 125 0 0 0 0 0 0 0 0 0 
scan 650 550 126 0 0 0 0 0 0 0 0 0 
scan 650 550 127 0 0 0 0 0 0 0 0 0 
scan 650 550 128 0 0 0 0 0 0 0 0 0 
scan 650 550 129 0 0 0 0 0 0 0 0 0 
scan 650 550 130 0 0 0 0 0 0 0 0 0 
scan 650 550 131 0 0 0 0 0 0 0 0 0 
scan 650 550 132 1.94624e-07 2.75554e-07 1.94624e-07 0 5.50481e-09 3.89249e-09 3.89249e-09 1.94624e-07 1.05891e-08 
scan 650 550 133 0 0 0 0 0 0 0 0 0 
scan 650 550 134 0 0 0 0 0 0 0 0 0 
scan 650 550 135 0 0 0 0 0 0 0 0 0 
scan 650 550 136 0 0 0 0 0 0 0 0 0 
scan 650 550 137 0 0 0 0 0 0 0 0 0 
scan 650 550 138 0 0 0 0 0 0 0 0 0 
scan 650 550 139 0 0 0 0 0 0 0 0 0 
scan 650 550 140 0 0 0 0 0 0 0 0 0 
scan 650 550 141 0 0 0 0 0 0 0 0 0 
scan 650 550 142 0 0 0 0 0 0 0 0 0 
scan 650 550 143 0 0 0 0 0 0 0 0 0 
scan 650 550 144 0 0 0 0 0 0 0 0 0 
scan 650 550 145 0 0 0 0 0 0 0 0 0 
scan 650 550 146 0 0 0 0 0 0 0 0 0 
scan 650 550 147 0 0 0 0 0 0 0 0 0 
scan 650 550 148 0 0 0 0 0 0 0 0 0 
scan 650 550 149 0 0 0 0 0 0 0 0 0 
scan 650 550 165 0 0 0 0 0 0 0 0 0 
scan 650 550 166 2.14249e-07 2.19666e-07 2.14249e-07 4.28497e-09 4.28497e-09 1.07124e-08 5.24909e-10 4.28497e-08 1.90504e-08 
scan 650 550 167 0 0 0 0 0 0 0 0 0 
scan 650 550 168 0 0 0 0 0 0 0 0 0 
scan 650 550 169 0 0 0 0 0 0 0 0 0 
scan 650 550 170 0 0 0 0 0 0 0 0 0 
scan 650 550 171 0 0 0 0 0 0 0 0 0 
scan 650 550 172 0 0 0 0 0 0 0 0 0 
scan 650 550 173 0 0 0 0 0 0 0 0 0 
scan 650 550 174 0 0 0 0 0 0 0 0 0 
scan 650 550 175 0 0 0 0 0 0 0 0 0 
scan 650 550 176 2.0174e-07 2.8575e-07 2.0174e-07 4.03481e-09 4.03481e-09 1.0087e-08 4.94264e-10 2.0174e-07 1.09763e-08 
scan 650 550 177 0 0 0 0 0 0 0 0 0 
scan 650 550 178 0 0 0 0 0 0 0 0 0 
scan 650 550 179 0 0 0 0 0 0 0 0 0 
