xsec 600 350 0.00474287
scan 600 350 0 6.26679e-06 2.58182e-06 2.2171e-06 1.88074e-07 9.04774e-08 0 3.63132e-08 1.25336e-06 3.66705e-07 
scan 600 350 1 1.4999e-05 4.69441e-06 3.44376e-06 3.46528e-07 5.24322e-07 0 3.82933e-08 2.99981e-06 8.84717e-07 
scan 600 350 2 1.87278e-05 5.49502e-06 3.82526e-06 5.1145e-07 3.35581e-07 0 1.10155e-07 3.74556e-06 1.07105e-06 
scan 600 350 3 1.85939e-05 5.46635e-06 3.79832e-06 6.50265e-07 3.17942e-07 0 1.41241e-07 3.71879e-06 1.03945e-06 
scan 600 350 4 4.97343e-05 1.22802e-05 6.27152e-06 1.32088e-06 1.33188e-06 0 2.08099e-07 9.94686e-06 2.99474e-06 
scan 600 350 5 0 0 0 0 0 0 0 0 0 
scan 600 350 6 1.53636e-06 1.18399e-06 1.08642e-06 5.331e-08 1.5503e-08 0 6.85497e-09 4.60908e-07 7.73141e-08 
scan 600 350 7 8.43548e-07 8.83834e-07 8.43548e-07 0 2.92214e-08 0 6.74838e-10 2.53064e-07 6.85016e-08 
scan 600 350 8 1.53636e-06 1.18436e-06 1.08642e-06 4.68885e-08 4.17434e-08 0 6.8536e-09 4.60909e-07 7.73142e-08 
scan 600 350 9 4.77401e-06 2.44285e-06 1.95083e-06 1.23579e-07 9.85763e-08 0 8.09013e-09 1.4322e-06 2.92391e-07 
scan 600 350 10 2.46494e-06 2.85423e-06 1.42427e-06 6.2864e-08 8.43214e-08 0 1.01867e-11 2.46494e-06 1.7623e-07 
scan 600 350 11 7.00864e-06 7.40164e-06 2.33732e-06 2.19454e-07 9.02165e-08 0 1.84854e-08 7.00864e-06 3.78788e-07 
scan 600 350 12 2.74441e-05 2.78939e-05 4.6418e-06 6.36823e-07 7.02425e-07 0 8.57455e-08 2.74441e-05 1.56221e-06 
scan 600 350 13 2.82495e-05 2.87003e-05 4.71114e-06 7.08538e-07 6.34424e-07 0 7.10581e-08 2.82495e-05 1.60306e-06 
scan 600 350 14 0.000114893 0.000115548 9.51592e-06 2.90301e-06 2.60902e-06 0 3.88288e-07 0.000114893 6.71509e-06 
scan 600 350 15 7.88476e-06 3.00275e-06 2.4957e-06 2.40749e-07 1.28961e-07 0 3.73609e-08 1.57695e-06 4.74557e-07 
scan 600 350 16 2.41834e-05 6.69804e-06 4.34567e-06 7.00619e-07 5.23549e-07 0 9.57218e-08 4.83668e-06 1.3458e-06 
scan 600 350 17 1.96449e-05 5.73119e-06 3.93221e-06 5.80396e-07 5.43407e-07 0 7.47253e-08 3.92898e-06 1.1444e-06 
scan 600 350 18 2.37128e-05 6.64468e-06 4.33358e-06 6.78991e-07 5.43945e-07 0 1.17492e-07 4.74255e-06 1.45236e-06 
scan 600 350 19 2.48486e-05 6.83355e-06 4.39468e-06 7.41988e-07 4.61642e-07 0 1.49566e-07 4.96972e-06 1.37843e-06 
scan 600 350 20 3.08668e-06 1.80949e-06 1.54339e-06 9.56655e-08 3.74277e-08 0 6.85771e-09 9.26003e-07 1.5533e-07 
scan 600 350 21 4.82401e-06 2.473e-06 1.97146e-06 1.5268e-07 9.10421e-08 0 1.76651e-08 1.4472e-06 3.20569e-07 
scan 600 350 22 2.29478e-06 1.49986e-06 1.32495e-06 7.95824e-08 1.5503e-08 0 1.50459e-08 6.88433e-07 1.1548e-07 
scan 600 350 23 2.3033e-06 1.50498e-06 1.32992e-06 5.90463e-08 4.23124e-08 0 1.08054e-08 6.90991e-07 1.15909e-07 
scan 600 350 24 2.38e-06 1.55812e-06 1.37482e-06 7.21931e-08 3.74279e-08 0 7.4717e-09 7.14001e-07 1.45393e-07 
scan 600 350 25 2.32237e-06 2.68577e-06 1.34083e-06 3.74279e-08 8.39915e-08 0 1.54797e-09 2.32237e-06 1.16869e-07 
scan 600 350 26 8.6823e-06 9.08847e-06 2.6199e-06 1.83564e-07 2.34008e-07 0 2.6433e-08 8.6823e-06 5.14729e-07 
scan 600 350 27 1.42173e-05 1.46411e-05 3.35362e-06 4.32801e-07 1.78656e-07 0 7.54136e-08 1.42173e-05 8.69645e-07 
scan 600 350 28 2.34024e-05 2.38381e-05 4.27524e-06 5.95807e-07 4.83753e-07 0 9.87422e-08 2.34024e-05 1.30715e-06 
scan 600 350 29 8.32366e-05 8.38169e-05 8.09031e-06 2.15994e-06 1.89709e-06 0 2.96122e-07 8.32366e-05 4.80964e-06 
scan 600 350 30 7.75158e-07 7.91927e-07 7.75158e-07 2.19248e-08 1.55032e-08 0 1.11669e-12 1.55032e-07 3.90082e-08 
scan 600 350 31 1.53288e-06 1.13119e-06 1.08398e-06 6.75009e-08 0 0 8.52435e-09 3.06576e-07 7.71389e-08 
scan 600 350 32 0 0 0 0 0 0 0 0 0 
scan 600 350 33 5.39934e-06 2.33725e-06 2.04168e-06 1.82424e-07 6.60091e-08 0 4.72261e-08 1.07987e-06 2.97217e-07 
scan 600 350 34 3.84511e-06 1.90042e-06 1.71961e-06 5.92336e-08 1.48235e-07 0 1.51664e-08 7.69021e-07 1.93497e-07 
scan 600 350 35 0 0 0 0 0 0 0 0 0 
scan 600 350 36 0 0 0 0 0 0 0 0 0 
scan 600 350 37 0 0 0 0 0 0 0 0 0 
scan 600 350 38 0 0 0 0 0 0 0 0 0 
scan 600 350 39 2.42764e-06 1.59162e-06 1.40234e-06 6.27937e-08 4.43515e-08 0 1.83026e-08 7.28292e-07 1.73296e-07 
scan 600 350 40 7.7206e-07 1.09345e-06 7.7206e-07 0 4.43515e-08 0 1.54412e-09 7.7206e-07 3.88523e-08 
scan 600 350 41 1.528e-06 1.87377e-06 1.08046e-06 5.29314e-08 0 0 1.10016e-08 1.528e-06 7.68932e-08 
scan 600 350 42 8.29692e-07 1.17567e-06 8.29692e-07 2.87414e-08 0 0 7.46723e-09 8.29692e-07 6.73764e-08 
scan 600 350 43 7.7392e-07 1.09551e-06 7.7392e-07 0 2.68094e-08 0 6.19136e-10 7.7392e-07 3.89459e-08 
scan 600 350 44 5.52562e-06 5.91917e-06 2.08997e-06 8.20515e-08 1.4256e-07 0 1.971e-08 5.52562e-06 3.29678e-07 
scan 600 350 45 0 0 0 0 0 0 0 0 0 
scan 600 350 46 7.63998e-07 7.81329e-07 7.63998e-07 1.528e-08 4.11426e-08 0 5.50079e-09 1.528e-07 3.84466e-08 
scan 600 350 47 0 0 0 0 0 0 0 0 0 
scan 600 350 48 0 0 0 0 0 0 0 0 0 
scan 600 350 49 0 0 0 0 0 0 0 0 0 
scan 600 350 50 0 0 0 0 0 0 0 0 0 
scan 600 350 51 0 0 0 0 0 0 0 0 0 
scan 600 350 52 0 0 0 0 0 0 0 0 0 
scan 600 350 53 0 0 0 0 0 0 0 0 0 
scan 600 350 54 0 0 0 0 0 0 0 0 0 
scan 600 350 55 0 0 0 0 0 0 0 0 0 
scan 600 350 56 0 0 0 0 0 0 0 0 0 
scan 600 350 57 0 0 0 0 0 0 0 0 0 
scan 600 350 58 0 0 0 0 0 0 0 0 0 
scan 600 350 59 0 0 0 0 0 0 0 0 0 
scan 600 350 75 0 0 0 0 0 0 0 0 0 
scan 600 350 76 0 0 0 0 0 0 0 0 0 
scan 600 350 77 7.75159e-07 7.91928e-07 7.75159e-07 1.55032e-08 2.19248e-08 0 6.35011e-13 1.55032e-07 3.90082e-08 
scan 600 350 78 0 0 0 0 0 0 0 0 0 
scan 600 350 79 0 0 0 0 0 0 0 0 0 
scan 600 350 80 0 0 0 0 0 0 0 0 0 
scan 600 350 81 0 0 0 0 0 0 0 0 0 
scan 600 350 82 0 0 0 0 0 0 0 0 0 
scan 600 350 83 0 0 0 0 0 0 0 0 0 
scan 600 350 84 0 0 0 0 0 0 0 0 0 
scan 600 350 85 0 0 0 0 0 0 0 0 0 
scan 600 350 86 0 0 0 0 0 0 0 0 0 
scan 600 350 87 0 0 0 0 0 0 0 0 0 
scan 600 350 88 0 0 0 0 0 0 0 0 0 
scan 600 350 89 0 0 0 0 0 0 0 0 0 
scan 600 350 90 0 0 0 0 0 0 0 0 0 
scan 600 350 91 6.82141e-07 6.98098e-07 6.82141e-07 1.36428e-08 1.36428e-08 1.36428e-08 4.09285e-08 1.36428e-07 3.43273e-08 
scan 600 350 92 0 0 0 0 0 0 0 0 0 
scan 600 350 93 0 0 0 0 0 0 0 0 0 
scan 600 350 94 0 0 0 0 0 0 0 0 0 
scan 600 350 95 0 0 0 0 0 0 0 0 0 
scan 600 350 96 6.82141e-07 7.15251e-07 6.82141e-07 1.36428e-08 3.41071e-08 1.36428e-08 4.09285e-08 2.04642e-07 3.43273e-08 
scan 600 350 97 0 0 0 0 0 0 0 0 0 
scan 600 350 98 6.58887e-07 6.91001e-07 6.58887e-07 1.97666e-08 1.31777e-08 1.31777e-08 4.94165e-08 1.97666e-07 3.31571e-08 
scan 600 350 99 0 0 0 0 0 0 0 0 0 
scan 600 350 100 0 0 0 0 0 0 0 0 0 
scan 600 350 101 7.44154e-07 1.05348e-06 7.44154e-07 0 2.10479e-08 1.48831e-08 1.48831e-08 7.44154e-07 3.7448e-08 
scan 600 350 102 0 0 0 0 0 0 0 0 0 
scan 600 350 103 7.43512e-07 1.05461e-06 7.43512e-07 2.23054e-08 1.48702e-08 1.48702e-08 4.46107e-08 7.43512e-07 6.0378e-08 
scan 600 350 104 7.43512e-07 1.05448e-06 7.43512e-07 1.48702e-08 1.48702e-08 1.48702e-08 4.46107e-08 7.43512e-07 6.0378e-08 
scan 600 350 120 0 0 0 0 0 0 0 0 0 
scan 600 350 121 0 0 0 0 0 0 0 0 0 
scan 600 350 122 0 0 0 0 0 0 0 0 0 
scan 600 350 123 0 0 0 0 0 0 0 0 0 
scan 600 350 124 0 0 0 0 0 0 0 0 0 
scan 600 350 125 0 0 0 0 0 0 0 0 0 
scan 600 350 126 0 0 0 0 0 0 0 0 0 
scan 600 350 127 0 0 0 0 0 0 0 0 0 
scan 600 350 128 0 0 0 0 0 0 0 0 0 
scan 600 350 129 0 0 0 0 0 0 0 0 0 
scan 600 350 130 0 0 0 0 0 0 0 0 0 
scan 600 350 131 0 0 0 0 0 0 0 0 0 
scan 600 350 132 0 0 0 0 0 0 0 0 0 
scan 600 350 133 0 0 0 0 0 0 0 0 0 
scan 600 350 134 1.51552e-06 1.85983e-06 1.0718e-06 1.54272e-08 3.64751e-08 7.57758e-08 1.67729e-08 1.51552e-06 7.62651e-08 
scan 600 350 135 0 0 0 0 0 0 0 0 0 
scan 600 350 136 0 0 0 0 0 0 0 0 0 
scan 600 350 137 0 0 0 0 0 0 0 0 0 
scan 600 350 138 0 0 0 0 0 0 0 0 0 
scan 600 350 139 0 0 0 0 0 0 0 0 0 
scan 600 350 140 0 0 0 0 0 0 0 0 0 
scan 600 350 141 0 0 0 0 0 0 0 0 0 
scan 600 350 142 0 0 0 0 0 0 0 0 0 
scan 600 350 143 0 0 0 0 0 0 0 0 0 
scan 600 350 144 0 0 0 0 0 0 0 0 0 
scan 600 350 145 0 0 0 0 0 0 0 0 0 
scan 600 350 146 0 0 0 0 0 0 0 0 0 
scan 600 350 147 0 0 0 0 0 0 0 0 0 
scan 600 350 148 0 0 0 0 0 0 0 0 0 
scan 600 350 149 6.82141e-07 9.66581e-07 6.82141e-07 2.04642e-08 1.36428e-08 1.36428e-08 4.09285e-08 6.82141e-07 3.43273e-08 
scan 600 350 165 0 0 0 0 0 0 0 0 0 
scan 600 350 166 0 0 0 0 0 0 0 0 0 
scan 600 350 167 0 0 0 0 0 0 0 0 0 
scan 600 350 168 0 0 0 0 0 0 0 0 0 
scan 600 350 169 0 0 0 0 0 0 0 0 0 
scan 600 350 170 0 0 0 0 0 0 0 0 0 
scan 600 350 171 0 0 0 0 0 0 0 0 0 
scan 600 350 172 0 0 0 0 0 0 0 0 0 
scan 600 350 173 0 0 0 0 0 0 0 0 0 
scan 600 350 174 0 0 0 0 0 0 0 0 0 
scan 600 350 175 0 0 0 0 0 0 0 0 0 
scan 600 350 176 0 0 0 0 0 0 0 0 0 
scan 600 350 177 0 0 0 0 0 0 0 0 0 
scan 600 350 178 8.4076e-07 1.19195e-06 8.4076e-07 1.68152e-08 1.68152e-08 4.2038e-08 2.05986e-09 8.4076e-07 6.82752e-08 
scan 600 350 179 7.71362e-07 1.09246e-06 7.71362e-07 1.54272e-08 1.54272e-08 3.85681e-08 1.88984e-09 7.71362e-07 3.88172e-08 
