xsec 650 500 0.00287701
scan 650 500 0 4.05007e-06 1.24976e-06 9.06206e-07 1.20096e-07 1.03938e-07 0 1.62886e-08 8.10014e-07 2.4306e-07 
scan 650 500 1 9.32125e-06 2.41283e-06 1.37527e-06 2.80733e-07 2.28237e-07 0 4.56724e-08 1.86425e-06 5.67413e-07 
scan 650 500 2 6.58445e-06 1.8298e-06 1.16529e-06 1.873e-07 1.95932e-07 0 1.80473e-08 1.31689e-06 4.26943e-07 
scan 650 500 3 2.87272e-06 9.85668e-07 7.68623e-07 9.87049e-08 7.68482e-08 0 1.24308e-08 5.74545e-07 1.86697e-07 
scan 650 500 4 4.87568e-06 1.43985e-06 9.96016e-07 1.43798e-07 1.47795e-07 0 1.59829e-08 9.75137e-07 2.95724e-07 
scan 650 500 5 1.62105e-06 7.60594e-07 5.73515e-07 4.68173e-08 4.10658e-08 0 3.95836e-09 4.86314e-07 9.58578e-08 
scan 650 500 6 2.23773e-06 9.66047e-07 6.75314e-07 6.54783e-08 5.83643e-08 0 7.55636e-09 6.71318e-07 1.37039e-07 
scan 650 500 7 1.41684e-06 6.91307e-07 5.35795e-07 4.94667e-08 2.28861e-08 0 5.5184e-09 4.25052e-07 8.46095e-08 
scan 650 500 8 6.36872e-07 4.18176e-07 3.67984e-07 1.14604e-08 1.83857e-08 0 3.92222e-09 1.91061e-07 4.96919e-08 
scan 650 500 9 6.03054e-07 3.94493e-07 3.48173e-07 1.53917e-08 1.88658e-08 0 1.28836e-12 1.80916e-07 3.28109e-08 
scan 650 500 10 4.22982e-07 5.19527e-07 2.9946e-07 1.20234e-08 1.52644e-08 0 1.88383e-12 4.22982e-07 3.06734e-08 
scan 650 500 11 3.48948e-06 3.60012e-06 8.47207e-07 9.35017e-08 7.59892e-08 0 1.60247e-08 3.48948e-06 2.27741e-07 
scan 650 500 12 6.17996e-06 6.29981e-06 1.12946e-06 1.57356e-07 1.93096e-07 0 8.95444e-09 6.17996e-06 3.9735e-07 
scan 650 500 13 7.39312e-06 7.51591e-06 1.23349e-06 2.09532e-07 2.07983e-07 0 1.57772e-08 7.39312e-06 4.71045e-07 
scan 650 500 14 1.7987e-05 1.81367e-05 1.91915e-06 5.12817e-07 4.44066e-07 0 4.94122e-08 1.7987e-05 1.12328e-06 
scan 650 500 15 4.01232e-07 2.96521e-07 2.83714e-07 4.02035e-09 2.23266e-08 0 4.01139e-10 8.02464e-08 2.18302e-08 
scan 650 500 16 0 0 0 0 0 0 0 0 0 
scan 650 500 17 1.03326e-06 5.13594e-07 4.62707e-07 1.8133e-08 3.88256e-08 0 6.7242e-09 2.06652e-07 7.1369e-08 
scan 650 500 18 2.00215e-07 2.04794e-07 2.00215e-07 0 1.15015e-08 0 4.00429e-10 4.00429e-08 1.08933e-08 
scan 650 500 19 2.17971e-07 2.23321e-07 2.17971e-07 8.98719e-09 0 0 1.96174e-09 4.35943e-08 1.93814e-08 
scan 650 500 20 2.21079e-07 2.31997e-07 2.21079e-07 0 1.27e-08 0 4.42158e-10 6.63237e-08 1.96578e-08 
scan 650 500 21 0 0 0 0 0 0 0 0 0 
scan 650 500 22 0 0 0 0 0 0 0 0 0 
scan 650 500 23 0 0 0 0 0 0 0 0 0 
scan 650 500 24 0 0 0 0 0 0 0 0 0 
scan 650 500 25 0 0 0 0 0 0 0 0 0 
scan 650 500 26 9.88007e-07 1.08423e-06 4.41863e-07 3.24815e-08 1.15015e-08 0 8.37072e-09 9.88007e-07 5.37555e-08 
scan 650 500 27 6.01126e-07 6.95537e-07 3.47061e-07 0 2.99553e-08 0 9.61416e-10 6.01126e-07 3.27061e-08 
scan 650 500 28 8.15691e-07 9.14095e-07 4.08342e-07 2.02487e-08 1.83857e-08 0 4.5738e-09 8.15691e-07 5.20094e-08 
scan 650 500 29 1.40237e-06 1.50283e-06 5.3039e-07 5.78214e-08 0 0 1.26214e-08 1.40237e-06 8.38224e-08 
scan 650 500 30 3.98098e-07 2.93552e-07 2.81507e-07 8.13903e-09 6.95235e-09 0 1.93716e-09 7.96195e-08 2.16597e-08 
scan 650 500 31 5.88985e-07 3.61934e-07 3.40085e-07 1.60294e-08 1.15015e-08 0 6.81333e-09 1.17797e-07 3.20455e-08 
scan 650 500 32 3.9671e-07 2.92648e-07 2.80529e-07 6.80681e-09 1.15015e-08 0 2.61101e-09 7.93421e-08 2.15842e-08 
scan 650 500 33 4.14467e-07 3.06996e-07 2.93466e-07 1.82037e-08 0 0 4.17232e-09 8.28935e-08 3.00724e-08 
scan 650 500 34 8.08364e-07 4.40252e-07 4.04598e-07 3.55592e-08 0 0 8.1595e-09 1.61673e-07 5.15035e-08 
scan 650 500 35 0 0 0 0 0 0 0 0 0 
scan 650 500 36 2.01018e-07 2.10269e-07 2.01018e-07 5.68565e-09 4.02036e-09 0 2.89587e-13 6.03054e-08 1.0937e-08 
scan 650 500 37 2.14775e-07 2.25193e-07 2.14775e-07 7.44003e-09 0 0 3.47936e-09 6.44325e-08 1.90972e-08 
scan 650 500 38 1.974e-07 2.0654e-07 1.974e-07 8.13903e-09 0 0 1.7766e-09 5.92201e-08 1.07402e-08 
scan 650 500 39 1.96496e-07 2.05598e-07 1.96496e-07 8.10173e-09 0 0 2.21058e-09 5.89487e-08 1.06909e-08 
scan 650 500 40 0 0 0 0 0 0 0 0 0 
scan 650 500 41 1.974e-07 2.79462e-07 1.974e-07 6.83815e-09 0 0 1.7766e-09 1.974e-07 1.07402e-08 
scan 650 500 42 7.94506e-07 8.89613e-07 3.97271e-07 1.62283e-08 1.3888e-08 0 4.69192e-09 7.94506e-07 4.32275e-08 
scan 650 500 43 1.98124e-07 2.80485e-07 1.98124e-07 6.86322e-09 0 0 1.42649e-09 1.98124e-07 1.07795e-08 
scan 650 500 44 8.18828e-07 9.17574e-07 4.09857e-07 8.13903e-09 2.60927e-08 0 3.05949e-09 8.18828e-07 5.21801e-08 
scan 650 500 45 0 0 0 0 0 0 0 0 0 
scan 650 500 46 0 0 0 0 0 0 0 0 0 
scan 650 500 47 0 0 0 0 0 0 0 0 0 
scan 650 500 48 0 0 0 0 0 0 0 0 0 
scan 650 500 49 0 0 0 0 0 0 0 0 0 
scan 650 500 50 0 0 0 0 0 0 0 0 0 
scan 650 500 51 0 0 0 0 0 0 0 0 0 
scan 650 500 52 0 0 0 0 0 0 0 0 0 
scan 650 500 53 0 0 0 0 0 0 0 0 0 
scan 650 500 54 0 0 0 0 0 0 0 0 0 
scan 650 500 55 0 0 0 0 0 0 0 0 0 
scan 650 500 56 0 0 0 0 0 0 0 0 0 
scan 650 500 57 0 0 0 0 0 0 0 0 0 
scan 650 500 58 0 0 0 0 0 0 0 0 0 
scan 650 500 59 0 0 0 0 0 0 0 0 0 
scan 650 500 75 4.22985e-07 3.13033e-07 2.99462e-07 8.4597e-09 1.19638e-08 0 3.46509e-13 8.4597e-08 3.06737e-08 
scan 650 500 76 2.21967e-07 2.27351e-07 2.21967e-07 4.43933e-09 6.27816e-09 0 1.81835e-13 4.43933e-08 1.97367e-08 
scan 650 500 77 0 0 0 0 0 0 0 0 0 
scan 650 500 78 0 0 0 0 0 0 0 0 0 
scan 650 500 79 2.01018e-07 2.05409e-07 2.01018e-07 4.02037e-09 5.68566e-09 0 1.64674e-13 4.02037e-08 1.0937e-08 
scan 650 500 80 0 0 0 0 0 0 0 0 0 
scan 650 500 81 0 0 0 0 0 0 0 0 0 
scan 650 500 82 0 0 0 0 0 0 0 0 0 
scan 650 500 83 0 0 0 0 0 0 0 0 0 
scan 650 500 84 0 0 0 0 0 0 0 0 0 
scan 650 500 85 0 0 0 0 0 0 0 0 0 
scan 650 500 86 0 0 0 0 0 0 0 0 0 
scan 650 500 87 0 0 0 0 0 0 0 0 0 
scan 650 500 88 2.01018e-07 2.84578e-07 2.01018e-07 4.02037e-09 5.68566e-09 0 1.64674e-13 2.01018e-07 1.0937e-08 
scan 650 500 89 2.01018e-07 2.84579e-07 2.01018e-07 4.02037e-09 5.68566e-09 0 1.26079e-13 2.01018e-07 1.0937e-08 
scan 650 500 90 2.13088e-07 2.18299e-07 2.13088e-07 0 6.02704e-09 4.26176e-09 4.26176e-09 4.26176e-08 1.89472e-08 
scan 650 500 91 0 0 0 0 0 0 0 0 0 
scan 650 500 92 0 0 0 0 0 0 0 0 0 
scan 650 500 93 0 0 0 0 0 0 0 0 0 
scan 650 500 94 0 0 0 0 0 0 0 0 0 
scan 650 500 95 0 0 0 0 0 0 0 0 0 
scan 650 500 96 0 0 0 0 0 0 0 0 0 
scan 650 500 97 0 0 0 0 0 0 0 0 0 
scan 650 500 98 0 0 0 0 0 0 0 0 0 
scan 650 500 99 0 0 0 0 0 0 0 0 0 
scan 650 500 100 0 0 0 0 0 0 0 0 0 
scan 650 500 101 0 0 0 0 0 0 0 0 0 
scan 650 500 102 2.00034e-07 2.83185e-07 2.00034e-07 4.00067e-09 4.00067e-09 4.00067e-09 4.90083e-10 2.00034e-07 1.08834e-08 
scan 650 500 103 0 0 0 0 0 0 0 0 0 
scan 650 500 104 0 0 0 0 0 0 0 0 0 
scan 650 500 120 0 0 0 0 0 0 0 0 0 
scan 650 500 121 1.92978e-07 1.97231e-07 1.92978e-07 0 5.45824e-09 3.85956e-09 3.85956e-09 3.85956e-08 1.04995e-08 
scan 650 500 122 0 0 0 0 0 0 0 0 0 
scan 650 500 123 0 0 0 0 0 0 0 0 0 
scan 650 500 124 0 0 0 0 0 0 0 0 0 
scan 650 500 125 0 0 0 0 0 0 0 0 0 
scan 650 500 126 0 0 0 0 0 0 0 0 0 
scan 650 500 127 0 0 0 0 0 0 0 0 0 
scan 650 500 128 0 0 0 0 0 0 0 0 0 
scan 650 500 129 0 0 0 0 0 0 0 0 0 
scan 650 500 130 0 0 0 0 0 0 0 0 0 
scan 650 500 131 0 0 0 0 0 0 0 0 0 
scan 650 500 132 1.92978e-07 2.73223e-07 1.92978e-07 0 5.45824e-09 3.85956e-09 3.85956e-09 1.92978e-07 1.04995e-08 
scan 650 500 133 0 0 0 0 0 0 0 0 0 
scan 650 500 134 0 0 0 0 0 0 0 0 0 
scan 650 500 135 0 0 0 0 0 0 0 0 0 
scan 650 500 136 0 0 0 0 0 0 0 0 0 
scan 650 500 137 0 0 0 0 0 0 0 0 0 
scan 650 500 138 1.95331e-07 2.00612e-07 1.95331e-07 3.90662e-09 3.90662e-09 9.76654e-09 1.17199e-08 3.90662e-08 1.73683e-08 
scan 650 500 139 0 0 0 0 0 0 0 0 0 
scan 650 500 140 0 0 0 0 0 0 0 0 0 
scan 650 500 141 0 0 0 0 0 0 0 0 0 
scan 650 500 142 0 0 0 0 0 0 0 0 0 
scan 650 500 143 0 0 0 0 0 0 0 0 0 
scan 650 500 144 0 0 0 0 0 0 0 0 0 
scan 650 500 145 0 0 0 0 0 0 0 0 0 
scan 650 500 146 0 0 0 0 0 0 0 0 0 
scan 650 500 147 0 0 0 0 0 0 0 0 0 
scan 650 500 148 0 0 0 0 0 0 0 0 0 
scan 650 500 149 2.00034e-07 2.83185e-07 2.00034e-07 4.00067e-09 4.00067e-09 4.00067e-09 4.90083e-10 2.00034e-07 1.08834e-08 
scan 650 500 165 0 0 0 0 0 0 0 0 0 
scan 650 500 166 2.00034e-07 2.04609e-07 2.00034e-07 4.00067e-09 4.00067e-09 1.00017e-08 4.90083e-10 4.00067e-08 1.08834e-08 
scan 650 500 167 1.99732e-07 2.04096e-07 1.99732e-07 3.99464e-09 3.99464e-09 3.99464e-09 6.39143e-10 3.99464e-08 1.0867e-08 
scan 650 500 168 0 0 0 0 0 0 0 0 0 
scan 650 500 169 0 0 0 0 0 0 0 0 0 
scan 650 500 170 0 0 0 0 0 0 0 0 0 
scan 650 500 171 2.00034e-07 2.09441e-07 2.00034e-07 4.00067e-09 4.00067e-09 1.00017e-08 4.90083e-10 6.00101e-08 1.08834e-08 
scan 650 500 172 0 0 0 0 0 0 0 0 0 
scan 650 500 173 0 0 0 0 0 0 0 0 0 
scan 650 500 174 0 0 0 0 0 0 0 0 0 
scan 650 500 175 0 0 0 0 0 0 0 0 0 
scan 650 500 176 0 0 0 0 0 0 0 0 0 
scan 650 500 177 2.20879e-07 3.13245e-07 2.20879e-07 4.41759e-09 4.41759e-09 1.1044e-08 5.41154e-10 2.20879e-07 1.964e-08 
scan 650 500 178 0 0 0 0 0 0 0 0 0 
scan 650 500 179 0 0 0 0 0 0 0 0 0 
