xsec 650 600 0.00287701
scan 650 600 0 2.02157e-07 2.06572e-07 2.02157e-07 5.71785e-09 4.04313e-09 0 1.06981e-12 4.04313e-08 1.09989e-08 
scan 650 600 1 1.18821e-06 5.46009e-07 4.85088e-07 4.48923e-08 0 0 1.21096e-08 2.37642e-07 6.4648e-08 
scan 650 600 2 0 0 0 0 0 0 0 0 0 
scan 650 600 3 1.9761e-07 2.01987e-07 1.9761e-07 8.14768e-09 0 0 2.22312e-09 3.9522e-08 1.07516e-08 
scan 650 600 4 1.9852e-07 2.02912e-07 1.9852e-07 8.18519e-09 0 0 1.78668e-09 3.9704e-08 1.08011e-08 
scan 650 600 5 0 0 0 0 0 0 0 0 0 
scan 650 600 6 2.02157e-07 2.11508e-07 2.02157e-07 7.28886e-09 4.04313e-09 0 1.06981e-12 6.0647e-08 1.09989e-08 
scan 650 600 7 2.1748e-07 2.28002e-07 2.1748e-07 4.34959e-09 6.15125e-09 0 1.04434e-13 6.52439e-08 1.93377e-08 
scan 650 600 8 0 0 0 0 0 0 0 0 0 
scan 650 600 9 2.0135e-07 2.10617e-07 2.0135e-07 0 6.97497e-09 0 4.027e-10 6.0405e-08 1.09551e-08 
scan 650 600 10 0 0 0 0 0 0 0 0 0 
scan 650 600 11 0 0 0 0 0 0 0 0 0 
scan 650 600 12 0 0 0 0 0 0 0 0 0 
scan 650 600 13 0 0 0 0 0 0 0 0 0 
scan 650 600 14 0 0 0 0 0 0 0 0 0 
scan 650 600 15 0 0 0 0 0 0 0 0 0 
scan 650 600 16 0 0 0 0 0 0 0 0 0 
scan 650 600 17 2.11608e-07 2.1676e-07 2.11608e-07 7.33031e-09 0 0 2.85671e-09 4.23216e-08 1.88156e-08 
scan 650 600 18 0 0 0 0 0 0 0 0 0 
scan 650 600 19 0 0 0 0 0 0 0 0 0 
scan 650 600 20 0 0 0 0 0 0 0 0 0 
scan 650 600 21 0 0 0 0 0 0 0 0 0 
scan 650 600 22 0 0 0 0 0 0 0 0 0 
scan 650 600 23 0 0 0 0 0 0 0 0 0 
scan 650 600 24 0 0 0 0 0 0 0 0 0 
scan 650 600 25 0 0 0 0 0 0 0 0 0 
scan 650 600 26 0 0 0 0 0 0 0 0 0 
scan 650 600 27 0 0 0 0 0 0 0 0 0 
scan 650 600 28 0 0 0 0 0 0 0 0 0 
scan 650 600 29 0 0 0 0 0 0 0 0 0 
scan 650 600 30 0 0 0 0 0 0 0 0 0 
scan 650 600 31 4.03671e-07 2.97777e-07 2.85438e-07 0 1.39836e-08 0 3.22937e-10 8.07341e-08 2.19629e-08 
scan 650 600 32 4.04316e-07 2.98253e-07 2.85894e-07 1.14358e-08 8.08632e-09 0 8.61799e-13 8.08632e-08 2.1998e-08 
scan 650 600 33 0 0 0 0 0 0 0 0 0 
scan 650 600 34 0 0 0 0 0 0 0 0 0 
scan 650 600 35 0 0 0 0 0 0 0 0 0 
scan 650 600 36 0 0 0 0 0 0 0 0 0 
scan 650 600 37 0 0 0 0 0 0 0 0 0 
scan 650 600 38 0 0 0 0 0 0 0 0 0 
scan 650 600 39 0 0 0 0 0 0 0 0 0 
scan 650 600 40 0 0 0 0 0 0 0 0 0 
scan 650 600 41 0 0 0 0 0 0 0 0 0 
scan 650 600 42 0 0 0 0 0 0 0 0 0 
scan 650 600 43 0 0 0 0 0 0 0 0 0 
scan 650 600 44 0 0 0 0 0 0 0 0 0 
scan 650 600 45 0 0 0 0 0 0 0 0 0 
scan 650 600 46 0 0 0 0 0 0 0 0 0 
scan 650 600 47 0 0 0 0 0 0 0 0 0 
scan 650 600 48 0 0 0 0 0 0 0 0 0 
scan 650 600 49 0 0 0 0 0 0 0 0 0 
scan 650 600 50 0 0 0 0 0 0 0 0 0 
scan 650 600 51 0 0 0 0 0 0 0 0 0 
scan 650 600 52 0 0 0 0 0 0 0 0 0 
scan 650 600 53 0 0 0 0 0 0 0 0 0 
scan 650 600 54 0 0 0 0 0 0 0 0 0 
scan 650 600 55 0 0 0 0 0 0 0 0 0 
scan 650 600 56 0 0 0 0 0 0 0 0 0 
scan 650 600 57 0 0 0 0 0 0 0 0 0 
scan 650 600 58 0 0 0 0 0 0 0 0 0 
scan 650 600 59 0 0 0 0 0 0 0 0 0 
scan 650 600 75 0 0 0 0 0 0 0 0 0 
scan 650 600 76 0 0 0 0 0 0 0 0 0 
scan 650 600 77 0 0 0 0 0 0 0 0 0 
scan 650 600 78 0 0 0 0 0 0 0 0 0 
scan 650 600 79 0 0 0 0 0 0 0 0 0 
scan 650 600 80 0 0 0 0 0 0 0 0 0 
scan 650 600 81 0 0 0 0 0 0 0 0 0 
scan 650 600 82 0 0 0 0 0 0 0 0 0 
scan 650 600 83 0 0 0 0 0 0 0 0 0 
scan 650 600 84 0 0 0 0 0 0 0 0 0 
scan 650 600 85 0 0 0 0 0 0 0 0 0 
scan 650 600 86 0 0 0 0 0 0 0 0 0 
scan 650 600 87 0 0 0 0 0 0 0 0 0 
scan 650 600 88 0 0 0 0 0 0 0 0 0 
scan 650 600 89 0 0 0 0 0 0 0 0 0 
scan 650 600 90 0 0 0 0 0 0 0 0 0 
scan 650 600 91 0 0 0 0 0 0 0 0 0 
scan 650 600 92 0 0 0 0 0 0 0 0 0 
scan 650 600 93 0 0 0 0 0 0 0 0 0 
scan 650 600 94 1.94072e-07 1.98549e-07 1.94072e-07 0 5.4892e-09 9.70362e-09 3.88145e-09 3.88145e-08 1.05591e-08 
scan 650 600 95 0 0 0 0 0 0 0 0 0 
scan 650 600 96 0 0 0 0 0 0 0 0 0 
scan 650 600 97 0 0 0 0 0 0 0 0 0 
scan 650 600 98 0 0 0 0 0 0 0 0 0 
scan 650 600 99 0 0 0 0 0 0 0 0 0 
scan 650 600 100 0 0 0 0 0 0 0 0 0 
scan 650 600 101 0 0 0 0 0 0 0 0 0 
scan 650 600 102 0 0 0 0 0 0 0 0 0 
scan 650 600 103 0 0 0 0 0 0 0 0 0 
scan 650 600 104 0 0 0 0 0 0 0 0 0 
scan 650 600 120 0 0 0 0 0 0 0 0 0 
scan 650 600 121 0 0 0 0 0 0 0 0 0 
scan 650 600 122 0 0 0 0 0 0 0 0 0 
scan 650 600 123 0 0 0 0 0 0 0 0 0 
scan 650 600 124 0 0 0 0 0 0 0 0 0 
scan 650 600 125 0 0 0 0 0 0 0 0 0 
scan 650 600 126 0 0 0 0 0 0 0 0 0 
scan 650 600 127 0 0 0 0 0 0 0 0 0 
scan 650 600 128 0 0 0 0 0 0 0 0 0 
scan 650 600 129 0 0 0 0 0 0 0 0 0 
scan 650 600 130 0 0 0 0 0 0 0 0 0 
scan 650 600 131 0 0 0 0 0 0 0 0 0 
scan 650 600 132 0 0 0 0 0 0 0 0 0 
scan 650 600 133 0 0 0 0 0 0 0 0 0 
scan 650 600 134 0 0 0 0 0 0 0 0 0 
scan 650 600 135 2.16414e-07 2.21665e-07 2.16414e-07 4.32828e-09 4.32828e-09 4.32828e-09 5.30215e-10 4.32828e-08 1.9243e-08 
scan 650 600 136 0 0 0 0 0 0 0 0 0 
scan 650 600 137 0 0 0 0 0 0 0 0 0 
scan 650 600 138 0 0 0 0 0 0 0 0 0 
scan 650 600 139 0 0 0 0 0 0 0 0 0 
scan 650 600 140 0 0 0 0 0 0 0 0 0 
scan 650 600 141 0 0 0 0 0 0 0 0 0 
scan 650 600 142 0 0 0 0 0 0 0 0 0 
scan 650 600 143 0 0 0 0 0 0 0 0 0 
scan 650 600 144 0 0 0 0 0 0 0 0 0 
scan 650 600 145 0 0 0 0 0 0 0 0 0 
scan 650 600 146 0 0 0 0 0 0 0 0 0 
scan 650 600 147 0 0 0 0 0 0 0 0 0 
scan 650 600 148 0 0 0 0 0 0 0 0 0 
scan 650 600 149 0 0 0 0 0 0 0 0 0 
scan 650 600 165 0 0 0 0 0 0 0 0 0 
scan 650 600 166 0 0 0 0 0 0 0 0 0 
scan 650 600 167 0 0 0 0 0 0 0 0 0 
scan 650 600 168 0 0 0 0 0 0 0 0 0 
scan 650 600 169 0 0 0 0 0 0 0 0 0 
scan 650 600 170 0 0 0 0 0 0 0 0 0 
scan 650 600 171 0 0 0 0 0 0 0 0 0 
scan 650 600 172 0 0 0 0 0 0 0 0 0 
scan 650 600 173 0 0 0 0 0 0 0 0 0 
scan 650 600 174 0 0 0 0 0 0 0 0 0 
scan 650 600 175 0 0 0 0 0 0 0 0 0 
scan 650 600 176 0 0 0 0 0 0 0 0 0 
scan 650 600 177 0 0 0 0 0 0 0 0 0 
scan 650 600 178 0 0 0 0 0 0 0 0 0 
scan 650 600 179 0 0 0 0 0 0 0 0 0 
