xsec 700 400 0.00185119
scan 700 400 0 2.79118e-06 1.2895e-06 1.14006e-06 7.62266e-08 6.89575e-08 0 3.61502e-09 5.58235e-07 2.02149e-07 
scan 700 400 1 3.23679e-06 1.40722e-06 1.22374e-06 7.47729e-08 7.92537e-08 0 9.06853e-09 6.47357e-07 2.27388e-07 
scan 700 400 2 8.71944e-06 2.73844e-06 2.00117e-06 2.62081e-07 2.0183e-07 0 3.65348e-08 1.74389e-06 5.85182e-07 
scan 700 400 3 5.95364e-06 2.08834e-06 1.65182e-06 1.55015e-07 2.05116e-07 0 2.0651e-08 1.19073e-06 3.8506e-07 
scan 700 400 4 2.48444e-05 6.30866e-06 3.38226e-06 5.70225e-07 7.17615e-07 0 8.23216e-08 4.96889e-06 1.6801e-06 
scan 700 400 5 1.87609e-06 1.10646e-06 9.38662e-07 5.35237e-08 3.5228e-08 0 4.40645e-09 5.62828e-07 1.49215e-07 
scan 700 400 6 1.81684e-06 1.06657e-06 9.08443e-07 4.11382e-08 4.94875e-08 0 4.95034e-09 5.45051e-07 1.05099e-07 
scan 700 400 7 9.3378e-07 7.21904e-07 6.60439e-07 2.88041e-08 1.2918e-08 0 4.29515e-09 2.80134e-07 7.39945e-08 
scan 700 400 8 4.56722e-07 4.77825e-07 4.56722e-07 1.2918e-08 9.13444e-09 0 6.57953e-13 1.37017e-07 2.642e-08 
scan 700 400 9 1.79739e-06 1.05489e-06 8.98728e-07 5.53072e-08 1.5796e-08 0 1.44464e-08 5.39216e-07 1.03974e-07 
scan 700 400 10 0 0 0 0 0 0 0 0 0 
scan 700 400 11 2.74075e-06 2.96716e-06 1.11918e-06 7.89989e-08 3.78484e-08 0 1.4048e-08 2.74075e-06 1.78523e-07 
scan 700 400 12 4.58669e-06 4.82245e-06 1.45087e-06 1.069e-07 9.06388e-08 0 1.89763e-08 4.58669e-06 3.05466e-07 
scan 700 400 13 6.83438e-06 7.0745e-06 1.76496e-06 1.67305e-07 1.53086e-07 0 2.24059e-08 6.83438e-06 4.15693e-07 
scan 700 400 14 5.07072e-05 5.1081e-05 4.83641e-06 1.3174e-06 1.0396e-06 0 1.2747e-07 5.07072e-05 3.43822e-06 
scan 700 400 15 4.16167e-06 1.65214e-06 1.38781e-06 1.21435e-07 7.08182e-08 0 1.77174e-08 8.32335e-07 3.01114e-07 
scan 700 400 16 9.15851e-06 2.83142e-06 2.04862e-06 2.45539e-07 1.73517e-07 0 4.53416e-08 1.8317e-06 6.10335e-07 
scan 700 400 17 1.05243e-05 3.13785e-06 2.19504e-06 2.45512e-07 2.96529e-07 0 3.32665e-08 2.10485e-06 6.69488e-07 
scan 700 400 18 9.59113e-06 2.9313e-06 2.09362e-06 2.50176e-07 2.9398e-07 0 4.28587e-08 1.91823e-06 6.15493e-07 
scan 700 400 19 2.19904e-05 5.66388e-06 3.17494e-06 5.58786e-07 5.84102e-07 0 6.68049e-08 4.39807e-06 1.41365e-06 
scan 700 400 20 2.24726e-06 1.21922e-06 1.00509e-06 6.27352e-08 2.48924e-08 0 1.76999e-08 6.74177e-07 1.29997e-07 
scan 700 400 21 4.48502e-07 4.69243e-07 4.48502e-07 1.55366e-08 0 0 4.03652e-09 1.34551e-07 2.59445e-08 
scan 700 400 22 1.356e-06 8.86632e-07 7.82946e-07 2.45285e-08 2.86759e-08 0 6.9127e-09 4.06801e-07 7.84409e-08 
scan 700 400 23 9.13441e-07 7.04425e-07 6.459e-07 2.56017e-08 2.20524e-08 0 2.63627e-12 2.74032e-07 5.28399e-08 
scan 700 400 24 1.35233e-06 8.84559e-07 7.80796e-07 4.39491e-08 9.11473e-09 0 8.75578e-09 4.05699e-07 7.82283e-08 
scan 700 400 25 4.54896e-07 6.44389e-07 4.54896e-07 0 2.61318e-08 0 9.09792e-10 4.54896e-07 2.63144e-08 
scan 700 400 26 4.17204e-06 4.41046e-06 1.39146e-06 1.09444e-07 8.12924e-08 0 1.26592e-08 4.17204e-06 3.02291e-07 
scan 700 400 27 5.07784e-06 5.31771e-06 1.53169e-06 7.72738e-08 1.24816e-07 0 1.64607e-08 5.07784e-06 3.54445e-07 
scan 700 400 28 1.01525e-05 1.04106e-05 2.16553e-06 2.93005e-07 1.72395e-07 0 3.42675e-08 1.01525e-05 7.08769e-07 
scan 700 400 29 4.41486e-05 4.45009e-05 4.50744e-06 1.19177e-06 8.54004e-07 0 1.36736e-07 4.41486e-05 2.95761e-06 
scan 700 400 30 9.09975e-07 6.71424e-07 6.4345e-07 1.64081e-08 2.48596e-08 0 1.72893e-09 1.81995e-07 5.26394e-08 
scan 700 400 31 9.13444e-07 6.74061e-07 6.45902e-07 2.58361e-08 1.82689e-08 0 1.31591e-12 1.82689e-07 5.28401e-08 
scan 700 400 32 4.5278e-06 1.72321e-06 1.43189e-06 1.23614e-07 1.21874e-07 0 1.93177e-08 9.05561e-07 2.6192e-07 
scan 700 400 33 3.68701e-06 1.52398e-06 1.30398e-06 7.66143e-08 9.00718e-08 0 1.22646e-08 7.37401e-07 2.53506e-07 
scan 700 400 34 9.18489e-06 2.8464e-06 2.0546e-06 2.49525e-07 2.05893e-07 0 4.66422e-08 1.83698e-06 6.31877e-07 
scan 700 400 35 4.55992e-07 4.77062e-07 4.55992e-07 0 1.5796e-08 0 3.64794e-10 1.36798e-07 2.63778e-08 
scan 700 400 36 9.06866e-07 6.99443e-07 6.41268e-07 2.47279e-08 2.45951e-08 0 3.24266e-09 2.7206e-07 5.24596e-08 
scan 700 400 37 1.81666e-06 1.06638e-06 9.08355e-07 4.05447e-08 4.81738e-08 0 5.03777e-09 5.44998e-07 1.05088e-07 
scan 700 400 38 4.56722e-07 4.77825e-07 4.56722e-07 1.2918e-08 9.13444e-09 0 6.57953e-13 1.37017e-07 2.642e-08 
scan 700 400 39 1.80773e-06 1.06128e-06 9.03912e-07 5.21997e-08 3.74778e-08 0 9.38952e-09 5.4232e-07 1.04572e-07 
scan 700 400 40 4.5672e-07 6.46972e-07 4.5672e-07 9.1344e-09 2.45951e-08 0 1.61131e-12 4.5672e-07 2.64199e-08 
scan 700 400 41 3.18626e-06 3.41298e-06 1.20432e-06 8.37691e-08 6.93308e-08 0 5.32252e-09 3.18626e-06 1.84316e-07 
scan 700 400 42 1.8275e-06 2.04823e-06 9.14047e-07 6.33064e-08 0 0 1.40167e-08 1.8275e-06 1.25694e-07 
scan 700 400 43 2.80455e-06 3.03945e-06 1.14584e-06 9.35502e-08 3.31725e-08 0 1.13209e-08 2.80455e-06 2.23267e-07 
scan 700 400 44 2.24555e-05 2.27416e-05 3.20882e-06 5.31802e-07 4.62555e-07 0 7.69698e-08 2.24555e-05 1.46017e-06 
scan 700 400 45 0 0 0 0 0 0 0 0 0 
scan 700 400 46 0 0 0 0 0 0 0 0 0 
scan 700 400 47 0 0 0 0 0 0 0 0 0 
scan 700 400 48 0 0 0 0 0 0 0 0 0 
scan 700 400 49 0 0 0 0 0 0 0 0 0 
scan 700 400 50 0 0 0 0 0 0 0 0 0 
scan 700 400 51 0 0 0 0 0 0 0 0 0 
scan 700 400 52 4.5657e-07 4.77666e-07 4.5657e-07 9.13139e-09 1.29137e-08 0 7.67037e-11 1.36971e-07 2.64112e-08 
scan 700 400 53 0 0 0 0 0 0 0 0 0 
scan 700 400 54 0 0 0 0 0 0 0 0 0 
scan 700 400 55 0 0 0 0 0 0 0 0 0 
scan 700 400 56 0 0 0 0 0 0 0 0 0 
scan 700 400 57 0 0 0 0 0 0 0 0 0 
scan 700 400 58 0 0 0 0 0 0 0 0 0 
scan 700 400 59 9.12832e-07 1.12002e-06 6.4547e-07 2.20365e-08 3.57269e-08 0 3.0666e-10 9.12832e-07 5.28047e-08 
scan 700 400 75 0 0 0 0 0 0 0 0 0 
scan 700 400 76 0 0 0 0 0 0 0 0 0 
scan 700 400 77 0 0 0 0 0 0 0 0 0 
scan 700 400 78 0 0 0 0 0 0 0 0 0 
scan 700 400 79 0 0 0 0 0 0 0 0 0 
scan 700 400 80 0 0 0 0 0 0 0 0 0 
scan 700 400 81 0 0 0 0 0 0 0 0 0 
scan 700 400 82 0 0 0 0 0 0 0 0 0 
scan 700 400 83 0 0 0 0 0 0 0 0 0 
scan 700 400 84 0 0 0 0 0 0 0 0 0 
scan 700 400 85 0 0 0 0 0 0 0 0 0 
scan 700 400 86 0 0 0 0 0 0 0 0 0 
scan 700 400 87 0 0 0 0 0 0 0 0 0 
scan 700 400 88 0 0 0 0 0 0 0 0 0 
scan 700 400 89 4.56723e-07 6.46637e-07 4.56723e-07 9.13445e-09 1.29181e-08 0 2.19318e-13 4.56723e-07 2.64201e-08 
scan 700 400 90 4.01916e-07 4.12302e-07 4.01916e-07 8.03833e-09 2.00958e-08 2.00958e-08 2.4115e-08 8.03833e-08 2.32497e-08 
scan 700 400 91 0 0 0 0 0 0 0 0 0 
scan 700 400 92 0 0 0 0 0 0 0 0 0 
scan 700 400 93 0 0 0 0 0 0 0 0 0 
scan 700 400 94 0 0 0 0 0 0 0 0 0 
scan 700 400 95 0 0 0 0 0 0 0 0 0 
scan 700 400 96 0 0 0 0 0 0 0 0 0 
scan 700 400 97 0 0 0 0 0 0 0 0 0 
scan 700 400 98 0 0 0 0 0 0 0 0 0 
scan 700 400 99 0 0 0 0 0 0 0 0 0 
scan 700 400 100 0 0 0 0 0 0 0 0 0 
scan 700 400 101 0 0 0 0 0 0 0 0 0 
scan 700 400 102 0 0 0 0 0 0 0 0 0 
scan 700 400 103 0 0 0 0 0 0 0 0 0 
scan 700 400 104 4.27508e-07 6.07204e-07 4.27508e-07 1.28252e-08 8.55017e-09 2.13754e-08 2.56505e-08 4.27508e-07 4.2633e-08 
scan 700 400 120 0 0 0 0 0 0 0 0 0 
scan 700 400 121 0 0 0 0 0 0 0 0 0 
scan 700 400 122 0 0 0 0 0 0 0 0 0 
scan 700 400 123 0 0 0 0 0 0 0 0 0 
scan 700 400 124 0 0 0 0 0 0 0 0 0 
scan 700 400 125 0 0 0 0 0 0 0 0 0 
scan 700 400 126 0 0 0 0 0 0 0 0 0 
scan 700 400 127 0 0 0 0 0 0 0 0 0 
scan 700 400 128 0 0 0 0 0 0 0 0 0 
scan 700 400 129 0 0 0 0 0 0 0 0 0 
scan 700 400 130 0 0 0 0 0 0 0 0 0 
scan 700 400 131 0 0 0 0 0 0 0 0 0 
scan 700 400 132 0 0 0 0 0 0 0 0 0 
scan 700 400 133 0 0 0 0 0 0 0 0 0 
scan 700 400 134 0 0 0 0 0 0 0 0 0 
scan 700 400 135 0 0 0 0 0 0 0 0 0 
scan 700 400 136 0 0 0 0 0 0 0 0 0 
scan 700 400 137 4.01916e-07 4.1189e-07 4.01916e-07 8.03833e-09 8.03833e-09 2.00958e-08 2.4115e-08 8.03833e-08 2.32497e-08 
scan 700 400 138 0 0 0 0 0 0 0 0 0 
scan 700 400 139 0 0 0 0 0 0 0 0 0 
scan 700 400 140 0 0 0 0 0 0 0 0 0 
scan 700 400 141 0 0 0 0 0 0 0 0 0 
scan 700 400 142 0 0 0 0 0 0 0 0 0 
scan 700 400 143 4.83424e-07 5.07768e-07 4.83424e-07 9.66849e-09 9.66849e-09 2.41712e-08 1.18439e-09 1.45027e-07 4.82092e-08 
scan 700 400 144 0 0 0 0 0 0 0 0 0 
scan 700 400 145 0 0 0 0 0 0 0 0 0 
scan 700 400 146 0 0 0 0 0 0 0 0 0 
scan 700 400 147 0 0 0 0 0 0 0 0 0 
scan 700 400 148 4.54485e-07 6.43807e-07 4.54485e-07 9.0897e-09 9.0897e-09 2.27243e-08 1.11349e-09 4.54485e-07 2.62906e-08 
scan 700 400 149 4.01916e-07 5.69552e-07 4.01916e-07 8.03833e-09 8.03833e-09 8.03833e-09 2.4115e-08 4.01916e-07 2.32497e-08 
scan 700 400 165 0 0 0 0 0 0 0 0 0 
scan 700 400 166 0 0 0 0 0 0 0 0 0 
scan 700 400 167 0 0 0 0 0 0 0 0 0 
scan 700 400 168 0 0 0 0 0 0 0 0 0 
scan 700 400 169 0 0 0 0 0 0 0 0 0 
scan 700 400 170 0 0 0 0 0 0 0 0 0 
scan 700 400 171 0 0 0 0 0 0 0 0 0 
scan 700 400 172 0 0 0 0 0 0 0 0 0 
scan 700 400 173 0 0 0 0 0 0 0 0 0 
scan 700 400 174 0 0 0 0 0 0 0 0 0 
scan 700 400 175 0 0 0 0 0 0 0 0 0 
scan 700 400 176 0 0 0 0 0 0 0 0 0 
scan 700 400 177 0 0 0 0 0 0 0 0 0 
scan 700 400 178 0 0 0 0 0 0 0 0 0 
scan 700 400 179 0 0 0 0 0 0 0 0 0 
