xsec 700 150 0.00185119
scan 700 150 0 2.66227e-06 1.63682e-06 1.53711e-06 9.34926e-08 1.79421e-08 0 1.42997e-08 5.32453e-07 1.54004e-07 
scan 700 150 1 2.8333e-06 1.75137e-06 1.63999e-06 7.15224e-08 9.21678e-08 0 4.53482e-10 5.66661e-07 2.0745e-07 
scan 700 150 2 1.76112e-06 1.29999e-06 1.24531e-06 6.67862e-08 0 0 1.62317e-08 3.52225e-07 1.01876e-07 
scan 700 150 3 2.80028e-06 1.72923e-06 1.61984e-06 6.05356e-08 8.32071e-08 0 1.66223e-08 5.60055e-07 2.04494e-07 
scan 700 150 4 1.54769e-05 4.98963e-06 3.75805e-06 2.83945e-07 3.83666e-07 0 2.95228e-08 3.09538e-06 9.81543e-07 
scan 700 150 5 0 0 0 0 0 0 0 0 0 
scan 700 150 6 0 0 0 0 0 0 0 0 0 
scan 700 150 7 8.84196e-07 9.25072e-07 8.84196e-07 3.06294e-08 0 0 6.36621e-09 2.65259e-07 5.11482e-08 
scan 700 150 8 0 0 0 0 0 0 0 0 0 
scan 700 150 9 6.23885e-06 3.04062e-06 2.35815e-06 1.68174e-07 1.49948e-07 0 2.01099e-08 1.87166e-06 3.609e-07 
scan 700 150 10 0 0 0 0 0 0 0 0 0 
scan 700 150 11 1.91691e-06 2.35652e-06 1.36035e-06 5.69563e-08 2.94151e-08 0 9.86595e-09 1.91691e-06 1.54439e-07 
scan 700 150 12 8.17855e-06 8.64189e-06 2.72901e-06 1.85003e-07 2.12353e-07 0 1.89039e-08 8.17855e-06 5.1603e-07 
scan 700 150 13 7.5801e-06 8.06606e-06 2.68658e-06 1.31754e-07 2.12809e-07 0 1.25307e-08 7.5801e-06 5.68288e-07 
scan 700 150 14 5.92255e-05 5.98301e-05 7.35728e-06 1.37473e-06 1.01266e-06 0 2.53515e-07 5.92255e-05 3.85661e-06 
scan 700 150 15 0 0 0 0 0 0 0 0 0 
scan 700 150 16 0 0 0 0 0 0 0 0 0 
scan 700 150 17 1.03997e-06 1.06649e-06 1.03997e-06 3.74967e-08 2.07994e-08 0 5.50353e-12 2.07994e-07 1.03711e-07 
scan 700 150 18 5.65132e-06 2.61483e-06 2.31341e-06 1.42325e-07 1.27494e-07 0 8.40647e-09 1.13026e-06 4.14001e-07 
scan 700 150 19 2.47303e-05 7.11071e-06 4.76854e-06 6.97577e-07 3.87205e-07 0 1.01272e-07 4.94605e-06 1.64713e-06 
scan 700 150 20 0 0 0 0 0 0 0 0 0 
scan 700 150 21 0 0 0 0 0 0 0 0 0 
scan 700 150 22 0 0 0 0 0 0 0 0 0 
scan 700 150 23 1.77807e-06 1.37126e-06 1.25734e-06 6.28631e-08 1.79421e-08 0 7.93344e-09 5.33421e-07 1.02856e-07 
scan 700 150 24 1.93342e-06 1.49991e-06 1.37084e-06 5.80027e-08 8.12224e-08 0 1.83349e-09 5.80027e-07 1.55308e-07 
scan 700 150 25 0 0 0 0 0 0 0 0 0 
scan 700 150 26 0 0 0 0 0 0 0 0 0 
scan 700 150 27 4.45649e-06 4.89099e-06 1.99307e-06 1.36809e-07 6.12585e-08 0 1.43014e-08 4.45649e-06 2.57795e-07 
scan 700 150 28 1.90546e-06 2.3417e-06 1.35084e-06 6.6007e-08 0 0 1.55576e-08 1.90546e-06 1.52993e-07 
scan 700 150 29 3.98703e-05 4.04469e-05 6.09445e-06 8.44488e-07 8.30123e-07 0 1.36008e-07 3.98703e-05 2.78304e-06 
scan 700 150 30 1.79064e-06 1.32144e-06 1.26618e-06 3.6989e-08 5.13291e-08 0 1.78705e-09 3.58128e-07 1.03583e-07 
scan 700 150 31 4.48382e-06 2.21716e-06 2.00523e-06 8.8163e-08 1.25083e-07 0 8.72096e-10 8.96765e-07 2.59376e-07 
scan 700 150 32 1.14318e-05 4.13507e-06 3.3099e-06 3.14967e-07 2.08988e-07 0 2.35785e-08 2.28636e-06 8.78941e-07 
scan 700 150 33 9.03547e-06 3.44292e-06 2.85977e-06 2.61653e-07 1.42902e-07 0 3.85142e-08 1.80709e-06 5.65182e-07 
scan 700 150 34 7.1154e-05 1.72504e-05 8.12643e-06 1.63283e-06 1.65984e-06 0 1.73432e-07 1.42308e-05 4.85508e-06 
scan 700 150 35 0 0 0 0 0 0 0 0 0 
scan 700 150 36 1.03997e-06 1.09234e-06 1.03997e-06 2.07995e-08 5.60044e-08 0 3.66903e-12 3.11992e-07 1.03711e-07 
scan 700 150 37 0 0 0 0 0 0 0 0 0 
scan 700 150 38 2.0783e-06 1.61104e-06 1.46958e-06 2.94151e-08 5.6768e-08 0 8.32153e-10 6.23489e-07 2.07257e-07 
scan 700 150 39 2.43761e-05 8.95307e-06 4.79265e-06 5.85771e-07 5.2559e-07 0 4.51782e-08 7.31283e-06 1.75758e-06 
scan 700 150 40 8.97112e-07 1.27015e-06 8.97112e-07 2.53741e-08 1.79422e-08 0 1.29238e-12 8.97112e-07 5.18953e-08 
scan 700 150 41 3.56763e-06 3.99565e-06 1.78389e-06 8.81254e-08 6.69115e-08 0 1.02021e-08 3.56763e-06 2.06377e-07 
scan 700 150 42 1.11498e-05 1.16392e-05 3.22636e-06 2.03706e-07 3.17372e-07 0 2.17127e-08 1.11498e-05 7.75639e-07 
scan 700 150 43 1.20602e-05 1.25524e-05 3.35227e-06 2.60578e-07 3.50076e-07 0 1.5258e-08 1.20602e-05 8.28301e-07 
scan 700 150 44 0.000140414 0.000141229 1.13313e-05 3.09987e-06 3.15356e-06 0 3.64035e-07 0.000140414 9.03163e-06 
scan 700 150 45 0 0 0 0 0 0 0 0 0 
scan 700 150 46 0 0 0 0 0 0 0 0 0 
scan 700 150 47 0 0 0 0 0 0 0 0 0 
scan 700 150 48 0 0 0 0 0 0 0 0 0 
scan 700 150 49 0 0 0 0 0 0 0 0 0 
scan 700 150 50 0 0 0 0 0 0 0 0 0 
scan 700 150 51 0 0 0 0 0 0 0 0 0 
scan 700 150 52 0 0 0 0 0 0 0 0 0 
scan 700 150 53 0 0 0 0 0 0 0 0 0 
scan 700 150 54 0 0 0 0 0 0 0 0 0 
scan 700 150 55 0 0 0 0 0 0 0 0 0 
scan 700 150 56 0 0 0 0 0 0 0 0 0 
scan 700 150 57 0 0 0 0 0 0 0 0 0 
scan 700 150 58 0 0 0 0 0 0 0 0 0 
scan 700 150 59 8.97102e-07 1.27029e-06 8.97102e-07 3.23455e-08 1.7942e-08 0 6.20077e-12 8.97102e-07 5.18947e-08 
scan 700 150 75 0 0 0 0 0 0 0 0 0 
scan 700 150 76 0 0 0 0 0 0 0 0 0 
scan 700 150 77 0 0 0 0 0 0 0 0 0 
scan 700 150 78 0 0 0 0 0 0 0 0 0 
scan 700 150 79 0 0 0 0 0 0 0 0 0 
scan 700 150 80 0 0 0 0 0 0 0 0 0 
scan 700 150 81 0 0 0 0 0 0 0 0 0 
scan 700 150 82 0 0 0 0 0 0 0 0 0 
scan 700 150 83 0 0 0 0 0 0 0 0 0 
scan 700 150 84 0 0 0 0 0 0 0 0 0 
scan 700 150 85 0 0 0 0 0 0 0 0 0 
scan 700 150 86 0 0 0 0 0 0 0 0 0 
scan 700 150 87 0 0 0 0 0 0 0 0 0 
scan 700 150 88 0 0 0 0 0 0 0 0 0 
scan 700 150 89 1.03998e-06 1.47485e-06 1.03998e-06 2.07996e-08 2.94151e-08 0 6.52276e-13 1.03998e-06 1.03712e-07 
scan 700 150 90 0 0 0 0 0 0 0 0 0 
scan 700 150 91 1.03489e-06 1.06208e-06 1.03489e-06 2.06977e-08 2.06977e-08 5.17443e-08 2.53547e-09 2.06977e-07 1.03203e-07 
scan 700 150 92 7.8946e-07 8.08242e-07 7.8946e-07 1.57892e-08 1.57892e-08 1.57892e-08 4.73676e-08 1.57892e-07 4.5668e-08 
scan 700 150 93 0 0 0 0 0 0 0 0 0 
scan 700 150 94 0 0 0 0 0 0 0 0 0 
scan 700 150 95 0 0 0 0 0 0 0 0 0 
scan 700 150 96 0 0 0 0 0 0 0 0 0 
scan 700 150 97 0 0 0 0 0 0 0 0 0 
scan 700 150 98 0 0 0 0 0 0 0 0 0 
scan 700 150 99 0 0 0 0 0 0 0 0 0 
scan 700 150 100 0 0 0 0 0 0 0 0 0 
scan 700 150 101 0 0 0 0 0 0 0 0 0 
scan 700 150 102 0 0 0 0 0 0 0 0 0 
scan 700 150 103 7.8946e-07 1.11874e-06 7.8946e-07 2.23293e-08 0 1.57892e-08 4.73676e-08 7.8946e-07 4.5668e-08 
scan 700 150 104 2.47164e-06 2.86223e-06 1.42949e-06 5.59729e-08 3.36436e-08 7.62143e-08 9.69224e-08 2.47164e-06 1.42977e-07 
scan 700 150 120 9.98383e-07 1.02379e-06 9.98383e-07 0 2.82385e-08 1.99677e-08 1.99677e-08 1.99677e-07 9.95632e-08 
scan 700 150 121 0 0 0 0 0 0 0 0 0 
scan 700 150 122 0 0 0 0 0 0 0 0 0 
scan 700 150 123 0 0 0 0 0 0 0 0 0 
scan 700 150 124 9.35984e-07 9.60761e-07 9.35984e-07 0 2.64736e-08 1.87197e-08 4.67992e-08 1.87197e-07 9.33405e-08 
scan 700 150 125 0 0 0 0 0 0 0 0 0 
scan 700 150 126 0 0 0 0 0 0 0 0 0 
scan 700 150 127 0 0 0 0 0 0 0 0 0 
scan 700 150 128 0 0 0 0 0 0 0 0 0 
scan 700 150 129 0 0 0 0 0 0 0 0 0 
scan 700 150 130 0 0 0 0 0 0 0 0 0 
scan 700 150 131 0 0 0 0 0 0 0 0 0 
scan 700 150 132 0 0 0 0 0 0 0 0 0 
scan 700 150 133 0 0 0 0 0 0 0 0 0 
scan 700 150 134 7.8946e-07 1.11888e-06 7.8946e-07 2.36838e-08 1.57892e-08 1.57892e-08 4.73676e-08 7.8946e-07 4.5668e-08 
scan 700 150 135 0 0 0 0 0 0 0 0 0 
scan 700 150 136 1.57892e-06 1.16986e-06 1.11647e-06 3.15784e-08 3.15784e-08 5.52622e-08 9.47353e-08 3.15784e-07 9.1336e-08 
scan 700 150 137 0 0 0 0 0 0 0 0 0 
scan 700 150 138 0 0 0 0 0 0 0 0 0 
scan 700 150 139 0 0 0 0 0 0 0 0 0 
scan 700 150 140 0 0 0 0 0 0 0 0 0 
scan 700 150 141 0 0 0 0 0 0 0 0 0 
scan 700 150 142 0 0 0 0 0 0 0 0 0 
scan 700 150 143 0 0 0 0 0 0 0 0 0 
scan 700 150 144 0 0 0 0 0 0 0 0 0 
scan 700 150 145 0 0 0 0 0 0 0 0 0 
scan 700 150 146 0 0 0 0 0 0 0 0 0 
scan 700 150 147 0 0 0 0 0 0 0 0 0 
scan 700 150 148 0 0 0 0 0 0 0 0 0 
scan 700 150 149 0 0 0 0 0 0 0 0 0 
scan 700 150 165 0 0 0 0 0 0 0 0 0 
scan 700 150 166 0 0 0 0 0 0 0 0 0 
scan 700 150 167 0 0 0 0 0 0 0 0 0 
scan 700 150 168 7.62547e-07 7.81442e-07 7.62547e-07 1.52509e-08 1.52509e-08 1.52509e-08 5.7191e-08 1.52509e-07 4.41111e-08 
scan 700 150 169 0 0 0 0 0 0 0 0 0 
scan 700 150 170 0 0 0 0 0 0 0 0 0 
scan 700 150 171 0 0 0 0 0 0 0 0 0 
scan 700 150 172 0 0 0 0 0 0 0 0 0 
scan 700 150 173 0 0 0 0 0 0 0 0 0 
scan 700 150 174 0 0 0 0 0 0 0 0 0 
scan 700 150 175 0 0 0 0 0 0 0 0 0 
scan 700 150 176 0 0 0 0 0 0 0 0 0 
scan 700 150 177 0 0 0 0 0 0 0 0 0 
scan 700 150 178 0 0 0 0 0 0 0 0 0 
scan 700 150 179 7.8946e-07 1.11932e-06 7.8946e-07 1.57892e-08 3.9473e-08 1.57892e-08 4.73676e-08 7.8946e-07 4.5668e-08 
