xsec 750 450 0.00112965
scan 750 450 0 7.35458e-07 3.99507e-07 3.67749e-07 2.27483e-08 1.01453e-08 0 4.46582e-09 1.47092e-07 4.57199e-08 
scan 750 450 1 3.15828e-06 1.02228e-06 7.66138e-07 6.69069e-08 9.22214e-08 0 1.27613e-08 6.31657e-07 2.14384e-07 
scan 750 450 2 3.71771e-06 1.15282e-06 8.3146e-07 9.83245e-08 9.1076e-08 0 1.70656e-08 7.43541e-07 2.5799e-07 
scan 750 450 3 4.64473e-06 1.36232e-06 9.29178e-07 1.40933e-07 9.76639e-08 0 1.886e-08 9.28946e-07 3.15978e-07 
scan 750 450 4 1.5703e-05 3.80217e-06 1.71382e-06 4.47761e-07 3.67345e-07 0 5.94378e-08 3.1406e-06 1.1476e-06 
scan 750 450 5 1.83465e-07 1.91992e-07 1.83465e-07 6.35541e-09 0 0 1.32095e-09 5.50395e-08 1.14051e-08 
scan 750 450 6 1.81119e-07 1.89592e-07 1.81119e-07 7.46775e-09 0 0 2.44511e-09 5.43358e-08 1.12593e-08 
scan 750 450 7 1.96022e-07 2.06063e-07 1.96022e-07 3.92044e-09 1.05561e-08 0 6.91565e-13 5.88065e-08 2.12735e-08 
scan 750 450 8 3.71544e-07 2.86581e-07 2.62722e-07 6.71149e-09 1.01453e-08 0 3.71787e-10 1.11463e-07 2.30971e-08 
scan 750 450 9 1.2954e-06 6.31636e-07 4.89622e-07 2.5402e-08 3.26495e-08 0 3.76804e-09 3.88619e-07 8.05286e-08 
scan 750 450 10 1.96022e-07 2.78116e-07 1.96022e-07 5.54435e-09 3.92045e-09 0 3.68836e-13 1.96022e-07 2.12736e-08 
scan 750 450 11 2.06737e-06 2.16612e-06 6.2351e-07 5.32479e-08 4.74541e-08 0 4.85148e-09 2.06737e-06 1.55618e-07 
scan 750 450 12 2.59897e-06 2.69717e-06 6.94662e-07 7.28758e-08 5.54939e-08 0 8.31961e-09 2.59897e-06 1.7049e-07 
scan 750 450 13 4.87851e-06 4.98813e-06 9.57162e-07 1.3352e-07 7.74802e-08 0 1.97505e-08 4.87851e-06 3.75761e-07 
scan 750 450 14 2.50721e-05 2.52452e-05 2.16651e-06 6.38733e-07 5.087e-07 0 8.22789e-08 2.50721e-05 1.82952e-06 
scan 750 450 15 1.48833e-06 6.15356e-07 5.26261e-07 4.15103e-08 3.26483e-08 0 5.27217e-09 2.97666e-07 1.01447e-07 
scan 750 450 16 2.77577e-06 9.27852e-07 7.16763e-07 6.10398e-08 4.63944e-08 0 1.28844e-08 5.55153e-07 1.8144e-07 
scan 750 450 17 4.15628e-06 1.27379e-06 8.86521e-07 1.16153e-07 1.01028e-07 0 1.85033e-08 8.31257e-07 3.48716e-07 
scan 750 450 18 7.30109e-06 1.97006e-06 1.16951e-06 2.19416e-07 1.61444e-07 0 3.29351e-08 1.46022e-06 5.53035e-07 
scan 750 450 19 1.58347e-05 3.82435e-06 1.71798e-06 4.5566e-07 3.70695e-07 0 7.63774e-08 3.16693e-06 1.13749e-06 
scan 750 450 20 1.82795e-07 1.91293e-07 1.82795e-07 6.3322e-09 0 0 1.64515e-09 5.48384e-08 1.13635e-08 
scan 750 450 21 7.54453e-07 4.44358e-07 3.77323e-07 1.96197e-08 1.8255e-08 0 3.31842e-12 2.26336e-07 5.59885e-08 
scan 750 450 22 3.69609e-07 2.85066e-07 2.6136e-07 1.00783e-08 5.26495e-09 0 1.3216e-09 1.10883e-07 2.29768e-08 
scan 750 450 23 3.81383e-07 2.95326e-07 2.69755e-07 3.72288e-09 1.64806e-08 0 3.91135e-10 1.14415e-07 3.27603e-08 
scan 750 450 24 1.12732e-06 5.79443e-07 4.60428e-07 2.40103e-08 3.17199e-08 0 4.57365e-09 3.38196e-07 8.8205e-08 
scan 750 450 25 3.81854e-07 4.69041e-07 2.70096e-07 3.72288e-09 1.20445e-08 0 1.57224e-10 3.81854e-07 3.28113e-08 
scan 750 450 26 3.7174e-06 3.8195e-06 8.31401e-07 9.81278e-08 7.98416e-08 0 1.24142e-08 3.7174e-06 2.49269e-07 
scan 750 450 27 2.99916e-06 3.10121e-06 7.49976e-07 7.46656e-08 7.05042e-08 0 9.19249e-09 2.99916e-06 2.22467e-07 
scan 750 450 28 3.70905e-06 3.80986e-06 8.29455e-07 8.67659e-08 7.02315e-08 0 1.16785e-08 3.70905e-06 2.39625e-07 
scan 750 450 29 3.18279e-05 3.20265e-05 2.44175e-06 8.05507e-07 6.80575e-07 0 1.18582e-07 3.18279e-05 2.36568e-06 
scan 750 450 30 7.36875e-07 4.00137e-07 3.68461e-07 2.00754e-08 1.053e-08 0 3.76624e-09 1.47375e-07 4.5808e-08 
scan 750 450 31 2.82282e-06 9.53051e-07 7.29088e-07 7.91298e-08 5.46201e-08 0 9.24293e-09 5.64564e-07 2.20622e-07 
scan 750 450 32 2.99305e-06 9.89059e-07 7.48528e-07 7.51498e-08 6.65172e-08 0 1.21334e-08 5.9861e-07 2.22237e-07 
scan 750 450 33 4.08001e-06 1.23347e-06 8.7003e-07 9.83581e-08 9.8835e-08 0 2.20028e-08 8.16002e-07 2.80567e-07 
scan 750 450 34 7.28424e-06 1.96009e-06 1.1668e-06 1.81766e-07 2.19726e-07 0 2.67606e-08 1.45685e-06 5.25445e-07 
scan 750 450 35 0 0 0 0 0 0 0 0 0 
scan 750 450 36 3.76874e-07 2.91571e-07 2.6651e-07 1.1872e-08 3.72287e-09 0 2.57585e-09 1.13062e-07 3.22709e-08 
scan 750 450 37 1.86145e-07 1.94792e-07 1.86145e-07 5.26497e-09 3.7229e-09 0 2.6816e-13 5.58434e-08 1.15717e-08 
scan 750 450 38 1.96023e-07 2.05868e-07 1.96023e-07 5.54436e-09 3.92045e-09 0 2.8239e-13 5.88068e-08 2.12736e-08 
scan 750 450 39 7.32947e-07 4.30312e-07 3.66483e-07 1.89676e-08 6.42247e-09 0 5.70812e-09 2.19884e-07 4.55638e-08 
scan 750 450 40 1.86144e-07 2.63719e-07 1.86144e-07 3.72288e-09 1.00242e-08 0 6.56716e-13 1.86144e-07 1.15717e-08 
scan 750 450 41 1.85401e-07 2.62666e-07 1.85401e-07 0 1.06505e-08 0 3.70802e-10 1.85401e-07 1.15255e-08 
scan 750 450 42 2.02734e-06 2.12209e-06 6.11286e-07 5.3497e-08 2.55557e-08 0 9.96602e-09 2.02734e-06 1.2603e-07 
scan 750 450 43 3.34857e-06 3.45025e-06 7.89433e-07 9.86319e-08 5.29625e-08 0 1.55756e-08 3.34857e-06 2.3513e-07 
scan 750 450 44 1.28427e-05 1.29734e-05 1.54649e-06 3.51761e-07 2.22169e-07 0 5.39187e-08 1.28427e-05 8.97842e-07 
scan 750 450 45 0 0 0 0 0 0 0 0 0 
scan 750 450 46 0 0 0 0 0 0 0 0 0 
scan 750 450 47 1.86083e-07 1.90275e-07 1.86083e-07 5.58248e-09 5.26322e-09 0 3.12619e-11 3.72166e-08 1.15679e-08 
scan 750 450 48 0 0 0 0 0 0 0 0 0 
scan 750 450 49 0 0 0 0 0 0 0 0 0 
scan 750 450 50 0 0 0 0 0 0 0 0 0 
scan 750 450 51 1.86143e-07 1.94835e-07 1.86143e-07 6.71149e-09 3.72287e-09 0 9.85071e-13 5.5843e-08 1.15716e-08 
scan 750 450 52 0 0 0 0 0 0 0 0 0 
scan 750 450 53 0 0 0 0 0 0 0 0 0 
scan 750 450 54 0 0 0 0 0 0 0 0 0 
scan 750 450 55 0 0 0 0 0 0 0 0 0 
scan 750 450 56 0 0 0 0 0 0 0 0 0 
scan 750 450 57 0 0 0 0 0 0 0 0 0 
scan 750 450 58 1.96023e-07 2.78116e-07 1.96023e-07 3.92046e-09 5.54437e-09 0 1.22946e-13 1.96023e-07 2.12736e-08 
scan 750 450 59 0 0 0 0 0 0 0 0 0 
scan 750 450 75 0 0 0 0 0 0 0 0 0 
scan 750 450 76 0 0 0 0 0 0 0 0 0 
scan 750 450 77 0 0 0 0 0 0 0 0 0 
scan 750 450 78 0 0 0 0 0 0 0 0 0 
scan 750 450 79 0 0 0 0 0 0 0 0 0 
scan 750 450 80 0 0 0 0 0 0 0 0 0 
scan 750 450 81 0 0 0 0 0 0 0 0 0 
scan 750 450 82 0 0 0 0 0 0 0 0 0 
scan 750 450 83 0 0 0 0 0 0 0 0 0 
scan 750 450 84 0 0 0 0 0 0 0 0 0 
scan 750 450 85 0 0 0 0 0 0 0 0 0 
scan 750 450 86 1.86145e-07 2.63582e-07 1.86145e-07 3.7229e-09 5.26498e-09 0 8.93869e-14 1.86145e-07 1.15718e-08 
scan 750 450 87 0 0 0 0 0 0 0 0 0 
scan 750 450 88 0 0 0 0 0 0 0 0 0 
scan 750 450 89 0 0 0 0 0 0 0 0 0 
scan 750 450 90 1.725e-07 1.77313e-07 1.725e-07 4.87905e-09 0 3.45001e-09 1.035e-08 3.45001e-08 1.87208e-08 
scan 750 450 91 0 0 0 0 0 0 0 0 0 
scan 750 450 92 0 0 0 0 0 0 0 0 0 
scan 750 450 93 0 0 0 0 0 0 0 0 0 
scan 750 450 94 0 0 0 0 0 0 0 0 0 
scan 750 450 95 0 0 0 0 0 0 0 0 0 
scan 750 450 96 0 0 0 0 0 0 0 0 0 
scan 750 450 97 0 0 0 0 0 0 0 0 0 
scan 750 450 98 0 0 0 0 0 0 0 0 0 
scan 750 450 99 0 0 0 0 0 0 0 0 0 
scan 750 450 100 0 0 0 0 0 0 0 0 0 
scan 750 450 101 0 0 0 0 0 0 0 0 0 
scan 750 450 102 0 0 0 0 0 0 0 0 0 
scan 750 450 103 0 0 0 0 0 0 0 0 0 
scan 750 450 104 1.84954e-07 2.61896e-07 1.84954e-07 3.69908e-09 3.69908e-09 3.69908e-09 5.91853e-10 1.84954e-07 1.14977e-08 
scan 750 450 120 0 0 0 0 0 0 0 0 0 
scan 750 450 121 0 0 0 0 0 0 0 0 0 
scan 750 450 122 0 0 0 0 0 0 0 0 0 
scan 750 450 123 0 0 0 0 0 0 0 0 0 
scan 750 450 124 0 0 0 0 0 0 0 0 0 
scan 750 450 125 0 0 0 0 0 0 0 0 0 
scan 750 450 126 0 0 0 0 0 0 0 0 0 
scan 750 450 127 0 0 0 0 0 0 0 0 0 
scan 750 450 128 0 0 0 0 0 0 0 0 0 
scan 750 450 129 0 0 0 0 0 0 0 0 0 
scan 750 450 130 0 0 0 0 0 0 0 0 0 
scan 750 450 131 0 0 0 0 0 0 0 0 0 
scan 750 450 132 1.52639e-07 2.16574e-07 1.52639e-07 4.31729e-09 0 3.05278e-09 1.37375e-08 1.52639e-07 9.48885e-09 
scan 750 450 133 0 0 0 0 0 0 0 0 0 
scan 750 450 134 3.63933e-07 4.46501e-07 2.57381e-07 3.70466e-09 8.75905e-09 7.27866e-09 4.02781e-09 3.63933e-07 2.2624e-08 
scan 750 450 135 0 0 0 0 0 0 0 0 0 
scan 750 450 136 1.63808e-07 1.67786e-07 1.63808e-07 4.91424e-09 3.27616e-09 3.27616e-09 9.82847e-09 3.27616e-08 1.01832e-08 
scan 750 450 137 0 0 0 0 0 0 0 0 0 
scan 750 450 138 0 0 0 0 0 0 0 0 0 
scan 750 450 139 0 0 0 0 0 0 0 0 0 
scan 750 450 140 0 0 0 0 0 0 0 0 0 
scan 750 450 141 0 0 0 0 0 0 0 0 0 
scan 750 450 142 0 0 0 0 0 0 0 0 0 
scan 750 450 143 0 0 0 0 0 0 0 0 0 
scan 750 450 144 0 0 0 0 0 0 0 0 0 
scan 750 450 145 0 0 0 0 0 0 0 0 0 
scan 750 450 146 0 0 0 0 0 0 0 0 0 
scan 750 450 147 3.57734e-07 4.39606e-07 2.53116e-07 8.87968e-09 7.15467e-09 7.15467e-09 1.08038e-08 3.57734e-07 3.02359e-08 
scan 750 450 148 3.43457e-07 4.22096e-07 2.4361e-07 6.86914e-09 6.86914e-09 1.24261e-08 1.23206e-08 3.43457e-07 2.13511e-08 
scan 750 450 149 3.49041e-07 4.28707e-07 2.47274e-07 6.98082e-09 6.98082e-09 1.18951e-08 1.02823e-08 3.49041e-07 2.16982e-08 
scan 750 450 165 0 0 0 0 0 0 0 0 0 
scan 750 450 166 0 0 0 0 0 0 0 0 0 
scan 750 450 167 1.85233e-07 1.89362e-07 1.85233e-07 3.70466e-09 3.70466e-09 3.70466e-09 4.53821e-10 3.70466e-08 1.15151e-08 
scan 750 450 168 0 0 0 0 0 0 0 0 0 
scan 750 450 169 0 0 0 0 0 0 0 0 0 
scan 750 450 170 0 0 0 0 0 0 0 0 0 
scan 750 450 171 0 0 0 0 0 0 0 0 0 
scan 750 450 172 0 0 0 0 0 0 0 0 0 
scan 750 450 173 0 0 0 0 0 0 0 0 0 
scan 750 450 174 0 0 0 0 0 0 0 0 0 
scan 750 450 175 0 0 0 0 0 0 0 0 0 
scan 750 450 176 0 0 0 0 0 0 0 0 0 
scan 750 450 177 0 0 0 0 0 0 0 0 0 
scan 750 450 178 0 0 0 0 0 0 0 0 0 
scan 750 450 179 0 0 0 0 0 0 0 0 0 
