xsec 750 550 0.00112965
scan 750 550 0 4.44063e-06 1.83829e-06 1.57129e-06 1.38844e-07 9.67149e-08 0 1.52496e-08 8.88126e-07 3.04496e-07 
scan 750 550 1 3.7936e-06 1.64469e-06 1.43392e-06 1.0262e-07 8.00026e-08 0 2.60915e-08 7.58719e-07 2.3583e-07 
scan 750 550 2 4.59076e-06 1.91428e-06 1.62618e-06 1.45146e-07 1.32879e-07 0 1.5363e-08 9.18152e-07 3.71503e-07 
scan 750 550 3 6.1245e-06 2.27494e-06 1.84918e-06 2.11008e-07 1.33993e-07 0 3.47662e-08 1.2249e-06 4.38009e-07 
scan 750 550 4 3.81649e-06 1.65625e-06 1.4426e-06 1.21696e-07 9.02121e-08 0 1.4832e-08 7.63297e-07 2.37253e-07 
scan 750 550 5 0 0 0 0 0 0 0 0 0 
scan 750 550 6 0 0 0 0 0 0 0 0 0 
scan 750 550 7 0 0 0 0 0 0 0 0 0 
scan 750 550 8 5.49555e-07 5.75215e-07 5.49555e-07 1.98145e-08 1.09911e-08 0 2.90825e-12 1.64867e-07 3.41632e-08 
scan 750 550 9 1.64318e-06 1.07735e-06 9.48702e-07 2.6535e-08 8.05662e-08 0 2.72306e-09 4.92954e-07 1.02149e-07 
scan 750 550 10 5.39669e-07 7.64283e-07 5.39669e-07 2.22511e-08 0 0 4.85702e-09 5.39669e-07 3.35486e-08 
scan 750 550 11 5.47363e-07 7.75474e-07 5.47363e-07 0 3.14436e-08 0 1.09473e-09 5.47363e-07 3.40269e-08 
scan 750 550 12 3.95855e-06 4.24583e-06 1.49945e-06 8.02114e-08 9.71551e-08 0 1.88464e-08 3.95855e-06 3.03898e-07 
scan 750 550 13 5.41645e-06 5.69491e-06 1.71292e-06 2.0597e-07 5.15767e-08 0 3.87313e-08 5.41645e-06 3.36715e-07 
scan 750 550 14 2.20621e-05 2.24191e-05 3.53868e-06 5.30442e-07 5.67475e-07 0 6.04718e-08 2.20621e-05 1.65941e-06 
scan 750 550 15 0 0 0 0 0 0 0 0 0 
scan 750 550 16 2.26017e-06 1.23335e-06 1.13217e-06 6.84125e-08 3.96277e-08 0 6.49845e-09 4.52034e-07 1.69427e-07 
scan 750 550 17 1.09754e-06 8.10668e-07 7.76077e-07 3.29262e-08 3.10431e-08 0 7.90228e-10 2.19508e-07 6.82288e-08 
scan 750 550 18 2.22263e-06 1.21419e-06 1.11332e-06 9.36935e-08 0 0 2.48273e-08 4.44526e-07 1.66614e-07 
scan 750 550 19 6.23864e-07 6.40966e-07 6.23864e-07 1.87159e-08 3.35961e-08 0 4.49182e-10 1.24773e-07 6.77056e-08 
scan 750 550 20 0 0 0 0 0 0 0 0 0 
scan 750 550 21 1.79908e-06 1.18685e-06 1.04051e-06 5.0565e-08 5.71306e-08 0 6.30206e-12 5.39723e-07 1.69769e-07 
scan 750 550 22 0 0 0 0 0 0 0 0 0 
scan 750 550 23 0 0 0 0 0 0 0 0 0 
scan 750 550 24 0 0 0 0 0 0 0 0 0 
scan 750 550 25 0 0 0 0 0 0 0 0 0 
scan 750 550 26 0 0 0 0 0 0 0 0 0 
scan 750 550 27 5.49557e-07 7.78174e-07 5.49557e-07 1.09911e-08 1.55438e-08 0 1.93884e-12 5.49557e-07 3.41633e-08 
scan 750 550 28 1.07637e-06 1.32066e-06 7.61124e-07 4.08104e-08 0 0 1.11186e-08 1.07637e-06 6.69128e-08 
scan 750 550 29 4.99485e-06 5.27988e-06 1.66663e-06 1.26472e-07 1.39799e-07 0 1.30113e-08 4.99485e-06 3.3947e-07 
scan 750 550 30 5.39669e-07 5.51848e-07 5.39669e-07 2.22511e-08 0 0 4.85702e-09 1.07934e-07 3.35486e-08 
scan 750 550 31 6.07895e-07 6.23992e-07 6.07895e-07 2.50642e-08 0 0 8.20658e-09 1.21579e-07 6.59726e-08 
scan 750 550 32 0 0 0 0 0 0 0 0 0 
scan 750 550 33 0 0 0 0 0 0 0 0 0 
scan 750 550 34 0 0 0 0 0 0 0 0 0 
scan 750 550 35 0 0 0 0 0 0 0 0 0 
scan 750 550 36 0 0 0 0 0 0 0 0 0 
scan 750 550 37 0 0 0 0 0 0 0 0 0 
scan 750 550 38 0 0 0 0 0 0 0 0 0 
scan 750 550 39 0 0 0 0 0 0 0 0 0 
scan 750 550 40 0 0 0 0 0 0 0 0 0 
scan 750 550 41 0 0 0 0 0 0 0 0 0 
scan 750 550 42 1.09473e-06 1.34396e-06 7.74088e-07 0 6.28872e-08 0 2.18945e-09 1.09473e-06 6.80539e-08 
scan 750 550 43 1.61406e-06 1.8676e-06 9.31887e-07 6.2993e-08 0 0 1.69328e-08 1.61406e-06 1.00338e-07 
scan 750 550 44 1.08835e-06 1.33496e-06 7.69606e-07 1.86947e-08 1.90069e-08 0 5.29596e-09 1.08835e-06 6.76576e-08 
scan 750 550 45 0 0 0 0 0 0 0 0 0 
scan 750 550 46 0 0 0 0 0 0 0 0 0 
scan 750 550 47 0 0 0 0 0 0 0 0 0 
scan 750 550 48 0 0 0 0 0 0 0 0 0 
scan 750 550 49 0 0 0 0 0 0 0 0 0 
scan 750 550 50 0 0 0 0 0 0 0 0 0 
scan 750 550 51 0 0 0 0 0 0 0 0 0 
scan 750 550 52 0 0 0 0 0 0 0 0 0 
scan 750 550 53 0 0 0 0 0 0 0 0 0 
scan 750 550 54 0 0 0 0 0 0 0 0 0 
scan 750 550 55 0 0 0 0 0 0 0 0 0 
scan 750 550 56 0 0 0 0 0 0 0 0 0 
scan 750 550 57 0 0 0 0 0 0 0 0 0 
scan 750 550 58 0 0 0 0 0 0 0 0 0 
scan 750 550 59 6.24757e-07 8.86512e-07 6.24757e-07 2.25259e-08 1.24951e-08 0 3.30621e-12 6.24757e-07 6.78025e-08 
scan 750 550 75 0 0 0 0 0 0 0 0 0 
scan 750 550 76 0 0 0 0 0 0 0 0 0 
scan 750 550 77 0 0 0 0 0 0 0 0 0 
scan 750 550 78 0 0 0 0 0 0 0 0 0 
scan 750 550 79 0 0 0 0 0 0 0 0 0 
scan 750 550 80 0 0 0 0 0 0 0 0 0 
scan 750 550 81 0 0 0 0 0 0 0 0 0 
scan 750 550 82 0 0 0 0 0 0 0 0 0 
scan 750 550 83 0 0 0 0 0 0 0 0 0 
scan 750 550 84 0 0 0 0 0 0 0 0 0 
scan 750 550 85 0 0 0 0 0 0 0 0 0 
scan 750 550 86 0 0 0 0 0 0 0 0 0 
scan 750 550 87 0 0 0 0 0 0 0 0 0 
scan 750 550 88 0 0 0 0 0 0 0 0 0 
scan 750 550 89 0 0 0 0 0 0 0 0 0 
scan 750 550 90 0 0 0 0 0 0 0 0 0 
scan 750 550 91 0 0 0 0 0 0 0 0 0 
scan 750 550 92 0 0 0 0 0 0 0 0 0 
scan 750 550 93 0 0 0 0 0 0 0 0 0 
scan 750 550 94 0 0 0 0 0 0 0 0 0 
scan 750 550 95 0 0 0 0 0 0 0 0 0 
scan 750 550 96 0 0 0 0 0 0 0 0 0 
scan 750 550 97 0 0 0 0 0 0 0 0 0 
scan 750 550 98 0 0 0 0 0 0 0 0 0 
scan 750 550 99 0 0 0 0 0 0 0 0 0 
scan 750 550 100 0 0 0 0 0 0 0 0 0 
scan 750 550 101 0 0 0 0 0 0 0 0 0 
scan 750 550 102 0 0 0 0 0 0 0 0 0 
scan 750 550 103 0 0 0 0 0 0 0 0 0 
scan 750 550 104 0 0 0 0 0 0 0 0 0 
scan 750 550 120 0 0 0 0 0 0 0 0 0 
scan 750 550 121 5.99773e-07 6.15572e-07 5.99773e-07 0 1.69641e-08 1.19955e-08 1.19955e-08 1.19955e-07 6.50911e-08 
scan 750 550 122 0 0 0 0 0 0 0 0 0 
scan 750 550 123 0 0 0 0 0 0 0 0 0 
scan 750 550 124 0 0 0 0 0 0 0 0 0 
scan 750 550 125 0 0 0 0 0 0 0 0 0 
scan 750 550 126 0 0 0 0 0 0 0 0 0 
scan 750 550 127 0 0 0 0 0 0 0 0 0 
scan 750 550 128 0 0 0 0 0 0 0 0 0 
scan 750 550 129 0 0 0 0 0 0 0 0 0 
scan 750 550 130 0 0 0 0 0 0 0 0 0 
scan 750 550 131 0 0 0 0 0 0 0 0 0 
scan 750 550 132 6.21702e-07 8.82529e-07 6.21702e-07 1.2434e-08 1.2434e-08 3.10851e-08 1.52317e-09 6.21702e-07 6.7471e-08 
scan 750 550 133 0 0 0 0 0 0 0 0 0 
scan 750 550 134 0 0 0 0 0 0 0 0 0 
scan 750 550 135 0 0 0 0 0 0 0 0 0 
scan 750 550 136 0 0 0 0 0 0 0 0 0 
scan 750 550 137 0 0 0 0 0 0 0 0 0 
scan 750 550 138 0 0 0 0 0 0 0 0 0 
scan 750 550 139 0 0 0 0 0 0 0 0 0 
scan 750 550 140 0 0 0 0 0 0 0 0 0 
scan 750 550 141 0 0 0 0 0 0 0 0 0 
scan 750 550 142 0 0 0 0 0 0 0 0 0 
scan 750 550 143 0 0 0 0 0 0 0 0 0 
scan 750 550 144 5.46044e-07 5.71959e-07 5.46044e-07 1.09209e-08 1.09209e-08 2.73022e-08 1.74734e-09 1.63813e-07 3.39449e-08 
scan 750 550 145 0 0 0 0 0 0 0 0 0 
scan 750 550 146 0 0 0 0 0 0 0 0 0 
scan 750 550 147 0 0 0 0 0 0 0 0 0 
scan 750 550 148 0 0 0 0 0 0 0 0 0 
scan 750 550 149 4.83614e-07 6.85856e-07 4.83614e-07 1.45084e-08 9.67227e-09 2.41807e-08 2.90168e-08 4.83614e-07 3.0064e-08 
scan 750 550 165 0 0 0 0 0 0 0 0 0 
scan 750 550 166 0 0 0 0 0 0 0 0 0 
scan 750 550 167 0 0 0 0 0 0 0 0 0 
scan 750 550 168 0 0 0 0 0 0 0 0 0 
scan 750 550 169 0 0 0 0 0 0 0 0 0 
scan 750 550 170 0 0 0 0 0 0 0 0 0 
scan 750 550 171 0 0 0 0 0 0 0 0 0 
scan 750 550 172 0 0 0 0 0 0 0 0 0 
scan 750 550 173 0 0 0 0 0 0 0 0 0 
scan 750 550 174 0 0 0 0 0 0 0 0 0 
scan 750 550 175 0 0 0 0 0 0 0 0 0 
scan 750 550 176 0 0 0 0 0 0 0 0 0 
scan 750 550 177 0 0 0 0 0 0 0 0 0 
scan 750 550 178 0 0 0 0 0 0 0 0 0 
scan 750 550 179 0 0 0 0 0 0 0 0 0 
