xsec 750 650 0.00112965
scan 750 650 0 2.19386e-06 1.19327e-06 1.09696e-06 5.33244e-08 8.09725e-08 0 7.62044e-09 4.38771e-07 1.36382e-07 
scan 750 650 1 5.52331e-07 5.64639e-07 5.52331e-07 1.56223e-08 1.10466e-08 0 7.95689e-13 1.10466e-07 3.43358e-08 
scan 750 650 2 0 0 0 0 0 0 0 0 0 
scan 750 650 3 0 0 0 0 0 0 0 0 0 
scan 750 650 4 0 0 0 0 0 0 0 0 0 
scan 750 650 5 0 0 0 0 0 0 0 0 0 
scan 750 650 6 5.52327e-07 5.78116e-07 5.52327e-07 1.99144e-08 1.10465e-08 0 2.92291e-12 1.65698e-07 3.43355e-08 
scan 750 650 7 5.52329e-07 5.7854e-07 5.52329e-07 1.10466e-08 2.97438e-08 0 1.94862e-12 1.65699e-07 3.43357e-08 
scan 750 650 8 0 0 0 0 0 0 0 0 0 
scan 750 650 9 0 0 0 0 0 0 0 0 0 
scan 750 650 10 0 0 0 0 0 0 0 0 0 
scan 750 650 11 0 0 0 0 0 0 0 0 0 
scan 750 650 12 1.08677e-06 1.3334e-06 7.68464e-07 4.12212e-08 0 0 8.80105e-09 1.08677e-06 6.75593e-08 
scan 750 650 13 0 0 0 0 0 0 0 0 0 
scan 750 650 14 5.52327e-07 7.82097e-07 5.52327e-07 1.56222e-08 1.10465e-08 0 2.92291e-12 5.52327e-07 3.43355e-08 
scan 750 650 15 0 0 0 0 0 0 0 0 0 
scan 750 650 16 0 0 0 0 0 0 0 0 0 
scan 750 650 17 0 0 0 0 0 0 0 0 0 
scan 750 650 18 0 0 0 0 0 0 0 0 0 
scan 750 650 19 6.1024e-07 6.26821e-07 6.1024e-07 0 3.50556e-08 0 1.22048e-09 1.22048e-07 6.62271e-08 
scan 750 650 20 0 0 0 0 0 0 0 0 0 
scan 750 650 21 0 0 0 0 0 0 0 0 0 
scan 750 650 22 0 0 0 0 0 0 0 0 0 
scan 750 650 23 0 0 0 0 0 0 0 0 0 
scan 750 650 24 0 0 0 0 0 0 0 0 0 
scan 750 650 25 0 0 0 0 0 0 0 0 0 
scan 750 650 26 0 0 0 0 0 0 0 0 0 
scan 750 650 27 5.51449e-07 7.80854e-07 5.51449e-07 0 1.91028e-08 0 4.41159e-10 5.51449e-07 3.4281e-08 
scan 750 650 28 0 0 0 0 0 0 0 0 0 
scan 750 650 29 0 0 0 0 0 0 0 0 0 
scan 750 650 30 0 0 0 0 0 0 0 0 0 
scan 750 650 31 5.51449e-07 5.63738e-07 5.51449e-07 0 1.91028e-08 0 4.41159e-10 1.1029e-07 3.4281e-08 
scan 750 650 32 0 0 0 0 0 0 0 0 0 
scan 750 650 33 0 0 0 0 0 0 0 0 0 
scan 750 650 34 0 0 0 0 0 0 0 0 0 
scan 750 650 35 0 0 0 0 0 0 0 0 0 
scan 750 650 36 0 0 0 0 0 0 0 0 0 
scan 750 650 37 0 0 0 0 0 0 0 0 0 
scan 750 650 38 0 0 0 0 0 0 0 0 0 
scan 750 650 39 0 0 0 0 0 0 0 0 0 
scan 750 650 40 0 0 0 0 0 0 0 0 0 
scan 750 650 41 0 0 0 0 0 0 0 0 0 
scan 750 650 42 0 0 0 0 0 0 0 0 0 
scan 750 650 43 0 0 0 0 0 0 0 0 0 
scan 750 650 44 5.50124e-07 7.79385e-07 5.50124e-07 0 3.16022e-08 0 1.10025e-09 5.50124e-07 3.41986e-08 
scan 750 650 45 0 0 0 0 0 0 0 0 0 
scan 750 650 46 0 0 0 0 0 0 0 0 0 
scan 750 650 47 0 0 0 0 0 0 0 0 0 
scan 750 650 48 0 0 0 0 0 0 0 0 0 
scan 750 650 49 0 0 0 0 0 0 0 0 0 
scan 750 650 50 0 0 0 0 0 0 0 0 0 
scan 750 650 51 0 0 0 0 0 0 0 0 0 
scan 750 650 52 0 0 0 0 0 0 0 0 0 
scan 750 650 53 0 0 0 0 0 0 0 0 0 
scan 750 650 54 0 0 0 0 0 0 0 0 0 
scan 750 650 55 0 0 0 0 0 0 0 0 0 
scan 750 650 56 0 0 0 0 0 0 0 0 0 
scan 750 650 57 0 0 0 0 0 0 0 0 0 
scan 750 650 58 0 0 0 0 0 0 0 0 0 
scan 750 650 59 0 0 0 0 0 0 0 0 0 
scan 750 650 75 0 0 0 0 0 0 0 0 0 
scan 750 650 76 0 0 0 0 0 0 0 0 0 
scan 750 650 77 0 0 0 0 0 0 0 0 0 
scan 750 650 78 0 0 0 0 0 0 0 0 0 
scan 750 650 79 0 0 0 0 0 0 0 0 0 
scan 750 650 80 0 0 0 0 0 0 0 0 0 
scan 750 650 81 0 0 0 0 0 0 0 0 0 
scan 750 650 82 0 0 0 0 0 0 0 0 0 
scan 750 650 83 0 0 0 0 0 0 0 0 0 
scan 750 650 84 0 0 0 0 0 0 0 0 0 
scan 750 650 85 0 0 0 0 0 0 0 0 0 
scan 750 650 86 0 0 0 0 0 0 0 0 0 
scan 750 650 87 0 0 0 0 0 0 0 0 0 
scan 750 650 88 0 0 0 0 0 0 0 0 0 
scan 750 650 89 0 0 0 0 0 0 0 0 0 
scan 750 650 90 0 0 0 0 0 0 0 0 0 
scan 750 650 91 0 0 0 0 0 0 0 0 0 
scan 750 650 92 0 0 0 0 0 0 0 0 0 
scan 750 650 93 0 0 0 0 0 0 0 0 0 
scan 750 650 94 0 0 0 0 0 0 0 0 0 
scan 750 650 95 0 0 0 0 0 0 0 0 0 
scan 750 650 96 0 0 0 0 0 0 0 0 0 
scan 750 650 97 0 0 0 0 0 0 0 0 0 
scan 750 650 98 0 0 0 0 0 0 0 0 0 
scan 750 650 99 0 0 0 0 0 0 0 0 0 
scan 750 650 100 0 0 0 0 0 0 0 0 0 
scan 750 650 101 0 0 0 0 0 0 0 0 0 
scan 750 650 102 0 0 0 0 0 0 0 0 0 
scan 750 650 103 0 0 0 0 0 0 0 0 0 
scan 750 650 104 0 0 0 0 0 0 0 0 0 
scan 750 650 120 0 0 0 0 0 0 0 0 0 
scan 750 650 121 0 0 0 0 0 0 0 0 0 
scan 750 650 122 0 0 0 0 0 0 0 0 0 
scan 750 650 123 0 0 0 0 0 0 0 0 0 
scan 750 650 124 0 0 0 0 0 0 0 0 0 
scan 750 650 125 0 0 0 0 0 0 0 0 0 
scan 750 650 126 0 0 0 0 0 0 0 0 0 
scan 750 650 127 0 0 0 0 0 0 0 0 0 
scan 750 650 128 0 0 0 0 0 0 0 0 0 
scan 750 650 129 0 0 0 0 0 0 0 0 0 
scan 750 650 130 0 0 0 0 0 0 0 0 0 
scan 750 650 131 0 0 0 0 0 0 0 0 0 
scan 750 650 132 0 0 0 0 0 0 0 0 0 
scan 750 650 133 0 0 0 0 0 0 0 0 0 
scan 750 650 134 0 0 0 0 0 0 0 0 0 
scan 750 650 135 0 0 0 0 0 0 0 0 0 
scan 750 650 136 0 0 0 0 0 0 0 0 0 
scan 750 650 137 0 0 0 0 0 0 0 0 0 
scan 750 650 138 0 0 0 0 0 0 0 0 0 
scan 750 650 139 0 0 0 0 0 0 0 0 0 
scan 750 650 140 0 0 0 0 0 0 0 0 0 
scan 750 650 141 0 0 0 0 0 0 0 0 0 
scan 750 650 142 0 0 0 0 0 0 0 0 0 
scan 750 650 143 0 0 0 0 0 0 0 0 0 
scan 750 650 144 0 0 0 0 0 0 0 0 0 
scan 750 650 145 0 0 0 0 0 0 0 0 0 
scan 750 650 146 0 0 0 0 0 0 0 0 0 
scan 750 650 147 0 0 0 0 0 0 0 0 0 
scan 750 650 148 0 0 0 0 0 0 0 0 0 
scan 750 650 149 0 0 0 0 0 0 0 0 0 
scan 750 650 165 0 0 0 0 0 0 0 0 0 
scan 750 650 166 0 0 0 0 0 0 0 0 0 
scan 750 650 167 0 0 0 0 0 0 0 0 0 
scan 750 650 168 0 0 0 0 0 0 0 0 0 
scan 750 650 169 0 0 0 0 0 0 0 0 0 
scan 750 650 170 0 0 0 0 0 0 0 0 0 
scan 750 650 171 0 0 0 0 0 0 0 0 0 
scan 750 650 172 0 0 0 0 0 0 0 0 0 
scan 750 650 173 0 0 0 0 0 0 0 0 0 
scan 750 650 174 0 0 0 0 0 0 0 0 0 
scan 750 650 175 0 0 0 0 0 0 0 0 0 
scan 750 650 176 0 0 0 0 0 0 0 0 0 
scan 750 650 177 0 0 0 0 0 0 0 0 0 
scan 750 650 178 0 0 0 0 0 0 0 0 0 
scan 750 650 179 0 0 0 0 0 0 0 0 0 
