xsec 700 50 0.00185119
scan 700 50 0 1.06105e-06 3.19632e-07 2.26386e-07 2.49915e-08 1.81005e-08 0 3.74465e-09 2.12211e-07 7.01034e-08 
scan 700 50 1 1.54395e-06 4.28743e-07 2.73235e-07 4.69621e-08 2.41852e-08 0 8.01713e-09 3.0879e-07 1.04679e-07 
scan 700 50 2 2.03523e-06 5.36662e-07 3.14359e-07 5.40886e-08 4.02817e-08 0 5.79159e-09 4.07046e-07 1.37539e-07 
scan 700 50 3 2.23196e-06 5.80002e-07 3.29385e-07 5.74515e-08 4.27778e-08 0 7.74355e-09 4.46391e-07 1.53141e-07 
scan 700 50 4 1.03787e-05 2.32707e-06 7.10147e-07 2.45497e-07 2.14934e-07 0 2.80374e-08 2.07574e-06 7.03538e-07 
scan 700 50 5 9.44748e-08 7.28744e-08 6.68065e-08 3.6486e-09 9.53323e-10 0 4.2153e-10 2.83424e-08 5.46509e-09 
scan 700 50 6 5.21513e-07 2.24837e-07 1.57318e-07 1.54241e-08 5.20381e-09 0 3.81668e-09 1.56454e-07 3.2334e-08 
scan 700 50 7 1.95268e-07 1.14901e-07 9.77352e-08 2.8379e-09 5.29527e-09 0 1.99705e-10 5.85803e-08 1.35013e-08 
scan 700 50 8 4.4125e-07 2.01025e-07 1.47223e-07 9.57835e-09 9.56552e-09 0 1.35891e-09 1.32375e-07 3.20616e-08 
scan 700 50 9 4.01911e-06 1.31816e-06 4.41569e-07 9.52822e-08 7.45272e-08 0 1.34062e-08 1.20573e-06 2.71947e-07 
scan 700 50 10 4.09828e-07 4.36498e-07 1.45016e-07 1.20842e-08 5.93942e-09 0 7.4816e-10 4.09828e-07 3.68776e-08 
scan 700 50 11 1.05594e-06 1.08234e-06 2.25268e-07 2.60532e-08 2.08103e-08 0 3.8046e-09 1.05594e-06 6.76363e-08 
scan 700 50 12 3.73227e-06 3.76664e-06 4.25712e-07 7.911e-08 7.00586e-08 0 1.38049e-08 3.73227e-06 2.55177e-07 
scan 700 50 13 4.79068e-06 4.82787e-06 4.8194e-07 1.11103e-07 8.33911e-08 0 1.88715e-08 4.79068e-06 3.25285e-07 
scan 700 50 14 4.61955e-05 4.63455e-05 1.49628e-06 1.08474e-06 7.82007e-07 0 1.8746e-07 4.61955e-05 3.13403e-06 
scan 700 50 15 6.74723e-07 2.30865e-07 1.8049e-07 1.901e-08 7.77113e-09 0 3.74389e-09 1.34945e-07 4.55683e-08 
scan 700 50 16 1.50417e-06 4.19954e-07 2.70431e-07 3.43894e-08 3.2244e-08 0 4.19589e-09 3.00834e-07 1.02408e-07 
scan 700 50 17 2.3526e-06 6.02185e-07 3.36343e-07 5.65705e-08 4.34089e-08 0 8.89365e-09 4.7052e-07 1.51486e-07 
scan 700 50 18 2.36072e-06 6.04944e-07 3.37484e-07 5.39381e-08 4.9485e-08 0 7.35223e-09 4.72144e-07 1.54042e-07 
scan 700 50 19 1.51086e-05 3.33047e-06 8.54713e-07 3.73265e-07 2.86718e-07 0 5.21484e-08 3.02172e-06 1.00321e-06 
scan 700 50 20 1.41284e-07 9.24135e-08 8.15736e-08 4.59121e-09 9.53331e-10 0 8.42007e-10 4.23852e-08 8.17286e-09 
scan 700 50 21 2.42573e-07 1.31925e-07 1.08583e-07 5.02381e-09 5.39839e-09 0 3.7639e-10 7.27718e-08 1.62378e-08 
scan 700 50 22 1.06096e-06 3.98221e-07 2.2638e-07 2.64219e-08 1.98827e-08 0 3.78498e-09 3.18289e-07 7.01211e-08 
scan 700 50 23 8.14048e-07 3.19327e-07 1.97548e-07 2.35258e-08 9.60259e-09 0 3.09589e-09 2.44214e-07 5.14618e-08 
scan 700 50 24 6.19211e-06 1.99009e-06 5.47835e-07 1.47004e-07 1.14988e-07 0 2.17318e-08 1.85763e-06 4.17428e-07 
scan 700 50 25 2.36808e-07 2.59849e-07 1.05906e-07 4.6031e-09 4.25049e-09 0 7.52729e-10 2.36808e-07 1.36986e-08 
scan 700 50 26 1.15993e-06 1.18686e-06 2.36973e-07 2.37707e-08 1.93822e-08 0 4.47647e-09 1.15993e-06 7.80245e-08 
scan 700 50 27 2.18527e-06 2.21553e-06 3.26069e-07 5.23432e-08 3.74323e-08 0 7.25002e-09 2.18527e-06 1.5046e-07 
scan 700 50 28 3.18079e-06 3.21318e-06 3.91834e-07 8.50976e-08 4.47101e-08 0 1.2413e-08 3.18079e-06 2.10204e-07 
scan 700 50 29 4.19097e-05 4.20473e-05 1.42552e-06 9.45431e-07 7.35118e-07 0 1.5488e-07 4.19097e-05 2.83865e-06 
scan 700 50 30 2.19208e-06 5.71927e-07 3.27117e-07 5.10854e-08 4.23406e-08 0 6.37296e-09 4.38415e-07 1.53115e-07 
scan 700 50 31 4.30719e-06 1.02624e-06 4.56948e-07 1.09727e-07 8.99594e-08 0 9.89576e-09 8.61438e-07 2.86473e-07 
scan 700 50 32 6.59332e-06 1.51623e-06 5.65837e-07 1.61175e-07 1.40098e-07 0 1.20257e-08 1.31866e-06 4.4063e-07 
scan 700 50 33 1.03862e-05 2.32889e-06 7.1065e-07 2.41385e-07 2.28802e-07 0 2.19079e-08 2.07724e-06 7.01923e-07 
scan 700 50 34 5.55526e-05 1.19643e-05 1.64176e-06 1.32009e-06 1.20345e-06 0 1.28662e-07 1.11105e-05 3.71462e-06 
scan 700 50 35 3.93876e-07 1.85447e-07 1.39431e-07 8.44353e-09 7.21996e-09 0 1.21376e-09 1.18163e-07 2.93662e-08 
scan 700 50 36 9.74039e-07 3.72104e-07 2.18022e-07 2.75734e-08 1.55681e-08 0 2.1143e-09 2.92212e-07 6.73258e-08 
scan 700 50 37 1.28092e-06 4.70556e-07 2.5151e-07 2.90443e-08 2.88583e-08 0 1.69255e-09 3.84276e-07 9.39076e-08 
scan 700 50 38 2.89948e-06 9.70288e-07 3.74611e-07 7.27399e-08 5.64313e-08 0 5.18926e-09 8.69844e-07 1.89719e-07 
scan 700 50 39 2.03695e-05 6.38047e-06 9.96062e-07 4.94524e-07 4.60044e-07 0 3.58939e-08 6.11085e-06 1.38501e-06 
scan 700 50 40 9.8844e-07 1.01606e-06 2.21269e-07 2.21987e-08 1.80996e-08 0 2.42021e-09 9.8844e-07 7.46849e-08 
scan 700 50 41 4.62759e-06 4.66526e-06 4.75272e-07 1.12558e-07 8.563e-08 0 1.26889e-08 4.62759e-06 3.22516e-07 
scan 700 50 42 7.38068e-06 7.42539e-06 5.99211e-07 1.66606e-07 1.4505e-07 0 1.95408e-08 7.38068e-06 5.03654e-07 
scan 700 50 43 1.04155e-05 1.04664e-05 7.09219e-07 2.41784e-07 2.01126e-07 0 2.73521e-08 1.04155e-05 6.79313e-07 
scan 700 50 44 0.000145188 0.000145612 2.65629e-06 3.36642e-06 2.90632e-06 0 3.4918e-07 0.000145188 9.81664e-06 
scan 700 50 45 9.52851e-08 7.03141e-08 6.73768e-08 2.69507e-09 1.9057e-09 0 2.40685e-11 1.9057e-08 5.51197e-09 
scan 700 50 46 2.43146e-07 1.20807e-07 1.08831e-07 6.10256e-09 9.12879e-09 0 9.46828e-11 4.86292e-08 1.62702e-08 
scan 700 50 47 0 0 0 0 0 0 0 0 0 
scan 700 50 48 4.76665e-08 4.87166e-08 4.76665e-08 1.34821e-09 9.53331e-10 0 6.86684e-14 9.53331e-09 2.75737e-09 
scan 700 50 49 1.43e-07 8.79011e-08 8.25609e-08 3.64976e-09 3.25488e-09 0 1.60226e-13 2.85999e-08 8.27212e-09 
scan 700 50 50 0 0 0 0 0 0 0 0 0 
scan 700 50 51 5.26688e-08 5.52682e-08 5.26688e-08 1.05338e-09 1.4897e-09 0 2.52916e-14 1.58006e-08 5.25237e-09 
scan 700 50 52 4.76662e-08 4.98687e-08 4.76662e-08 9.53325e-10 1.3482e-09 0 2.19646e-13 1.42999e-08 2.75735e-09 
scan 700 50 53 0 0 0 0 0 0 0 0 0 
scan 700 50 54 1.0027e-07 7.7667e-08 7.09907e-08 2.92639e-09 3.87013e-09 0 3.28452e-11 3.00809e-08 8.00521e-09 
scan 700 50 55 0 0 0 0 0 0 0 0 0 
scan 700 50 56 0 0 0 0 0 0 0 0 0 
scan 700 50 57 1.00319e-07 1.23225e-07 7.10249e-08 2.4427e-09 2.40113e-09 0 8.28403e-12 1.00319e-07 8.00877e-09 
scan 700 50 58 2.10657e-07 2.36588e-07 1.05328e-07 6.02158e-09 5.08563e-09 0 9.3858e-12 2.10657e-07 2.10076e-08 
scan 700 50 59 1.40208e-06 1.42988e-06 2.60525e-07 3.68755e-08 3.76111e-08 0 1.31014e-10 1.40208e-06 8.99265e-08 
scan 700 50 75 0 0 0 0 0 0 0 0 0 
scan 700 50 76 5.26688e-08 5.39988e-08 5.26688e-08 1.05338e-09 1.4897e-09 0 4.31463e-14 1.05338e-08 5.25236e-09 
scan 700 50 77 0 0 0 0 0 0 0 0 0 
scan 700 50 78 0 0 0 0 0 0 0 0 0 
scan 700 50 79 0 0 0 0 0 0 0 0 0 
scan 700 50 80 0 0 0 0 0 0 0 0 0 
scan 700 50 81 0 0 0 0 0 0 0 0 0 
scan 700 50 82 4.76666e-08 4.98691e-08 4.76666e-08 9.53332e-10 1.34821e-09 0 3.90485e-14 1.43e-08 2.75737e-09 
scan 700 50 83 0 0 0 0 0 0 0 0 0 
scan 700 50 84 0 0 0 0 0 0 0 0 0 
scan 700 50 85 0 0 0 0 0 0 0 0 0 
scan 700 50 86 0 0 0 0 0 0 0 0 0 
scan 700 50 87 1.00335e-07 1.23246e-07 7.10359e-08 2.00671e-09 2.83791e-09 0 7.30427e-14 1.00335e-07 8.00974e-09 
scan 700 50 88 0 0 0 0 0 0 0 0 0 
scan 700 50 89 3.86269e-07 4.10675e-07 1.36647e-07 8.55618e-09 1.00945e-08 0 3.33779e-11 3.86269e-07 2.45501e-08 
scan 700 50 90 3.94536e-07 1.5833e-07 1.32063e-07 8.59596e-09 5.35064e-09 1.42615e-08 1.92012e-08 7.89072e-08 2.69585e-08 
scan 700 50 91 6.20545e-07 2.1378e-07 1.66389e-07 1.24156e-08 1.34796e-08 1.77715e-08 2.26029e-08 1.24109e-07 3.80915e-08 
scan 700 50 92 2.23169e-07 1.11948e-07 1.00278e-07 5.2185e-09 3.65305e-09 5.72179e-09 1.09817e-08 4.46339e-08 1.70455e-08 
scan 700 50 93 2.92159e-07 1.28599e-07 1.10539e-07 6.42205e-09 6.53274e-09 8.47323e-09 1.99051e-08 5.84317e-08 1.87753e-08 
scan 700 50 94 4.39608e-07 1.68715e-07 1.39212e-07 8.55289e-09 1.03361e-08 8.79216e-09 1.86575e-08 8.79216e-08 2.7371e-08 
scan 700 50 95 0 0 0 0 0 0 0 0 0 
scan 700 50 96 8.68653e-08 6.76597e-08 6.15613e-08 2.77179e-09 0 4.34326e-09 5.81967e-09 2.60596e-08 6.96586e-09 
scan 700 50 97 4.74331e-08 4.96249e-08 4.74331e-08 9.48662e-10 9.48662e-10 9.48662e-10 1.16211e-10 1.42299e-08 2.74387e-09 
scan 700 50 98 0 0 0 0 0 0 0 0 0 
scan 700 50 99 3.14071e-07 1.53568e-07 1.18968e-07 6.61707e-09 6.72948e-09 7.70441e-09 8.57254e-09 9.42213e-08 1.81681e-08 
scan 700 50 100 0 0 0 0 0 0 0 0 0 
scan 700 50 101 4.19467e-08 5.94422e-08 4.19467e-08 1.18643e-09 0 8.38933e-10 2.5168e-09 4.19467e-08 2.42649e-09 
scan 700 50 102 4.65083e-07 4.89393e-07 1.47384e-07 6.42118e-09 1.04948e-08 1.6252e-08 9.78214e-09 4.65083e-07 3.11385e-08 
scan 700 50 103 3.94137e-07 4.17091e-07 1.31571e-07 9.70248e-09 4.50216e-09 1.05641e-08 1.94843e-08 3.94137e-07 2.65492e-08 
scan 700 50 104 2.35748e-06 2.38911e-06 3.27975e-07 4.58931e-08 3.76244e-08 7.49587e-08 8.20918e-08 2.35748e-06 1.63258e-07 
scan 700 50 120 4.31885e-08 4.44494e-08 4.31885e-08 1.22155e-09 0 8.63769e-10 3.88696e-09 8.63769e-09 4.30695e-09 
scan 700 50 121 0 0 0 0 0 0 0 0 0 
scan 700 50 122 1.28662e-07 7.97654e-08 7.43187e-08 3.63911e-09 0 2.57324e-09 8.39124e-09 2.57324e-08 9.3175e-09 
scan 700 50 123 5.24108e-08 5.37345e-08 5.24108e-08 1.04822e-09 1.04822e-09 1.04822e-09 1.28406e-10 1.04822e-08 5.22664e-09 
scan 700 50 124 1.29615e-07 8.03393e-08 7.48609e-08 1.7343e-09 4.04454e-09 2.5923e-09 8.01944e-09 2.5923e-08 9.37265e-09 
scan 700 50 125 0 0 0 0 0 0 0 0 0 
scan 700 50 126 0 0 0 0 0 0 0 0 0 
scan 700 50 127 0 0 0 0 0 0 0 0 0 
scan 700 50 128 0 0 0 0 0 0 0 0 0 
scan 700 50 129 9.79952e-08 7.57825e-08 6.93284e-08 9.48662e-10 2.37877e-09 1.9599e-09 1.12745e-09 2.93986e-08 7.78615e-09 
scan 700 50 130 0 0 0 0 0 0 0 0 0 
scan 700 50 131 9.152e-08 1.12273e-07 6.47144e-08 0 2.58858e-09 1.8304e-09 1.8304e-09 9.152e-08 5.29417e-09 
scan 700 50 132 1.87842e-07 2.10657e-07 9.40131e-08 0 5.31298e-09 6.50244e-09 3.75684e-09 1.87842e-07 1.29835e-08 
scan 700 50 133 2.28333e-07 2.50686e-07 1.02212e-07 3.08375e-09 4.4859e-09 5.93946e-09 4.57962e-09 2.28333e-07 1.32084e-08 
scan 700 50 134 1.09435e-06 1.12075e-06 2.24103e-07 1.80255e-08 2.00912e-08 3.16923e-08 3.28846e-08 1.09435e-06 7.37927e-08 
scan 700 50 135 1.89224e-07 1.03502e-07 9.49011e-08 3.78447e-09 3.78447e-09 8.03819e-09 2.87763e-09 3.78447e-08 1.31409e-08 
scan 700 50 136 3.24098e-07 1.41895e-07 1.23102e-07 6.88712e-09 7.74035e-09 7.90495e-09 8.56158e-09 6.48195e-08 2.31378e-08 
scan 700 50 137 3.20707e-07 1.40675e-07 1.21549e-07 7.2813e-09 6.41415e-09 7.7572e-09 1.21097e-08 6.41415e-08 2.44964e-08 
scan 700 50 138 0 0 0 0 0 0 0 0 0 
scan 700 50 139 4.21411e-07 1.66717e-07 1.40566e-07 8.42823e-09 9.68663e-09 1.26972e-08 3.44649e-09 8.42823e-08 2.43774e-08 
scan 700 50 140 0 0 0 0 0 0 0 0 0 
scan 700 50 141 4.74331e-08 4.96725e-08 4.74331e-08 9.48662e-10 9.48662e-10 2.37166e-09 1.16211e-10 1.42299e-08 2.74387e-09 
scan 700 50 142 1.41791e-07 9.33647e-08 8.21968e-08 2.83581e-09 2.83581e-09 4.40813e-09 2.76142e-09 4.25372e-08 1.0397e-08 
scan 700 50 143 0 0 0 0 0 0 0 0 0 
scan 700 50 144 4.74331e-08 4.96725e-08 4.74331e-08 9.48662e-10 9.48662e-10 2.37166e-09 1.16211e-10 1.42299e-08 2.74387e-09 
scan 700 50 145 0 0 0 0 0 0 0 0 0 
scan 700 50 146 4.19467e-08 5.94733e-08 4.19467e-08 8.38933e-10 8.38933e-10 2.09733e-09 2.5168e-09 4.19467e-08 2.42649e-09 
scan 700 50 147 2.72196e-07 2.9476e-07 1.11359e-07 5.84908e-09 5.44391e-09 6.65941e-09 6.02039e-09 2.72196e-07 1.57457e-08 
scan 700 50 148 3.60836e-07 3.84106e-07 1.27768e-07 8.09968e-09 7.21673e-09 9.89812e-09 1.34609e-08 3.60836e-07 2.47553e-08 
scan 700 50 149 1.51698e-06 1.5443e-06 2.60915e-07 3.20031e-08 3.40718e-08 4.2813e-08 5.20094e-08 1.51698e-06 9.40833e-08 
scan 700 50 165 0 0 0 0 0 0 0 0 0 
scan 700 50 166 4.74331e-08 4.84782e-08 4.74331e-08 9.48662e-10 9.48662e-10 9.48662e-10 1.16211e-10 9.48662e-09 2.74387e-09 
scan 700 50 167 1.36813e-07 8.4374e-08 7.91159e-08 2.73626e-09 3.99466e-09 4.15925e-09 2.74922e-09 2.73626e-08 7.91423e-09 
scan 700 50 168 4.73616e-08 4.84052e-08 4.73616e-08 9.47232e-10 9.47232e-10 9.47232e-10 1.51557e-10 9.47232e-09 2.73973e-09 
scan 700 50 169 1.71843e-07 9.3896e-08 8.60845e-08 3.84203e-09 4.69526e-09 4.69526e-09 8.18856e-09 3.43686e-08 9.94062e-09 
scan 700 50 170 0 0 0 0 0 0 0 0 0 
scan 700 50 171 0 0 0 0 0 0 0 0 0 
scan 700 50 172 0 0 0 0 0 0 0 0 0 
scan 700 50 173 0 0 0 0 0 0 0 0 0 
scan 700 50 174 4.74331e-08 4.96249e-08 4.74331e-08 9.48662e-10 9.48662e-10 9.48662e-10 1.16211e-10 1.42299e-08 2.74387e-09 
scan 700 50 175 0 0 0 0 0 0 0 0 0 
scan 700 50 176 4.19467e-08 5.94496e-08 4.19467e-08 1.2584e-09 8.38933e-10 8.38933e-10 2.5168e-09 4.19467e-08 2.42649e-09 
scan 700 50 177 9.48662e-08 1.16395e-07 6.70805e-08 1.89732e-09 1.89732e-09 3.32032e-09 2.32422e-10 9.48662e-08 5.48773e-09 
scan 700 50 178 9.47947e-08 1.16275e-07 6.703e-08 1.89589e-09 1.89589e-09 1.89589e-09 2.67768e-10 9.47947e-08 5.4836e-09 
scan 700 50 179 5.26233e-07 5.51157e-07 1.5891e-07 1.09441e-08 1.05247e-08 1.19477e-08 3.7033e-09 5.26233e-07 3.48307e-08 
