xsec 850 350 0.000467488
scan 850 350 0 3.28932e-07 1.44602e-07 1.24613e-07 1.01093e-08 4.21165e-09 0 1.55047e-09 6.57865e-08 3.05174e-08 
scan 850 350 1 5.99262e-07 2.123e-07 1.66493e-07 1.32109e-08 1.61591e-08 0 2.26323e-09 1.19852e-07 5.04581e-08 
scan 850 350 2 4.14702e-07 1.65534e-07 1.3842e-07 9.71092e-09 1.14426e-08 0 2.25269e-10 8.29403e-08 3.37199e-08 
scan 850 350 3 5.60662e-07 2.04638e-07 1.62209e-07 1.8598e-08 7.98774e-09 0 2.66135e-09 1.12132e-07 5.07388e-08 
scan 850 350 4 4.69002e-06 1.14242e-06 4.70139e-07 1.11552e-07 1.05429e-07 0 1.35342e-08 9.38004e-07 4.24849e-07 
scan 850 350 5 0 0 0 0 0 0 0 0 0 
scan 850 350 6 1.34858e-07 8.83746e-08 7.78615e-08 1.54633e-09 3.1253e-09 0 5.01839e-10 4.04575e-08 9.92123e-09 
scan 850 350 7 5.1878e-08 5.46405e-08 5.1878e-08 1.79711e-09 0 0 4.66902e-10 1.55634e-08 6.97006e-09 
scan 850 350 8 9.81194e-08 7.63452e-08 6.95854e-08 2.33759e-09 2.40004e-09 0 2.51625e-13 2.94358e-08 1.04297e-08 
scan 850 350 9 1.95779e-06 6.85504e-07 3.02728e-07 3.73578e-08 4.53484e-08 0 6.04355e-09 5.87337e-07 1.72678e-07 
scan 850 350 10 9.81194e-08 1.20822e-07 6.95854e-08 2.33759e-09 3.75072e-09 0 2.51625e-13 9.81194e-08 1.04297e-08 
scan 850 350 11 4.56859e-07 4.80881e-07 1.44672e-07 1.45496e-08 5.05503e-09 0 1.7654e-09 4.56859e-07 3.68214e-08 
scan 850 350 12 8.37743e-07 8.64392e-07 1.97872e-07 2.35131e-08 1.09053e-08 0 3.74235e-09 8.37743e-07 7.43027e-08 
scan 850 350 13 1.25548e-06 1.2839e-06 2.42161e-07 2.51835e-08 2.13324e-08 0 6.2033e-09 1.25548e-06 1.11438e-07 
scan 850 350 14 1.50624e-05 1.51486e-05 8.37218e-07 3.57018e-07 2.57768e-07 0 6.11498e-08 1.50624e-05 1.30555e-06 
scan 850 350 15 1.87234e-07 1.02676e-07 9.38768e-08 5.86226e-09 1.96239e-09 0 7.21822e-10 3.74468e-08 1.69857e-08 
scan 850 350 16 3.29828e-07 1.45074e-07 1.25032e-07 1.01781e-08 3.92475e-09 0 1.12247e-09 6.59656e-08 3.06873e-08 
scan 850 350 17 7.93126e-07 2.60725e-07 1.92807e-07 2.01255e-08 1.3134e-08 0 3.42823e-09 1.58625e-07 7.10749e-08 
scan 850 350 18 6.18677e-07 2.21717e-07 1.72111e-07 1.96911e-08 7.40142e-09 0 3.80759e-09 1.23735e-07 6.13897e-08 
scan 850 350 19 4.27677e-06 1.0357e-06 4.44213e-07 1.01932e-07 7.91454e-08 0 1.63417e-08 8.55355e-07 3.56091e-07 
scan 850 350 20 4.40681e-08 4.61622e-08 4.40681e-08 1.81698e-09 0 0 5.9492e-10 1.32204e-08 3.24199e-09 
scan 850 350 21 4.46388e-08 4.67465e-08 4.46388e-08 1.54633e-09 0 0 3.21399e-10 1.33916e-08 3.28397e-09 
scan 850 350 22 8.94225e-08 6.90489e-08 6.32353e-08 1.82258e-09 1.56642e-09 0 5.66623e-10 2.68268e-08 6.57861e-09 
scan 850 350 23 1.95424e-07 1.16287e-07 9.80364e-08 6.14598e-09 1.96239e-09 0 4.00423e-10 5.86273e-08 2.07996e-08 
scan 850 350 24 1.76824e-06 6.25456e-07 2.87457e-07 4.04297e-08 3.59181e-08 0 6.45104e-09 5.30473e-07 1.55551e-07 
scan 850 350 25 0 0 0 0 0 0 0 0 0 
scan 850 350 26 2.26237e-07 2.48493e-07 1.01176e-07 2.18682e-09 6.88607e-09 0 1.08859e-10 2.26237e-07 1.66437e-08 
scan 850 350 27 3.83026e-07 4.08314e-07 1.35845e-07 8.25664e-09 7.68912e-09 0 9.41938e-10 3.83026e-07 3.77995e-08 
scan 850 350 28 6.12653e-07 6.38815e-07 1.70394e-07 1.70082e-08 8.13986e-09 0 3.08661e-09 6.12653e-07 5.78075e-08 
scan 850 350 29 1.14645e-05 1.15341e-05 7.29346e-07 2.54749e-07 2.27717e-07 0 3.76403e-08 1.14645e-05 9.74219e-07 
scan 850 350 30 4.72006e-07 1.82893e-07 1.49677e-07 1.11054e-08 6.77158e-09 0 1.72731e-09 9.44012e-08 4.4307e-08 
scan 850 350 31 1.16506e-06 3.47284e-07 2.33513e-07 2.72776e-08 2.61832e-08 0 2.41119e-09 2.33013e-07 1.01721e-07 
scan 850 350 32 1.52919e-06 4.29238e-07 2.66709e-07 3.96275e-08 2.56634e-08 0 5.22295e-09 3.05838e-07 1.316e-07 
scan 850 350 33 2.25404e-06 5.97056e-07 3.26111e-07 5.62333e-08 4.51672e-08 0 5.11284e-09 4.50808e-07 2.04136e-07 
scan 850 350 34 1.58446e-05 3.57433e-06 8.55662e-07 3.93817e-07 3.36369e-07 0 4.41084e-08 3.16892e-06 1.31585e-06 
scan 850 350 35 1.80439e-07 1.06169e-07 9.02212e-08 4.39628e-09 2.47223e-09 0 3.57639e-10 5.41317e-08 1.32745e-08 
scan 850 350 36 2.24245e-07 1.22046e-07 1.00291e-07 4.63863e-09 4.03865e-09 0 1.08144e-09 6.72734e-08 1.64972e-08 
scan 850 350 37 1.94944e-07 1.15991e-07 9.78184e-08 4.07736e-09 4.11721e-09 0 6.31399e-10 5.84832e-08 2.07642e-08 
scan 850 350 38 7.44967e-07 2.99059e-07 1.86585e-07 1.47702e-08 1.7668e-08 0 1.13375e-09 2.2349e-07 6.4365e-08 
scan 850 350 39 5.97084e-06 1.94463e-06 5.26653e-07 1.45447e-07 1.33762e-07 0 1.47533e-08 1.79125e-06 5.06339e-07 
scan 850 350 40 1.87361e-07 2.10331e-07 9.3839e-08 4.31275e-09 4.91121e-09 0 6.55133e-10 1.87361e-07 1.6918e-08 
scan 850 350 41 1.11528e-06 1.14291e-06 2.28085e-07 2.37087e-08 2.82356e-08 0 9.09971e-10 1.11528e-06 9.48942e-08 
scan 850 350 42 1.94597e-06 1.97694e-06 3.00816e-07 4.40567e-08 4.05664e-08 0 4.44033e-09 1.94597e-06 1.65517e-07 
scan 850 350 43 2.47818e-06 2.51031e-06 3.3767e-07 6.0232e-08 4.45713e-08 0 6.26948e-09 2.47818e-06 2.01421e-07 
scan 850 350 44 4.10854e-05 4.12866e-05 1.38718e-06 9.64226e-07 8.32206e-07 0 9.60469e-08 4.10854e-05 3.60736e-06 
scan 850 350 45 1.35827e-07 8.37198e-08 7.84195e-08 3.46655e-09 3.09173e-09 0 2.31384e-11 2.71653e-08 9.99246e-09 
scan 850 350 46 0 0 0 0 0 0 0 0 0 
scan 850 350 47 9.81019e-08 7.3129e-08 6.9572e-08 2.49015e-09 2.77474e-09 0 9.03207e-12 1.96204e-08 1.04274e-08 
scan 850 350 48 0 0 0 0 0 0 0 0 0 
scan 850 350 49 4.52907e-08 4.63806e-08 4.52907e-08 9.05813e-10 2.43898e-09 0 1.59785e-13 9.05813e-09 3.33193e-09 
scan 850 350 50 0 0 0 0 0 0 0 0 0 
scan 850 350 51 0 0 0 0 0 0 0 0 0 
scan 850 350 52 4.52758e-08 4.74124e-08 4.52758e-08 9.05515e-10 1.28059e-09 0 7.60633e-12 1.35827e-08 3.33083e-09 
scan 850 350 53 4.52909e-08 4.74283e-08 4.52909e-08 9.05818e-10 1.28102e-09 0 2.84065e-14 1.35873e-08 3.33195e-09 
scan 850 350 54 0 0 0 0 0 0 0 0 0 
scan 850 350 55 0 0 0 0 0 0 0 0 0 
scan 850 350 56 0 0 0 0 0 0 0 0 0 
scan 850 350 57 4.529e-08 6.41555e-08 4.529e-08 1.28099e-09 9.058e-10 0 4.99322e-13 4.529e-08 3.33188e-09 
scan 850 350 58 0 0 0 0 0 0 0 0 0 
scan 850 350 59 3.244e-07 3.48181e-07 1.22811e-07 7.96454e-09 1.07646e-08 0 8.73e-11 3.244e-07 2.70756e-08 
scan 850 350 75 5.28289e-08 5.43715e-08 5.28289e-08 1.05658e-09 1.49423e-09 0 2.53684e-14 1.05658e-08 7.09782e-09 
scan 850 350 76 0 0 0 0 0 0 0 0 0 
scan 850 350 77 0 0 0 0 0 0 0 0 0 
scan 850 350 78 0 0 0 0 0 0 0 0 0 
scan 850 350 79 0 0 0 0 0 0 0 0 0 
scan 850 350 80 0 0 0 0 0 0 0 0 0 
scan 850 350 81 0 0 0 0 0 0 0 0 0 
scan 850 350 82 0 0 0 0 0 0 0 0 0 
scan 850 350 83 0 0 0 0 0 0 0 0 0 
scan 850 350 84 0 0 0 0 0 0 0 0 0 
scan 850 350 85 0 0 0 0 0 0 0 0 0 
scan 850 350 86 0 0 0 0 0 0 0 0 0 
scan 850 350 87 5.28285e-08 7.50695e-08 5.28285e-08 1.05657e-09 1.49422e-09 0 2.43434e-13 5.28285e-08 7.09776e-09 
scan 850 350 88 0 0 0 0 0 0 0 0 0 
scan 850 350 89 4.52909e-08 6.41568e-08 4.52909e-08 9.05818e-10 1.28102e-09 0 3.71023e-14 4.52909e-08 3.33195e-09 
scan 850 350 90 0 0 0 0 0 0 0 0 0 
scan 850 350 91 1.72115e-07 9.4066e-08 8.62261e-08 2.89163e-09 3.03254e-09 5.9016e-09 3.97773e-09 3.4423e-08 1.26621e-08 
scan 850 350 92 4.07619e-08 4.17508e-08 4.07619e-08 0 1.15292e-09 8.15238e-10 2.03809e-09 8.15238e-09 2.99876e-09 
scan 850 350 93 7.97121e-08 5.91212e-08 5.6365e-08 1.92442e-09 7.97121e-10 1.59424e-09 4.78273e-09 1.59424e-08 5.86424e-09 
scan 850 350 94 2.53309e-07 1.19388e-07 1.03757e-07 6.21648e-09 4.35138e-09 7.76525e-09 1.46143e-08 5.06618e-08 2.42873e-08 
scan 850 350 95 0 0 0 0 0 0 0 0 0 
scan 850 350 96 0 0 0 0 0 0 0 0 0 
scan 850 350 97 0 0 0 0 0 0 0 0 0 
scan 850 350 98 0 0 0 0 0 0 0 0 0 
scan 850 350 99 0 0 0 0 0 0 0 0 0 
scan 850 350 100 0 0 0 0 0 0 0 0 0 
scan 850 350 101 4.34793e-08 6.1629e-08 4.34793e-08 0 1.22978e-09 2.17397e-09 8.69587e-10 4.34793e-08 3.19868e-09 
scan 850 350 102 0 0 0 0 0 0 0 0 0 
scan 850 350 103 8.33354e-08 1.02431e-07 5.89827e-08 1.1273e-09 1.22978e-09 4.16677e-09 3.26095e-09 8.33354e-08 6.1308e-09 
scan 850 350 104 8.71011e-07 8.99511e-07 2.01134e-07 1.26485e-08 1.8154e-08 3.29707e-08 2.22112e-08 8.71011e-07 8.90794e-08 
scan 850 350 120 0 0 0 0 0 0 0 0 0 
scan 850 350 121 0 0 0 0 0 0 0 0 0 
scan 850 350 122 0 0 0 0 0 0 0 0 0 
scan 850 350 123 0 0 0 0 0 0 0 0 0 
scan 850 350 124 3.98561e-08 4.08444e-08 3.98561e-08 7.97121e-10 7.97121e-10 7.97121e-10 2.39136e-09 7.97121e-09 2.93212e-09 
scan 850 350 125 0 0 0 0 0 0 0 0 0 
scan 850 350 126 0 0 0 0 0 0 0 0 0 
scan 850 350 127 0 0 0 0 0 0 0 0 0 
scan 850 350 128 0 0 0 0 0 0 0 0 0 
scan 850 350 129 0 0 0 0 0 0 0 0 0 
scan 850 350 130 0 0 0 0 0 0 0 0 0 
scan 850 350 131 0 0 0 0 0 0 0 0 0 
scan 850 350 132 0 0 0 0 0 0 0 0 0 
scan 850 350 133 4.34793e-08 6.1629e-08 4.34793e-08 0 1.22978e-09 2.17397e-09 8.69587e-10 4.34793e-08 3.19868e-09 
scan 850 350 134 2.25108e-07 2.47519e-07 1.00694e-07 4.09747e-09 4.86236e-09 4.50216e-09 4.0238e-09 2.25108e-07 1.93866e-08 
scan 850 350 135 0 0 0 0 0 0 0 0 0 
scan 850 350 136 9.76392e-08 7.29068e-08 6.92448e-08 1.95278e-09 1.95278e-09 4.88196e-09 2.39216e-10 1.95278e-08 1.03787e-08 
scan 850 350 137 4.50691e-08 4.61538e-08 4.50691e-08 9.01381e-10 9.01381e-10 2.25345e-09 1.10419e-10 9.01381e-09 3.31563e-09 
scan 850 350 138 4.50691e-08 4.61538e-08 4.50691e-08 9.01381e-10 9.01381e-10 2.25345e-09 1.10419e-10 9.01381e-09 3.31563e-09 
scan 850 350 139 3.98561e-08 4.08853e-08 3.98561e-08 7.97121e-10 1.9928e-09 7.97121e-10 2.39136e-09 7.97121e-09 2.93212e-09 
scan 850 350 140 0 0 0 0 0 0 0 0 0 
scan 850 350 141 3.98561e-08 4.18054e-08 3.98561e-08 7.97121e-10 7.97121e-10 7.97121e-10 2.39136e-09 1.19568e-08 2.93212e-09 
scan 850 350 142 0 0 0 0 0 0 0 0 0 
scan 850 350 143 0 0 0 0 0 0 0 0 0 
scan 850 350 144 4.50691e-08 4.71961e-08 4.50691e-08 9.01381e-10 9.01381e-10 9.01381e-10 1.10419e-10 1.35207e-08 3.31563e-09 
scan 850 350 145 0 0 0 0 0 0 0 0 0 
scan 850 350 146 0 0 0 0 0 0 0 0 0 
scan 850 350 147 4.50691e-08 6.38426e-08 4.50691e-08 9.01381e-10 9.01381e-10 9.01381e-10 1.10419e-10 4.50691e-08 3.31563e-09 
scan 850 350 148 3.98561e-08 5.65157e-08 3.98561e-08 1.19568e-09 7.97121e-10 7.97121e-10 2.39136e-09 3.98561e-08 2.93212e-09 
scan 850 350 149 3.03062e-07 3.26068e-07 1.156e-07 7.25692e-09 6.06124e-09 6.06124e-09 1.27103e-08 3.03062e-07 2.86867e-08 
scan 850 350 165 0 0 0 0 0 0 0 0 0 
scan 850 350 166 0 0 0 0 0 0 0 0 0 
scan 850 350 167 0 0 0 0 0 0 0 0 0 
scan 850 350 168 0 0 0 0 0 0 0 0 0 
scan 850 350 169 4.50691e-08 4.61538e-08 4.50691e-08 9.01381e-10 9.01381e-10 2.25345e-09 1.10419e-10 9.01381e-09 3.31563e-09 
scan 850 350 170 0 0 0 0 0 0 0 0 0 
scan 850 350 171 0 0 0 0 0 0 0 0 0 
scan 850 350 172 0 0 0 0 0 0 0 0 0 
scan 850 350 173 0 0 0 0 0 0 0 0 0 
scan 850 350 174 0 0 0 0 0 0 0 0 0 
scan 850 350 175 0 0 0 0 0 0 0 0 0 
scan 850 350 176 0 0 0 0 0 0 0 0 0 
scan 850 350 177 0 0 0 0 0 0 0 0 0 
scan 850 350 178 0 0 0 0 0 0 0 0 0 
scan 850 350 179 0 0 0 0 0 0 0 0 0 
