xsec 850 150 0.000467488
scan 850 150 0 4.68925e-07 2.56857e-07 2.34921e-07 8.75428e-09 1.08133e-08 0 1.03352e-09 9.37851e-08 4.23938e-08 
scan 850 150 1 4.6665e-07 2.55803e-07 2.33833e-07 1.53481e-08 4.87203e-09 0 2.13961e-09 9.33299e-08 4.22263e-08 
scan 850 150 2 4.50689e-07 2.4533e-07 2.25351e-07 1.17022e-08 6.19731e-09 0 2.03867e-09 9.01378e-08 3.31562e-08 
scan 850 150 3 3.32935e-07 2.05346e-07 1.9222e-07 1.29959e-08 0 0 3.99521e-09 6.65869e-08 2.44932e-08 
scan 850 150 4 2.65146e-06 8.01336e-07 5.53447e-07 6.25878e-08 5.39926e-08 0 6.07184e-09 5.30292e-07 2.18532e-07 
scan 850 150 5 0 0 0 0 0 0 0 0 0 
scan 850 150 6 1.10978e-07 1.16223e-07 1.10978e-07 3.8444e-09 0 0 1.33174e-09 3.32935e-08 8.16441e-09 
scan 850 150 7 1.27558e-07 1.34381e-07 1.27558e-07 5.25936e-09 0 0 1.14802e-09 3.82675e-08 1.71381e-08 
scan 850 150 8 0 0 0 0 0 0 0 0 0 
scan 850 150 9 1.53602e-06 6.46093e-07 4.26918e-07 2.7964e-08 3.3958e-08 0 3.4221e-09 4.60805e-07 1.44528e-07 
scan 850 150 10 0 0 0 0 0 0 0 0 0 
scan 850 150 11 2.2414e-07 2.75123e-07 1.58491e-07 7.76442e-09 0 0 1.6138e-09 2.2414e-07 1.64894e-08 
scan 850 150 12 8.35085e-07 8.97293e-07 3.16263e-07 2.06106e-08 1.06993e-08 0 4.62032e-09 8.35085e-07 8.47602e-08 
scan 850 150 13 6.76692e-07 7.32832e-07 2.76264e-07 1.48627e-08 1.01299e-08 0 2.73929e-09 6.76692e-07 4.97827e-08 
scan 850 150 14 1.79574e-05 1.80899e-05 1.44468e-06 4.17917e-07 2.95809e-07 0 7.52461e-08 1.79574e-05 1.55653e-06 
scan 850 150 15 0 0 0 0 0 0 0 0 0 
scan 850 150 16 3.39302e-07 2.09033e-07 1.959e-07 7.09833e-09 6.20677e-09 0 8.97886e-10 6.78604e-08 2.49617e-08 
scan 850 150 17 1.13707e-07 1.16327e-07 1.13707e-07 3.21612e-09 2.27414e-09 0 1.63806e-13 2.27414e-08 8.36515e-09 
scan 850 150 18 0 0 0 0 0 0 0 0 0 
scan 850 150 19 2.61965e-06 8.12022e-07 5.59715e-07 6.27966e-08 4.76696e-08 0 5.63638e-09 5.23929e-07 2.55637e-07 
scan 850 150 20 0 0 0 0 0 0 0 0 0 
scan 850 150 21 0 0 0 0 0 0 0 0 0 
scan 850 150 22 0 0 0 0 0 0 0 0 0 
scan 850 150 23 1.27558e-07 1.3435e-07 1.27558e-07 4.41875e-09 0 0 1.14802e-09 3.82675e-08 1.71381e-08 
scan 850 150 24 1.40727e-06 6.01646e-07 4.0696e-07 3.17259e-08 3.0907e-08 0 2.85401e-09 4.22181e-07 1.27104e-07 
scan 850 150 25 0 0 0 0 0 0 0 0 0 
scan 850 150 26 4.6803e-07 5.25278e-07 2.34305e-07 9.89281e-09 9.42289e-09 0 1.46345e-09 4.6803e-07 4.21574e-08 
scan 850 150 27 3.39484e-07 3.9295e-07 1.96006e-07 9.37247e-09 5.49026e-09 0 8.07121e-10 3.39484e-07 2.4975e-08 
scan 850 150 28 1.14714e-06 1.20724e-06 3.63107e-07 1.61949e-08 2.92285e-08 0 3.02355e-09 1.14714e-06 9.22759e-08 
scan 850 150 29 1.27659e-05 1.28776e-05 1.21921e-06 3.12184e-07 2.03521e-07 0 4.81645e-08 1.27659e-05 1.11208e-06 
scan 850 150 30 3.40825e-07 2.10021e-07 1.96775e-07 6.429e-09 8.47862e-09 0 1.48235e-10 6.81649e-08 2.50737e-08 
scan 850 150 31 6.00912e-07 3.01667e-07 2.6932e-07 1.29602e-08 1.60544e-08 0 1.18224e-12 1.20182e-07 5.99997e-08 
scan 850 150 32 1.86445e-06 6.21837e-07 4.66825e-07 5.04703e-08 3.58599e-08 0 1.69182e-09 3.7289e-07 1.60851e-07 
scan 850 150 33 2.14115e-06 6.97634e-07 5.05735e-07 5.20442e-08 5.34765e-08 0 1.34051e-09 4.28229e-07 2.0488e-07 
scan 850 150 34 1.90341e-05 4.43843e-06 1.48836e-06 4.3646e-07 4.18281e-07 0 3.3066e-08 3.80682e-06 1.62052e-06 
scan 850 150 35 0 0 0 0 0 0 0 0 0 
scan 850 150 36 3.40939e-07 2.23496e-07 1.96841e-07 6.43223e-09 8.4809e-09 0 9.11478e-11 1.02282e-07 2.50821e-08 
scan 850 150 37 5.81035e-07 3.17674e-07 2.60186e-07 1.38074e-08 9.42289e-09 0 1.81973e-09 1.7431e-07 5.05277e-08 
scan 850 150 38 4.71017e-07 2.78745e-07 2.35925e-07 1.23804e-08 1.03623e-08 0 6.26626e-13 1.41305e-07 4.25476e-08 
scan 850 150 39 6.00975e-06 2.07554e-06 8.432e-07 1.40939e-07 1.45018e-07 0 7.84116e-09 1.80293e-06 5.52624e-07 
scan 850 150 40 0 0 0 0 0 0 0 0 0 
scan 850 150 41 2.09617e-06 2.16262e-06 4.94954e-07 5.06192e-08 3.01926e-08 0 7.53961e-09 2.09617e-06 1.85668e-07 
scan 850 150 42 2.005e-06 2.07267e-06 4.87269e-07 4.38784e-08 4.04224e-08 0 4.42268e-09 2.005e-06 1.8687e-07 
scan 850 150 43 2.09761e-06 2.16426e-06 4.95348e-07 5.672e-08 2.92374e-08 0 6.83695e-09 2.09761e-06 1.859e-07 
scan 850 150 44 5.8127e-05 5.84253e-05 2.60071e-06 1.39624e-06 1.09446e-06 0 1.46199e-07 5.8127e-05 4.98353e-06 
scan 850 150 45 0 0 0 0 0 0 0 0 0 
scan 850 150 46 0 0 0 0 0 0 0 0 0 
scan 850 150 47 0 0 0 0 0 0 0 0 0 
scan 850 150 48 1.13707e-07 1.16327e-07 1.13707e-07 2.27414e-09 3.21612e-09 0 7.1317e-14 2.27414e-08 8.36517e-09 
scan 850 150 49 1.13593e-07 1.1621e-07 1.13593e-07 3.21288e-09 2.27185e-09 0 5.72506e-11 2.27185e-08 8.35675e-09 
scan 850 150 50 0 0 0 0 0 0 0 0 0 
scan 850 150 51 0 0 0 0 0 0 0 0 0 
scan 850 150 52 0 0 0 0 0 0 0 0 0 
scan 850 150 53 0 0 0 0 0 0 0 0 0 
scan 850 150 54 0 0 0 0 0 0 0 0 0 
scan 850 150 55 0 0 0 0 0 0 0 0 0 
scan 850 150 56 0 0 0 0 0 0 0 0 0 
scan 850 150 57 1.13564e-07 1.60953e-07 1.13564e-07 3.21207e-09 5.67819e-09 0 7.15453e-11 1.13564e-07 8.35464e-09 
scan 850 150 58 0 0 0 0 0 0 0 0 0 
scan 850 150 59 3.57123e-07 4.14283e-07 2.06599e-07 9.38153e-09 1.24753e-08 0 9.37919e-11 3.57123e-07 3.41574e-08 
scan 850 150 75 0 0 0 0 0 0 0 0 0 
scan 850 150 76 0 0 0 0 0 0 0 0 0 
scan 850 150 77 0 0 0 0 0 0 0 0 0 
scan 850 150 78 0 0 0 0 0 0 0 0 0 
scan 850 150 79 1.13706e-07 1.16354e-07 1.13706e-07 4.09973e-09 2.27412e-09 0 6.01732e-13 2.27412e-08 8.36509e-09 
scan 850 150 80 0 0 0 0 0 0 0 0 0 
scan 850 150 81 0 0 0 0 0 0 0 0 0 
scan 850 150 82 0 0 0 0 0 0 0 0 0 
scan 850 150 83 0 0 0 0 0 0 0 0 0 
scan 850 150 84 1.13707e-07 1.19073e-07 1.13707e-07 3.21612e-09 2.27414e-09 0 1.63806e-13 3.41121e-08 8.36515e-09 
scan 850 150 85 0 0 0 0 0 0 0 0 0 
scan 850 150 86 0 0 0 0 0 0 0 0 0 
scan 850 150 87 0 0 0 0 0 0 0 0 0 
scan 850 150 88 0 0 0 0 0 0 0 0 0 
scan 850 150 89 3.57307e-07 4.14407e-07 2.06714e-07 9.91372e-09 8.22223e-09 0 1.80202e-12 3.57307e-07 3.41822e-08 
scan 850 150 90 1.1315e-07 1.15873e-07 1.1315e-07 2.263e-09 2.263e-09 5.6575e-09 2.77217e-10 2.263e-08 8.32419e-09 
scan 850 150 91 2.43374e-07 1.82551e-07 1.72407e-07 5.81444e-09 2.5813e-09 8.29674e-09 7.27153e-09 4.86748e-08 3.26984e-08 
scan 850 150 92 1.1315e-07 1.15873e-07 1.1315e-07 2.263e-09 2.263e-09 5.6575e-09 2.77217e-10 2.263e-08 8.32419e-09 
scan 850 150 93 1.1315e-07 1.15757e-07 1.1315e-07 2.263e-09 2.263e-09 2.263e-09 2.77217e-10 2.263e-08 8.32419e-09 
scan 850 150 94 4.23592e-07 2.3346e-07 2.12149e-07 7.28929e-09 1.2378e-08 1.47485e-08 2.10492e-08 8.47185e-08 3.81112e-08 
scan 850 150 95 0 0 0 0 0 0 0 0 0 
scan 850 150 96 0 0 0 0 0 0 0 0 0 
scan 850 150 97 0 0 0 0 0 0 0 0 0 
scan 850 150 98 9.66511e-08 1.01495e-07 9.66511e-08 3.4848e-09 0 1.93302e-09 7.24883e-09 2.89953e-08 7.1104e-09 
scan 850 150 99 0 0 0 0 0 0 0 0 0 
scan 850 150 100 0 0 0 0 0 0 0 0 0 
scan 850 150 101 9.09657e-08 1.29245e-07 9.09657e-08 2.5729e-09 0 4.54829e-09 9.09657e-09 9.09657e-08 6.69214e-09 
scan 850 150 102 0 0 0 0 0 0 0 0 0 
scan 850 150 103 2.02399e-07 2.48654e-07 1.43127e-07 2.83019e-09 2.89451e-09 4.04798e-09 1.11206e-08 2.02399e-07 1.489e-08 
scan 850 150 104 7.47659e-07 8.02105e-07 2.8311e-07 1.3104e-08 1.53875e-08 1.83477e-08 2.13842e-08 7.47659e-07 5.50036e-08 
scan 850 150 120 0 0 0 0 0 0 0 0 0 
scan 850 150 121 0 0 0 0 0 0 0 0 0 
scan 850 150 122 0 0 0 0 0 0 0 0 0 
scan 850 150 123 0 0 0 0 0 0 0 0 0 
scan 850 150 124 2.09221e-07 1.54978e-07 1.48081e-07 2.83019e-09 3.08748e-09 4.18442e-09 8.18692e-09 4.18442e-08 1.53919e-08 
scan 850 150 125 0 0 0 0 0 0 0 0 0 
scan 850 150 126 0 0 0 0 0 0 0 0 0 
scan 850 150 127 0 0 0 0 0 0 0 0 0 
scan 850 150 128 0 0 0 0 0 0 0 0 0 
scan 850 150 129 0 0 0 0 0 0 0 0 0 
scan 850 150 130 0 0 0 0 0 0 0 0 0 
scan 850 150 131 1.00062e-07 1.41944e-07 1.00062e-07 2.83019e-09 0 5.00312e-09 6.00374e-09 1.00062e-07 7.36136e-09 
scan 850 150 132 1.02336e-07 1.45055e-07 1.02336e-07 0 2.89451e-09 2.04673e-09 5.11682e-09 1.02336e-07 7.52866e-09 
scan 850 150 133 1.00062e-07 1.4187e-07 1.00062e-07 2.83019e-09 0 2.00125e-09 6.00374e-09 1.00062e-07 7.36136e-09 
scan 850 150 134 2.3768e-07 2.92485e-07 1.68269e-07 2.25959e-09 5.78665e-09 8.14298e-09 2.85554e-09 2.3768e-07 2.50657e-08 
scan 850 150 135 0 0 0 0 0 0 0 0 0 
scan 850 150 136 1.12979e-07 1.15699e-07 1.12979e-07 2.25959e-09 2.25959e-09 5.64897e-09 3.61534e-10 2.25959e-08 8.31164e-09 
scan 850 150 137 0 0 0 0 0 0 0 0 0 
scan 850 150 138 0 0 0 0 0 0 0 0 0 
scan 850 150 139 1.2926e-07 1.33166e-07 1.2926e-07 2.5852e-09 2.5852e-09 6.46299e-09 3.16687e-10 2.5852e-08 1.73667e-08 
scan 850 150 140 0 0 0 0 0 0 0 0 0 
scan 850 150 141 0 0 0 0 0 0 0 0 0 
scan 850 150 142 0 0 0 0 0 0 0 0 0 
scan 850 150 143 0 0 0 0 0 0 0 0 0 
scan 850 150 144 0 0 0 0 0 0 0 0 0 
scan 850 150 145 0 0 0 0 0 0 0 0 0 
scan 850 150 146 2.27459e-07 2.79787e-07 1.6084e-07 4.54918e-09 4.54918e-09 4.54918e-09 7.13574e-09 2.27459e-07 2.36821e-08 
scan 850 150 147 0 0 0 0 0 0 0 0 0 
scan 850 150 148 1.00062e-07 1.4187e-07 1.00062e-07 2.00125e-09 2.00125e-09 2.00125e-09 6.00374e-09 1.00062e-07 7.36136e-09 
scan 850 150 149 2.13212e-07 2.61944e-07 1.51048e-07 4.26425e-09 4.26425e-09 4.26425e-09 6.28096e-09 2.13212e-07 1.56855e-08 
scan 850 150 165 0 0 0 0 0 0 0 0 0 
scan 850 150 166 0 0 0 0 0 0 0 0 0 
scan 850 150 167 0 0 0 0 0 0 0 0 0 
scan 850 150 168 0 0 0 0 0 0 0 0 0 
scan 850 150 169 0 0 0 0 0 0 0 0 0 
scan 850 150 170 0 0 0 0 0 0 0 0 0 
scan 850 150 171 0 0 0 0 0 0 0 0 0 
scan 850 150 172 0 0 0 0 0 0 0 0 0 
scan 850 150 173 0 0 0 0 0 0 0 0 0 
scan 850 150 174 0 0 0 0 0 0 0 0 0 
scan 850 150 175 0 0 0 0 0 0 0 0 0 
scan 850 150 176 0 0 0 0 0 0 0 0 0 
scan 850 150 177 0 0 0 0 0 0 0 0 0 
scan 850 150 178 0 0 0 0 0 0 0 0 0 
scan 850 150 179 0 0 0 0 0 0 0 0 0 
