xsec 800 400 0.000724722
scan 800 400 0 2.32454e-07 1.26479e-07 1.16234e-07 7.8902e-09 3.18199e-09 0 1.90363e-09 4.64908e-08 1.57879e-08 
scan 800 400 1 7.78439e-07 2.75241e-07 2.16038e-07 1.96241e-08 2.96369e-08 0 1.27326e-09 1.55688e-07 5.98465e-08 
scan 800 400 2 1.19463e-06 3.73202e-07 2.67375e-07 3.57457e-08 1.87423e-08 0 6.29626e-09 2.38925e-07 9.50589e-08 
scan 800 400 3 1.1816e-06 3.67582e-07 2.64328e-07 3.80905e-08 1.78065e-08 0 6.36866e-09 2.3632e-07 8.71303e-08 
scan 800 400 4 8.486e-06 1.98669e-06 7.1535e-07 1.9966e-07 2.12677e-07 0 2.2056e-08 1.6972e-06 6.84928e-07 
scan 800 400 5 5.88522e-08 6.16072e-08 5.88522e-08 0 2.0387e-09 0 1.17704e-10 1.76557e-08 3.99714e-09 
scan 800 400 6 3.59924e-07 1.84894e-07 1.47024e-07 8.40226e-09 7.74969e-09 0 5.12603e-10 1.07977e-07 2.79183e-08 
scan 800 400 7 1.83696e-07 1.20914e-07 1.06187e-07 6.16405e-09 3.67392e-09 0 8.40267e-13 5.51087e-08 1.59999e-08 
scan 800 400 8 1.76414e-07 1.15557e-07 1.01855e-07 5.35994e-09 2.36353e-09 0 4.19709e-10 5.29242e-08 1.19817e-08 
scan 800 400 9 2.34972e-06 8.26298e-07 3.76714e-07 5.88514e-08 4.99793e-08 0 9.361e-09 7.04917e-07 1.94673e-07 
scan 800 400 10 1.17325e-07 1.43968e-07 8.29634e-08 3.68865e-09 1.18174e-09 0 4.19963e-10 1.17325e-07 7.9685e-09 
scan 800 400 11 4.14521e-07 4.44508e-07 1.56827e-07 1.13118e-08 5.11908e-09 0 2.69677e-09 4.14521e-07 3.16716e-08 
scan 800 400 12 1.68127e-06 1.71736e-06 3.1806e-07 4.14391e-08 2.25667e-08 0 8.95567e-09 1.68127e-06 1.38545e-07 
scan 800 400 13 2.16747e-06 2.20573e-06 3.61611e-07 4.91053e-08 4.6641e-08 0 8.63157e-09 2.16747e-06 1.78574e-07 
scan 800 400 14 1.71477e-05 1.72397e-05 1.01491e-06 3.75106e-07 3.75558e-07 0 5.49799e-08 1.71477e-05 1.36071e-06 
scan 800 400 15 7.78082e-07 2.74782e-07 2.16014e-07 2.34492e-08 7.23872e-09 0 4.60195e-09 1.55616e-07 6.3273e-08 
scan 800 400 16 1.20211e-06 3.76505e-07 2.69144e-07 3.52601e-08 1.99418e-08 0 5.7868e-09 2.40422e-07 9.91985e-08 
scan 800 400 17 1.15326e-06 3.66978e-07 2.64957e-07 2.26764e-08 2.91753e-08 0 3.93418e-09 2.30651e-07 9.94459e-08 
scan 800 400 18 1.95165e-06 5.4122e-07 3.39918e-07 5.02586e-08 4.42316e-08 0 8.63217e-09 3.9033e-07 1.43039e-07 
scan 800 400 19 9.51852e-06 2.20616e-06 7.55623e-07 2.38395e-07 1.81765e-07 0 4.35419e-08 1.9037e-06 7.61789e-07 
scan 800 400 20 2.41653e-07 1.42536e-07 1.20922e-07 3.90828e-09 5.26899e-09 0 5.59429e-10 7.2496e-08 1.98856e-08 
scan 800 400 21 1.1709e-07 9.03777e-08 8.27962e-08 2.01741e-09 3.3808e-09 0 5.37015e-10 3.51269e-08 7.95254e-09 
scan 800 400 22 1.23545e-07 9.58656e-08 8.75203e-08 3.32045e-09 1.85319e-09 0 5.22256e-10 3.70636e-08 1.19146e-08 
scan 800 400 23 6.58655e-07 2.85728e-07 1.98755e-07 1.69311e-08 1.12692e-08 0 2.05849e-09 1.97596e-07 5.17186e-08 
scan 800 400 24 2.45312e-06 8.56014e-07 3.83471e-07 5.9097e-08 5.14926e-08 0 1.02991e-08 7.35937e-07 1.94568e-07 
scan 800 400 25 0 0 0 0 0 0 0 0 0 
scan 800 400 26 8.46374e-07 8.79438e-07 2.2652e-07 2.17288e-08 1.20914e-08 0 3.23791e-09 8.46374e-07 7.15676e-08 
scan 800 400 27 1.19616e-06 1.22997e-06 2.67711e-07 3.07243e-08 1.8328e-08 0 5.56855e-09 1.19616e-06 9.51769e-08 
scan 800 400 28 1.57114e-06 1.60728e-06 3.08492e-07 3.74983e-08 3.22565e-08 0 4.99623e-09 1.57114e-06 1.31255e-07 
scan 800 400 29 1.88183e-05 1.89183e-05 1.06473e-06 4.22596e-07 3.98215e-07 0 5.59337e-08 1.88183e-05 1.51626e-06 
scan 800 400 30 7.79352e-07 2.74479e-07 2.16305e-07 1.73476e-08 1.89807e-08 0 8.2196e-10 1.5587e-07 5.99443e-08 
scan 800 400 31 1.49863e-06 4.43481e-07 3.00064e-07 4.23584e-08 2.68854e-08 0 5.24913e-09 2.99726e-07 1.19402e-07 
scan 800 400 32 2.76129e-06 7.26793e-07 4.07501e-07 7.13615e-08 6.36155e-08 0 7.20059e-09 5.52259e-07 2.19064e-07 
scan 800 400 33 3.80078e-06 9.63414e-07 4.79464e-07 1.09865e-07 7.01285e-08 0 1.84112e-08 7.60155e-07 3.21119e-07 
scan 800 400 34 1.79546e-05 4.05294e-06 1.03934e-06 4.54523e-07 4.10103e-07 0 5.79755e-08 3.59093e-06 1.43986e-06 
scan 800 400 35 3.01684e-07 1.64634e-07 1.35041e-07 5.67455e-09 8.25064e-09 0 9.53221e-11 9.05051e-08 2.40134e-08 
scan 800 400 36 2.36116e-07 1.38823e-07 1.18058e-07 4.03478e-09 6.56299e-09 0 1.18434e-10 7.08349e-08 1.60366e-08 
scan 800 400 37 4.79138e-07 2.25774e-07 1.69508e-07 1.20532e-08 1.15408e-08 0 9.34727e-13 1.43741e-07 3.60659e-08 
scan 800 400 38 8.28812e-07 3.39362e-07 2.21615e-07 2.01016e-08 1.55641e-08 0 2.38257e-09 2.48644e-07 5.98151e-08 
scan 800 400 39 6.38578e-06 2.0824e-06 6.17751e-07 1.5391e-07 1.56475e-07 0 1.63098e-08 1.91573e-06 4.86127e-07 
scan 800 400 40 3.71466e-07 4.0303e-07 1.51819e-07 9.11876e-09 6.2554e-09 0 1.16258e-09 3.71466e-07 3.56861e-08 
scan 800 400 41 1.80208e-06 1.83844e-06 3.2933e-07 4.10597e-08 4.02869e-08 0 4.50823e-09 1.80208e-06 1.43452e-07 
scan 800 400 42 3.08189e-06 3.12085e-06 4.27539e-07 7.0037e-08 6.38607e-08 0 8.08352e-09 3.08189e-06 2.23221e-07 
scan 800 400 43 4.33427e-06 4.38075e-06 5.11349e-07 1.07465e-07 8.11792e-08 0 1.44598e-08 4.33427e-06 3.5393e-07 
scan 800 400 44 3.64446e-05 3.66081e-05 1.48066e-06 8.62804e-07 7.39875e-07 0 1.04777e-07 3.64446e-05 2.90634e-06 
scan 800 400 45 5.89609e-08 6.03569e-08 5.89609e-08 1.66767e-09 2.94804e-09 0 6.36778e-11 1.17922e-08 4.00452e-09 
scan 800 400 46 0 0 0 0 0 0 0 0 0 
scan 800 400 47 1.17199e-07 8.66612e-08 8.28735e-08 2.83242e-09 4.59525e-09 0 4.82989e-10 2.34397e-08 7.95992e-09 
scan 800 400 48 0 0 0 0 0 0 0 0 0 
scan 800 400 49 0 0 0 0 0 0 0 0 0 
scan 800 400 50 0 0 0 0 0 0 0 0 0 
scan 800 400 51 0 0 0 0 0 0 0 0 0 
scan 800 400 52 0 0 0 0 0 0 0 0 0 
scan 800 400 53 5.89609e-08 6.17209e-08 5.89609e-08 1.66767e-09 1.17922e-09 0 6.36778e-11 1.76883e-08 4.00452e-09 
scan 800 400 54 0 0 0 0 0 0 0 0 0 
scan 800 400 55 0 0 0 0 0 0 0 0 0 
scan 800 400 56 0 0 0 0 0 0 0 0 0 
scan 800 400 57 5.90884e-08 8.36849e-08 5.90884e-08 1.67127e-09 1.18177e-09 0 8.51227e-14 5.90884e-08 4.01318e-09 
scan 800 400 58 5.90879e-08 8.36947e-08 5.90879e-08 2.13044e-09 1.18176e-09 0 3.12693e-13 5.90879e-08 4.01315e-09 
scan 800 400 59 3.60902e-07 3.91118e-07 1.47455e-07 8.65574e-09 1.09045e-08 0 3.05597e-11 3.60902e-07 2.80355e-08 
scan 800 400 75 0 0 0 0 0 0 0 0 0 
scan 800 400 76 0 0 0 0 0 0 0 0 0 
scan 800 400 77 0 0 0 0 0 0 0 0 0 
scan 800 400 78 0 0 0 0 0 0 0 0 0 
scan 800 400 79 0 0 0 0 0 0 0 0 0 
scan 800 400 80 0 0 0 0 0 0 0 0 0 
scan 800 400 81 0 0 0 0 0 0 0 0 0 
scan 800 400 82 0 0 0 0 0 0 0 0 0 
scan 800 400 83 0 0 0 0 0 0 0 0 0 
scan 800 400 84 0 0 0 0 0 0 0 0 0 
scan 800 400 85 0 0 0 0 0 0 0 0 0 
scan 800 400 86 0 0 0 0 0 0 0 0 0 
scan 800 400 87 0 0 0 0 0 0 0 0 0 
scan 800 400 88 0 0 0 0 0 0 0 0 0 
scan 800 400 89 0 0 0 0 0 0 0 0 0 
scan 800 400 90 2.22588e-07 1.22955e-07 1.11649e-07 4.60791e-09 3.85898e-09 6.01169e-09 1.16747e-08 4.45175e-08 2.14956e-08 
scan 800 400 91 1.23998e-07 9.22844e-08 8.77968e-08 2.47997e-09 2.47997e-09 6.19992e-09 3.03796e-10 2.47997e-08 1.19281e-08 
scan 800 400 92 1.10797e-07 8.21853e-08 7.84927e-08 2.21594e-09 3.77588e-09 3.97991e-09 3.26393e-09 2.21594e-08 7.52513e-09 
scan 800 400 93 5.31797e-08 5.45037e-08 5.31797e-08 0 2.86381e-09 1.06359e-09 2.65898e-09 1.06359e-08 3.61187e-09 
scan 800 400 94 1.78424e-07 1.10463e-07 1.03109e-07 1.17598e-09 4.55947e-09 5.33244e-09 2.53655e-09 3.56847e-08 1.55009e-08 
scan 800 400 95 0 0 0 0 0 0 0 0 0 
scan 800 400 96 0 0 0 0 0 0 0 0 0 
scan 800 400 97 1.0045e-07 7.8003e-08 7.10735e-08 2.93038e-09 1.03996e-09 3.56895e-09 7.48061e-09 3.01351e-08 6.82243e-09 
scan 800 400 98 0 0 0 0 0 0 0 0 0 
scan 800 400 99 5.31797e-08 5.57858e-08 5.31797e-08 0 2.86381e-09 1.06359e-09 2.65898e-09 1.59539e-08 3.61187e-09 
scan 800 400 100 0 0 0 0 0 0 0 0 0 
scan 800 400 101 0 0 0 0 0 0 0 0 0 
scan 800 400 102 0 0 0 0 0 0 0 0 0 
scan 800 400 103 2.30959e-07 2.58912e-07 1.15498e-07 2.35019e-09 5.55904e-09 8.02269e-09 2.60093e-09 2.30959e-07 1.56864e-08 
scan 800 400 104 3.83496e-07 4.11372e-07 1.45161e-07 5.99181e-09 1.15e-08 7.66993e-09 1.34412e-08 3.83496e-07 2.60464e-08 
scan 800 400 120 0 0 0 0 0 0 0 0 0 
scan 800 400 121 0 0 0 0 0 0 0 0 0 
scan 800 400 122 0 0 0 0 0 0 0 0 0 
scan 800 400 123 0 0 0 0 0 0 0 0 0 
scan 800 400 124 0 0 0 0 0 0 0 0 0 
scan 800 400 125 0 0 0 0 0 0 0 0 0 
scan 800 400 126 0 0 0 0 0 0 0 0 0 
scan 800 400 127 0 0 0 0 0 0 0 0 0 
scan 800 400 128 0 0 0 0 0 0 0 0 0 
scan 800 400 129 0 0 0 0 0 0 0 0 0 
scan 800 400 130 0 0 0 0 0 0 0 0 0 
scan 800 400 131 0 0 0 0 0 0 0 0 0 
scan 800 400 132 5.19979e-08 7.37475e-08 5.19979e-08 1.03996e-09 2.5999e-09 1.03996e-09 3.11987e-09 5.19979e-08 3.53161e-09 
scan 800 400 133 0 0 0 0 0 0 0 0 0 
scan 800 400 134 2.21193e-07 2.48646e-07 1.11186e-07 5.80537e-09 2.34394e-09 7.93978e-09 9.51936e-09 2.21193e-07 1.85294e-08 
scan 800 400 135 0 0 0 0 0 0 0 0 0 
scan 800 400 136 5.19979e-08 5.32798e-08 5.19979e-08 1.55994e-09 1.03996e-09 1.03996e-09 3.11987e-09 1.03996e-08 3.53161e-09 
scan 800 400 137 0 0 0 0 0 0 0 0 0 
scan 800 400 138 1.03996e-07 7.71771e-08 7.35361e-08 3.11987e-09 2.07992e-09 3.63985e-09 6.23975e-09 2.07992e-08 7.06322e-09 
scan 800 400 139 0 0 0 0 0 0 0 0 0 
scan 800 400 140 0 0 0 0 0 0 0 0 0 
scan 800 400 141 0 0 0 0 0 0 0 0 0 
scan 800 400 142 0 0 0 0 0 0 0 0 0 
scan 800 400 143 0 0 0 0 0 0 0 0 0 
scan 800 400 144 0 0 0 0 0 0 0 0 0 
scan 800 400 145 0 0 0 0 0 0 0 0 0 
scan 800 400 146 5.8799e-08 8.33188e-08 5.8799e-08 1.17598e-09 1.17598e-09 2.93995e-09 1.44058e-10 5.8799e-08 3.99353e-09 
scan 800 400 147 5.19979e-08 7.3709e-08 5.19979e-08 1.03996e-09 1.03996e-09 1.03996e-09 3.11987e-09 5.19979e-08 3.53161e-09 
scan 800 400 148 1.16457e-07 1.43169e-07 8.23514e-08 2.90572e-09 2.32914e-09 2.32914e-09 3.60353e-09 1.16457e-07 1.10104e-08 
scan 800 400 149 2.27994e-07 2.56211e-07 1.14524e-07 5.07986e-09 4.55988e-09 9.83977e-09 6.54354e-09 2.27994e-07 1.89914e-08 
scan 800 400 165 0 0 0 0 0 0 0 0 0 
scan 800 400 166 0 0 0 0 0 0 0 0 0 
scan 800 400 167 0 0 0 0 0 0 0 0 0 
scan 800 400 168 0 0 0 0 0 0 0 0 0 
scan 800 400 169 5.19979e-08 5.32798e-08 5.19979e-08 1.55994e-09 1.03996e-09 1.03996e-09 3.11987e-09 1.03996e-08 3.53161e-09 
scan 800 400 170 0 0 0 0 0 0 0 0 0 
scan 800 400 171 0 0 0 0 0 0 0 0 0 
scan 800 400 172 0 0 0 0 0 0 0 0 0 
scan 800 400 173 0 0 0 0 0 0 0 0 0 
scan 800 400 174 0 0 0 0 0 0 0 0 0 
scan 800 400 175 0 0 0 0 0 0 0 0 0 
scan 800 400 176 0 0 0 0 0 0 0 0 0 
scan 800 400 177 0 0 0 0 0 0 0 0 0 
scan 800 400 178 5.87104e-08 8.31498e-08 5.87104e-08 1.17421e-09 1.17421e-09 1.17421e-09 1.87873e-10 5.87104e-08 3.98751e-09 
scan 800 400 179 2.27994e-07 2.56085e-07 1.14524e-07 4.55988e-09 6.11982e-09 4.55988e-09 6.54354e-09 2.27994e-07 1.89914e-08 
