xsec 800 600 0.000724722
scan 800 600 0 3.30449e-07 8.85638e-08 4.98621e-08 8.36444e-09 8.01811e-09 0 1.04056e-09 6.60898e-08 2.92253e-08 
scan 800 600 1 7.90605e-07 1.90572e-07 7.68512e-08 2.25332e-08 1.83321e-08 0 3.32624e-09 1.58121e-07 6.74868e-08 
scan 800 600 2 9.00397e-07 2.16319e-07 8.22736e-08 2.60708e-08 2.2446e-08 0 3.51048e-09 1.80079e-07 8.0003e-08 
scan 800 600 3 8.10601e-07 1.94434e-07 7.76865e-08 2.24318e-08 2.21219e-08 0 2.93378e-09 1.6212e-07 6.69713e-08 
scan 800 600 4 2.87981e-06 6.5214e-07 1.46883e-07 7.30506e-08 7.37067e-08 0 9.15565e-09 5.75962e-07 2.47237e-07 
scan 800 600 5 1.29641e-07 5.17812e-08 3.14802e-08 3.41024e-09 3.11648e-09 0 2.18994e-10 3.88923e-08 1.25015e-08 
scan 800 600 6 1.80408e-07 6.76921e-08 3.68545e-08 3.91085e-09 5.6442e-09 0 3.2369e-10 5.41223e-08 1.57317e-08 
scan 800 600 7 1.34618e-07 5.29009e-08 3.17536e-08 2.81654e-09 4.6511e-09 0 3.04629e-10 4.03855e-08 1.1383e-08 
scan 800 600 8 1.67251e-07 6.39496e-08 3.5701e-08 4.41378e-09 3.73432e-09 0 6.2259e-10 5.01752e-08 1.62365e-08 
scan 800 600 9 5.24789e-07 1.76524e-07 6.27831e-08 1.3057e-08 1.19633e-08 0 1.78042e-09 1.57437e-07 4.60002e-08 
scan 800 600 10 3.75011e-08 4.12328e-08 1.67865e-08 9.61706e-10 7.13184e-10 0 9.29172e-11 3.75011e-08 3.25334e-09 
scan 800 600 11 5.1535e-07 5.21693e-07 6.2563e-08 1.38397e-08 9.78944e-09 0 1.72128e-09 5.1535e-07 4.87182e-08 
scan 800 600 12 1.06839e-06 1.0771e-06 8.97417e-08 2.86601e-08 2.3139e-08 0 3.7752e-09 1.06839e-06 9.62641e-08 
scan 800 600 13 1.41714e-06 1.42666e-06 1.02881e-07 3.65249e-08 3.31848e-08 0 4.12036e-09 1.41714e-06 1.1853e-07 
scan 800 600 14 8.516e-06 8.55671e-06 2.52883e-07 2.06505e-07 1.7906e-07 0 2.86504e-08 8.516e-06 7.45374e-07 
scan 800 600 15 2.77687e-07 7.66458e-08 4.56913e-08 6.79673e-09 6.1973e-09 0 1.18353e-09 5.55374e-08 2.48289e-08 
scan 800 600 16 6.1443e-07 1.51987e-07 6.79072e-08 1.52466e-08 1.52606e-08 0 2.39872e-09 1.22886e-07 5.40064e-08 
scan 800 600 17 9.30736e-07 2.21327e-07 8.33129e-08 2.43433e-08 2.23294e-08 0 4.55697e-09 1.86147e-07 7.92586e-08 
scan 800 600 18 8.79354e-07 2.1022e-07 8.10178e-08 2.33582e-08 2.08792e-08 0 4.39013e-09 1.75871e-07 7.54801e-08 
scan 800 600 19 2.47674e-06 5.64002e-07 1.36258e-07 6.40222e-08 5.31512e-08 0 1.07704e-08 4.95348e-07 2.17077e-07 
scan 800 600 20 3.84111e-08 2.10858e-08 1.71973e-08 5.19459e-10 1.12374e-09 0 1.24929e-11 1.15233e-08 3.81398e-09 
scan 800 600 21 9.80551e-08 4.12662e-08 2.72268e-08 3.12284e-09 1.44314e-09 0 4.81548e-10 2.94165e-08 9.17627e-09 
scan 800 600 22 9.07155e-08 3.88903e-08 2.62178e-08 2.87841e-09 1.17213e-09 0 4.5959e-10 2.72146e-08 8.63562e-09 
scan 800 600 23 1.18043e-07 4.71387e-08 2.95177e-08 3.01109e-09 1.83573e-09 0 4.54476e-10 3.54129e-08 9.16752e-09 
scan 800 600 24 5.83744e-07 1.95071e-07 6.61517e-08 1.53548e-08 1.1749e-08 0 2.58552e-09 1.75123e-07 5.12636e-08 
scan 800 600 25 3.75573e-08 4.12988e-08 1.6811e-08 9.2477e-10 9.78578e-10 0 6.53799e-11 3.75573e-08 3.25748e-09 
scan 800 600 26 3.80352e-07 3.85628e-07 5.32932e-08 1.04343e-08 6.51786e-09 0 1.56897e-09 3.80352e-07 3.23642e-08 
scan 800 600 27 5.08587e-07 5.14433e-07 6.1723e-08 1.06478e-08 1.16874e-08 0 1.74487e-09 5.08587e-07 4.37915e-08 
scan 800 600 28 8.65471e-07 8.73211e-07 8.07775e-08 2.23321e-08 1.89982e-08 0 2.88463e-09 8.65471e-07 7.78786e-08 
scan 800 600 29 6.71899e-06 6.75104e-06 2.24399e-07 1.61809e-07 1.27633e-07 0 2.40966e-08 6.71899e-06 5.8169e-07 
scan 800 600 30 2.5385e-07 7.0746e-08 4.35703e-08 6.04749e-09 4.87913e-09 0 9.07192e-10 5.07701e-08 2.16294e-08 
scan 800 600 31 5.85914e-07 1.45735e-07 6.64028e-08 1.5483e-08 1.2453e-08 0 1.88782e-09 1.17183e-07 5.19533e-08 
scan 800 600 32 8.67413e-07 2.07017e-07 8.05948e-08 2.20008e-08 1.87684e-08 0 2.26858e-09 1.73483e-07 7.36396e-08 
scan 800 600 33 9.9389e-07 2.34975e-07 8.62501e-08 2.3164e-08 2.41307e-08 0 2.94497e-09 1.98778e-07 8.44617e-08 
scan 800 600 34 5.4602e-06 1.22174e-06 2.02532e-07 1.33328e-07 1.20994e-07 0 1.55123e-08 1.09204e-06 4.75845e-07 
scan 800 600 35 5.86313e-08 2.75873e-08 2.07303e-08 1.36626e-09 1.18287e-09 0 2.35464e-10 1.75894e-08 4.31337e-09 
scan 800 600 36 8.89993e-08 3.78212e-08 2.57035e-08 2.05537e-09 1.74349e-09 0 2.03717e-10 2.66998e-08 7.04196e-09 
scan 800 600 37 1.94998e-07 7.21511e-08 3.82706e-08 4.58503e-09 3.92896e-09 0 4.15454e-10 5.84995e-08 1.68022e-08 
scan 800 600 38 1.63397e-07 6.17387e-08 3.48527e-08 3.67097e-09 3.35749e-09 0 3.20576e-10 4.90191e-08 1.30089e-08 
scan 800 600 39 1.71224e-06 5.51e-07 1.13757e-07 4.04344e-08 3.7608e-08 0 3.7139e-09 5.13673e-07 1.5407e-07 
scan 800 600 40 1.12384e-07 1.16532e-07 2.90411e-08 2.66157e-09 2.02075e-09 0 3.37963e-10 1.12384e-07 9.74236e-09 
scan 800 600 41 5.52672e-07 5.59071e-07 6.47461e-08 1.23357e-08 1.09639e-08 0 1.53841e-09 5.52672e-07 5.14416e-08 
scan 800 600 42 8.54794e-07 8.62125e-07 8.01225e-08 1.83744e-08 1.79031e-08 0 2.31197e-09 8.54794e-07 7.41851e-08 
scan 800 600 43 1.2957e-06 1.30491e-06 9.85916e-08 3.19938e-08 2.53533e-08 0 3.90402e-09 1.2957e-06 1.12047e-07 
scan 800 600 44 1.65075e-05 1.65806e-05 3.52137e-07 3.75843e-07 3.40341e-07 0 3.8978e-08 1.65075e-05 1.42783e-06 
scan 800 600 45 7.38891e-09 7.55916e-09 7.38891e-09 1.47778e-10 2.0899e-10 0 2.60681e-14 1.47778e-09 5.43585e-10 
scan 800 600 46 4.43017e-08 2.04954e-08 1.80861e-08 1.24142e-09 1.51205e-09 0 1.6023e-11 8.86033e-09 3.25917e-09 
scan 800 600 47 1.46641e-08 1.08526e-08 1.03693e-08 4.71357e-10 5.14727e-10 0 5.61547e-11 2.93282e-09 1.0788e-09 
scan 800 600 48 1.47754e-08 1.09239e-08 1.04478e-08 2.95507e-10 4.1791e-10 0 1.28573e-12 2.95507e-09 1.08699e-09 
scan 800 600 49 2.21667e-08 1.3663e-08 1.2798e-08 5.04546e-10 5.65758e-10 0 8.06881e-14 4.43335e-09 1.63076e-09 
scan 800 600 50 0 0 0 0 0 0 0 0 0 
scan 800 600 51 7.38613e-09 7.7347e-09 7.38613e-09 1.47723e-10 2.08911e-10 0 1.41814e-12 2.21584e-09 5.4338e-10 
scan 800 600 52 1.55108e-08 1.20494e-08 1.09809e-08 3.71322e-10 3.77604e-10 0 6.40173e-12 4.65323e-09 1.63557e-09 
scan 800 600 53 0 0 0 0 0 0 0 0 0 
scan 800 600 54 0 0 0 0 0 0 0 0 0 
scan 800 600 55 0 0 0 0 0 0 0 0 0 
scan 800 600 56 1.47778e-08 1.81403e-08 1.04495e-08 4.754e-10 2.95556e-10 0 6.17163e-14 1.47778e-08 1.08717e-09 
scan 800 600 57 1.47705e-08 1.81354e-08 1.04443e-08 3.5656e-10 5.78067e-10 0 3.72634e-12 1.47705e-08 1.08663e-09 
scan 800 600 58 7.38648e-09 1.04646e-08 7.38648e-09 2.21594e-10 2.08921e-10 0 1.24093e-12 7.38648e-09 5.43407e-10 
scan 800 600 59 6.87348e-08 7.27947e-08 2.29359e-08 1.87913e-09 1.4971e-09 0 1.43152e-12 6.87348e-08 6.5401e-09 
scan 800 600 75 8.13151e-09 8.36894e-09 8.13151e-09 1.6263e-10 2.29994e-10 0 1.56125e-12 1.6263e-09 1.09251e-09 
scan 800 600 76 7.38896e-09 7.5592e-09 7.38896e-09 1.47779e-10 2.08991e-10 0 3.54818e-15 1.47779e-09 5.43589e-10 
scan 800 600 77 1.55236e-08 1.15488e-08 1.09895e-08 3.10471e-10 4.39073e-10 0 9.95927e-15 3.10471e-09 1.63651e-09 
scan 800 600 78 7.38895e-09 7.5592e-09 7.38895e-09 1.47779e-10 2.08991e-10 0 6.05303e-15 1.47779e-09 5.43588e-10 
scan 800 600 79 7.38888e-09 7.55913e-09 7.38888e-09 2.08989e-10 1.47778e-10 0 3.9102e-14 1.47778e-09 5.43583e-10 
scan 800 600 80 0 0 0 0 0 0 0 0 0 
scan 800 600 81 0 0 0 0 0 0 0 0 0 
scan 800 600 82 0 0 0 0 0 0 0 0 0 
scan 800 600 83 0 0 0 0 0 0 0 0 0 
scan 800 600 84 0 0 0 0 0 0 0 0 0 
scan 800 600 85 0 0 0 0 0 0 0 0 0 
scan 800 600 86 3.1047e-08 3.4891e-08 1.55414e-08 7.51542e-10 8.10753e-10 0 1.02857e-13 3.1047e-08 3.273e-09 
scan 800 600 87 1.47779e-08 1.8139e-08 1.04496e-08 2.95558e-10 4.17982e-10 0 9.2687e-15 1.47779e-08 1.08718e-09 
scan 800 600 88 0 0 0 0 0 0 0 0 0 
scan 800 600 89 9.75448e-08 1.01617e-07 2.70715e-08 2.20839e-09 2.57535e-09 0 1.52533e-12 9.75448e-08 8.16511e-09 
scan 800 600 90 2.22238e-08 1.38827e-08 1.28413e-08 0 8.15767e-10 6.64111e-10 6.64111e-10 4.44476e-09 2.55469e-09 
scan 800 600 91 6.92042e-08 2.69341e-08 2.19358e-08 1.17782e-09 1.34695e-09 2.44787e-09 2.73755e-09 1.38408e-08 6.00104e-09 
scan 800 600 92 2.83012e-08 1.54341e-08 1.41676e-08 4.78023e-10 4.94742e-10 5.66024e-10 5.68034e-10 5.66024e-09 2.08206e-09 
scan 800 600 93 2.12078e-08 1.31068e-08 1.2264e-08 4.24156e-10 4.24156e-10 6.44739e-10 4.26166e-10 4.24156e-09 1.56021e-09 
scan 800 600 94 2.78263e-08 1.52872e-08 1.39343e-08 2.77101e-10 8.5945e-10 5.56526e-10 1.10671e-09 5.56526e-09 2.49215e-09 
scan 800 600 95 0 0 0 0 0 0 0 0 0 
scan 800 600 96 1.36334e-08 1.05697e-08 9.67002e-09 3.73506e-10 1.47055e-10 2.72668e-10 4.89061e-10 4.09001e-09 1.00298e-09 
scan 800 600 97 1.34391e-08 1.04946e-08 9.52313e-09 3.80115e-10 0 4.572e-10 9.00555e-10 4.03173e-09 1.42383e-09 
scan 800 600 98 0 0 0 0 0 0 0 0 0 
scan 800 600 99 2.05101e-08 1.35467e-08 1.18493e-08 3.79349e-10 3.30678e-10 4.10203e-10 1.05059e-09 6.15304e-09 1.92919e-09 
scan 800 600 100 0 0 0 0 0 0 0 0 0 
scan 800 600 101 1.31524e-08 1.61639e-08 9.30071e-09 1.30046e-10 4.88163e-10 2.63047e-10 7.22641e-10 1.31524e-08 9.67589e-10 
scan 800 600 102 6.7425e-08 7.1006e-08 2.13672e-08 9.84703e-10 1.40474e-09 1.91597e-09 2.81806e-09 6.7425e-08 4.96031e-09 
scan 800 600 103 4.83711e-08 5.20038e-08 1.83444e-08 1.19733e-09 8.94156e-10 1.188e-09 2.11698e-09 4.83711e-08 4.47092e-09 
scan 800 600 104 3.15828e-07 3.20958e-07 4.71878e-08 5.21782e-09 6.27211e-09 9.13016e-09 1.07713e-08 3.15828e-07 2.78163e-08 
scan 800 600 120 0 0 0 0 0 0 0 0 0 
scan 800 600 121 2.14049e-08 1.33109e-08 1.23928e-08 1.83912e-10 4.21511e-10 6.23167e-10 6.8819e-10 4.28099e-09 2.04941e-09 
scan 800 600 122 1.35957e-08 1.00788e-08 9.62269e-09 1.83912e-10 2.00632e-10 4.84716e-10 5.32005e-10 2.71914e-09 1.0002e-09 
scan 800 600 123 0 0 0 0 0 0 0 0 0 
scan 800 600 124 1.2709e-08 9.44786e-09 8.99635e-09 1.71373e-10 3.58117e-10 2.5418e-10 8.77809e-10 2.5418e-09 9.34973e-10 
scan 800 600 125 0 0 0 0 0 0 0 0 0 
scan 800 600 126 0 0 0 0 0 0 0 0 0 
scan 800 600 127 0 0 0 0 0 0 0 0 0 
scan 800 600 128 0 0 0 0 0 0 0 0 0 
scan 800 600 129 0 0 0 0 0 0 0 0 0 
scan 800 600 130 0 0 0 0 0 0 0 0 0 
scan 800 600 131 2.17989e-08 2.52456e-08 1.25874e-08 2.9411e-10 4.94742e-10 8.77144e-10 1.77897e-10 2.17989e-08 1.6037e-09 
scan 800 600 132 1.52532e-08 1.88191e-08 1.0806e-08 3.7665e-10 3.05065e-10 3.05065e-10 4.49341e-10 1.52532e-08 2.04935e-09 
scan 800 600 133 4.20447e-08 4.55652e-08 1.71984e-08 4.65483e-10 8.96006e-10 1.02266e-09 1.00694e-09 4.20447e-08 3.09313e-09 
scan 800 600 134 1.97709e-07 2.02029e-07 3.74213e-08 3.05804e-09 3.7788e-09 4.82096e-09 5.13569e-09 1.97709e-07 1.59066e-08 
scan 800 600 135 2.12078e-08 1.31201e-08 1.2264e-08 4.89179e-10 4.24156e-10 8.39807e-10 4.26166e-10 4.24156e-09 1.56021e-09 
scan 800 600 136 2.81112e-08 1.54604e-08 1.40731e-08 6.9639e-10 5.62223e-10 1.21049e-09 9.50228e-10 5.62223e-09 2.48838e-09 
scan 800 600 137 3.57079e-08 1.78781e-08 1.59859e-08 7.79182e-10 7.14159e-10 1.34423e-09 8.79168e-10 7.14159e-09 3.0621e-09 
scan 800 600 138 1.47055e-08 1.08805e-08 1.03984e-08 2.9411e-10 2.9411e-10 5.14693e-10 3.60285e-11 2.9411e-09 1.08185e-09 
scan 800 600 139 2.20583e-08 1.36182e-08 1.27353e-08 4.41165e-10 4.41165e-10 8.82331e-10 5.40428e-11 4.41165e-09 1.62278e-09 
scan 800 600 140 0 0 0 0 0 0 0 0 0 
scan 800 600 141 6.50229e-09 6.82682e-09 6.50229e-09 1.30046e-10 3.25114e-10 1.30046e-10 3.90137e-10 1.95069e-09 4.78359e-10 
scan 800 600 142 0 0 0 0 0 0 0 0 0 
scan 800 600 143 1.47055e-08 1.13665e-08 1.03984e-08 2.9411e-10 2.9411e-10 5.14693e-10 3.60285e-11 4.41165e-09 1.08185e-09 
scan 800 600 144 0 0 0 0 0 0 0 0 0 
scan 800 600 145 0 0 0 0 0 0 0 0 0 
scan 800 600 146 0 0 0 0 0 0 0 0 0 
scan 800 600 147 2.85606e-08 3.20335e-08 1.42993e-08 6.36234e-10 5.71211e-10 7.91794e-10 4.4418e-10 2.85606e-08 2.10114e-09 
scan 800 600 148 1.30046e-08 1.59826e-08 9.19562e-09 3.25114e-10 2.60092e-10 2.60092e-10 7.80275e-10 1.30046e-08 9.56717e-10 
scan 800 600 149 2.13904e-07 2.18435e-07 3.9149e-08 4.40813e-09 4.68791e-09 5.62384e-09 5.09558e-09 2.13904e-07 1.80829e-08 
scan 800 600 165 0 0 0 0 0 0 0 0 0 
scan 800 600 166 0 0 0 0 0 0 0 0 0 
scan 800 600 167 1.47055e-08 1.08723e-08 1.03984e-08 2.9411e-10 2.9411e-10 2.9411e-10 3.60285e-11 2.9411e-09 1.08185e-09 
scan 800 600 168 1.54475e-08 1.14923e-08 1.09356e-08 3.08951e-10 3.08951e-10 3.08951e-10 3.78464e-11 3.08951e-09 1.6285e-09 
scan 800 600 169 3.0884e-08 1.70379e-08 1.54601e-08 6.17679e-10 6.17679e-10 1.32362e-09 8.1172e-11 6.17679e-09 3.25618e-09 
scan 800 600 170 0 0 0 0 0 0 0 0 0 
scan 800 600 171 7.35276e-09 7.70714e-09 7.35276e-09 1.47055e-10 1.47055e-10 3.67638e-10 1.80143e-11 2.20583e-09 5.40926e-10 
scan 800 600 172 0 0 0 0 0 0 0 0 0 
scan 800 600 173 1.54475e-08 1.2021e-08 1.09356e-08 3.08951e-10 3.08951e-10 7.72376e-10 3.78464e-11 4.63426e-09 1.6285e-09 
scan 800 600 174 0 0 0 0 0 0 0 0 0 
scan 800 600 175 0 0 0 0 0 0 0 0 0 
scan 800 600 176 7.35276e-09 1.04156e-08 7.35276e-09 1.47055e-10 1.47055e-10 1.47055e-10 1.80143e-11 7.35276e-09 5.40926e-10 
scan 800 600 177 1.46944e-08 1.80415e-08 1.03905e-08 2.93889e-10 2.93889e-10 5.14139e-10 4.15076e-11 1.46944e-08 1.08104e-09 
scan 800 600 178 0 0 0 0 0 0 0 0 0 
scan 800 600 179 1.46533e-07 1.50729e-07 3.27881e-08 2.99981e-09 2.93067e-09 4.03325e-09 1.22226e-09 1.46533e-07 1.16925e-08 
