xsec 850 550 0.000467488
scan 850 550 0 5.42264e-07 1.88416e-07 1.45071e-07 1.82612e-08 9.74002e-09 0 1.96317e-09 1.08453e-07 4.75476e-08 
scan 850 550 1 6.93799e-07 2.24179e-07 1.63662e-07 2.07735e-08 1.83034e-08 0 2.47727e-09 1.3876e-07 5.86856e-08 
scan 850 550 2 7.59407e-07 2.3712e-07 1.69855e-07 2.29498e-08 1.89101e-08 0 3.70122e-09 1.51881e-07 5.83886e-08 
scan 850 550 3 1.15035e-06 3.29214e-07 2.10173e-07 3.21337e-08 3.50868e-08 0 5.03669e-09 2.3007e-07 9.48063e-08 
scan 850 550 4 2.49717e-06 6.29618e-07 3.09946e-07 6.73703e-08 6.00792e-08 0 9.29759e-09 4.99434e-07 2.06598e-07 
scan 850 550 5 1.56658e-07 9.27254e-08 7.8409e-08 4.67398e-09 4.56266e-09 0 9.73221e-13 4.69975e-08 1.40919e-08 
scan 850 550 6 3.86406e-07 1.72445e-07 1.22307e-07 9.02256e-09 1.151e-08 0 1.57308e-09 1.15922e-07 3.35239e-08 
scan 850 550 7 3.8144e-08 3.99441e-08 3.8144e-08 7.62879e-10 1.07887e-09 0 1.83167e-14 1.14432e-08 2.80617e-09 
scan 850 550 8 1.54943e-07 9.16924e-08 7.758e-08 5.36009e-09 1.92343e-09 0 8.38515e-10 4.6483e-08 1.39657e-08 
scan 850 550 9 3.95849e-07 1.77709e-07 1.25362e-07 7.14119e-09 1.2634e-08 0 9.47492e-10 1.18755e-07 3.93792e-08 
scan 850 550 10 3.74574e-08 5.3068e-08 3.74574e-08 1.54441e-09 0 0 3.37117e-10 3.74574e-08 2.75566e-09 
scan 850 550 11 9.31809e-07 9.55169e-07 1.9038e-07 2.54856e-08 2.38361e-08 0 2.0017e-09 9.31809e-07 8.13252e-08 
scan 850 550 12 7.42396e-07 7.65167e-07 1.705e-07 1.83289e-08 1.94599e-08 0 1.35375e-09 7.42396e-07 6.74007e-08 
scan 850 550 13 1.16536e-06 1.19005e-06 2.12986e-07 3.43676e-08 2.94325e-08 0 3.69679e-09 1.16536e-06 1.03598e-07 
scan 850 550 14 5.24523e-06 5.28658e-06 4.50151e-07 1.41493e-07 1.1262e-07 0 1.9819e-08 5.24523e-06 4.46992e-07 
scan 850 550 15 3.10383e-07 1.29704e-07 1.09883e-07 7.77073e-09 7.11973e-09 0 1.44049e-09 6.20766e-08 2.7968e-08 
scan 850 550 16 5.49031e-07 1.92022e-07 1.46939e-07 1.68366e-08 1.04606e-08 0 2.65128e-09 1.09806e-07 5.31408e-08 
scan 850 550 17 5.03135e-07 1.78715e-07 1.39666e-07 1.55358e-08 8.41095e-09 0 2.4472e-09 1.00627e-07 4.45961e-08 
scan 850 550 18 7.73784e-07 2.43362e-07 1.73167e-07 2.07438e-08 1.87264e-08 0 2.67256e-09 1.54757e-07 6.70856e-08 
scan 850 550 19 2.0498e-06 5.34445e-07 2.81837e-07 5.78117e-08 5.2341e-08 0 8.21442e-09 4.0996e-07 1.78839e-07 
scan 850 550 20 0 0 0 0 0 0 0 0 0 
scan 850 550 21 1.13684e-07 7.45162e-08 6.56379e-08 2.30729e-09 2.39811e-09 0 3.67607e-10 3.41053e-08 8.3635e-09 
scan 850 550 22 3.8083e-08 3.98802e-08 3.8083e-08 0 1.31923e-09 0 3.04664e-11 1.14249e-08 2.80168e-09 
scan 850 550 23 8.03719e-08 6.24417e-08 5.69049e-08 1.92343e-09 1.95727e-09 0 2.03931e-13 2.41116e-08 8.4797e-09 
scan 850 550 24 1.54797e-07 9.1588e-08 7.74585e-08 5.48521e-09 2.81403e-09 0 9.11533e-10 4.6439e-08 1.38972e-08 
scan 850 550 25 3.8144e-08 5.40328e-08 3.8144e-08 7.62879e-10 1.07887e-09 0 1.83167e-14 3.8144e-08 2.80617e-09 
scan 850 550 26 5.06444e-07 5.27824e-07 1.40608e-07 1.02409e-08 1.46976e-08 0 8.29817e-10 5.06444e-07 4.49484e-08 
scan 850 550 27 5.44056e-07 5.65475e-07 1.45531e-07 1.13907e-08 1.35162e-08 0 1.08772e-09 5.44056e-07 4.76693e-08 
scan 850 550 28 8.97241e-07 9.20646e-07 1.8728e-07 2.45989e-08 1.58625e-08 0 2.25149e-09 8.97241e-07 8.13069e-08 
scan 850 550 29 4.50831e-06 4.54608e-06 4.17146e-07 1.05524e-07 1.00446e-07 0 1.77722e-08 4.50831e-06 3.82642e-07 
scan 850 550 30 8.02034e-08 5.97125e-08 5.67799e-08 7.62879e-10 3.495e-09 0 8.41372e-11 1.60407e-08 8.45705e-09 
scan 850 550 31 2.68787e-07 1.17533e-07 1.0168e-07 8.30445e-09 4.00518e-09 0 1.13085e-09 5.37573e-08 2.23409e-08 
scan 850 550 32 3.85834e-07 1.48809e-07 1.2212e-07 9.00378e-09 8.47759e-09 0 1.84993e-09 7.71668e-08 3.3461e-08 
scan 850 550 33 6.59124e-07 2.16786e-07 1.60032e-07 1.61939e-08 1.71388e-08 0 2.78175e-09 1.31825e-07 5.86901e-08 
scan 850 550 34 9.55636e-07 2.83761e-07 1.91253e-07 2.83275e-08 2.26095e-08 0 5.01303e-09 1.91127e-07 7.79367e-08 
scan 850 550 35 0 0 0 0 0 0 0 0 0 
scan 850 550 36 7.56012e-08 5.83854e-08 5.34603e-08 2.06044e-09 1.07887e-09 0 3.37251e-10 2.26803e-08 5.5618e-09 
scan 850 550 37 4.22282e-08 4.44752e-08 4.22282e-08 1.19439e-09 8.44565e-10 0 6.0834e-14 1.26685e-08 5.67356e-09 
scan 850 550 38 0 0 0 0 0 0 0 0 0 
scan 850 550 39 8.42873e-08 6.57833e-08 5.96003e-08 1.52255e-09 2.30154e-09 0 8.43423e-11 2.52862e-08 1.13244e-08 
scan 850 550 40 0 0 0 0 0 0 0 0 0 
scan 850 550 41 1.92881e-07 2.12114e-07 8.63575e-08 6.42971e-09 2.89866e-09 0 9.45274e-10 1.92881e-07 1.67567e-08 
scan 850 550 42 2.7289e-07 2.93002e-07 1.03253e-07 8.7042e-09 3.13319e-09 0 1.121e-09 2.7289e-07 2.51543e-08 
scan 850 550 43 4.28188e-07 4.49183e-07 1.29235e-07 1.14914e-08 7.32642e-09 0 1.79439e-09 4.28188e-07 3.91144e-08 
scan 850 550 44 2.5274e-06 2.55818e-06 3.1381e-07 5.74994e-08 5.69318e-08 0 8.4963e-09 2.5274e-06 2.26707e-07 
scan 850 550 45 0 0 0 0 0 0 0 0 0 
scan 850 550 46 0 0 0 0 0 0 0 0 0 
scan 850 550 47 0 0 0 0 0 0 0 0 0 
scan 850 550 48 0 0 0 0 0 0 0 0 0 
scan 850 550 49 0 0 0 0 0 0 0 0 0 
scan 850 550 50 0 0 0 0 0 0 0 0 0 
scan 850 550 51 0 0 0 0 0 0 0 0 0 
scan 850 550 52 0 0 0 0 0 0 0 0 0 
scan 850 550 53 0 0 0 0 0 0 0 0 0 
scan 850 550 54 0 0 0 0 0 0 0 0 0 
scan 850 550 55 0 0 0 0 0 0 0 0 0 
scan 850 550 56 0 0 0 0 0 0 0 0 0 
scan 850 550 57 0 0 0 0 0 0 0 0 0 
scan 850 550 58 0 0 0 0 0 0 0 0 0 
scan 850 550 59 0 0 0 0 0 0 0 0 0 
scan 850 550 75 0 0 0 0 0 0 0 0 0 
scan 850 550 76 0 0 0 0 0 0 0 0 0 
scan 850 550 77 0 0 0 0 0 0 0 0 0 
scan 850 550 78 0 0 0 0 0 0 0 0 0 
scan 850 550 79 0 0 0 0 0 0 0 0 0 
scan 850 550 80 0 0 0 0 0 0 0 0 0 
scan 850 550 81 0 0 0 0 0 0 0 0 0 
scan 850 550 82 3.81439e-08 3.99441e-08 3.81439e-08 7.62879e-10 1.07887e-09 0 3.12475e-14 1.14432e-08 2.80616e-09 
scan 850 550 83 0 0 0 0 0 0 0 0 0 
scan 850 550 84 0 0 0 0 0 0 0 0 0 
scan 850 550 85 0 0 0 0 0 0 0 0 0 
scan 850 550 86 0 0 0 0 0 0 0 0 0 
scan 850 550 87 3.8144e-08 5.40328e-08 3.8144e-08 7.62879e-10 1.07887e-09 0 2.39239e-14 3.8144e-08 2.80616e-09 
scan 850 550 88 3.8144e-08 5.40328e-08 3.8144e-08 7.62879e-10 1.07887e-09 0 1.83167e-14 3.8144e-08 2.80617e-09 
scan 850 550 89 1.14432e-07 1.32489e-07 6.60671e-08 2.28863e-09 4.21185e-09 0 1.89743e-13 1.14432e-07 8.41848e-09 
scan 850 550 90 0 0 0 0 0 0 0 0 0 
scan 850 550 91 0 0 0 0 0 0 0 0 0 
scan 850 550 92 0 0 0 0 0 0 0 0 0 
scan 850 550 93 0 0 0 0 0 0 0 0 0 
scan 850 550 94 0 0 0 0 0 0 0 0 0 
scan 850 550 95 0 0 0 0 0 0 0 0 0 
scan 850 550 96 0 0 0 0 0 0 0 0 0 
scan 850 550 97 0 0 0 0 0 0 0 0 0 
scan 850 550 98 0 0 0 0 0 0 0 0 0 
scan 850 550 99 0 0 0 0 0 0 0 0 0 
scan 850 550 100 0 0 0 0 0 0 0 0 0 
scan 850 550 101 0 0 0 0 0 0 0 0 0 
scan 850 550 102 3.79571e-08 5.37682e-08 3.79571e-08 7.59142e-10 7.59142e-10 7.59142e-10 9.29949e-11 3.79571e-08 2.79242e-09 
scan 850 550 103 3.35667e-08 4.76164e-08 3.35667e-08 6.71335e-10 1.67834e-09 6.71335e-10 2.014e-09 3.35667e-08 2.46943e-09 
scan 850 550 104 7.15238e-08 8.79292e-08 5.06702e-08 1.70855e-09 7.59142e-10 3.57619e-09 2.107e-09 7.15238e-08 5.26185e-09 
scan 850 550 120 3.79571e-08 3.88707e-08 3.79571e-08 7.59142e-10 7.59142e-10 1.89786e-09 9.29949e-11 7.59142e-09 2.79242e-09 
scan 850 550 121 0 0 0 0 0 0 0 0 0 
scan 850 550 122 0 0 0 0 0 0 0 0 0 
scan 850 550 123 0 0 0 0 0 0 0 0 0 
scan 850 550 124 0 0 0 0 0 0 0 0 0 
scan 850 550 125 0 0 0 0 0 0 0 0 0 
scan 850 550 126 0 0 0 0 0 0 0 0 0 
scan 850 550 127 0 0 0 0 0 0 0 0 0 
scan 850 550 128 0 0 0 0 0 0 0 0 0 
scan 850 550 129 0 0 0 0 0 0 0 0 0 
scan 850 550 130 0 0 0 0 0 0 0 0 0 
scan 850 550 131 0 0 0 0 0 0 0 0 0 
scan 850 550 132 0 0 0 0 0 0 0 0 0 
scan 850 550 133 0 0 0 0 0 0 0 0 0 
scan 850 550 134 0 0 0 0 0 0 0 0 0 
scan 850 550 135 0 0 0 0 0 0 0 0 0 
scan 850 550 136 0 0 0 0 0 0 0 0 0 
scan 850 550 137 0 0 0 0 0 0 0 0 0 
scan 850 550 138 4.20214e-08 4.32914e-08 4.20214e-08 8.40429e-10 8.40429e-10 2.10107e-09 1.02953e-10 8.40429e-09 5.64578e-09 
scan 850 550 139 0 0 0 0 0 0 0 0 0 
scan 850 550 140 0 0 0 0 0 0 0 0 0 
scan 850 550 141 0 0 0 0 0 0 0 0 0 
scan 850 550 142 0 0 0 0 0 0 0 0 0 
scan 850 550 143 0 0 0 0 0 0 0 0 0 
scan 850 550 144 0 0 0 0 0 0 0 0 0 
scan 850 550 145 0 0 0 0 0 0 0 0 0 
scan 850 550 146 0 0 0 0 0 0 0 0 0 
scan 850 550 147 7.91824e-08 9.77113e-08 5.60958e-08 1.58365e-09 2.69848e-09 1.58365e-09 2.33261e-09 7.91824e-08 1.06385e-08 
scan 850 550 148 3.35667e-08 4.76164e-08 3.35667e-08 6.71335e-10 1.67834e-09 6.71335e-10 2.014e-09 3.35667e-08 2.46943e-09 
scan 850 550 149 6.71335e-08 8.25233e-08 4.74705e-08 1.34267e-09 2.34967e-09 1.34267e-09 4.02801e-09 6.71335e-08 4.93886e-09 
scan 850 550 165 0 0 0 0 0 0 0 0 0 
scan 850 550 166 3.79571e-08 3.88707e-08 3.79571e-08 7.59142e-10 7.59142e-10 1.89786e-09 9.29949e-11 7.59142e-09 2.79242e-09 
scan 850 550 167 3.78999e-08 3.88122e-08 3.78999e-08 7.57998e-10 7.57998e-10 1.89499e-09 1.2128e-10 7.57998e-09 2.78821e-09 
scan 850 550 168 0 0 0 0 0 0 0 0 0 
scan 850 550 169 0 0 0 0 0 0 0 0 0 
scan 850 550 170 0 0 0 0 0 0 0 0 0 
scan 850 550 171 0 0 0 0 0 0 0 0 0 
scan 850 550 172 0 0 0 0 0 0 0 0 0 
scan 850 550 173 0 0 0 0 0 0 0 0 0 
scan 850 550 174 0 0 0 0 0 0 0 0 0 
scan 850 550 175 0 0 0 0 0 0 0 0 0 
scan 850 550 176 0 0 0 0 0 0 0 0 0 
scan 850 550 177 0 0 0 0 0 0 0 0 0 
scan 850 550 178 0 0 0 0 0 0 0 0 0 
scan 850 550 179 4.20214e-08 5.97437e-08 4.20214e-08 8.40429e-10 8.40429e-10 2.10107e-09 1.02953e-10 4.20214e-08 5.64578e-09 
