xsec 800 550 0.000724722
scan 800 550 0 7.25979e-07 2.7979e-07 2.29742e-07 1.75441e-08 1.74088e-08 0 1.86397e-09 1.45196e-07 6.16858e-08 
scan 800 550 1 2.36879e-06 6.62496e-07 4.1255e-07 7.64844e-08 4.89041e-08 0 1.15375e-08 4.73757e-07 1.89426e-07 
scan 800 550 2 2.44506e-06 6.80495e-07 4.19542e-07 6.15584e-08 7.81682e-08 0 9.14897e-09 4.89011e-07 1.94788e-07 
scan 800 550 3 2.37263e-06 6.64794e-07 4.13265e-07 7.25562e-08 5.46547e-08 0 1.23486e-08 4.74527e-07 1.93864e-07 
scan 800 550 4 6.82118e-06 1.6462e-06 7.00167e-07 1.96758e-07 1.75477e-07 0 2.65416e-08 1.36424e-06 5.37007e-07 
scan 800 550 5 2.13985e-07 1.40232e-07 1.23544e-07 7.16104e-09 4.27971e-09 0 1.13241e-12 6.41956e-08 1.45335e-08 
scan 800 550 6 3.60572e-07 1.96781e-07 1.61342e-07 9.19479e-09 9.26529e-09 0 7.73531e-10 1.08172e-07 2.86211e-08 
scan 800 550 7 4.2629e-07 2.18488e-07 1.74036e-07 8.90387e-09 1.32424e-08 0 8.30474e-10 1.27887e-07 2.89529e-08 
scan 800 550 8 6.54986e-07 3.00164e-07 2.18486e-07 1.15923e-08 1.95566e-08 0 1.70963e-09 1.96496e-07 5.68476e-08 
scan 800 550 9 7.28468e-07 3.24715e-07 2.30511e-07 1.65503e-08 2.1037e-08 0 6.50499e-10 2.1854e-07 6.18713e-08 
scan 800 550 10 1.47849e-07 1.81732e-07 1.04609e-07 1.42658e-09 4.6682e-09 0 1.53073e-10 1.47849e-07 1.41568e-08 
scan 800 550 11 1.51152e-06 1.55272e-06 3.30004e-07 3.60187e-08 4.27874e-08 0 4.11957e-09 1.51152e-06 1.19112e-07 
scan 800 550 12 2.74657e-06 2.79315e-06 4.45788e-07 7.66682e-08 5.88473e-08 0 6.5875e-09 2.74657e-06 2.23506e-07 
scan 800 550 13 3.61172e-06 3.66176e-06 5.11023e-07 9.33386e-08 9.84704e-08 0 7.47532e-09 3.61172e-06 2.90475e-07 
scan 800 550 14 1.55298e-05 1.56265e-05 1.05971e-06 4.07993e-07 3.50766e-07 0 4.24332e-08 1.55298e-05 1.26435e-06 
scan 800 550 15 1.29297e-06 4.15798e-07 3.04917e-07 4.07608e-08 2.22527e-08 0 6.32277e-09 2.58595e-07 1.04145e-07 
scan 800 550 16 2.29261e-06 6.43099e-07 4.0547e-07 6.64511e-08 4.36765e-08 0 1.12179e-08 4.58523e-07 1.80215e-07 
scan 800 550 17 3.13648e-06 8.30073e-07 4.73004e-07 8.21637e-08 9.15095e-08 0 1.71362e-08 6.27295e-07 2.37425e-07 
scan 800 550 18 3.08633e-06 8.26391e-07 4.70938e-07 9.64245e-08 7.53211e-08 0 2.02137e-08 6.17266e-07 2.54446e-07 
scan 800 550 19 5.05631e-06 1.26898e-06 6.04713e-07 1.42209e-07 1.42894e-07 0 2.29021e-08 1.01126e-06 4.25238e-07 
scan 800 550 20 3.60857e-07 1.97018e-07 1.61468e-07 1.16739e-08 8.23083e-09 0 6.31644e-10 1.08257e-07 2.86405e-08 
scan 800 550 21 6.52064e-07 2.98788e-07 2.17485e-07 2.07422e-08 8.47081e-09 0 3.14411e-09 1.95619e-07 5.65334e-08 
scan 800 550 22 5.02809e-07 2.46258e-07 1.90115e-07 8.90387e-09 1.41943e-08 0 9.83513e-10 1.50843e-07 3.82651e-08 
scan 800 550 23 3.60858e-07 1.96982e-07 1.61468e-07 1.05331e-08 8.86729e-09 0 6.31308e-10 1.08257e-07 2.86405e-08 
scan 800 550 24 6.47681e-07 2.96579e-07 2.16015e-07 1.58297e-08 1.07238e-08 0 5.25645e-09 1.94304e-07 5.61201e-08 
scan 800 550 25 2.88245e-07 3.23372e-07 1.44231e-07 9.33008e-09 5.56379e-09 0 1.26146e-09 2.88245e-07 2.37088e-08 
scan 800 550 26 9.96129e-07 1.03456e-06 2.66308e-07 3.44035e-08 1.25529e-08 0 6.59143e-09 9.96129e-07 7.57328e-08 
scan 800 550 27 2.88787e-06 2.93493e-06 4.56853e-07 7.65293e-08 7.12659e-08 0 7.2525e-09 2.88787e-06 2.33122e-07 
scan 800 550 28 3.46874e-06 3.5188e-06 5.00952e-07 8.52095e-08 8.94305e-08 0 1.3031e-08 3.46874e-06 2.88801e-07 
scan 800 550 29 1.6876e-05 1.69777e-05 1.10383e-06 4.50387e-07 3.68634e-07 0 5.75569e-08 1.6876e-05 1.37181e-06 
scan 800 550 30 7.68259e-08 7.89668e-08 7.68259e-08 2.77e-09 1.53652e-09 0 4.06563e-13 1.53652e-08 9.34955e-09 
scan 800 550 31 1.42349e-07 1.0525e-07 1.00656e-07 2.13916e-09 6.09798e-09 0 1.54067e-10 2.84698e-08 9.66811e-09 
scan 800 550 32 2.22661e-07 1.38303e-07 1.28616e-07 3.52241e-09 6.85674e-09 0 1.13998e-09 4.45323e-08 2.32767e-08 
scan 800 550 33 2.88572e-07 1.57646e-07 1.44318e-07 9.2522e-09 7.00483e-09 0 1.09296e-09 5.77144e-08 2.36195e-08 
scan 800 550 34 5.09274e-07 2.23809e-07 1.92612e-07 1.9133e-08 7.11457e-09 0 3.1928e-09 1.01855e-07 4.67941e-08 
scan 800 550 35 0 0 0 0 0 0 0 0 0 
scan 800 550 36 0 0 0 0 0 0 0 0 0 
scan 800 550 37 7.00453e-08 7.33269e-08 7.00453e-08 2.42644e-09 0 0 6.30407e-10 2.10136e-08 4.75735e-09 
scan 800 550 38 0 0 0 0 0 0 0 0 0 
scan 800 550 39 2.8068e-07 1.65031e-07 1.40343e-07 6.14517e-09 6.50278e-09 0 2.27496e-09 8.42041e-08 1.90633e-08 
scan 800 550 40 0 0 0 0 0 0 0 0 0 
scan 800 550 41 7.00453e-08 9.92172e-08 7.00453e-08 2.88804e-09 0 0 6.30407e-10 7.00453e-08 4.75735e-09 
scan 800 550 42 2.81822e-07 3.15779e-07 1.40919e-07 6.71459e-09 4.47852e-09 0 1.70947e-09 2.81822e-07 1.91408e-08 
scan 800 550 43 3.6019e-07 3.95752e-07 1.61127e-07 6.05752e-09 8.36614e-09 0 9.63307e-10 3.6019e-07 2.85208e-08 
scan 800 550 44 1.86307e-06 1.90502e-06 3.65537e-07 4.25516e-08 3.13676e-08 0 9.30502e-09 1.86307e-06 1.46906e-07 
scan 800 550 45 0 0 0 0 0 0 0 0 0 
scan 800 550 46 0 0 0 0 0 0 0 0 0 
scan 800 550 47 0 0 0 0 0 0 0 0 0 
scan 800 550 48 0 0 0 0 0 0 0 0 0 
scan 800 550 49 0 0 0 0 0 0 0 0 0 
scan 800 550 50 0 0 0 0 0 0 0 0 0 
scan 800 550 51 0 0 0 0 0 0 0 0 0 
scan 800 550 52 0 0 0 0 0 0 0 0 0 
scan 800 550 53 0 0 0 0 0 0 0 0 0 
scan 800 550 54 0 0 0 0 0 0 0 0 0 
scan 800 550 55 0 0 0 0 0 0 0 0 0 
scan 800 550 56 0 0 0 0 0 0 0 0 0 
scan 800 550 57 0 0 0 0 0 0 0 0 0 
scan 800 550 58 0 0 0 0 0 0 0 0 0 
scan 800 550 59 7.13284e-08 1.01033e-07 7.13284e-08 2.57178e-09 1.42657e-09 0 3.7747e-13 7.13284e-08 4.84451e-09 
scan 800 550 75 0 0 0 0 0 0 0 0 0 
scan 800 550 76 0 0 0 0 0 0 0 0 0 
scan 800 550 77 0 0 0 0 0 0 0 0 0 
scan 800 550 78 0 0 0 0 0 0 0 0 0 
scan 800 550 79 0 0 0 0 0 0 0 0 0 
scan 800 550 80 0 0 0 0 0 0 0 0 0 
scan 800 550 81 0 0 0 0 0 0 0 0 0 
scan 800 550 82 0 0 0 0 0 0 0 0 0 
scan 800 550 83 0 0 0 0 0 0 0 0 0 
scan 800 550 84 0 0 0 0 0 0 0 0 0 
scan 800 550 85 0 0 0 0 0 0 0 0 0 
scan 800 550 86 0 0 0 0 0 0 0 0 0 
scan 800 550 87 0 0 0 0 0 0 0 0 0 
scan 800 550 88 0 0 0 0 0 0 0 0 0 
scan 800 550 89 1.42658e-07 1.75058e-07 1.00875e-07 2.85316e-09 4.03498e-09 0 1.0317e-13 1.42658e-07 9.6891e-09 
scan 800 550 90 0 0 0 0 0 0 0 0 0 
scan 800 550 91 0 0 0 0 0 0 0 0 0 
scan 800 550 92 0 0 0 0 0 0 0 0 0 
scan 800 550 93 0 0 0 0 0 0 0 0 0 
scan 800 550 94 0 0 0 0 0 0 0 0 0 
scan 800 550 95 0 0 0 0 0 0 0 0 0 
scan 800 550 96 0 0 0 0 0 0 0 0 0 
scan 800 550 97 0 0 0 0 0 0 0 0 0 
scan 800 550 98 0 0 0 0 0 0 0 0 0 
scan 800 550 99 0 0 0 0 0 0 0 0 0 
scan 800 550 100 0 0 0 0 0 0 0 0 0 
scan 800 550 101 0 0 0 0 0 0 0 0 0 
scan 800 550 102 1.87596e-07 2.1743e-07 1.08338e-07 3.96143e-09 1.81575e-09 5.6778e-09 1.15232e-08 1.87596e-07 1.27412e-08 
scan 800 550 103 0 0 0 0 0 0 0 0 0 
scan 800 550 104 3.38478e-07 3.72184e-07 1.51639e-07 7.80957e-09 4.25878e-09 1.69239e-08 8.05406e-09 3.38478e-07 2.29889e-08 
scan 800 550 120 0 0 0 0 0 0 0 0 0 
scan 800 550 121 0 0 0 0 0 0 0 0 0 
scan 800 550 122 0 0 0 0 0 0 0 0 0 
scan 800 550 123 0 0 0 0 0 0 0 0 0 
scan 800 550 124 0 0 0 0 0 0 0 0 0 
scan 800 550 125 0 0 0 0 0 0 0 0 0 
scan 800 550 126 0 0 0 0 0 0 0 0 0 
scan 800 550 127 0 0 0 0 0 0 0 0 0 
scan 800 550 128 0 0 0 0 0 0 0 0 0 
scan 800 550 129 0 0 0 0 0 0 0 0 0 
scan 800 550 130 0 0 0 0 0 0 0 0 0 
scan 800 550 131 0 0 0 0 0 0 0 0 0 
scan 800 550 132 7.64503e-08 1.08549e-07 7.64503e-08 1.52901e-09 1.52901e-09 1.52901e-09 1.87303e-10 7.64503e-08 9.30383e-09 
scan 800 550 133 0 0 0 0 0 0 0 0 0 
scan 800 550 134 0 0 0 0 0 0 0 0 0 
scan 800 550 135 0 0 0 0 0 0 0 0 0 
scan 800 550 136 0 0 0 0 0 0 0 0 0 
scan 800 550 137 0 0 0 0 0 0 0 0 0 
scan 800 550 138 0 0 0 0 0 0 0 0 0 
scan 800 550 139 0 0 0 0 0 0 0 0 0 
scan 800 550 140 0 0 0 0 0 0 0 0 0 
scan 800 550 141 0 0 0 0 0 0 0 0 0 
scan 800 550 142 0 0 0 0 0 0 0 0 0 
scan 800 550 143 0 0 0 0 0 0 0 0 0 
scan 800 550 144 0 0 0 0 0 0 0 0 0 
scan 800 550 145 0 0 0 0 0 0 0 0 0 
scan 800 550 146 6.76075e-08 9.6091e-08 6.76075e-08 2.02823e-09 1.35215e-09 1.35215e-09 4.05645e-09 6.76075e-08 8.22769e-09 
scan 800 550 147 6.27697e-08 8.90249e-08 6.27697e-08 1.25539e-09 3.13848e-09 1.25539e-09 3.76618e-09 6.27697e-08 4.26321e-09 
scan 800 550 148 0 0 0 0 0 0 0 0 0 
scan 800 550 149 6.27697e-08 8.90249e-08 6.27697e-08 1.25539e-09 3.13848e-09 1.25539e-09 3.76618e-09 6.27697e-08 4.26321e-09 
scan 800 550 165 0 0 0 0 0 0 0 0 0 
scan 800 550 166 0 0 0 0 0 0 0 0 0 
scan 800 550 167 0 0 0 0 0 0 0 0 0 
scan 800 550 168 0 0 0 0 0 0 0 0 0 
scan 800 550 169 0 0 0 0 0 0 0 0 0 
scan 800 550 170 0 0 0 0 0 0 0 0 0 
scan 800 550 171 0 0 0 0 0 0 0 0 0 
scan 800 550 172 0 0 0 0 0 0 0 0 0 
scan 800 550 173 0 0 0 0 0 0 0 0 0 
scan 800 550 174 0 0 0 0 0 0 0 0 0 
scan 800 550 175 0 0 0 0 0 0 0 0 0 
scan 800 550 176 0 0 0 0 0 0 0 0 0 
scan 800 550 177 0 0 0 0 0 0 0 0 0 
scan 800 550 178 0 0 0 0 0 0 0 0 0 
scan 800 550 179 0 0 0 0 0 0 0 0 0 
