xsec 800 500 0.000724722
scan 800 500 0 5.60609e-07 2.08032e-07 1.69105e-07 1.63375e-08 1.24144e-08 0 1.36035e-09 1.12122e-07 4.10675e-08 
scan 800 500 1 1.2351e-06 3.70382e-07 2.52321e-07 3.94426e-08 2.40153e-08 0 6.19421e-09 2.47019e-07 1.01626e-07 
scan 800 500 2 1.9347e-06 5.24621e-07 3.14057e-07 5.80525e-08 4.48146e-08 0 9.30246e-09 3.86939e-07 1.46319e-07 
scan 800 500 3 1.94788e-06 5.29222e-07 3.16207e-07 5.07683e-08 5.60754e-08 0 5.25771e-09 3.89575e-07 1.50235e-07 
scan 800 500 4 9.66376e-06 2.22804e-06 7.05355e-07 2.636e-07 2.43747e-07 0 3.73348e-08 1.93275e-06 7.75109e-07 
scan 800 500 5 2.02893e-07 1.19284e-07 1.01447e-07 3.88769e-09 5.21889e-09 0 1.0159e-10 6.08679e-08 1.37801e-08 
scan 800 500 6 1.06406e-07 8.2666e-08 7.53186e-08 2.12811e-09 5.73012e-09 0 3.75399e-13 3.19217e-08 1.02187e-08 
scan 800 500 7 3.53185e-07 1.7245e-07 1.33495e-07 8.48589e-09 6.55011e-09 0 1.10021e-09 1.05955e-07 2.39877e-08 
scan 800 500 8 2.54529e-07 1.38986e-07 1.13909e-07 9.83713e-09 1.01548e-09 0 2.05618e-09 7.63586e-08 2.02252e-08 
scan 800 500 9 8.19234e-07 3.27741e-07 2.04934e-07 2.09606e-08 2.00494e-08 0 3.79078e-09 2.4577e-07 6.44819e-08 
scan 800 500 10 5.07737e-08 7.19091e-08 5.07737e-08 1.4361e-09 1.01547e-09 0 2.68694e-13 5.07737e-08 3.44846e-09 
scan 800 500 11 1.28415e-06 1.31417e-06 2.57048e-07 2.66396e-08 2.77399e-08 0 4.66809e-09 1.28415e-06 1.02148e-07 
scan 800 500 12 1.74295e-06 1.77445e-06 2.99093e-07 4.38398e-08 4.08523e-08 0 3.77034e-09 1.74295e-06 1.33289e-07 
scan 800 500 13 2.67855e-06 2.71463e-06 3.71744e-07 6.99611e-08 6.41663e-08 0 9.81322e-09 2.67855e-06 2.17523e-07 
scan 800 500 14 1.83373e-05 1.84349e-05 9.74036e-07 4.54351e-07 4.3309e-07 0 4.93553e-08 1.83373e-05 1.4982e-06 
scan 800 500 15 6.67687e-07 2.35965e-07 1.85354e-07 2.0522e-08 1.06276e-08 0 3.4099e-09 1.33537e-07 5.42699e-08 
scan 800 500 16 2.75699e-06 7.06311e-07 3.75388e-07 6.88415e-08 6.75409e-08 0 1.16289e-08 5.51399e-07 2.10908e-07 
scan 800 500 17 3.73476e-06 9.23744e-07 4.37458e-07 1.13084e-07 7.37719e-08 0 1.71156e-08 7.46952e-07 2.92357e-07 
scan 800 500 18 4.06383e-06 1.00239e-06 4.57603e-07 1.10523e-07 9.89763e-08 0 2.18049e-08 8.12766e-07 3.3513e-07 
scan 800 500 19 8.78612e-06 2.03691e-06 6.72425e-07 2.43689e-07 2.01651e-07 0 4.20557e-08 1.75722e-06 7.12181e-07 
scan 800 500 20 1.55678e-07 1.02379e-07 8.99222e-08 5.07799e-09 2.45157e-09 0 7.31287e-10 4.67033e-08 1.34844e-08 
scan 800 500 21 2.55485e-07 1.39324e-07 1.14316e-07 6.70863e-09 3.19217e-09 0 1.58963e-09 7.66454e-08 2.02722e-08 
scan 800 500 22 2.0704e-07 1.22227e-07 1.03619e-07 6.60524e-09 3.14359e-09 0 4.49379e-10 6.21119e-08 1.70536e-08 
scan 800 500 23 2.1541e-07 1.28038e-07 1.07829e-07 5.53794e-09 1.92407e-09 0 1.10616e-09 6.4623e-08 2.3558e-08 
scan 800 500 24 1.0243e-06 3.93509e-07 2.29244e-07 1.85184e-08 2.9296e-08 0 5.21595e-09 3.07289e-07 8.14999e-08 
scan 800 500 25 4.70534e-07 4.98016e-07 1.56983e-07 1.17139e-08 1.2808e-08 0 4.97595e-10 4.70534e-07 4.08904e-08 
scan 800 500 26 1.77866e-06 1.80961e-06 3.00773e-07 5.05155e-08 3.4354e-08 0 6.38739e-09 1.77866e-06 1.29736e-07 
scan 800 500 27 2.05606e-06 2.08916e-06 3.25342e-07 4.77531e-08 4.79057e-08 0 6.75641e-09 2.05606e-06 1.63447e-07 
scan 800 500 28 3.05422e-06 3.09231e-06 3.98012e-07 7.19117e-08 7.30522e-08 0 9.40052e-09 3.05422e-06 2.55127e-07 
scan 800 500 29 1.76954e-05 1.7785e-05 9.53384e-07 4.67366e-07 3.32045e-07 0 6.51479e-08 1.76954e-05 1.39216e-06 
scan 800 500 30 7.68168e-07 2.58836e-07 1.98428e-07 1.90893e-08 1.6673e-08 0 1.55748e-09 1.53634e-07 5.80906e-08 
scan 800 500 31 1.07702e-06 3.32111e-07 2.35226e-07 3.10388e-08 1.85374e-08 0 4.25066e-09 2.15404e-07 8.51018e-08 
scan 800 500 32 1.498e-06 4.30582e-07 2.78408e-07 3.73136e-08 4.11509e-08 0 4.1578e-09 2.996e-07 1.22584e-07 
scan 800 500 33 2.42218e-06 6.38808e-07 3.53626e-07 6.08164e-08 6.69138e-08 0 1.1057e-08 4.84436e-07 2.00116e-07 
scan 800 500 34 4.96103e-06 1.19113e-06 5.04029e-07 1.31669e-07 1.2173e-07 0 2.05208e-08 9.92205e-07 3.84325e-07 
scan 800 500 35 2.01066e-07 1.18188e-07 1.00536e-07 5.21911e-09 2.76732e-09 0 9.987e-10 6.03197e-08 1.3656e-08 
scan 800 500 36 3.06015e-07 1.57283e-07 1.24993e-07 9.93495e-09 4.7652e-09 0 1.70431e-09 9.18046e-08 2.37113e-08 
scan 800 500 37 2.11857e-07 1.25542e-07 1.06053e-07 5.57001e-09 5.31114e-09 0 4.72094e-10 6.35572e-08 2.03607e-08 
scan 800 500 38 4.98603e-08 5.22081e-08 4.98603e-08 2.05579e-09 0 0 4.48743e-10 1.49581e-08 3.38642e-09 
scan 800 500 39 6.18615e-07 2.63574e-07 1.78741e-07 1.62472e-08 1.4731e-08 0 2.57436e-09 1.85585e-07 5.09306e-08 
scan 800 500 40 1.56266e-07 1.81084e-07 9.03271e-08 4.64479e-09 2.54875e-09 0 4.48855e-10 1.56266e-07 1.36052e-08 
scan 800 500 41 8.31218e-07 8.60211e-07 2.08009e-07 1.75709e-08 1.91868e-08 0 2.68648e-09 8.31218e-07 7.13305e-08 
scan 800 500 42 1.70717e-06 1.73964e-06 2.97426e-07 4.27215e-08 3.58353e-08 0 5.9419e-09 1.70717e-06 1.42614e-07 
scan 800 500 43 1.91982e-06 1.95352e-06 3.15905e-07 4.7477e-08 4.29016e-08 0 6.01956e-09 1.91982e-06 1.63059e-07 
scan 800 500 44 1.02552e-05 1.03172e-05 7.25624e-07 2.55927e-07 2.17804e-07 0 3.18264e-08 1.02552e-05 7.97533e-07 
scan 800 500 45 5.56109e-08 5.7147e-08 5.56109e-08 1.11222e-09 1.57291e-09 0 1.06773e-11 1.11222e-08 6.76772e-09 
scan 800 500 46 0 0 0 0 0 0 0 0 0 
scan 800 500 47 5.07742e-08 5.19242e-08 5.07742e-08 1.01548e-09 1.43611e-09 0 3.18455e-14 1.01548e-08 3.44849e-09 
scan 800 500 48 0 0 0 0 0 0 0 0 0 
scan 800 500 49 0 0 0 0 0 0 0 0 0 
scan 800 500 50 0 0 0 0 0 0 0 0 0 
scan 800 500 51 5.07572e-08 5.31453e-08 5.07572e-08 1.52271e-09 1.43563e-09 0 8.5272e-12 1.52271e-08 3.44734e-09 
scan 800 500 52 0 0 0 0 0 0 0 0 0 
scan 800 500 53 0 0 0 0 0 0 0 0 0 
scan 800 500 54 0 0 0 0 0 0 0 0 0 
scan 800 500 55 0 0 0 0 0 0 0 0 0 
scan 800 500 56 0 0 0 0 0 0 0 0 0 
scan 800 500 57 0 0 0 0 0 0 0 0 0 
scan 800 500 58 5.07547e-08 7.18822e-08 5.07547e-08 1.01509e-09 1.43556e-09 0 9.74491e-12 5.07547e-08 3.44717e-09 
scan 800 500 59 5.0723e-08 7.1875e-08 5.0723e-08 1.43466e-09 2.53615e-09 0 2.55644e-11 5.0723e-08 3.44502e-09 
scan 800 500 75 0 0 0 0 0 0 0 0 0 
scan 800 500 76 0 0 0 0 0 0 0 0 0 
scan 800 500 77 0 0 0 0 0 0 0 0 0 
scan 800 500 78 0 0 0 0 0 0 0 0 0 
scan 800 500 79 0 0 0 0 0 0 0 0 0 
scan 800 500 80 0 0 0 0 0 0 0 0 0 
scan 800 500 81 0 0 0 0 0 0 0 0 0 
scan 800 500 82 0 0 0 0 0 0 0 0 0 
scan 800 500 83 5.07741e-08 5.31509e-08 5.07741e-08 1.01548e-09 1.43611e-09 0 4.15942e-14 1.52322e-08 3.44849e-09 
scan 800 500 84 0 0 0 0 0 0 0 0 0 
scan 800 500 85 0 0 0 0 0 0 0 0 0 
scan 800 500 86 0 0 0 0 0 0 0 0 0 
scan 800 500 87 1.01548e-07 1.24612e-07 7.18055e-08 2.03097e-09 2.87222e-09 0 5.62273e-14 1.01548e-07 6.89699e-09 
scan 800 500 88 0 0 0 0 0 0 0 0 0 
scan 800 500 89 5.07742e-08 7.19098e-08 5.07742e-08 1.01548e-09 1.43611e-09 0 2.43818e-14 5.07742e-08 3.44849e-09 
scan 800 500 90 5.34069e-08 5.49472e-08 5.34069e-08 0 1.51058e-09 2.67035e-09 1.06814e-09 1.06814e-08 6.49951e-09 
scan 800 500 91 4.46813e-08 4.58177e-08 4.46813e-08 8.93626e-10 8.93626e-10 2.23407e-09 2.68088e-09 8.93626e-09 3.03468e-09 
scan 800 500 92 9.80615e-08 7.2915e-08 6.93838e-08 2.72045e-09 1.01548e-09 3.48445e-09 3.5466e-09 1.96123e-08 9.20327e-09 
scan 800 500 93 4.87432e-08 4.98568e-08 4.87432e-08 0 1.37867e-09 9.74865e-10 9.74865e-10 9.74865e-09 3.31056e-09 
scan 800 500 94 0 0 0 0 0 0 0 0 0 
scan 800 500 95 0 0 0 0 0 0 0 0 0 
scan 800 500 96 0 0 0 0 0 0 0 0 0 
scan 800 500 97 0 0 0 0 0 0 0 0 0 
scan 800 500 98 0 0 0 0 0 0 0 0 0 
scan 800 500 99 0 0 0 0 0 0 0 0 0 
scan 800 500 100 0 0 0 0 0 0 0 0 0 
scan 800 500 101 4.06194e-08 5.76783e-08 4.06194e-08 1.46455e-09 0 8.12387e-10 4.06194e-09 4.06194e-08 2.7588e-09 
scan 800 500 102 4.56968e-08 6.4793e-08 4.56968e-08 0 1.2925e-09 2.28484e-09 2.28484e-09 4.56968e-08 3.10365e-09 
scan 800 500 103 9.03781e-08 1.11053e-07 6.3911e-08 1.26378e-09 2.46085e-09 3.148e-09 4.96572e-09 9.03781e-08 6.13833e-09 
scan 800 500 104 2.33018e-07 2.56439e-07 1.04388e-07 4.84492e-09 4.36498e-09 7.51656e-09 1.12637e-08 2.33018e-07 1.8459e-08 
scan 800 500 120 0 0 0 0 0 0 0 0 0 
scan 800 500 121 0 0 0 0 0 0 0 0 0 
scan 800 500 122 4.87432e-08 4.98568e-08 4.87432e-08 0 1.37867e-09 9.74865e-10 9.74865e-10 9.74865e-09 3.31056e-09 
scan 800 500 123 9.74865e-08 7.20486e-08 6.89334e-08 0 2.75733e-09 1.94973e-09 1.94973e-09 1.94973e-08 6.62112e-09 
scan 800 500 124 0 0 0 0 0 0 0 0 0 
scan 800 500 125 0 0 0 0 0 0 0 0 0 
scan 800 500 126 0 0 0 0 0 0 0 0 0 
scan 800 500 127 0 0 0 0 0 0 0 0 0 
scan 800 500 128 0 0 0 0 0 0 0 0 0 
scan 800 500 129 0 0 0 0 0 0 0 0 0 
scan 800 500 130 0 0 0 0 0 0 0 0 0 
scan 800 500 131 0 0 0 0 0 0 0 0 0 
scan 800 500 132 0 0 0 0 0 0 0 0 0 
scan 800 500 133 5.05254e-08 7.15951e-08 5.05254e-08 1.01051e-09 1.01051e-09 2.52627e-09 1.23787e-10 5.05254e-08 3.4316e-09 
scan 800 500 134 0 0 0 0 0 0 0 0 0 
scan 800 500 135 0 0 0 0 0 0 0 0 0 
scan 800 500 136 0 0 0 0 0 0 0 0 0 
scan 800 500 137 0 0 0 0 0 0 0 0 0 
scan 800 500 138 0 0 0 0 0 0 0 0 0 
scan 800 500 139 4.46813e-08 4.58177e-08 4.46813e-08 8.93626e-10 8.93626e-10 2.23407e-09 2.68088e-09 8.93626e-09 3.03468e-09 
scan 800 500 140 0 0 0 0 0 0 0 0 0 
scan 800 500 141 0 0 0 0 0 0 0 0 0 
scan 800 500 142 0 0 0 0 0 0 0 0 0 
scan 800 500 143 0 0 0 0 0 0 0 0 0 
scan 800 500 144 0 0 0 0 0 0 0 0 0 
scan 800 500 145 0 0 0 0 0 0 0 0 0 
scan 800 500 146 0 0 0 0 0 0 0 0 0 
scan 800 500 147 0 0 0 0 0 0 0 0 0 
scan 800 500 148 9.79127e-08 1.20699e-07 6.92347e-08 1.95825e-09 1.95825e-09 1.95825e-09 5.87476e-09 9.79127e-08 1.19158e-08 
scan 800 500 149 2.8562e-07 3.0961e-07 1.16823e-07 6.15922e-09 8.39328e-09 8.74393e-09 8.414e-09 2.8562e-07 1.93988e-08 
scan 800 500 165 0 0 0 0 0 0 0 0 0 
scan 800 500 166 0 0 0 0 0 0 0 0 0 
scan 800 500 167 0 0 0 0 0 0 0 0 0 
scan 800 500 168 0 0 0 0 0 0 0 0 0 
scan 800 500 169 0 0 0 0 0 0 0 0 0 
scan 800 500 170 0 0 0 0 0 0 0 0 0 
scan 800 500 171 0 0 0 0 0 0 0 0 0 
scan 800 500 172 0 0 0 0 0 0 0 0 0 
scan 800 500 173 0 0 0 0 0 0 0 0 0 
scan 800 500 174 0 0 0 0 0 0 0 0 0 
scan 800 500 175 0 0 0 0 0 0 0 0 0 
scan 800 500 176 0 0 0 0 0 0 0 0 0 
scan 800 500 177 0 0 0 0 0 0 0 0 0 
scan 800 500 178 5.05254e-08 7.15951e-08 5.05254e-08 1.01051e-09 1.01051e-09 2.52627e-09 1.23787e-10 5.05254e-08 3.4316e-09 
scan 800 500 179 2.67046e-07 2.94161e-07 1.19543e-07 5.34093e-09 5.34093e-09 1.1694e-08 6.95721e-10 2.67046e-07 2.70645e-08 
