xsec 800 250 0.000724722
scan 800 250 0 2.0932e-07 1.2883e-07 1.20856e-07 5.26098e-09 2.44434e-09 0 1.57445e-09 4.18639e-08 1.42166e-08 
scan 800 250 1 7.11162e-07 2.72427e-07 2.25048e-07 1.99861e-08 1.31276e-08 0 2.64646e-09 1.42232e-07 5.25463e-08 
scan 800 250 2 9.32522e-07 3.28501e-07 2.58876e-07 2.54952e-08 1.7281e-08 0 2.28459e-09 1.86504e-07 7.18186e-08 
scan 800 250 3 6.48635e-07 2.58585e-07 2.16485e-07 1.76361e-08 9.72692e-09 0 2.53888e-09 1.29727e-07 5.25279e-08 
scan 800 250 4 6.16277e-06 1.50546e-06 6.69268e-07 1.5017e-07 1.21833e-07 0 1.82677e-08 1.23255e-06 5.1145e-07 
scan 800 250 5 0 0 0 0 0 0 0 0 0 
scan 800 250 6 0 0 0 0 0 0 0 0 0 
scan 800 250 7 0 0 0 0 0 0 0 0 0 
scan 800 250 8 5.09809e-07 2.50533e-07 1.92965e-07 1.46517e-08 8.06223e-09 0 1.12988e-09 1.52943e-07 4.3116e-08 
scan 800 250 9 3.14045e-06 1.08506e-06 4.73744e-07 7.64173e-08 6.68975e-08 0 8.45592e-09 9.42135e-07 2.34355e-07 
scan 800 250 10 7.0732e-08 1.00175e-07 7.0732e-08 0 2.45023e-09 0 5.65856e-11 7.0732e-08 4.804e-09 
scan 800 250 11 7.27086e-07 7.65507e-07 2.30198e-07 2.06257e-08 8.97812e-09 0 2.78645e-09 7.27086e-07 6.19792e-08 
scan 800 250 12 1.56879e-06 1.60919e-06 3.34718e-07 4.02423e-08 2.20823e-08 0 6.92594e-09 1.56879e-06 1.19148e-07 
scan 800 250 13 1.73474e-06 1.77709e-06 3.54564e-07 3.47978e-08 3.55275e-08 0 6.93706e-09 1.73474e-06 1.43181e-07 
scan 800 250 14 2.36943e-05 2.38129e-05 1.30554e-06 5.09099e-07 4.81546e-07 0 7.58215e-08 2.36943e-05 1.85379e-06 
scan 800 250 15 2.82077e-07 1.53425e-07 1.41041e-07 6.39005e-09 7.47417e-09 0 6.4449e-10 5.64153e-08 1.91582e-08 
scan 800 250 16 8.77343e-07 3.19275e-07 2.53669e-07 2.33863e-08 1.96105e-08 0 2.54754e-09 1.75469e-07 7.65594e-08 
scan 800 250 17 6.35216e-07 2.51752e-07 2.11742e-07 1.14287e-08 2.02752e-08 0 1.18274e-09 1.27043e-07 4.31428e-08 
scan 800 250 18 1.20328e-06 3.90272e-07 2.91972e-07 3.5048e-08 2.25961e-08 0 4.50254e-09 2.40655e-07 8.59698e-08 
scan 800 250 19 7.08894e-06 1.69179e-06 7.1304e-07 1.50113e-07 1.54772e-07 0 2.27077e-08 1.41779e-06 5.44614e-07 
scan 800 250 20 0 0 0 0 0 0 0 0 0 
scan 800 250 21 2.24888e-07 1.48471e-07 1.29938e-07 6.75312e-09 2.00381e-09 0 1.87108e-09 6.74665e-08 2.35584e-08 
scan 800 250 22 2.91349e-07 1.71966e-07 1.45838e-07 5.4245e-09 7.56778e-09 0 6.35618e-11 8.74046e-08 2.40265e-08 
scan 800 250 23 3.67269e-07 2.01037e-07 1.64408e-07 1.04299e-08 5.284e-09 0 1.54243e-09 1.10181e-07 3.32719e-08 
scan 800 250 24 2.82008e-06 9.90073e-07 4.52067e-07 6.33503e-08 5.82107e-08 0 7.75266e-09 8.46023e-07 2.29485e-07 
scan 800 250 25 0 0 0 0 0 0 0 0 0 
scan 800 250 26 3.52724e-07 3.87272e-07 1.57747e-07 6.87604e-09 7.73425e-09 0 7.3978e-10 3.52724e-07 2.39564e-08 
scan 800 250 27 9.63829e-07 1.00485e-06 2.67758e-07 2.31764e-08 1.63422e-08 0 2.82179e-09 9.63829e-07 9.08589e-08 
scan 800 250 28 1.79978e-06 1.84192e-06 3.60332e-07 4.04685e-08 3.7362e-08 0 5.82596e-09 1.79978e-06 1.43342e-07 
scan 800 250 29 1.8667e-05 1.87705e-05 1.16108e-06 3.88016e-07 3.83055e-07 0 5.45895e-08 1.8667e-05 1.49118e-06 
scan 800 250 30 1.00798e-06 3.47851e-07 2.69712e-07 2.73356e-08 1.64344e-08 0 3.97049e-09 2.01596e-07 8.11283e-08 
scan 800 250 31 1.82044e-06 5.40902e-07 3.6457e-07 4.35e-08 4.12007e-08 0 3.61913e-09 3.64088e-07 1.53297e-07 
scan 800 250 32 2.62546e-06 7.24133e-07 4.38119e-07 6.31059e-08 6.33364e-08 0 2.92265e-09 5.25092e-07 2.20673e-07 
scan 800 250 33 4.38575e-06 1.10648e-06 5.62049e-07 1.16429e-07 8.26593e-08 0 1.21872e-08 8.7715e-07 3.44191e-07 
scan 800 250 34 2.50273e-05 5.60445e-06 1.34291e-06 6.35588e-07 5.11954e-07 0 7.10987e-08 5.00546e-06 1.96993e-06 
scan 800 250 35 2.11403e-07 1.38423e-07 1.22056e-07 3.83572e-09 4.45404e-09 0 5.59361e-10 6.34208e-08 1.43581e-08 
scan 800 250 36 1.40557e-07 1.08443e-07 9.9391e-08 2.41882e-09 2.45023e-09 0 5.59327e-10 4.21672e-08 9.5464e-09 
scan 800 250 37 7.37206e-07 3.29377e-07 2.3351e-07 1.35651e-08 1.91963e-08 0 1.78028e-09 2.21162e-07 6.70375e-08 
scan 800 250 38 1.07673e-06 4.35374e-07 2.78177e-07 2.29301e-08 2.55517e-08 0 1.05402e-09 3.2302e-07 8.15272e-08 
scan 800 250 39 1.02699e-05 3.32282e-06 8.62781e-07 2.45498e-07 2.38661e-07 0 2.01733e-08 3.08098e-06 8.28664e-07 
scan 800 250 40 2.12422e-07 2.4581e-07 1.22642e-07 3.97125e-09 5.87093e-09 0 5.69945e-11 2.12422e-07 1.44273e-08 
scan 800 250 41 1.58952e-06 1.6311e-06 3.39179e-07 3.37865e-08 3.33034e-08 0 4.69086e-09 1.58952e-06 1.28856e-07 
scan 800 250 42 3.75529e-06 3.80504e-06 5.21357e-07 8.61491e-08 7.60603e-08 0 8.70893e-09 3.75529e-06 3.01663e-07 
scan 800 250 43 4.54919e-06 4.60183e-06 5.7374e-07 1.06753e-07 9.2873e-08 0 9.47936e-09 4.54919e-06 3.63912e-07 
scan 800 250 44 6.29031e-05 6.31726e-05 2.13366e-06 1.45634e-06 1.26697e-06 0 1.597e-07 6.29031e-05 5.06579e-06 
scan 800 250 45 7.71637e-08 7.93375e-08 7.71637e-08 3.27378e-09 1.54327e-09 0 8.68091e-10 1.54327e-08 9.39065e-09 
scan 800 250 46 0 0 0 0 0 0 0 0 0 
scan 800 250 47 7.08446e-08 7.24492e-08 7.08446e-08 2.00379e-09 1.41689e-09 0 3.7491e-13 1.41689e-08 4.81164e-09 
scan 800 250 48 7.0774e-08 7.2377e-08 7.0774e-08 2.00179e-09 1.41548e-09 0 3.56701e-11 1.41548e-08 4.80685e-09 
scan 800 250 49 1.41589e-07 1.04626e-07 1.00118e-07 3.53921e-09 4.00473e-09 0 5.09692e-11 2.83177e-08 9.61646e-09 
scan 800 250 50 0 0 0 0 0 0 0 0 0 
scan 800 250 51 0 0 0 0 0 0 0 0 0 
scan 800 250 52 0 0 0 0 0 0 0 0 0 
scan 800 250 53 0 0 0 0 0 0 0 0 0 
scan 800 250 54 0 0 0 0 0 0 0 0 0 
scan 800 250 55 0 0 0 0 0 0 0 0 0 
scan 800 250 56 0 0 0 0 0 0 0 0 0 
scan 800 250 57 0 0 0 0 0 0 0 0 0 
scan 800 250 58 7.89133e-08 1.1206e-07 7.89133e-08 2.3674e-09 2.23201e-09 0 1.32574e-11 7.89133e-08 9.60358e-09 
scan 800 250 59 5.9089e-07 6.29523e-07 2.09206e-07 1.47999e-08 1.91585e-08 0 7.80131e-11 5.9089e-07 5.28669e-08 
scan 800 250 75 0 0 0 0 0 0 0 0 0 
scan 800 250 76 0 0 0 0 0 0 0 0 0 
scan 800 250 77 0 0 0 0 0 0 0 0 0 
scan 800 250 78 0 0 0 0 0 0 0 0 0 
scan 800 250 79 0 0 0 0 0 0 0 0 0 
scan 800 250 80 0 0 0 0 0 0 0 0 0 
scan 800 250 81 0 0 0 0 0 0 0 0 0 
scan 800 250 82 0 0 0 0 0 0 0 0 0 
scan 800 250 83 0 0 0 0 0 0 0 0 0 
scan 800 250 84 0 0 0 0 0 0 0 0 0 
scan 800 250 85 0 0 0 0 0 0 0 0 0 
scan 800 250 86 0 0 0 0 0 0 0 0 0 
scan 800 250 87 0 0 0 0 0 0 0 0 0 
scan 800 250 88 0 0 0 0 0 0 0 0 0 
scan 800 250 89 7.89133e-08 1.12046e-07 7.89133e-08 1.57827e-09 2.23201e-09 0 1.32574e-11 7.89133e-08 9.60358e-09 
scan 800 250 90 1.40996e-07 1.04368e-07 9.96996e-08 2.81993e-09 2.81993e-09 7.04982e-09 3.45441e-10 2.81993e-08 9.57624e-09 
scan 800 250 91 6.23439e-08 6.38657e-08 6.23439e-08 1.76335e-09 0 1.24688e-09 3.74064e-09 1.24688e-08 4.23429e-09 
scan 800 250 92 1.87032e-07 1.15931e-07 1.07983e-07 4.25711e-09 4.36407e-09 7.48127e-09 1.12219e-08 3.74064e-08 1.27029e-08 
scan 800 250 93 6.23439e-08 6.38657e-08 6.23439e-08 1.24688e-09 1.24688e-09 1.24688e-09 3.74064e-09 1.24688e-08 4.23429e-09 
scan 800 250 94 0 0 0 0 0 0 0 0 0 
scan 800 250 95 0 0 0 0 0 0 0 0 0 
scan 800 250 96 6.80116e-08 7.12082e-08 6.80116e-08 0 1.92366e-09 1.36023e-09 1.36023e-09 2.04035e-08 4.61923e-09 
scan 800 250 97 0 0 0 0 0 0 0 0 0 
scan 800 250 98 0 0 0 0 0 0 0 0 0 
scan 800 250 99 0 0 0 0 0 0 0 0 0 
scan 800 250 100 0 0 0 0 0 0 0 0 0 
scan 800 250 101 6.80116e-08 9.63825e-08 6.80116e-08 0 1.92366e-09 3.40058e-09 1.36023e-09 6.80116e-08 4.61923e-09 
scan 800 250 102 1.40996e-07 1.73067e-07 9.96996e-08 2.81993e-09 2.81993e-09 4.93488e-09 3.45441e-10 1.40996e-07 9.57624e-09 
scan 800 250 103 6.02186e-08 8.54051e-08 6.02186e-08 1.70324e-09 0 1.20437e-09 4.51639e-09 6.02186e-08 4.08994e-09 
scan 800 250 104 7.56103e-07 7.93511e-07 2.29112e-07 1.49195e-08 1.39329e-08 2.35043e-08 2.06685e-08 7.56103e-07 6.38778e-08 
scan 800 250 120 0 0 0 0 0 0 0 0 0 
scan 800 250 121 0 0 0 0 0 0 0 0 0 
scan 800 250 122 6.37608e-08 6.53483e-08 6.37608e-08 0 3.43363e-09 1.27522e-09 3.18804e-09 1.27522e-08 4.33053e-09 
scan 800 250 123 0 0 0 0 0 0 0 0 0 
scan 800 250 124 1.38772e-07 1.03922e-07 9.89791e-08 3.74227e-09 1.57106e-09 2.77543e-09 4.70885e-09 2.77543e-08 1.36497e-08 
scan 800 250 125 0 0 0 0 0 0 0 0 0 
scan 800 250 126 0 0 0 0 0 0 0 0 0 
scan 800 250 127 0 0 0 0 0 0 0 0 0 
scan 800 250 128 0 0 0 0 0 0 0 0 0 
scan 800 250 129 0 0 0 0 0 0 0 0 0 
scan 800 250 130 0 0 0 0 0 0 0 0 0 
scan 800 250 131 0 0 0 0 0 0 0 0 0 
scan 800 250 132 0 0 0 0 0 0 0 0 0 
scan 800 250 133 0 0 0 0 0 0 0 0 0 
scan 800 250 134 0 0 0 0 0 0 0 0 0 
scan 800 250 135 7.8553e-08 8.07232e-08 7.8553e-08 1.57106e-09 1.57106e-09 1.57106e-09 1.92455e-10 1.57106e-08 9.55973e-09 
scan 800 250 136 0 0 0 0 0 0 0 0 0 
scan 800 250 137 1.57106e-07 1.1737e-07 1.11091e-07 3.14212e-09 3.14212e-09 7.8553e-09 3.8491e-10 3.14212e-08 1.91195e-08 
scan 800 250 138 0 0 0 0 0 0 0 0 0 
scan 800 250 139 6.23439e-08 6.39447e-08 6.23439e-08 1.87032e-09 1.24688e-09 3.1172e-09 3.74064e-09 1.24688e-08 4.23429e-09 
scan 800 250 140 0 0 0 0 0 0 0 0 0 
scan 800 250 141 0 0 0 0 0 0 0 0 0 
scan 800 250 142 6.23439e-08 6.53843e-08 6.23439e-08 1.87032e-09 1.24688e-09 1.24688e-09 3.74064e-09 1.87032e-08 4.23429e-09 
scan 800 250 143 0 0 0 0 0 0 0 0 0 
scan 800 250 144 0 0 0 0 0 0 0 0 0 
scan 800 250 145 0 0 0 0 0 0 0 0 0 
scan 800 250 146 1.32842e-07 1.63251e-07 9.41104e-08 2.65684e-09 4.52716e-09 4.77179e-09 3.91336e-09 1.32842e-07 9.02241e-09 
scan 800 250 147 1.40996e-07 1.73019e-07 9.96996e-08 2.81993e-09 2.81993e-09 2.81993e-09 3.45441e-10 1.40996e-07 9.57624e-09 
scan 800 250 148 2.02309e-07 2.34601e-07 1.16972e-07 4.74085e-09 4.04618e-09 4.04618e-09 8.08138e-09 2.02309e-07 1.74764e-08 
scan 800 250 149 5.53663e-07 5.89615e-07 1.95891e-07 1.10733e-08 1.31573e-08 1.53032e-08 1.29928e-08 5.53663e-07 4.50756e-08 
scan 800 250 165 0 0 0 0 0 0 0 0 0 
scan 800 250 166 0 0 0 0 0 0 0 0 0 
scan 800 250 167 0 0 0 0 0 0 0 0 0 
scan 800 250 168 0 0 0 0 0 0 0 0 0 
scan 800 250 169 0 0 0 0 0 0 0 0 0 
scan 800 250 170 0 0 0 0 0 0 0 0 0 
scan 800 250 171 0 0 0 0 0 0 0 0 0 
scan 800 250 172 0 0 0 0 0 0 0 0 0 
scan 800 250 173 7.04982e-08 7.37985e-08 7.04982e-08 1.40996e-09 1.40996e-09 1.40996e-09 1.72721e-10 2.11495e-08 4.78812e-09 
scan 800 250 174 0 0 0 0 0 0 0 0 0 
scan 800 250 175 0 0 0 0 0 0 0 0 0 
scan 800 250 176 0 0 0 0 0 0 0 0 0 
scan 800 250 177 0 0 0 0 0 0 0 0 0 
scan 800 250 178 0 0 0 0 0 0 0 0 0 
scan 800 250 179 1.48933e-07 1.83126e-07 1.05461e-07 2.97866e-09 2.97866e-09 2.97866e-09 4.23711e-10 1.48933e-07 1.43334e-08 
