xsec 950 300 0.000189909
scan 950 300 0 7.71989e-08 4.86362e-08 4.47055e-08 1.7922e-09 1.94397e-09 0 2.16072e-10 1.54398e-08 1.10217e-08 
scan 950 300 1 1.37357e-07 6.37469e-08 5.60757e-08 2.21162e-09 3.79645e-09 0 4.84746e-11 2.74714e-08 1.205e-08 
scan 950 300 2 7.26226e-08 4.53936e-08 4.21032e-08 1.38149e-09 1.59436e-09 0 2.73794e-10 1.45245e-08 8.50931e-09 
scan 950 300 3 2.1803e-07 8.90619e-08 7.29805e-08 5.04269e-09 5.06221e-09 0 7.43234e-10 4.3606e-08 2.55494e-08 
scan 950 300 4 9.46437e-07 2.63006e-07 1.5008e-07 2.16213e-08 1.80233e-08 0 2.73801e-09 1.89287e-07 1.00094e-07 
scan 950 300 5 2.29088e-08 2.40149e-08 2.29088e-08 4.58175e-10 6.47958e-10 0 1.05564e-13 6.87263e-09 2.00973e-09 
scan 950 300 6 4.53964e-08 3.5115e-08 3.21006e-08 7.82163e-10 7.90416e-10 0 2.08204e-10 1.36189e-08 3.98251e-09 
scan 950 300 7 2.24966e-08 2.3589e-08 2.24966e-08 9.27559e-10 0 0 2.0247e-10 6.74899e-09 1.97357e-09 
scan 950 300 8 0 0 0 0 0 0 0 0 0 
scan 950 300 9 5.14328e-07 2.01519e-07 1.1267e-07 1.12638e-08 1.06553e-08 0 1.18253e-09 1.54298e-07 6.21735e-08 
scan 950 300 10 0 0 0 0 0 0 0 0 0 
scan 950 300 11 2.13138e-07 2.25998e-07 7.12661e-08 5.46112e-09 3.30303e-09 0 9.57209e-10 2.13138e-07 2.29473e-08 
scan 950 300 12 7.23134e-08 8.40432e-08 4.19355e-08 1.55861e-09 9.46397e-10 0 4.26795e-10 7.23134e-08 8.48218e-09 
scan 950 300 13 3.27499e-07 3.40821e-07 8.77208e-08 9.23115e-09 5.82944e-09 0 1.04883e-09 3.27499e-07 3.29833e-08 
scan 950 300 14 6.80163e-06 6.85431e-06 4.01954e-07 1.47368e-07 1.2979e-07 0 2.68198e-08 6.80163e-06 7.20086e-07 
scan 950 300 15 1.26512e-07 6.46941e-08 5.67787e-08 3.87315e-09 1.19524e-09 0 6.8631e-10 2.53024e-08 1.74467e-08 
scan 950 300 16 4.52865e-08 3.35359e-08 3.2024e-08 7.76449e-10 7.92321e-10 0 2.60371e-10 9.05729e-09 3.97286e-09 
scan 950 300 17 1.40208e-07 6.56967e-08 5.74086e-08 4.49694e-09 2.12127e-09 0 8.33464e-10 2.80416e-08 1.44418e-08 
scan 950 300 18 1.90919e-07 8.075e-08 6.77325e-08 3.6278e-09 4.4105e-09 0 6.22404e-10 3.81839e-08 2.10204e-08 
scan 950 300 19 1.70969e-06 4.40737e-07 2.02113e-07 3.95055e-08 3.16469e-08 0 5.42595e-09 3.41938e-07 1.84083e-07 
scan 950 300 20 0 0 0 0 0 0 0 0 0 
scan 950 300 21 2.25791e-08 2.36698e-08 2.25791e-08 7.82163e-10 0 0 1.62569e-10 6.77373e-09 1.9808e-09 
scan 950 300 22 0 0 0 0 0 0 0 0 0 
scan 950 300 23 6.85986e-08 4.50946e-08 3.96055e-08 4.58179e-10 2.2307e-09 0 6.39435e-11 2.05796e-08 6.01798e-09 
scan 950 300 24 5.8492e-07 2.24515e-07 1.19852e-07 1.41711e-08 9.27636e-09 0 2.45294e-09 1.75476e-07 7.0411e-08 
scan 950 300 25 0 0 0 0 0 0 0 0 0 
scan 950 300 26 6.87268e-08 7.96281e-08 3.96794e-08 1.70995e-09 1.88164e-09 0 9.18426e-14 6.87268e-08 6.02922e-09 
scan 950 300 27 1.36757e-07 1.48262e-07 5.58321e-08 3.49645e-09 2.35664e-09 0 3.43612e-10 1.36757e-07 1.19973e-08 
scan 950 300 28 1.86902e-07 1.99221e-07 6.6219e-08 3.40752e-09 4.06538e-09 0 4.07537e-10 1.86902e-07 1.85381e-08 
scan 950 300 29 4.23801e-06 4.27316e-06 3.15723e-07 9.63774e-08 7.62579e-08 0 1.41447e-08 4.23801e-06 4.2917e-07 
scan 950 300 30 1.37417e-07 6.37838e-08 5.61003e-08 2.67046e-09 3.65257e-09 0 1.8407e-11 2.74834e-08 1.20552e-08 
scan 950 300 31 5.68641e-07 1.74556e-07 1.16411e-07 1.50664e-08 9.5058e-09 0 1.69446e-09 1.13728e-07 6.0529e-08 
scan 950 300 32 6.38614e-07 1.90767e-07 1.23224e-07 1.72904e-08 1.21723e-08 0 1.08139e-09 1.27723e-07 6.66812e-08 
scan 950 300 33 9.44682e-07 2.57094e-07 1.47671e-07 2.40592e-08 2.03823e-08 0 1.71979e-09 1.88936e-07 8.71579e-08 
scan 950 300 34 6.58828e-06 1.55687e-06 3.96273e-07 1.57652e-07 1.38149e-07 0 1.47119e-08 1.31766e-06 6.97461e-07 
scan 950 300 35 2.2909e-08 2.40151e-08 2.2909e-08 4.58179e-10 6.47963e-10 0 1.10009e-14 6.87269e-09 2.00974e-09 
scan 950 300 36 4.99429e-08 3.90945e-08 3.54767e-08 1.55613e-09 5.47277e-10 0 1.62609e-10 1.49829e-08 6.5231e-09 
scan 950 300 37 1.59913e-07 7.85943e-08 6.04428e-08 3.82933e-09 3.27299e-09 0 2.20999e-10 4.7974e-08 1.40288e-08 
scan 950 300 38 4.15713e-07 1.68538e-07 1.01197e-07 1.039e-08 8.55579e-09 0 2.31633e-10 1.24714e-07 4.9289e-08 
scan 950 300 39 3.1169e-06 1.03505e-06 2.73129e-07 7.76536e-08 7.25705e-08 0 4.38331e-09 9.35071e-07 3.33244e-07 
scan 950 300 40 1.21906e-07 1.34536e-07 5.47556e-08 4.049e-09 5.47277e-10 0 7.61434e-10 1.21906e-07 1.49471e-08 
scan 950 300 41 3.92752e-07 4.06013e-07 9.53589e-08 8.42447e-09 9.37934e-09 0 5.70287e-10 3.92752e-07 3.65969e-08 
scan 950 300 42 6.86977e-07 7.029e-07 1.27943e-07 1.66791e-08 1.19731e-08 0 2.02318e-09 6.86977e-07 7.3052e-08 
scan 950 300 43 1.2367e-06 1.25616e-06 1.7199e-07 2.7503e-08 2.76783e-08 0 1.76346e-09 1.2367e-06 1.31952e-07 
scan 950 300 44 2.33046e-05 2.34567e-05 7.44995e-07 5.282e-07 4.81003e-07 0 5.01761e-08 2.33046e-05 2.45802e-06 
scan 950 300 45 2.28859e-08 2.34622e-08 2.28859e-08 6.47311e-10 1.14429e-09 0 1.15345e-11 4.57718e-09 2.00772e-09 
scan 950 300 46 5.02725e-08 3.77243e-08 3.56873e-08 1.00545e-09 2.12154e-09 0 1.77361e-13 1.00545e-08 6.55201e-09 
scan 950 300 47 0 0 0 0 0 0 0 0 0 
scan 950 300 48 2.28859e-08 2.34622e-08 2.28859e-08 6.47311e-10 1.14429e-09 0 1.15345e-11 4.57718e-09 2.00772e-09 
scan 950 300 49 2.29085e-08 2.34674e-08 2.29085e-08 8.25977e-10 4.58169e-10 0 2.52566e-13 4.58169e-09 2.0097e-09 
scan 950 300 50 0 0 0 0 0 0 0 0 0 
scan 950 300 51 0 0 0 0 0 0 0 0 0 
scan 950 300 52 0 0 0 0 0 0 0 0 0 
scan 950 300 53 0 0 0 0 0 0 0 0 0 
scan 950 300 54 0 0 0 0 0 0 0 0 0 
scan 950 300 55 0 0 0 0 0 0 0 0 0 
scan 950 300 56 0 0 0 0 0 0 0 0 0 
scan 950 300 57 0 0 0 0 0 0 0 0 0 
scan 950 300 58 0 0 0 0 0 0 0 0 0 
scan 950 300 59 2.29087e-08 3.24698e-08 2.29087e-08 6.47957e-10 4.58175e-10 0 1.21233e-13 2.29087e-08 2.00972e-09 
scan 950 300 75 0 0 0 0 0 0 0 0 0 
scan 950 300 76 0 0 0 0 0 0 0 0 0 
scan 950 300 77 2.29087e-08 2.34677e-08 2.29087e-08 8.25986e-10 4.58175e-10 0 1.21233e-13 4.58175e-09 2.00972e-09 
scan 950 300 78 0 0 0 0 0 0 0 0 0 
scan 950 300 79 0 0 0 0 0 0 0 0 0 
scan 950 300 80 0 0 0 0 0 0 0 0 0 
scan 950 300 81 0 0 0 0 0 0 0 0 0 
scan 950 300 82 0 0 0 0 0 0 0 0 0 
scan 950 300 83 0 0 0 0 0 0 0 0 0 
scan 950 300 84 0 0 0 0 0 0 0 0 0 
scan 950 300 85 0 0 0 0 0 0 0 0 0 
scan 950 300 86 0 0 0 0 0 0 0 0 0 
scan 950 300 87 0 0 0 0 0 0 0 0 0 
scan 950 300 88 0 0 0 0 0 0 0 0 0 
scan 950 300 89 2.2909e-08 3.24701e-08 2.2909e-08 4.58179e-10 6.47963e-10 0 1.10009e-14 2.2909e-08 2.00974e-09 
scan 950 300 90 2.01599e-08 2.06823e-08 2.01599e-08 4.03198e-10 4.03198e-10 4.03198e-10 1.20959e-09 4.03198e-09 1.76858e-09 
scan 950 300 91 9.08089e-08 5.09647e-08 4.57745e-08 2.35663e-09 9.47794e-10 2.42098e-09 4.23035e-09 1.81618e-08 1.19182e-08 
scan 950 300 92 4.0778e-08 3.02999e-08 2.88362e-08 5.70208e-10 1.11032e-09 8.1556e-10 2.2405e-09 8.1556e-09 3.57735e-09 
scan 950 300 93 0 0 0 0 0 0 0 0 0 
scan 950 300 94 7.04155e-08 4.4173e-08 4.09495e-08 1.00053e-09 1.57722e-09 1.40831e-09 1.24396e-09 1.40831e-08 8.30862e-09 
scan 950 300 95 0 0 0 0 0 0 0 0 0 
scan 950 300 96 0 0 0 0 0 0 0 0 0 
scan 950 300 97 0 0 0 0 0 0 0 0 0 
scan 950 300 98 2.01599e-08 2.11679e-08 2.01599e-08 5.70208e-10 0 4.03198e-10 1.20959e-09 6.04797e-09 1.76858e-09 
scan 950 300 99 2.19926e-08 2.30587e-08 2.19926e-08 0 6.22045e-10 4.39852e-10 4.39852e-10 6.59779e-09 1.92935e-09 
scan 950 300 100 0 0 0 0 0 0 0 0 0 
scan 950 300 101 4.55935e-08 5.60211e-08 3.22394e-08 9.11869e-10 9.11869e-10 1.59577e-09 1.11704e-10 4.55935e-08 3.99979e-09 
scan 950 300 102 6.83902e-08 7.92953e-08 3.94851e-08 1.3678e-09 1.3678e-09 3.41951e-09 1.67556e-10 6.83902e-08 5.99969e-09 
scan 950 300 103 6.28874e-08 7.29587e-08 3.63865e-08 1.0067e-09 1.56625e-09 1.94165e-09 2.5472e-09 6.28874e-08 5.51695e-09 
scan 950 300 104 3.81038e-07 3.94611e-07 9.25517e-08 7.03419e-09 6.39773e-09 1.58003e-08 9.74659e-09 3.81038e-07 3.90817e-08 
scan 950 300 120 0 0 0 0 0 0 0 0 0 
scan 950 300 121 0 0 0 0 0 0 0 0 0 
scan 950 300 122 2.27967e-08 2.33475e-08 2.27967e-08 4.55935e-10 4.55935e-10 4.55935e-10 5.5852e-11 4.55935e-09 1.9999e-09 
scan 950 300 123 2.01599e-08 2.06823e-08 2.01599e-08 4.03198e-10 4.03198e-10 4.03198e-10 1.20959e-09 4.03198e-09 1.76858e-09 
scan 950 300 124 0 0 0 0 0 0 0 0 0 
scan 950 300 125 0 0 0 0 0 0 0 0 0 
scan 950 300 126 2.71888e-08 2.8758e-08 2.71888e-08 5.43776e-10 5.43776e-10 5.43776e-10 8.70041e-11 8.15663e-09 4.51324e-09 
scan 950 300 127 0 0 0 0 0 0 0 0 0 
scan 950 300 128 0 0 0 0 0 0 0 0 0 
scan 950 300 129 0 0 0 0 0 0 0 0 0 
scan 950 300 130 0 0 0 0 0 0 0 0 0 
scan 950 300 131 0 0 0 0 0 0 0 0 0 
scan 950 300 132 0 0 0 0 0 0 0 0 0 
scan 950 300 133 0 0 0 0 0 0 0 0 0 
scan 950 300 134 1.9726e-07 2.08888e-07 6.591e-08 3.7996e-09 3.76085e-09 5.99691e-09 3.81728e-09 1.9726e-07 1.73051e-08 
scan 950 300 135 0 0 0 0 0 0 0 0 0 
scan 950 300 136 2.01599e-08 2.06872e-08 2.01599e-08 6.04797e-10 4.03198e-10 4.03198e-10 1.20959e-09 4.03198e-09 1.76858e-09 
scan 950 300 137 2.01599e-08 2.07029e-08 2.01599e-08 4.03198e-10 4.03198e-10 1.008e-09 1.20959e-09 4.03198e-09 1.76858e-09 
scan 950 300 138 0 0 0 0 0 0 0 0 0 
scan 950 300 139 0 0 0 0 0 0 0 0 0 
scan 950 300 140 0 0 0 0 0 0 0 0 0 
scan 950 300 141 0 0 0 0 0 0 0 0 0 
scan 950 300 142 2.27967e-08 2.39203e-08 2.27967e-08 4.55935e-10 4.55935e-10 1.13984e-09 5.5852e-11 6.83902e-09 1.9999e-09 
scan 950 300 143 2.27967e-08 2.38975e-08 2.27967e-08 4.55935e-10 4.55935e-10 4.55935e-10 5.5852e-11 6.83902e-09 1.9999e-09 
scan 950 300 144 2.27967e-08 2.39203e-08 2.27967e-08 4.55935e-10 4.55935e-10 1.13984e-09 5.5852e-11 6.83902e-09 1.9999e-09 
scan 950 300 145 0 0 0 0 0 0 0 0 0 
scan 950 300 146 0 0 0 0 0 0 0 0 0 
scan 950 300 147 2.27967e-08 3.23111e-08 2.27967e-08 4.55935e-10 4.55935e-10 4.55935e-10 5.5852e-11 2.27967e-08 1.9999e-09 
scan 950 300 148 2.32593e-08 3.31792e-08 2.32593e-08 6.9778e-10 4.65186e-10 4.65186e-10 1.74445e-09 2.32593e-08 3.86096e-09 
scan 950 300 149 2.06967e-07 2.1936e-07 6.91789e-08 4.34094e-09 4.13934e-09 6.87494e-09 1.66727e-09 2.06967e-07 2.02879e-08 
scan 950 300 165 0 0 0 0 0 0 0 0 0 
scan 950 300 166 0 0 0 0 0 0 0 0 0 
scan 950 300 167 0 0 0 0 0 0 0 0 0 
scan 950 300 168 0 0 0 0 0 0 0 0 0 
scan 950 300 169 0 0 0 0 0 0 0 0 0 
scan 950 300 170 0 0 0 0 0 0 0 0 0 
scan 950 300 171 0 0 0 0 0 0 0 0 0 
scan 950 300 172 0 0 0 0 0 0 0 0 0 
scan 950 300 173 0 0 0 0 0 0 0 0 0 
scan 950 300 174 0 0 0 0 0 0 0 0 0 
scan 950 300 175 0 0 0 0 0 0 0 0 0 
scan 950 300 176 0 0 0 0 0 0 0 0 0 
scan 950 300 177 0 0 0 0 0 0 0 0 0 
scan 950 300 178 0 0 0 0 0 0 0 0 0 
scan 950 300 179 9.24704e-08 1.03968e-07 4.62486e-08 1.84941e-09 1.84941e-09 3.21721e-09 1.61237e-09 9.24704e-08 9.99692e-09 
