xsec 950 400 0.000189909
scan 950 400 0 0 0 0 0 0 0 0 0 0 
scan 950 400 1 1.85044e-07 1.37094e-07 1.30846e-07 3.70087e-09 5.23383e-09 0 8.21312e-11 3.70087e-08 1.62334e-08 
scan 950 400 2 0 0 0 0 0 0 0 0 0 
scan 950 400 3 2.76383e-07 1.70856e-07 1.59574e-07 8.39749e-09 3.70226e-09 0 7.04795e-10 5.52767e-08 2.42464e-08 
scan 950 400 4 7.37652e-07 3.07428e-07 2.60806e-07 1.84724e-08 1.39966e-08 0 1.56583e-09 1.4753e-07 6.47123e-08 
scan 950 400 5 0 0 0 0 0 0 0 0 0 
scan 950 400 6 1.82615e-07 1.41342e-07 1.29135e-07 3.72653e-09 5.29842e-09 0 1.26905e-09 5.47846e-08 1.60204e-08 
scan 950 400 7 0 0 0 0 0 0 0 0 0 
scan 950 400 8 0 0 0 0 0 0 0 0 0 
scan 950 400 9 1.83448e-07 1.41961e-07 1.29722e-07 5.76676e-09 1.85022e-09 0 8.6506e-10 5.50344e-08 1.60934e-08 
scan 950 400 10 0 0 0 0 0 0 0 0 0 
scan 950 400 11 9.2604e-08 1.31253e-07 9.2604e-08 1.85208e-09 2.61924e-09 0 4.44684e-14 9.2604e-08 8.12391e-09 
scan 950 400 12 2.84951e-07 3.30999e-07 1.64791e-07 1.04703e-08 0 0 2.40027e-09 2.84951e-07 3.30397e-08 
scan 950 400 13 8.59751e-07 9.12208e-07 2.8699e-07 1.63246e-08 1.98527e-08 0 4.7867e-09 8.59751e-07 9.95289e-08 
scan 950 400 14 4.17974e-06 4.25415e-06 6.31189e-07 9.54829e-08 6.37317e-08 0 1.9185e-08 4.17974e-06 4.64278e-07 
scan 950 400 15 0 0 0 0 0 0 0 0 0 
scan 950 400 16 2.87402e-07 1.7914e-07 1.66175e-07 6.19142e-09 5.0279e-09 0 1.20099e-09 5.74804e-08 3.32841e-08 
scan 950 400 17 1.82208e-07 1.35002e-07 1.28841e-07 6.31186e-09 0 0 1.47558e-09 3.64416e-08 1.59846e-08 
scan 950 400 18 2.73978e-07 1.69438e-07 1.58191e-07 8.72885e-09 4.98685e-09 0 1.87388e-09 5.47956e-08 2.40354e-08 
scan 950 400 19 1.51979e-06 5.16772e-07 3.80546e-07 3.97242e-08 2.67e-08 0 4.90423e-09 3.03959e-07 1.65928e-07 
scan 950 400 20 0 0 0 0 0 0 0 0 0 
scan 950 400 21 9.24559e-08 9.692e-08 9.24559e-08 0 3.20277e-09 0 7.39647e-11 2.77368e-08 8.11092e-09 
scan 950 400 22 0 0 0 0 0 0 0 0 0 
scan 950 400 23 9.2604e-08 9.70752e-08 9.2604e-08 1.85208e-09 2.61924e-09 0 4.44684e-14 2.77812e-08 8.12391e-09 
scan 950 400 24 8.39754e-07 3.86507e-07 2.80181e-07 2.26966e-08 1.39786e-08 0 2.8138e-09 2.51926e-07 8.18584e-08 
scan 950 400 25 0 0 0 0 0 0 0 0 0 
scan 950 400 26 0 0 0 0 0 0 0 0 0 
scan 950 400 27 9.26038e-08 1.31253e-07 9.26038e-08 2.61923e-09 1.85208e-09 0 1.33405e-13 9.26038e-08 8.12389e-09 
scan 950 400 28 3.81105e-07 4.28426e-07 1.90861e-07 8.95839e-09 8.19774e-09 0 6.57634e-10 3.81105e-07 4.16223e-08 
scan 950 400 29 6.27657e-06 6.35677e-06 7.67597e-07 1.31107e-07 1.30326e-07 0 1.77345e-08 6.27657e-06 6.24108e-07 
scan 950 400 30 4.73536e-07 2.37915e-07 2.1198e-07 1.25148e-08 8.94263e-09 0 7.42834e-10 9.47071e-08 4.96132e-08 
scan 950 400 31 5.6356e-07 2.63377e-07 2.30357e-07 1.33793e-08 9.93325e-09 0 2.00604e-09 1.12712e-07 5.75959e-08 
scan 950 400 32 4.61508e-07 2.3016e-07 2.06396e-07 9.64306e-09 1.10596e-08 0 7.46754e-10 9.23015e-08 4.04868e-08 
scan 950 400 33 8.67046e-07 3.53332e-07 2.89539e-07 2.1885e-08 1.84062e-08 0 1.21359e-09 1.73409e-07 1.00604e-07 
scan 950 400 34 4.99901e-06 1.32822e-06 6.87467e-07 1.17031e-07 1.2654e-07 0 8.46643e-09 9.99802e-07 5.12017e-07 
scan 950 400 35 9.26034e-08 9.70746e-08 9.26034e-08 1.85207e-09 2.61922e-09 0 3.26705e-13 2.7781e-08 8.12386e-09 
scan 950 400 36 9.26034e-08 9.70746e-08 9.26034e-08 1.85207e-09 2.61922e-09 0 3.26705e-13 2.7781e-08 8.12386e-09 
scan 950 400 37 9.26038e-08 9.7075e-08 9.26038e-08 2.61923e-09 1.85208e-09 0 1.33405e-13 2.77812e-08 8.12389e-09 
scan 950 400 38 1.95724e-07 1.52762e-07 1.38597e-07 6.19142e-09 1.85208e-09 0 7.42598e-10 5.87172e-08 2.52415e-08 
scan 950 400 39 2.29903e-06 8.77057e-07 4.70074e-07 5.72013e-08 4.74799e-08 0 3.75929e-09 6.89708e-07 2.58885e-07 
scan 950 400 40 0 0 0 0 0 0 0 0 0 
scan 950 400 41 3.79597e-07 4.26729e-07 1.90039e-07 1.2692e-08 3.70413e-09 0 1.40036e-09 3.79597e-07 4.13722e-08 
scan 950 400 42 6.55596e-07 7.04279e-07 2.48008e-07 1.68067e-08 1.02933e-08 0 2.29228e-09 6.55596e-07 6.55848e-08 
scan 950 400 43 8.51862e-07 9.02955e-07 2.84253e-07 1.92226e-08 1.53404e-08 0 2.76448e-09 8.51862e-07 9.08149e-08 
scan 950 400 44 1.93125e-05 1.94699e-05 1.35037e-06 4.49379e-07 4.02034e-07 0 4.5326e-08 1.93125e-05 1.97903e-06 
scan 950 400 45 0 0 0 0 0 0 0 0 0 
scan 950 400 46 9.2573e-08 9.48092e-08 9.2573e-08 1.85146e-09 2.61836e-09 0 1.55523e-11 1.85146e-08 8.12119e-09 
scan 950 400 47 0 0 0 0 0 0 0 0 0 
scan 950 400 48 0 0 0 0 0 0 0 0 0 
scan 950 400 49 0 0 0 0 0 0 0 0 0 
scan 950 400 50 0 0 0 0 0 0 0 0 0 
scan 950 400 51 0 0 0 0 0 0 0 0 0 
scan 950 400 52 0 0 0 0 0 0 0 0 0 
scan 950 400 53 0 0 0 0 0 0 0 0 0 
scan 950 400 54 0 0 0 0 0 0 0 0 0 
scan 950 400 55 0 0 0 0 0 0 0 0 0 
scan 950 400 56 0 0 0 0 0 0 0 0 0 
scan 950 400 57 0 0 0 0 0 0 0 0 0 
scan 950 400 58 0 0 0 0 0 0 0 0 0 
scan 950 400 59 2.0925e-07 2.58742e-07 1.47962e-07 6.73154e-09 4.185e-09 0 1.70716e-12 2.0925e-07 3.47347e-08 
scan 950 400 75 0 0 0 0 0 0 0 0 0 
scan 950 400 76 0 0 0 0 0 0 0 0 0 
scan 950 400 77 0 0 0 0 0 0 0 0 0 
scan 950 400 78 0 0 0 0 0 0 0 0 0 
scan 950 400 79 0 0 0 0 0 0 0 0 0 
scan 950 400 80 0 0 0 0 0 0 0 0 0 
scan 950 400 81 0 0 0 0 0 0 0 0 0 
scan 950 400 82 0 0 0 0 0 0 0 0 0 
scan 950 400 83 0 0 0 0 0 0 0 0 0 
scan 950 400 84 0 0 0 0 0 0 0 0 0 
scan 950 400 85 0 0 0 0 0 0 0 0 0 
scan 950 400 86 0 0 0 0 0 0 0 0 0 
scan 950 400 87 0 0 0 0 0 0 0 0 0 
scan 950 400 88 9.2604e-08 1.31253e-07 9.2604e-08 1.85208e-09 2.61924e-09 0 4.44684e-14 9.2604e-08 8.12391e-09 
scan 950 400 89 0 0 0 0 0 0 0 0 0 
scan 950 400 90 0 0 0 0 0 0 0 0 0 
scan 950 400 91 0 0 0 0 0 0 0 0 0 
scan 950 400 92 0 0 0 0 0 0 0 0 0 
scan 950 400 93 0 0 0 0 0 0 0 0 0 
scan 950 400 94 0 0 0 0 0 0 0 0 0 
scan 950 400 95 0 0 0 0 0 0 0 0 0 
scan 950 400 96 0 0 0 0 0 0 0 0 0 
scan 950 400 97 0 0 0 0 0 0 0 0 0 
scan 950 400 98 8.14916e-08 8.56475e-08 8.14916e-08 1.62983e-09 4.07458e-09 1.62983e-09 4.8895e-09 2.44475e-08 7.14905e-09 
scan 950 400 99 0 0 0 0 0 0 0 0 0 
scan 950 400 100 9.21503e-08 1.30678e-07 9.21503e-08 1.84301e-09 1.84301e-09 4.60752e-09 2.25768e-10 9.21503e-08 8.08411e-09 
scan 950 400 101 1.00442e-07 1.43078e-07 1.00442e-07 0 2.84092e-09 2.00883e-09 2.00883e-09 1.00442e-07 1.66729e-08 
scan 950 400 102 0 0 0 0 0 0 0 0 0 
scan 950 400 103 0 0 0 0 0 0 0 0 0 
scan 950 400 104 1.96264e-07 2.42013e-07 1.39037e-07 3.92529e-09 3.92529e-09 6.6898e-09 4.80848e-10 1.96264e-07 2.53667e-08 
scan 950 400 120 0 0 0 0 0 0 0 0 0 
scan 950 400 121 0 0 0 0 0 0 0 0 0 
scan 950 400 122 0 0 0 0 0 0 0 0 0 
scan 950 400 123 0 0 0 0 0 0 0 0 0 
scan 950 400 124 7.87135e-08 8.08308e-08 7.87135e-08 2.22635e-09 0 1.57427e-09 5.90351e-09 1.57427e-08 6.90533e-09 
scan 950 400 125 0 0 0 0 0 0 0 0 0 
scan 950 400 126 0 0 0 0 0 0 0 0 0 
scan 950 400 127 0 0 0 0 0 0 0 0 0 
scan 950 400 128 0 0 0 0 0 0 0 0 0 
scan 950 400 129 0 0 0 0 0 0 0 0 0 
scan 950 400 130 0 0 0 0 0 0 0 0 0 
scan 950 400 131 0 0 0 0 0 0 0 0 0 
scan 950 400 132 0 0 0 0 0 0 0 0 0 
scan 950 400 133 0 0 0 0 0 0 0 0 0 
scan 950 400 134 1.96125e-07 2.41786e-07 1.38945e-07 3.92251e-09 3.92251e-09 3.92251e-09 5.49516e-10 1.96125e-07 2.53545e-08 
scan 950 400 135 0 0 0 0 0 0 0 0 0 
scan 950 400 136 0 0 0 0 0 0 0 0 0 
scan 950 400 137 0 0 0 0 0 0 0 0 0 
scan 950 400 138 1.84301e-07 1.36647e-07 1.3032e-07 3.68601e-09 3.68601e-09 6.45052e-09 4.51537e-10 3.68601e-08 1.61682e-08 
scan 950 400 139 0 0 0 0 0 0 0 0 0 
scan 950 400 140 0 0 0 0 0 0 0 0 0 
scan 950 400 141 0 0 0 0 0 0 0 0 0 
scan 950 400 142 0 0 0 0 0 0 0 0 0 
scan 950 400 143 0 0 0 0 0 0 0 0 0 
scan 950 400 144 0 0 0 0 0 0 0 0 0 
scan 950 400 145 0 0 0 0 0 0 0 0 0 
scan 950 400 146 0 0 0 0 0 0 0 0 0 
scan 950 400 147 0 0 0 0 0 0 0 0 0 
scan 950 400 148 0 0 0 0 0 0 0 0 0 
scan 950 400 149 9.20715e-08 1.31274e-07 9.20715e-08 2.76214e-09 1.84143e-09 1.84143e-09 5.52429e-09 9.20715e-08 1.52835e-08 
scan 950 400 165 0 0 0 0 0 0 0 0 0 
scan 950 400 166 0 0 0 0 0 0 0 0 0 
scan 950 400 167 0 0 0 0 0 0 0 0 0 
scan 950 400 168 0 0 0 0 0 0 0 0 0 
scan 950 400 169 0 0 0 0 0 0 0 0 0 
scan 950 400 170 0 0 0 0 0 0 0 0 0 
scan 950 400 171 0 0 0 0 0 0 0 0 0 
scan 950 400 172 0 0 0 0 0 0 0 0 0 
scan 950 400 173 0 0 0 0 0 0 0 0 0 
scan 950 400 174 0 0 0 0 0 0 0 0 0 
scan 950 400 175 0 0 0 0 0 0 0 0 0 
scan 950 400 176 0 0 0 0 0 0 0 0 0 
scan 950 400 177 0 0 0 0 0 0 0 0 0 
scan 950 400 178 0 0 0 0 0 0 0 0 0 
scan 950 400 179 9.21503e-08 1.3061e-07 9.21503e-08 1.84301e-09 1.84301e-09 1.84301e-09 2.25768e-10 9.21503e-08 8.08411e-09 
