xsec 600 250 0.00474287
scan  600 250 30 5.03544e-05 7.54786e-06 7.20733e-06 -9.20509e-07 -7.57334e-07 0 0 -1.35621e-06 0 
scan  600 250 35 8.83265e-06 4.40549e-06 2.39031e-06 -1.4428e-07 -1.04184e-07 0 0 2.10868e-08 0 
scan  600 250 40 8.0115e-06 4.67628e-06 3.45388e-06 -1.17556e-07 -1.15302e-07 0 0 2.1952e-07 0 
scan  600 250 31 7.8315e-05 1.05302e-05 9.82234e-06 -1.41608e-06 -2.86242e-06 0 0 4.43549e-07 0 
scan  600 250 36 2.31584e-05 4.58399e-06 4.43633e-06 -5.03992e-07 -1.84925e-07 0 0 2.24575e-07 0 
scan  600 250 41 6.22669e-05 7.80566e-06 6.38645e-06 -1.17829e-06 -1.00518e-06 0 0 -2.52739e-07 0 
scan  600 250 32 6.11651e-05 1.00724e-05 8.18822e-06 -1.15499e-06 -2.81173e-06 0 0 5.49069e-07 0 
scan  600 250 37 3.29021e-05 6.67727e-06 6.57864e-06 -4.71038e-07 -9.89319e-07 0 0 1.04936e-07 0 
scan  600 250 42 0.000153599 1.61789e-05 1.34479e-05 -2.33139e-06 -2.84075e-06 0 0 6.58532e-06 0 
scan  600 250 33 5.03403e-05 1.15095e-05 7.00387e-06 -6.91624e-07 -1.87272e-06 0 0 8.66192e-07 0 
scan  600 250 38 2.75808e-05 6.40883e-06 5.92605e-06 -4.55593e-07 -5.85286e-07 0 0 4.05207e-07 0 
scan  600 250 43 0.000181112 1.47544e-05 1.30977e-05 -3.11815e-06 -2.90982e-06 0 0 -9.7651e-08 0 
scan  600 250 34 5.61273e-05 7.45799e-06 7.07948e-06 -9.505e-07 -1.97399e-06 0 0 -3.12804e-07 0 
scan  600 250 39 2.9422e-05 7.75251e-06 5.60392e-06 -5.98091e-07 -1.04841e-06 0 0 -2.90662e-06 0 
scan  600 250 44 0.000514508 2.65979e-05 2.30934e-05 -8.16339e-06 -1.03659e-05 0 0 -2.12038e-07 0 
scan  600 250 0 2.78825e-06 1.40948e-06 1.01568e-06 -7.25142e-08 -1.31232e-07 0 0 2.04155e-08 0 
scan  600 250 5 2.23309e-07 1.45339e-06 1.74878e-07 -1.19896e-08 -8.83268e-10 0 0 0 0 
scan  600 250 10 0 2.3284e-06 0 0 0 0 0 0 0 
scan  600 250 1 4.75868e-06 1.49823e-06 1.32937e-06 -5.5628e-08 -4.2821e-07 0 0 1.97223e-08 0 
scan  600 250 6 1.52626e-06 2.66819e-06 7.5983e-07 -3.68957e-08 -1.97274e-07 0 0 -9.51132e-08 0 
scan  600 250 11 7.46242e-06 3.57962e-06 3.23604e-06 -2.0798e-07 -2.19547e-07 0 0 4.16216e-08 0 
scan  600 250 2 5.7404e-06 3.18e-06 2.92315e-06 -6.8098e-08 -9.69552e-07 0 0 2.17801e-08 0 
scan  600 250 7 3.32033e-06 4.00601e-06 2.8513e-06 -3.77037e-08 -3.4168e-08 0 0 9.51132e-08 0 
scan  600 250 12 8.39929e-06 2.9468e-06 2.78737e-06 -1.77533e-07 -4.35987e-07 0 0 -2.05384e-08 0 
scan  600 250 3 4.94964e-06 3.61222e-06 2.98242e-06 -1.33893e-07 -1.97733e-07 0 0 0 0 
scan  600 250 8 3.93935e-07 9.86965e-07 2.19945e-07 -4.22938e-09 -1.11819e-08 0 0 0 0 
scan  600 250 13 1.34099e-05 4.32395e-06 4.26751e-06 -2.25188e-07 -4.03467e-07 0 0 -1.43568e-07 0 
scan  600 250 4 8.60826e-06 4.78486e-06 4.05186e-06 -2.14423e-07 -8.92381e-08 0 0 0 0 
scan  600 250 9 3.89882e-06 1.92282e-06 1.74821e-06 -4.96443e-08 -5.9666e-08 0 0 0 0 
scan  600 250 14 5.55494e-05 7.69589e-06 7.47245e-06 -9.84582e-07 -1.41221e-06 0 0 3.2061e-07 0 
scan  600 250 15 5.50087e-06 3.71197e-06 2.60185e-06 -1.1077e-07 -3.21166e-07 0 0 -2.17113e-07 0 
scan  600 250 20 5.91287e-07 1.35541e-06 5.49446e-07 -6.37668e-09 -1.20666e-07 0 0 0 0 
scan  600 250 25 3.77382e-07 1.28274e-06 3.17634e-07 -1.14991e-08 -3.42157e-09 0 0 3.15627e-07 0 
scan  600 250 16 1.1296e-05 5.356e-06 4.74832e-06 -3.06183e-07 -1.91294e-07 0 0 2.37528e-07 0 
scan  600 250 21 2.29069e-06 1.68249e-06 1.21512e-06 -2.27594e-08 -1.38282e-07 0 0 -6.40407e-07 0 
scan  600 250 26 7.71764e-06 3.46539e-06 3.22359e-06 -1.50303e-07 -3.6871e-07 0 0 3.15627e-07 0 
scan  600 250 17 6.99098e-06 2.69895e-06 2.49746e-06 -1.77103e-07 -6.45618e-07 0 0 2.66609e-07 0 
scan  600 250 22 1.31486e-06 1.55512e-06 5.50354e-07 -1.4282e-08 -4.01764e-08 0 0 1.0903e-06 0 
scan  600 250 27 8.08644e-06 3.94233e-06 3.61492e-06 -1.36912e-07 -2.85595e-07 0 0 4.0084e-07 0 
scan  600 250 18 5.47634e-06 2.16928e-06 1.92041e-06 -9.27168e-08 -1.72426e-07 0 0 -2.24133e-07 0 
scan  600 250 23 1.47862e-06 1.42254e-06 7.91898e-07 -1.43776e-08 -1.68478e-07 0 0 -4.49893e-07 0 
scan  600 250 28 6.09776e-06 1.75979e-06 1.32265e-06 -1.13993e-07 -2.24192e-07 0 0 9.07622e-07 0 
scan  600 250 19 8.65442e-06 3.04536e-06 2.93224e-06 -9.68567e-08 -6.83108e-07 0 0 2.20607e-08 0 
scan  600 250 24 3.74424e-06 2.79984e-06 2.57731e-06 -6.90855e-08 -5.32341e-08 0 0 0 0 
scan  600 250 29 7.36789e-05 9.42798e-06 9.01061e-06 -1.33701e-06 -1.97747e-06 0 0 -1.08116e-06 0 
scan  600 250 75 3.8626e-07 5.65344e-07 2.87016e-07 -6.72747e-09 -3.48527e-08 0 0 0 0 
scan  600 250 80 1.74129e-07 7.69804e-07 1.74129e-07 -3.65461e-09 -3.15938e-08 0 0 1.74129e-07 0 
scan  600 250 85 0 9.61507e-07 0 0 0 0 0 0 0 
scan  600 250 76 2.17802e-08 7.21459e-07 2.17802e-08 -2.27374e-10 -2.34117e-10 0 0 0 0 
scan  600 250 81 6.28455e-08 5.12719e-07 3.62843e-08 -1.09822e-09 -4.73863e-09 0 0 1.74129e-07 0 
scan  600 250 86 7.09548e-07 9.55889e-07 6.25335e-07 -7.40731e-09 -5.07611e-08 0 0 0 0 
scan  600 250 77 0 9.61507e-07 0 0 0 0 0 0 0 
scan  600 250 82 0 9.61507e-07 0 0 0 0 0 0 0 
scan  600 250 87 8.42157e-08 1.07919e-06 6.6888e-08 -1.09614e-09 -1.35557e-08 0 0 9.6332e-07 0 
scan  600 250 78 9.51121e-08 7.27378e-07 9.51121e-08 -1.9962e-09 -5.10111e-10 0 0 0 0 
scan  600 250 83 0 9.61507e-07 0 0 0 0 0 0 0 
scan  600 250 88 9.85099e-07 1.54385e-06 9.63566e-07 -1.02839e-08 -8.29055e-08 0 0 -9.6332e-07 0 
scan  600 250 79 0 9.61507e-07 0 0 0 0 0 0 0 
scan  600 250 84 0 9.61507e-07 0 0 0 0 0 0 0 
scan  600 250 89 3.82152e-06 3.01125e-06 2.82695e-06 -4.33729e-08 -7.44356e-07 0 0 0 0 
scan  600 250 45 2.03687e-07 5.13303e-07 1.64488e-07 -2.93789e-09 -7.26226e-08 0 0 0 0 
scan  600 250 50 0 9.61507e-07 0 0 0 0 0 0 0 
scan  600 250 55 0 9.69467e-07 0 0 0 0 0 0 0 
scan  600 250 46 1.62092e-06 2.23835e-06 1.44987e-06 -3.4893e-08 -3.43424e-08 0 0 -1.43832e-06 0 
scan  600 250 51 6.28275e-07 7.2349e-07 4.74276e-07 -2.00404e-08 -7.22588e-08 0 0 0 0 
scan  600 250 56 2.16146e-06 1.21846e-06 1.01185e-06 -3.70649e-08 -1.89406e-07 0 0 0 0 
scan  600 250 47 1.15168e-07 1.68407e-06 1.15168e-07 -2.41715e-09 -2.31982e-08 0 0 1.43832e-06 0 
scan  600 250 52 2.10699e-08 7.21448e-07 2.10699e-08 -4.49628e-10 -1.28471e-10 0 0 0 0 
scan  600 250 57 8.66867e-07 1.1079e-06 4.86313e-07 -1.24243e-08 -8.53315e-08 0 0 0 0 
scan  600 250 48 2.77562e-07 8.25428e-07 2.57696e-07 -7.55368e-09 -4.15364e-08 0 0 -2.56863e-07 0 
scan  600 250 53 0 9.61507e-07 0 0 0 0 0 0 0 
scan  600 250 58 5.56778e-06 3.22067e-06 3.00299e-06 -9.05536e-08 -8.1824e-07 0 0 0 0 
scan  600 250 49 0 1.02784e-06 0 0 0 0 0 2.56863e-07 0 
scan  600 250 54 0 9.61507e-07 0 0 0 0 0 0 0 
scan  600 250 59 8.45098e-07 7.36398e-07 4.03836e-07 -1.77223e-08 -7.9386e-08 0 0 -1.33913e-07 0 
scan  600 250 165 6.40997e-08 4.19894e-08 3.70092e-08 -6.69391e-10 -1.44825e-09 -6.40997e-09 0 0 0 
scan  600 250 170 0 4.86716e-07 0 0 0 0 0 0 0 
scan  600 250 175 1.58002e-07 2.95127e-07 1.38797e-07 -1.64945e-09 -3.18804e-09 -1.58002e-08 0 0 0 
scan  600 250 166 1.9934e-08 2.42879e-07 1.9934e-08 -2.08101e-10 -4.23947e-09 -1.9934e-09 0 0 0 
scan  600 250 171 4.26312e-08 2.42339e-07 3.01459e-08 -4.45047e-10 -1.22851e-09 -4.26312e-09 0 0 0 
scan  600 250 176 2.00697e-07 2.83297e-07 1.42042e-07 -2.09517e-09 -4.37566e-09 -2.00697e-08 0 0 0 
scan  600 250 167 2.85162e-06 2.34233e-06 2.30094e-06 -2.97695e-08 -2.68772e-08 -2.85162e-07 0 3.17953e-07 0 
scan  600 250 172 2.81582e-07 3.63382e-07 2.61317e-07 -2.93957e-09 -2.57077e-09 -2.81582e-08 0 0 0 
scan  600 250 177 4.21554e-06 3.40662e-06 3.04115e-06 -4.42014e-08 -1.07383e-07 -4.21554e-07 0 0 0 
scan  600 250 168 6.16001e-07 6.08666e-07 4.21946e-07 -1.04666e-08 -6.59577e-08 -6.16001e-08 0 3.17953e-07 0 
scan  600 250 173 4.5254e-07 5.37955e-07 4.5254e-07 -4.72428e-09 -2.42569e-09 -4.5254e-08 0 0 0 
scan  600 250 178 2.8062e-06 2.14536e-06 1.56174e-06 -2.97153e-08 -4.11603e-08 -2.8062e-07 0 0 0 
scan  600 250 169 4.29457e-08 2.42326e-07 3.03672e-08 -4.4833e-10 -4.50167e-10 -4.29457e-09 0 0 0 
scan  600 250 174 6.55537e-08 3.08042e-07 6.55537e-08 -6.84346e-10 -1.20789e-09 -6.55537e-09 0 0 0 
scan  600 250 179 1.44543e-06 5.10146e-07 4.80798e-07 -1.52252e-08 -1.09413e-08 -1.44543e-07 0 0 0 
scan  600 250 135 9.09632e-07 6.42524e-07 4.87216e-07 -9.66929e-09 -4.9842e-08 -9.09632e-08 0 3.25106e-07 0 
scan  600 250 140 0 4.86954e-07 0 0 0 0 0 2.14716e-08 0 
scan  600 250 145 0 4.80905e-07 0 0 0 0 0 0 0 
scan  600 250 136 2.29917e-06 1.58821e-06 1.53375e-06 -3.27968e-08 -1.67677e-07 -2.29917e-07 0 0 0 
scan  600 250 141 7.53803e-07 6.1035e-07 5.15511e-07 -2.00897e-08 -1.02151e-07 -7.53803e-08 0 -2.14716e-08 0 
scan  600 250 146 5.31759e-07 3.67605e-07 3.59393e-07 -1.27967e-08 -9.02941e-09 -5.31759e-08 0 2.14959e-08 0 
scan  600 250 137 9.76952e-07 7.27936e-07 6.55972e-07 -1.20442e-08 -1.6729e-08 -9.76952e-08 0 0 0 
scan  600 250 142 1.25116e-06 1.02411e-06 9.8467e-07 -1.30907e-08 -6.47875e-08 -1.25116e-07 0 -2.14881e-08 0 
scan  600 250 147 2.05813e-06 1.18103e-06 9.77291e-07 -4.20288e-08 -7.76089e-08 -2.05813e-07 0 -2.14959e-08 0 
scan  600 250 138 2.76428e-07 2.58545e-07 2.55837e-07 -2.88577e-09 -1.80203e-08 -2.76428e-08 0 0 0 
scan  600 250 143 1.85237e-07 3.04823e-07 1.85237e-07 -1.93378e-09 -3.82748e-09 -1.85237e-08 0 2.14881e-08 0 
scan  600 250 148 1.28677e-06 8.29112e-07 6.41202e-07 -3.57882e-08 -4.20926e-08 -1.28677e-07 0 -9.05975e-08 0 
scan  600 250 139 6.48918e-08 2.49069e-07 6.48918e-08 -1.09602e-09 -3.47832e-10 -6.48918e-09 0 0 0 
scan  600 250 144 2.14941e-08 2.41345e-07 2.14941e-08 -2.24387e-10 -1.18208e-10 -2.14941e-09 0 0 0 
scan  600 250 149 1.68019e-06 8.33584e-07 7.60656e-07 -1.75953e-08 -7.88464e-08 -1.68019e-07 0 9.05975e-08 0 
scan  600 250 120 4.94459e-07 7.72544e-07 2.71678e-07 -7.26688e-09 -1.87165e-08 -4.94459e-08 0 0 0 
scan  600 250 125 0 1.44227e-06 0 0 0 0 0 0 0 
scan  600 250 130 2.22072e-08 1.20854e-06 2.22072e-08 0 -2.38707e-10 -2.22072e-09 0 0 0 
scan  600 250 121 1.61616e-06 8.99838e-07 7.4039e-07 -2.49086e-08 -2.86479e-08 -1.61616e-07 0 -2.10485e-08 0 
scan  600 250 126 1.01549e-06 1.24119e-06 6.79801e-07 -9.88315e-09 -7.73084e-09 -1.01549e-07 0 0 0 
scan  600 250 131 1.56559e-06 1.05133e-06 7.29798e-07 -2.33214e-08 -4.88822e-09 -1.56559e-07 0 0 0 
scan  600 250 122 1.25602e-06 1.43491e-06 1.19251e-06 -7.87314e-10 -8.32595e-08 -1.25602e-07 0 2.10485e-08 0 
scan  600 250 127 9.30453e-07 1.10427e-06 6.44509e-07 -1.28318e-08 -9.52135e-09 -9.30453e-08 0 0 0 
scan  600 250 132 1.4127e-06 1.20493e-06 9.17772e-07 -1.52405e-08 -2.06805e-07 -1.4127e-07 0 0 0 
scan  600 250 123 2.36311e-06 1.73985e-06 1.5603e-06 -4.64991e-08 -5.8928e-09 -2.36311e-07 0 -4.26995e-22 0 
scan  600 250 128 2.21141e-08 1.2085e-06 2.21141e-08 0 -6.01772e-10 -2.21141e-09 0 0 0 
scan  600 250 133 2.6286e-06 1.09696e-06 9.49534e-07 -3.23085e-08 -2.06515e-08 -2.6286e-07 0 0 0 
scan  600 250 124 7.95455e-07 8.89395e-07 4.92654e-07 -5.84612e-09 -3.4638e-08 -7.95455e-08 0 0 0 
scan  600 250 129 0 1.44475e-06 0 0 0 0 0 0 0 
scan  600 250 134 5.84172e-06 1.83838e-06 1.66012e-06 -7.74225e-08 -4.71802e-08 -5.84172e-07 0 0 0 
scan  600 250 90 6.19931e-08 9.74314e-07 3.58145e-08 -9.03266e-10 -3.54367e-09 -6.19931e-09 0 0 0 
scan  600 250 95 0 1.44226e-06 0 0 0 0 0 0 0 
scan  600 250 100 0 1.44226e-06 0 0 0 0 0 0 0 
scan  600 250 91 1.37873e-06 1.15317e-06 5.98645e-07 -2.86427e-08 -1.19664e-08 -1.37873e-07 0 -9.69563e-08 0 
scan  600 250 96 6.80256e-07 8.09645e-07 3.48e-07 -9.807e-09 -1.32185e-08 -6.80256e-08 0 0 0 
scan  600 250 101 5.09016e-07 9.96848e-07 4.67681e-07 -6.60911e-10 -8.86701e-09 -5.09016e-08 0 0 0 
scan  600 250 92 9.93626e-07 8.96962e-07 5.05058e-07 -1.56892e-08 -6.82006e-08 -9.93626e-08 0 9.69563e-08 0 
scan  600 250 97 1.05942e-07 7.2725e-07 7.08993e-08 -1.60837e-09 -3.74644e-09 -1.05942e-08 0 0 0 
scan  600 250 102 4.72472e-06 1.92454e-06 1.53866e-06 -6.50648e-08 -2.55881e-07 -4.72472e-07 0 6.95299e-08 0 
scan  600 250 93 1.17582e-06 1.4227e-06 1.02335e-06 -5.36776e-08 -1.54422e-09 -1.17582e-07 0 0 0 
scan  600 250 98 4.17002e-07 1.00233e-06 2.78777e-07 -5.69607e-09 -3.34354e-09 -4.17002e-08 0 0 0 
scan  600 250 103 4.19738e-06 1.51472e-06 1.1683e-06 -6.12101e-08 -1.60989e-07 -4.19738e-07 0 -9.45004e-08 0 
scan  600 250 94 1.04968e-06 1.61255e-06 1.04968e-06 -4.32786e-08 0 -1.04968e-07 0 0 0 
scan  600 250 99 7.81276e-08 1.20565e-06 7.81276e-08 -1.90855e-09 -1.41083e-08 -7.81276e-09 0 0 0 
scan  600 250 104 7.44836e-06 3.47012e-06 3.28086e-06 -1.0446e-07 -3.56383e-07 -7.44836e-07 0 1.6403e-07 0 
