xsec 400 350 0.0393429
scan  400 350 30 4.89387e-05 2.25926e-05 1.73059e-05 -1.01821e-06 -5.50339e-06 0 0 3.53858e-21 0 
scan  400 350 35 0 1.59363e-05 0 0 0 0 0 0 0 
scan  400 350 40 0 1.59363e-05 0 0 0 0 0 0 0 
scan  400 350 31 5.73047e-05 2.43756e-05 2.01958e-05 -1.43764e-06 -5.94028e-06 0 0 0 0 
scan  400 350 36 1.03045e-05 1.39806e-05 6.05622e-06 -6.97166e-08 -1.07483e-06 0 0 0 0 
scan  400 350 41 0 1.59363e-05 0 0 0 0 0 0 0 
scan  400 350 32 6.19042e-06 1.32247e-05 5.36696e-06 -3.75511e-08 -1.78802e-06 0 0 0 0 
scan  400 350 37 1.52328e-06 1.40338e-05 1.52328e-06 0 -3.20901e-07 0 0 0 0 
scan  400 350 42 0 1.59363e-05 0 0 0 0 0 0 0 
scan  400 350 33 4.93671e-06 1.48765e-05 4.93671e-06 0 -1.54053e-06 0 0 0 0 
scan  400 350 38 0 1.59363e-05 0 0 0 0 0 0 0 
scan  400 350 43 0 1.59363e-05 0 0 0 0 0 0 0 
scan  400 350 34 0 1.59363e-05 0 0 0 0 0 0 0 
scan  400 350 39 0 1.59363e-05 0 0 0 0 0 0 0 
scan  400 350 44 0 1.59363e-05 0 0 0 0 0 0 0 
scan  400 350 0 0.0014399 0.000327106 9.63482e-05 -4.93662e-05 -0.000307603 0 0 2.19679e-06 0 
scan  400 350 5 0 1.59363e-05 0 0 0 0 0 0 0 
scan  400 350 10 0 1.59363e-05 0 0 0 0 0 0 0 
scan  400 350 1 0.00171538 0.00040309 0.000122261 -5.43479e-05 -0.000379747 0 0 -1.3036e-05 0 
scan  400 350 6 1.811e-05 1.00821e-05 7.33316e-06 -5.59378e-07 -3.01589e-06 0 0 7.03564e-07 0 
scan  400 350 11 9.47132e-07 1.19812e-05 7.93527e-07 -2.92316e-08 -9.25275e-10 0 0 0 0 
scan  400 350 2 0.000344846 8.28359e-05 4.71892e-05 -1.22552e-05 -6.06394e-05 0 0 -1.25197e-05 0 
scan  400 350 7 3.51067e-05 1.99106e-05 1.49976e-05 -5.9767e-07 -1.09662e-05 0 0 -1.14529e-06 0 
scan  400 350 12 1.666e-05 2.10755e-05 1.61359e-05 -2.29781e-08 -5.8632e-06 0 0 0 0 
scan  400 350 3 7.96145e-05 2.9251e-05 2.03645e-05 -2.13035e-06 -1.95609e-05 0 0 -1.57427e-06 0 
scan  400 350 8 1.74218e-05 8.84797e-06 7.81386e-06 -4.86996e-07 -2.8378e-06 0 0 -9.9736e-07 0 
scan  400 350 13 7.89655e-06 1.03303e-05 5.38585e-06 -1.05821e-07 -2.50462e-06 0 0 2.00514e-06 0 
scan  400 350 4 6.34941e-05 3.09633e-05 2.14658e-05 -1.86866e-06 -1.13296e-05 0 0 1.20371e-05 0 
scan  400 350 9 1.77454e-05 1.1767e-05 8.28891e-06 -4.1177e-07 -5.3872e-06 0 0 2.06405e-06 0 
scan  400 350 14 2.12438e-05 1.79636e-05 1.36849e-05 -3.48117e-07 -6.00034e-06 0 0 0 0 
scan  400 350 15 0.000196962 6.04233e-05 4.72856e-05 -4.8153e-06 -3.4199e-05 0 0 -1.65484e-07 0 
scan  400 350 20 0 1.59363e-05 0 0 0 0 0 0 0 
scan  400 350 25 0 1.59363e-05 0 0 0 0 0 0 0 
scan  400 350 16 0.000130005 4.74758e-05 3.50491e-05 -3.01247e-06 -2.59204e-05 0 0 1.13012e-05 0 
scan  400 350 21 6.66526e-06 1.2412e-05 3.27456e-06 -2.10582e-07 -3.29573e-07 0 0 0 0 
scan  400 350 26 0 1.59363e-05 0 0 0 0 0 0 0 
scan  400 350 17 7.58135e-05 3.31512e-05 2.73631e-05 -2.71512e-06 -1.12257e-05 0 0 -1.23776e-05 0 
scan  400 350 22 8.27448e-06 1.2311e-05 4.45138e-06 -2.16315e-07 -5.31945e-07 0 0 -3.79372e-06 0 
scan  400 350 27 4.06169e-06 1.44392e-05 3.7394e-06 -1.65593e-07 0 0 0 0 0 
scan  400 350 18 1.0844e-05 1.93139e-05 4.69431e-06 -4.16295e-07 -9.09477e-07 0 0 1.69199e-05 0 
scan  400 350 23 0 1.68454e-05 0 0 0 0 0 3.79372e-06 0 
scan  400 350 28 2.20712e-06 1.40701e-05 1.63385e-06 -7.67602e-08 0 0 0 0 0 
scan  400 350 19 1.96572e-06 1.41046e-05 1.96572e-06 -6.55603e-08 0 0 0 5.18572e-07 0 
scan  400 350 24 0 1.59363e-05 0 0 0 0 0 0 0 
scan  400 350 29 5.27442e-06 1.31858e-05 5.11007e-06 -5.29819e-09 -2.0627e-06 0 0 0 0 
scan  400 350 75 0 7.98508e-06 0 0 0 0 0 0 0 
scan  400 350 80 0 7.96817e-06 0 0 0 0 0 0 0 
scan  400 350 85 0 7.96817e-06 0 0 0 0 0 0 0 
scan  400 350 76 2.59691e-06 6.57675e-06 2.59691e-06 -2.71107e-08 -7.24652e-07 0 0 0 0 
scan  400 350 81 0 7.96817e-06 0 0 0 0 0 0 0 
scan  400 350 86 0 7.96817e-06 0 0 0 0 0 0 0 
scan  400 350 77 0 7.96817e-06 0 0 0 0 0 0 0 
scan  400 350 82 0 7.96817e-06 0 0 0 0 0 0 0 
scan  400 350 87 0 7.96817e-06 0 0 0 0 0 0 0 
scan  400 350 78 0 7.96817e-06 0 0 0 0 0 0 0 
scan  400 350 83 0 7.96817e-06 0 0 0 0 0 0 0 
scan  400 350 88 0 7.96817e-06 0 0 0 0 0 0 0 
scan  400 350 79 0 7.96817e-06 0 0 0 0 0 0 0 
scan  400 350 84 0 7.96817e-06 0 0 0 0 0 0 0 
scan  400 350 89 0 7.96817e-06 0 0 0 0 0 0 0 
scan  400 350 45 3.66463e-06 4.56208e-06 1.9728e-06 -1.82349e-07 -9.21368e-07 0 0 0 0 
scan  400 350 50 0 7.96817e-06 0 0 0 0 0 0 0 
scan  400 350 55 0 7.96817e-06 0 0 0 0 0 0 0 
scan  400 350 46 6.42817e-06 7.88946e-06 6.27947e-06 -7.36869e-08 -2.60153e-06 0 0 0 0 
scan  400 350 51 0 7.96817e-06 0 0 0 0 0 0 0 
scan  400 350 56 0 7.96817e-06 0 0 0 0 0 0 0 
scan  400 350 47 0 7.96817e-06 0 0 0 0 0 0 0 
scan  400 350 52 0 7.96817e-06 0 0 0 0 0 0 0 
scan  400 350 57 0 7.96817e-06 0 0 0 0 0 0 0 
scan  400 350 48 0 7.96817e-06 0 0 0 0 0 0 0 
scan  400 350 53 0 7.96817e-06 0 0 0 0 0 0 0 
scan  400 350 58 0 7.96817e-06 0 0 0 0 0 0 0 
scan  400 350 49 0 7.96817e-06 0 0 0 0 0 0 0 
scan  400 350 54 0 7.96817e-06 0 0 0 0 0 0 0 
scan  400 350 59 0 7.96817e-06 0 0 0 0 0 0 0 
scan  400 350 165 0 3.98409e-06 0 0 0 0 0 0 0 
scan  400 350 170 0 3.98409e-06 0 0 0 0 0 0 0 
scan  400 350 175 0 3.98409e-06 0 0 0 0 0 0 0 
scan  400 350 166 0 3.98409e-06 0 0 0 0 0 0 0 
scan  400 350 171 0 3.98409e-06 0 0 0 0 0 0 0 
scan  400 350 176 0 3.98409e-06 0 0 0 0 0 0 0 
scan  400 350 167 0 3.98409e-06 0 0 0 0 0 0 0 
scan  400 350 172 0 3.98409e-06 0 0 0 0 0 0 0 
scan  400 350 177 0 3.98409e-06 0 0 0 0 0 0 0 
scan  400 350 168 0 3.98409e-06 0 0 0 0 0 0 0 
scan  400 350 173 0 3.98409e-06 0 0 0 0 0 0 0 
scan  400 350 178 0 3.98409e-06 0 0 0 0 0 0 0 
scan  400 350 169 0 3.98409e-06 0 0 0 0 0 0 0 
scan  400 350 174 0 3.98409e-06 0 0 0 0 0 0 0 
scan  400 350 179 0 3.98409e-06 0 0 0 0 0 0 0 
scan  400 350 135 7.3182e-06 5.658e-06 5.14944e-06 -1.55813e-07 -9.47601e-07 -7.3182e-07 0 0 0 
scan  400 350 140 0 3.98409e-06 0 0 0 0 0 0 0 
scan  400 350 145 0 3.98409e-06 0 0 0 0 0 0 0 
scan  400 350 136 4.32754e-06 2.81585e-06 2.59396e-06 -7.98535e-08 -9.4005e-07 -4.32754e-07 0 0 0 
scan  400 350 141 0 3.98409e-06 0 0 0 0 0 0 0 
scan  400 350 146 0 3.98409e-06 0 0 0 0 0 0 0 
scan  400 350 137 1.42912e-07 1.99921e-06 1.42912e-07 -1.49238e-09 -2.49697e-08 -1.42912e-08 0 0 0 
scan  400 350 142 0 3.98409e-06 0 0 0 0 0 0 0 
scan  400 350 147 0 3.98409e-06 0 0 0 0 0 0 0 
scan  400 350 138 0 3.98409e-06 0 0 0 0 0 0 0 
scan  400 350 143 0 3.98409e-06 0 0 0 0 0 0 0 
scan  400 350 148 0 3.98409e-06 0 0 0 0 0 0 0 
scan  400 350 139 0 3.98409e-06 0 0 0 0 0 0 0 
scan  400 350 144 0 3.98409e-06 0 0 0 0 0 0 0 
scan  400 350 149 7.08436e-06 7.39383e-06 7.08436e-06 -9.42305e-08 -3.8905e-08 -7.08436e-07 0 0 0 
scan  400 350 120 0 1.19523e-05 0 0 0 0 0 0 0 
scan  400 350 125 0 1.19523e-05 0 0 0 0 0 0 0 
scan  400 350 130 0 1.19523e-05 0 0 0 0 0 0 0 
scan  400 350 121 0 1.19523e-05 0 0 0 0 0 0 0 
scan  400 350 126 0 1.19523e-05 0 0 0 0 0 0 0 
scan  400 350 131 0 1.19523e-05 0 0 0 0 0 0 0 
scan  400 350 122 0 1.19523e-05 0 0 0 0 0 0 0 
scan  400 350 127 0 1.19523e-05 0 0 0 0 0 0 0 
scan  400 350 132 0 1.19523e-05 0 0 0 0 0 0 0 
scan  400 350 123 0 1.19523e-05 0 0 0 0 0 0 0 
scan  400 350 128 0 1.19523e-05 0 0 0 0 0 0 0 
scan  400 350 133 0 1.19523e-05 0 0 0 0 0 0 0 
scan  400 350 124 0 1.19523e-05 0 0 0 0 0 0 0 
scan  400 350 129 0 1.19523e-05 0 0 0 0 0 0 0 
scan  400 350 134 0 1.19523e-05 0 0 0 0 0 0 0 
scan  400 350 90 8.99864e-06 6.74793e-06 5.05613e-06 -2.05466e-07 -1.35598e-06 -8.99864e-07 0 9.98539e-07 0 
scan  400 350 95 0 1.19523e-05 0 0 0 0 0 0 0 
scan  400 350 100 0 1.19523e-05 0 0 0 0 0 0 0 
scan  400 350 91 4.44509e-06 6.38431e-06 1.93515e-06 -5.26886e-08 -1.03332e-06 -4.44509e-07 0 0 0 
scan  400 350 96 3.71046e-06 1.05352e-05 2.69722e-06 -1.10817e-07 -4.00041e-07 -3.71046e-07 0 0 0 
scan  400 350 101 0 1.19656e-05 0 0 0 0 0 0 0 
scan  400 350 92 0 1.19611e-05 0 0 0 0 0 0 0 
scan  400 350 97 0 1.19523e-05 0 0 0 0 0 0 0 
scan  400 350 102 0 1.19656e-05 0 0 0 0 0 0 0 
scan  400 350 93 0 1.19523e-05 0 0 0 0 0 0 0 
scan  400 350 98 0 1.19523e-05 0 0 0 0 0 0 0 
scan  400 350 103 0 1.19523e-05 0 0 0 0 0 0 0 
scan  400 350 94 1.37683e-07 9.9612e-06 1.37683e-07 -1.43744e-09 -1.97378e-08 -1.37683e-08 0 0 0 
scan  400 350 99 0 1.19523e-05 0 0 0 0 0 0 0 
scan  400 350 104 0 1.19523e-05 0 0 0 0 0 0 0 
