xsec 700 400 0.00185119
scan  700 400 30 2.37971e-05 3.98008e-06 2.7525e-06 -3.82859e-07 -7.63226e-07 0 0 -3.01176e-07 0 
scan  700 400 35 3.76211e-06 1.66427e-06 1.02268e-06 -6.82344e-08 -5.93495e-08 0 0 -2.29123e-08 0 
scan  700 400 40 1.41178e-06 7.56294e-07 6.08696e-07 -1.71916e-08 -1.71961e-08 0 0 1.12593e-07 0 
scan  700 400 31 3.61031e-05 4.29243e-06 3.81988e-06 -5.92589e-07 -1.60005e-06 0 0 -7.53241e-08 0 
scan  700 400 36 1.56606e-05 4.434e-06 2.29943e-06 -2.39767e-07 -4.76206e-07 0 0 -9.18514e-08 0 
scan  700 400 41 2.64657e-05 3.09553e-06 2.75212e-06 -4.74309e-07 -4.43549e-07 0 0 -7.16895e-07 0 
scan  700 400 32 3.01351e-05 3.81636e-06 3.49985e-06 -5.33692e-07 -1.04079e-06 0 0 5.94328e-07 0 
scan  700 400 37 1.38218e-05 3.03778e-06 2.65881e-06 -2.63039e-07 -5.51984e-07 0 0 3.24768e-07 0 
scan  700 400 42 5.49322e-05 4.72665e-06 4.16658e-06 -9.54005e-07 -1.01079e-06 0 0 1.72854e-06 0 
scan  700 400 33 1.72438e-05 2.61224e-06 2.54972e-06 -2.95027e-07 -4.25106e-07 0 0 -2.29346e-07 0 
scan  700 400 38 7.51479e-06 1.59518e-06 1.41847e-06 -8.88045e-08 -3.56227e-07 0 0 4.21712e-08 0 
scan  700 400 43 7.80449e-05 6.53419e-06 5.89577e-06 -1.37128e-06 -1.62205e-06 0 0 -9.92121e-07 0 
scan  700 400 34 1.83593e-05 2.90834e-06 2.74923e-06 -3.95327e-07 -3.60157e-07 0 0 -9.58472e-09 0 
scan  700 400 39 1.20739e-05 2.32648e-06 2.02258e-06 -2.11967e-07 -6.03842e-07 0 0 -2.08806e-08 0 
scan  700 400 44 0.000169233 9.78114e-06 8.50313e-06 -2.67222e-06 -3.5971e-06 0 0 8.0271e-09 0 
scan  700 400 0 4.60677e-06 1.99831e-06 1.95427e-06 -1.71884e-07 -1.00287e-08 0 0 0 0 
scan  700 400 5 1.2352e-06 1.44709e-06 9.87782e-07 -3.24127e-09 -2.90813e-07 0 0 9.98379e-08 0 
scan  700 400 10 0 7.49631e-07 0 0 0 0 0 0 0 
scan  700 400 1 2.79632e-06 1.7602e-06 9.24128e-07 -5.92591e-08 -2.1921e-07 0 0 -5.43589e-07 0 
scan  700 400 6 1.09914e-06 7.77614e-07 6.79147e-07 -2.76219e-08 -3.57656e-08 0 0 1.07264e-07 0 
scan  700 400 11 1.3197e-06 5.52034e-07 4.40628e-07 -3.26862e-08 -5.12284e-08 0 0 0 0 
scan  700 400 2 4.73447e-06 1.84467e-06 1.59136e-06 -7.60463e-08 -2.44856e-07 0 0 -7.86749e-07 0 
scan  700 400 7 2.32377e-06 1.08111e-06 9.27603e-07 -6.51112e-08 -9.06204e-08 0 0 -1.33775e-07 0 
scan  700 400 12 3.94841e-06 1.33415e-06 1.24704e-06 -6.76217e-08 -4.23698e-07 0 0 5.94878e-08 0 
scan  700 400 3 2.77829e-06 1.27745e-06 1.21046e-06 -6.17802e-08 -8.58202e-08 0 0 0 0 
scan  700 400 8 7.80569e-07 5.00551e-07 4.04856e-07 -1.28437e-08 -9.86216e-09 0 0 -4.83752e-08 0 
scan  700 400 13 9.01547e-06 2.43095e-06 1.73225e-06 -1.5534e-07 -3.83612e-07 0 0 -2.03376e-07 0 
scan  700 400 4 3.20343e-06 1.62063e-06 1.60621e-06 -3.25448e-08 -1.27506e-07 0 0 0 0 
scan  700 400 9 5.19732e-07 3.84731e-07 2.56419e-07 -7.35795e-09 -1.17654e-08 0 0 4.83752e-08 0 
scan  700 400 14 1.98546e-05 3.5568e-06 3.12937e-06 -2.77979e-07 -7.03661e-07 0 0 1.57874e-07 0 
scan  700 400 15 1.09607e-06 6.82172e-07 4.4124e-07 -3.37186e-08 -6.0135e-08 0 0 -3.09001e-07 0 
scan  700 400 20 7.9609e-07 1.0089e-06 7.21787e-07 -8.70763e-11 -3.1241e-08 0 0 0 0 
scan  700 400 25 1.08475e-07 5.71781e-07 1.00904e-07 -2.39532e-09 -5.39214e-10 0 0 0 0 
scan  700 400 16 1.21096e-06 6.13166e-07 3.34625e-07 -1.67423e-08 -9.59476e-08 0 0 3.09001e-07 0 
scan  700 400 21 2.80746e-06 1.18855e-06 1.14794e-06 -2.76154e-08 -2.07185e-07 0 0 6.66584e-12 0 
scan  700 400 26 1.85242e-06 7.03102e-07 5.84097e-07 -3.66917e-08 -8.741e-08 0 0 -3.59773e-08 0 
scan  700 400 17 1.96908e-06 8.00656e-07 6.11776e-07 -3.98648e-08 -9.92995e-08 0 0 -1.19091e-07 0 
scan  700 400 22 1.88958e-06 9.36394e-07 8.87161e-07 -2.60334e-08 -9.5944e-08 0 0 8.13137e-09 0 
scan  700 400 27 4.09103e-06 1.19668e-06 1.09855e-06 -8.25677e-08 -1.17609e-07 0 0 2.04997e-07 0 
scan  700 400 18 2.55727e-06 9.4739e-07 8.85391e-07 -5.31522e-08 -1.56977e-07 0 0 6.91254e-08 0 
scan  700 400 23 1.29299e-06 7.82681e-07 6.85403e-07 -1.62083e-08 -4.40755e-08 0 0 0 0 
scan  700 400 28 5.99068e-06 1.24182e-06 1.18765e-06 -1.1266e-07 -1.54306e-07 0 0 -2.91851e-07 0 
scan  700 400 19 2.33395e-06 7.95601e-07 6.33102e-07 -3.69727e-08 -9.14275e-08 0 0 2.69939e-08 0 
scan  700 400 24 1.51275e-06 8.59035e-07 7.90895e-07 -1.96306e-08 -8.69478e-08 0 0 0 0 
scan  700 400 29 2.51869e-05 3.29502e-06 3.16231e-06 -3.96078e-07 -7.57177e-07 0 0 -1.66751e-07 0 
scan  700 400 75 0 3.74792e-07 0 0 0 0 0 0 0 
scan  700 400 80 5.07918e-08 2.8855e-07 5.07918e-08 -5.3024e-10 -3.97594e-09 0 0 0 0 
scan  700 400 85 0 3.75343e-07 0 0 0 0 0 0 0 
scan  700 400 76 1.39128e-07 3.1488e-07 1.39128e-07 -1.46106e-09 -1.49537e-09 0 0 0 0 
scan  700 400 81 0 3.76506e-07 0 0 0 0 0 0 0 
scan  700 400 86 4.02808e-08 2.85856e-07 4.02808e-08 -8.45411e-10 -6.53441e-09 0 0 0 0 
scan  700 400 77 0 3.74807e-07 0 0 0 0 0 0 0 
scan  700 400 82 8.40562e-09 2.8124e-07 8.40562e-09 -8.77503e-11 -9.03497e-11 0 0 0 0 
scan  700 400 87 1.01295e-07 2.01623e-07 7.16387e-08 -1.58193e-09 -2.10172e-09 0 0 0 0 
scan  700 400 78 0 3.74792e-07 0 0 0 0 0 0 0 
scan  700 400 83 0 3.74792e-07 0 0 0 0 0 0 0 
scan  700 400 88 3.82111e-07 3.81195e-07 3.30788e-07 -7.5391e-09 -2.66817e-08 0 0 0 0 
scan  700 400 79 0 3.74792e-07 0 0 0 0 0 0 0 
scan  700 400 84 0 3.74792e-07 0 0 0 0 0 0 0 
scan  700 400 89 2.27545e-07 1.5605e-07 1.24574e-07 -2.89126e-09 -6.52065e-09 0 0 0 0 
scan  700 400 45 6.38105e-07 5.36416e-07 4.92278e-07 -8.24995e-09 -5.02134e-08 0 0 -6.4432e-08 0 
scan  700 400 50 0 3.74792e-07 0 0 0 0 0 0 0 
scan  700 400 55 0 3.74792e-07 0 0 0 0 0 0 0 
scan  700 400 46 2.57306e-07 2.40656e-07 1.78982e-07 -5.84532e-09 -2.53009e-08 0 0 -1.08475e-07 0 
scan  700 400 51 1.54571e-07 2.29773e-07 1.30973e-07 -4.32799e-09 -1.03034e-08 0 0 0 0 
scan  700 400 56 4.50668e-07 4.81026e-07 4.42681e-07 -1.65211e-08 -5.38157e-09 0 0 0 0 
scan  700 400 47 6.97568e-08 3.34467e-07 5.13376e-08 -1.56742e-09 -1.54588e-08 0 0 1.72907e-07 0 
scan  700 400 52 2.60341e-07 3.49822e-07 1.86568e-07 -6.71393e-09 -5.68633e-08 0 0 0 0 
scan  700 400 57 4.33778e-07 2.85958e-07 2.06331e-07 -1.01221e-08 -6.27077e-08 0 0 0 0 
scan  700 400 48 1.59043e-08 1.88023e-07 1.1249e-08 -2.51818e-10 -1.82949e-09 0 0 0 0 
scan  700 400 53 0 3.87432e-07 0 0 0 0 0 0 0 
scan  700 400 58 7.21367e-07 7.03813e-07 6.9702e-07 -7.65455e-09 -2.4718e-08 0 0 -8.1136e-09 0 
scan  700 400 49 1.47765e-07 2.10261e-07 9.11266e-08 -3.19658e-09 -3.86235e-09 0 0 2.56483e-08 0 
scan  700 400 54 0 3.74792e-07 0 0 0 0 0 0 0 
scan  700 400 59 1.42719e-06 7.40836e-07 7.20708e-07 -2.99625e-08 -1.40259e-07 0 0 8.1136e-09 0 
scan  700 400 165 1.65105e-08 1.22736e-07 1.16748e-08 -1.72361e-10 -3.47805e-10 -1.65105e-09 0 0 0 
scan  700 400 170 3.11899e-07 3.12069e-07 2.42183e-07 -3.25606e-09 -6.56578e-09 -3.11899e-08 0 0 0 
scan  700 400 175 0 2.01952e-07 0 0 0 0 0 0 0 
scan  700 400 166 1.32934e-07 1.19515e-07 7.01824e-08 -1.38776e-09 -8.2475e-10 -1.32934e-08 0 0 0 
scan  700 400 171 1.65863e-08 9.53627e-08 1.17283e-08 -1.73152e-10 -1.10786e-10 -1.65863e-09 0 0 0 
scan  700 400 176 4.62779e-07 2.83158e-07 2.61657e-07 -4.83117e-09 -1.33324e-08 -4.62779e-08 0 0 0 
scan  700 400 167 8.87607e-08 1.24756e-07 7.36563e-08 -9.26637e-10 -2.07798e-09 -8.87607e-09 0 -8.29592e-09 0 
scan  700 400 172 1.53695e-07 1.91804e-07 1.03148e-07 -1.60449e-09 -1.61111e-09 -1.53695e-08 0 0 0 
scan  700 400 177 4.57445e-07 2.78334e-07 2.67099e-07 -4.77549e-09 -2.09805e-08 -4.57445e-08 0 0 0 
scan  700 400 168 0 1.89826e-07 0 0 0 0 0 8.29592e-09 0 
scan  700 400 173 7.27825e-08 1.22353e-07 7.27825e-08 -7.60175e-10 -3.90098e-10 -7.27825e-09 0 0 0 
scan  700 400 178 1.30424e-06 7.97743e-07 7.81092e-07 -1.36193e-08 -3.3294e-08 -1.30424e-07 0 -8.29551e-09 0 
scan  700 400 169 2.27685e-08 9.65801e-08 2.27685e-08 -2.8195e-10 -4.97175e-09 -2.27685e-09 0 0 0 
scan  700 400 174 1.10877e-07 1.41142e-07 1.02936e-07 -1.15749e-09 -6.98753e-10 -1.10877e-08 0 0 0 
scan  700 400 179 5.83356e-07 3.21641e-07 3.13198e-07 -6.08994e-09 -5.57647e-09 -5.83356e-08 0 8.29551e-09 0 
scan  700 400 135 1.742e-06 1.43762e-06 1.4178e-06 -1.89296e-08 -1.29883e-07 -1.742e-07 0 0 0 
scan  700 400 140 9.46164e-08 1.38288e-07 9.46164e-08 -9.87746e-10 -2.05147e-08 -9.46164e-09 0 0 0 
scan  700 400 145 0 1.87424e-07 0 0 0 0 0 0 0 
scan  700 400 136 5.39801e-07 3.52678e-07 3.35405e-07 -6.47023e-09 -9.06001e-09 -5.39801e-08 0 0 0 
scan  700 400 141 1.17884e-07 1.48404e-07 1.02533e-07 -1.23094e-09 -4.02002e-09 -1.17884e-08 0 0 0 
scan  700 400 146 3.49965e-07 2.20568e-07 1.91999e-07 -4.06734e-09 -1.34045e-08 -3.49965e-08 0 0 0 
scan  700 400 137 7.27073e-07 4.9197e-07 4.16212e-07 -7.59026e-09 -4.62651e-08 -7.27073e-08 0 0 0 
scan  700 400 142 4.64133e-07 3.22202e-07 2.77164e-07 -4.8456e-09 -1.02895e-08 -4.64133e-08 0 0 0 
scan  700 400 147 2.46462e-06 9.75501e-07 9.3307e-07 -3.43388e-08 -7.28986e-08 -2.46462e-07 0 -2.69365e-08 0 
scan  700 400 138 4.5408e-08 2.35348e-07 3.85999e-08 -6.8135e-10 -3.57991e-10 -4.5408e-09 0 0 0 
scan  700 400 143 8.04539e-09 9.4063e-08 8.04539e-09 -8.39897e-11 -8.39674e-10 -8.04539e-10 0 0 0 
scan  700 400 148 1.51148e-06 6.49492e-07 5.81818e-07 -1.66242e-08 -1.34282e-07 -1.51148e-07 0 2.69365e-08 0 
scan  700 400 139 8.27922e-09 9.40669e-08 8.27922e-09 -8.64308e-11 -1.23695e-10 -8.27922e-10 0 0 0 
scan  700 400 144 3.22493e-08 9.76614e-08 2.53493e-08 -3.36665e-10 -5.19641e-09 -3.22493e-09 0 0 0 
scan  700 400 149 1.71799e-06 1.13099e-06 1.11601e-06 -2.53928e-08 -5.86467e-08 -1.71799e-07 0 0 0 
scan  700 400 120 7.32925e-07 9.07199e-07 6.55719e-07 -7.2402e-09 -1.22077e-07 -7.32925e-08 0 0 0 
scan  700 400 125 0 8.65936e-07 0 0 0 0 0 0 0 
scan  700 400 130 8.29592e-09 4.68711e-07 8.29592e-09 -8.6605e-11 -4.44676e-11 -8.29592e-10 0 8.29592e-09 0 
scan  700 400 121 7.64203e-07 6.08846e-07 5.12842e-07 -6.26017e-09 -5.88013e-08 -7.64203e-08 0 0 0 
scan  700 400 126 5.77296e-07 5.22865e-07 3.88187e-07 -4.17389e-09 -4.88849e-09 -5.77296e-08 0 0 0 
scan  700 400 131 6.22746e-07 4.16654e-07 2.95549e-07 -5.26818e-09 -2.56582e-08 -6.22746e-08 0 1.6322e-08 0 
scan  700 400 122 1.4458e-06 8.77876e-07 7.84139e-07 -2.59266e-08 -5.91966e-08 -1.4458e-07 0 -2.23351e-07 0 
scan  700 400 127 2.45843e-07 4.45598e-07 2.3784e-07 -8.50014e-11 -1.36623e-08 -2.45843e-08 0 0 0 
scan  700 400 132 2.52968e-06 9.16128e-07 7.66221e-07 -2.17985e-08 -1.87539e-07 -2.52968e-07 0 -7.88357e-09 0 
scan  700 400 123 4.91362e-07 5.76623e-07 3.64337e-07 -5.04109e-09 -8.55113e-09 -4.91362e-08 0 2.23351e-07 0 
scan  700 400 128 0 5.62306e-07 0 0 0 0 0 0 0 
scan  700 400 133 1.17243e-06 9.24596e-07 7.48749e-07 -2.28412e-08 -3.34165e-09 -1.17243e-07 0 1.64453e-08 0 
scan  700 400 124 1.96299e-07 3.34424e-07 1.80086e-07 -2.04445e-09 -2.18906e-09 -1.96299e-08 0 0 0 
scan  700 400 129 0 5.62188e-07 0 0 0 0 0 0 0 
scan  700 400 134 2.36583e-06 1.04169e-06 9.95818e-07 -1.08845e-08 -4.05478e-08 -2.36583e-07 0 0 0 
scan  700 400 90 5.09978e-07 6.91989e-07 4.69593e-07 -5.54832e-09 -1.64534e-08 -5.09978e-08 0 -4.6924e-07 0 
scan  700 400 95 8.18776e-09 4.68873e-07 8.18776e-09 -8.5476e-11 -4.05508e-10 -8.18776e-10 0 0 0 
scan  700 400 100 0 5.62188e-07 0 0 0 0 0 0 0 
scan  700 400 91 1.43847e-06 8.24108e-07 5.88199e-07 -1.78215e-08 -1.06549e-07 -1.43847e-07 0 4.6924e-07 0 
scan  700 400 96 4.40169e-07 4.67473e-07 3.35664e-07 -1.70633e-09 -6.91208e-08 -4.40169e-08 0 0 0 
scan  700 400 101 1.02743e-06 6.0753e-07 4.21869e-07 -1.56314e-08 -1.27121e-08 -1.02743e-07 0 0 0 
scan  700 400 92 5.61227e-07 4.14528e-07 2.92858e-07 -2.38819e-09 -5.43961e-08 -5.61227e-08 0 0 0 
scan  700 400 97 1.09065e-07 4.52233e-07 6.20927e-08 -1.72989e-09 -5.64593e-09 -1.09065e-08 0 0 0 
scan  700 400 102 3.85483e-06 1.809e-06 1.64371e-06 -3.03757e-08 -4.0937e-07 -3.85483e-07 0 7.94583e-09 0 
scan  700 400 93 7.07425e-08 2.84508e-07 4.23675e-08 -6.5734e-10 -5.44029e-09 -7.07425e-09 0 0 0 
scan  700 400 98 2.07734e-07 4.29977e-07 1.75026e-07 -2.54335e-09 -4.47494e-09 -2.07734e-08 0 2.31642e-08 0 
scan  700 400 103 1.86087e-06 8.58707e-07 7.56945e-07 -3.05383e-08 -9.22035e-08 -1.86087e-07 0 -1.6234e-08 0 
scan  700 400 94 8.48831e-07 9.25564e-07 8.40902e-07 -4.32409e-08 -1.10607e-09 -8.48831e-08 0 0 0 
scan  700 400 99 6.54195e-07 6.9715e-07 5.69321e-07 -6.85508e-09 -1.20577e-07 -6.54195e-08 0 2.31642e-08 0 
scan  700 400 104 2.22511e-06 1.15448e-06 1.08219e-06 -2.70844e-08 -2.16382e-07 -2.22511e-07 0 3.32882e-22 0 
