xsec 400 0 0.0393429
scan  400 0 30 0.000543657 7.39974e-05 6.95036e-05 -9.27168e-06 -1.23104e-05 0 0 3.98133e-06 0 
scan  400 0 35 0.000113814 3.35854e-05 3.19938e-05 -2.88713e-06 -1.27785e-06 0 0 6.41265e-06 0 
scan  400 0 40 7.87349e-05 3.19462e-05 2.58009e-05 -1.11055e-06 -1.45425e-06 0 0 6.85416e-06 0 
scan  400 0 31 0.000703865 8.80603e-05 7.52031e-05 -1.12432e-05 -2.859e-05 0 0 -1.34949e-05 0 
scan  400 0 36 0.000287883 5.29421e-05 4.88285e-05 -4.77744e-06 -4.65489e-06 0 0 9.34268e-06 0 
scan  400 0 41 0.000787619 9.62127e-05 8.09109e-05 -1.4137e-05 -1.44049e-05 0 0 4.02899e-05 0 
scan  400 0 32 0.000498441 7.31782e-05 6.38037e-05 -9.10359e-06 -2.20709e-05 0 0 -2.59481e-05 0 
scan  400 0 37 0.000264897 5.13364e-05 4.69791e-05 -3.71895e-06 -7.10708e-06 0 0 -1.15773e-05 0 
scan  400 0 42 0.00136745 0.000138663 0.00010945 -2.37556e-05 -3.02782e-05 0 0 -5.76451e-05 0 
scan  400 0 33 0.000342473 5.90274e-05 4.97365e-05 -5.73251e-06 -1.77325e-05 0 0 2.12279e-05 0 
scan  400 0 38 0.00018679 5.66612e-05 4.26264e-05 -3.64123e-06 -1.01499e-05 0 0 -1.66132e-06 0 
scan  400 0 43 0.00177666 0.000148303 0.000128245 -2.99636e-05 -3.63727e-05 0 0 -1.74074e-06 0 
scan  400 0 34 0.000644877 7.76145e-05 7.42349e-05 -1.08904e-05 -1.86776e-05 0 0 5.8064e-06 0 
scan  400 0 39 0.000251407 5.47588e-05 5.2588e-05 -3.1734e-06 -7.80359e-06 0 0 -4.93109e-07 0 
scan  400 0 44 0.00322753 0.00020493 0.000161433 -5.33461e-05 -7.96323e-05 0 0 4.47644e-05 0 
scan  400 0 0 9.74887e-06 1.4661e-05 4.719e-06 -3.12284e-07 -1.36871e-07 0 0 8.76135e-06 0 
scan  400 0 5 0 1.61569e-05 0 0 0 0 0 0 0 
scan  400 0 10 5.44175e-06 1.3094e-05 3.53975e-06 -1.55014e-07 -1.19477e-07 0 0 0 0 
scan  400 0 1 0.000118044 5.16862e-05 3.82309e-05 -1.96758e-06 -7.09609e-06 0 0 6.2062e-06 0 
scan  400 0 6 1.33356e-05 9.44044e-06 5.31747e-06 -2.90921e-07 -1.44601e-06 0 0 0 0 
scan  400 0 11 6.4543e-05 3.54374e-05 3.43246e-05 -3.77854e-07 -5.98269e-06 0 0 1.58766e-06 0 
scan  400 0 2 1.98382e-05 2.11611e-05 6.32216e-06 -3.03912e-07 -6.9403e-07 0 0 -1.82297e-07 0 
scan  400 0 7 1.00504e-05 8.61997e-06 4.09825e-06 -2.84888e-07 -2.57972e-07 0 0 -1.82984e-07 0 
scan  400 0 12 7.90487e-05 2.47244e-05 2.20774e-05 -6.98907e-07 -8.4705e-06 0 0 1.44345e-06 0 
scan  400 0 3 4.50675e-05 2.58271e-05 2.45645e-05 -3.34364e-07 -1.9048e-06 0 0 2.22277e-06 0 
scan  400 0 8 2.6783e-05 1.95761e-05 1.7512e-05 -5.3903e-07 -6.32756e-07 0 0 0 0 
scan  400 0 13 0.000129797 4.33761e-05 3.9221e-05 -2.45114e-06 -6.49293e-06 0 0 -1.81069e-07 0 
scan  400 0 4 3.88304e-05 1.68679e-05 1.60228e-05 -9.03971e-07 -2.18317e-06 0 0 -1.50865e-07 0 
scan  400 0 9 2.31213e-05 1.77244e-05 1.57341e-05 -5.78466e-07 -4.77411e-07 0 0 0 0 
scan  400 0 14 0.000362757 5.88072e-05 5.70636e-05 -6.42059e-06 -1.05041e-05 0 0 -1.63902e-06 0 
scan  400 0 15 3.21882e-05 1.82048e-05 1.32382e-05 -6.61679e-07 -1.17281e-06 0 0 1.67148e-07 0 
scan  400 0 20 2.88923e-05 2.69104e-05 1.82508e-05 -4.85115e-07 -2.35384e-07 0 0 3.20587e-06 0 
scan  400 0 25 9.80527e-06 1.90487e-05 9.63957e-06 -3.10303e-07 0 0 0 0 0 
scan  400 0 16 3.21363e-05 1.56705e-05 1.32028e-05 -4.2602e-07 -1.49573e-06 0 0 1.67148e-07 0 
scan  400 0 21 3.14767e-05 1.57456e-05 1.14425e-05 -7.71836e-07 -1.23392e-06 0 0 -3.20587e-06 0 
scan  400 0 26 3.2819e-05 1.33272e-05 1.15722e-05 -4.97653e-07 -2.27266e-06 0 0 0 0 
scan  400 0 17 5.21126e-05 2.02387e-05 1.80453e-05 -4.72455e-07 -4.31356e-06 0 0 -1.78206e-07 0 
scan  400 0 22 3.205e-05 1.46864e-05 1.1715e-05 -8.63893e-07 -3.32484e-06 0 0 -1.77297e-21 0 
scan  400 0 27 0.000108001 3.68263e-05 2.89089e-05 -2.29888e-06 -7.61263e-06 0 0 -8.30417e-07 0 
scan  400 0 18 2.76162e-05 1.13094e-05 9.32232e-06 -6.40465e-07 -9.67382e-07 0 0 1.67148e-07 0 
scan  400 0 23 3.26313e-06 1.2126e-05 1.8558e-06 -5.03865e-08 -1.36116e-07 0 0 0 0 
scan  400 0 28 0.000166238 4.36429e-05 3.41991e-05 -2.66886e-06 -9.25689e-06 0 0 -2.11098e-07 0 
scan  400 0 19 8.2751e-05 2.40512e-05 2.30774e-05 -1.16316e-06 -1.79951e-06 0 0 0 0 
scan  400 0 24 4.90421e-06 9.42283e-06 1.99741e-06 -1.17196e-07 -2.9923e-07 0 0 0 0 
scan  400 0 29 0.000386149 6.2789e-05 6.04993e-05 -8.38338e-06 -1.11355e-05 0 0 -1.97921e-06 0 
scan  400 0 75 1.2828e-06 6.0923e-06 1.1189e-06 -1.33917e-08 -3.35565e-08 0 0 0 0 
scan  400 0 80 0 7.98475e-06 0 0 0 0 0 0 0 
scan  400 0 85 0 7.98475e-06 0 0 0 0 0 0 0 
scan  400 0 76 0 7.98475e-06 0 0 0 0 0 0 0 
scan  400 0 81 2.30943e-05 2.37196e-05 1.62097e-05 -4.35577e-07 -3.11273e-07 0 0 0 0 
scan  400 0 86 5.89634e-07 8.96209e-06 5.89634e-07 -1.23752e-08 -3.21436e-09 0 0 0 0 
scan  400 0 77 0 7.98475e-06 0 0 0 0 0 0 0 
scan  400 0 82 0 8.31018e-06 0 0 0 0 0 0 0 
scan  400 0 87 1.81744e-06 1.20574e-05 1.49012e-06 -3.62642e-08 -3.40214e-08 0 0 0 0 
scan  400 0 78 0 7.98475e-06 0 0 0 0 0 0 0 
scan  400 0 83 5.58512e-06 8.48853e-06 5.58512e-06 -5.93536e-08 -6.49608e-08 0 0 0 0 
scan  400 0 88 2.88434e-05 3.55986e-05 2.5784e-05 -3.31377e-07 -4.30931e-07 0 0 1.75511e-07 0 
scan  400 0 79 1.59647e-07 5.99292e-06 1.59647e-07 -3.35066e-09 -3.49099e-08 0 0 1.59647e-07 0 
scan  400 0 84 2.23822e-06 6.45583e-06 2.23822e-06 -2.33658e-08 -5.65348e-08 0 0 0 0 
scan  400 0 89 1.31497e-05 2.78971e-05 1.29726e-05 -1.37276e-07 -1.69081e-07 0 0 1.75511e-07 0 
scan  400 0 45 1.14971e-06 7.14129e-06 1.14971e-06 -1.20024e-08 -1.74984e-07 0 0 0 0 
scan  400 0 50 0 7.98475e-06 0 0 0 0 0 0 0 
scan  400 0 55 0 7.98475e-06 0 0 0 0 0 0 0 
scan  400 0 46 4.80156e-06 6.24503e-06 4.6434e-06 -1.02095e-07 -9.72583e-07 0 0 0 0 
scan  400 0 51 1.69742e-07 5.99107e-06 1.69742e-07 -1.77468e-09 -3.52508e-08 0 0 0 0 
scan  400 0 56 2.02409e-06 6.65371e-06 2.02409e-06 -2.11304e-08 -4.63292e-07 0 0 0 0 
scan  400 0 47 5.73494e-06 8.60357e-06 5.56511e-06 -6.11983e-08 -1.9709e-07 0 0 0 0 
scan  400 0 52 2.79327e-06 6.65957e-06 2.29358e-06 -3.28635e-08 -2.61256e-07 0 0 0 0 
scan  400 0 57 1.73228e-05 1.5923e-05 1.49247e-05 -4.4544e-07 -1.10188e-06 0 0 0 0 
scan  400 0 48 0 7.98475e-06 0 0 0 0 0 0 0 
scan  400 0 53 0 7.98475e-06 0 0 0 0 0 0 0 
scan  400 0 58 9.39332e-06 7.57511e-06 4.55516e-06 -1.73738e-07 -9.00876e-07 0 0 0 0 
scan  400 0 49 7.70714e-06 8.32904e-06 7.15201e-06 -1.45254e-07 -1.50382e-06 0 0 0 0 
scan  400 0 54 2.98318e-06 6.74344e-06 2.98318e-06 -6.26109e-08 -5.93188e-07 0 0 0 0 
scan  400 0 59 3.98694e-06 7.07431e-06 3.18016e-06 -8.36832e-08 -8.40695e-07 0 0 0 0 
scan  400 0 165 1.49795e-05 9.16268e-06 8.78425e-06 -1.56406e-07 -2.76553e-07 -1.49795e-06 0 1.75994e-07 0 
scan  400 0 170 0 3.99238e-06 0 0 0 0 0 0 0 
scan  400 0 175 0 3.99961e-06 0 0 0 0 0 0 0 
scan  400 0 166 8.26858e-06 7.91939e-06 7.58456e-06 -8.8416e-08 -6.10673e-08 -8.26858e-07 0 -1.75994e-07 0 
scan  400 0 171 1.714e-07 2.00484e-06 1.714e-07 -1.78932e-09 -1.52401e-08 -1.714e-08 0 0 0 
scan  400 0 176 4.5504e-05 3.05876e-05 2.86899e-05 -4.75039e-07 -5.70835e-07 -4.5504e-06 0 1.75992e-07 0 
scan  400 0 167 1.27025e-06 1.26089e-06 1.10832e-06 -1.32608e-08 -6.8089e-09 -1.27025e-07 0 0 0 
scan  400 0 172 0 4.04136e-06 0 0 0 0 0 0 0 
scan  400 0 177 1.92668e-05 1.39283e-05 1.07564e-05 -2.20914e-07 -1.11015e-06 -1.92668e-06 0 1.75992e-07 0 
scan  400 0 168 3.57024e-06 4.17166e-06 3.57024e-06 -3.72714e-08 -1.91371e-08 -3.57024e-07 0 0 0 
scan  400 0 173 5.27971e-07 2.058e-06 3.04824e-07 -5.51174e-09 -2.84215e-09 -5.27971e-08 0 -1.75994e-07 0 
scan  400 0 178 2.45429e-06 6.70541e-06 1.09845e-06 -2.93831e-08 -2.11735e-08 -2.45429e-07 0 0 0 
scan  400 0 169 5.70093e-06 4.29606e-06 3.47842e-06 -5.95147e-08 -6.30454e-08 -5.70093e-07 0 0 0 
scan  400 0 174 0 3.99873e-06 0 0 0 0 0 1.75994e-07 0 
scan  400 0 179 4.39733e-05 1.88247e-05 1.71588e-05 -4.80278e-07 -4.60603e-07 -4.39733e-06 0 0 0 
scan  400 0 135 2.37478e-05 1.62358e-05 1.36576e-05 -6.60106e-07 -2.43769e-06 -2.37478e-06 0 0 0 
scan  400 0 140 0 3.99484e-06 0 0 0 0 0 0 0 
scan  400 0 145 0 3.99238e-06 0 0 0 0 0 0 0 
scan  400 0 136 6.11512e-05 3.70464e-05 3.03285e-05 -6.59326e-07 -9.48465e-06 -6.11512e-06 0 0 0 
scan  400 0 141 2.96234e-06 7.12955e-06 2.801e-06 -3.09358e-08 -5.08264e-07 -2.96234e-07 0 0 0 
scan  400 0 146 1.88374e-05 1.16709e-05 8.99839e-06 -2.17586e-07 -1.06109e-06 -1.88374e-06 0 0 0 
scan  400 0 137 2.06269e-05 1.16705e-05 1.08009e-05 -4.26404e-07 -1.6072e-07 -2.06269e-06 0 -8.04764e-07 0 
scan  400 0 142 0 3.99238e-06 0 0 0 0 0 0 0 
scan  400 0 147 1.55498e-05 9.0844e-06 8.137e-06 -2.95512e-07 -2.37229e-07 -1.55498e-06 0 1.75994e-07 0 
scan  400 0 138 5.14106e-07 4.29812e-06 2.96947e-07 -5.36699e-09 -4.3018e-08 -5.14106e-08 0 8.04764e-07 0 
scan  400 0 143 0 3.9925e-06 0 0 0 0 0 0 0 
scan  400 0 148 2.65741e-05 1.00812e-05 9.24707e-06 -3.55579e-07 -2.19663e-06 -2.65741e-06 0 1.75994e-07 0 
scan  400 0 139 0 3.99576e-06 0 0 0 0 0 0 0 
scan  400 0 144 2.91054e-06 3.86365e-06 2.75857e-06 -3.07139e-08 -5.89901e-07 -2.91054e-07 0 0 0 
scan  400 0 149 2.13274e-05 1.54607e-05 1.1461e-05 -2.35525e-07 -3.19612e-07 -2.13274e-06 0 -1.01468e-05 0 
scan  400 0 120 2.71879e-06 1.81903e-05 2.23466e-06 -3.02782e-08 -5.97573e-08 -2.71879e-07 0 0 0 
scan  400 0 125 0 1.19818e-05 0 0 0 0 0 0 0 
scan  400 0 130 1.50043e-06 1.01582e-05 1.50043e-06 -1.56637e-08 -8.0426e-09 -1.50043e-07 0 0 0 
scan  400 0 121 3.77893e-05 3.25621e-05 2.5828e-05 -6.14441e-07 -1.14686e-06 -3.77893e-06 0 0 0 
scan  400 0 126 9.60282e-07 1.00141e-05 8.08153e-07 -2.01543e-08 0 -9.60282e-08 0 0 0 
scan  400 0 131 4.1415e-06 8.42437e-06 1.90894e-06 -1.40176e-08 -4.98972e-07 -4.1415e-07 0 0 0 
scan  400 0 122 3.97388e-06 8.80107e-06 3.46697e-06 -7.97789e-08 -9.62853e-09 -3.97388e-07 0 0 0 
scan  400 0 127 2.84486e-05 2.46663e-05 2.30663e-05 -4.69905e-08 -1.83851e-06 -2.84486e-06 0 0 0 
scan  400 0 132 3.41251e-05 2.24886e-05 1.624e-05 -5.75913e-07 -2.39874e-07 -3.41251e-06 0 3.39828e-06 0 
scan  400 0 123 5.84702e-06 9.72431e-06 5.51866e-06 -6.41323e-08 -6.59887e-08 -5.84702e-07 0 0 0 
scan  400 0 128 1.26442e-06 8.11331e-06 1.10738e-06 -1.50441e-08 -5.89469e-09 -1.26442e-07 0 0 0 
scan  400 0 133 6.37629e-05 3.21045e-05 2.73472e-05 -9.70385e-07 -1.3744e-06 -6.37629e-06 0 2.20282e-06 0 
scan  400 0 124 1.14515e-06 8.05069e-06 8.22822e-07 0 -1.32144e-07 -1.14515e-07 0 0 0 
scan  400 0 129 7.84739e-07 1.00295e-05 7.84739e-07 -1.7403e-08 0 -7.84739e-08 0 0 0 
scan  400 0 134 5.34128e-05 1.87609e-05 1.69635e-05 -4.64767e-07 -1.23486e-06 -5.34128e-06 0 -5.59437e-06 0 
scan  400 0 90 9.15178e-06 7.9236e-06 4.99269e-06 -1.33463e-07 -8.14306e-07 -9.15178e-07 0 0 0 
scan  400 0 95 0 1.25913e-05 0 0 0 0 0 0 0 
scan  400 0 100 0 1.19771e-05 0 0 0 0 0 0 0 
scan  400 0 91 4.88077e-05 2.56344e-05 2.46977e-05 -9.80729e-07 -6.22918e-07 -4.88077e-06 0 0 0 
scan  400 0 96 3.04455e-05 2.33517e-05 1.5317e-05 -3.85149e-07 -2.06397e-06 -3.04455e-06 0 -5.33618e-06 0 
scan  400 0 101 9.52789e-06 8.05968e-06 5.28984e-06 -8.42303e-08 -1.8735e-07 -9.52789e-07 0 1.67477e-07 0 
scan  400 0 92 2.87149e-05 1.62724e-05 1.48201e-05 -4.51955e-07 -6.47543e-07 -2.87149e-06 0 0 0 
scan  400 0 97 1.07646e-05 9.51258e-06 6.47841e-06 -1.65015e-07 -3.80935e-07 -1.07646e-06 0 5.33618e-06 0 
scan  400 0 102 3.67489e-05 2.03606e-05 1.85779e-05 -4.80702e-07 -3.32573e-06 -3.67489e-06 0 -1.67477e-07 0 
scan  400 0 93 2.73337e-05 2.1414e-05 2.03479e-05 -7.63089e-07 -6.98036e-07 -2.73337e-06 0 0 0 
scan  400 0 98 9.86548e-07 8.02983e-06 8.33849e-07 -3.57431e-09 -1.11269e-07 -9.86548e-08 0 0 0 
scan  400 0 103 4.26392e-05 1.80847e-05 1.39727e-05 -6.21933e-07 -3.47012e-06 -4.26392e-06 0 -2.53432e-07 0 
scan  400 0 94 1.51178e-05 1.70182e-05 1.49485e-05 -3.35977e-07 -8.01214e-08 -1.51178e-06 0 0 0 
scan  400 0 99 1.78741e-07 9.98256e-06 1.78741e-07 0 -1.35626e-08 -1.78741e-08 0 0 0 
scan  400 0 104 2.63574e-05 1.26112e-05 1.1257e-05 -6.66064e-07 -4.20083e-07 -2.63574e-06 0 2.53432e-07 0 
