xsec 650 600 0.00287701
scan  650 600 30 2.43706e-06 1.44762e-06 1.07213e-06 -7.01511e-08 -3.17342e-07 0 0 -1.08302e-08 0 
scan  650 600 35 0 1.16791e-06 0 0 0 0 0 0 0 
scan  650 600 40 0 1.16791e-06 0 0 0 0 0 0 0 
scan  650 600 31 2.7874e-06 1.60852e-06 1.30358e-06 -6.90368e-08 -1.95648e-07 0 0 1.08302e-08 0 
scan  650 600 36 2.24327e-07 9.02153e-07 2.12461e-07 -3.86641e-10 -2.89765e-08 0 0 0 0 
scan  650 600 41 1.22175e-08 1.022e-06 1.22175e-08 -3.8664e-10 0 0 0 0 0 
scan  650 600 32 1.84257e-07 9.96397e-07 1.39359e-07 -1.80917e-09 -6.32983e-08 0 0 3.40276e-07 0 
scan  650 600 37 5.57768e-08 1.02325e-06 4.48216e-08 0 -1.13017e-08 0 0 -1.28309e-08 0 
scan  650 600 42 0 1.16792e-06 0 0 0 0 0 0 0 
scan  650 600 33 3.64358e-07 1.04849e-06 3.40702e-07 -2.25308e-08 0 0 0 -3.52158e-07 0 
scan  650 600 38 0 1.16803e-06 0 0 0 0 0 1.28309e-08 0 
scan  650 600 43 0 1.16791e-06 0 0 0 0 0 0 0 
scan  650 600 34 0 1.168e-06 0 0 0 0 0 1.18812e-08 0 
scan  650 600 39 0 1.16792e-06 0 0 0 0 0 0 0 
scan  650 600 44 0 1.16791e-06 0 0 0 0 0 0 0 
scan  650 600 0 0.000104191 2.35141e-05 7.40597e-06 -3.79718e-06 -2.18411e-05 0 0 -3.56273e-07 0 
scan  650 600 5 0 1.16791e-06 0 0 0 0 0 0 0 
scan  650 600 10 0 1.16791e-06 0 0 0 0 0 0 0 
scan  650 600 1 0.000118176 2.59859e-05 7.96211e-06 -3.91759e-06 -2.43817e-05 0 0 -3.994e-07 0 
scan  650 600 6 3.65744e-06 1.96391e-06 1.74193e-06 -1.25803e-07 -6.54352e-07 0 0 -1.29665e-22 0 
scan  650 600 11 0 1.16791e-06 0 0 0 0 0 0 0 
scan  650 600 2 2.24723e-05 5.45269e-06 3.28276e-06 -8.52156e-07 -3.83854e-06 0 0 -4.40635e-07 0 
scan  650 600 7 4.83614e-06 1.78659e-06 1.36037e-06 -1.47656e-07 -9.76112e-07 0 0 -1.03768e-07 0 
scan  650 600 12 1.14532e-08 1.022e-06 1.14532e-08 -5.97886e-10 0 0 0 0 0 
scan  650 600 3 1.08862e-05 3.53189e-06 2.41896e-06 -4.13793e-07 -2.23966e-06 0 0 4.13074e-07 0 
scan  650 600 8 1.24427e-06 1.29027e-06 9.40879e-07 -1.73963e-08 -5.10654e-07 0 0 3.24668e-07 0 
scan  650 600 13 2.33987e-07 6.002e-07 1.38065e-07 -7.17839e-09 -6.29364e-09 0 0 0 0 
scan  650 600 4 1.22033e-05 3.63122e-06 3.21638e-06 -4.5791e-07 -1.55514e-06 0 0 4.11859e-07 0 
scan  650 600 9 3.71252e-06 1.8215e-06 1.26495e-06 -9.77211e-08 -9.05426e-07 0 0 5.8005e-08 0 
scan  650 600 14 2.61485e-06 1.25047e-06 1.1377e-06 -7.44553e-08 -1.84671e-07 0 0 -9.32582e-09 0 
scan  650 600 15 1.00466e-05 2.86373e-06 2.08637e-06 -2.52607e-07 -1.52893e-06 0 0 -2.53575e-07 0 
scan  650 600 20 0 1.16791e-06 0 0 0 0 0 0 0 
scan  650 600 25 0 1.16791e-06 0 0 0 0 0 0 0 
scan  650 600 16 4.85932e-06 1.61691e-06 1.16327e-06 -1.12097e-07 -7.71727e-07 0 0 1.35326e-07 0 
scan  650 600 21 2.20238e-07 9.03439e-07 1.42374e-07 -7.73545e-10 -5.47195e-08 0 0 0 0 
scan  650 600 26 0 1.16791e-06 0 0 0 0 0 0 0 
scan  650 600 17 9.23576e-07 1.13574e-06 5.73514e-07 -1.28853e-08 -1.95295e-07 0 0 -6.12569e-07 0 
scan  650 600 22 1.23602e-08 1.0342e-06 1.23602e-08 0 -4.90373e-09 0 0 0 0 
scan  650 600 27 1.26264e-08 1.02206e-06 1.26264e-08 0 -3.36364e-09 0 0 0 0 
scan  650 600 18 3.56342e-07 8.27936e-07 2.7148e-07 -4.69798e-09 -9.3502e-08 0 0 1.97593e-07 0 
scan  650 600 23 2.5571e-07 1.06458e-06 2.5571e-07 -8.52352e-09 0 0 0 0 0 
scan  650 600 28 0 1.16798e-06 0 0 0 0 0 0 0 
scan  650 600 19 5.60758e-07 1.09631e-06 5.14798e-07 -1.73803e-08 -6.63475e-09 0 0 0 0 
scan  650 600 24 1.22162e-08 1.1017e-06 1.22162e-08 -3.8724e-10 0 0 0 0 0 
scan  650 600 29 1.23624e-08 1.02201e-06 1.23624e-08 0 -4.16253e-09 0 0 0 0 
scan  650 600 75 0 5.83957e-07 0 0 0 0 0 0 0 
scan  650 600 80 0 5.83957e-07 0 0 0 0 0 0 0 
scan  650 600 85 0 5.83957e-07 0 0 0 0 0 0 0 
scan  650 600 76 0 5.83957e-07 0 0 0 0 0 0 0 
scan  650 600 81 0 5.83957e-07 0 0 0 0 0 0 0 
scan  650 600 86 0 5.83957e-07 0 0 0 0 0 0 0 
scan  650 600 77 0 5.83957e-07 0 0 0 0 0 0 0 
scan  650 600 82 0 5.83957e-07 0 0 0 0 0 0 0 
scan  650 600 87 0 5.83957e-07 0 0 0 0 0 0 0 
scan  650 600 78 0 5.83957e-07 0 0 0 0 0 0 0 
scan  650 600 83 0 5.83957e-07 0 0 0 0 0 0 0 
scan  650 600 88 0 5.83957e-07 0 0 0 0 0 0 0 
scan  650 600 79 0 5.83957e-07 0 0 0 0 0 0 0 
scan  650 600 84 0 5.83957e-07 0 0 0 0 0 0 0 
scan  650 600 89 0 5.83957e-07 0 0 0 0 0 0 0 
scan  650 600 45 4.45712e-07 5.81359e-07 3.477e-07 -7.89547e-09 -1.5855e-07 0 0 0 0 
scan  650 600 50 0 5.83957e-07 0 0 0 0 0 0 0 
scan  650 600 55 0 5.83957e-07 0 0 0 0 0 0 0 
scan  650 600 46 2.02647e-08 4.38267e-07 1.43381e-08 -1.02963e-09 -4.31708e-09 0 0 0 0 
scan  650 600 51 0 5.83957e-07 0 0 0 0 0 0 0 
scan  650 600 56 0 5.83957e-07 0 0 0 0 0 0 0 
scan  650 600 47 0 5.83961e-07 0 0 0 0 0 0 0 
scan  650 600 52 0 5.83957e-07 0 0 0 0 0 0 0 
scan  650 600 57 0 5.83957e-07 0 0 0 0 0 0 0 
scan  650 600 48 0 5.83957e-07 0 0 0 0 0 0 0 
scan  650 600 53 0 5.83957e-07 0 0 0 0 0 0 0 
scan  650 600 58 0 5.83957e-07 0 0 0 0 0 0 0 
scan  650 600 49 0 5.83957e-07 0 0 0 0 0 0 0 
scan  650 600 54 0 5.83957e-07 0 0 0 0 0 0 0 
scan  650 600 59 0 5.83957e-07 0 0 0 0 0 0 0 
scan  650 600 165 0 2.91979e-07 0 0 0 0 0 0 0 
scan  650 600 170 0 2.91979e-07 0 0 0 0 0 0 0 
scan  650 600 175 0 2.91979e-07 0 0 0 0 0 0 0 
scan  650 600 166 0 2.91979e-07 0 0 0 0 0 0 0 
scan  650 600 171 0 2.91979e-07 0 0 0 0 0 0 0 
scan  650 600 176 0 2.91979e-07 0 0 0 0 0 0 0 
scan  650 600 167 0 2.91979e-07 0 0 0 0 0 0 0 
scan  650 600 172 0 2.91979e-07 0 0 0 0 0 0 0 
scan  650 600 177 0 2.91979e-07 0 0 0 0 0 0 0 
scan  650 600 168 0 2.91979e-07 0 0 0 0 0 0 0 
scan  650 600 173 0 2.91979e-07 0 0 0 0 0 0 0 
scan  650 600 178 0 2.91979e-07 0 0 0 0 0 0 0 
scan  650 600 169 0 2.91979e-07 0 0 0 0 0 0 0 
scan  650 600 174 0 2.91979e-07 0 0 0 0 0 0 0 
scan  650 600 179 0 2.91979e-07 0 0 0 0 0 0 0 
scan  650 600 135 6.64829e-07 6.54951e-07 6.3404e-07 -2.22873e-08 -2.68556e-08 -6.64829e-08 0 0 0 
scan  650 600 140 0 2.91979e-07 0 0 0 0 0 0 0 
scan  650 600 145 0 2.91979e-07 0 0 0 0 0 0 0 
scan  650 600 136 2.07142e-07 2.04117e-07 1.32386e-07 -2.96795e-09 -3.43939e-08 -2.07142e-08 0 0 0 
scan  650 600 141 4.83791e-07 5.18901e-07 4.83791e-07 -5.05053e-09 -1.07357e-07 -4.83791e-08 0 0 0 
scan  650 600 146 0 2.91979e-07 0 0 0 0 0 0 0 
scan  650 600 137 3.49824e-07 3.40905e-07 3.00979e-07 -3.78463e-09 -4.47155e-08 -3.49824e-08 0 0 0 
scan  650 600 142 0 2.91979e-07 0 0 0 0 0 0 0 
scan  650 600 147 0 2.91979e-07 0 0 0 0 0 0 0 
scan  650 600 138 0 2.91979e-07 0 0 0 0 0 0 0 
scan  650 600 143 2.20591e-07 2.68883e-07 2.20591e-07 -4.29102e-09 -4.26592e-08 -2.20591e-08 0 0 0 
scan  650 600 148 0 2.91979e-07 0 0 0 0 0 0 0 
scan  650 600 139 0 2.91979e-07 0 0 0 0 0 0 0 
scan  650 600 144 0 2.91979e-07 0 0 0 0 0 0 0 
scan  650 600 149 0 2.91979e-07 0 0 0 0 0 0 0 
scan  650 600 120 0 8.75936e-07 0 0 0 0 0 0 0 
scan  650 600 125 0 8.75936e-07 0 0 0 0 0 0 0 
scan  650 600 130 0 8.75936e-07 0 0 0 0 0 0 0 
scan  650 600 121 0 8.75936e-07 0 0 0 0 0 0 0 
scan  650 600 126 0 8.75936e-07 0 0 0 0 0 0 0 
scan  650 600 131 0 8.75936e-07 0 0 0 0 0 0 0 
scan  650 600 122 0 8.75936e-07 0 0 0 0 0 0 0 
scan  650 600 127 0 8.75936e-07 0 0 0 0 0 0 0 
scan  650 600 132 0 8.75936e-07 0 0 0 0 0 0 0 
scan  650 600 123 0 8.75936e-07 0 0 0 0 0 0 0 
scan  650 600 128 0 8.75936e-07 0 0 0 0 0 0 0 
scan  650 600 133 0 8.75936e-07 0 0 0 0 0 0 0 
scan  650 600 124 0 8.75936e-07 0 0 0 0 0 0 0 
scan  650 600 129 0 8.75936e-07 0 0 0 0 0 0 0 
scan  650 600 134 0 8.75936e-07 0 0 0 0 0 0 0 
scan  650 600 90 2.10075e-06 1.04931e-06 8.08703e-07 -5.98311e-08 -2.1572e-07 -2.10075e-07 0 1.27815e-07 0 
scan  650 600 95 0 8.75936e-07 0 0 0 0 0 0 0 
scan  650 600 100 0 8.75936e-07 0 0 0 0 0 0 0 
scan  650 600 91 1.90272e-06 1.61598e-06 1.49962e-06 -3.88668e-08 -8.97357e-08 -1.90272e-07 0 -1.27815e-07 0 
scan  650 600 96 0 8.75936e-07 0 0 0 0 0 0 0 
scan  650 600 101 0 8.75936e-07 0 0 0 0 0 0 0 
scan  650 600 92 0 8.77736e-07 0 0 0 0 0 1.0946e-08 0 
scan  650 600 97 0 8.75936e-07 0 0 0 0 0 0 0 
scan  650 600 102 0 8.75936e-07 0 0 0 0 0 0 0 
scan  650 600 93 1.43764e-07 6.02039e-07 1.33268e-07 -1.15537e-10 -5.77874e-08 -1.43764e-08 0 1.0946e-08 0 
scan  650 600 98 0 8.75936e-07 0 0 0 0 0 0 0 
scan  650 600 103 0 8.75936e-07 0 0 0 0 0 0 0 
scan  650 600 94 1.23638e-08 7.30157e-07 1.23638e-08 -2.73107e-10 0 -1.23638e-09 0 1.23638e-08 0 
scan  650 600 99 0 8.75936e-07 0 0 0 0 0 0 0 
scan  650 600 104 0 8.75936e-07 0 0 0 0 0 0 0 
