xsec 450 350 0.0217971
scan  450 350 30 2.77052e-05 1.27936e-05 1.03645e-05 -6.86382e-07 -2.01281e-06 0 0 -1.59842e-07 0 
scan  450 350 35 3.18607e-07 7.73525e-06 3.18607e-07 0 -4.01715e-08 0 0 0 0 
scan  450 350 40 0 8.83098e-06 0 0 0 0 0 0 0 
scan  450 350 31 6.26648e-05 1.9059e-05 1.52305e-05 -1.41544e-06 -5.00942e-06 0 0 1.57826e-06 0 
scan  450 350 36 1.88272e-05 9.73613e-06 6.99342e-06 -3.22498e-07 -1.53528e-06 0 0 -1.08168e-06 0 
scan  450 350 41 2.91202e-06 6.90702e-06 1.89428e-06 -8.92309e-08 -1.27297e-08 0 0 0 0 
scan  450 350 32 1.32593e-05 8.41657e-06 7.06021e-06 -3.91035e-07 -7.98188e-07 0 0 0 0 
scan  450 350 37 8.29686e-06 7.58727e-06 3.05772e-06 -1.34863e-07 -9.60549e-07 0 0 4.49332e-07 0 
scan  450 350 42 1.13051e-05 8.52071e-06 4.69736e-06 -6.35667e-08 -1.60012e-06 0 0 1.96087e-21 0 
scan  450 350 33 2.6512e-06 3.80561e-06 1.40547e-06 -5.18777e-08 -4.60131e-07 0 0 -1.03774e-06 0 
scan  450 350 38 1.45242e-06 6.72084e-06 8.49097e-07 -1.39759e-08 -4.25998e-07 0 0 6.32351e-07 0 
scan  450 350 43 1.04844e-05 1.0463e-05 7.93978e-06 -2.57306e-07 -5.44503e-07 0 0 0 0 
scan  450 350 34 5.36524e-07 6.77767e-06 4.4995e-07 -1.52718e-08 -2.16019e-08 0 0 1.03774e-06 0 
scan  450 350 39 5.33696e-07 7.75284e-06 4.50885e-07 -1.69393e-08 0 0 0 0 0 
scan  450 350 44 1.67576e-06 6.72871e-06 1.18494e-06 -5.30506e-08 0 0 0 0 0 
scan  450 350 0 0.000454107 9.82557e-05 4.21018e-05 -7.64953e-06 -8.2352e-05 0 0 -1.28638e-05 0 
scan  450 350 5 6.21559e-06 6.25517e-06 4.05348e-06 -3.10199e-08 -1.53278e-06 0 0 -6.17514e-07 0 
scan  450 350 10 0 8.83098e-06 0 0 0 0 0 0 0 
scan  450 350 1 0.000884805 0.00012702 7.0096e-05 -2.04492e-05 -0.000103522 0 0 8.10384e-06 0 
scan  450 350 6 0.000186485 4.20317e-05 3.20711e-05 -3.89195e-06 -2.47466e-05 0 0 7.25348e-06 0 
scan  450 350 11 5.08736e-05 2.03471e-05 1.36993e-05 -1.37919e-06 -2.85194e-06 0 0 8.22379e-07 0 
scan  450 350 2 0.000410182 7.3621e-05 4.17293e-05 -6.8947e-06 -5.91076e-05 0 0 1.16155e-05 0 
scan  450 350 7 0.000224697 4.71794e-05 3.49281e-05 -4.23884e-06 -2.97896e-05 0 0 -8.73677e-06 0 
scan  450 350 12 0.000108466 3.00064e-05 2.63104e-05 -2.31202e-06 -1.32293e-05 0 0 7.06004e-07 0 
scan  450 350 3 8.7796e-05 1.94384e-05 1.53225e-05 -1.72765e-06 -6.72112e-06 0 0 3.35314e-06 0 
scan  450 350 8 3.61304e-05 1.04991e-05 7.80103e-06 -7.23777e-07 -3.75749e-06 0 0 3.28285e-06 0 
scan  450 350 13 2.08889e-05 1.34859e-05 5.99507e-06 -4.68238e-07 -2.4763e-06 0 0 5.69186e-06 0 
scan  450 350 4 3.97166e-05 1.65045e-05 1.19197e-05 -7.25146e-07 -7.01398e-06 0 0 2.77296e-06 0 
scan  450 350 9 2.38476e-05 1.10641e-05 1.05379e-05 -3.97056e-07 -2.10966e-06 0 0 8.55411e-07 0 
scan  450 350 14 5.49835e-05 2.29016e-05 2.13792e-05 -1.14774e-06 -7.22319e-06 0 0 3.32403e-06 0 
scan  450 350 15 0.000917793 0.000138824 7.2646e-05 -1.87204e-05 -0.000116564 0 0 -5.12575e-06 0 
scan  450 350 20 1.66274e-05 1.16495e-05 9.32128e-06 -4.44655e-07 -2.67911e-07 0 0 -4.22248e-07 0 
scan  450 350 25 1.14064e-06 7.86668e-06 1.14064e-06 0 -2.06817e-07 0 0 0 0 
scan  450 350 16 0.000911697 0.000164373 6.37162e-05 -1.70602e-05 -0.000149748 0 0 1.54737e-05 0 
scan  450 350 21 0.000123848 3.1812e-05 1.98203e-05 -2.40683e-06 -1.49818e-05 0 0 5.98685e-06 0 
scan  450 350 26 1.45661e-05 6.60384e-06 4.60276e-06 -4.29027e-07 -1.09348e-06 0 0 -2.50764e-06 0 
scan  450 350 17 0.000336677 5.98486e-05 4.03103e-05 -7.70181e-06 -3.98118e-05 0 0 -1.0412e-05 0 
scan  450 350 22 0.000107978 3.11176e-05 2.07594e-05 -2.28683e-06 -1.22797e-05 0 0 -5.5801e-06 0 
scan  450 350 27 9.44982e-05 2.86341e-05 2.6448e-05 -2.18912e-06 -5.64235e-06 0 0 2.31749e-06 0 
scan  450 350 18 9.83143e-05 2.68836e-05 2.34589e-05 -1.95532e-06 -1.21861e-05 0 0 1.54156e-06 0 
scan  450 350 23 3.15089e-05 1.40158e-05 1.04546e-05 -5.61561e-07 -6.49544e-06 0 0 3.20947e-06 0 
scan  450 350 28 4.69568e-05 1.79651e-05 1.48551e-05 -4.9518e-07 -7.62946e-06 0 0 -3.43713e-07 0 
scan  450 350 19 3.44145e-05 9.99987e-06 8.59453e-06 -6.69975e-07 -4.49312e-06 0 0 2.10584e-06 0 
scan  450 350 24 1.79332e-05 9.1875e-06 7.30798e-06 -1.66599e-07 -4.61701e-06 0 0 2.17205e-06 0 
scan  450 350 29 3.87434e-05 1.66449e-05 1.54896e-05 -7.03756e-07 -5.23941e-06 0 0 -9.4657e-09 0 
scan  450 350 75 0 4.41549e-06 0 0 0 0 0 0 0 
scan  450 350 80 0 4.41549e-06 0 0 0 0 0 0 0 
scan  450 350 85 0 4.41549e-06 0 0 0 0 0 0 0 
scan  450 350 76 0 4.41549e-06 0 0 0 0 0 0 0 
scan  450 350 81 0 4.41549e-06 0 0 0 0 0 0 0 
scan  450 350 86 0 4.41549e-06 0 0 0 0 0 0 0 
scan  450 350 77 0 4.41549e-06 0 0 0 0 0 0 0 
scan  450 350 82 0 4.41549e-06 0 0 0 0 0 0 0 
scan  450 350 87 0 4.41549e-06 0 0 0 0 0 0 0 
scan  450 350 78 0 4.41549e-06 0 0 0 0 0 0 0 
scan  450 350 83 0 4.41549e-06 0 0 0 0 0 0 0 
scan  450 350 88 0 4.41549e-06 0 0 0 0 0 0 0 
scan  450 350 79 0 4.41549e-06 0 0 0 0 0 0 0 
scan  450 350 84 0 4.41549e-06 0 0 0 0 0 0 0 
scan  450 350 89 0 4.41549e-06 0 0 0 0 0 0 0 
scan  450 350 45 1.59967e-05 7.52969e-06 5.44445e-06 -3.69383e-07 -3.6188e-06 0 0 8.30139e-08 0 
scan  450 350 50 0 4.43245e-06 0 0 0 0 0 9.05238e-08 0 
scan  450 350 55 0 4.41549e-06 0 0 0 0 0 0 0 
scan  450 350 46 1.03856e-05 8.51233e-06 7.32316e-06 -2.10346e-07 -2.25796e-06 0 0 -9.61598e-07 0 
scan  450 350 51 5.08723e-06 5.15539e-06 3.71286e-06 -6.72125e-08 -1.19884e-06 0 0 9.05238e-08 0 
scan  450 350 56 0 4.41549e-06 0 0 0 0 0 0 0 
scan  450 350 47 0 4.55657e-06 0 0 0 0 0 1.04461e-06 0 
scan  450 350 52 0 4.41549e-06 0 0 0 0 0 0 0 
scan  450 350 57 3.66961e-07 3.33271e-06 3.66961e-07 -1.41056e-08 -7.26778e-08 0 0 0 0 
scan  450 350 48 0 4.41549e-06 0 0 0 0 0 0 0 
scan  450 350 53 0 4.41549e-06 0 0 0 0 0 0 0 
scan  450 350 58 0 4.41549e-06 0 0 0 0 0 0 0 
scan  450 350 49 9.35588e-08 3.31294e-06 9.35588e-08 -2.36096e-09 -6.00395e-09 0 0 0 0 
scan  450 350 54 0 4.41549e-06 0 0 0 0 0 0 0 
scan  450 350 59 0 4.41549e-06 0 0 0 0 0 0 0 
scan  450 350 165 0 2.20774e-06 0 0 0 0 0 0 0 
scan  450 350 170 0 2.20774e-06 0 0 0 0 0 0 0 
scan  450 350 175 0 2.20774e-06 0 0 0 0 0 0 0 
scan  450 350 166 9.38304e-08 1.10859e-06 9.38304e-08 -9.7954e-10 -1.18296e-08 -9.38304e-09 0 0 0 
scan  450 350 171 0 2.20774e-06 0 0 0 0 0 0 0 
scan  450 350 176 0 2.20774e-06 0 0 0 0 0 0 0 
scan  450 350 167 0 2.20774e-06 0 0 0 0 0 0 0 
scan  450 350 172 0 2.20806e-06 0 0 0 0 0 0 0 
scan  450 350 177 0 2.20774e-06 0 0 0 0 0 0 0 
scan  450 350 168 0 2.20774e-06 0 0 0 0 0 0 0 
scan  450 350 173 0 2.20774e-06 0 0 0 0 0 0 0 
scan  450 350 178 0 2.20774e-06 0 0 0 0 0 0 0 
scan  450 350 169 0 2.20774e-06 0 0 0 0 0 0 0 
scan  450 350 174 0 2.20774e-06 0 0 0 0 0 0 0 
scan  450 350 179 0 2.20774e-06 0 0 0 0 0 0 0 
scan  450 350 135 1.31652e-05 4.92076e-06 3.88413e-06 -1.99221e-07 -1.54405e-06 -1.31652e-06 0 1.84061e-07 0 
scan  450 350 140 0 2.20782e-06 0 0 0 0 0 0 0 
scan  450 350 145 0 2.20774e-06 0 0 0 0 0 0 0 
scan  450 350 136 1.28022e-05 6.11608e-06 5.36295e-06 -1.40216e-07 -2.06772e-06 -1.28022e-06 0 -1.84061e-07 0 
scan  450 350 141 1.5309e-06 1.58078e-06 1.1022e-06 -4.12735e-08 -4.0327e-08 -1.5309e-07 0 0 0 
scan  450 350 146 1.26519e-06 1.71204e-06 1.26519e-06 -1.32079e-08 -1.83445e-07 -1.26519e-07 0 0 0 
scan  450 350 137 1.06288e-05 7.21106e-06 6.90755e-06 -1.53957e-07 -9.28155e-07 -1.06288e-06 0 0 0 
scan  450 350 142 7.79783e-08 1.10679e-06 7.79783e-08 -2.51139e-09 -7.93753e-09 -7.79783e-09 0 0 0 
scan  450 350 147 1.92189e-07 1.11392e-06 1.3591e-07 -2.00812e-09 -8.76457e-09 -1.92189e-08 0 0 0 
scan  450 350 138 8.5705e-08 1.10758e-06 8.5705e-08 -9.04984e-10 -1.88249e-08 -8.5705e-09 0 0 0 
scan  450 350 143 0 3.84658e-06 0 0 0 0 0 0 0 
scan  450 350 148 0 2.20801e-06 0 0 0 0 0 0 0 
scan  450 350 139 0 2.20774e-06 0 0 0 0 0 0 0 
scan  450 350 144 0 2.20774e-06 0 0 0 0 0 0 0 
scan  450 350 149 4.18416e-06 4.59161e-06 3.26385e-06 -1.07031e-07 -5.67138e-07 -4.18416e-07 0 0 0 
scan  450 350 120 0 6.62323e-06 0 0 0 0 0 0 0 
scan  450 350 125 0 6.62323e-06 0 0 0 0 0 0 0 
scan  450 350 130 0 6.62323e-06 0 0 0 0 0 0 0 
scan  450 350 121 0 6.62323e-06 0 0 0 0 0 0 0 
scan  450 350 126 0 6.62323e-06 0 0 0 0 0 0 0 
scan  450 350 131 0 6.62323e-06 0 0 0 0 0 0 0 
scan  450 350 122 0 6.62323e-06 0 0 0 0 0 0 0 
scan  450 350 127 0 6.62323e-06 0 0 0 0 0 0 0 
scan  450 350 132 0 6.62323e-06 0 0 0 0 0 0 0 
scan  450 350 123 0 6.62323e-06 0 0 0 0 0 0 0 
scan  450 350 128 0 6.62323e-06 0 0 0 0 0 0 0 
scan  450 350 133 0 6.62323e-06 0 0 0 0 0 0 0 
scan  450 350 124 0 6.62323e-06 0 0 0 0 0 0 0 
scan  450 350 129 0 6.62323e-06 0 0 0 0 0 0 0 
scan  450 350 134 0 6.62323e-06 0 0 0 0 0 0 0 
scan  450 350 90 3.58342e-05 1.30564e-05 9.58015e-06 -6.00133e-07 -4.83477e-06 -3.58342e-06 0 1.96087e-21 0 
scan  450 350 95 1.00266e-07 5.52061e-06 1.00266e-07 0 -2.4884e-09 -1.00266e-08 0 0 0 
scan  450 350 100 0 6.62323e-06 0 0 0 0 0 0 0 
scan  450 350 91 6.36195e-05 2.2501e-05 1.99858e-05 -9.68187e-07 -5.7305e-06 -6.36195e-06 0 0 0 
scan  450 350 96 5.12773e-06 5.47251e-06 2.99546e-06 -7.02778e-08 -7.80654e-07 -5.12773e-07 0 0 0 
scan  450 350 101 5.99532e-07 5.5523e-06 5.99532e-07 -1.25883e-08 0 -5.99532e-08 0 0 0 
scan  450 350 92 9.76908e-06 1.13759e-05 7.61769e-06 -3.13522e-08 -2.08511e-06 -9.76908e-07 0 0 0 
scan  450 350 97 5.93853e-06 6.34317e-06 4.01489e-06 -1.01018e-07 -4.49042e-07 -5.93853e-07 0 0 0 
scan  450 350 102 9.65306e-08 5.55906e-06 9.65306e-08 -1.00773e-09 -2.88126e-09 -9.65306e-09 0 0 0 
scan  450 350 93 5.76389e-06 5.38353e-06 3.56417e-06 -9.86757e-08 -5.72232e-07 -5.76389e-07 0 -4.19072e-07 0 
scan  450 350 98 0 6.62323e-06 0 0 0 0 0 0 0 
scan  450 350 103 1.13184e-06 4.53773e-06 1.03927e-06 -4.01321e-08 -1.56609e-09 -1.13184e-07 0 0 0 
scan  450 350 94 8.69901e-08 5.52016e-06 8.69901e-08 -3.66746e-09 0 -8.69901e-09 0 0 0 
scan  450 350 99 1.15011e-05 1.30622e-05 1.15011e-05 -1.23503e-07 -2.55827e-06 -1.15011e-06 0 0 0 
scan  450 350 104 1.6134e-06 4.68909e-06 1.53868e-06 -1.6043e-08 -3.11864e-07 -1.6134e-07 0 0 0 
