xsec 250 0 0.317895
scan  250 0 30 0.00757124 0.000839219 0.000708403 -0.000141694 -0.000386425 0 0 -0.000146955 0 
scan  250 0 35 0.00101125 0.000209806 0.000197294 -1.53337e-05 -3.93619e-05 0 0 2.05033e-05 0 
scan  250 0 40 0.000277602 0.000165027 0.000143334 -7.02202e-06 -6.44666e-06 0 0 3.63502e-05 0 
scan  250 0 31 0.00969276 0.00108193 0.000808085 -0.000163672 -0.000622834 0 0 0.000113466 0 
scan  250 0 36 0.00386736 0.000531145 0.000488718 -6.43498e-05 -0.000158738 0 0 1.85578e-06 0 
scan  250 0 41 0.00526283 0.000715923 0.000594894 -9.49372e-05 -0.000137681 0 0 3.40486e-05 0 
scan  250 0 32 0.00470274 0.000783268 0.000550831 -8.91841e-05 -0.000223407 0 0 -7.40538e-05 0 
scan  250 0 37 0.00347937 0.000648971 0.000525695 -6.43818e-05 -0.000154764 0 0 -1.4663e-05 0 
scan  250 0 42 0.00974669 0.00101118 0.000891912 -0.000171583 -0.000339415 0 0 4.25798e-05 0 
scan  250 0 33 0.00301853 0.000574403 0.000451659 -5.5812e-05 -0.000245196 0 0 0.000100179 0 
scan  250 0 38 0.000706351 0.000317865 0.000144121 -1.27479e-05 -3.6722e-05 0 0 5.71532e-06 0 
scan  250 0 43 0.00624442 0.000959327 0.000694372 -0.000107995 -0.000294524 0 0 -0.000183617 0 
scan  250 0 34 0.00225201 0.000400739 0.000376683 -4.5702e-05 -8.73459e-05 0 0 1.77325e-05 0 
scan  250 0 39 0.000894787 0.00022946 0.000206516 -1.38025e-05 -6.23984e-05 0 0 -4.47012e-06 0 
scan  250 0 44 0.003436 0.000466763 0.000411145 -4.88984e-05 -0.000193289 0 0 -2.73509e-05 0 
scan  250 0 0 0.00137302 0.000341817 0.000319592 -3.20879e-05 -6.36379e-05 0 0 -7.69225e-05 0 
scan  250 0 5 0.000228644 0.000163916 0.000125066 -6.68472e-06 -4.22449e-06 0 0 -5.21596e-08 0 
scan  250 0 10 7.83335e-05 0.000129334 6.24175e-05 -1.64406e-06 -4.19875e-07 0 0 -1.39166e-06 0 
scan  250 0 1 0.00172258 0.00046806 0.000379885 -3.32617e-05 -0.000182254 0 0 0.000128185 0 
scan  250 0 6 0.00078988 0.000287279 0.000224659 -1.54855e-05 -6.18818e-05 0 0 0.000140767 0 
scan  250 0 11 0.000562952 0.000317714 0.000151206 -1.20967e-05 -3.85962e-05 0 0 1.39166e-06 0 
scan  250 0 2 0.00147718 0.000425954 0.000408259 -2.78576e-05 -5.3664e-05 0 0 -5.12705e-05 0 
scan  250 0 7 0.000899553 0.000278695 0.000213532 -1.07687e-05 -9.14792e-05 0 0 0.000139333 0 
scan  250 0 12 0.00210587 0.000527543 0.000383795 -3.95427e-05 -0.000169884 0 0 -9.42188e-05 0 
scan  250 0 3 0.000253554 8.22337e-05 6.40629e-05 -5.21445e-06 -1.57548e-05 0 0 -6.82368e-06 0 
scan  250 0 8 0.000300485 0.000137201 0.00011025 -4.38218e-06 -3.02927e-05 0 0 2.77425e-06 0 
scan  250 0 13 0.00196191 0.000434273 0.000395614 -4.6395e-05 -8.22401e-05 0 0 0.000102067 0 
scan  250 0 4 0.000153292 6.25082e-05 5.12642e-05 -3.54601e-06 -1.17432e-05 0 0 9.5184e-06 0 
scan  250 0 9 0.000183205 0.000105122 6.5757e-05 -2.98538e-06 -1.1562e-05 0 0 1.39232e-06 0 
scan  250 0 14 0.00134732 0.000348784 0.000304792 -2.0752e-05 -0.000158237 0 0 -5.05586e-06 0 
scan  250 0 15 0.00171854 0.000460019 0.000361617 -4.35067e-05 -7.55742e-05 0 0 6.54297e-06 0 
scan  250 0 20 0.000228384 0.000172288 0.000149063 -2.36446e-06 -2.19523e-05 0 0 2.22751e-05 0 
scan  250 0 25 1.32229e-05 0.000113645 1.19517e-05 -4.18457e-07 0 0 0 0 0 
scan  250 0 16 0.00190681 0.000498047 0.000370129 -4.10543e-05 -0.000186824 0 0 -6.54297e-06 0 
scan  250 0 21 0.00103239 0.000330611 0.000293887 -1.31686e-05 -7.56483e-05 0 0 0.000112531 0 
scan  250 0 26 0.00097751 0.000361777 0.000324618 -1.11606e-05 -7.33595e-05 0 0 8.47184e-05 0 
scan  250 0 17 0.00133298 0.000334612 0.000305111 -3.22036e-05 -6.60023e-05 0 0 -4.06073e-05 0 
scan  250 0 22 0.000844463 0.000220371 0.000178119 -1.89544e-05 -5.53907e-05 0 0 -9.16035e-05 0 
scan  250 0 27 0.00244832 0.000541197 0.000438751 -4.22217e-05 -0.000140939 0 0 -0.000127048 0 
scan  250 0 18 0.000569017 0.000267088 0.000217493 -1.62116e-05 -2.73226e-05 0 0 -1.12751e-05 0 
scan  250 0 23 0.000489978 0.000268521 0.000261509 -7.23266e-06 -4.13153e-05 0 0 1.34736e-06 0 
scan  250 0 28 0.00218856 0.000383215 0.000359377 -4.71772e-05 -0.000114749 0 0 3.44876e-05 0 
scan  250 0 19 0.00048275 0.000215824 0.000196976 -5.64513e-06 -3.38525e-05 0 0 6.24624e-05 0 
scan  250 0 24 0.000159689 0.000106703 7.33115e-05 -1.15889e-06 -2.6185e-05 0 0 6.12041e-05 0 
scan  250 0 29 0.00165098 0.000444462 0.000413405 -3.03095e-05 -0.000103658 0 0 7.84157e-06 0 
scan  250 0 75 7.58141e-05 8.99059e-05 7.58141e-05 -7.91459e-07 -1.69708e-06 0 0 0 0 
scan  250 0 80 0 6.43837e-05 0 0 0 0 0 0 0 
scan  250 0 85 0 6.43837e-05 0 0 0 0 0 0 0 
scan  250 0 76 1.19258e-05 4.97589e-05 1.19258e-05 -2.50299e-07 -1.39797e-06 0 0 0 0 
scan  250 0 81 1.43559e-06 4.83123e-05 1.43559e-06 -1.49868e-08 -2.38425e-08 0 0 0 0 
scan  250 0 86 9.80464e-06 3.33797e-05 8.5338e-06 -1.91182e-07 -1.08556e-06 0 0 0 0 
scan  250 0 77 2.96499e-05 6.3956e-05 2.96499e-05 -6.25572e-07 -1.58919e-07 0 0 -2.96499e-05 0 
scan  250 0 82 0 6.43837e-05 0 0 0 0 0 0 0 
scan  250 0 87 1.40615e-06 4.83214e-05 1.40615e-06 -1.46794e-08 -1.48583e-07 0 0 0 0 
scan  250 0 78 5.70965e-06 4.86423e-05 5.70965e-06 -5.96058e-08 -1.32819e-06 0 0 0 0 
scan  250 0 83 0 6.43837e-05 0 0 0 0 0 0 0 
scan  250 0 88 6.61123e-06 4.87393e-05 6.61123e-06 -6.90177e-08 -3.10375e-07 0 0 0 0 
scan  250 0 79 0 6.43837e-05 0 0 0 0 0 0 0 
scan  250 0 84 0 6.43837e-05 0 0 0 0 0 0 0 
scan  250 0 89 0 6.43837e-05 0 0 0 0 0 0 0 
scan  250 0 45 6.63335e-05 4.8619e-05 3.50217e-05 -1.8768e-06 -9.35652e-06 0 0 0 0 
scan  250 0 50 6.07418e-06 4.86992e-05 6.07418e-06 -1.27864e-07 -1.22951e-06 0 0 0 0 
scan  250 0 55 0 6.43837e-05 0 0 0 0 0 0 0 
scan  250 0 46 2.68272e-05 4.33442e-05 1.96308e-05 -6.09139e-07 -4.71725e-06 0 0 0 0 
scan  250 0 51 4.80095e-05 6.3155e-05 3.10182e-05 -7.17007e-07 -9.67021e-06 0 0 0 0 
scan  250 0 56 1.98749e-05 5.20412e-05 1.74967e-05 -2.34133e-07 -3.66077e-07 0 0 1.30337e-06 0 
scan  250 0 47 5.11761e-05 4.54749e-05 2.86451e-05 -1.47511e-06 -1.04566e-05 0 0 0 0 
scan  250 0 52 8.11251e-06 3.39945e-05 7.04071e-06 -1.88199e-07 -1.46355e-06 0 0 -6.94288e-06 0 
scan  250 0 57 2.46573e-05 3.63214e-05 1.60781e-05 -3.38594e-07 -4.49781e-06 0 0 1.96257e-07 0 
scan  250 0 48 1.07701e-05 4.89363e-05 7.75205e-06 -3.25307e-07 -2.85006e-07 0 0 0 0 
scan  250 0 53 0 6.56461e-05 0 0 0 0 0 6.94288e-06 0 
scan  250 0 58 3.83414e-05 4.01048e-05 2.21129e-05 -6.59508e-07 -4.51577e-06 0 0 0 0 
scan  250 0 49 0 6.43837e-05 0 0 0 0 0 0 0 
scan  250 0 54 0 6.43837e-05 0 0 0 0 0 0 0 
scan  250 0 59 0 6.43966e-05 0 0 0 0 0 0 0 
scan  250 0 165 0 3.22031e-05 0 0 0 0 0 0 0 
scan  250 0 170 0 3.21919e-05 0 0 0 0 0 0 0 
scan  250 0 175 0 3.21919e-05 0 0 0 0 0 0 0 
scan  250 0 166 2.61735e-05 1.84252e-05 1.80021e-05 -2.73337e-07 -2.61518e-07 -2.61735e-06 0 1.41744e-06 0 
scan  250 0 171 1.40763e-06 1.61605e-05 1.40763e-06 -1.46949e-08 -3.85648e-08 -1.40763e-07 0 0 0 
scan  250 0 176 2.61082e-06 3.61517e-05 1.85306e-06 -2.72556e-08 -2.42614e-07 -2.61082e-07 0 1.2018e-05 0 
scan  250 0 167 0 3.22516e-05 0 0 0 0 0 0 0 
scan  250 0 172 0 3.21919e-05 0 0 0 0 0 0 0 
scan  250 0 177 8.70128e-05 8.45751e-05 7.59517e-05 -9.08368e-07 -2.08863e-06 -8.70128e-06 0 -1.2018e-05 0 
scan  250 0 168 0 3.21919e-05 0 0 0 0 0 0 0 
scan  250 0 173 0 3.21919e-05 0 0 0 0 0 0 0 
scan  250 0 178 1.41866e-06 1.6159e-05 1.41866e-06 -1.48101e-08 -7.60413e-09 -1.41866e-07 0 0 0 
scan  250 0 169 1.41866e-06 1.6159e-05 1.41866e-06 -1.48101e-08 -7.60405e-09 -1.41866e-07 0 0 0 
scan  250 0 174 1.41027e-06 1.61582e-05 1.41027e-06 -1.92408e-08 -7.55929e-09 -1.41027e-07 0 0 0 
scan  250 0 179 8.79455e-06 1.83632e-05 8.79455e-06 -9.18105e-08 -4.71399e-08 -8.79455e-07 0 0 0 
scan  250 0 135 0.000476007 0.00028818 0.000281042 -5.18519e-06 -3.87007e-05 -4.76007e-05 0 0 0 
scan  250 0 140 3.62414e-05 5.50948e-05 3.0611e-05 -4.29541e-07 -2.87885e-07 -3.62414e-06 0 -3.02292e-05 0 
scan  250 0 145 0 3.22343e-05 0 0 0 0 0 1.41866e-06 0 
scan  250 0 136 0.000373629 0.000199941 0.000193622 -4.47065e-06 -1.55242e-05 -3.73629e-05 0 0 0 
scan  250 0 141 0.000169641 0.000115485 0.000107973 -1.80774e-06 -7.56666e-06 -1.69641e-05 0 2.91689e-05 0 
scan  250 0 146 4.40933e-05 3.09194e-05 1.89126e-05 -5.81776e-07 -1.05739e-06 -4.40933e-06 0 1.41866e-06 0 
scan  250 0 137 0.000114449 6.92802e-05 6.32864e-05 -2.13679e-06 -6.84693e-06 -1.14449e-05 0 1.42961e-20 0 
scan  250 0 142 1.7785e-05 3.22372e-05 1.64357e-05 -2.59947e-07 -5.44281e-07 -1.7785e-06 0 1.06024e-06 0 
scan  250 0 147 7.17361e-05 3.07231e-05 2.95694e-05 -1.22411e-06 -4.01628e-06 -7.17361e-06 0 0 0 
scan  250 0 138 9.48872e-06 9.19034e-06 8.48626e-06 -1.2362e-07 -1.49398e-06 -9.48872e-07 0 0 0 
scan  250 0 143 9.2048e-06 1.79941e-05 7.9251e-06 -2.30177e-07 -2.49787e-07 -9.2048e-07 0 0 0 
scan  250 0 148 2.74535e-05 2.25897e-05 1.36616e-05 -2.87467e-07 -2.92983e-06 -2.74535e-06 0 -6.50291e-06 0 
scan  250 0 139 0 3.21983e-05 0 0 0 0 0 0 0 
scan  250 0 144 0 3.22296e-05 0 0 0 0 0 0 0 
scan  250 0 149 5.658e-05 5.78528e-05 5.52299e-05 -2.2986e-06 -4.7013e-07 -5.658e-06 0 0 0 
scan  250 0 120 2.2691e-05 8.47298e-05 2.2691e-05 -4.76238e-07 0 -2.2691e-06 0 0 0 
scan  250 0 125 6.31035e-06 8.11416e-05 6.31035e-06 -1.47231e-07 0 -6.31035e-07 0 0 0 
scan  250 0 130 1.7188e-05 8.34534e-05 1.7188e-05 -1.79433e-07 -9.21307e-08 -1.7188e-06 0 0 0 
scan  250 0 121 9.09601e-05 9.19288e-05 7.56664e-05 -1.02588e-06 -9.82342e-07 -9.09601e-06 0 7.82143e-06 0 
scan  250 0 126 2.76556e-06 6.50399e-05 1.9556e-06 -4.33489e-08 -8.05121e-08 -2.76556e-07 0 0 0 
scan  250 0 131 6.86697e-05 7.71027e-05 5.96522e-05 -1.3411e-06 -5.11347e-08 -6.86697e-06 0 0 0 
scan  250 0 122 1.99127e-05 6.63522e-05 1.3821e-05 -3.39252e-07 -3.07713e-07 -1.99127e-06 0 -7.82143e-06 0 
scan  250 0 127 1.41449e-06 8.04941e-05 1.41449e-06 -1.47665e-08 -2.74772e-08 -1.41449e-07 0 0 0 
scan  250 0 132 0.000321154 0.000236957 0.00021556 -5.15762e-06 -1.39298e-05 -3.21154e-05 0 0 0 
scan  250 0 123 1.20915e-05 8.15217e-05 1.20915e-05 -2.57466e-07 0 -1.20915e-06 0 0 0 
scan  250 0 128 0 9.66059e-05 0 0 0 0 0 0 0 
scan  250 0 133 5.57029e-05 8.3274e-05 2.826e-05 -1.05271e-06 -9.48449e-07 -5.57029e-06 0 1.20972e-05 0 
scan  250 0 124 1.53142e-05 8.16129e-05 1.26576e-05 -1.59872e-07 -1.57884e-07 -1.53142e-06 0 0 0 
scan  250 0 129 0 9.65756e-05 0 0 0 0 0 0 0 
scan  250 0 134 0 9.65756e-05 0 0 0 0 0 0 0 
scan  250 0 90 0.000324126 0.000168574 0.000152979 -7.45888e-06 -1.33613e-05 -3.24126e-05 0 -1.41906e-06 0 
scan  250 0 95 9.73051e-05 9.94677e-05 7.54934e-05 -4.4578e-07 -1.44534e-05 -9.73051e-06 0 0 0 
scan  250 0 100 0 9.65756e-05 0 0 0 0 0 0 0 
scan  250 0 91 0.000330354 0.00019277 0.000139763 -4.38695e-06 -4.42836e-05 -3.30354e-05 0 2.64903e-06 0 
scan  250 0 96 0.000257903 0.000138889 0.000123322 -3.02271e-06 -1.62734e-05 -2.57903e-05 0 2.85921e-20 0 
scan  250 0 101 0.000439306 0.00016469 0.000153156 -8.59309e-06 -2.3425e-05 -4.39306e-05 0 -8.79076e-06 0 
scan  250 0 92 4.23999e-05 5.05778e-05 2.38712e-05 -1.13656e-06 -4.47991e-06 -4.23999e-06 0 1.22998e-06 0 
scan  250 0 97 0.000305004 0.000301316 0.000219091 -5.82739e-06 -9.32486e-06 -3.05004e-05 0 0 0 
scan  250 0 102 0.00022646 0.000136384 0.00010201 -4.70076e-06 -1.24509e-06 -2.2646e-05 0 1.01276e-05 0 
scan  250 0 93 1.33262e-05 6.55582e-05 1.21592e-05 -2.67926e-07 -2.73363e-07 -1.33262e-06 0 0 0 
scan  250 0 98 0.000104425 0.000132573 0.000104425 -1.0902e-06 -9.08701e-06 -1.04425e-05 0 0 0 
scan  250 0 103 2.98854e-05 5.29907e-05 1.49274e-05 -3.06624e-07 -3.11107e-06 -2.98854e-06 0 -1.14711e-05 0 
scan  250 0 94 0 9.65756e-05 0 0 0 0 0 0 0 
scan  250 0 99 0 9.65756e-05 0 0 0 0 0 0 0 
scan  250 0 104 7.40578e-06 6.46802e-05 5.01972e-06 -1.40489e-07 -1.17327e-08 -7.40578e-07 0 0 0 
