xsec 700 50 0.00185119
scan  700 50 30 8.03032e-06 2.10336e-06 1.91755e-06 -1.61647e-07 -1.32075e-07 0 0 8.3289e-07 0 
scan  700 50 35 1.52517e-06 5.30968e-07 4.79131e-07 -3.79663e-08 -5.36994e-09 0 0 6.74536e-08 0 
scan  700 50 40 5.7052e-06 2.03842e-06 1.53832e-06 -8.18718e-08 -1.14775e-07 0 0 -4.83292e-07 0 
scan  700 50 31 1.04602e-05 2.20889e-06 2.00647e-06 -1.20436e-07 -2.67702e-07 0 0 -8.07915e-07 0 
scan  700 50 36 2.89061e-06 9.95637e-07 7.3837e-07 -2.97393e-08 -1.5495e-07 0 0 -2.30816e-08 0 
scan  700 50 41 1.77867e-05 2.73209e-06 2.51949e-06 -3.02104e-07 -2.45133e-07 0 0 6.39799e-07 0 
scan  700 50 32 1.33156e-05 2.58327e-06 2.06482e-06 -2.39972e-07 -2.22689e-07 0 0 2.01216e-07 0 
scan  700 50 37 7.11841e-06 2.62394e-06 1.77774e-06 -1.08255e-07 -1.018e-07 0 0 -3.42964e-07 0 
scan  700 50 42 3.88028e-05 4.03298e-06 3.84036e-06 -6.30453e-07 -4.17019e-07 0 0 6.87717e-07 0 
scan  700 50 33 1.3816e-05 2.57815e-06 2.41173e-06 -2.01518e-07 -4.86802e-07 0 0 -3.28272e-07 0 
scan  700 50 38 6.1159e-06 1.53503e-06 1.45046e-06 -8.94608e-08 -1.96363e-07 0 0 3.02557e-07 0 
scan  700 50 43 5.87101e-05 5.41253e-06 4.94926e-06 -9.14361e-07 -8.60012e-07 0 0 -3.01106e-07 0 
scan  700 50 34 4.19338e-05 4.66604e-06 4.4446e-06 -7.5469e-07 -9.94581e-07 0 0 -5.33253e-07 0 
scan  700 50 39 1.45843e-05 2.34063e-06 2.25967e-06 -2.45809e-07 -5.39147e-07 0 0 9.12773e-08 0 
scan  700 50 44 0.000385393 1.54016e-05 1.27437e-05 -6.49419e-06 -5.21969e-06 0 0 -2.13353e-06 0 
scan  700 50 0 1.25757e-07 5.74136e-07 1.10223e-07 -1.39766e-09 -1.95402e-08 0 0 -3.61918e-10 0 
scan  700 50 5 0 7.50458e-07 0 0 0 0 0 0 0 
scan  700 50 10 0 7.50458e-07 0 0 0 0 0 0 0 
scan  700 50 1 3.58724e-07 4.26293e-07 2.01831e-07 -6.07898e-09 -5.41877e-09 0 0 3.61918e-10 0 
scan  700 50 6 0 7.5067e-07 0 0 0 0 0 0 0 
scan  700 50 11 6.70813e-07 5.62339e-07 2.99224e-07 -5.4642e-09 -3.22014e-08 0 0 0 0 
scan  700 50 2 3.14547e-07 5.17266e-07 2.15798e-07 -4.14843e-09 -4.10416e-09 0 0 0 0 
scan  700 50 7 8.56446e-09 6.56707e-07 8.56446e-09 0 -2.04842e-10 0 0 0 0 
scan  700 50 12 1.45219e-06 1.01251e-06 9.43925e-07 -3.30847e-08 -1.17847e-07 0 0 3.73051e-08 0 
scan  700 50 3 1.29204e-06 1.1186e-06 9.59286e-07 -9.24937e-09 -5.04688e-08 0 0 0 0 
scan  700 50 8 0 8.05975e-07 0 0 0 0 0 0 0 
scan  700 50 13 1.38618e-06 6.93531e-07 6.25387e-07 -3.49159e-08 -4.78244e-08 0 0 -7.14373e-08 0 
scan  700 50 4 3.28263e-06 1.51874e-06 1.50157e-06 -7.51234e-08 -1.91096e-07 0 0 0 0 
scan  700 50 9 7.25103e-07 6.43684e-07 4.14876e-07 -7.9482e-09 -2.31989e-08 0 0 0 0 
scan  700 50 14 7.9799e-06 1.28424e-06 1.24745e-06 -1.34992e-07 -2.22847e-07 0 0 2.66039e-08 0 
scan  700 50 15 1.90163e-07 1.04939e-06 1.209e-07 -4.64599e-09 -1.1326e-08 0 0 9.55597e-07 0 
scan  700 50 20 2.10678e-07 6.25923e-07 1.76432e-07 -5.50407e-09 -4.05099e-09 0 0 0 0 
scan  700 50 25 7.78498e-09 6.93369e-07 7.78498e-09 -2.46367e-10 0 0 0 0 0 
scan  700 50 16 2.25809e-06 2.71256e-06 1.46578e-06 -4.53454e-08 -3.75572e-08 0 0 -9.63382e-07 0 
scan  700 50 21 1.68313e-08 1.26852e-06 1.19028e-08 0 -1.69865e-09 0 0 0 0 
scan  700 50 26 4.2491e-07 3.84453e-07 1.85897e-07 -6.37554e-09 -3.98802e-09 0 0 -1.18206e-07 0 
scan  700 50 17 9.67279e-07 7.89299e-07 6.34285e-07 -2.44183e-08 -9.01502e-09 0 0 0 0 
scan  700 50 22 2.93594e-07 6.04692e-07 2.11117e-07 -6.75345e-09 -2.75777e-08 0 0 5.06052e-08 0 
scan  700 50 27 7.52312e-07 5.6389e-07 3.72597e-07 -7.9196e-09 -1.11006e-07 0 0 1.18206e-07 0 
scan  700 50 18 1.66194e-08 5.63035e-07 1.17578e-08 -1.68763e-10 -1.81784e-10 0 0 8.57846e-09 0 
scan  700 50 23 1.23093e-07 5.72133e-07 8.25114e-08 -3.21613e-09 -1.13726e-08 0 0 -5.06052e-08 0 
scan  700 50 28 5.82886e-07 5.07012e-07 2.08594e-07 -1.59149e-08 -1.34703e-08 0 0 2.22059e-07 0 
scan  700 50 19 1.14892e-06 1.00875e-06 8.76404e-07 -2.36157e-08 -9.22075e-09 0 0 -8.57846e-09 0 
scan  700 50 24 1.85021e-06 1.16519e-06 1.05411e-06 -1.48833e-08 -2.66665e-08 0 0 7.78498e-09 0 
scan  700 50 29 1.39689e-05 2.10854e-06 1.98648e-06 -2.23714e-07 -4.8953e-07 0 0 -3.83469e-07 0 
scan  700 50 75 8.04063e-09 2.81578e-07 8.04063e-09 -1.68756e-10 -4.3427e-11 0 0 0 0 
scan  700 50 80 0 3.75229e-07 0 0 0 0 0 0 0 
scan  700 50 85 0 3.75229e-07 0 0 0 0 0 0 0 
scan  700 50 76 1.03098e-07 3.00038e-07 1.03098e-07 -1.07629e-09 -1.30835e-08 0 0 0 0 
scan  700 50 81 0 3.75229e-07 0 0 0 0 0 0 0 
scan  700 50 86 2.65775e-07 3.3972e-07 1.87959e-07 -2.77973e-09 -2.66271e-08 0 0 0 0 
scan  700 50 77 2.67676e-08 2.82696e-07 2.67676e-08 -6.5753e-10 -1.44253e-09 0 0 0 0 
scan  700 50 82 0 3.75229e-07 0 0 0 0 0 0 0 
scan  700 50 87 6.60044e-07 4.71112e-07 4.58893e-07 -1.2801e-08 -2.87629e-08 0 0 -1.54561e-08 0 
scan  700 50 78 0 3.75229e-07 0 0 0 0 0 0 0 
scan  700 50 83 0 3.75229e-07 0 0 0 0 0 0 0 
scan  700 50 88 3.33233e-07 2.60312e-07 1.63196e-07 -4.99334e-09 -3.7339e-08 0 0 5.39879e-08 0 
scan  700 50 79 5.39875e-08 2.86555e-07 5.39875e-08 -5.63601e-10 -5.80312e-10 0 0 0 0 
scan  700 50 84 0 3.75229e-07 0 0 0 0 0 0 0 
scan  700 50 89 2.8967e-06 1.12912e-06 1.12554e-06 -5.21257e-08 -3.54093e-08 0 0 8.03447e-09 0 
scan  700 50 45 0 3.75229e-07 0 0 0 0 0 0 0 
scan  700 50 50 0 3.75229e-07 0 0 0 0 0 0 0 
scan  700 50 55 0 3.75229e-07 0 0 0 0 0 0 0 
scan  700 50 46 0 1.07361e-06 0 0 0 0 0 0 0 
scan  700 50 51 0 3.75229e-07 0 0 0 0 0 0 0 
scan  700 50 56 0 3.75229e-07 0 0 0 0 0 0 0 
scan  700 50 47 1.00591e-06 1.42656e-06 1.00591e-06 -1.05011e-08 -6.86521e-08 0 0 0 0 
scan  700 50 52 0 3.75229e-07 0 0 0 0 0 0 0 
scan  700 50 57 2.80191e-07 2.75087e-07 1.71536e-07 -4.16343e-09 -2.51096e-08 0 0 -1.01495e-07 0 
scan  700 50 48 2.11122e-07 3.36626e-07 1.78325e-07 -4.8484e-09 -1.43213e-08 0 0 -2.7135e-08 0 
scan  700 50 53 7.83781e-09 2.81536e-07 7.83781e-09 -2.09043e-10 -3.85643e-10 0 0 0 0 
scan  700 50 58 7.4905e-07 6.43437e-07 5.95052e-07 -1.41227e-08 -1.18698e-07 0 0 1.01495e-07 0 
scan  700 50 49 7.90536e-09 2.82843e-07 7.90536e-09 -1.65917e-10 -6.04603e-10 0 0 2.7135e-08 0 
scan  700 50 54 0 3.75229e-07 0 0 0 0 0 0 0 
scan  700 50 59 2.15498e-06 1.12373e-06 1.11736e-06 -5.89153e-08 -4.47309e-08 0 0 0 0 
scan  700 50 165 1.3421e-07 2.15042e-07 1.3421e-07 -1.40108e-09 -7.19414e-10 -1.3421e-08 0 1.34207e-07 0 
scan  700 50 170 0 1.87615e-07 0 0 0 0 0 0 0 
scan  700 50 175 0 1.87615e-07 0 0 0 0 0 0 0 
scan  700 50 166 2.03191e-07 2.97023e-07 1.44613e-07 -2.12121e-09 -3.41832e-09 -2.03191e-08 0 -1.34207e-07 0 
scan  700 50 171 3.48818e-07 3.88242e-07 3.48818e-07 -3.64148e-09 -3.79104e-09 -3.48818e-08 0 0 0 
scan  700 50 176 1.29508e-06 9.23281e-07 9.03311e-07 -1.42205e-08 -3.27498e-08 -1.29508e-07 0 1.19481e-07 0 
scan  700 50 167 5.9869e-07 3.90838e-07 3.7031e-07 -6.25593e-09 -1.77881e-08 -5.9869e-08 0 0 0 
scan  700 50 172 6.0984e-07 6.65125e-07 6.0984e-07 -6.36641e-09 -3.26885e-09 -6.0984e-08 0 0 0 
scan  700 50 177 4.50785e-07 7.888e-07 2.75534e-07 -4.70842e-09 -3.53643e-08 -4.50785e-08 0 1.11287e-07 0 
scan  700 50 168 6.11857e-08 1.70011e-07 5.38661e-08 -7.34225e-10 -3.27966e-10 -6.11857e-09 0 0 0 
scan  700 50 173 2.59627e-07 2.8211e-07 2.59627e-07 -2.71076e-09 -1.39283e-09 -2.59627e-08 0 0 0 
scan  700 50 178 1.88624e-06 9.52799e-07 7.9023e-07 -1.96914e-08 -1.34152e-08 -1.88624e-07 0 8.19346e-09 0 
scan  700 50 169 2.91991e-07 1.49858e-07 1.45164e-07 -4.40837e-09 -1.57752e-09 -2.91991e-08 0 0 0 
scan  700 50 174 1.83128e-07 2.19059e-07 1.83128e-07 -1.91176e-09 -9.81598e-10 -1.83128e-08 0 0 0 
scan  700 50 179 6.10215e-06 1.83894e-06 1.72304e-06 -6.43523e-08 -1.86054e-07 -6.10215e-07 0 2.67961e-08 0 
scan  700 50 135 0 1.87615e-07 0 0 0 0 0 0 0 
scan  700 50 140 0 1.87621e-07 0 0 0 0 0 0 0 
scan  700 50 145 0 1.87615e-07 0 0 0 0 0 0 0 
scan  700 50 136 0 1.87621e-07 0 0 0 0 0 0 0 
scan  700 50 141 7.65391e-09 9.81247e-08 7.65391e-09 -7.99028e-11 -1.57189e-09 -7.65391e-10 0 2.74175e-08 0 
scan  700 50 146 2.42642e-07 2.62131e-07 2.34722e-07 -2.53306e-09 -5.26768e-08 -2.42642e-08 0 0 0 
scan  700 50 137 0 1.87678e-07 0 0 0 0 0 0 0 
scan  700 50 142 4.25859e-08 4.26544e-08 2.94511e-08 -4.44605e-10 -2.88425e-09 -4.25859e-09 0 2.74175e-08 0 
scan  700 50 147 3.55455e-07 2.54599e-07 2.28412e-07 -4.31932e-09 -4.28272e-09 -3.55455e-08 0 0 0 
scan  700 50 138 0 1.87615e-07 0 0 0 0 0 0 0 
scan  700 50 143 0 1.87615e-07 0 0 0 0 0 0 0 
scan  700 50 148 6.78456e-07 4.12001e-07 3.89369e-07 -7.08273e-09 -2.32142e-08 -6.78456e-08 0 0 0 
scan  700 50 139 0 1.87615e-07 0 0 0 0 0 0 0 
scan  700 50 144 3.92099e-08 1.02052e-07 3.92099e-08 -4.09331e-10 -5.37574e-10 -3.92099e-09 0 0 0 
scan  700 50 149 2.74784e-06 1.03156e-06 9.55187e-07 -3.32189e-08 -1.44035e-07 -2.74784e-07 0 2.25042e-07 0 
scan  700 50 120 1.46618e-07 4.77302e-07 8.19696e-08 -2.98012e-09 -2.09476e-09 -1.46618e-08 0 0 0 
scan  700 50 125 1.37803e-07 4.90803e-07 1.37803e-07 0 -4.98653e-09 -1.37803e-08 0 0 0 
scan  700 50 130 8.19427e-08 3.88266e-07 6.05018e-08 -5.56249e-10 -5.93671e-10 -8.19427e-09 0 5.32833e-08 0 
scan  700 50 121 5.13243e-08 3.7943e-07 3.0718e-08 -7.05243e-10 -1.65919e-09 -5.13243e-09 0 0 0 
scan  700 50 126 1.90643e-07 5.03734e-07 1.82647e-07 -2.31637e-09 -1.02181e-09 -1.90643e-08 0 0 0 
scan  700 50 131 2.5485e-07 2.74722e-07 1.09847e-07 -1.68004e-09 -1.39162e-08 -2.5485e-08 0 6.12136e-08 0 
scan  700 50 122 1.83469e-07 3.19575e-07 1.15075e-07 -2.5025e-09 -1.86302e-08 -1.83469e-08 0 0 0 
scan  700 50 127 0 5.62846e-07 0 0 0 0 0 0 0 
scan  700 50 132 1.35952e-06 6.70672e-07 5.86778e-07 -1.43843e-08 -8.90963e-09 -1.35952e-07 0 -7.93035e-09 0 
scan  700 50 123 2.0587e-07 4.57308e-07 1.40367e-07 -2.51604e-09 -7.69326e-09 -2.0587e-08 0 0 0 
scan  700 50 128 1.26373e-07 4.87536e-07 1.26373e-07 -1.3315e-09 -2.42527e-08 -1.26373e-08 0 0 0 
scan  700 50 133 3.67836e-06 1.6152e-06 1.35116e-06 -4.53283e-08 -9.15958e-08 -3.67836e-07 0 0 0 
scan  700 50 124 5.3019e-07 5.33247e-07 3.74629e-07 -5.83986e-09 -4.0424e-09 -5.3019e-08 0 0 0 
scan  700 50 129 3.69422e-07 5.29233e-07 3.53479e-07 -2.52014e-10 -3.2187e-08 -3.69422e-08 0 0 0 
scan  700 50 134 8.94493e-06 2.27052e-06 2.03418e-06 -7.53836e-08 -2.26954e-07 -8.94493e-07 0 -2.66616e-10 0 
scan  700 50 90 1.03541e-07 4.75432e-07 7.60242e-08 -2.64428e-09 0 -1.03541e-08 0 0 0 
scan  700 50 95 0 5.62844e-07 0 0 0 0 0 0 0 
scan  700 50 100 4.56986e-08 4.74379e-07 4.56986e-08 -4.7707e-10 -9.53722e-09 -4.56986e-09 0 4.56986e-08 0 
scan  700 50 91 3.43669e-07 2.69047e-07 1.86995e-07 -6.38798e-09 -3.13684e-08 -3.43669e-08 0 0 0 
scan  700 50 96 0 5.62866e-07 0 0 0 0 0 0 0 
scan  700 50 101 0 5.65361e-07 0 0 0 0 0 4.56986e-08 0 
scan  700 50 92 9.65871e-07 1.13367e-06 9.65871e-07 0 -2.93778e-07 -9.65871e-08 0 0 0 
scan  700 50 97 7.73222e-09 4.74427e-07 7.73222e-09 -8.07203e-11 -1.45915e-09 -7.73222e-10 0 0 0 
scan  700 50 102 4.83946e-07 5.51039e-07 3.5715e-07 -5.24291e-09 -1.26992e-08 -4.83946e-08 0 7.42649e-09 0 
scan  700 50 93 8.11351e-09 6.1782e-07 8.11351e-09 -1.28242e-10 -4.34899e-11 -8.11351e-10 0 0 0 
scan  700 50 98 0 5.62844e-07 0 0 0 0 0 0 0 
scan  700 50 103 1.08235e-06 9.57623e-07 8.38888e-07 -3.03395e-08 -1.6128e-08 -1.08235e-07 0 4.54889e-10 0 
scan  700 50 94 1.15635e-06 1.17666e-06 1.04953e-06 -1.25836e-08 -7.1912e-08 -1.15635e-07 0 0 0 
scan  700 50 99 0 5.62913e-07 0 0 0 0 0 0 0 
scan  700 50 104 2.49248e-06 7.58133e-07 7.03626e-07 -5.12287e-08 -7.67102e-08 -2.49248e-07 0 7.88137e-09 0 
