xsec 150 100 2.38798
scan  150 100 30 0.00263049 0.00137909 0.00100042 -5.60811e-05 -0.000593174 0 0 0 0 
scan  150 100 35 0 0.000966403 0 0 0 0 0 0 0 
scan  150 100 40 0 0.000966208 0 0 0 0 0 0 0 
scan  150 100 31 0.00238562 0.0014432 0.00113844 -3.0382e-05 -0.000234365 0 0 0 0 
scan  150 100 36 0.000508931 0.00083085 0.000346936 -8.76628e-07 -7.56579e-05 0 0 0 0 
scan  150 100 41 1.01283e-05 0.000845573 1.01283e-05 -3.20524e-07 0 0 0 0 0 
scan  150 100 32 1.86702e-05 0.000725707 1.32469e-05 -3.35123e-07 -3.66696e-06 0 0 0 0 
scan  150 100 37 5.7484e-05 0.000847128 4.84268e-05 -1.83228e-06 0 0 0 0 0 
scan  150 100 42 0.000969343 0.0012868 0.000969343 -3.21792e-05 0 0 0 0 0 
scan  150 100 33 0 0.000966208 0 0 0 0 0 0 0 
scan  150 100 38 0 0.000966208 0 0 0 0 0 0 0 
scan  150 100 43 0 0.000967626 0 0 0 0 0 0 0 
scan  150 100 34 0 0.000966208 0 0 0 0 0 0 0 
scan  150 100 39 0 0.000966208 0 0 0 0 0 0 0 
scan  150 100 44 8.72645e-05 0.00085154 8.72645e-05 -2.76992e-06 0 0 0 0 0 
scan  150 100 0 0.0913956 0.0197209 0.00627745 -0.00334546 -0.0179269 0 0 -0.00196722 0 
scan  150 100 5 0.000268239 0.000746254 0.000175685 -7.24307e-06 -2.41805e-05 0 0 -1.04567e-05 0 
scan  150 100 10 0 0.000966208 0 0 0 0 0 0 0 
scan  150 100 1 0.0665433 0.0137908 0.00592413 -0.00203018 -0.0120861 0 0 0.00157872 0 
scan  150 100 6 0.00393535 0.00143441 0.00113587 -0.000101108 -0.000614672 0 0 2.01613e-05 0 
scan  150 100 11 0.000181031 0.000680825 0.000161271 -4.27828e-07 -7.75715e-05 0 0 0 0 
scan  150 100 2 0.00651871 0.00194549 0.00122852 -0.000196491 -0.000918233 0 0 0.000442754 0 
scan  150 100 7 0.000127996 0.000765786 8.22264e-05 -6.87188e-06 -4.34747e-06 0 0 -8.89882e-05 0 
scan  150 100 12 0.000165094 0.000887269 8.2904e-05 -8.01219e-06 0 0 0 0 0 
scan  150 100 3 0.00193056 0.00100093 0.000943866 -6.97447e-05 -0.000227713 0 0 -0.000129786 0 
scan  150 100 8 0.00021405 0.000760459 0.000153958 -5.60068e-06 -9.87986e-06 0 0 -3.98583e-05 0 
scan  150 100 13 0.000483137 0.000682005 0.0003018 -6.53511e-06 -6.46223e-05 0 0 0 0 
scan  150 100 4 0.000292926 0.000560838 0.000221799 -8.64478e-06 -9.60522e-06 0 0 0.000167096 0 
scan  150 100 9 0.0003054 0.000923571 0.0003054 -9.72084e-06 -2.17603e-05 0 0 0.000126954 0 
scan  150 100 14 0 0.000966376 0 0 0 0 0 0 0 
scan  150 100 15 0.0110987 0.00342766 0.00202616 -0.000228157 -0.00270924 0 0 -7.51635e-05 0 
scan  150 100 20 0 0.000972527 0 0 0 0 0 0 0 
scan  150 100 25 0 0.000966208 0 0 0 0 0 0 0 
scan  150 100 16 0.00543645 0.00212323 0.00148146 -0.000129319 -0.00135807 0 0 0.000282768 0 
scan  150 100 21 0.00174669 0.00103686 0.000724908 -4.98741e-05 -5.01968e-05 0 0 0 0 
scan  150 100 26 0.000369516 0.000791479 0.00031071 -1.15733e-05 -1.73002e-05 0 0 0 0 
scan  150 100 17 0.000491854 0.000914351 0.000335639 -3.08397e-05 0 0 0 6.49766e-05 0 
scan  150 100 22 0.000144792 0.000735732 0.000125447 -5.00092e-06 0 0 0 0 0 
scan  150 100 27 9.87312e-06 0.000846416 9.87312e-06 0 -2.39746e-06 0 0 0 0 
scan  150 100 18 9.71582e-06 0.000845497 9.71582e-06 -4.50232e-07 0 0 0 0 0 
scan  150 100 23 4.29408e-05 0.000847786 4.29408e-05 0 -1.67928e-05 0 0 -4.29408e-05 0 
scan  150 100 28 6.38653e-05 0.000848228 6.38653e-05 -2.02114e-06 0 0 0 0 0 
scan  150 100 19 0 0.000966208 0 0 0 0 0 0 0 
scan  150 100 24 0.000550942 0.00117106 0.000550942 -1.94939e-05 0 0 0 0.000593883 0 
scan  150 100 29 0 0.000966546 0 0 0 0 0 0 0 
scan  150 100 75 0 0.000483104 0 0 0 0 0 0 0 
scan  150 100 80 0 0.000483104 0 0 0 0 0 0 0 
scan  150 100 85 0 0.000483104 0 0 0 0 0 0 0 
scan  150 100 76 0 0.000483104 0 0 0 0 0 0 0 
scan  150 100 81 0 0.000483104 0 0 0 0 0 0 0 
scan  150 100 86 0 0.000483104 0 0 0 0 0 0 0 
scan  150 100 77 0 0.000483104 0 0 0 0 0 0 0 
scan  150 100 82 0 0.000483104 0 0 0 0 0 0 0 
scan  150 100 87 0 0.000483104 0 0 0 0 0 0 0 
scan  150 100 78 0 0.000483104 0 0 0 0 0 0 0 
scan  150 100 83 0 0.000483104 0 0 0 0 0 0 0 
scan  150 100 88 0 0.000483104 0 0 0 0 0 0 0 
scan  150 100 79 0 0.000483104 0 0 0 0 0 0 0 
scan  150 100 84 0 0.000483104 0 0 0 0 0 0 0 
scan  150 100 89 0 0.000483104 0 0 0 0 0 0 0 
scan  150 100 45 4.6911e-05 0.00036878 3.99021e-05 -9.28716e-07 -1.17695e-05 0 0 0 0 
scan  150 100 50 0.00031233 0.000571673 0.00031233 -7.0673e-06 -1.94626e-05 0 0 0 0 
scan  150 100 55 0 0.000483104 0 0 0 0 0 0 0 
scan  150 100 46 4.09414e-05 0.000371471 4.09414e-05 -5.81178e-07 -9.56653e-06 0 0 0 0 
scan  150 100 51 0 0.000518177 0 0 0 0 0 0 0 
scan  150 100 56 0 0.000483104 0 0 0 0 0 0 0 
scan  150 100 47 0 0.000483104 0 0 0 0 0 0 0 
scan  150 100 52 0 0.000483104 0 0 0 0 0 0 0 
scan  150 100 57 0 0.000483104 0 0 0 0 0 0 0 
scan  150 100 48 0 0.000483104 0 0 0 0 0 0 0 
scan  150 100 53 0 0.000483104 0 0 0 0 0 0 0 
scan  150 100 58 0 0.000483104 0 0 0 0 0 0 0 
scan  150 100 49 0 0.000483104 0 0 0 0 0 0 0 
scan  150 100 54 0 0.000483104 0 0 0 0 0 0 0 
scan  150 100 59 0 0.000483104 0 0 0 0 0 0 0 
scan  150 100 165 0 0.000241552 0 0 0 0 0 0 0 
scan  150 100 170 0 0.000241552 0 0 0 0 0 0 0 
scan  150 100 175 0 0.000241552 0 0 0 0 0 0 0 
scan  150 100 166 0 0.000241552 0 0 0 0 0 0 0 
scan  150 100 171 0 0.000241552 0 0 0 0 0 0 0 
scan  150 100 176 0 0.000241552 0 0 0 0 0 0 0 
scan  150 100 167 0 0.000241552 0 0 0 0 0 0 0 
scan  150 100 172 0 0.000241552 0 0 0 0 0 0 0 
scan  150 100 177 0 0.000241552 0 0 0 0 0 0 0 
scan  150 100 168 0 0.000241552 0 0 0 0 0 0 0 
scan  150 100 173 0 0.000241552 0 0 0 0 0 0 0 
scan  150 100 178 0 0.000241552 0 0 0 0 0 0 0 
scan  150 100 169 0 0.000241552 0 0 0 0 0 0 0 
scan  150 100 174 0 0.000241552 0 0 0 0 0 0 0 
scan  150 100 179 0 0.000241552 0 0 0 0 0 0 0 
scan  150 100 135 0.00129151 0.00103252 0.000983104 -1.49971e-05 -0.000260535 -0.000129151 0 0 0 
scan  150 100 140 0 0.000241552 0 0 0 0 0 0 0 
scan  150 100 145 0 0.000241552 0 0 0 0 0 0 0 
scan  150 100 136 0.000153282 0.000150796 8.43673e-05 -2.59745e-06 -2.35812e-05 -1.53282e-05 0 0 0 
scan  150 100 141 0 0.000241552 0 0 0 0 0 0 0 
scan  150 100 146 4.95232e-05 0.000131006 4.95232e-05 -7.11884e-07 -2.65453e-07 -4.95232e-06 0 0 0 
scan  150 100 137 3.14883e-05 0.00012494 3.14883e-05 -3.48351e-07 -4.65601e-06 -3.14883e-06 0 0 0 
scan  150 100 142 0 0.000241552 0 0 0 0 0 0 0 
scan  150 100 147 0 0.000241755 0 0 0 0 0 0 0 
scan  150 100 138 1.01986e-05 0.00012122 1.01986e-05 -1.06554e-07 -1.55587e-06 -1.01986e-06 0 0 0 
scan  150 100 143 0 0.000241552 0 0 0 0 0 0 0 
scan  150 100 148 0 0.000241552 0 0 0 0 0 0 0 
scan  150 100 139 0 0.000241552 0 0 0 0 0 0 0 
scan  150 100 144 0 0.000241552 0 0 0 0 0 0 0 
scan  150 100 149 0 0.000241552 0 0 0 0 0 0 0 
scan  150 100 120 0 0.000724656 0 0 0 0 0 0 0 
scan  150 100 125 0 0.000724656 0 0 0 0 0 0 0 
scan  150 100 130 0 0.000724656 0 0 0 0 0 0 0 
scan  150 100 121 4.97434e-05 0.000605994 4.97434e-05 -7.03771e-07 -7.6337e-06 -4.97434e-06 0 0 0 
scan  150 100 126 0 0.000724656 0 0 0 0 0 0 0 
scan  150 100 131 0 0.000724656 0 0 0 0 0 0 0 
scan  150 100 122 0 0.000724656 0 0 0 0 0 0 0 
scan  150 100 127 0 0.000724656 0 0 0 0 0 0 0 
scan  150 100 132 0 0.000724656 0 0 0 0 0 0 0 
scan  150 100 123 0 0.000724656 0 0 0 0 0 0 0 
scan  150 100 128 0 0.000724656 0 0 0 0 0 0 0 
scan  150 100 133 0 0.000724656 0 0 0 0 0 0 0 
scan  150 100 124 0 0.000724656 0 0 0 0 0 0 0 
scan  150 100 129 0 0.000724656 0 0 0 0 0 0 0 
scan  150 100 134 0 0.000724656 0 0 0 0 0 0 0 
scan  150 100 90 0.00199322 0.00106231 0.000870629 -5.78529e-05 -0.000224344 -0.000199322 0 0 0 
scan  150 100 95 0 0.000724664 0 0 0 0 0 0 0 
scan  150 100 100 0 0.000724656 0 0 0 0 0 0 0 
scan  150 100 91 0.000121199 0.000529277 9.28183e-05 -5.64787e-07 -1.73715e-05 -1.21199e-05 0 0 0 
scan  150 100 96 8.23223e-06 0.000603945 8.23223e-06 0 -1.064e-06 -8.23223e-07 0 0 0 
scan  150 100 101 0 0.000724658 0 0 0 0 0 0 0 
scan  150 100 92 0 0.000724954 0 0 0 0 0 0 0 
scan  150 100 97 0 0.000724656 0 0 0 0 0 0 0 
scan  150 100 102 0 0.000724656 0 0 0 0 0 0 0 
scan  150 100 93 0.000103897 0.000613553 0.000103897 -1.85451e-06 -2.09349e-05 -1.03897e-05 0 0 0 
scan  150 100 98 0 0.000724656 0 0 0 0 0 0 0 
scan  150 100 103 0 0.000724656 0 0 0 0 0 0 0 
scan  150 100 94 0 0.000724656 0 0 0 0 0 0 0 
scan  150 100 99 0 0.000724656 0 0 0 0 0 0 0 
scan  150 100 104 0 0.000724656 0 0 0 0 0 0 0 
