xsec 350 0 0.073732
scan  350 0 30 0.00099624 0.000154874 0.000126853 -1.61117e-05 -4.42103e-05 0 0 -3.37008e-05 0 
scan  350 0 35 0.000324202 0.000131709 7.90016e-05 -4.33741e-06 -7.44755e-06 0 0 -7.98062e-06 0 
scan  350 0 40 7.53392e-05 3.01732e-05 2.00804e-05 -9.66132e-07 -2.69777e-06 0 0 2.20216e-05 0 
scan  350 0 31 0.00159581 0.000165334 0.000151036 -2.89105e-05 -6.00225e-05 0 0 -5.81377e-06 0 
scan  350 0 36 0.000663713 0.000112466 0.000103047 -1.17335e-05 -2.56604e-05 0 0 8.44181e-06 0 
scan  350 0 41 0.00148314 0.000172901 0.000160684 -2.56195e-05 -2.81549e-05 0 0 3.42452e-05 0 
scan  350 0 32 0.00114609 0.000150322 0.000132873 -1.77752e-05 -4.89126e-05 0 0 4.44668e-05 0 
scan  350 0 37 0.000647664 0.000150737 0.000108078 -1.1924e-05 -2.32116e-05 0 0 -7.07542e-06 0 
scan  350 0 42 0.00308656 0.000269415 0.000248387 -5.04026e-05 -6.19867e-05 0 0 -1.47677e-05 0 
scan  350 0 33 0.000658844 0.000118948 0.000100682 -1.19554e-05 -2.56683e-05 0 0 2.45998e-05 0 
scan  350 0 38 0.000334948 8.21801e-05 7.06936e-05 -5.80846e-06 -1.18558e-05 0 0 5.94486e-06 0 
scan  350 0 43 0.00265184 0.000222731 0.000196912 -4.10367e-05 -8.87854e-05 0 0 -1.41344e-05 0 
scan  350 0 34 0.000809707 0.000126618 0.00010709 -1.56542e-05 -3.23876e-05 0 0 -6.56785e-07 0 
scan  350 0 39 0.00034987 6.96315e-05 6.66198e-05 -5.43982e-06 -1.24064e-05 0 0 -9.41062e-06 0 
scan  350 0 44 0.00430279 0.00031485 0.000261927 -6.93208e-05 -0.000148885 0 0 1.91019e-05 0 
scan  350 0 0 5.50791e-05 2.75918e-05 1.923e-05 -7.37795e-07 -5.82695e-06 0 0 2.04422e-06 0 
scan  350 0 5 1.96006e-05 3.94308e-05 1.92565e-05 0 -1.13998e-06 0 0 -1.92534e-05 0 
scan  350 0 10 9.6623e-07 2.27846e-05 5.59153e-07 -1.64891e-08 -8.95441e-08 0 0 -3.42416e-07 0 
scan  350 0 1 8.94598e-05 2.56063e-05 2.06832e-05 -2.69393e-06 -5.30829e-06 0 0 -2.04422e-06 0 
scan  350 0 6 6.71877e-05 3.82536e-05 2.86468e-05 -2.15257e-06 -7.46238e-07 0 0 1.85269e-05 0 
scan  350 0 11 5.34543e-05 2.32712e-05 1.84047e-05 -1.61842e-06 -1.56962e-06 0 0 6.57856e-07 0 
scan  350 0 2 0.000168797 6.09793e-05 4.63635e-05 -2.99884e-06 -1.06947e-05 0 0 -3.98951e-06 0 
scan  350 0 7 3.68691e-05 2.49153e-05 1.90046e-05 -8.33953e-07 -3.27996e-06 0 0 1.05214e-06 0 
scan  350 0 12 0.000138947 5.54701e-05 4.4171e-05 -3.4833e-06 -3.32969e-06 0 0 -1.47333e-06 0 
scan  350 0 3 4.84844e-05 3.29543e-05 2.00064e-05 -9.90024e-07 -2.18602e-06 0 0 4.25973e-06 0 
scan  350 0 8 4.53716e-05 3.39041e-05 2.84488e-05 -3.64632e-07 -8.90203e-06 0 0 0 0 
scan  350 0 13 0.000405432 0.000103954 8.49631e-05 -6.16609e-06 -3.28292e-05 0 0 3.66897e-07 0 
scan  350 0 4 8.4436e-05 2.65644e-05 2.59817e-05 -2.21778e-06 -3.013e-06 0 0 -2.7022e-07 0 
scan  350 0 9 2.6793e-05 2.7863e-05 1.99702e-05 -2.44222e-07 -3.86774e-06 0 0 0 0 
scan  350 0 14 0.000695191 0.00013237 0.000121603 -1.12821e-05 -5.03968e-05 0 0 2.96276e-07 0 
scan  350 0 15 7.37275e-05 2.60437e-05 2.29166e-05 -1.52746e-06 -3.9567e-06 0 0 0 0 
scan  350 0 20 2.11468e-06 2.2749e-05 1.52371e-06 -4.59587e-08 -8.87684e-08 0 0 2.75707e-06 0 
scan  350 0 25 6.41486e-07 2.25564e-05 4.53658e-07 -1.6827e-08 -1.74705e-09 0 0 2.18089e-06 0 
scan  350 0 16 0.000185617 5.70103e-05 5.46132e-05 -3.74527e-06 -4.92173e-06 0 0 -6.76481e-07 0 
scan  350 0 21 2.94027e-05 1.99822e-05 1.14131e-05 -4.83509e-07 -5.4468e-07 0 0 2.75707e-06 0 
scan  350 0 26 0.000110869 3.57537e-05 2.9721e-05 -1.9137e-06 -4.90178e-06 0 0 -7.54548e-06 0 
scan  350 0 17 0.000104975 3.31236e-05 2.85304e-05 -2.15614e-06 -5.01207e-06 0 0 6.76481e-07 0 
scan  350 0 22 6.26439e-05 3.5792e-05 3.00111e-05 -1.03484e-06 -5.06096e-06 0 0 -3.15555e-07 0 
scan  350 0 27 0.000211213 5.02949e-05 4.63558e-05 -4.99225e-06 -8.88289e-06 0 0 7.23151e-06 0 
scan  350 0 18 8.98309e-05 3.17007e-05 3.02215e-05 -1.36386e-06 -2.83736e-06 0 0 -6.64473e-21 0 
scan  350 0 23 9.6778e-05 5.64147e-05 4.60192e-05 -1.78119e-06 -7.37925e-06 0 0 0 0 
scan  350 0 28 0.000343469 7.03987e-05 6.69652e-05 -7.00402e-06 -1.25565e-05 0 0 2.55005e-06 0 
scan  350 0 19 0.000107371 3.5083e-05 3.15788e-05 -1.70275e-06 -4.94611e-06 0 0 0 0 
scan  350 0 24 1.7821e-05 2.14923e-05 9.43561e-06 -1.64695e-07 -4.73538e-07 0 0 0 0 
scan  350 0 29 0.000707903 0.000118072 0.000106608 -1.09079e-05 -4.25478e-05 0 0 1.44493e-06 0 
scan  350 0 75 3.17616e-06 8.01207e-06 2.86645e-06 -6.35395e-08 -5.27709e-08 0 0 0 0 
scan  350 0 80 3.25932e-07 1.12285e-05 3.25932e-07 -6.84063e-09 -1.74705e-09 0 0 0 0 
scan  350 0 85 3.06072e-07 1.12307e-05 3.06072e-07 -3.19523e-09 -7.01772e-08 0 0 -3.06072e-07 0 
scan  350 0 76 0 1.49626e-05 0 0 0 0 0 0 0 
scan  350 0 81 0 1.49632e-05 0 0 0 0 0 0 0 
scan  350 0 86 0 1.49762e-05 0 0 0 0 0 6.25024e-07 0 
scan  350 0 77 9.74408e-06 1.46582e-05 9.42387e-06 -3.20889e-07 -5.22252e-08 0 0 0 0 
scan  350 0 82 0 1.49626e-05 0 0 0 0 0 0 0 
scan  350 0 87 9.74964e-06 1.08066e-05 7.78242e-06 -1.24196e-07 -3.54007e-07 0 0 3.18953e-07 0 
scan  350 0 78 0 1.49632e-05 0 0 0 0 0 0 0 
scan  350 0 83 0 1.49626e-05 0 0 0 0 0 0 0 
scan  350 0 88 1.86029e-05 1.62475e-05 1.38633e-05 -1.97644e-07 -3.58628e-07 0 0 0 0 
scan  350 0 79 0 1.49626e-05 0 0 0 0 0 0 0 
scan  350 0 84 0 1.49626e-05 0 0 0 0 0 0 0 
scan  350 0 89 1.83489e-05 1.28615e-05 1.16171e-05 -2.44576e-07 -4.87032e-07 0 0 0 0 
scan  350 0 45 1.95822e-05 1.36509e-05 1.07788e-05 -5.19856e-07 -2.83032e-06 0 0 0 0 
scan  350 0 50 0 1.49627e-05 0 0 0 0 0 0 0 
scan  350 0 55 0 1.49626e-05 0 0 0 0 0 0 0 
scan  350 0 46 1.69263e-05 2.62902e-05 8.44163e-06 -4.41132e-07 -4.40802e-06 0 0 0 0 
scan  350 0 51 7.69982e-05 5.85664e-05 4.56877e-05 -1.57459e-06 -1.52199e-05 0 0 -1.32895e-20 0 
scan  350 0 56 2.76285e-06 1.58166e-05 2.76285e-06 -5.9509e-08 -3.3808e-07 0 0 3.1051e-07 0 
scan  350 0 47 0 1.51382e-05 0 0 0 0 0 0 0 
scan  350 0 52 1.03021e-06 1.12714e-05 1.03021e-06 -2.1622e-08 -9.43421e-08 0 0 0 0 
scan  350 0 57 4.28203e-05 4.40464e-05 4.19157e-05 -9.05311e-07 -3.60986e-06 0 0 3.1051e-07 0 
scan  350 0 48 1.22237e-05 1.1227e-05 8.27717e-06 -1.84253e-07 -4.77051e-07 0 0 0 0 
scan  350 0 53 0 1.49626e-05 0 0 0 0 0 0 0 
scan  350 0 58 3.03303e-05 2.02293e-05 1.85395e-05 -8.56939e-07 -2.56924e-06 0 0 0 0 
scan  350 0 49 0 1.49626e-05 0 0 0 0 0 0 0 
scan  350 0 54 0 1.49626e-05 0 0 0 0 0 0 0 
scan  350 0 59 1.56334e-06 7.53494e-06 8.66946e-07 -6.46131e-08 -1.21116e-07 0 0 0 0 
scan  350 0 165 4.56069e-06 4.71979e-06 2.62806e-06 -5.0803e-08 -1.46344e-07 -4.56069e-07 0 0 0 
scan  350 0 170 9.8215e-07 3.94778e-06 5.67164e-07 -1.02531e-08 -5.26735e-08 -9.8215e-08 0 0 0 
scan  350 0 175 0 7.48396e-06 0 0 0 0 0 0 0 
scan  350 0 166 7.80247e-05 5.33478e-05 5.2477e-05 -8.20392e-07 -4.0701e-06 -7.80247e-06 0 0 0 
scan  350 0 171 2.25805e-05 1.88211e-05 1.86629e-05 -2.35729e-07 -6.09603e-07 -2.25805e-06 0 0 0 
scan  350 0 176 4.12361e-05 3.4135e-05 3.24394e-05 -4.79359e-07 -5.03506e-07 -4.12361e-06 0 1.03003e-06 0 
scan  350 0 167 3.23555e-06 4.89764e-06 2.92225e-06 -3.37809e-08 -1.74655e-08 -3.23555e-07 0 0 0 
scan  350 0 172 0 7.48299e-06 0 0 0 0 0 0 0 
scan  350 0 177 1.38403e-05 1.24585e-05 8.15083e-06 -1.44486e-07 -6.72112e-07 -1.38403e-06 0 -1.03003e-06 0 
scan  350 0 168 3.20631e-06 5.13028e-06 2.89319e-06 -3.34722e-08 -1.09595e-07 -3.20631e-07 0 0 0 
scan  350 0 173 3.31492e-07 3.80009e-06 3.31492e-07 -3.4606e-09 -5.4165e-09 -3.31492e-08 0 0 0 
scan  350 0 178 4.63322e-05 3.31393e-05 3.27752e-05 -4.83699e-07 -1.37861e-06 -4.63322e-06 0 -6.64473e-21 0 
scan  350 0 169 7.5602e-06 8.58082e-06 7.5602e-06 -7.89245e-08 -4.0524e-08 -7.5602e-07 0 0 0 
scan  350 0 174 0 7.4813e-06 0 0 0 0 0 0 0 
scan  350 0 179 1.15503e-05 7.32251e-06 6.17786e-06 -1.20579e-07 -1.47417e-07 -1.15503e-06 0 0 0 
scan  350 0 135 4.43823e-05 2.67805e-05 2.1065e-05 -7.15174e-07 -5.12152e-06 -4.43823e-06 0 0 0 
scan  350 0 140 0 7.4813e-06 0 0 0 0 0 0 0 
scan  350 0 145 0 7.4813e-06 0 0 0 0 0 0 0 
scan  350 0 136 2.7803e-05 2.39168e-05 1.87916e-05 -3.08206e-07 -3.71774e-06 -2.7803e-06 0 1.52575e-06 0 
scan  350 0 141 3.15727e-05 2.80083e-05 2.75608e-05 -5.24593e-07 -7.67201e-07 -3.15727e-06 0 0 0 
scan  350 0 146 2.65918e-05 1.95432e-05 1.89162e-05 -2.80042e-07 -1.0231e-06 -2.65918e-06 0 0 0 
scan  350 0 137 2.43399e-06 4.9172e-06 1.61393e-06 -2.78242e-08 -8.84132e-08 -2.43399e-07 0 -1.52575e-06 0 
scan  350 0 142 1.39643e-05 1.185e-05 1.08725e-05 -1.46827e-07 -1.95271e-06 -1.39643e-06 0 0 0 
scan  350 0 147 1.94867e-05 1.12331e-05 9.07004e-06 -3.29311e-07 -3.23228e-07 -1.94867e-06 0 0 0 
scan  350 0 138 6.89324e-06 8.44475e-06 6.89324e-06 -7.50592e-08 -1.31191e-06 -6.89324e-07 0 0 0 
scan  350 0 143 3.29707e-07 5.48166e-06 3.29707e-07 -3.44197e-09 -8.87613e-09 -3.29707e-08 0 0 0 
scan  350 0 148 2.04733e-05 1.06099e-05 7.84397e-06 -2.589e-07 -8.39594e-07 -2.04733e-06 0 -2.05828e-06 0 
scan  350 0 139 0 7.4813e-06 0 0 0 0 0 0 0 
scan  350 0 144 0 7.4813e-06 0 0 0 0 0 0 0 
scan  350 0 149 1.29152e-05 8.51065e-06 5.79864e-06 -1.69835e-07 -9.37245e-07 -1.29152e-06 0 2.05828e-06 0 
scan  350 0 120 1.89765e-05 1.89296e-05 1.10956e-05 -3.30031e-07 -5.76027e-07 -1.89765e-06 0 0 0 
scan  350 0 125 0 2.2444e-05 0 0 0 0 0 0 0 
scan  350 0 130 2.99949e-06 1.89484e-05 2.99949e-06 0 -3.22397e-08 -2.99949e-07 0 3.21448e-07 0 
scan  350 0 121 2.98499e-05 1.91071e-05 1.45444e-05 -2.38662e-07 -2.05016e-06 -2.98499e-06 0 4.15296e-22 0 
scan  350 0 126 3.21448e-07 1.87691e-05 3.21448e-07 -6.74653e-09 0 -3.21448e-08 0 0 0 
scan  350 0 131 5.7487e-05 3.2095e-05 2.93671e-05 -6.02692e-07 -2.86527e-06 -5.7487e-06 0 -3.21448e-07 0 
scan  350 0 122 8.28906e-05 5.43782e-05 5.21155e-05 -9.65786e-07 -6.57182e-06 -8.28906e-06 0 0 0 
scan  350 0 127 7.03094e-06 1.30595e-05 4.25374e-06 -1.20946e-07 -7.198e-08 -7.03094e-07 0 0 0 
scan  350 0 132 4.15499e-05 3.20989e-05 1.69329e-05 -5.23941e-07 -1.0294e-06 -4.15499e-06 0 1.91451e-05 0 
scan  350 0 123 4.57614e-06 1.9125e-05 3.96128e-06 -4.77802e-08 -9.82992e-08 -4.57614e-07 0 0 0 
scan  350 0 128 6.47338e-07 1.49699e-05 4.57748e-07 -1.01614e-08 -2.0138e-08 -6.47338e-08 0 0 0 
scan  350 0 133 3.81683e-05 3.29829e-05 2.0862e-05 -1.55086e-07 -1.3366e-06 -3.81683e-06 0 -1.94731e-05 0 
scan  350 0 124 6.61515e-07 1.49703e-05 4.68095e-07 -3.32253e-09 -5.0595e-08 -6.61515e-08 0 0 0 
scan  350 0 129 3.32246e-07 1.87063e-05 3.32246e-07 0 -2.26364e-08 -3.32246e-08 0 0 0 
scan  350 0 134 2.26009e-05 1.10669e-05 7.74646e-06 -2.81885e-07 -4.48545e-07 -2.26009e-06 0 3.28062e-07 0 
scan  350 0 90 4.21593e-05 3.8539e-05 3.04455e-05 -9.05949e-08 -1.39687e-05 -4.21593e-06 0 0 0 
scan  350 0 95 1.34405e-05 2.22252e-05 1.15594e-05 -1.40312e-07 -2.50942e-06 -1.34405e-06 0 0 0 
scan  350 0 100 0 2.2444e-05 0 0 0 0 0 0 0 
scan  350 0 91 2.31568e-05 3.81797e-05 1.0953e-05 -3.16436e-07 -2.09289e-06 -2.31568e-06 0 -6.42018e-07 0 
scan  350 0 96 2.14465e-05 1.61144e-05 1.07606e-05 -1.84594e-07 -3.63599e-06 -2.14465e-06 0 0 0 
scan  350 0 101 7.99488e-05 3.91633e-05 3.57463e-05 -9.00684e-07 -8.05804e-06 -7.99488e-06 0 3.31652e-07 0 
scan  350 0 92 3.63784e-05 3.71102e-05 3.17439e-05 -4.0381e-07 -3.30226e-06 -3.63784e-06 0 6.42018e-07 0 
scan  350 0 97 1.51482e-05 1.79456e-05 1.04502e-05 -4.0273e-07 -1.2892e-07 -1.51482e-06 0 -9.05438e-06 0 
scan  350 0 102 9.4489e-05 4.15522e-05 3.69408e-05 -2.09839e-06 -3.49993e-06 -9.4489e-06 0 -3.31652e-07 0 
scan  350 0 93 1.51331e-05 2.42239e-05 1.51331e-05 0 -2.38322e-06 -1.51331e-06 0 0 0 
scan  350 0 98 5.02899e-06 2.17608e-05 5.02899e-06 -1.05548e-07 0 -5.02899e-07 0 9.05438e-06 0 
scan  350 0 103 4.83475e-05 3.7306e-05 2.04968e-05 -5.11199e-07 -4.63661e-06 -4.83475e-06 0 0 0 
scan  350 0 94 3.89675e-06 1.52268e-05 2.79338e-06 -1.46558e-07 -1.26576e-08 -3.89675e-07 0 0 0 
scan  350 0 99 0 2.28016e-05 0 0 0 0 0 0 0 
scan  350 0 104 5.16732e-05 4.32232e-05 3.33807e-05 -1.06133e-06 -3.08477e-07 -5.16732e-06 0 0 0 
