xsec 700 300 0.00185119
scan  700 300 30 1.46205e-05 2.79414e-06 2.5464e-06 -2.84721e-07 -1.96946e-07 0 0 -1.49914e-07 0 
scan  700 300 35 5.53702e-06 2.59223e-06 1.33801e-06 -9.12453e-08 -4.72589e-08 0 0 4.81818e-07 0 
scan  700 300 40 9.57171e-07 1.92196e-06 4.45021e-07 -1.87623e-08 -6.77263e-09 0 0 6.71079e-08 0 
scan  700 300 31 1.56626e-05 3.21759e-06 2.17441e-06 -2.51589e-07 -5.29199e-07 0 0 -4.41597e-09 0 
scan  700 300 36 9.72978e-06 1.78594e-06 1.66013e-06 -1.30947e-07 -1.93825e-07 0 0 3.49746e-07 0 
scan  700 300 41 2.66509e-05 3.84947e-06 3.24531e-06 -4.80272e-07 -3.71438e-07 0 0 -1.41053e-06 0 
scan  700 300 32 2.30716e-05 4.62226e-06 3.15607e-06 -3.36847e-07 -7.08387e-07 0 0 4.39537e-08 0 
scan  700 300 37 8.26018e-06 1.83353e-06 1.78549e-06 -1.16846e-07 -2.14854e-07 0 0 1.8585e-07 0 
scan  700 300 42 5.1412e-05 4.71062e-06 4.27499e-06 -8.54003e-07 -6.04858e-07 0 0 7.02961e-07 0 
scan  700 300 33 1.51457e-05 3.08467e-06 2.61552e-06 -2.36454e-07 -3.91572e-07 0 0 -9.87304e-07 0 
scan  700 300 38 5.72826e-06 1.4506e-06 1.24153e-06 -1.00246e-07 -2.97502e-07 0 0 2.41444e-07 0 
scan  700 300 43 6.93076e-05 6.10267e-06 5.29617e-06 -1.15638e-06 -1.09127e-06 0 0 2.55854e-06 0 
scan  700 300 34 3.14156e-05 4.05272e-06 3.5508e-06 -4.85175e-07 -1.08469e-06 0 0 7.51058e-07 0 
scan  700 300 39 1.35046e-05 2.63306e-06 2.58059e-06 -2.54742e-07 -2.8671e-07 0 0 1.238e-07 0 
scan  700 300 44 0.000272645 1.29256e-05 1.07443e-05 -4.43033e-06 -4.6194e-06 0 0 -3.25943e-06 0 
scan  700 300 0 7.4322e-07 4.36679e-07 3.24462e-07 -1.35567e-08 -3.66933e-08 0 0 0 0 
scan  700 300 5 2.95182e-08 6.58954e-07 2.25799e-08 0 -3.18037e-09 0 0 0 0 
scan  700 300 10 0 7.50527e-07 0 0 0 0 0 0 0 
scan  700 300 1 8.26703e-07 6.07383e-07 3.41134e-07 -1.40113e-08 -1.52386e-08 0 0 2.17564e-07 0 
scan  700 300 6 5.38997e-07 9.0008e-07 4.94279e-07 0 -1.74423e-08 0 0 0 0 
scan  700 300 11 3.48222e-07 4.40684e-07 1.81269e-07 -8.6683e-09 -2.99946e-08 0 0 -7.31228e-08 0 
scan  700 300 2 1.21164e-06 6.77838e-07 4.45491e-07 -2.97809e-08 -2.085e-08 0 0 2.6937e-07 0 
scan  700 300 7 1.40444e-07 5.97047e-07 6.85319e-08 -1.64054e-09 -8.64663e-09 0 0 0 0 
scan  700 300 12 3.07885e-06 1.68543e-06 1.4409e-06 -3.48046e-08 -8.22882e-07 0 0 8.12811e-08 0 
scan  700 300 3 9.57231e-07 4.82275e-07 3.65882e-07 -1.13751e-08 -5.63055e-08 0 0 -1.26652e-07 0 
scan  700 300 8 6.1447e-07 4.77228e-07 2.91292e-07 -9.03125e-09 -9.54122e-09 0 0 0 0 
scan  700 300 13 2.64737e-06 8.98685e-07 7.74101e-07 -5.23216e-08 -1.12796e-07 0 0 2.13737e-07 0 
scan  700 300 4 3.88651e-06 1.85777e-06 1.78661e-06 -2.31926e-08 -4.93952e-07 0 0 7.4846e-08 0 
scan  700 300 9 8.3227e-07 4.91233e-07 4.02244e-07 -1.70109e-08 -6.82136e-09 0 0 0 0 
scan  700 300 14 2.05999e-05 2.84267e-06 2.71763e-06 -4.28268e-07 -3.62246e-07 0 0 6.02725e-07 0 
scan  700 300 15 7.12509e-07 3.31928e-07 2.70966e-07 -1.40325e-08 -3.73831e-08 0 0 0 0 
scan  700 300 20 9.22087e-07 8.94547e-07 6.5594e-07 -9.14699e-09 -1.04141e-08 0 0 9.17136e-08 0 
scan  700 300 25 2.52152e-08 7.64764e-07 2.52152e-08 -9.60252e-10 0 0 0 0 0 
scan  700 300 16 1.38716e-06 7.7402e-07 6.80367e-07 -4.61117e-08 -1.80192e-07 0 0 1.48014e-07 0 
scan  700 300 21 8.78012e-07 1.08062e-06 7.8364e-07 -1.21815e-09 -3.63254e-08 0 0 9.17136e-08 0 
scan  700 300 26 9.79781e-07 1.12611e-06 7.26486e-07 -2.46258e-08 -4.02605e-08 0 0 0 0 
scan  700 300 17 2.91868e-06 1.6713e-06 1.38957e-06 -5.10628e-08 -6.19196e-08 0 0 8.38011e-08 0 
scan  700 300 22 6.70012e-07 6.35141e-07 4.03551e-07 -7.48971e-09 -1.92415e-08 0 0 0 0 
scan  700 300 27 2.80204e-06 1.37818e-06 1.26927e-06 -5.34966e-08 -4.11142e-08 0 0 7.51509e-09 0 
scan  700 300 18 1.38723e-06 1.26159e-06 5.70954e-07 -3.00854e-08 -3.81292e-08 0 0 2.16039e-07 0 
scan  700 300 23 1.52217e-07 4.922e-07 1.36172e-07 -1.6986e-09 -1.61071e-09 0 0 0 0 
scan  700 300 28 3.01167e-06 7.42192e-07 7.04761e-07 -5.20197e-08 -9.44126e-08 0 0 1.70162e-07 0 
scan  700 300 19 1.78923e-06 7.22408e-07 7.07857e-07 -4.11927e-08 -1.84734e-08 0 0 0 0 
scan  700 300 24 1.02302e-06 5.87005e-07 5.13304e-07 -2.49543e-08 -4.93116e-09 0 0 2.08167e-23 0 
scan  700 300 29 2.4689e-05 3.87578e-06 3.80771e-06 -4.1925e-07 -4.15755e-07 0 0 1.6188e-07 0 
scan  700 300 75 7.0828e-08 2.90119e-07 7.0828e-08 -1.48653e-09 -6.94464e-09 0 0 0 0 
scan  700 300 80 0 3.75001e-07 0 0 0 0 0 0 0 
scan  700 300 85 0 3.75001e-07 0 0 0 0 0 0 0 
scan  700 300 76 6.71544e-07 6.28654e-07 5.96649e-07 -1.32592e-08 -2.6061e-08 0 0 0 0 
scan  700 300 81 8.15822e-09 2.81369e-07 8.15822e-09 -1.71224e-10 -4.37234e-11 0 0 0 0 
scan  700 300 86 2.04495e-07 2.47441e-07 1.51367e-07 -2.87956e-09 -1.67847e-08 0 0 0 0 
scan  700 300 77 8.42413e-09 2.85763e-07 8.42413e-09 -8.79435e-11 -9.76525e-11 0 0 0 0 
scan  700 300 82 0 3.75062e-07 0 0 0 0 0 0 0 
scan  700 300 87 5.49678e-07 5.84842e-07 3.96307e-07 -6.10131e-09 -6.4951e-09 0 0 -3.79602e-07 0 
scan  700 300 78 0 3.75001e-07 0 0 0 0 0 0 0 
scan  700 300 83 0 3.75003e-07 0 0 0 0 0 0 0 
scan  700 300 88 2.37456e-07 4.46691e-07 1.41943e-07 -4.96912e-09 -5.92029e-09 0 0 3.79602e-07 0 
scan  700 300 79 0 3.75001e-07 0 0 0 0 0 0 0 
scan  700 300 84 0 3.75001e-07 0 0 0 0 0 0 0 
scan  700 300 89 7.64568e-07 5.26496e-07 5.03252e-07 -9.0129e-09 -3.01491e-08 0 0 0 0 
scan  700 300 45 9.59158e-08 3.01861e-07 8.81579e-08 -1.09973e-09 -3.04192e-08 0 0 0 0 
scan  700 300 50 7.865e-08 2.9994e-07 7.09632e-08 -1.6507e-09 -8.57607e-09 0 0 8.15464e-09 0 
scan  700 300 55 0 3.75001e-07 0 0 0 0 0 0 0 
scan  700 300 46 1.31875e-06 1.33376e-06 1.28776e-06 -7.15121e-08 -1.90669e-07 0 0 0 0 
scan  700 300 51 1.95345e-07 1.74465e-07 1.45119e-07 -2.67304e-09 -3.7237e-09 0 0 8.15464e-09 0 
scan  700 300 56 1.91979e-07 2.6504e-07 1.843e-07 -4.69032e-09 -3.64193e-09 0 0 0 0 
scan  700 300 47 4.43232e-08 1.92075e-07 3.75607e-08 -1.01816e-09 -1.85278e-09 0 0 0 0 
scan  700 300 52 7.85992e-09 2.81628e-07 7.85992e-09 -1.64963e-10 -1.1672e-09 0 0 0 0 
scan  700 300 57 4.64375e-07 4.02778e-07 3.46097e-07 -1.00442e-08 -8.29814e-08 0 0 0 0 
scan  700 300 48 8.15824e-09 2.83765e-07 8.15824e-09 -1.71224e-10 -4.3727e-11 0 0 0 0 
scan  700 300 53 0 3.75033e-07 0 0 0 0 0 0 0 
scan  700 300 58 2.56756e-07 1.58487e-07 1.10962e-07 -6.91798e-09 -3.64796e-08 0 0 0 0 
scan  700 300 49 4.82556e-07 4.10555e-07 2.93059e-07 -6.87203e-09 -5.93531e-08 0 0 0 0 
scan  700 300 54 0 3.75005e-07 0 0 0 0 0 0 0 
scan  700 300 59 1.64075e-06 8.70435e-07 8.58908e-07 -2.85357e-08 -1.38264e-07 0 0 0 0 
scan  700 300 165 4.51064e-07 2.38528e-07 2.27183e-07 -4.70887e-09 -5.94442e-09 -4.51064e-08 0 -8.31652e-09 0 
scan  700 300 170 1.33745e-07 1.67754e-07 1.33745e-07 -1.39622e-09 -1.40014e-09 -1.33745e-08 0 0 0 
scan  700 300 175 0 1.87501e-07 0 0 0 0 0 0 0 
scan  700 300 166 6.24213e-08 1.63276e-07 4.02087e-08 -6.51844e-10 -1.01497e-09 -6.24213e-09 0 8.31652e-09 0 
scan  700 300 171 1.65688e-08 1.75675e-08 1.1716e-08 -1.7297e-10 -2.68735e-10 -1.65688e-09 0 -8.31652e-09 0 
scan  700 300 176 3.5501e-07 2.41082e-07 2.19016e-07 -3.7082e-09 -4.1175e-09 -3.5501e-08 0 8.22247e-09 0 
scan  700 300 167 1.05862e-07 1.22214e-07 7.48558e-08 -1.10514e-09 -6.61818e-10 -1.05862e-08 0 0 0 
scan  700 300 172 2.68529e-08 9.84421e-08 2.68529e-08 -2.8033e-10 -1.43921e-10 -2.68529e-09 0 0 0 
scan  700 300 177 1.17395e-06 6.15558e-07 5.90585e-07 -1.23037e-08 -1.15425e-08 -1.17395e-07 0 9.18527e-11 0 
scan  700 300 168 6.44959e-08 1.09318e-07 4.62393e-08 -6.73303e-10 -3.45709e-10 -6.44959e-09 0 0 0 
scan  700 300 173 8.31638e-09 5.58319e-07 8.31638e-09 -8.68187e-11 -4.46322e-11 -8.31638e-10 0 5.38917e-07 0 
scan  700 300 178 6.49014e-07 4.63009e-07 3.96065e-07 -6.77791e-09 -3.82324e-09 -6.49014e-08 0 -5.29417e-08 0 
scan  700 300 169 4.93023e-07 3.98402e-07 3.83275e-07 -5.1469e-09 -2.40448e-08 -4.93023e-08 0 0 0 
scan  700 300 174 7.69981e-07 8.22708e-07 5.86363e-07 -9.67779e-09 -1.17218e-07 -7.69981e-08 0 5.47233e-07 0 
scan  700 300 179 5.22071e-06 1.74986e-06 1.66109e-06 -5.46686e-08 -7.04169e-08 -5.22071e-07 0 4.46273e-08 0 
scan  700 300 135 1.8059e-06 1.21928e-06 1.14246e-06 -1.88748e-08 -2.33757e-07 -1.8059e-07 0 0 0 
scan  700 300 140 0 1.98587e-07 0 0 0 0 0 0 0 
scan  700 300 145 3.56364e-08 1.02813e-07 3.56364e-08 -3.72025e-10 -6.44335e-09 -3.56364e-09 0 0 0 
scan  700 300 136 8.3154e-09 1.25072e-07 8.3154e-09 -8.68084e-11 -4.68964e-11 -8.3154e-10 0 0 0 
scan  700 300 141 8.31381e-09 3.95349e-07 8.31381e-09 -8.6815e-11 -5.28089e-11 -8.31381e-10 0 0 0 
scan  700 300 146 2.86281e-07 2.51943e-07 1.54556e-07 -2.98862e-09 -9.05545e-09 -2.86281e-08 0 0 0 
scan  700 300 137 7.79757e-07 6.40106e-07 6.24529e-07 -1.90127e-08 -4.5608e-08 -7.79757e-08 0 0 0 
scan  700 300 142 1.04676e-07 1.37984e-07 9.68752e-08 -1.09276e-09 -1.18992e-09 -1.04676e-08 0 0 0 
scan  700 300 147 2.94292e-07 1.64569e-07 1.31182e-07 -5.46696e-09 -6.385e-09 -2.94292e-08 0 0 0 
scan  700 300 138 1.93432e-07 1.77619e-07 1.69833e-07 -2.01933e-09 -4.02317e-08 -1.93432e-08 0 0 0 
scan  700 300 143 0 1.87501e-07 0 0 0 0 0 0 0 
scan  700 300 148 4.42669e-07 2.02423e-07 1.92652e-07 -4.65604e-09 -3.7254e-08 -4.42669e-08 0 0 0 
scan  700 300 139 7.88213e-09 1.21616e-07 7.88213e-09 -8.22853e-11 -1.40367e-09 -7.88213e-10 0 0 0 
scan  700 300 144 7.70967e-09 9.42786e-08 7.70967e-09 -8.50184e-11 -1.12062e-09 -7.70967e-10 0 0 0 
scan  700 300 149 1.28557e-06 7.85965e-07 7.74625e-07 -1.48083e-08 -2.30431e-08 -1.28557e-07 0 0 0 
scan  700 300 120 4.20958e-07 3.86308e-07 2.61293e-07 -8.41047e-09 -3.68823e-09 -4.20958e-08 0 0 0 
scan  700 300 125 6.09642e-08 3.82649e-07 5.35263e-08 -7.21325e-10 -3.7759e-10 -6.09642e-09 0 5.29182e-08 0 
scan  700 300 130 0 5.6265e-07 0 0 0 0 0 8.24041e-09 0 
scan  700 300 121 1.36047e-06 6.79941e-07 5.97134e-07 -1.79707e-08 -8.10069e-08 -1.36047e-07 0 0 0 
scan  700 300 126 3.02903e-07 4.52982e-07 2.34827e-07 -6.19175e-09 -1.81508e-09 -3.02903e-08 0 5.29182e-08 0 
scan  700 300 131 1.35276e-06 7.62733e-07 5.71387e-07 -1.59543e-08 -1.98702e-08 -1.35276e-07 0 -1.93357e-07 0 
scan  700 300 122 2.29084e-07 3.07505e-07 1.1824e-07 -1.51075e-09 -1.04421e-08 -2.29084e-08 0 0 0 
scan  700 300 127 2.47436e-08 5.21217e-07 1.4286e-08 -2.90842e-10 -5.39774e-10 -2.47436e-09 0 0 0 
scan  700 300 132 1.98217e-06 1.29148e-06 1.22267e-06 -3.63086e-08 -7.60653e-09 -1.98217e-07 0 1.85117e-07 0 
scan  700 300 123 8.04602e-09 4.68824e-07 8.04602e-09 -1.68869e-10 0 -8.04602e-10 0 0 0 
scan  700 300 128 2.38652e-07 4.6468e-07 1.65297e-07 -2.4061e-09 -2.8541e-09 -2.38652e-08 0 0 0 
scan  700 300 133 2.67406e-06 1.94595e-06 1.2398e-06 -2.52379e-08 -4.18994e-08 -2.67406e-07 0 8.04602e-09 0 
scan  700 300 124 3.86933e-07 3.60472e-07 2.14124e-07 -3.13533e-09 -5.90021e-08 -3.86933e-08 0 0 0 
scan  700 300 129 4.58539e-08 3.77107e-07 3.86545e-08 -1.68869e-10 -4.43663e-09 -4.58539e-09 0 0 0 
scan  700 300 134 6.5738e-06 2.38488e-06 1.80421e-06 -6.01922e-08 -1.74687e-07 -6.5738e-07 0 0 0 
scan  700 300 90 5.09055e-08 3.77687e-07 3.02033e-08 -1.68877e-10 -7.27113e-09 -5.09055e-09 0 0 0 
scan  700 300 95 1.71358e-07 4.34568e-07 1.38912e-07 -3.92972e-10 -1.89475e-08 -1.71358e-08 0 0 0 
scan  700 300 100 0 5.62502e-07 0 0 0 0 0 0 0 
scan  700 300 91 4.14449e-07 3.45881e-07 1.82765e-07 -9.12434e-09 -1.29285e-08 -4.14449e-08 0 0 0 
scan  700 300 96 1.54867e-07 4.09026e-07 1.23314e-07 -5.5746e-09 -2.06103e-09 -1.54867e-08 0 0 0 
scan  700 300 101 4.88406e-07 3.26255e-07 2.12595e-07 -2.47352e-09 -4.62064e-08 -4.88406e-08 0 0 0 
scan  700 300 92 1.04573e-07 3.87546e-07 6.42e-08 -1.91883e-09 -2.48636e-10 -1.04573e-08 0 0 0 
scan  700 300 97 1.72069e-07 4.88818e-07 1.32986e-07 -4.34023e-09 0 -1.72069e-08 0 0 0 
scan  700 300 102 1.25651e-06 8.88658e-07 7.85919e-07 -1.65036e-08 -1.72687e-08 -1.25651e-07 0 7.99347e-09 0 
scan  700 300 93 2.825e-08 3.75708e-07 2.22416e-08 -5.94452e-10 -3.16278e-09 -2.825e-09 0 0 0 
scan  700 300 98 0 5.64354e-07 0 0 0 0 0 0 0 
scan  700 300 103 1.77027e-06 6.45757e-07 5.75757e-07 -3.00326e-08 -5.78702e-08 -1.77027e-07 0 -2.40865e-08 0 
scan  700 300 94 1.64903e-08 3.7578e-07 1.1664e-08 -1.71243e-10 -6.35722e-10 -1.64903e-09 0 0 0 
scan  700 300 99 1.26637e-07 3.867e-07 9.07768e-08 -7.70979e-10 -8.01094e-09 -1.26637e-08 0 0 0 
scan  700 300 104 3.25038e-06 1.38194e-06 1.33752e-06 -5.96325e-08 -5.1572e-08 -3.25038e-07 0 0 0 
