xsec 850 650 0.000467488
scan  850 650 30 1.00089e-05 1.4471e-06 1.13958e-06 -1.47367e-07 -6.86341e-07 0 0 3.17322e-07 0 
scan  850 650 35 1.13955e-06 4.43332e-07 3.65338e-07 -1.2366e-08 -8.42812e-08 0 0 1.07633e-07 0 
scan  850 650 40 1.0874e-08 1.47844e-07 7.43373e-09 -1.26557e-10 -1.68525e-10 0 0 0 0 
scan  850 650 31 1.32729e-05 1.43387e-06 1.15415e-06 -2.54954e-07 -5.48992e-07 0 0 1.15962e-07 0 
scan  850 650 36 8.32025e-06 1.34126e-06 1.0585e-06 -1.3072e-07 -3.23071e-07 0 0 9.9174e-09 0 
scan  850 650 41 6.27536e-06 9.79084e-07 8.96334e-07 -1.08489e-07 -2.39802e-07 0 0 7.93739e-08 0 
scan  850 650 32 7.06713e-06 8.26285e-07 7.28773e-07 -1.18922e-07 -3.50017e-07 0 0 -8.44754e-08 0 
scan  850 650 37 4.59486e-06 1.25756e-06 7.13417e-07 -7.81832e-08 -1.8333e-07 0 0 -1.49333e-07 0 
scan  850 650 42 1.56409e-05 1.50345e-06 1.35499e-06 -2.3616e-07 -5.46421e-07 0 0 -2.34998e-07 0 
scan  850 650 33 5.21354e-06 1.24772e-06 8.90862e-07 -9.28999e-08 -2.7662e-07 0 0 -1.15597e-07 0 
scan  850 650 38 2.68899e-06 4.82054e-07 4.60464e-07 -3.97536e-08 -1.27784e-07 0 0 -1.59917e-08 0 
scan  850 650 43 1.4148e-05 1.4157e-06 1.23234e-06 -2.24701e-07 -6.19815e-07 0 0 -1.95034e-07 0 
scan  850 650 34 2.67693e-06 5.20421e-07 4.79761e-07 -4.19112e-08 -1.34344e-07 0 0 1.3933e-07 0 
scan  850 650 39 1.51413e-06 4.6678e-07 4.42272e-07 -2.41381e-08 -7.83833e-08 0 0 6.40391e-08 0 
scan  850 650 44 1.17059e-05 1.10067e-06 1.02958e-06 -2.10294e-07 -3.25362e-07 0 0 -3.49467e-08 0 
scan  850 650 0 8.99992e-07 3.17418e-07 2.45706e-07 -1.9532e-08 -1.09575e-07 0 0 1.32764e-07 0 
scan  850 650 5 1.67428e-07 1.82461e-07 9.40762e-08 -5.29508e-09 -4.4764e-10 0 0 0 0 
scan  850 650 10 3.24355e-08 1.68968e-07 3.24355e-08 0 -1.47173e-09 0 0 0 0 
scan  850 650 1 3.62524e-06 7.64201e-07 6.97318e-07 -7.08476e-08 -2.85734e-07 0 0 -9.83784e-08 0 
scan  850 650 6 5.80984e-07 2.94053e-07 1.92848e-07 -1.43432e-08 -3.97509e-08 0 0 2.19053e-09 0 
scan  850 650 11 8.39587e-07 4.17436e-07 2.94732e-07 -2.47596e-08 -1.86864e-08 0 0 -2.962e-08 0 
scan  850 650 2 2.03576e-06 4.87723e-07 4.50234e-07 -3.58794e-08 -1.102e-07 0 0 -1.0877e-07 0 
scan  850 650 7 8.53358e-07 2.48551e-07 2.41822e-07 -1.61604e-08 -4.58974e-08 0 0 -1.88901e-08 0 
scan  850 650 12 2.54116e-06 5.80861e-07 5.65359e-07 -5.79624e-08 -8.40634e-08 0 0 7.96825e-08 0 
scan  850 650 3 1.38573e-06 4.3183e-07 3.7563e-07 -3.03835e-08 -3.38415e-08 0 0 1.35873e-07 0 
scan  850 650 8 8.45016e-07 4.73209e-07 4.14108e-07 -1.4653e-08 -3.63293e-08 0 0 1.66337e-08 0 
scan  850 650 13 3.47959e-06 6.24783e-07 5.15555e-07 -5.98975e-08 -1.93191e-07 0 0 6.72875e-08 0 
scan  850 650 4 8.84486e-07 2.52249e-07 2.4416e-07 -1.50024e-08 -5.67364e-08 0 0 2.26024e-08 0 
scan  850 650 9 3.30586e-07 1.39937e-07 1.33321e-07 -5.94755e-09 -3.49505e-08 0 0 1.87983e-09 0 
scan  850 650 14 6.55159e-06 9.85603e-07 9.19806e-07 -1.11483e-07 -3.033e-07 0 0 6.60269e-08 0 
scan  850 650 15 1.99361e-06 4.77115e-07 4.3289e-07 -3.15977e-08 -1.41997e-07 0 0 -4.20748e-09 0 
scan  850 650 20 1.72324e-07 1.78213e-07 1.29031e-07 -8.47266e-10 -1.94181e-08 0 0 2.34032e-08 0 
scan  850 650 25 0 1.89428e-07 0 0 0 0 0 0 0 
scan  850 650 16 3.17392e-06 6.76147e-07 5.9886e-07 -6.8834e-08 -1.43004e-07 0 0 1.35729e-07 0 
scan  850 650 21 1.2006e-06 4.0288e-07 3.65063e-07 -1.92141e-08 -1.37105e-07 0 0 2.34032e-08 0 
scan  850 650 26 1.30951e-06 4.70408e-07 4.20038e-07 -3.1378e-08 -3.50158e-08 0 0 -1.05528e-07 0 
scan  850 650 17 3.60615e-06 9.48965e-07 7.11161e-07 -7.79969e-08 -2.28742e-07 0 0 -4.58571e-07 0 
scan  850 650 22 1.1713e-06 2.51522e-07 2.31964e-07 -1.96855e-08 -6.39706e-08 0 0 -2.34032e-08 0 
scan  850 650 27 2.82307e-06 4.92012e-07 4.27166e-07 -4.2376e-08 -2.17529e-07 0 0 2.86019e-08 0 
scan  850 650 18 1.13326e-06 5.68808e-07 3.68272e-07 -2.09117e-08 -2.59844e-08 0 0 -4.25201e-07 0 
scan  850 650 23 6.02059e-07 1.91237e-07 1.65201e-07 -1.31922e-08 -2.65313e-08 0 0 2.75386e-08 0 
scan  850 650 28 4.91304e-06 8.50246e-07 6.50184e-07 -9.62527e-08 -2.03802e-07 0 0 -3.21946e-08 0 
scan  850 650 19 1.88607e-06 7.19187e-07 4.60685e-07 -3.68015e-08 -1.09924e-07 0 0 5.11434e-07 0 
scan  850 650 24 4.69844e-07 1.80383e-07 1.07872e-07 -1.12046e-08 -1.46841e-08 0 0 2.01202e-09 0 
scan  850 650 29 6.16105e-06 1.00352e-06 8.8124e-07 -1.17051e-07 -1.64507e-07 0 0 -1.56734e-08 0 
scan  850 650 75 0 9.46812e-08 0 0 0 0 0 0 0 
scan  850 650 80 0 9.50213e-08 0 0 0 0 0 0 0 
scan  850 650 85 1.27203e-08 7.28584e-08 1.27203e-08 -2.66972e-10 -6.13032e-10 0 0 0 0 
scan  850 650 76 0 9.46812e-08 0 0 0 0 0 0 0 
scan  850 650 81 2.0024e-09 7.10576e-08 2.0024e-09 -4.20281e-11 -2.54474e-10 0 0 0 0 
scan  850 650 86 0 9.47552e-08 0 0 0 0 0 0 0 
scan  850 650 77 0 9.46812e-08 0 0 0 0 0 0 0 
scan  850 650 82 0 9.46812e-08 0 0 0 0 0 0 0 
scan  850 650 87 0 9.46812e-08 0 0 0 0 0 0 0 
scan  850 650 78 0 9.46812e-08 0 0 0 0 0 0 0 
scan  850 650 83 0 9.46812e-08 0 0 0 0 0 0 0 
scan  850 650 88 0 9.46812e-08 0 0 0 0 0 0 0 
scan  850 650 79 2.09667e-09 7.10421e-08 2.09667e-09 -2.18881e-11 -1.86833e-10 0 0 0 0 
scan  850 650 84 0 9.46812e-08 0 0 0 0 0 0 0 
scan  850 650 89 0 9.46812e-08 0 0 0 0 0 0 0 
scan  850 650 45 1.13861e-07 1.135e-07 7.97892e-08 -2.14467e-09 -2.05794e-08 0 0 6.04888e-08 0 
scan  850 650 50 2.05194e-08 7.56426e-08 2.05194e-08 -2.14212e-10 -3.764e-09 0 0 0 0 
scan  850 650 55 0 9.46812e-08 0 0 0 0 0 0 0 
scan  850 650 46 1.21504e-07 1.10597e-07 7.83882e-08 -2.08926e-09 -1.2825e-08 0 0 6.04888e-08 0 
scan  850 650 51 1.30112e-07 1.54749e-07 1.12174e-07 -2.57979e-09 -2.65458e-08 0 0 0 0 
scan  850 650 56 1.75555e-07 2.00742e-07 1.75555e-07 -3.68455e-09 -3.57751e-08 0 0 0 0 
scan  850 650 47 2.67177e-08 5.29859e-08 1.54392e-08 -4.57816e-10 -5.94757e-09 0 0 -1.25893e-08 0 
scan  850 650 52 1.51913e-07 1.35757e-07 1.25155e-07 -1.95799e-09 -1.29871e-08 0 0 0 0 
scan  850 650 57 9.72744e-08 7.54327e-08 5.66588e-08 -1.92201e-09 -1.14534e-08 0 0 -2.05124e-09 0 
scan  850 650 48 2.45188e-07 2.55906e-07 2.45188e-07 -1.21701e-08 -1.08099e-08 0 0 0 0 
scan  850 650 53 0 9.84406e-08 0 0 0 0 0 0 0 
scan  850 650 58 3.94129e-07 3.04661e-07 2.90178e-07 -4.79701e-09 -7.55625e-08 0 0 2.05124e-09 0 
scan  850 650 49 1.90669e-09 7.1037e-08 1.90669e-09 -6.91736e-11 -2.69381e-10 0 0 0 0 
scan  850 650 54 0 9.46812e-08 0 0 0 0 0 0 0 
scan  850 650 59 6.18989e-08 7.72954e-08 5.98262e-08 -1.01187e-09 -1.23213e-08 0 0 0 0 
scan  850 650 165 2.10533e-09 2.53225e-08 2.10533e-09 -2.19786e-11 -1.1292e-11 -2.10533e-10 0 0 0 
scan  850 650 170 0 4.7379e-08 0 0 0 0 0 0 0 
scan  850 650 175 0 4.73406e-08 0 0 0 0 0 0 0 
scan  850 650 166 2.63844e-08 3.46681e-08 2.47008e-08 -2.9529e-10 -3.61527e-10 -2.63844e-09 0 0 0 
scan  850 650 171 9.54247e-09 2.56124e-08 9.54247e-09 -9.96183e-11 -5.29099e-11 -9.54247e-10 0 0 0 
scan  850 650 176 4.17549e-08 5.06489e-08 3.19065e-08 -4.36393e-10 -1.04269e-09 -4.17549e-09 0 3.1108e-08 0 
scan  850 650 167 1.88015e-08 3.03831e-08 1.88015e-08 -1.96278e-10 -1.53333e-09 -1.88015e-09 0 0 0 
scan  850 650 172 5.856e-08 1.86728e-07 4.99395e-08 -6.1134e-10 -8.28232e-10 -5.856e-09 0 0 0 
scan  850 650 177 5.09206e-08 4.98909e-08 2.93987e-08 -5.33147e-10 -2.18204e-09 -5.09206e-09 0 3.1108e-08 0 
scan  850 650 168 0 4.73406e-08 0 0 0 0 0 0 0 
scan  850 650 173 3.0239e-07 3.50617e-07 3.00292e-07 -3.1568e-09 -1.62305e-09 -3.0239e-08 0 0 0 
scan  850 650 178 3.16682e-08 3.49997e-08 2.29131e-08 -3.30598e-10 -2.33198e-09 -3.16682e-09 0 0 0 
scan  850 650 169 0 4.73406e-08 0 0 0 0 0 0 0 
scan  850 650 174 1.92186e-08 3.05558e-08 1.92186e-08 -2.00632e-10 -3.35367e-10 -1.92186e-09 0 0 0 
scan  850 650 179 0 4.73406e-08 0 0 0 0 0 0 0 
scan  850 650 135 3.40227e-07 1.99985e-07 1.59818e-07 -4.68383e-09 -4.54983e-08 -3.40227e-08 0 -8.00848e-08 0 
scan  850 650 140 3.66296e-08 4.05442e-08 3.16447e-08 -4.63905e-10 -7.20353e-10 -3.66296e-09 0 0 0 
scan  850 650 145 0 4.73406e-08 0 0 0 0 0 0 0 
scan  850 650 136 1.54609e-07 1.21846e-07 5.91914e-08 -2.14675e-09 -1.13877e-08 -1.54609e-08 0 8.59526e-08 0 
scan  850 650 141 1.67273e-07 1.05619e-07 9.93061e-08 -1.74748e-09 -6.94783e-09 -1.67273e-08 0 0 0 
scan  850 650 146 1.4119e-07 7.34843e-08 5.82056e-08 -1.54865e-09 -7.16943e-09 -1.4119e-08 0 0 0 
scan  850 650 137 4.76704e-07 3.18659e-07 3.11902e-07 -5.65282e-09 -9.63627e-09 -4.76704e-08 0 -4.29184e-08 0 
scan  850 650 142 6.55057e-08 5.68166e-08 4.97205e-08 -6.83878e-10 -2.61918e-09 -6.55057e-09 0 0 0 
scan  850 650 147 1.41294e-07 5.90802e-08 5.36556e-08 -1.7555e-09 -1.22783e-08 -1.41294e-08 0 0 0 
scan  850 650 138 1.9082e-08 2.9918e-08 1.3458e-08 -2.26782e-10 -4.37459e-10 -1.9082e-09 0 1.08643e-08 0 
scan  850 650 143 1.86965e-08 3.06966e-08 1.86965e-08 -1.95181e-10 -1.91093e-09 -1.86965e-09 0 0 0 
scan  850 650 148 9.33299e-08 6.22483e-08 5.98602e-08 -1.6141e-09 -1.42065e-08 -9.33299e-09 0 0 0 
scan  850 650 139 2.34676e-08 1.96285e-08 1.94857e-08 -2.51632e-10 -1.25789e-10 -2.34676e-09 0 0 0 
scan  850 650 144 5.85045e-08 6.56563e-08 5.85045e-08 -6.10756e-10 -1.24968e-08 -5.85045e-09 0 0 0 
scan  850 650 149 2.28614e-07 1.13347e-07 1.10841e-07 -2.94964e-09 -5.45362e-09 -2.28614e-08 0 0 0 
scan  850 650 120 3.0018e-08 3.10753e-07 2.04903e-08 -2.42698e-10 -9.801e-10 -3.0018e-09 0 0 0 
scan  850 650 125 2.03688e-09 1.18426e-07 2.03688e-09 -4.27499e-11 0 -2.03688e-10 0 0 0 
scan  850 650 130 0 1.42022e-07 0 0 0 0 0 0 0 
scan  850 650 121 7.39243e-07 7.61426e-07 4.28893e-07 -8.73161e-09 -2.97294e-08 -7.39243e-08 0 0 0 
scan  850 650 126 2.33795e-08 7.89638e-08 1.94835e-08 -2.43867e-10 -4.71851e-10 -2.33795e-09 0 0 0 
scan  850 650 131 1.92149e-08 9.56874e-08 1.35607e-08 -2.4366e-10 -2.58096e-10 -1.92149e-09 0 0 0 
scan  850 650 122 2.10351e-09 3.26271e-07 2.10351e-09 -2.19596e-11 -1.92312e-11 -2.10351e-10 0 0 0 
scan  850 650 127 2.17487e-09 1.18379e-07 2.17487e-09 0 -2.35129e-11 -2.17487e-10 0 0 0 
scan  850 650 132 5.23915e-07 3.44723e-07 3.37337e-07 -8.22415e-10 -6.69745e-09 -5.23915e-08 0 -2.1025e-09 0 
scan  850 650 123 0 1.42022e-07 0 0 0 0 0 0 0 
scan  850 650 128 0 1.42022e-07 0 0 0 0 0 0 0 
scan  850 650 133 4.51438e-08 7.71208e-08 2.75346e-08 -6.42012e-10 -6.19526e-10 -4.51438e-09 0 2.1025e-09 0 
scan  850 650 124 0 1.42022e-07 0 0 0 0 0 0 0 
scan  850 650 129 0 1.42022e-07 0 0 0 0 0 0 0 
scan  850 650 134 2.34547e-08 9.85969e-08 1.94934e-08 -2.44855e-10 -2.00559e-10 -2.34547e-09 0 -1.92672e-08 0 
scan  850 650 90 8.18491e-07 3.60762e-07 3.37759e-07 -2.04193e-08 -2.92371e-08 -8.18491e-08 0 -1.02673e-08 0 
scan  850 650 95 5.80851e-08 1.06494e-07 4.80605e-08 -1.14359e-09 -4.65045e-10 -5.80851e-09 0 0 0 
scan  850 650 100 0 1.42022e-07 0 0 0 0 0 0 0 
scan  850 650 91 5.31287e-07 3.06551e-07 2.27849e-07 -7.83547e-09 -5.87893e-08 -5.31287e-08 0 1.02673e-08 0 
scan  850 650 96 9.97526e-08 9.39781e-08 5.17148e-08 -9.97048e-10 -1.22801e-08 -9.97526e-09 0 0 0 
scan  850 650 101 5.30166e-07 3.72884e-07 3.38867e-07 -4.85123e-09 -1.82974e-08 -5.30166e-08 0 1.09303e-07 0 
scan  850 650 92 7.48115e-07 3.67649e-07 3.46099e-07 -1.95865e-08 -7.1021e-08 -7.48115e-08 0 0 0 
scan  850 650 97 4.44068e-07 2.01711e-07 1.77743e-07 -9.3857e-09 -1.97248e-08 -4.44068e-08 0 0 0 
scan  850 650 102 4.13683e-07 2.40997e-07 2.07008e-07 -1.52559e-09 -2.48867e-08 -4.13683e-08 0 7.30833e-08 0 
scan  850 650 93 2.47468e-07 2.27869e-07 1.8521e-07 -5.4379e-09 -9.41995e-10 -2.47468e-08 0 0 0 
scan  850 650 98 1.48575e-07 1.56211e-07 1.22033e-07 -2.90747e-09 -2.64104e-09 -1.48575e-08 0 0 0 
scan  850 650 103 4.31991e-07 2.11617e-07 1.92666e-07 -4.79437e-09 -2.48594e-08 -4.31991e-08 0 1.04267e-08 0 
scan  850 650 94 5.29183e-08 1.03956e-07 4.25264e-08 -1.8824e-09 -1.49528e-09 -5.29183e-09 0 0 0 
scan  850 650 99 2.384e-08 1.20753e-07 2.384e-08 -5.00398e-10 0 -2.384e-09 0 0 0 
scan  850 650 104 4.38739e-07 2.27932e-07 2.18416e-07 -4.21024e-09 -4.02303e-08 -4.38739e-08 0 0 0 
