xsec 850 400 0.000467488
scan  850 400 30 2.24599e-06 5.5021e-07 4.93394e-07 -3.33856e-08 -3.26637e-08 0 0 2.10245e-07 0 
scan  850 400 35 3.4743e-07 4.19404e-07 1.06811e-07 -4.29694e-09 -5.43751e-09 0 0 0 0 
scan  850 400 40 5.6864e-07 3.8722e-07 2.69712e-07 -1.55135e-08 -1.47296e-09 0 0 -7.37597e-11 0 
scan  850 400 31 3.51106e-06 6.6076e-07 6.18212e-07 -4.90758e-08 -8.15536e-08 -2.13852e-10 0 -1.16838e-07 0 
scan  850 400 36 1.50263e-06 3.75918e-07 3.42973e-07 -2.35333e-08 -2.04006e-08 0 0 -4.53394e-08 0 
scan  850 400 41 5.50234e-06 6.7807e-07 6.56445e-07 -1.10467e-07 -6.35033e-08 0 0 -1.11998e-07 0 
scan  850 400 32 3.95651e-06 6.26244e-07 5.35998e-07 -6.02955e-08 -1.27995e-07 0 0 -1.79963e-07 0 
scan  850 400 37 1.451e-06 3.80754e-07 3.30228e-07 -2.41901e-08 -3.19477e-08 0 0 6.7152e-08 0 
scan  850 400 42 1.1551e-05 1.12459e-06 1.02969e-06 -1.87243e-07 -1.39529e-07 0 0 2.73117e-07 0 
scan  850 400 33 4.47389e-06 7.90378e-07 7.33571e-07 -8.78782e-08 -1.01385e-07 0 0 7.88883e-08 0 
scan  850 400 38 1.29908e-06 2.34672e-07 2.22152e-07 -2.14997e-08 -4.38151e-08 0 0 -5.1646e-09 0 
scan  850 400 43 1.44961e-05 1.29008e-06 1.16848e-06 -2.32845e-07 -2.19291e-07 0 0 1.69355e-07 0 
scan  850 400 34 7.75791e-06 9.95467e-07 9.72061e-07 -1.15359e-07 -1.52545e-07 0 0 -9.653e-08 0 
scan  850 400 39 3.16744e-06 6.34586e-07 5.76331e-07 -4.8165e-08 -6.83012e-08 0 0 9.6376e-08 0 
scan  850 400 44 8.7153e-05 3.60017e-06 3.00389e-06 -1.4057e-06 -1.26994e-06 0 0 -5.66588e-07 0 
scan  850 400 0 2.43779e-08 1.19409e-07 1.60408e-08 -4.40356e-10 -5.1706e-10 0 0 0 0 
scan  850 400 5 0 1.89295e-07 0 0 0 0 0 0 0 
scan  850 400 10 0 1.89299e-07 0 0 0 0 0 0 0 
scan  850 400 1 3.04066e-07 1.78076e-07 1.40455e-07 -5.38332e-09 -3.6802e-08 0 0 0 0 
scan  850 400 6 0 1.95783e-07 0 0 0 0 0 0 0 
scan  850 400 11 1.45764e-07 1.37999e-07 1.00269e-07 -3.52149e-09 -2.18117e-09 0 0 2.13852e-09 0 
scan  850 400 2 2.56145e-07 1.36294e-07 9.69325e-08 -4.89243e-09 -8.82859e-09 0 0 -4.18622e-09 0 
scan  850 400 7 1.0789e-07 1.54887e-07 9.76638e-08 -3.70451e-10 -2.45939e-09 0 0 0 0 
scan  850 400 12 3.74009e-07 2.79874e-07 2.2837e-07 -1.05363e-08 -1.39218e-08 0 0 2.99882e-08 0 
scan  850 400 3 1.19422e-07 1.34178e-07 7.60266e-08 -1.44908e-09 -1.18503e-09 0 0 4.18622e-09 0 
scan  850 400 8 2.08816e-08 1.43406e-07 1.51915e-08 -3.54773e-10 -1.57282e-09 0 0 0 0 
scan  850 400 13 4.11936e-07 2.24919e-07 1.41341e-07 -8.05149e-09 -1.04561e-08 0 0 -4.16421e-08 0 
scan  850 400 4 3.51723e-07 2.01421e-07 1.76715e-07 -3.9179e-09 -9.22054e-09 0 0 0 0 
scan  850 400 9 2.5964e-07 1.43185e-07 1.21268e-07 -3.98523e-09 -6.40373e-09 0 0 0 0 
scan  850 400 14 5.47786e-06 9.04048e-07 8.93044e-07 -8.52425e-08 -1.10488e-07 0 0 -1.44724e-08 0 
scan  850 400 15 4.64224e-08 9.81756e-08 2.40404e-08 -8.93681e-10 -4.32162e-10 0 0 0 0 
scan  850 400 20 1.82409e-07 2.54547e-07 1.82409e-07 -6.40521e-09 -9.86915e-10 0 0 0 0 
scan  850 400 25 0 1.89947e-07 0 0 0 0 0 0 0 
scan  850 400 16 3.80648e-08 1.63729e-07 2.29222e-08 -1.34985e-09 -1.29287e-09 0 0 0 0 
scan  850 400 21 2.87087e-08 1.38335e-07 1.9278e-08 -5.52095e-10 -1.16312e-09 0 0 0 0 
scan  850 400 26 3.31166e-07 2.3463e-07 2.10724e-07 -3.61092e-09 -7.0531e-09 0 0 0 0 
scan  850 400 17 4.50441e-07 2.6991e-07 2.30573e-07 -8.15138e-09 -3.99207e-08 0 0 1.29668e-08 0 
scan  850 400 22 3.4398e-08 1.45751e-07 3.22649e-08 -1.01867e-09 -3.57101e-11 0 0 0 0 
scan  850 400 27 3.42401e-07 1.51602e-07 1.16368e-07 -6.8885e-09 -1.92991e-08 0 0 0 0 
scan  850 400 18 2.62524e-07 1.8501e-07 1.56565e-07 -4.31427e-09 -9.74683e-09 0 0 -1.29668e-08 0 
scan  850 400 23 2.29607e-07 1.52664e-07 1.18012e-07 -4.19077e-09 -1.07682e-08 0 0 0 0 
scan  850 400 28 4.54064e-07 2.7878e-07 2.30508e-07 -2.54966e-09 -8.20342e-08 0 0 0 0 
scan  850 400 19 6.24609e-07 2.99377e-07 2.86776e-07 -2.78543e-09 -2.20828e-08 0 0 -1.8461e-08 0 
scan  850 400 24 2.76692e-07 1.99884e-07 1.70096e-07 -5.1826e-09 -8.47533e-09 0 0 0 0 
scan  850 400 29 4.22642e-06 5.94351e-07 5.77944e-07 -7.2656e-08 -1.17071e-07 0 0 -6.55578e-09 0 
scan  850 400 75 0 9.46486e-08 0 0 0 0 0 0 0 
scan  850 400 80 0 9.46515e-08 0 0 0 0 0 0 0 
scan  850 400 85 0 9.46476e-08 0 0 0 0 0 0 0 
scan  850 400 76 1.29666e-08 7.21608e-08 1.29666e-08 -2.72143e-10 -6.95424e-11 0 0 0 0 
scan  850 400 81 4.2755e-09 7.10707e-08 3.02324e-09 -4.4634e-11 -5.22189e-11 0 0 0 0 
scan  850 400 86 1.44968e-08 4.93184e-08 1.25834e-08 -2.82235e-10 -2.3202e-09 0 0 0 0 
scan  850 400 77 3.32476e-08 8.6181e-08 3.32476e-08 -6.97799e-10 -1.78213e-10 0 0 -3.32476e-08 0 
scan  850 400 82 2.07023e-09 7.15383e-08 2.07023e-09 -4.3555e-11 -1.10966e-11 0 0 0 0 
scan  850 400 87 3.34162e-07 2.16272e-07 2.10846e-07 -4.29131e-09 -7.05582e-09 0 0 0 0 
scan  850 400 78 0 1.01195e-07 0 0 0 0 0 3.32476e-08 0 
scan  850 400 83 0 9.49425e-08 0 0 0 0 0 0 0 
scan  850 400 88 1.85127e-07 9.77866e-08 8.35879e-08 -3.00046e-09 -2.15012e-09 0 0 0 0 
scan  850 400 79 0 9.46476e-08 0 0 0 0 0 0 0 
scan  850 400 84 0 9.46476e-08 0 0 0 0 0 0 0 
scan  850 400 89 9.3911e-07 4.56623e-07 4.53866e-07 -1.57336e-08 -3.98226e-08 0 0 0 0 
scan  850 400 45 2.76641e-08 5.36582e-08 2.39173e-08 -6.04096e-10 -3.4517e-09 0 0 0 0 
scan  850 400 50 0 9.46476e-08 0 0 0 0 0 0 0 
scan  850 400 55 0 9.46476e-08 0 0 0 0 0 0 0 
scan  850 400 46 1.9872e-09 7.13625e-08 1.9872e-09 -4.17071e-11 -3.18565e-10 0 0 0 0 
scan  850 400 51 2.03253e-09 7.14222e-08 2.03253e-09 -4.26586e-11 -1.66649e-10 0 0 0 0 
scan  850 400 56 5.71656e-08 6.27329e-08 3.84914e-08 -7.71248e-10 -6.04922e-09 0 0 0 0 
scan  850 400 47 2.25468e-08 7.47835e-08 2.25468e-08 -4.73211e-10 -4.96837e-09 0 0 0 0 
scan  850 400 52 1.94574e-09 7.10188e-08 1.94574e-09 -2.03125e-11 -4.46067e-10 0 0 0 0 
scan  850 400 57 8.76602e-08 7.13462e-08 5.10318e-08 -1.53988e-09 -1.47193e-08 0 0 0 0 
scan  850 400 48 2.68907e-08 5.91212e-08 2.49105e-08 -3.03138e-10 -2.30788e-09 0 0 2.48247e-08 0 
scan  850 400 53 0 9.48913e-08 0 0 0 0 0 0 0 
scan  850 400 58 3.48196e-07 2.19121e-07 2.02351e-07 -5.73416e-09 -6.15757e-08 0 0 0 0 
scan  850 400 49 0 9.46512e-08 0 0 0 0 0 0 0 
scan  850 400 54 0 9.46476e-08 0 0 0 0 0 0 0 
scan  850 400 59 1.80268e-07 8.25886e-08 7.39578e-08 -3.29008e-09 -1.2682e-08 0 0 0 0 
scan  850 400 165 8.82673e-09 2.47032e-08 7.04083e-09 -9.21465e-11 -5.35878e-11 -8.82673e-10 0 0 0 
scan  850 400 170 0 4.73238e-08 0 0 0 0 0 0 0 
scan  850 400 175 0 4.73238e-08 0 0 0 0 0 0 0 
scan  850 400 166 2.44598e-08 3.0997e-08 1.84995e-08 -2.55447e-10 -1.66093e-10 -2.44598e-09 0 0 0 
scan  850 400 171 0 4.73238e-08 0 0 0 0 0 0 0 
scan  850 400 176 1.20004e-07 1.00135e-07 9.62536e-08 -1.25278e-09 -6.43243e-10 -1.20004e-08 0 0 0 
scan  850 400 167 1.74039e-07 1.38838e-07 1.35486e-07 -1.81687e-09 -9.33231e-10 -1.74039e-08 0 0 0 
scan  850 400 172 7.16193e-08 7.50327e-08 5.30345e-08 -7.47668e-10 -1.29587e-09 -7.16193e-09 0 -4.6945e-08 0 
scan  850 400 177 6.01164e-07 2.96755e-07 2.86606e-07 -6.27586e-09 -6.84544e-09 -6.01164e-08 0 8.4064e-23 0 
scan  850 400 168 2.09695e-09 2.37593e-08 2.09695e-09 -2.18911e-11 -4.50338e-11 -2.09695e-10 0 0 0 
scan  850 400 173 0 6.66586e-08 0 0 0 0 0 4.6945e-08 0 
scan  850 400 178 3.55576e-07 2.09505e-07 2.05955e-07 -3.7121e-09 -4.6702e-09 -3.55576e-08 0 -1.32183e-08 0 
scan  850 400 169 2.69985e-08 2.51777e-08 2.50248e-08 -2.8185e-10 -3.64198e-10 -2.69985e-09 0 0 0 
scan  850 400 174 1.31264e-07 1.29937e-07 1.27078e-07 -1.37032e-09 -8.73133e-10 -1.31264e-08 0 0 0 
scan  850 400 179 5.85006e-07 2.21272e-07 2.09661e-07 -6.70812e-09 -1.67873e-08 -5.85006e-08 0 1.32183e-08 0 
scan  850 400 135 3.4199e-08 4.51654e-08 3.26813e-08 -7.52769e-10 -4.66509e-10 -3.4199e-09 0 0 0 
scan  850 400 140 8.94165e-09 2.8078e-08 8.94165e-09 -9.33462e-11 -1.48506e-09 -8.94165e-10 0 -8.94165e-09 0 
scan  850 400 145 2.11061e-09 2.37718e-08 2.11061e-09 -2.20337e-11 -1.13133e-11 -2.11061e-10 0 0 0 
scan  850 400 136 1.3598e-07 1.3312e-07 8.45561e-08 -1.77409e-09 -1.1877e-08 -1.3598e-08 0 0 0 
scan  850 400 141 8.27508e-09 2.74334e-08 6.79376e-09 -9.66945e-11 -8.06457e-10 -8.27508e-10 0 8.94165e-09 0 
scan  850 400 146 6.2669e-08 7.3616e-08 5.89743e-08 -6.70072e-10 -9.23204e-10 -6.2669e-09 0 0 0 
scan  850 400 137 1.67259e-07 1.50408e-07 1.09162e-07 -1.80195e-09 -1.24289e-08 -1.67259e-08 0 0 0 
scan  850 400 142 2.09237e-09 2.59471e-08 2.09237e-09 -2.18433e-11 -6.52904e-11 -2.09237e-10 0 0 0 
scan  850 400 147 5.2024e-08 6.96002e-08 3.84365e-08 -5.44532e-10 -2.80363e-10 -5.2024e-09 0 4.69205e-08 0 
scan  850 400 138 7.34756e-09 4.15022e-08 5.65542e-09 -7.67047e-11 -8.40506e-10 -7.34756e-10 0 3.12016e-08 0 
scan  850 400 143 0 4.73238e-08 0 0 0 0 0 0 0 
scan  850 400 148 2.59872e-07 1.23585e-07 9.93921e-08 -3.14612e-09 -1.66109e-09 -2.59872e-08 0 -4.48156e-08 0 
scan  850 400 139 3.12016e-08 5.17074e-08 3.12016e-08 -1.07244e-09 -1.68722e-10 -3.12016e-09 0 -3.12016e-08 0 
scan  850 400 144 4.21822e-09 2.38567e-08 2.98273e-09 -4.4036e-11 -3.53991e-11 -4.21822e-10 0 0 0 
scan  850 400 149 6.04805e-07 2.35614e-07 2.20742e-07 -6.43617e-09 -2.41093e-08 -6.04805e-08 0 0 0 
scan  850 400 120 1.29727e-08 9.51182e-08 7.62207e-09 -1.56967e-10 -9.783e-11 -1.29727e-09 0 0 0 
scan  850 400 125 4.30549e-09 1.18507e-07 3.04468e-09 0 -2.53502e-10 -4.30549e-10 0 0 0 
scan  850 400 130 2.02378e-08 1.19781e-07 1.82496e-08 -2.16536e-10 -1.08478e-10 -2.02378e-09 0 0 0 
scan  850 400 121 9.0296e-08 8.47373e-08 4.4203e-08 -5.99307e-10 -1.07547e-09 -9.0296e-09 0 0 0 
scan  850 400 126 3.00712e-07 1.92793e-07 1.81865e-07 -1.59031e-09 -1.82844e-08 -3.00712e-08 0 0 0 
scan  850 400 131 2.65696e-08 1.64585e-07 1.62433e-08 -2.54787e-10 -1.18952e-09 -2.65696e-09 0 4.69474e-08 0 
scan  850 400 122 9.28789e-08 1.10447e-07 4.79926e-08 -5.65164e-10 -1.53312e-08 -9.28789e-09 0 0 0 
scan  850 400 127 2.4e-08 1.20776e-07 2.4e-08 -5.18887e-10 0 -2.4e-09 0 0 0 
scan  850 400 132 6.08103e-07 2.8171e-07 2.65339e-07 -4.21818e-09 -8.78261e-09 -6.08103e-08 0 4.69474e-08 0 
scan  850 400 123 1.9658e-07 1.42233e-07 1.03616e-07 -2.2935e-09 -1.19938e-08 -1.9658e-08 0 -2.1016e-23 0 
scan  850 400 128 1.73709e-08 9.79444e-08 1.35406e-08 -2.02883e-10 -8.2166e-11 -1.73709e-09 0 0 0 
scan  850 400 133 9.81529e-07 3.64562e-07 3.31919e-07 -1.1437e-08 -1.97331e-08 -9.81529e-08 0 0 0 
scan  850 400 124 3.59173e-07 2.29066e-07 2.14682e-07 -5.92523e-09 -9.0671e-10 -3.59173e-08 0 0 0 
scan  850 400 129 5.64241e-08 8.48744e-08 4.60373e-08 -1.04543e-09 -7.46022e-11 -5.64241e-09 0 0 0 
scan  850 400 134 1.77493e-06 4.99223e-07 4.60968e-07 -1.41047e-08 -6.65738e-08 -1.77493e-07 0 1.81356e-08 0 
scan  850 400 90 2.02185e-08 9.64167e-08 1.82542e-08 -2.1107e-10 -1.99281e-10 -2.02185e-09 0 0 0 
scan  850 400 95 0 1.41971e-07 0 0 0 0 0 0 0 
scan  850 400 100 2.02784e-09 1.18345e-07 2.02784e-09 -2.11696e-11 -2.78566e-10 -2.02784e-10 0 0 0 
scan  850 400 91 1.53926e-07 1.37086e-07 9.6289e-08 -2.85175e-09 -6.42445e-09 -1.53926e-08 0 0 0 
scan  850 400 96 1.0254e-07 1.00969e-07 6.25718e-08 -2.99789e-09 -7.45168e-10 -1.0254e-08 0 0 0 
scan  850 400 101 2.03286e-08 1.00361e-07 1.19959e-08 -1.92522e-10 -3.48171e-10 -2.03286e-09 0 0 0 
scan  850 400 92 9.63798e-08 1.60567e-07 9.2274e-08 -1.02769e-09 -2.48797e-09 -9.63798e-09 0 9.04215e-08 0 
scan  850 400 97 4.06771e-09 1.18374e-07 2.8776e-09 -4.31117e-11 -4.52112e-10 -4.06771e-10 0 0 0 
scan  850 400 102 1.14247e-07 6.72453e-08 4.28557e-08 -1.33899e-09 -6.15059e-09 -1.14247e-08 0 -6.4401e-09 0 
scan  850 400 93 1.47246e-08 9.55537e-08 1.2846e-08 -3.3478e-10 -2.28933e-10 -1.47246e-09 0 2.04196e-09 0 
scan  850 400 98 2.17785e-09 1.18363e-07 2.17785e-09 0 -3.37687e-11 -2.17785e-10 0 2.17785e-09 0 
scan  850 400 103 2.74442e-07 1.33999e-07 1.06984e-07 -4.95737e-09 -7.43694e-09 -2.74442e-08 0 1.54176e-09 0 
scan  850 400 94 2.61354e-07 2.3639e-07 1.90785e-07 -3.03139e-09 -3.57944e-08 -2.61354e-08 0 -9.24635e-08 0 
scan  850 400 99 4.18089e-09 1.18379e-07 2.95643e-09 -4.36463e-11 -1.42998e-10 -4.18089e-10 0 2.17785e-09 0 
scan  850 400 104 1.26112e-06 4.04527e-07 3.8244e-07 -1.73373e-08 -3.3468e-08 -1.26112e-07 0 -1.54176e-09 0 
