xsec 700 200 0.00185119
scan  700 200 30 1.07307e-05 2.38154e-06 2.13595e-06 -2.44943e-07 -1.42501e-07 0 0 -3.15661e-07 0 
scan  700 200 35 4.64127e-06 2.19651e-06 1.57468e-06 -9.37456e-08 -3.45862e-08 0 0 3.3338e-07 0 
scan  700 200 40 2.02752e-06 8.33838e-07 6.42882e-07 -2.28168e-08 -2.72659e-08 0 0 1.22783e-07 0 
scan  700 200 31 1.43002e-05 2.65784e-06 2.23784e-06 -2.68805e-07 -3.66581e-07 0 0 -5.62516e-07 0 
scan  700 200 36 5.65397e-06 1.54956e-06 1.34594e-06 -9.6954e-08 -7.93501e-08 0 0 -4.8388e-07 0 
scan  700 200 41 2.11483e-05 2.81582e-06 2.72741e-06 -3.20833e-07 -2.38172e-07 0 0 -3.03638e-07 0 
scan  700 200 32 1.49441e-05 2.70997e-06 2.49917e-06 -2.99198e-07 -6.52674e-07 0 0 8.13566e-08 0 
scan  700 200 37 1.03104e-05 2.66132e-06 2.60771e-06 -1.59048e-07 -1.47354e-07 0 0 1.91886e-07 0 
scan  700 200 42 4.20737e-05 4.15273e-06 3.92418e-06 -6.62185e-07 -7.5702e-07 0 0 1.77358e-07 0 
scan  700 200 33 1.54295e-05 3.35965e-06 2.45396e-06 -2.44634e-07 -3.24324e-07 0 0 1.13784e-06 0 
scan  700 200 38 6.83715e-06 2.16408e-06 1.56614e-06 -1.29023e-07 -1.7338e-07 0 0 -1.311e-07 0 
scan  700 200 43 6.69677e-05 5.37428e-06 5.16356e-06 -1.11166e-06 -7.6844e-07 0 0 -6.2779e-07 0 
scan  700 200 34 3.86306e-05 3.98183e-06 3.70939e-06 -7.20416e-07 -5.83993e-07 0 0 1.10516e-06 0 
scan  700 200 39 1.83432e-05 3.50098e-06 3.24393e-06 -2.45573e-07 -6.65061e-07 0 0 3.80869e-07 0 
scan  700 200 44 0.000350599 1.46135e-05 1.20591e-05 -5.60549e-06 -5.43547e-06 0 0 -2.39915e-06 0 
scan  700 200 0 1.65645e-07 4.85155e-07 1.19236e-07 -1.60388e-09 -3.25721e-09 0 0 0 0 
scan  700 200 5 1.58115e-08 6.56967e-07 1.11804e-08 -5.02156e-10 0 0 0 0 0 
scan  700 200 10 2.93343e-07 6.03289e-07 2.10088e-07 -7.53585e-09 -9.12568e-10 0 0 0 0 
scan  700 200 1 1.02673e-06 1.10924e-06 1.00395e-06 -3.20959e-08 -2.5156e-09 0 0 0 0 
scan  700 200 6 1.55661e-07 5.78243e-07 1.09958e-07 -5.15079e-09 -1.77818e-09 0 0 5.76726e-08 0 
scan  700 200 11 9.14195e-07 7.99682e-07 6.48749e-07 -6.29259e-09 -5.04517e-08 0 0 0 0 
scan  700 200 2 3.2698e-07 4.41382e-07 2.25007e-07 -8.85267e-09 -5.66224e-08 0 0 0 0 
scan  700 200 7 1.65962e-08 5.73712e-07 1.17473e-08 -8.27011e-11 -2.00453e-09 0 0 5.76726e-08 0 
scan  700 200 12 2.10246e-06 1.14219e-06 1.08605e-06 -5.69677e-08 -3.94678e-08 0 0 2.35725e-09 0 
scan  700 200 3 1.30127e-07 3.85892e-07 6.64492e-08 -2.93287e-09 -1.15803e-09 0 0 3.88051e-08 0 
scan  700 200 8 1.44407e-07 6.70853e-07 1.36023e-07 0 -2.59182e-09 0 0 0 0 
scan  700 200 13 2.1685e-06 1.13308e-06 1.07772e-06 -4.49593e-08 -7.92019e-08 0 0 1.39097e-07 0 
scan  700 200 4 1.74328e-06 9.9715e-07 7.48011e-07 -3.35181e-08 -1.31644e-07 0 0 6.17316e-07 0 
scan  700 200 9 3.14306e-07 6.18524e-07 2.5485e-07 -3.86887e-09 -4.87235e-09 0 0 0 0 
scan  700 200 14 1.87294e-05 2.74632e-06 2.62385e-06 -2.75811e-07 -7.49499e-07 0 0 -1.23998e-07 0 
scan  700 200 15 9.66755e-08 5.64533e-07 3.98549e-08 -3.49827e-09 -1.39939e-09 0 0 0 0 
scan  700 200 20 0 7.72807e-07 0 0 0 0 0 0 0 
scan  700 200 25 2.36292e-07 6.03139e-07 1.68928e-07 -1.04962e-09 -1.74903e-08 0 0 -1.35749e-07 0 
scan  700 200 16 6.87094e-07 5.56864e-07 3.32753e-07 -1.39833e-08 -7.15915e-09 0 0 0 0 
scan  700 200 21 2.77949e-07 5.33479e-07 1.69031e-07 -3.55959e-09 -1.59799e-08 0 0 0 0 
scan  700 200 26 1.07715e-06 6.3522e-07 5.07723e-07 -1.70194e-08 -1.39528e-08 0 0 1.80986e-07 0 
scan  700 200 17 1.16549e-06 8.25733e-07 6.71819e-07 -2.27703e-08 -2.71872e-08 0 0 0 0 
scan  700 200 22 1.31489e-07 5.73049e-07 9.91924e-08 -3.34355e-09 -1.7735e-09 0 0 8.66716e-09 0 
scan  700 200 27 1.31741e-06 7.94843e-07 6.6781e-07 -1.03868e-08 -1.26258e-07 0 0 3.65402e-08 0 
scan  700 200 18 5.21788e-07 7.21313e-07 3.40542e-07 -8.23752e-09 -2.09374e-08 0 0 0 0 
scan  700 200 23 5.45261e-07 4.80987e-07 2.99522e-07 -7.5559e-09 -4.91827e-09 0 0 8.66716e-09 0 
scan  700 200 28 1.30659e-06 6.79922e-07 5.87971e-07 -3.74042e-08 -1.05812e-08 0 0 -8.71313e-09 0 
scan  700 200 19 1.78441e-06 1.5028e-06 1.12742e-06 -2.87689e-08 -1.69727e-08 0 0 0 0 
scan  700 200 24 2.95241e-07 7.77956e-07 1.58225e-07 -1.27003e-09 -1.34226e-08 0 0 0 0 
scan  700 200 29 2.09184e-05 2.7834e-06 2.72215e-06 -3.44836e-07 -4.44521e-07 0 0 1.45499e-08 0 
scan  700 200 75 0 4.54947e-07 0 0 0 0 0 0 0 
scan  700 200 80 9.00919e-07 1.13498e-06 8.30178e-07 -9.40512e-09 -1.79548e-08 0 0 0 0 
scan  700 200 85 0 3.75058e-07 0 0 0 0 0 0 0 
scan  700 200 76 0 3.75058e-07 0 0 0 0 0 0 0 
scan  700 200 81 1.04182e-07 5.51876e-07 1.04182e-07 -1.08761e-09 -1.50646e-09 0 0 0 0 
scan  700 200 86 8.43574e-09 2.8142e-07 8.43574e-09 -8.80663e-11 -9.06766e-11 0 0 0 0 
scan  700 200 77 2.60126e-07 3.77762e-07 2.52082e-07 -2.71558e-09 -3.86945e-09 0 0 0 0 
scan  700 200 82 5.1123e-08 2.86089e-07 5.1123e-08 -5.33697e-10 -1.0338e-08 0 0 0 0 
scan  700 200 87 6.93905e-07 4.54507e-07 4.1135e-07 -1.18981e-08 -4.3891e-08 0 0 8.15885e-09 0 
scan  700 200 78 0 3.75072e-07 0 0 0 0 0 0 0 
scan  700 200 83 0 3.75058e-07 0 0 0 0 0 0 0 
scan  700 200 88 4.71069e-07 5.01483e-07 3.51512e-07 -6.3437e-09 -9.81169e-09 0 0 3.35628e-07 0 
scan  700 200 79 4.71413e-08 1.91712e-07 3.98207e-08 -5.78282e-10 -4.627e-10 0 0 0 0 
scan  700 200 84 0 3.75058e-07 0 0 0 0 0 0 0 
scan  700 200 89 1.55168e-06 6.39279e-07 6.29108e-07 -2.77538e-08 -8.37574e-08 0 0 0 0 
scan  700 200 45 7.60254e-08 1.99642e-07 5.40522e-08 -1.56993e-09 -4.00446e-09 0 0 0 0 
scan  700 200 50 0 3.75204e-07 0 0 0 0 0 0 0 
scan  700 200 55 0 3.75058e-07 0 0 0 0 0 0 0 
scan  700 200 46 1.72456e-07 2.33371e-07 1.35023e-07 -2.21546e-09 -3.08123e-08 0 0 0 0 
scan  700 200 51 1.11141e-07 3.74621e-07 1.11141e-07 -2.33262e-09 -2.36065e-08 0 0 0 0 
scan  700 200 56 3.45705e-08 1.94748e-07 2.75293e-08 -6.38731e-10 -6.78592e-10 0 0 8.25615e-09 0 
scan  700 200 47 5.0027e-08 2.86647e-07 5.0027e-08 -5.22255e-10 -1.17063e-08 0 0 0 0 
scan  700 200 52 0 3.75058e-07 0 0 0 0 0 0 0 
scan  700 200 57 5.93411e-07 4.35604e-07 3.08822e-07 -1.37821e-08 -2.71917e-08 0 0 -8.01869e-09 0 
scan  700 200 48 0 3.75592e-07 0 0 0 0 0 0 0 
scan  700 200 53 0 3.75058e-07 0 0 0 0 0 0 0 
scan  700 200 58 1.05893e-06 6.7981e-07 6.20224e-07 -2.91667e-08 -2.03419e-07 0 0 -8.01869e-09 0 
scan  700 200 49 0 3.75058e-07 0 0 0 0 0 0 0 
scan  700 200 54 2.71052e-08 2.82597e-07 2.71052e-08 -2.82964e-10 -2.91353e-10 0 0 0 0 
scan  700 200 59 1.258e-06 4.47826e-07 4.3384e-07 -2.74447e-08 -1.07287e-07 0 0 -8.15317e-09 0 
scan  700 200 165 2.15778e-07 1.77073e-07 1.47772e-07 -2.25271e-09 -1.46467e-08 -2.15778e-08 0 0 0 
scan  700 200 170 0 1.87556e-07 0 0 0 0 0 0 0 
scan  700 200 175 7.92566e-09 9.42316e-08 7.92566e-09 -8.27397e-11 -1.31886e-09 -7.92566e-10 0 0 0 
scan  700 200 166 2.73074e-07 3.80875e-07 2.48783e-07 -2.85107e-09 -3.81238e-09 -2.73074e-08 0 0 0 
scan  700 200 171 7.61547e-07 7.96054e-07 7.24113e-07 -7.95015e-09 -4.85101e-09 -7.61547e-08 0 -3.84555e-08 0 
scan  700 200 176 6.42923e-07 6.20599e-07 6.10044e-07 -6.71182e-09 -4.07173e-09 -6.42923e-08 0 0 0 
scan  700 200 167 1.46315e-07 1.1447e-07 1.06986e-07 -1.52745e-09 -7.96748e-10 -1.46315e-08 0 -8.32375e-09 0 
scan  700 200 172 8.32537e-09 1.0577e-07 8.32537e-09 -8.69125e-11 -4.486e-11 -8.32537e-10 0 3.84555e-08 0 
scan  700 200 177 3.39217e-07 2.03392e-07 1.73064e-07 -3.60609e-09 -2.29879e-09 -3.39217e-08 0 -8.31336e-09 0 
scan  700 200 168 1.75718e-07 1.68473e-07 1.348e-07 -2.25798e-09 -9.41877e-10 -1.75718e-08 0 8.32375e-09 0 
scan  700 200 173 0 1.91613e-07 0 0 0 0 0 0 0 
scan  700 200 178 1.56024e-06 6.22379e-07 5.58367e-07 -1.62919e-08 -5.19949e-08 -1.56024e-07 0 8.31336e-09 0 
scan  700 200 169 7.00144e-08 5.50995e-08 5.46467e-08 -7.30914e-10 -3.75289e-10 -7.00144e-09 0 0 0 
scan  700 200 174 1.06635e-07 1.42958e-07 9.8717e-08 -1.11321e-09 -1.53907e-08 -1.06635e-08 0 0 0 
scan  700 200 179 7.191e-06 2.06659e-06 1.91501e-06 -7.57571e-08 -1.36528e-07 -7.191e-07 0 0 0 
scan  700 200 135 1.38329e-07 1.30549e-07 8.82593e-08 -2.58444e-09 -4.85169e-09 -1.38329e-08 0 0 0 
scan  700 200 140 0 1.93083e-07 0 0 0 0 0 0 0 
scan  700 200 145 0 1.87529e-07 0 0 0 0 0 0 0 
scan  700 200 136 1.16353e-07 8.57337e-08 8.08041e-08 -1.21469e-09 -1.39801e-08 -1.16353e-08 0 0 0 
scan  700 200 141 5.33619e-08 1.12664e-07 5.33619e-08 -5.5707e-10 -2.86803e-10 -5.33619e-09 0 0 0 
scan  700 200 146 1.14473e-07 1.23435e-07 7.93707e-08 -2.70429e-09 -2.11053e-09 -1.14473e-08 0 0 0 
scan  700 200 137 1.29596e-07 2.01523e-07 1.06297e-07 -1.37118e-09 -8.89014e-10 -1.29596e-08 0 0 0 
scan  700 200 142 2.95307e-07 2.55502e-07 2.11101e-07 -3.08882e-09 -2.63197e-08 -2.95307e-08 0 0 0 
scan  700 200 147 1.78884e-06 9.03165e-07 8.50441e-07 -2.04929e-08 -9.88354e-08 -1.78884e-07 0 1.73286e-07 0 
scan  700 200 138 2.15421e-07 1.81378e-07 1.40609e-07 -2.2489e-09 -9.23562e-09 -2.15421e-08 0 4.16398e-23 0 
scan  700 200 143 6.37566e-09 9.40651e-08 6.37566e-09 -6.65585e-11 -8.69775e-10 -6.37566e-10 0 0 0 
scan  700 200 148 4.2093e-07 2.66304e-07 1.89527e-07 -4.57107e-09 -5.01501e-08 -4.2093e-08 0 -6.90157e-08 0 
scan  700 200 139 4.33273e-07 3.03151e-07 2.99412e-07 -4.52317e-09 -1.88362e-08 -4.33273e-08 0 0 0 
scan  700 200 144 7.35756e-08 1.19416e-07 7.35756e-08 -8.13343e-10 -3.94379e-10 -7.35756e-09 0 0 0 
scan  700 200 149 1.66902e-06 5.70231e-07 5.30545e-07 -1.93886e-08 -1.02466e-07 -1.66902e-07 0 6.90157e-08 0 
scan  700 200 120 4.6791e-08 4.70497e-07 3.93561e-08 -4.88474e-10 -2.50819e-10 -4.6791e-09 0 0 0 
scan  700 200 125 7.37253e-08 4.74821e-07 7.37253e-08 -7.69654e-10 -3.9575e-10 -7.37253e-09 0 0 0 
scan  700 200 130 0 5.62613e-07 0 0 0 0 0 0 0 
scan  700 200 121 1.49201e-07 3.10891e-07 1.26243e-07 -2.71922e-09 -1.83035e-09 -1.49201e-08 0 0 0 
scan  700 200 126 0 5.70689e-07 0 0 0 0 0 0 0 
scan  700 200 131 2.12602e-07 6.37794e-07 1.17632e-07 -1.19002e-09 -2.63798e-09 -2.12602e-08 0 -8.05404e-09 0 
scan  700 200 122 1.73509e-06 1.24844e-06 1.16301e-06 -1.94423e-08 -8.99816e-09 -1.73509e-07 0 0 0 
scan  700 200 127 2.3738e-07 3.25051e-07 1.45991e-07 -1.54731e-09 -1.71429e-08 -2.3738e-08 0 0 0 
scan  700 200 132 2.08351e-06 1.30192e-06 1.10335e-06 -2.22616e-08 -5.58135e-08 -2.08351e-07 0 1.66552e-08 0 
scan  700 200 123 8.9659e-07 8.63701e-07 7.96785e-07 -1.94987e-08 -1.48103e-10 -8.9659e-08 0 1.25493e-07 0 
scan  700 200 128 2.35007e-07 4.04888e-07 1.50201e-07 -1.3434e-09 -5.01245e-09 -2.35007e-08 0 0 0 
scan  700 200 133 2.8426e-06 9.00408e-07 7.53114e-07 -2.74199e-08 -2.30769e-07 -2.8426e-07 0 1.34094e-07 0 
scan  700 200 124 1.1382e-06 8.99376e-07 8.36842e-07 -1.24958e-08 -6.07675e-09 -1.1382e-07 0 1.25493e-07 0 
scan  700 200 129 5.04262e-07 6.1442e-07 4.69065e-07 0 -1.15086e-07 -5.04262e-08 0 0 0 
scan  700 200 134 5.79323e-06 1.35324e-06 1.19775e-06 -7.42121e-08 -8.72684e-08 -5.79323e-07 0 -1.25493e-07 0 
scan  700 200 90 1.33977e-07 4.90253e-07 1.33977e-07 0 -1.508e-09 -1.33977e-08 0 0 0 
scan  700 200 95 2.19044e-08 4.69434e-07 2.19044e-08 0 -3.50849e-09 -2.19044e-09 0 0 0 
scan  700 200 100 0 5.62587e-07 0 0 0 0 0 0 0 
scan  700 200 91 2.45322e-07 4.25575e-07 1.73752e-07 -6.30877e-09 -8.4676e-10 -2.45322e-08 0 0 0 
scan  700 200 96 2.02979e-07 4.39146e-07 1.4218e-07 -4.70484e-09 -4.37694e-10 -2.02979e-08 0 0 0 
scan  700 200 101 1.58348e-06 1.23181e-06 1.18746e-06 -3.74589e-08 -1.65575e-09 -1.58348e-07 0 0 0 
scan  700 200 92 4.75269e-07 3.81577e-07 2.49268e-07 -6.6736e-09 -3.39746e-08 -4.75269e-08 0 0 0 
scan  700 200 97 7.75087e-08 4.75128e-07 5.77514e-08 -1.62677e-09 0 -7.75087e-09 0 5.05394e-08 0 
scan  700 200 102 9.54491e-07 6.00834e-07 5.60085e-07 -1.76024e-08 -6.64353e-09 -9.54491e-08 0 -5.16274e-08 0 
scan  700 200 93 7.86601e-08 3.81763e-07 7.07698e-08 -1.88094e-09 -8.85504e-10 -7.86601e-09 0 0 0 
scan  700 200 98 5.05394e-08 4.74354e-07 5.05394e-08 -5.27605e-10 -9.08863e-09 -5.05394e-09 0 5.05394e-08 0 
scan  700 200 103 1.17502e-06 7.18476e-07 6.71746e-07 -1.58508e-08 -1.54316e-08 -1.17502e-07 0 5.16274e-08 0 
scan  700 200 94 2.44908e-08 2.8167e-07 1.41444e-08 -1.85638e-10 -2.4607e-09 -2.44908e-09 0 0 0 
scan  700 200 99 0 5.62952e-07 0 0 0 0 0 0 0 
scan  700 200 104 4.17668e-06 1.24876e-06 1.14598e-06 -5.37661e-08 -2.05666e-07 -4.17668e-07 0 0 0 
