xsec 450 200 0.0217971
scan  450 200 30 0.000382481 4.44667e-05 4.16278e-05 -6.77607e-06 -9.55933e-06 0 0 -1.10093e-06 0 
scan  450 200 35 7.0826e-05 2.07458e-05 1.62902e-05 -1.23671e-06 -1.3329e-06 0 0 1.426e-06 0 
scan  450 200 40 1.1889e-05 8.0323e-06 6.37135e-06 -8.17242e-08 -3.33236e-07 0 0 2.06464e-06 0 
scan  450 200 31 0.000464474 4.94269e-05 4.41948e-05 -7.77301e-06 -1.57999e-05 0 0 -5.65621e-06 0 
scan  450 200 36 0.000253093 3.92896e-05 3.56559e-05 -4.59889e-06 -6.0192e-06 0 0 5.29237e-06 0 
scan  450 200 41 0.000368701 4.3272e-05 4.05145e-05 -5.57238e-06 -1.0602e-05 0 0 -3.29197e-06 0 
scan  450 200 32 0.000431277 5.36934e-05 4.58011e-05 -7.35294e-06 -2.03894e-05 0 0 5.84288e-06 0 
scan  450 200 37 0.000127036 3.47962e-05 1.8982e-05 -2.43195e-06 -2.97209e-06 0 0 -3.80621e-06 0 
scan  450 200 42 0.000706386 6.45053e-05 5.55048e-05 -1.13462e-05 -2.04673e-05 0 0 -1.95387e-05 0 
scan  450 200 33 0.000203725 2.96578e-05 2.67228e-05 -3.46545e-06 -1.00097e-05 0 0 -7.01476e-06 0 
scan  450 200 38 0.000143002 2.83577e-05 2.57513e-05 -2.53071e-06 -5.19954e-06 0 0 1.30659e-06 0 
scan  450 200 43 0.000721718 6.11195e-05 5.4218e-05 -1.34056e-05 -2.31654e-05 0 0 -6.17299e-07 0 
scan  450 200 34 0.000196398 3.47307e-05 2.99814e-05 -2.95792e-06 -1.22946e-05 0 0 5.80998e-06 0 
scan  450 200 39 0.000117998 2.4359e-05 2.21084e-05 -2.10852e-06 -6.50881e-06 0 0 7.58993e-06 0 
scan  450 200 44 0.000964835 7.67932e-05 6.59302e-05 -1.61101e-05 -3.32612e-05 0 0 1.34089e-05 0 
scan  450 200 0 3.69126e-05 1.36699e-05 1.29095e-05 -7.1202e-07 -3.11129e-06 0 0 1.5241e-06 0 
scan  450 200 5 1.04209e-05 1.05043e-05 8.68314e-06 -3.16953e-07 -1.8591e-08 0 0 1.85445e-07 0 
scan  450 200 10 8.39239e-07 7.78163e-06 8.39239e-07 -2.6559e-08 0 0 0 0 0 
scan  450 200 1 6.19894e-05 1.75782e-05 1.6042e-05 -1.13592e-06 -5.01812e-06 0 0 -3.88008e-07 0 
scan  450 200 6 2.68812e-05 1.79043e-05 9.46466e-06 -4.75645e-07 -2.09503e-06 0 0 3.75872e-10 0 
scan  450 200 11 2.97154e-05 2.16296e-05 1.02408e-05 -1.55282e-07 -3.81892e-06 0 0 1.13876e-05 0 
scan  450 200 2 5.10802e-05 1.84017e-05 1.75649e-05 -9.75929e-07 -1.2536e-06 0 0 -1.92768e-06 0 
scan  450 200 7 3.36873e-05 1.36028e-05 1.09092e-05 -6.83335e-07 -1.91967e-06 0 0 1.85312e-07 0 
scan  450 200 12 0.000113669 2.92679e-05 2.26981e-05 -1.90597e-06 -7.93829e-06 0 0 -1.06939e-05 0 
scan  450 200 3 4.45399e-05 1.73644e-05 1.46321e-05 -6.42048e-07 -1.83432e-06 0 0 2.11672e-06 0 
scan  450 200 8 1.94308e-05 1.76653e-05 1.63453e-05 -5.35827e-08 -3.36999e-07 0 0 9.29285e-08 0 
scan  450 200 13 0.000139458 2.99965e-05 2.36095e-05 -2.47036e-06 -4.52634e-06 0 0 1.09104e-07 0 
scan  450 200 4 3.12166e-05 1.91986e-05 1.50029e-05 -5.59533e-07 -1.51859e-06 0 0 0 0 
scan  450 200 9 1.25896e-05 1.07295e-05 9.77228e-06 -5.84224e-08 -2.81123e-07 0 0 0 0 
scan  450 200 14 0.000201239 3.14375e-05 2.90223e-05 -3.46588e-06 -1.02012e-05 0 0 4.36298e-06 0 
scan  450 200 15 7.34295e-05 2.08672e-05 1.86869e-05 -1.77492e-06 -3.67098e-06 0 0 3.51354e-06 0 
scan  450 200 20 2.31895e-06 6.81322e-06 1.55856e-06 -5.50534e-08 -5.0131e-08 0 0 0 0 
scan  450 200 25 0 8.84182e-06 0 0 0 0 0 9.59621e-08 0 
scan  450 200 16 8.49677e-05 1.83168e-05 1.69034e-05 -1.73326e-06 -3.12886e-06 0 0 4.61044e-06 0 
scan  450 200 21 3.8013e-05 1.47305e-05 1.44118e-05 -7.14813e-07 -1.79383e-06 0 0 -2.06954e-06 0 
scan  450 200 26 2.71595e-05 1.09262e-05 8.46584e-06 -4.68874e-07 -1.78511e-06 0 0 3.40737e-09 0 
scan  450 200 17 8.67386e-05 2.07657e-05 1.99767e-05 -1.31954e-06 -3.63789e-06 0 0 5.8072e-07 0 
scan  450 200 22 3.93683e-05 1.47732e-05 1.13057e-05 -5.68842e-07 -3.3504e-06 0 0 2.06954e-06 0 
scan  450 200 27 9.55727e-05 2.16584e-05 1.70866e-05 -1.60134e-06 -4.64943e-06 0 0 4.7916e-06 0 
scan  450 200 18 4.15326e-05 1.21801e-05 1.17642e-05 -7.15035e-07 -1.71883e-06 0 0 -9.54744e-07 0 
scan  450 200 23 2.09874e-05 9.52537e-06 8.26978e-06 -3.33974e-07 -1.2425e-06 0 0 9.24778e-07 0 
scan  450 200 28 9.95031e-05 2.56847e-05 2.16578e-05 -1.10134e-06 -7.84985e-06 0 0 5.1668e-06 0 
scan  450 200 19 4.0175e-05 1.55304e-05 1.50408e-05 -5.81571e-07 -2.84019e-06 0 0 4.65962e-07 0 
scan  450 200 24 1.32603e-05 6.11659e-06 5.55255e-06 -2.03792e-07 -2.02922e-07 0 0 9.24778e-07 0 
scan  450 200 29 0.000267608 3.74355e-05 3.63224e-05 -5.02507e-06 -7.17274e-06 0 0 1.33332e-06 0 
scan  450 200 75 9.0454e-07 2.35969e-06 6.7116e-07 -1.57306e-08 -6.73447e-08 0 0 0 0 
scan  450 200 80 0 4.42706e-06 0 0 0 0 0 0 0 
scan  450 200 85 0 4.42064e-06 0 0 0 0 0 0 0 
scan  450 200 76 0 4.42064e-06 0 0 0 0 0 0 0 
scan  450 200 81 3.00281e-07 3.33137e-06 3.00281e-07 -3.13478e-09 -3.83542e-08 0 0 0 0 
scan  450 200 86 9.81844e-08 3.31911e-06 9.81844e-08 -1.02499e-09 -5.28638e-09 0 0 0 0 
scan  450 200 77 9.35612e-07 2.36746e-06 8.42895e-07 -2.35945e-08 -9.12029e-08 0 0 0 0 
scan  450 200 82 0 4.42064e-06 0 0 0 0 0 0 0 
scan  450 200 87 9.90943e-08 3.3172e-06 9.90943e-08 -1.03455e-09 -1.23128e-09 0 0 0 0 
scan  450 200 78 0 4.42064e-06 0 0 0 0 0 0 0 
scan  450 200 83 0 4.42064e-06 0 0 0 0 0 0 0 
scan  450 200 88 9.5538e-08 3.31709e-06 9.5538e-08 -2.00515e-09 -2.60169e-09 0 0 0 0 
scan  450 200 79 0 4.42064e-06 0 0 0 0 0 0 0 
scan  450 200 84 0 4.42064e-06 0 0 0 0 0 0 0 
scan  450 200 89 3.0684e-06 3.23825e-06 2.36607e-06 -4.11762e-08 -2.83098e-08 0 0 0 0 
scan  450 200 45 1.86532e-06 3.25238e-06 1.60997e-06 -2.85658e-08 -4.88435e-07 0 0 0 0 
scan  450 200 50 0 4.4208e-06 0 0 0 0 0 0 0 
scan  450 200 55 0 4.42064e-06 0 0 0 0 0 0 0 
scan  450 200 46 1.81172e-06 4.40943e-06 1.2526e-06 -5.75138e-08 -7.4902e-08 0 0 0 0 
scan  450 200 51 9.51471e-06 7.62445e-06 6.75671e-06 -1.26209e-07 -1.14911e-06 0 0 0 0 
scan  450 200 56 1.5912e-06 2.59352e-06 1.08565e-06 -3.40811e-08 -3.16227e-07 0 0 0 0 
scan  450 200 47 1.57487e-06 3.63655e-06 1.48523e-06 -3.38223e-08 -8.27686e-08 0 0 0 0 
scan  450 200 52 8.7649e-08 3.33581e-06 8.7649e-08 -3.39064e-09 -1.20441e-08 0 0 0 0 
scan  450 200 57 3.31366e-06 3.04462e-06 1.93034e-06 -8.35866e-08 -3.1665e-07 0 0 -9.89784e-08 0 
scan  450 200 48 1.02031e-06 3.48295e-06 1.02031e-06 -3.42606e-08 -2.33913e-07 0 0 0 0 
scan  450 200 53 1.46473e-06 2.48145e-06 1.06016e-06 -2.13282e-08 -1.42402e-07 0 0 0 0 
scan  450 200 58 6.65202e-06 4.31874e-06 3.28259e-06 -1.59389e-07 -7.62266e-07 0 0 -1.33906e-06 0 
scan  450 200 49 0 4.42534e-06 0 0 0 0 0 0 0 
scan  450 200 54 0 4.42064e-06 0 0 0 0 0 0 0 
scan  450 200 59 1.04539e-06 1.88802e-06 5.13734e-07 -1.64539e-08 -1.05276e-07 0 0 1.43804e-06 0 
scan  450 200 165 1.05567e-05 1.03948e-05 1.02658e-05 -1.10215e-07 -5.37259e-07 -1.05567e-06 0 0 0 
scan  450 200 170 9.70234e-08 1.87997e-06 9.70234e-08 -1.01287e-09 -2.93077e-09 -9.70234e-09 0 1.51572e-06 0 
scan  450 200 175 0 2.21032e-06 0 0 0 0 0 0 0 
scan  450 200 166 7.1681e-07 1.27437e-06 6.29575e-07 -7.48312e-09 -1.51393e-08 -7.1681e-08 0 0 0 
scan  450 200 171 2.71219e-06 2.43252e-06 1.93105e-06 -2.83138e-08 -5.39396e-08 -2.71219e-07 0 -8.95026e-07 0 
scan  450 200 176 1.82106e-06 1.77344e-06 1.3506e-06 -1.90109e-08 -9.76871e-09 -1.82106e-07 0 0 0 
scan  450 200 167 1.14707e-06 1.59841e-06 1.14707e-06 -1.48078e-08 -3.22666e-08 -1.14707e-07 0 0 0 
scan  450 200 172 1.33641e-06 1.59155e-06 8.81249e-07 -1.64242e-08 -1.5646e-08 -1.33641e-07 0 -7.18534e-07 0 
scan  450 200 177 7.20173e-07 1.53956e-06 6.30034e-07 -7.51904e-09 -4.28025e-09 -7.20173e-08 0 0 0 
scan  450 200 168 9.74683e-08 1.11018e-06 9.74683e-08 -1.20427e-09 -5.22375e-10 -9.74683e-09 0 0 0 
scan  450 200 173 0 2.21032e-06 0 0 0 0 0 0 0 
scan  450 200 178 1.28359e-06 1.80527e-06 9.39625e-07 -1.34e-08 -1.62422e-08 -1.28359e-07 0 0 0 
scan  450 200 169 0 2.21368e-06 0 0 0 0 0 0 0 
scan  450 200 174 3.05037e-07 1.15337e-06 3.05037e-07 -3.18442e-09 -1.63505e-09 -3.05037e-08 0 0 0 
scan  450 200 179 2.06998e-06 1.70755e-06 1.28474e-06 -2.16095e-08 -2.18954e-08 -2.06998e-07 0 0 0 
scan  450 200 135 3.38712e-05 1.82127e-05 1.72516e-05 -4.99915e-07 -1.93026e-06 -3.38712e-06 0 0 0 
scan  450 200 140 1.92566e-07 1.11972e-06 1.36182e-07 -2.01039e-09 -1.10132e-08 -1.92566e-08 0 0 0 
scan  450 200 145 0 2.21032e-06 0 0 0 0 0 0 0 
scan  450 200 136 7.25548e-06 5.69242e-06 4.05795e-06 -8.3577e-08 -1.08314e-06 -7.25548e-07 0 0 0 
scan  450 200 141 9.38215e-08 1.13887e-06 9.38215e-08 -9.79448e-10 -1.3517e-08 -9.38215e-09 0 0 0 
scan  450 200 146 5.53462e-07 1.34706e-06 2.27243e-07 -6.60284e-09 -2.86005e-08 -5.53462e-08 0 0 0 
scan  450 200 137 1.02346e-06 1.3194e-06 5.57175e-07 -1.06844e-08 -1.20348e-07 -1.02346e-07 0 0 0 
scan  450 200 142 6.07342e-07 1.19004e-06 4.29459e-07 -6.3726e-09 -1.11223e-08 -6.07342e-08 0 0 0 
scan  450 200 147 1.65167e-05 5.49387e-06 4.89748e-06 -2.23313e-07 -1.28625e-06 -1.65167e-06 0 0 0 
scan  450 200 138 2.43461e-06 2.61722e-06 2.34419e-06 -2.82243e-08 -4.85105e-07 -2.43461e-07 0 0 0 
scan  450 200 143 1.19894e-06 1.89426e-06 1.19894e-06 -1.25163e-08 -6.42677e-09 -1.19894e-07 0 0 0 
scan  450 200 148 2.00712e-05 1.16061e-05 1.13537e-05 -2.12627e-07 -1.11198e-06 -2.00712e-06 0 0 0 
scan  450 200 139 2.17239e-06 2.62038e-06 2.17239e-06 -2.26786e-08 -1.27963e-08 -2.17239e-07 0 0 0 
scan  450 200 144 2.81712e-07 1.14801e-06 2.81712e-07 -2.94093e-09 -6.08087e-08 -2.81712e-08 0 0 0 
scan  450 200 149 7.31287e-06 3.32015e-06 3.16094e-06 -9.10945e-08 -5.84237e-07 -7.31287e-07 0 0 0 
scan  450 200 120 2.68314e-06 3.55671e-06 1.25604e-06 -3.60959e-08 -7.64997e-08 -2.68314e-07 0 0 0 
scan  450 200 125 1.36779e-05 1.4604e-05 1.3581e-05 -1.34417e-09 -3.87368e-07 -1.36779e-06 0 0 0 
scan  450 200 130 9.78464e-08 5.52724e-06 9.78464e-08 -1.02147e-09 -5.24473e-10 -9.78464e-09 0 0 0 
scan  450 200 121 4.21966e-06 6.80627e-06 3.93563e-06 -8.86759e-08 0 -4.21966e-07 0 0 0 
scan  450 200 126 9.78462e-08 6.33128e-06 9.78462e-08 -1.02147e-09 -5.24411e-10 -9.78462e-09 0 0 0 
scan  450 200 131 8.3748e-06 7.56598e-06 6.72788e-06 -1.59938e-07 -1.0893e-07 -8.3748e-07 0 0 0 
scan  450 200 122 8.38567e-07 4.47259e-06 6.57645e-07 -2.04275e-09 -8.46948e-09 -8.38567e-08 0 0 0 
scan  450 200 127 1.0103e-07 5.52673e-06 1.0103e-07 0 -1.26065e-09 -1.0103e-08 0 0 0 
scan  450 200 132 8.24349e-06 5.28429e-06 4.05643e-06 -4.69265e-08 -3.88018e-07 -8.24349e-07 0 0 0 
scan  450 200 123 1.22362e-05 1.07629e-05 9.72993e-06 -9.67243e-08 -2.76049e-07 -1.22362e-06 0 0 0 
scan  450 200 128 0 6.63096e-06 0 0 0 0 0 0 0 
scan  450 200 133 6.01488e-06 6.6756e-06 5.37561e-06 -1.19237e-07 -4.01233e-09 -6.01488e-07 0 0 0 
scan  450 200 124 1.06264e-05 1.13861e-05 1.04381e-05 -1.09978e-07 -7.86235e-08 -1.06264e-06 0 0 0 
scan  450 200 129 0 6.63096e-06 0 0 0 0 0 0 0 
scan  450 200 134 1.22982e-05 1.29829e-05 1.21106e-05 -1.29385e-07 -9.0301e-07 -1.22982e-06 0 0 0 
scan  450 200 90 1.97985e-05 8.30848e-06 6.67496e-06 -3.82623e-07 -3.97431e-07 -1.97985e-06 0 -2.76109e-06 0 
scan  450 200 95 1.76979e-06 4.89489e-06 1.30232e-06 -8.2577e-09 -1.1733e-07 -1.76979e-07 0 0 0 
scan  450 200 100 0 6.63098e-06 0 0 0 0 0 0 0 
scan  450 200 91 2.00394e-05 1.73823e-05 1.10119e-05 -1.60362e-07 -2.05254e-06 -2.00394e-06 0 2.85878e-06 0 
scan  450 200 96 1.2352e-05 8.86132e-06 7.39296e-06 -2.12854e-07 -3.40648e-07 -1.2352e-06 0 0 0 
scan  450 200 101 5.89325e-06 5.5194e-06 4.01679e-06 -1.249e-07 -9.99561e-09 -5.89325e-07 0 2.07164e-07 0 
scan  450 200 92 2.30058e-05 1.59045e-05 1.11846e-05 -3.17343e-07 -4.2111e-06 -2.30058e-06 0 -1.57351e-07 0 
scan  450 200 97 4.68484e-06 3.87393e-06 3.06308e-06 -9.00938e-08 -1.04084e-07 -4.68484e-07 0 3.41651e-07 0 
scan  450 200 102 3.35706e-05 1.12543e-05 9.94577e-06 -5.34596e-07 -1.39441e-06 -3.35706e-06 0 5.24208e-07 0 
scan  450 200 93 7.86024e-06 6.78519e-06 5.55236e-06 -1.37738e-07 -3.44378e-07 -7.86024e-07 0 1.15729e-06 0 
scan  450 200 98 2.15113e-05 1.52597e-05 1.46243e-05 -6.39131e-07 -2.45997e-07 -2.15113e-06 0 3.41651e-07 0 
scan  450 200 103 9.3339e-06 4.52953e-06 3.05934e-06 -1.49708e-07 -7.8306e-07 -9.3339e-07 0 -9.23842e-07 0 
scan  450 200 94 9.78433e-08 6.44729e-06 9.78433e-08 -1.02143e-09 -5.26884e-10 -9.78433e-09 0 0 0 
scan  450 200 99 6.03609e-06 7.33098e-06 5.54942e-06 -6.52859e-08 -1.20286e-07 -6.03609e-07 0 0 0 
scan  450 200 104 9.64002e-06 4.87866e-06 4.48923e-06 -2.06203e-07 -4.62206e-08 -9.64002e-07 0 0 0 
