xsec 550 450 0.00761444
scan  550 450 30 1.61439e-05 5.96589e-06 5.58738e-06 -3.9889e-07 -1.33652e-06 0 0 -6.74389e-08 0 
scan  550 450 35 0 3.09142e-06 0 0 0 0 0 0 0 
scan  550 450 40 0 3.08886e-06 0 0 0 0 0 0 0 
scan  550 450 31 2.1583e-05 6.48588e-06 5.67301e-06 -4.84968e-07 -1.8203e-06 0 0 1.77193e-06 0 
scan  550 450 36 8.5307e-06 4.05241e-06 3.26564e-06 -2.13326e-07 -3.18223e-07 0 0 0 0 
scan  550 450 41 2.21696e-06 3.12699e-06 1.38607e-06 -5.52154e-08 -5.0399e-08 0 0 0 0 
scan  550 450 32 3.42274e-06 2.93074e-06 1.19081e-06 -8.82159e-08 -2.84538e-07 0 0 8.98712e-07 0 
scan  550 450 37 6.3095e-06 4.70833e-06 3.84243e-06 -6.08748e-08 -8.85857e-07 0 0 -3.43106e-08 0 
scan  550 450 42 4.19141e-06 3.30242e-06 1.42576e-06 -7.04009e-08 -2.4979e-07 0 0 2.18109e-09 0 
scan  550 450 33 6.28193e-07 2.0196e-06 4.99151e-07 -2.63228e-09 -1.55371e-07 0 0 2.54236e-07 0 
scan  550 450 38 4.42639e-07 2.3977e-06 4.11439e-07 -1.02804e-09 -1.33727e-07 0 0 3.43106e-08 0 
scan  550 450 43 3.85044e-06 2.84981e-06 1.43639e-06 -4.21655e-08 -4.36314e-07 0 0 1.71433e-07 0 
scan  550 450 34 0 3.08945e-06 0 0 0 0 0 3.47933e-08 0 
scan  550 450 39 3.46429e-08 2.70299e-06 3.46429e-08 0 -5.39853e-09 0 0 0 0 
scan  550 450 44 8.0329e-06 3.83007e-06 3.43559e-06 -1.38651e-07 -5.77768e-07 0 0 1.04282e-07 0 
scan  550 450 0 0.000164387 2.9055e-05 1.74543e-05 -3.4476e-06 -2.18443e-05 0 0 -4.06169e-07 0 
scan  550 450 5 1.07228e-06 2.72334e-06 1.03927e-06 -1.1548e-08 -1.92196e-07 0 0 0 0 
scan  550 450 10 0 3.08886e-06 0 0 0 0 0 0 0 
scan  550 450 1 0.000295841 4.94681e-05 2.217e-05 -6.44179e-06 -4.36223e-05 0 0 1.40746e-06 0 
scan  550 450 6 6.4602e-05 1.53283e-05 1.01336e-05 -1.47446e-06 -7.08812e-06 0 0 2.04707e-06 0 
scan  550 450 11 1.21821e-05 6.35974e-06 5.88795e-06 -2.8715e-07 -5.21143e-07 0 0 1.04811e-06 0 
scan  550 450 2 0.000122783 2.54461e-05 1.40178e-05 -2.11215e-06 -2.04836e-05 0 0 -5.16562e-06 0 
scan  550 450 7 9.37121e-05 2.064e-05 1.21722e-05 -1.70397e-06 -1.38664e-05 0 0 -2.46631e-06 0 
scan  550 450 12 3.91232e-05 1.16596e-05 8.96912e-06 -6.22875e-07 -6.63398e-06 0 0 1.1101e-06 0 
scan  550 450 3 3.8713e-05 9.42089e-06 6.33472e-06 -7.74594e-07 -4.37257e-06 0 0 4.67041e-06 0 
scan  550 450 8 1.99874e-05 6.58105e-06 5.61926e-06 -3.34838e-07 -3.00936e-06 0 0 4.23585e-07 0 
scan  550 450 13 1.77256e-05 7.05726e-06 6.13578e-06 -4.17404e-07 -2.13412e-06 0 0 -9.58165e-08 0 
scan  550 450 4 2.28817e-05 8.61343e-06 6.6213e-06 -3.84729e-07 -2.38281e-06 0 0 4.86492e-06 0 
scan  550 450 9 1.41743e-05 5.32808e-06 5.10755e-06 -3.69221e-07 -1.26193e-06 0 0 -2.30256e-07 0 
scan  550 450 14 1.38564e-05 4.9369e-06 3.58873e-06 -2.33286e-07 -3.07783e-06 0 0 -1.31667e-06 0 
scan  550 450 15 0.000320314 5.67737e-05 2.30649e-05 -6.18533e-06 -5.07708e-05 0 0 -4.87463e-06 0 
scan  550 450 20 1.77804e-07 2.58109e-06 1.21335e-07 -1.88801e-09 -1.64124e-08 0 0 0 0 
scan  550 450 25 0 3.08886e-06 0 0 0 0 0 0 0 
scan  550 450 16 0.000341786 5.28468e-05 2.32283e-05 -7.17108e-06 -4.67744e-05 0 0 2.76085e-06 0 
scan  550 450 21 5.62143e-05 1.16905e-05 8.57795e-06 -1.01619e-06 -7.60435e-06 0 0 -1.67391e-06 0 
scan  550 450 26 6.62689e-06 5.33451e-06 4.54196e-06 -6.48585e-08 -1.31589e-06 0 0 1.66734e-07 0 
scan  550 450 17 9.38889e-05 1.81117e-05 1.20371e-05 -2.02136e-06 -1.12145e-05 0 0 2.5599e-07 0 
scan  550 450 22 4.32486e-05 1.00028e-05 8.50235e-06 -8.26548e-07 -4.79078e-06 0 0 -1.88348e-06 0 
scan  550 450 27 2.42122e-05 8.66088e-06 6.30902e-06 -4.05157e-07 -3.06172e-06 0 0 1.73056e-06 0 
scan  550 450 18 2.99146e-05 1.1004e-05 7.65944e-06 -6.97218e-07 -2.51291e-06 0 0 -1.97104e-06 0 
scan  550 450 23 1.52239e-05 9.61094e-06 6.28794e-06 -3.50225e-07 -1.56918e-06 0 0 2.89799e-06 0 
scan  550 450 28 1.3478e-05 6.31786e-06 5.7625e-06 -1.91164e-07 -2.45123e-06 0 0 -5.72196e-07 0 
scan  550 450 19 9.29355e-06 3.25281e-06 2.83361e-06 -3.13539e-07 -9.82381e-07 0 0 4.93529e-07 0 
scan  550 450 24 7.63241e-06 3.47497e-06 2.41268e-06 -1.84701e-07 -9.84546e-07 0 0 4.31778e-07 0 
scan  550 450 29 4.8719e-06 2.42506e-06 1.71263e-06 -5.88619e-08 -1.18924e-06 0 0 5.67075e-07 0 
scan  550 450 75 0 1.54443e-06 0 0 0 0 0 0 0 
scan  550 450 80 0 1.54443e-06 0 0 0 0 0 0 0 
scan  550 450 85 0 1.54443e-06 0 0 0 0 0 0 0 
scan  550 450 76 0 1.54443e-06 0 0 0 0 0 0 0 
scan  550 450 81 0 1.54443e-06 0 0 0 0 0 0 0 
scan  550 450 86 0 1.54443e-06 0 0 0 0 0 0 0 
scan  550 450 77 0 1.54443e-06 0 0 0 0 0 0 0 
scan  550 450 82 0 1.54443e-06 0 0 0 0 0 0 0 
scan  550 450 87 0 1.54443e-06 0 0 0 0 0 0 0 
scan  550 450 78 0 1.54443e-06 0 0 0 0 0 0 0 
scan  550 450 83 0 1.54443e-06 0 0 0 0 0 0 0 
scan  550 450 88 0 1.54443e-06 0 0 0 0 0 0 0 
scan  550 450 79 0 1.54443e-06 0 0 0 0 0 0 0 
scan  550 450 84 0 1.54443e-06 0 0 0 0 0 0 0 
scan  550 450 89 0 1.54443e-06 0 0 0 0 0 0 0 
scan  550 450 45 9.40529e-07 1.91216e-06 6.39813e-07 -3.63724e-08 -1.96639e-07 0 0 0 0 
scan  550 450 50 0 1.54443e-06 0 0 0 0 0 0 0 
scan  550 450 55 0 1.54443e-06 0 0 0 0 0 0 0 
scan  550 450 46 4.1026e-06 2.57245e-06 1.85828e-06 -9.80101e-08 -5.83128e-07 0 0 0 0 
scan  550 450 51 5.5511e-07 1.27228e-06 5.24207e-07 -1.48294e-08 -4.40157e-08 0 0 0 0 
scan  550 450 56 0 1.54443e-06 0 0 0 0 0 0 0 
scan  550 450 47 0 1.54452e-06 0 0 0 0 0 0 0 
scan  550 450 52 0 1.54445e-06 0 0 0 0 0 0 0 
scan  550 450 57 3.35007e-08 1.15881e-06 3.35007e-08 -7.03111e-10 -4.2488e-10 0 0 0 0 
scan  550 450 48 0 1.54443e-06 0 0 0 0 0 0 0 
scan  550 450 53 0 1.55774e-06 0 0 0 0 0 0 0 
scan  550 450 58 0 1.54443e-06 0 0 0 0 0 0 0 
scan  550 450 49 0 1.54443e-06 0 0 0 0 0 0 0 
scan  550 450 54 1.01606e-06 1.55453e-06 1.01606e-06 -3.36421e-08 -6.86221e-09 0 0 0 0 
scan  550 450 59 0 1.54443e-06 0 0 0 0 0 0 0 
scan  550 450 165 0 7.72216e-07 0 0 0 0 0 0 0 
scan  550 450 170 0 7.72216e-07 0 0 0 0 0 0 0 
scan  550 450 175 0 7.72216e-07 0 0 0 0 0 0 0 
scan  550 450 166 0 7.72216e-07 0 0 0 0 0 0 0 
scan  550 450 171 0 7.72216e-07 0 0 0 0 0 0 0 
scan  550 450 176 0 7.72216e-07 0 0 0 0 0 0 0 
scan  550 450 167 0 7.72216e-07 0 0 0 0 0 0 0 
scan  550 450 172 0 7.72216e-07 0 0 0 0 0 0 0 
scan  550 450 177 0 7.72216e-07 0 0 0 0 0 0 0 
scan  550 450 168 0 7.72216e-07 0 0 0 0 0 0 0 
scan  550 450 173 0 7.72216e-07 0 0 0 0 0 0 0 
scan  550 450 178 0 7.72216e-07 0 0 0 0 0 0 0 
scan  550 450 169 0 7.72216e-07 0 0 0 0 0 0 0 
scan  550 450 174 0 7.72216e-07 0 0 0 0 0 0 0 
scan  550 450 179 0 7.72216e-07 0 0 0 0 0 0 0 
scan  550 450 135 1.04513e-05 5.85451e-06 5.54407e-06 -1.30809e-07 -1.4705e-06 -1.04513e-06 0 2.50021e-08 0 
scan  550 450 140 1.16663e-07 4.06479e-07 1.16663e-07 -1.2232e-09 -1.48471e-08 -1.16663e-08 0 0 0 
scan  550 450 145 0 7.81305e-07 0 0 0 0 0 0 0 
scan  550 450 136 6.94333e-06 3.43377e-06 3.24389e-06 -7.60957e-08 -7.50302e-07 -6.94333e-07 0 -2.50021e-08 0 
scan  550 450 141 5.41862e-07 5.77926e-07 4.18966e-07 -6.71532e-09 -2.97838e-08 -5.41862e-08 0 0 0 
scan  550 450 146 1.98045e-07 4.50363e-07 1.98045e-07 -2.06748e-09 -3.89844e-08 -1.98045e-08 0 0 0 
scan  550 450 137 1.74882e-06 1.07137e-06 9.01227e-07 -3.49868e-08 -6.30875e-08 -1.74882e-07 0 -5.41852e-07 0 
scan  550 450 142 8.03339e-07 6.42788e-07 4.8561e-07 -8.38649e-09 -1.03223e-07 -8.03339e-08 0 0 0 
scan  550 450 147 0 8.46883e-07 0 0 0 0 0 0 0 
scan  550 450 138 3.19282e-08 6.66272e-07 3.19282e-08 -3.33313e-10 -6.56956e-09 -3.19282e-09 0 5.41852e-07 0 
scan  550 450 143 3.12834e-08 3.89834e-07 3.12834e-08 -3.26759e-10 -6.90295e-09 -3.12834e-09 0 3.12834e-08 0 
scan  550 450 148 5.35927e-07 8.53139e-07 5.35927e-07 -5.59524e-09 -3.77712e-08 -5.35927e-08 0 0 0 
scan  550 450 139 0 7.72322e-07 0 0 0 0 0 0 0 
scan  550 450 144 0 7.72241e-07 0 0 0 0 0 0 0 
scan  550 450 149 2.78593e-08 3.87153e-07 2.78593e-08 -2.90836e-10 -4.92119e-09 -2.78593e-09 0 0 0 
scan  550 450 120 0 2.31665e-06 0 0 0 0 0 0 0 
scan  550 450 125 0 2.31665e-06 0 0 0 0 0 0 0 
scan  550 450 130 0 2.31665e-06 0 0 0 0 0 0 0 
scan  550 450 121 0 2.31701e-06 0 0 0 0 0 0 0 
scan  550 450 126 2.04209e-07 1.94185e-06 2.04209e-07 -4.28592e-09 0 -2.04209e-08 0 0 0 
scan  550 450 131 0 2.31665e-06 0 0 0 0 0 0 0 
scan  550 450 122 0 2.31665e-06 0 0 0 0 0 0 0 
scan  550 450 127 0 2.31665e-06 0 0 0 0 0 0 0 
scan  550 450 132 0 2.31665e-06 0 0 0 0 0 0 0 
scan  550 450 123 0 2.31665e-06 0 0 0 0 0 0 0 
scan  550 450 128 0 2.31665e-06 0 0 0 0 0 0 0 
scan  550 450 133 0 2.31665e-06 0 0 0 0 0 0 0 
scan  550 450 124 0 2.31665e-06 0 0 0 0 0 0 0 
scan  550 450 129 0 2.31665e-06 0 0 0 0 0 0 0 
scan  550 450 134 0 2.31665e-06 0 0 0 0 0 0 0 
scan  550 450 90 8.95466e-06 3.72991e-06 2.43683e-06 -1.40203e-07 -1.26191e-06 -8.95466e-07 0 2.05607e-07 0 
scan  550 450 95 0 2.31686e-06 0 0 0 0 0 0 0 
scan  550 450 100 0 2.31665e-06 0 0 0 0 0 0 0 
scan  550 450 91 2.35327e-05 9.29496e-06 7.03497e-06 -3.77621e-07 -3.41262e-06 -2.35327e-06 0 -1.88789e-06 0 
scan  550 450 96 2.10533e-06 2.65001e-06 1.30538e-06 -2.04052e-08 -8.50828e-08 -2.10533e-07 0 0 0 
scan  550 450 101 0 2.31723e-06 0 0 0 0 0 0 0 
scan  550 450 92 1.52895e-06 3.08974e-06 1.05474e-06 -2.8828e-08 -2.11213e-07 -1.52895e-07 0 1.99589e-06 0 
scan  550 450 97 7.53904e-07 2.06635e-06 4.70731e-07 -1.20642e-08 -4.26442e-08 -7.53904e-08 0 0 0 
scan  550 450 102 2.56156e-06 2.43416e-06 2.06724e-06 -3.21036e-08 -4.83998e-07 -2.56156e-07 0 0 0 
scan  550 450 93 0 2.31665e-06 0 0 0 0 0 0 0 
scan  550 450 98 5.70733e-07 1.6375e-06 5.3866e-07 -6.30788e-09 -3.12997e-08 -5.70733e-08 0 0 0 
scan  550 450 103 3.88598e-07 1.57988e-06 2.99756e-07 -4.05676e-09 -6.78106e-08 -3.88598e-08 0 0 0 
scan  550 450 94 4.1773e-07 1.59381e-06 3.91133e-07 -1.41197e-08 -3.0871e-09 -4.1773e-08 0 0 0 
scan  550 450 99 9.47458e-08 1.93299e-06 9.47458e-08 -9.89096e-10 -1.9236e-08 -9.47458e-09 0 0 0 
scan  550 450 104 1.53677e-07 1.93672e-06 1.53677e-07 -1.60431e-09 -5.85429e-09 -1.53677e-08 0 0 0 
