xsec 350 200 0.073732
scan 350 200 0 0.000289121 0 4.21726e-05 8.67363e-06 8.67363e-06 8.67363e-06 1.4456e-05 1.73473e-05 0.00020943
scan 350 200 1 0.000418303 0 5.07266e-05 1.25491e-05 1.25491e-05 1.25491e-05 2.09151e-05 2.50982e-05 0.000303005
scan 350 200 2 0.000295272 0 4.26189e-05 8.85817e-06 8.85817e-06 8.85817e-06 1.47636e-05 1.77163e-05 0.000213886
scan 350 200 3 0.000153788 0 3.07575e-05 4.61363e-06 4.61363e-06 4.61363e-06 7.68939e-06 9.22726e-06 0.000111399
scan 350 200 4 0.000209151 0 3.58692e-05 6.27454e-06 6.27454e-06 6.27454e-06 1.04576e-05 1.25491e-05 0.000151503
scan 350 200 5 3.07575e-05 0 1.37552e-05 9.22726e-07 9.22726e-07 9.22726e-07 1.53788e-06 1.84545e-06 2.22798e-05
scan 350 200 6 9.84241e-05 0 2.4606e-05 2.95272e-06 2.95272e-06 2.95272e-06 4.92121e-06 5.90545e-06 7.12954e-05
scan 350 200 7 4.92121e-05 0 1.73991e-05 1.47636e-06 1.47636e-06 1.47636e-06 2.4606e-06 2.95272e-06 3.56477e-05
scan 350 200 8 1.2303e-05 0 8.69955e-06 3.69091e-07 3.69091e-07 3.69091e-07 6.15151e-07 7.38181e-07 8.91192e-06
scan 350 200 9 3.07575e-05 0 1.37552e-05 9.22726e-07 9.22726e-07 9.22726e-07 1.53788e-06 1.84545e-06 2.22798e-05
scan 350 200 10 1.2303e-05 0 8.69955e-06 3.69091e-07 3.69091e-07 3.69091e-07 6.15151e-07 7.38181e-07 8.91192e-06
scan 350 200 11 0.000172242 0 3.25507e-05 5.16727e-06 5.16727e-06 5.16727e-06 8.61211e-06 1.03345e-05 0.000124767
scan 350 200 12 0.000406 0 4.99751e-05 1.218e-05 1.218e-05 1.218e-05 2.03e-05 2.436e-05 0.000294093
scan 350 200 13 0.000479818 0 5.43287e-05 1.43945e-05 1.43945e-05 1.43945e-05 2.39909e-05 2.87891e-05 0.000347565
scan 350 200 14 0.000387545 0 4.88261e-05 1.16264e-05 1.16264e-05 1.16264e-05 1.93773e-05 2.32527e-05 0.000280725
scan 350 200 15 2.4606e-05 0 1.2303e-05 7.38181e-07 7.38181e-07 7.38181e-07 1.2303e-06 1.47636e-06 1.78238e-05
scan 350 200 16 9.84241e-05 0 2.4606e-05 2.95272e-06 2.95272e-06 2.95272e-06 4.92121e-06 5.90545e-06 7.12954e-05
scan 350 200 17 7.99696e-05 0 2.21796e-05 2.39909e-06 2.39909e-06 2.39909e-06 3.99848e-06 4.79818e-06 5.79275e-05
scan 350 200 18 8.61211e-05 0 2.30168e-05 2.58363e-06 2.58363e-06 2.58363e-06 4.30606e-06 5.16727e-06 6.23834e-05
scan 350 200 19 1.84545e-05 0 1.06547e-05 5.53636e-07 5.53636e-07 5.53636e-07 9.22726e-07 1.10727e-06 1.33679e-05
scan 350 200 20 1.2303e-05 0 8.69955e-06 3.69091e-07 3.69091e-07 3.69091e-07 6.15151e-07 7.38181e-07 8.91192e-06
scan 350 200 21 0 0 0 0 0 0 0 0 0
scan 350 200 22 1.2303e-05 0 8.69955e-06 3.69091e-07 3.69091e-07 3.69091e-07 6.15151e-07 7.38181e-07 8.91192e-06
scan 350 200 23 0 0 0 0 0 0 0 0 0
scan 350 200 24 0 0 0 0 0 0 0 0 0
scan 350 200 25 0 0 0 0 0 0 0 0 0
scan 350 200 26 2.4606e-05 0 1.2303e-05 7.38181e-07 7.38181e-07 7.38181e-07 1.2303e-06 1.47636e-06 1.78238e-05
scan 350 200 27 6.76666e-05 0 2.04022e-05 2.03e-06 2.03e-06 2.03e-06 3.38333e-06 4.06e-06 4.90156e-05
scan 350 200 28 7.99696e-05 0 2.21796e-05 2.39909e-06 2.39909e-06 2.39909e-06 3.99848e-06 4.79818e-06 5.79275e-05
scan 350 200 29 4.30606e-05 0 1.62754e-05 1.29182e-06 1.29182e-06 1.29182e-06 2.15303e-06 2.58363e-06 3.11917e-05
scan 350 200 30 6.15151e-06 0 6.15151e-06 1.84545e-07 1.84545e-07 1.84545e-07 3.07575e-07 3.69091e-07 4.45596e-06
scan 350 200 31 4.92121e-05 0 1.73991e-05 1.47636e-06 1.47636e-06 1.47636e-06 2.4606e-06 2.95272e-06 3.56477e-05
scan 350 200 32 2.4606e-05 0 1.2303e-05 7.38181e-07 7.38181e-07 7.38181e-07 1.2303e-06 1.47636e-06 1.78238e-05
scan 350 200 33 1.2303e-05 0 8.69955e-06 3.69091e-07 3.69091e-07 3.69091e-07 6.15151e-07 7.38181e-07 8.91192e-06
scan 350 200 34 1.2303e-05 0 8.69955e-06 3.69091e-07 3.69091e-07 3.69091e-07 6.15151e-07 7.38181e-07 8.91192e-06
scan 350 200 35 0 0 0 0 0 0 0 0 0
scan 350 200 36 0 0 0 0 0 0 0 0 0
scan 350 200 37 6.15151e-06 0 6.15151e-06 1.84545e-07 1.84545e-07 1.84545e-07 3.07575e-07 3.69091e-07 4.45596e-06
scan 350 200 38 1.2303e-05 0 8.69955e-06 3.69091e-07 3.69091e-07 3.69091e-07 6.15151e-07 7.38181e-07 8.91192e-06
scan 350 200 39 1.2303e-05 0 8.69955e-06 3.69091e-07 3.69091e-07 3.69091e-07 6.15151e-07 7.38181e-07 8.91192e-06
scan 350 200 40 0 0 0 0 0 0 0 0 0
scan 350 200 41 1.2303e-05 0 8.69955e-06 3.69091e-07 3.69091e-07 3.69091e-07 6.15151e-07 7.38181e-07 8.91192e-06
scan 350 200 42 1.2303e-05 0 8.69955e-06 3.69091e-07 3.69091e-07 3.69091e-07 6.15151e-07 7.38181e-07 8.91192e-06
scan 350 200 43 1.2303e-05 0 8.69955e-06 3.69091e-07 3.69091e-07 3.69091e-07 6.15151e-07 7.38181e-07 8.91192e-06
scan 350 200 44 1.84545e-05 0 1.06547e-05 5.53636e-07 5.53636e-07 5.53636e-07 9.22726e-07 1.10727e-06 1.33679e-05
scan 350 200 45 1.2303e-05 0 8.69955e-06 3.69091e-07 3.69091e-07 3.69091e-07 6.15151e-07 7.38181e-07 8.91192e-06
scan 350 200 46 0 0 0 0 0 0 0 0 0
scan 350 200 47 0 0 0 0 0 0 0 0 0
scan 350 200 48 0 0 0 0 0 0 0 0 0
scan 350 200 49 0 0 0 0 0 0 0 0 0
scan 350 200 50 0 0 0 0 0 0 0 0 0
scan 350 200 51 0 0 0 0 0 0 0 0 0
scan 350 200 52 0 0 0 0 0 0 0 0 0
scan 350 200 53 0 0 0 0 0 0 0 0 0
scan 350 200 54 0 0 0 0 0 0 0 0 0
scan 350 200 55 0 0 0 0 0 0 0 0 0
scan 350 200 56 0 0 0 0 0 0 0 0 0
scan 350 200 57 0 0 0 0 0 0 0 0 0
scan 350 200 58 0 0 0 0 0 0 0 0 0
scan 350 200 59 0 0 0 0 0 0 0 0 0
scan 350 200 60 0 0 0 0 0 0 0 0
scan 350 200 61 0 0 0 0 0 0 0 0
scan 350 200 62 0 0 0 0 0 0 0 0
scan 350 200 63 0 0 0 0 0 0 0 0
scan 350 200 64 0 0 0 0 0 0 0 0
scan 350 200 65 0 0 0 0 0 0 0 0
scan 350 200 66 0 0 0 0 0 0 0 0
scan 350 200 67 0 0 0 0 0 0 0 0
scan 350 200 68 0 0 0 0 0 0 0 0
scan 350 200 69 0 0 0 0 0 0 0 0
scan 350 200 70 0 0 0 0 0 0 0 0
scan 350 200 71 0 0 0 0 0 0 0 0
scan 350 200 72 0 0 0 0 0 0 0 0
scan 350 200 73 0 0 0 0 0 0 0 0
scan 350 200 74 0 0 0 0 0 0 0 0
scan 350 200 75 0 0 0 0 0 0 0 0 0
scan 350 200 76 0 0 0 0 0 0 0 0 0
scan 350 200 77 0 0 0 0 0 0 0 0 0
scan 350 200 78 0 0 0 0 0 0 0 0 0
scan 350 200 79 0 0 0 0 0 0 0 0 0
scan 350 200 80 0 0 0 0 0 0 0 0 0
scan 350 200 81 0 0 0 0 0 0 0 0 0
scan 350 200 82 0 0 0 0 0 0 0 0 0
scan 350 200 83 0 0 0 0 0 0 0 0 0
scan 350 200 84 0 0 0 0 0 0 0 0 0
scan 350 200 85 0 0 0 0 0 0 0 0 0
scan 350 200 86 0 0 0 0 0 0 0 0 0
scan 350 200 87 0 0 0 0 0 0 0 0 0
scan 350 200 88 1.2303e-05 0 8.69955e-06 3.69091e-07 3.69091e-07 3.69091e-07 6.15151e-07 7.38181e-07 8.91192e-06
scan 350 200 89 0 0 0 0 0 0 0 0 0
scan 350 200 90 0 0 0 0 0 0 0 0 0
scan 350 200 91 6.15151e-06 0 6.15151e-06 1.84545e-07 1.84545e-07 1.84545e-07 3.07575e-07 3.69091e-07 4.45596e-06
scan 350 200 92 0 0 0 0 0 0 0 0 0
scan 350 200 93 0 0 0 0 0 0 0 0 0
scan 350 200 94 6.15151e-06 0 6.15151e-06 1.84545e-07 1.84545e-07 1.84545e-07 3.07575e-07 3.69091e-07 4.45596e-06
scan 350 200 95 0 0 0 0 0 0 0 0 0
scan 350 200 96 0 0 0 0 0 0 0 0 0
scan 350 200 97 0 0 0 0 0 0 0 0 0
scan 350 200 98 0 0 0 0 0 0 0 0 0
scan 350 200 99 0 0 0 0 0 0 0 0 0
scan 350 200 100 0 0 0 0 0 0 0 0 0
scan 350 200 101 0 0 0 0 0 0 0 0 0
scan 350 200 102 1.84545e-05 0 1.06547e-05 5.53636e-07 5.53636e-07 5.53636e-07 9.22726e-07 1.10727e-06 1.33679e-05
scan 350 200 103 0 0 0 0 0 0 0 0 0
scan 350 200 104 2.4606e-05 0 1.2303e-05 7.38181e-07 7.38181e-07 7.38181e-07 1.2303e-06 1.47636e-06 1.78238e-05
scan 350 200 60 0 0 0 0 0 0 0 0
scan 350 200 61 0 0 0 0 0 0 0 0
scan 350 200 62 0 0 0 0 0 0 0 0
scan 350 200 63 0 0 0 0 0 0 0 0
scan 350 200 64 0 0 0 0 0 0 0 0
scan 350 200 65 0 0 0 0 0 0 0 0
scan 350 200 66 0 0 0 0 0 0 0 0
scan 350 200 67 0 0 0 0 0 0 0 0
scan 350 200 68 0 0 0 0 0 0 0 0
scan 350 200 69 0 0 0 0 0 0 0 0
scan 350 200 70 0 0 0 0 0 0 0 0
scan 350 200 71 0 0 0 0 0 0 0 0
scan 350 200 72 0 0 0 0 0 0 0 0
scan 350 200 73 0 0 0 0 0 0 0 0
scan 350 200 74 0 0 0 0 0 0 0 0
scan 350 200 120 0 0 0 0 0 0 0 0 0
scan 350 200 121 0 0 0 0 0 0 0 0 0
scan 350 200 122 0 0 0 0 0 0 0 0 0
scan 350 200 123 0 0 0 0 0 0 0 0 0
scan 350 200 124 0 0 0 0 0 0 0 0 0
scan 350 200 125 0 0 0 0 0 0 0 0 0
scan 350 200 126 6.15151e-06 0 6.15151e-06 1.84545e-07 1.84545e-07 1.84545e-07 3.07575e-07 3.69091e-07 4.45596e-06
scan 350 200 127 0 0 0 0 0 0 0 0 0
scan 350 200 128 0 0 0 0 0 0 0 0 0
scan 350 200 129 0 0 0 0 0 0 0 0 0
scan 350 200 130 0 0 0 0 0 0 0 0 0
scan 350 200 131 0 0 0 0 0 0 0 0 0
scan 350 200 132 0 0 0 0 0 0 0 0 0
scan 350 200 133 0 0 0 0 0 0 0 0 0
scan 350 200 134 0 0 0 0 0 0 0 0 0
scan 350 200 135 0 0 0 0 0 0 0 0 0
scan 350 200 136 6.15151e-06 0 6.15151e-06 1.84545e-07 1.84545e-07 1.84545e-07 3.07575e-07 3.69091e-07 4.45596e-06
scan 350 200 137 6.15151e-06 0 6.15151e-06 1.84545e-07 1.84545e-07 1.84545e-07 3.07575e-07 3.69091e-07 4.45596e-06
scan 350 200 138 0 0 0 0 0 0 0 0 0
scan 350 200 139 0 0 0 0 0 0 0 0 0
scan 350 200 140 0 0 0 0 0 0 0 0 0
scan 350 200 141 0 0 0 0 0 0 0 0 0
scan 350 200 142 0 0 0 0 0 0 0 0 0
scan 350 200 143 6.15151e-06 0 6.15151e-06 1.84545e-07 1.84545e-07 1.84545e-07 3.07575e-07 3.69091e-07 4.45596e-06
scan 350 200 144 0 0 0 0 0 0 0 0 0
scan 350 200 145 0 0 0 0 0 0 0 0 0
scan 350 200 146 0 0 0 0 0 0 0 0 0
scan 350 200 147 0 0 0 0 0 0 0 0 0
scan 350 200 148 0 0 0 0 0 0 0 0 0
scan 350 200 149 0 0 0 0 0 0 0 0 0
scan 350 200 60 0 0 0 0 0 0 0 0
scan 350 200 61 0 0 0 0 0 0 0 0
scan 350 200 62 0 0 0 0 0 0 0 0
scan 350 200 63 0 0 0 0 0 0 0 0
scan 350 200 64 0 0 0 0 0 0 0 0
scan 350 200 65 0 0 0 0 0 0 0 0
scan 350 200 66 0 0 0 0 0 0 0 0
scan 350 200 67 0 0 0 0 0 0 0 0
scan 350 200 68 0 0 0 0 0 0 0 0
scan 350 200 69 0 0 0 0 0 0 0 0
scan 350 200 70 0 0 0 0 0 0 0 0
scan 350 200 71 0 0 0 0 0 0 0 0
scan 350 200 72 0 0 0 0 0 0 0 0
scan 350 200 73 0 0 0 0 0 0 0 0
scan 350 200 74 0 0 0 0 0 0 0 0
scan 350 200 165 0 0 0 0 0 0 0 0 0
scan 350 200 166 0 0 0 0 0 0 0 0 0
scan 350 200 167 0 0 0 0 0 0 0 0 0
scan 350 200 168 6.15151e-06 0 6.15151e-06 1.84545e-07 1.84545e-07 1.84545e-07 3.07575e-07 3.69091e-07 4.45596e-06
scan 350 200 169 0 0 0 0 0 0 0 0 0
scan 350 200 170 0 0 0 0 0 0 0 0 0
scan 350 200 171 0 0 0 0 0 0 0 0 0
scan 350 200 172 0 0 0 0 0 0 0 0 0
scan 350 200 173 0 0 0 0 0 0 0 0 0
scan 350 200 174 0 0 0 0 0 0 0 0 0
scan 350 200 175 0 0 0 0 0 0 0 0 0
scan 350 200 176 0 0 0 0 0 0 0 0 0
scan 350 200 177 0 0 0 0 0 0 0 0 0
scan 350 200 178 0 0 0 0 0 0 0 0 0
scan 350 200 179 0 0 0 0 0 0 0 0 0
