xsec 850 300 0.000467488
scan 850 300 0 2.1037e-07 0 7.01232e-08 6.31109e-09 6.31109e-09 6.31109e-09 1.05185e-08 1.26222e-08 1.64367e-07
scan 850 300 1 3.03867e-07 0 8.42776e-08 9.11602e-09 9.11602e-09 9.11602e-09 1.51934e-08 1.8232e-08 2.37419e-07
scan 850 300 2 1.40246e-07 0 5.72554e-08 4.20739e-09 4.20739e-09 4.20739e-09 7.01232e-09 8.41479e-09 1.09578e-07
scan 850 300 3 1.86995e-07 0 6.61128e-08 5.60986e-09 5.60986e-09 5.60986e-09 9.34976e-09 1.12197e-08 1.46104e-07
scan 850 300 4 1.35572e-06 0 1.78014e-07 4.06715e-08 4.06715e-08 4.06715e-08 6.77858e-08 8.1343e-08 1.05925e-06
scan 850 300 5 7.01232e-08 0 4.04857e-08 2.1037e-09 2.1037e-09 2.1037e-09 3.50616e-09 4.20739e-09 5.47889e-08
scan 850 300 6 9.34976e-08 0 4.67488e-08 2.80493e-09 2.80493e-09 2.80493e-09 4.67488e-09 5.60986e-09 7.30519e-08
scan 850 300 7 7.01232e-08 0 4.04857e-08 2.1037e-09 2.1037e-09 2.1037e-09 3.50616e-09 4.20739e-09 5.47889e-08
scan 850 300 8 9.34976e-08 0 4.67488e-08 2.80493e-09 2.80493e-09 2.80493e-09 4.67488e-09 5.60986e-09 7.30519e-08
scan 850 300 9 4.20739e-07 0 9.91692e-08 1.26222e-08 1.26222e-08 1.26222e-08 2.1037e-08 2.52444e-08 3.28734e-07
scan 850 300 10 0 0 0 0 0 0 0 0 0
scan 850 300 11 3.03867e-07 0 8.42776e-08 9.11602e-09 9.11602e-09 9.11602e-09 1.51934e-08 1.8232e-08 2.37419e-07
scan 850 300 12 7.01232e-07 0 1.28027e-07 2.1037e-08 2.1037e-08 2.1037e-08 3.50616e-08 4.20739e-08 5.47889e-07
scan 850 300 13 9.11602e-07 0 1.45973e-07 2.73481e-08 2.73481e-08 2.73481e-08 4.55801e-08 5.46961e-08 7.12256e-07
scan 850 300 14 9.06927e-06 0 4.60423e-07 2.72078e-07 2.72078e-07 2.72078e-07 4.53464e-07 5.44156e-07 7.08604e-06
scan 850 300 15 4.67488e-08 0 3.30564e-08 1.40246e-09 1.40246e-09 1.40246e-09 2.33744e-09 2.80493e-09 3.6526e-08
scan 850 300 16 2.80493e-07 0 8.09713e-08 8.41479e-09 8.41479e-09 8.41479e-09 1.40246e-08 1.68296e-08 2.19156e-07
scan 850 300 17 3.03867e-07 0 8.42776e-08 9.11602e-09 9.11602e-09 9.11602e-09 1.51934e-08 1.8232e-08 2.37419e-07
scan 850 300 18 2.80493e-07 0 8.09713e-08 8.41479e-09 8.41479e-09 8.41479e-09 1.40246e-08 1.68296e-08 2.19156e-07
scan 850 300 19 1.70633e-06 0 1.99711e-07 5.119e-08 5.119e-08 5.119e-08 8.53166e-08 1.0238e-07 1.3332e-06
scan 850 300 20 2.33744e-08 0 2.33744e-08 7.01232e-10 7.01232e-10 7.01232e-10 1.16872e-09 1.40246e-09 1.8263e-08
scan 850 300 21 2.33744e-08 0 2.33744e-08 7.01232e-10 7.01232e-10 7.01232e-10 1.16872e-09 1.40246e-09 1.8263e-08
scan 850 300 22 4.67488e-08 0 3.30564e-08 1.40246e-09 1.40246e-09 1.40246e-09 2.33744e-09 2.80493e-09 3.6526e-08
scan 850 300 23 4.67488e-08 0 3.30564e-08 1.40246e-09 1.40246e-09 1.40246e-09 2.33744e-09 2.80493e-09 3.6526e-08
scan 850 300 24 4.44114e-07 0 1.01887e-07 1.33234e-08 1.33234e-08 1.33234e-08 2.22057e-08 2.66468e-08 3.46997e-07
scan 850 300 25 7.01232e-08 0 4.04857e-08 2.1037e-09 2.1037e-09 2.1037e-09 3.50616e-09 4.20739e-09 5.47889e-08
scan 850 300 26 3.27242e-07 0 8.7459e-08 9.81725e-09 9.81725e-09 9.81725e-09 1.63621e-08 1.96345e-08 2.55682e-07
scan 850 300 27 6.07735e-07 0 1.19187e-07 1.8232e-08 1.8232e-08 1.8232e-08 3.03867e-08 3.64641e-08 4.74838e-07
scan 850 300 28 7.47981e-07 0 1.32226e-07 2.24394e-08 2.24394e-08 2.24394e-08 3.73991e-08 4.48789e-08 5.84415e-07
scan 850 300 29 6.42796e-06 0 3.87621e-07 1.92839e-07 1.92839e-07 1.92839e-07 3.21398e-07 3.85678e-07 5.02232e-06
scan 850 300 30 9.11602e-07 0 1.45973e-07 2.73481e-08 2.73481e-08 2.73481e-08 4.55801e-08 5.46961e-08 7.12256e-07
scan 850 300 31 1.65958e-06 0 1.96956e-07 4.97875e-08 4.97875e-08 4.97875e-08 8.29792e-08 9.9575e-08 1.29667e-06
scan 850 300 32 2.64131e-06 0 2.48473e-07 7.92393e-08 7.92393e-08 7.92393e-08 1.32065e-07 1.58479e-07 2.06372e-06
scan 850 300 33 3.06205e-06 0 2.67532e-07 9.18614e-08 9.18614e-08 9.18614e-08 1.53102e-07 1.83723e-07 2.39245e-06
scan 850 300 34 1.75074e-05 0 6.39708e-07 5.25223e-07 5.25223e-07 5.25223e-07 8.75372e-07 1.05045e-06 1.3679e-05
scan 850 300 35 1.63621e-07 0 6.18429e-08 4.90863e-09 4.90863e-09 4.90863e-09 8.18104e-09 9.81725e-09 1.27841e-07
scan 850 300 36 5.8436e-07 0 1.16872e-07 1.75308e-08 1.75308e-08 1.75308e-08 2.9218e-08 3.50616e-08 4.56575e-07
scan 850 300 37 6.77858e-07 0 1.25875e-07 2.03357e-08 2.03357e-08 2.03357e-08 3.38929e-08 4.06715e-08 5.29627e-07
scan 850 300 38 7.9473e-07 0 1.36295e-07 2.38419e-08 2.38419e-08 2.38419e-08 3.97365e-08 4.76838e-08 6.20941e-07
scan 850 300 39 5.60986e-06 0 3.62115e-07 1.68296e-07 1.68296e-07 1.68296e-07 2.80493e-07 3.36592e-07 4.38312e-06
scan 850 300 40 4.90863e-07 0 1.07115e-07 1.47259e-08 1.47259e-08 1.47259e-08 2.45431e-08 2.94518e-08 3.83523e-07
scan 850 300 41 1.84658e-06 0 2.07756e-07 5.53974e-08 5.53974e-08 5.53974e-08 9.23289e-08 1.10795e-07 1.44278e-06
scan 850 300 42 3.71653e-06 0 2.9474e-07 1.11496e-07 1.11496e-07 1.11496e-07 1.85827e-07 2.22992e-07 2.90381e-06
scan 850 300 43 4.90863e-06 0 3.38727e-07 1.47259e-07 1.47259e-07 1.47259e-07 2.45431e-07 2.94518e-07 3.83523e-06
scan 850 300 44 6.03294e-05 0 1.1875e-06 1.80988e-06 1.80988e-06 1.80988e-06 3.01647e-06 3.61976e-06 4.71368e-05
scan 850 300 45 7.01232e-08 0 4.04857e-08 2.1037e-09 2.1037e-09 2.1037e-09 3.50616e-09 4.20739e-09 5.47889e-08
scan 850 300 46 4.67488e-08 0 3.30564e-08 1.40246e-09 1.40246e-09 1.40246e-09 2.33744e-09 2.80493e-09 3.6526e-08
scan 850 300 47 4.67488e-08 0 3.30564e-08 1.40246e-09 1.40246e-09 1.40246e-09 2.33744e-09 2.80493e-09 3.6526e-08
scan 850 300 48 2.33744e-08 0 2.33744e-08 7.01232e-10 7.01232e-10 7.01232e-10 1.16872e-09 1.40246e-09 1.8263e-08
scan 850 300 49 7.01232e-08 0 4.04857e-08 2.1037e-09 2.1037e-09 2.1037e-09 3.50616e-09 4.20739e-09 5.47889e-08
scan 850 300 50 0 0 0 0 0 0 0 0 0
scan 850 300 51 2.33744e-08 0 2.33744e-08 7.01232e-10 7.01232e-10 7.01232e-10 1.16872e-09 1.40246e-09 1.8263e-08
scan 850 300 52 0 0 0 0 0 0 0 0 0
scan 850 300 53 0 0 0 0 0 0 0 0 0
scan 850 300 54 2.33744e-08 0 2.33744e-08 7.01232e-10 7.01232e-10 7.01232e-10 1.16872e-09 1.40246e-09 1.8263e-08
scan 850 300 55 0 0 0 0 0 0 0 0 0
scan 850 300 56 0 0 0 0 0 0 0 0 0
scan 850 300 57 9.34976e-08 0 4.67488e-08 2.80493e-09 2.80493e-09 2.80493e-09 4.67488e-09 5.60986e-09 7.30519e-08
scan 850 300 58 4.67488e-08 0 3.30564e-08 1.40246e-09 1.40246e-09 1.40246e-09 2.33744e-09 2.80493e-09 3.6526e-08
scan 850 300 59 3.03867e-07 0 8.42776e-08 9.11602e-09 9.11602e-09 9.11602e-09 1.51934e-08 1.8232e-08 2.37419e-07
scan 850 300 60 0 0 0 0 0 0 0 0
scan 850 300 61 0 0 0 0 0 0 0 0
scan 850 300 62 0 0 0 0 0 0 0 0
scan 850 300 63 0 0 0 0 0 0 0 0
scan 850 300 64 0 0 0 0 0 0 0 0
scan 850 300 65 0 0 0 0 0 0 0 0
scan 850 300 66 0 0 0 0 0 0 0 0
scan 850 300 67 0 0 0 0 0 0 0 0
scan 850 300 68 0 0 0 0 0 0 0 0
scan 850 300 69 0 0 0 0 0 0 0 0
scan 850 300 70 0 0 0 0 0 0 0 0
scan 850 300 71 0 0 0 0 0 0 0 0
scan 850 300 72 0 0 0 0 0 0 0 0
scan 850 300 73 0 0 0 0 0 0 0 0
scan 850 300 74 0 0 0 0 0 0 0 0
scan 850 300 75 0 0 0 0 0 0 0 0 0
scan 850 300 76 4.67488e-08 0 3.30564e-08 1.40246e-09 1.40246e-09 1.40246e-09 2.33744e-09 2.80493e-09 3.6526e-08
scan 850 300 77 0 0 0 0 0 0 0 0 0
scan 850 300 78 2.33744e-08 0 2.33744e-08 7.01232e-10 7.01232e-10 7.01232e-10 1.16872e-09 1.40246e-09 1.8263e-08
scan 850 300 79 4.67488e-08 0 3.30564e-08 1.40246e-09 1.40246e-09 1.40246e-09 2.33744e-09 2.80493e-09 3.6526e-08
scan 850 300 80 0 0 0 0 0 0 0 0 0
scan 850 300 81 0 0 0 0 0 0 0 0 0
scan 850 300 82 0 0 0 0 0 0 0 0 0
scan 850 300 83 0 0 0 0 0 0 0 0 0
scan 850 300 84 2.33744e-08 0 2.33744e-08 7.01232e-10 7.01232e-10 7.01232e-10 1.16872e-09 1.40246e-09 1.8263e-08
scan 850 300 85 0 0 0 0 0 0 0 0 0
scan 850 300 86 0 0 0 0 0 0 0 0 0
scan 850 300 87 4.67488e-08 0 3.30564e-08 1.40246e-09 1.40246e-09 1.40246e-09 2.33744e-09 2.80493e-09 3.6526e-08
scan 850 300 88 2.33744e-08 0 2.33744e-08 7.01232e-10 7.01232e-10 7.01232e-10 1.16872e-09 1.40246e-09 1.8263e-08
scan 850 300 89 2.80493e-07 0 8.09713e-08 8.41479e-09 8.41479e-09 8.41479e-09 1.40246e-08 1.68296e-08 2.19156e-07
scan 850 300 90 1.63621e-07 0 6.18429e-08 4.90863e-09 4.90863e-09 4.90863e-09 8.18104e-09 9.81725e-09 1.27841e-07
scan 850 300 91 1.86995e-07 0 6.61128e-08 5.60986e-09 5.60986e-09 5.60986e-09 9.34976e-09 1.12197e-08 1.46104e-07
scan 850 300 92 9.34976e-08 0 4.67488e-08 2.80493e-09 2.80493e-09 2.80493e-09 4.67488e-09 5.60986e-09 7.30519e-08
scan 850 300 93 7.01232e-08 0 4.04857e-08 2.1037e-09 2.1037e-09 2.1037e-09 3.50616e-09 4.20739e-09 5.47889e-08
scan 850 300 94 2.33744e-08 0 2.33744e-08 7.01232e-10 7.01232e-10 7.01232e-10 1.16872e-09 1.40246e-09 1.8263e-08
scan 850 300 95 0 0 0 0 0 0 0 0 0
scan 850 300 96 1.16872e-07 0 5.22668e-08 3.50616e-09 3.50616e-09 3.50616e-09 5.8436e-09 7.01232e-09 9.13149e-08
scan 850 300 97 2.33744e-08 0 2.33744e-08 7.01232e-10 7.01232e-10 7.01232e-10 1.16872e-09 1.40246e-09 1.8263e-08
scan 850 300 98 2.33744e-08 0 2.33744e-08 7.01232e-10 7.01232e-10 7.01232e-10 1.16872e-09 1.40246e-09 1.8263e-08
scan 850 300 99 2.33744e-08 0 2.33744e-08 7.01232e-10 7.01232e-10 7.01232e-10 1.16872e-09 1.40246e-09 1.8263e-08
scan 850 300 100 0 0 0 0 0 0 0 0 0
scan 850 300 101 1.40246e-07 0 5.72554e-08 4.20739e-09 4.20739e-09 4.20739e-09 7.01232e-09 8.41479e-09 1.09578e-07
scan 850 300 102 1.63621e-07 0 6.18429e-08 4.90863e-09 4.90863e-09 4.90863e-09 8.18104e-09 9.81725e-09 1.27841e-07
scan 850 300 103 1.86995e-07 0 6.61128e-08 5.60986e-09 5.60986e-09 5.60986e-09 9.34976e-09 1.12197e-08 1.46104e-07
scan 850 300 104 4.90863e-07 0 1.07115e-07 1.47259e-08 1.47259e-08 1.47259e-08 2.45431e-08 2.94518e-08 3.83523e-07
scan 850 300 60 0 0 0 0 0 0 0 0
scan 850 300 61 0 0 0 0 0 0 0 0
scan 850 300 62 0 0 0 0 0 0 0 0
scan 850 300 63 0 0 0 0 0 0 0 0
scan 850 300 64 0 0 0 0 0 0 0 0
scan 850 300 65 0 0 0 0 0 0 0 0
scan 850 300 66 0 0 0 0 0 0 0 0
scan 850 300 67 0 0 0 0 0 0 0 0
scan 850 300 68 0 0 0 0 0 0 0 0
scan 850 300 69 0 0 0 0 0 0 0 0
scan 850 300 70 0 0 0 0 0 0 0 0
scan 850 300 71 0 0 0 0 0 0 0 0
scan 850 300 72 0 0 0 0 0 0 0 0
scan 850 300 73 0 0 0 0 0 0 0 0
scan 850 300 74 0 0 0 0 0 0 0 0
scan 850 300 120 4.67488e-08 0 3.30564e-08 1.40246e-09 1.40246e-09 1.40246e-09 2.33744e-09 2.80493e-09 3.6526e-08
scan 850 300 121 4.67488e-08 0 3.30564e-08 1.40246e-09 1.40246e-09 1.40246e-09 2.33744e-09 2.80493e-09 3.6526e-08
scan 850 300 122 7.01232e-08 0 4.04857e-08 2.1037e-09 2.1037e-09 2.1037e-09 3.50616e-09 4.20739e-09 5.47889e-08
scan 850 300 123 2.33744e-08 0 2.33744e-08 7.01232e-10 7.01232e-10 7.01232e-10 1.16872e-09 1.40246e-09 1.8263e-08
scan 850 300 124 1.86995e-07 0 6.61128e-08 5.60986e-09 5.60986e-09 5.60986e-09 9.34976e-09 1.12197e-08 1.46104e-07
scan 850 300 125 0 0 0 0 0 0 0 0 0
scan 850 300 126 0 0 0 0 0 0 0 0 0
scan 850 300 127 2.33744e-08 0 2.33744e-08 7.01232e-10 7.01232e-10 7.01232e-10 1.16872e-09 1.40246e-09 1.8263e-08
scan 850 300 128 2.33744e-08 0 2.33744e-08 7.01232e-10 7.01232e-10 7.01232e-10 1.16872e-09 1.40246e-09 1.8263e-08
scan 850 300 129 4.67488e-08 0 3.30564e-08 1.40246e-09 1.40246e-09 1.40246e-09 2.33744e-09 2.80493e-09 3.6526e-08
scan 850 300 130 2.33744e-08 0 2.33744e-08 7.01232e-10 7.01232e-10 7.01232e-10 1.16872e-09 1.40246e-09 1.8263e-08
scan 850 300 131 2.33744e-08 0 2.33744e-08 7.01232e-10 7.01232e-10 7.01232e-10 1.16872e-09 1.40246e-09 1.8263e-08
scan 850 300 132 4.67488e-08 0 3.30564e-08 1.40246e-09 1.40246e-09 1.40246e-09 2.33744e-09 2.80493e-09 3.6526e-08
scan 850 300 133 1.40246e-07 0 5.72554e-08 4.20739e-09 4.20739e-09 4.20739e-09 7.01232e-09 8.41479e-09 1.09578e-07
scan 850 300 134 1.23884e-06 0 1.70168e-07 3.71653e-08 3.71653e-08 3.71653e-08 6.19422e-08 7.43306e-08 9.67938e-07
scan 850 300 135 4.67488e-08 0 3.30564e-08 1.40246e-09 1.40246e-09 1.40246e-09 2.33744e-09 2.80493e-09 3.6526e-08
scan 850 300 136 9.34976e-08 0 4.67488e-08 2.80493e-09 2.80493e-09 2.80493e-09 4.67488e-09 5.60986e-09 7.30519e-08
scan 850 300 137 4.67488e-08 0 3.30564e-08 1.40246e-09 1.40246e-09 1.40246e-09 2.33744e-09 2.80493e-09 3.6526e-08
scan 850 300 138 0 0 0 0 0 0 0 0 0
scan 850 300 139 9.34976e-08 0 4.67488e-08 2.80493e-09 2.80493e-09 2.80493e-09 4.67488e-09 5.60986e-09 7.30519e-08
scan 850 300 140 0 0 0 0 0 0 0 0 0
scan 850 300 141 0 0 0 0 0 0 0 0 0
scan 850 300 142 2.33744e-08 0 2.33744e-08 7.01232e-10 7.01232e-10 7.01232e-10 1.16872e-09 1.40246e-09 1.8263e-08
scan 850 300 143 2.33744e-08 0 2.33744e-08 7.01232e-10 7.01232e-10 7.01232e-10 1.16872e-09 1.40246e-09 1.8263e-08
scan 850 300 144 4.67488e-08 0 3.30564e-08 1.40246e-09 1.40246e-09 1.40246e-09 2.33744e-09 2.80493e-09 3.6526e-08
scan 850 300 145 0 0 0 0 0 0 0 0 0
scan 850 300 146 4.67488e-08 0 3.30564e-08 1.40246e-09 1.40246e-09 1.40246e-09 2.33744e-09 2.80493e-09 3.6526e-08
scan 850 300 147 7.01232e-08 0 4.04857e-08 2.1037e-09 2.1037e-09 2.1037e-09 3.50616e-09 4.20739e-09 5.47889e-08
scan 850 300 148 9.34976e-08 0 4.67488e-08 2.80493e-09 2.80493e-09 2.80493e-09 4.67488e-09 5.60986e-09 7.30519e-08
scan 850 300 149 2.33744e-07 0 7.39164e-08 7.01232e-09 7.01232e-09 7.01232e-09 1.16872e-08 1.40246e-08 1.8263e-07
scan 850 300 60 0 0 0 0 0 0 0 0
scan 850 300 61 0 0 0 0 0 0 0 0
scan 850 300 62 0 0 0 0 0 0 0 0
scan 850 300 63 0 0 0 0 0 0 0 0
scan 850 300 64 0 0 0 0 0 0 0 0
scan 850 300 65 0 0 0 0 0 0 0 0
scan 850 300 66 0 0 0 0 0 0 0 0
scan 850 300 67 0 0 0 0 0 0 0 0
scan 850 300 68 0 0 0 0 0 0 0 0
scan 850 300 69 0 0 0 0 0 0 0 0
scan 850 300 70 0 0 0 0 0 0 0 0
scan 850 300 71 0 0 0 0 0 0 0 0
scan 850 300 72 0 0 0 0 0 0 0 0
scan 850 300 73 0 0 0 0 0 0 0 0
scan 850 300 74 0 0 0 0 0 0 0 0
scan 850 300 165 4.67488e-08 0 3.30564e-08 1.40246e-09 1.40246e-09 1.40246e-09 2.33744e-09 2.80493e-09 3.6526e-08
scan 850 300 166 4.67488e-08 0 3.30564e-08 1.40246e-09 1.40246e-09 1.40246e-09 2.33744e-09 2.80493e-09 3.6526e-08
scan 850 300 167 9.34976e-08 0 4.67488e-08 2.80493e-09 2.80493e-09 2.80493e-09 4.67488e-09 5.60986e-09 7.30519e-08
scan 850 300 168 2.33744e-08 0 2.33744e-08 7.01232e-10 7.01232e-10 7.01232e-10 1.16872e-09 1.40246e-09 1.8263e-08
scan 850 300 169 2.57119e-07 0 7.75242e-08 7.71356e-09 7.71356e-09 7.71356e-09 1.28559e-08 1.54271e-08 2.00893e-07
scan 850 300 170 0 0 0 0 0 0 0 0 0
scan 850 300 171 4.67488e-08 0 3.30564e-08 1.40246e-09 1.40246e-09 1.40246e-09 2.33744e-09 2.80493e-09 3.6526e-08
scan 850 300 172 4.67488e-08 0 3.30564e-08 1.40246e-09 1.40246e-09 1.40246e-09 2.33744e-09 2.80493e-09 3.6526e-08
scan 850 300 173 4.67488e-08 0 3.30564e-08 1.40246e-09 1.40246e-09 1.40246e-09 2.33744e-09 2.80493e-09 3.6526e-08
scan 850 300 174 2.33744e-08 0 2.33744e-08 7.01232e-10 7.01232e-10 7.01232e-10 1.16872e-09 1.40246e-09 1.8263e-08
scan 850 300 175 0 0 0 0 0 0 0 0 0
scan 850 300 176 0 0 0 0 0 0 0 0 0
scan 850 300 177 0 0 0 0 0 0 0 0 0
scan 850 300 178 2.33744e-08 0 2.33744e-08 7.01232e-10 7.01232e-10 7.01232e-10 1.16872e-09 1.40246e-09 1.8263e-08
scan 850 300 179 3.03867e-07 0 8.42776e-08 9.11602e-09 9.11602e-09 9.11602e-09 1.51934e-08 1.8232e-08 2.37419e-07
