xsec 950 600 0.000189909
scan 950 600 0 1.16068e-07 0 3.49959e-08 3.48205e-09 3.48205e-09 3.48205e-09 5.80342e-09 6.96411e-09 9.11602e-08
scan 950 600 1 1.2662e-07 0 3.65521e-08 3.7986e-09 3.7986e-09 3.7986e-09 6.331e-09 7.59721e-09 9.94475e-08
scan 950 600 2 2.42689e-07 0 5.06041e-08 7.28066e-09 7.28066e-09 7.28066e-09 1.21344e-08 1.45613e-08 1.90608e-07
scan 950 600 3 2.84895e-07 0 5.48281e-08 8.54686e-09 8.54686e-09 8.54686e-09 1.42448e-08 1.70937e-08 2.23757e-07
scan 950 600 4 1.40337e-06 0 1.21688e-07 4.21012e-08 4.21012e-08 4.21012e-08 7.01686e-08 8.42024e-08 1.10221e-06
scan 950 600 5 1.05517e-08 0 1.05517e-08 3.1655e-10 3.1655e-10 3.1655e-10 5.27584e-10 6.331e-10 8.28729e-09
scan 950 600 6 7.38617e-08 0 2.79171e-08 2.21585e-09 2.21585e-09 2.21585e-09 3.69309e-09 4.4317e-09 5.8011e-08
scan 950 600 7 2.11033e-08 0 1.49223e-08 6.331e-10 6.331e-10 6.331e-10 1.05517e-09 1.2662e-09 1.65746e-08
scan 950 600 8 1.05517e-08 0 1.05517e-08 3.1655e-10 3.1655e-10 3.1655e-10 5.27584e-10 6.331e-10 8.28729e-09
scan 950 600 9 2.5324e-07 0 5.16924e-08 7.59721e-09 7.59721e-09 7.59721e-09 1.2662e-08 1.51944e-08 1.98895e-07
scan 950 600 10 2.11033e-08 0 1.49223e-08 6.331e-10 6.331e-10 6.331e-10 1.05517e-09 1.2662e-09 1.65746e-08
scan 950 600 11 1.8993e-07 0 4.4767e-08 5.6979e-09 5.6979e-09 5.6979e-09 9.49651e-09 1.13958e-08 1.49171e-07
scan 950 600 12 4.64274e-07 0 6.99919e-08 1.39282e-08 1.39282e-08 1.39282e-08 2.32137e-08 2.78564e-08 3.64641e-07
scan 950 600 13 6.01445e-07 0 7.96634e-08 1.80434e-08 1.80434e-08 1.80434e-08 3.00723e-08 3.60867e-08 4.72376e-07
scan 950 600 14 2.91226e-06 0 1.75298e-07 8.73679e-08 8.73679e-08 8.73679e-08 1.45613e-07 1.74736e-07 2.28729e-06
scan 950 600 15 1.58275e-07 0 4.08665e-08 4.74825e-09 4.74825e-09 4.74825e-09 7.91376e-09 9.49651e-09 1.24309e-07
scan 950 600 16 2.00482e-07 0 4.59937e-08 6.01445e-09 6.01445e-09 6.01445e-09 1.00241e-08 1.20289e-08 1.57459e-07
scan 950 600 17 4.22067e-07 0 6.67347e-08 1.2662e-08 1.2662e-08 1.2662e-08 2.11033e-08 2.5324e-08 3.31492e-07
scan 950 600 18 5.17032e-07 0 7.38617e-08 1.5511e-08 1.5511e-08 1.5511e-08 2.58516e-08 3.10219e-08 4.06077e-07
scan 950 600 19 1.65661e-06 0 1.32212e-07 4.96984e-08 4.96984e-08 4.96984e-08 8.28306e-08 9.93968e-08 1.3011e-06
scan 950 600 20 3.1655e-08 0 1.8276e-08 9.49651e-10 9.49651e-10 9.49651e-10 1.58275e-09 1.8993e-09 2.48619e-08
scan 950 600 21 2.11033e-08 0 1.49223e-08 6.331e-10 6.331e-10 6.331e-10 1.05517e-09 1.2662e-09 1.65746e-08
scan 950 600 22 4.22067e-08 0 2.11033e-08 1.2662e-09 1.2662e-09 1.2662e-09 2.11033e-09 2.5324e-09 3.31492e-08
scan 950 600 23 1.05517e-07 0 3.33673e-08 3.1655e-09 3.1655e-09 3.1655e-09 5.27584e-09 6.331e-09 8.28729e-08
scan 950 600 24 3.48205e-07 0 6.06148e-08 1.04462e-08 1.04462e-08 1.04462e-08 1.74103e-08 2.08923e-08 2.73481e-07
scan 950 600 25 2.11033e-08 0 1.49223e-08 6.331e-10 6.331e-10 6.331e-10 1.05517e-09 1.2662e-09 1.65746e-08
scan 950 600 26 1.47723e-07 0 3.94808e-08 4.4317e-09 4.4317e-09 4.4317e-09 7.38617e-09 8.86341e-09 1.16022e-07
scan 950 600 27 2.74344e-07 0 5.38032e-08 8.23031e-09 8.23031e-09 8.23031e-09 1.37172e-08 1.64606e-08 2.1547e-07
scan 950 600 28 5.6979e-07 0 7.75387e-08 1.70937e-08 1.70937e-08 1.70937e-08 2.84895e-08 3.41874e-08 4.47514e-07
scan 950 600 29 3.41874e-06 0 1.8993e-07 1.02562e-07 1.02562e-07 1.02562e-07 1.70937e-07 2.05125e-07 2.68508e-06
scan 950 600 30 3.05999e-07 0 5.68225e-08 9.17996e-09 9.17996e-09 9.17996e-09 1.52999e-08 1.83599e-08 2.40331e-07
scan 950 600 31 5.6979e-07 0 7.75387e-08 1.70937e-08 1.70937e-08 1.70937e-08 2.84895e-08 3.41874e-08 4.47514e-07
scan 950 600 32 1.15013e-06 0 1.10163e-07 3.4504e-08 3.4504e-08 3.4504e-08 5.75066e-08 6.9008e-08 9.03315e-07
scan 950 600 33 1.34006e-06 0 1.18911e-07 4.02019e-08 4.02019e-08 4.02019e-08 6.70031e-08 8.04038e-08 1.05249e-06
scan 950 600 34 4.58998e-06 0 2.20073e-07 1.37699e-07 1.37699e-07 1.37699e-07 2.29499e-07 2.75399e-07 3.60497e-06
scan 950 600 35 1.47723e-07 0 3.94808e-08 4.4317e-09 4.4317e-09 4.4317e-09 7.38617e-09 8.86341e-09 1.16022e-07
scan 950 600 36 1.2662e-07 0 3.65521e-08 3.7986e-09 3.7986e-09 3.7986e-09 6.331e-09 7.59721e-09 9.94475e-08
scan 950 600 37 1.16068e-07 0 3.49959e-08 3.48205e-09 3.48205e-09 3.48205e-09 5.80342e-09 6.96411e-09 9.11602e-08
scan 950 600 38 2.42689e-07 0 5.06041e-08 7.28066e-09 7.28066e-09 7.28066e-09 1.21344e-08 1.45613e-08 1.90608e-07
scan 950 600 39 1.10793e-06 0 1.08122e-07 3.32378e-08 3.32378e-08 3.32378e-08 5.53963e-08 6.64756e-08 8.70166e-07
scan 950 600 40 5.27584e-08 0 2.35943e-08 1.58275e-09 1.58275e-09 1.58275e-09 2.63792e-09 3.1655e-09 4.14365e-08
scan 950 600 41 6.43652e-07 0 8.24112e-08 1.93096e-08 1.93096e-08 1.93096e-08 3.21826e-08 3.86191e-08 5.05525e-07
scan 950 600 42 1.07627e-06 0 1.06567e-07 3.22881e-08 3.22881e-08 3.22881e-08 5.38135e-08 6.45762e-08 8.45304e-07
scan 950 600 43 1.31896e-06 0 1.17971e-07 3.95688e-08 3.95688e-08 3.95688e-08 6.5948e-08 7.91376e-08 1.03591e-06
scan 950 600 44 1.01191e-05 0 3.26761e-07 3.03572e-07 3.03572e-07 3.03572e-07 5.05953e-07 6.07143e-07 7.94751e-06
scan 950 600 45 2.11033e-08 0 1.49223e-08 6.331e-10 6.331e-10 6.331e-10 1.05517e-09 1.2662e-09 1.65746e-08
scan 950 600 46 0 0 0 0 0 0 0 0 0
scan 950 600 47 0 0 0 0 0 0 0 0 0
scan 950 600 48 0 0 0 0 0 0 0 0 0
scan 950 600 49 0 0 0 0 0 0 0 0 0
scan 950 600 50 0 0 0 0 0 0 0 0 0
scan 950 600 51 1.05517e-08 0 1.05517e-08 3.1655e-10 3.1655e-10 3.1655e-10 5.27584e-10 6.331e-10 8.28729e-09
scan 950 600 52 0 0 0 0 0 0 0 0 0
scan 950 600 53 0 0 0 0 0 0 0 0 0
scan 950 600 54 0 0 0 0 0 0 0 0 0
scan 950 600 55 0 0 0 0 0 0 0 0 0
scan 950 600 56 1.05517e-08 0 1.05517e-08 3.1655e-10 3.1655e-10 3.1655e-10 5.27584e-10 6.331e-10 8.28729e-09
scan 950 600 57 0 0 0 0 0 0 0 0 0
scan 950 600 58 2.11033e-08 0 1.49223e-08 6.331e-10 6.331e-10 6.331e-10 1.05517e-09 1.2662e-09 1.65746e-08
scan 950 600 59 9.49651e-08 0 3.1655e-08 2.84895e-09 2.84895e-09 2.84895e-09 4.74825e-09 5.6979e-09 7.45856e-08
scan 950 600 60 0 0 0 0 0 0 0 0
scan 950 600 61 0 0 0 0 0 0 0 0
scan 950 600 62 0 0 0 0 0 0 0 0
scan 950 600 63 0 0 0 0 0 0 0 0
scan 950 600 64 0 0 0 0 0 0 0 0
scan 950 600 65 0 0 0 0 0 0 0 0
scan 950 600 66 0 0 0 0 0 0 0 0
scan 950 600 67 0 0 0 0 0 0 0 0
scan 950 600 68 0 0 0 0 0 0 0 0
scan 950 600 69 0 0 0 0 0 0 0 0
scan 950 600 70 0 0 0 0 0 0 0 0
scan 950 600 71 0 0 0 0 0 0 0 0
scan 950 600 72 0 0 0 0 0 0 0 0
scan 950 600 73 0 0 0 0 0 0 0 0
scan 950 600 74 0 0 0 0 0 0 0 0
scan 950 600 75 0 0 0 0 0 0 0 0 0
scan 950 600 76 0 0 0 0 0 0 0 0 0
scan 950 600 77 0 0 0 0 0 0 0 0 0
scan 950 600 78 0 0 0 0 0 0 0 0 0
scan 950 600 79 0 0 0 0 0 0 0 0 0
scan 950 600 80 0 0 0 0 0 0 0 0 0
scan 950 600 81 0 0 0 0 0 0 0 0 0
scan 950 600 82 0 0 0 0 0 0 0 0 0
scan 950 600 83 0 0 0 0 0 0 0 0 0
scan 950 600 84 0 0 0 0 0 0 0 0 0
scan 950 600 85 0 0 0 0 0 0 0 0 0
scan 950 600 86 0 0 0 0 0 0 0 0 0
scan 950 600 87 0 0 0 0 0 0 0 0 0
scan 950 600 88 1.05517e-08 0 1.05517e-08 3.1655e-10 3.1655e-10 3.1655e-10 5.27584e-10 6.331e-10 8.28729e-09
scan 950 600 89 3.1655e-08 0 1.8276e-08 9.49651e-10 9.49651e-10 9.49651e-10 1.58275e-09 1.8993e-09 2.48619e-08
scan 950 600 90 2.11033e-08 0 1.49223e-08 6.331e-10 6.331e-10 6.331e-10 1.05517e-09 1.2662e-09 1.65746e-08
scan 950 600 91 2.11033e-08 0 1.49223e-08 6.331e-10 6.331e-10 6.331e-10 1.05517e-09 1.2662e-09 1.65746e-08
scan 950 600 92 2.11033e-08 0 1.49223e-08 6.331e-10 6.331e-10 6.331e-10 1.05517e-09 1.2662e-09 1.65746e-08
scan 950 600 93 0 0 0 0 0 0 0 0 0
scan 950 600 94 1.05517e-08 0 1.05517e-08 3.1655e-10 3.1655e-10 3.1655e-10 5.27584e-10 6.331e-10 8.28729e-09
scan 950 600 95 0 0 0 0 0 0 0 0 0
scan 950 600 96 1.05517e-08 0 1.05517e-08 3.1655e-10 3.1655e-10 3.1655e-10 5.27584e-10 6.331e-10 8.28729e-09
scan 950 600 97 0 0 0 0 0 0 0 0 0
scan 950 600 98 0 0 0 0 0 0 0 0 0
scan 950 600 99 1.05517e-08 0 1.05517e-08 3.1655e-10 3.1655e-10 3.1655e-10 5.27584e-10 6.331e-10 8.28729e-09
scan 950 600 100 0 0 0 0 0 0 0 0 0
scan 950 600 101 2.11033e-08 0 1.49223e-08 6.331e-10 6.331e-10 6.331e-10 1.05517e-09 1.2662e-09 1.65746e-08
scan 950 600 102 4.22067e-08 0 2.11033e-08 1.2662e-09 1.2662e-09 1.2662e-09 2.11033e-09 2.5324e-09 3.31492e-08
scan 950 600 103 4.22067e-08 0 2.11033e-08 1.2662e-09 1.2662e-09 1.2662e-09 2.11033e-09 2.5324e-09 3.31492e-08
scan 950 600 104 1.05517e-07 0 3.33673e-08 3.1655e-09 3.1655e-09 3.1655e-09 5.27584e-09 6.331e-09 8.28729e-08
scan 950 600 60 0 0 0 0 0 0 0 0
scan 950 600 61 0 0 0 0 0 0 0 0
scan 950 600 62 0 0 0 0 0 0 0 0
scan 950 600 63 0 0 0 0 0 0 0 0
scan 950 600 64 0 0 0 0 0 0 0 0
scan 950 600 65 0 0 0 0 0 0 0 0
scan 950 600 66 0 0 0 0 0 0 0 0
scan 950 600 67 0 0 0 0 0 0 0 0
scan 950 600 68 0 0 0 0 0 0 0 0
scan 950 600 69 0 0 0 0 0 0 0 0
scan 950 600 70 0 0 0 0 0 0 0 0
scan 950 600 71 0 0 0 0 0 0 0 0
scan 950 600 72 0 0 0 0 0 0 0 0
scan 950 600 73 0 0 0 0 0 0 0 0
scan 950 600 74 0 0 0 0 0 0 0 0
scan 950 600 120 0 0 0 0 0 0 0 0 0
scan 950 600 121 1.05517e-08 0 1.05517e-08 3.1655e-10 3.1655e-10 3.1655e-10 5.27584e-10 6.331e-10 8.28729e-09
scan 950 600 122 1.05517e-08 0 1.05517e-08 3.1655e-10 3.1655e-10 3.1655e-10 5.27584e-10 6.331e-10 8.28729e-09
scan 950 600 123 0 0 0 0 0 0 0 0 0
scan 950 600 124 0 0 0 0 0 0 0 0 0
scan 950 600 125 0 0 0 0 0 0 0 0 0
scan 950 600 126 0 0 0 0 0 0 0 0 0
scan 950 600 127 0 0 0 0 0 0 0 0 0
scan 950 600 128 0 0 0 0 0 0 0 0 0
scan 950 600 129 0 0 0 0 0 0 0 0 0
scan 950 600 130 0 0 0 0 0 0 0 0 0
scan 950 600 131 1.05517e-08 0 1.05517e-08 3.1655e-10 3.1655e-10 3.1655e-10 5.27584e-10 6.331e-10 8.28729e-09
scan 950 600 132 3.1655e-08 0 1.8276e-08 9.49651e-10 9.49651e-10 9.49651e-10 1.58275e-09 1.8993e-09 2.48619e-08
scan 950 600 133 1.05517e-08 0 1.05517e-08 3.1655e-10 3.1655e-10 3.1655e-10 5.27584e-10 6.331e-10 8.28729e-09
scan 950 600 134 5.27584e-08 0 2.35943e-08 1.58275e-09 1.58275e-09 1.58275e-09 2.63792e-09 3.1655e-09 4.14365e-08
scan 950 600 135 2.11033e-08 0 1.49223e-08 6.331e-10 6.331e-10 6.331e-10 1.05517e-09 1.2662e-09 1.65746e-08
scan 950 600 136 1.05517e-08 0 1.05517e-08 3.1655e-10 3.1655e-10 3.1655e-10 5.27584e-10 6.331e-10 8.28729e-09
scan 950 600 137 3.1655e-08 0 1.8276e-08 9.49651e-10 9.49651e-10 9.49651e-10 1.58275e-09 1.8993e-09 2.48619e-08
scan 950 600 138 0 0 0 0 0 0 0 0 0
scan 950 600 139 5.27584e-08 0 2.35943e-08 1.58275e-09 1.58275e-09 1.58275e-09 2.63792e-09 3.1655e-09 4.14365e-08
scan 950 600 140 0 0 0 0 0 0 0 0 0
scan 950 600 141 0 0 0 0 0 0 0 0 0
scan 950 600 142 0 0 0 0 0 0 0 0 0
scan 950 600 143 0 0 0 0 0 0 0 0 0
scan 950 600 144 1.05517e-08 0 1.05517e-08 3.1655e-10 3.1655e-10 3.1655e-10 5.27584e-10 6.331e-10 8.28729e-09
scan 950 600 145 0 0 0 0 0 0 0 0 0
scan 950 600 146 0 0 0 0 0 0 0 0 0
scan 950 600 147 0 0 0 0 0 0 0 0 0
scan 950 600 148 0 0 0 0 0 0 0 0 0
scan 950 600 149 3.1655e-08 0 1.8276e-08 9.49651e-10 9.49651e-10 9.49651e-10 1.58275e-09 1.8993e-09 2.48619e-08
scan 950 600 60 0 0 0 0 0 0 0 0
scan 950 600 61 0 0 0 0 0 0 0 0
scan 950 600 62 0 0 0 0 0 0 0 0
scan 950 600 63 0 0 0 0 0 0 0 0
scan 950 600 64 0 0 0 0 0 0 0 0
scan 950 600 65 0 0 0 0 0 0 0 0
scan 950 600 66 0 0 0 0 0 0 0 0
scan 950 600 67 0 0 0 0 0 0 0 0
scan 950 600 68 0 0 0 0 0 0 0 0
scan 950 600 69 0 0 0 0 0 0 0 0
scan 950 600 70 0 0 0 0 0 0 0 0
scan 950 600 71 0 0 0 0 0 0 0 0
scan 950 600 72 0 0 0 0 0 0 0 0
scan 950 600 73 0 0 0 0 0 0 0 0
scan 950 600 74 0 0 0 0 0 0 0 0
scan 950 600 165 0 0 0 0 0 0 0 0 0
scan 950 600 166 0 0 0 0 0 0 0 0 0
scan 950 600 167 0 0 0 0 0 0 0 0 0
scan 950 600 168 2.11033e-08 0 1.49223e-08 6.331e-10 6.331e-10 6.331e-10 1.05517e-09 1.2662e-09 1.65746e-08
scan 950 600 169 2.11033e-08 0 1.49223e-08 6.331e-10 6.331e-10 6.331e-10 1.05517e-09 1.2662e-09 1.65746e-08
scan 950 600 170 0 0 0 0 0 0 0 0 0
scan 950 600 171 0 0 0 0 0 0 0 0 0
scan 950 600 172 0 0 0 0 0 0 0 0 0
scan 950 600 173 0 0 0 0 0 0 0 0 0
scan 950 600 174 1.05517e-08 0 1.05517e-08 3.1655e-10 3.1655e-10 3.1655e-10 5.27584e-10 6.331e-10 8.28729e-09
scan 950 600 175 0 0 0 0 0 0 0 0 0
scan 950 600 176 0 0 0 0 0 0 0 0 0
scan 950 600 177 0 0 0 0 0 0 0 0 0
scan 950 600 178 0 0 0 0 0 0 0 0 0
scan 950 600 179 5.27584e-08 0 2.35943e-08 1.58275e-09 1.58275e-09 1.58275e-09 2.63792e-09 3.1655e-09 4.14365e-08
