xsec 1000 0 0.000129786
scan 1000 0 0 6.48962e-09 0 6.48962e-09 1.94689e-10 1.94689e-10 1.94689e-10 3.24481e-10 3.89377e-10 5.10663e-09
scan 1000 0 1 1.29792e-08 0 9.17771e-09 3.89377e-10 3.89377e-10 3.89377e-10 6.48962e-10 7.78755e-10 1.02133e-08
scan 1000 0 2 6.48962e-09 0 6.48962e-09 1.94689e-10 1.94689e-10 1.94689e-10 3.24481e-10 3.89377e-10 5.10663e-09
scan 1000 0 3 6.48962e-09 0 6.48962e-09 1.94689e-10 1.94689e-10 1.94689e-10 3.24481e-10 3.89377e-10 5.10663e-09
scan 1000 0 4 1.94689e-08 0 1.12404e-08 5.84066e-10 5.84066e-10 5.84066e-10 9.73444e-10 1.16813e-09 1.53199e-08
scan 1000 0 5 6.48962e-09 0 6.48962e-09 1.94689e-10 1.94689e-10 1.94689e-10 3.24481e-10 3.89377e-10 5.10663e-09
scan 1000 0 6 0 0 0 0 0 0 0 0 0
scan 1000 0 7 6.48962e-09 0 6.48962e-09 1.94689e-10 1.94689e-10 1.94689e-10 3.24481e-10 3.89377e-10 5.10663e-09
scan 1000 0 8 0 0 0 0 0 0 0 0 0
scan 1000 0 9 1.29792e-08 0 9.17771e-09 3.89377e-10 3.89377e-10 3.89377e-10 6.48962e-10 7.78755e-10 1.02133e-08
scan 1000 0 10 0 0 0 0 0 0 0 0 0
scan 1000 0 11 1.94689e-08 0 1.12404e-08 5.84066e-10 5.84066e-10 5.84066e-10 9.73444e-10 1.16813e-09 1.53199e-08
scan 1000 0 12 2.59585e-08 0 1.29792e-08 7.78755e-10 7.78755e-10 7.78755e-10 1.29792e-09 1.55751e-09 2.04265e-08
scan 1000 0 13 8.43651e-08 0 2.33987e-08 2.53095e-09 2.53095e-09 2.53095e-09 4.21826e-09 5.06191e-09 6.63861e-08
scan 1000 0 14 4.21826e-07 0 5.2321e-08 1.26548e-08 1.26548e-08 1.26548e-08 2.10913e-08 2.53095e-08 3.31931e-07
scan 1000 0 15 6.48962e-09 0 6.48962e-09 1.94689e-10 1.94689e-10 1.94689e-10 3.24481e-10 3.89377e-10 5.10663e-09
scan 1000 0 16 6.48962e-09 0 6.48962e-09 1.94689e-10 1.94689e-10 1.94689e-10 3.24481e-10 3.89377e-10 5.10663e-09
scan 1000 0 17 0 0 0 0 0 0 0 0 0
scan 1000 0 18 6.48962e-09 0 6.48962e-09 1.94689e-10 1.94689e-10 1.94689e-10 3.24481e-10 3.89377e-10 5.10663e-09
scan 1000 0 19 7.13859e-08 0 2.15236e-08 2.14158e-09 2.14158e-09 2.14158e-09 3.56929e-09 4.28315e-09 5.61729e-08
scan 1000 0 20 0 0 0 0 0 0 0 0 0
scan 1000 0 21 0 0 0 0 0 0 0 0 0
scan 1000 0 22 1.29792e-08 0 9.17771e-09 3.89377e-10 3.89377e-10 3.89377e-10 6.48962e-10 7.78755e-10 1.02133e-08
scan 1000 0 23 0 0 0 0 0 0 0 0 0
scan 1000 0 24 2.59585e-08 0 1.29792e-08 7.78755e-10 7.78755e-10 7.78755e-10 1.29792e-09 1.55751e-09 2.04265e-08
scan 1000 0 25 0 0 0 0 0 0 0 0 0
scan 1000 0 26 1.94689e-08 0 1.12404e-08 5.84066e-10 5.84066e-10 5.84066e-10 9.73444e-10 1.16813e-09 1.53199e-08
scan 1000 0 27 3.24481e-08 0 1.45112e-08 9.73444e-10 9.73444e-10 9.73444e-10 1.62241e-09 1.94689e-09 2.55331e-08
scan 1000 0 28 3.89377e-08 0 1.58963e-08 1.16813e-09 1.16813e-09 1.16813e-09 1.94689e-09 2.33626e-09 3.06398e-08
scan 1000 0 29 4.47784e-07 0 5.39069e-08 1.34335e-08 1.34335e-08 1.34335e-08 2.23892e-08 2.6867e-08 3.52357e-07
scan 1000 0 30 2.33626e-07 0 3.89377e-08 7.00879e-09 7.00879e-09 7.00879e-09 1.16813e-08 1.40176e-08 1.83839e-07
scan 1000 0 31 3.69909e-07 0 4.89956e-08 1.10973e-08 1.10973e-08 1.10973e-08 1.84954e-08 2.21945e-08 2.91078e-07
scan 1000 0 32 4.86722e-07 0 5.62018e-08 1.46017e-08 1.46017e-08 1.46017e-08 2.43361e-08 2.92033e-08 3.82997e-07
scan 1000 0 33 3.56929e-07 0 4.81283e-08 1.07079e-08 1.07079e-08 1.07079e-08 1.78465e-08 2.14158e-08 2.80864e-07
scan 1000 0 34 3.38758e-06 0 1.48271e-07 1.01628e-07 1.01628e-07 1.01628e-07 1.69379e-07 2.03255e-07 2.66566e-06
scan 1000 0 35 5.1917e-08 0 1.83554e-08 1.55751e-09 1.55751e-09 1.55751e-09 2.59585e-09 3.11502e-09 4.0853e-08
scan 1000 0 36 7.78755e-08 0 2.24807e-08 2.33626e-09 2.33626e-09 2.33626e-09 3.89377e-09 4.67253e-09 6.12795e-08
scan 1000 0 37 1.23303e-07 0 2.82876e-08 3.69909e-09 3.69909e-09 3.69909e-09 6.16514e-09 7.39817e-09 9.70259e-08
scan 1000 0 38 1.10324e-07 0 2.67574e-08 3.30971e-09 3.30971e-09 3.30971e-09 5.51618e-09 6.61942e-09 8.68126e-08
scan 1000 0 39 1.14217e-06 0 8.60946e-08 3.42652e-08 3.42652e-08 3.42652e-08 5.71087e-08 6.85304e-08 8.98766e-07
scan 1000 0 40 1.6873e-07 0 3.30907e-08 5.06191e-09 5.06191e-09 5.06191e-09 8.43651e-09 1.01238e-08 1.32772e-07
scan 1000 0 41 7.07369e-07 0 6.77537e-08 2.12211e-08 2.12211e-08 2.12211e-08 3.53685e-08 4.24421e-08 5.56622e-07
scan 1000 0 42 1.33037e-06 0 9.29173e-08 3.99112e-08 3.99112e-08 3.99112e-08 6.65187e-08 7.98224e-08 1.04686e-06
scan 1000 0 43 2.09615e-06 0 1.16633e-07 6.28845e-08 6.28845e-08 6.28845e-08 1.04807e-07 1.25769e-07 1.64944e-06
scan 1000 0 44 3.36747e-05 0 4.67478e-07 1.01024e-06 1.01024e-06 1.01024e-06 1.68373e-06 2.02048e-06 2.64983e-05
scan 1000 0 45 6.48962e-09 0 6.48962e-09 1.94689e-10 1.94689e-10 1.94689e-10 3.24481e-10 3.89377e-10 5.10663e-09
scan 1000 0 46 0 0 0 0 0 0 0 0 0
scan 1000 0 47 0 0 0 0 0 0 0 0 0
scan 1000 0 48 0 0 0 0 0 0 0 0 0
scan 1000 0 49 0 0 0 0 0 0 0 0 0
scan 1000 0 50 0 0 0 0 0 0 0 0 0
scan 1000 0 51 6.48962e-09 0 6.48962e-09 1.94689e-10 1.94689e-10 1.94689e-10 3.24481e-10 3.89377e-10 5.10663e-09
scan 1000 0 52 0 0 0 0 0 0 0 0 0
scan 1000 0 53 0 0 0 0 0 0 0 0 0
scan 1000 0 54 0 0 0 0 0 0 0 0 0
scan 1000 0 55 0 0 0 0 0 0 0 0 0
scan 1000 0 56 0 0 0 0 0 0 0 0 0
scan 1000 0 57 6.48962e-09 0 6.48962e-09 1.94689e-10 1.94689e-10 1.94689e-10 3.24481e-10 3.89377e-10 5.10663e-09
scan 1000 0 58 6.48962e-09 0 6.48962e-09 1.94689e-10 1.94689e-10 1.94689e-10 3.24481e-10 3.89377e-10 5.10663e-09
scan 1000 0 59 2.59585e-08 0 1.29792e-08 7.78755e-10 7.78755e-10 7.78755e-10 1.29792e-09 1.55751e-09 2.04265e-08
scan 1000 0 60 0 0 0 0 0 0 0 0
scan 1000 0 61 0 0 0 0 0 0 0 0
scan 1000 0 62 0 0 0 0 0 0 0 0
scan 1000 0 63 0 0 0 0 0 0 0 0
scan 1000 0 64 0 0 0 0 0 0 0 0
scan 1000 0 65 0 0 0 0 0 0 0 0
scan 1000 0 66 0 0 0 0 0 0 0 0
scan 1000 0 67 0 0 0 0 0 0 0 0
scan 1000 0 68 0 0 0 0 0 0 0 0
scan 1000 0 69 0 0 0 0 0 0 0 0
scan 1000 0 70 0 0 0 0 0 0 0 0
scan 1000 0 71 0 0 0 0 0 0 0 0
scan 1000 0 72 0 0 0 0 0 0 0 0
scan 1000 0 73 0 0 0 0 0 0 0 0
scan 1000 0 74 0 0 0 0 0 0 0 0
scan 1000 0 75 0 0 0 0 0 0 0 0 0
scan 1000 0 76 0 0 0 0 0 0 0 0 0
scan 1000 0 77 1.29792e-08 0 9.17771e-09 3.89377e-10 3.89377e-10 3.89377e-10 6.48962e-10 7.78755e-10 1.02133e-08
scan 1000 0 78 1.29792e-08 0 9.17771e-09 3.89377e-10 3.89377e-10 3.89377e-10 6.48962e-10 7.78755e-10 1.02133e-08
scan 1000 0 79 5.1917e-08 0 1.83554e-08 1.55751e-09 1.55751e-09 1.55751e-09 2.59585e-09 3.11502e-09 4.0853e-08
scan 1000 0 80 0 0 0 0 0 0 0 0 0
scan 1000 0 81 1.94689e-08 0 1.12404e-08 5.84066e-10 5.84066e-10 5.84066e-10 9.73444e-10 1.16813e-09 1.53199e-08
scan 1000 0 82 0 0 0 0 0 0 0 0 0
scan 1000 0 83 0 0 0 0 0 0 0 0 0
scan 1000 0 84 0 0 0 0 0 0 0 0 0
scan 1000 0 85 0 0 0 0 0 0 0 0 0
scan 1000 0 86 1.29792e-08 0 9.17771e-09 3.89377e-10 3.89377e-10 3.89377e-10 6.48962e-10 7.78755e-10 1.02133e-08
scan 1000 0 87 1.94689e-08 0 1.12404e-08 5.84066e-10 5.84066e-10 5.84066e-10 9.73444e-10 1.16813e-09 1.53199e-08
scan 1000 0 88 5.1917e-08 0 1.83554e-08 1.55751e-09 1.55751e-09 1.55751e-09 2.59585e-09 3.11502e-09 4.0853e-08
scan 1000 0 89 2.79054e-07 0 4.25553e-08 8.37162e-09 8.37162e-09 8.37162e-09 1.39527e-08 1.67432e-08 2.19585e-07
scan 1000 0 90 6.48962e-09 0 6.48962e-09 1.94689e-10 1.94689e-10 1.94689e-10 3.24481e-10 3.89377e-10 5.10663e-09
scan 1000 0 91 1.29792e-08 0 9.17771e-09 3.89377e-10 3.89377e-10 3.89377e-10 6.48962e-10 7.78755e-10 1.02133e-08
scan 1000 0 92 6.48962e-09 0 6.48962e-09 1.94689e-10 1.94689e-10 1.94689e-10 3.24481e-10 3.89377e-10 5.10663e-09
scan 1000 0 93 1.29792e-08 0 9.17771e-09 3.89377e-10 3.89377e-10 3.89377e-10 6.48962e-10 7.78755e-10 1.02133e-08
scan 1000 0 94 0 0 0 0 0 0 0 0 0
scan 1000 0 95 0 0 0 0 0 0 0 0 0
scan 1000 0 96 0 0 0 0 0 0 0 0 0
scan 1000 0 97 0 0 0 0 0 0 0 0 0
scan 1000 0 98 0 0 0 0 0 0 0 0 0
scan 1000 0 99 0 0 0 0 0 0 0 0 0
scan 1000 0 100 0 0 0 0 0 0 0 0 0
scan 1000 0 101 6.48962e-09 0 6.48962e-09 1.94689e-10 1.94689e-10 1.94689e-10 3.24481e-10 3.89377e-10 5.10663e-09
scan 1000 0 102 1.29792e-08 0 9.17771e-09 3.89377e-10 3.89377e-10 3.89377e-10 6.48962e-10 7.78755e-10 1.02133e-08
scan 1000 0 103 1.29792e-08 0 9.17771e-09 3.89377e-10 3.89377e-10 3.89377e-10 6.48962e-10 7.78755e-10 1.02133e-08
scan 1000 0 104 7.78755e-08 0 2.24807e-08 2.33626e-09 2.33626e-09 2.33626e-09 3.89377e-09 4.67253e-09 6.12795e-08
scan 1000 0 60 0 0 0 0 0 0 0 0
scan 1000 0 61 0 0 0 0 0 0 0 0
scan 1000 0 62 0 0 0 0 0 0 0 0
scan 1000 0 63 0 0 0 0 0 0 0 0
scan 1000 0 64 0 0 0 0 0 0 0 0
scan 1000 0 65 0 0 0 0 0 0 0 0
scan 1000 0 66 0 0 0 0 0 0 0 0
scan 1000 0 67 0 0 0 0 0 0 0 0
scan 1000 0 68 0 0 0 0 0 0 0 0
scan 1000 0 69 0 0 0 0 0 0 0 0
scan 1000 0 70 0 0 0 0 0 0 0 0
scan 1000 0 71 0 0 0 0 0 0 0 0
scan 1000 0 72 0 0 0 0 0 0 0 0
scan 1000 0 73 0 0 0 0 0 0 0 0
scan 1000 0 74 0 0 0 0 0 0 0 0
scan 1000 0 120 1.94689e-08 0 1.12404e-08 5.84066e-10 5.84066e-10 5.84066e-10 9.73444e-10 1.16813e-09 1.53199e-08
scan 1000 0 121 3.24481e-08 0 1.45112e-08 9.73444e-10 9.73444e-10 9.73444e-10 1.62241e-09 1.94689e-09 2.55331e-08
scan 1000 0 122 1.94689e-08 0 1.12404e-08 5.84066e-10 5.84066e-10 5.84066e-10 9.73444e-10 1.16813e-09 1.53199e-08
scan 1000 0 123 0 0 0 0 0 0 0 0 0
scan 1000 0 124 8.43651e-08 0 2.33987e-08 2.53095e-09 2.53095e-09 2.53095e-09 4.21826e-09 5.06191e-09 6.63861e-08
scan 1000 0 125 0 0 0 0 0 0 0 0 0
scan 1000 0 126 1.94689e-08 0 1.12404e-08 5.84066e-10 5.84066e-10 5.84066e-10 9.73444e-10 1.16813e-09 1.53199e-08
scan 1000 0 127 6.48962e-09 0 6.48962e-09 1.94689e-10 1.94689e-10 1.94689e-10 3.24481e-10 3.89377e-10 5.10663e-09
scan 1000 0 128 0 0 0 0 0 0 0 0 0
scan 1000 0 129 1.94689e-08 0 1.12404e-08 5.84066e-10 5.84066e-10 5.84066e-10 9.73444e-10 1.16813e-09 1.53199e-08
scan 1000 0 130 0 0 0 0 0 0 0 0 0
scan 1000 0 131 1.94689e-08 0 1.12404e-08 5.84066e-10 5.84066e-10 5.84066e-10 9.73444e-10 1.16813e-09 1.53199e-08
scan 1000 0 132 1.16813e-07 0 2.75331e-08 3.5044e-09 3.5044e-09 3.5044e-09 5.84066e-09 7.00879e-09 9.19193e-08
scan 1000 0 133 9.73444e-08 0 2.51342e-08 2.92033e-09 2.92033e-09 2.92033e-09 4.86722e-09 5.84066e-09 7.65994e-08
scan 1000 0 134 1.1876e-06 0 8.779e-08 3.5628e-08 3.5628e-08 3.5628e-08 5.93801e-08 7.12561e-08 9.34512e-07
scan 1000 0 135 0 0 0 0 0 0 0 0 0
scan 1000 0 136 1.29792e-08 0 9.17771e-09 3.89377e-10 3.89377e-10 3.89377e-10 6.48962e-10 7.78755e-10 1.02133e-08
scan 1000 0 137 6.48962e-09 0 6.48962e-09 1.94689e-10 1.94689e-10 1.94689e-10 3.24481e-10 3.89377e-10 5.10663e-09
scan 1000 0 138 6.48962e-09 0 6.48962e-09 1.94689e-10 1.94689e-10 1.94689e-10 3.24481e-10 3.89377e-10 5.10663e-09
scan 1000 0 139 2.59585e-08 0 1.29792e-08 7.78755e-10 7.78755e-10 7.78755e-10 1.29792e-09 1.55751e-09 2.04265e-08
scan 1000 0 140 0 0 0 0 0 0 0 0 0
scan 1000 0 141 6.48962e-09 0 6.48962e-09 1.94689e-10 1.94689e-10 1.94689e-10 3.24481e-10 3.89377e-10 5.10663e-09
scan 1000 0 142 0 0 0 0 0 0 0 0 0
scan 1000 0 143 0 0 0 0 0 0 0 0 0
scan 1000 0 144 6.48962e-09 0 6.48962e-09 1.94689e-10 1.94689e-10 1.94689e-10 3.24481e-10 3.89377e-10 5.10663e-09
scan 1000 0 145 0 0 0 0 0 0 0 0 0
scan 1000 0 146 6.48962e-09 0 6.48962e-09 1.94689e-10 1.94689e-10 1.94689e-10 3.24481e-10 3.89377e-10 5.10663e-09
scan 1000 0 147 6.48962e-09 0 6.48962e-09 1.94689e-10 1.94689e-10 1.94689e-10 3.24481e-10 3.89377e-10 5.10663e-09
scan 1000 0 148 1.94689e-08 0 1.12404e-08 5.84066e-10 5.84066e-10 5.84066e-10 9.73444e-10 1.16813e-09 1.53199e-08
scan 1000 0 149 8.43651e-08 0 2.33987e-08 2.53095e-09 2.53095e-09 2.53095e-09 4.21826e-09 5.06191e-09 6.63861e-08
scan 1000 0 60 0 0 0 0 0 0 0 0
scan 1000 0 61 0 0 0 0 0 0 0 0
scan 1000 0 62 0 0 0 0 0 0 0 0
scan 1000 0 63 0 0 0 0 0 0 0 0
scan 1000 0 64 0 0 0 0 0 0 0 0
scan 1000 0 65 0 0 0 0 0 0 0 0
scan 1000 0 66 0 0 0 0 0 0 0 0
scan 1000 0 67 0 0 0 0 0 0 0 0
scan 1000 0 68 0 0 0 0 0 0 0 0
scan 1000 0 69 0 0 0 0 0 0 0 0
scan 1000 0 70 0 0 0 0 0 0 0 0
scan 1000 0 71 0 0 0 0 0 0 0 0
scan 1000 0 72 0 0 0 0 0 0 0 0
scan 1000 0 73 0 0 0 0 0 0 0 0
scan 1000 0 74 0 0 0 0 0 0 0 0
scan 1000 0 165 1.94689e-08 0 1.12404e-08 5.84066e-10 5.84066e-10 5.84066e-10 9.73444e-10 1.16813e-09 1.53199e-08
scan 1000 0 166 1.29792e-08 0 9.17771e-09 3.89377e-10 3.89377e-10 3.89377e-10 6.48962e-10 7.78755e-10 1.02133e-08
scan 1000 0 167 6.48962e-09 0 6.48962e-09 1.94689e-10 1.94689e-10 1.94689e-10 3.24481e-10 3.89377e-10 5.10663e-09
scan 1000 0 168 0 0 0 0 0 0 0 0 0
scan 1000 0 169 2.33626e-07 0 3.89377e-08 7.00879e-09 7.00879e-09 7.00879e-09 1.16813e-08 1.40176e-08 1.83839e-07
scan 1000 0 170 0 0 0 0 0 0 0 0 0
scan 1000 0 171 0 0 0 0 0 0 0 0 0
scan 1000 0 172 1.29792e-08 0 9.17771e-09 3.89377e-10 3.89377e-10 3.89377e-10 6.48962e-10 7.78755e-10 1.02133e-08
scan 1000 0 173 6.48962e-09 0 6.48962e-09 1.94689e-10 1.94689e-10 1.94689e-10 3.24481e-10 3.89377e-10 5.10663e-09
scan 1000 0 174 2.59585e-08 0 1.29792e-08 7.78755e-10 7.78755e-10 7.78755e-10 1.29792e-09 1.55751e-09 2.04265e-08
scan 1000 0 175 0 0 0 0 0 0 0 0 0
scan 1000 0 176 1.29792e-08 0 9.17771e-09 3.89377e-10 3.89377e-10 3.89377e-10 6.48962e-10 7.78755e-10 1.02133e-08
scan 1000 0 177 3.24481e-08 0 1.45112e-08 9.73444e-10 9.73444e-10 9.73444e-10 1.62241e-09 1.94689e-09 2.55331e-08
scan 1000 0 178 7.13859e-08 0 2.15236e-08 2.14158e-09 2.14158e-09 2.14158e-09 3.56929e-09 4.28315e-09 5.61729e-08
scan 1000 0 179 5.45128e-07 0 5.94784e-08 1.63539e-08 1.63539e-08 1.63539e-08 2.72564e-08 3.27077e-08 4.28957e-07
