xsec 700 0 0.00185119
scan 700 0 0 2.31399e-07 0 2.31399e-07 6.94197e-09 6.94197e-09 6.94197e-09 1.157e-08 1.38839e-08 1.78827e-07
scan 700 0 1 4.62798e-07 0 3.27248e-07 1.38839e-08 1.38839e-08 1.38839e-08 2.31399e-08 2.77679e-08 3.57654e-07
scan 700 0 2 2.31399e-07 0 2.31399e-07 6.94197e-09 6.94197e-09 6.94197e-09 1.157e-08 1.38839e-08 1.78827e-07
scan 700 0 3 0 0 0 0 0 0 0 0 0
scan 700 0 4 9.25596e-07 0 4.62798e-07 2.77679e-08 2.77679e-08 2.77679e-08 4.62798e-08 5.55358e-08 7.15308e-07
scan 700 0 5 4.62798e-07 0 3.27248e-07 1.38839e-08 1.38839e-08 1.38839e-08 2.31399e-08 2.77679e-08 3.57654e-07
scan 700 0 6 0 0 0 0 0 0 0 0 0
scan 700 0 7 0 0 0 0 0 0 0 0 0
scan 700 0 8 2.31399e-07 0 2.31399e-07 6.94197e-09 6.94197e-09 6.94197e-09 1.157e-08 1.38839e-08 1.78827e-07
scan 700 0 9 0 0 0 0 0 0 0 0 0
scan 700 0 10 0 0 0 0 0 0 0 0 0
scan 700 0 11 9.25596e-07 0 4.62798e-07 2.77679e-08 2.77679e-08 2.77679e-08 4.62798e-08 5.55358e-08 7.15308e-07
scan 700 0 12 9.25596e-07 0 4.62798e-07 2.77679e-08 2.77679e-08 2.77679e-08 4.62798e-08 5.55358e-08 7.15308e-07
scan 700 0 13 1.157e-06 0 5.17424e-07 3.47099e-08 3.47099e-08 3.47099e-08 5.78498e-08 6.94197e-08 8.94135e-07
scan 700 0 14 7.86757e-06 0 1.34928e-06 2.36027e-07 2.36027e-07 2.36027e-07 3.93378e-07 4.72054e-07 6.08012e-06
scan 700 0 15 0 0 0 0 0 0 0 0 0
scan 700 0 16 6.94197e-07 0 4.00795e-07 2.08259e-08 2.08259e-08 2.08259e-08 3.47099e-08 4.16518e-08 5.36481e-07
scan 700 0 17 2.31399e-07 0 2.31399e-07 6.94197e-09 6.94197e-09 6.94197e-09 1.157e-08 1.38839e-08 1.78827e-07
scan 700 0 18 0 0 0 0 0 0 0 0 0
scan 700 0 19 9.25596e-07 0 4.62798e-07 2.77679e-08 2.77679e-08 2.77679e-08 4.62798e-08 5.55358e-08 7.15308e-07
scan 700 0 20 0 0 0 0 0 0 0 0 0
scan 700 0 21 0 0 0 0 0 0 0 0 0
scan 700 0 22 0 0 0 0 0 0 0 0 0
scan 700 0 23 0 0 0 0 0 0 0 0 0
scan 700 0 24 2.31399e-07 0 2.31399e-07 6.94197e-09 6.94197e-09 6.94197e-09 1.157e-08 1.38839e-08 1.78827e-07
scan 700 0 25 0 0 0 0 0 0 0 0 0
scan 700 0 26 9.25596e-07 0 4.62798e-07 2.77679e-08 2.77679e-08 2.77679e-08 4.62798e-08 5.55358e-08 7.15308e-07
scan 700 0 27 4.62798e-07 0 3.27248e-07 1.38839e-08 1.38839e-08 1.38839e-08 2.31399e-08 2.77679e-08 3.57654e-07
scan 700 0 28 2.31399e-07 0 2.31399e-07 6.94197e-09 6.94197e-09 6.94197e-09 1.157e-08 1.38839e-08 1.78827e-07
scan 700 0 29 8.56177e-06 0 1.40755e-06 2.56853e-07 2.56853e-07 2.56853e-07 4.28088e-07 5.13706e-07 6.6166e-06
scan 700 0 30 5.09078e-06 0 1.08536e-06 1.52723e-07 1.52723e-07 1.52723e-07 2.54539e-07 3.05447e-07 3.9342e-06
scan 700 0 31 1.13386e-05 0 1.61979e-06 3.40157e-07 3.40157e-07 3.40157e-07 5.66928e-07 6.80313e-07 8.76253e-06
scan 700 0 32 1.06444e-05 0 1.56942e-06 3.19331e-07 3.19331e-07 3.19331e-07 5.32218e-07 6.38661e-07 8.22605e-06
scan 700 0 33 1.0413e-05 0 1.55227e-06 3.12389e-07 3.12389e-07 3.12389e-07 5.20648e-07 6.24778e-07 8.04722e-06
scan 700 0 34 4.28088e-05 0 3.14737e-06 1.28426e-06 1.28426e-06 1.28426e-06 2.14044e-06 2.56853e-06 3.3083e-05
scan 700 0 35 1.85119e-06 0 6.54495e-07 5.55358e-08 5.55358e-08 5.55358e-08 9.25596e-08 1.11072e-07 1.43062e-06
scan 700 0 36 3.93378e-06 0 9.54083e-07 1.18014e-07 1.18014e-07 1.18014e-07 1.96689e-07 2.36027e-07 3.04006e-06
scan 700 0 37 3.23959e-06 0 8.65816e-07 9.71876e-08 9.71876e-08 9.71876e-08 1.61979e-07 1.94375e-07 2.50358e-06
scan 700 0 38 2.08259e-06 0 6.94197e-07 6.24778e-08 6.24778e-08 6.24778e-08 1.0413e-07 1.24956e-07 1.60944e-06
scan 700 0 39 1.99003e-05 0 2.14591e-06 5.9701e-07 5.9701e-07 5.9701e-07 9.95016e-07 1.19402e-06 1.53791e-05
scan 700 0 40 2.31399e-06 0 7.31748e-07 6.94197e-08 6.94197e-08 6.94197e-08 1.157e-07 1.38839e-07 1.78827e-06
scan 700 0 41 1.31897e-05 0 1.74702e-06 3.95692e-07 3.95692e-07 3.95692e-07 6.59487e-07 7.91385e-07 1.01931e-05
scan 700 0 42 3.26273e-05 0 2.74771e-06 9.78818e-07 9.78818e-07 9.78818e-07 1.63136e-06 1.95764e-06 2.52146e-05
scan 700 0 43 4.18832e-05 0 3.11316e-06 1.2565e-06 1.2565e-06 1.2565e-06 2.09416e-06 2.51299e-06 3.23677e-05
scan 700 0 44 0.00038875 0 9.48454e-06 1.16625e-05 1.16625e-05 1.16625e-05 1.94375e-05 2.3325e-05 0.00030043
scan 700 0 45 2.31399e-07 0 2.31399e-07 6.94197e-09 6.94197e-09 6.94197e-09 1.157e-08 1.38839e-08 1.78827e-07
scan 700 0 46 4.62798e-07 0 3.27248e-07 1.38839e-08 1.38839e-08 1.38839e-08 2.31399e-08 2.77679e-08 3.57654e-07
scan 700 0 47 0 0 0 0 0 0 0 0 0
scan 700 0 48 0 0 0 0 0 0 0 0 0
scan 700 0 49 0 0 0 0 0 0 0 0 0
scan 700 0 50 0 0 0 0 0 0 0 0 0
scan 700 0 51 0 0 0 0 0 0 0 0 0
scan 700 0 52 2.31399e-07 0 2.31399e-07 6.94197e-09 6.94197e-09 6.94197e-09 1.157e-08 1.38839e-08 1.78827e-07
scan 700 0 53 0 0 0 0 0 0 0 0 0
scan 700 0 54 2.31399e-07 0 2.31399e-07 6.94197e-09 6.94197e-09 6.94197e-09 1.157e-08 1.38839e-08 1.78827e-07
scan 700 0 55 0 0 0 0 0 0 0 0 0
scan 700 0 56 0 0 0 0 0 0 0 0 0
scan 700 0 57 4.62798e-07 0 3.27248e-07 1.38839e-08 1.38839e-08 1.38839e-08 2.31399e-08 2.77679e-08 3.57654e-07
scan 700 0 58 0 0 0 0 0 0 0 0 0
scan 700 0 59 6.94197e-07 0 4.00795e-07 2.08259e-08 2.08259e-08 2.08259e-08 3.47099e-08 4.16518e-08 5.36481e-07
scan 700 0 60 0 0 0 0 0 0 0 0
scan 700 0 61 0 0 0 0 0 0 0 0
scan 700 0 62 0 0 0 0 0 0 0 0
scan 700 0 63 0 0 0 0 0 0 0 0
scan 700 0 64 0 0 0 0 0 0 0 0
scan 700 0 65 0 0 0 0 0 0 0 0
scan 700 0 66 0 0 0 0 0 0 0 0
scan 700 0 67 0 0 0 0 0 0 0 0
scan 700 0 68 0 0 0 0 0 0 0 0
scan 700 0 69 0 0 0 0 0 0 0 0
scan 700 0 70 0 0 0 0 0 0 0 0
scan 700 0 71 0 0 0 0 0 0 0 0
scan 700 0 72 0 0 0 0 0 0 0 0
scan 700 0 73 0 0 0 0 0 0 0 0
scan 700 0 74 0 0 0 0 0 0 0 0
scan 700 0 75 0 0 0 0 0 0 0 0 0
scan 700 0 76 0 0 0 0 0 0 0 0 0
scan 700 0 77 4.62798e-07 0 3.27248e-07 1.38839e-08 1.38839e-08 1.38839e-08 2.31399e-08 2.77679e-08 3.57654e-07
scan 700 0 78 2.31399e-07 0 2.31399e-07 6.94197e-09 6.94197e-09 6.94197e-09 1.157e-08 1.38839e-08 1.78827e-07
scan 700 0 79 2.31399e-07 0 2.31399e-07 6.94197e-09 6.94197e-09 6.94197e-09 1.157e-08 1.38839e-08 1.78827e-07
scan 700 0 80 0 0 0 0 0 0 0 0 0
scan 700 0 81 0 0 0 0 0 0 0 0 0
scan 700 0 82 0 0 0 0 0 0 0 0 0
scan 700 0 83 0 0 0 0 0 0 0 0 0
scan 700 0 84 0 0 0 0 0 0 0 0 0
scan 700 0 85 0 0 0 0 0 0 0 0 0
scan 700 0 86 9.25596e-07 0 4.62798e-07 2.77679e-08 2.77679e-08 2.77679e-08 4.62798e-08 5.55358e-08 7.15308e-07
scan 700 0 87 2.31399e-07 0 2.31399e-07 6.94197e-09 6.94197e-09 6.94197e-09 1.157e-08 1.38839e-08 1.78827e-07
scan 700 0 88 2.31399e-07 0 2.31399e-07 6.94197e-09 6.94197e-09 6.94197e-09 1.157e-08 1.38839e-08 1.78827e-07
scan 700 0 89 3.47099e-06 0 8.96205e-07 1.0413e-07 1.0413e-07 1.0413e-07 1.73549e-07 2.08259e-07 2.68241e-06
scan 700 0 90 2.31399e-07 0 2.31399e-07 6.94197e-09 6.94197e-09 6.94197e-09 1.157e-08 1.38839e-08 1.78827e-07
scan 700 0 91 4.62798e-07 0 3.27248e-07 1.38839e-08 1.38839e-08 1.38839e-08 2.31399e-08 2.77679e-08 3.57654e-07
scan 700 0 92 2.31399e-07 0 2.31399e-07 6.94197e-09 6.94197e-09 6.94197e-09 1.157e-08 1.38839e-08 1.78827e-07
scan 700 0 93 2.31399e-07 0 2.31399e-07 6.94197e-09 6.94197e-09 6.94197e-09 1.157e-08 1.38839e-08 1.78827e-07
scan 700 0 94 2.31399e-07 0 2.31399e-07 6.94197e-09 6.94197e-09 6.94197e-09 1.157e-08 1.38839e-08 1.78827e-07
scan 700 0 95 0 0 0 0 0 0 0 0 0
scan 700 0 96 2.31399e-07 0 2.31399e-07 6.94197e-09 6.94197e-09 6.94197e-09 1.157e-08 1.38839e-08 1.78827e-07
scan 700 0 97 0 0 0 0 0 0 0 0 0
scan 700 0 98 0 0 0 0 0 0 0 0 0
scan 700 0 99 2.31399e-07 0 2.31399e-07 6.94197e-09 6.94197e-09 6.94197e-09 1.157e-08 1.38839e-08 1.78827e-07
scan 700 0 100 0 0 0 0 0 0 0 0 0
scan 700 0 101 0 0 0 0 0 0 0 0 0
scan 700 0 102 2.31399e-07 0 2.31399e-07 6.94197e-09 6.94197e-09 6.94197e-09 1.157e-08 1.38839e-08 1.78827e-07
scan 700 0 103 2.31399e-07 0 2.31399e-07 6.94197e-09 6.94197e-09 6.94197e-09 1.157e-08 1.38839e-08 1.78827e-07
scan 700 0 104 1.61979e-06 0 6.12224e-07 4.85938e-08 4.85938e-08 4.85938e-08 8.09897e-08 9.71876e-08 1.25179e-06
scan 700 0 60 0 0 0 0 0 0 0 0
scan 700 0 61 0 0 0 0 0 0 0 0
scan 700 0 62 0 0 0 0 0 0 0 0
scan 700 0 63 0 0 0 0 0 0 0 0
scan 700 0 64 0 0 0 0 0 0 0 0
scan 700 0 65 0 0 0 0 0 0 0 0
scan 700 0 66 0 0 0 0 0 0 0 0
scan 700 0 67 0 0 0 0 0 0 0 0
scan 700 0 68 0 0 0 0 0 0 0 0
scan 700 0 69 0 0 0 0 0 0 0 0
scan 700 0 70 0 0 0 0 0 0 0 0
scan 700 0 71 0 0 0 0 0 0 0 0
scan 700 0 72 0 0 0 0 0 0 0 0
scan 700 0 73 0 0 0 0 0 0 0 0
scan 700 0 74 0 0 0 0 0 0 0 0
scan 700 0 120 4.62798e-07 0 3.27248e-07 1.38839e-08 1.38839e-08 1.38839e-08 2.31399e-08 2.77679e-08 3.57654e-07
scan 700 0 121 9.25596e-07 0 4.62798e-07 2.77679e-08 2.77679e-08 2.77679e-08 4.62798e-08 5.55358e-08 7.15308e-07
scan 700 0 122 2.31399e-07 0 2.31399e-07 6.94197e-09 6.94197e-09 6.94197e-09 1.157e-08 1.38839e-08 1.78827e-07
scan 700 0 123 4.62798e-07 0 3.27248e-07 1.38839e-08 1.38839e-08 1.38839e-08 2.31399e-08 2.77679e-08 3.57654e-07
scan 700 0 124 1.38839e-06 0 5.6681e-07 4.16518e-08 4.16518e-08 4.16518e-08 6.94197e-08 8.33037e-08 1.07296e-06
scan 700 0 125 0 0 0 0 0 0 0 0 0
scan 700 0 126 0 0 0 0 0 0 0 0 0
scan 700 0 127 2.31399e-07 0 2.31399e-07 6.94197e-09 6.94197e-09 6.94197e-09 1.157e-08 1.38839e-08 1.78827e-07
scan 700 0 128 0 0 0 0 0 0 0 0 0
scan 700 0 129 2.31399e-07 0 2.31399e-07 6.94197e-09 6.94197e-09 6.94197e-09 1.157e-08 1.38839e-08 1.78827e-07
scan 700 0 130 0 0 0 0 0 0 0 0 0
scan 700 0 131 4.62798e-07 0 3.27248e-07 1.38839e-08 1.38839e-08 1.38839e-08 2.31399e-08 2.77679e-08 3.57654e-07
scan 700 0 132 1.61979e-06 0 6.12224e-07 4.85938e-08 4.85938e-08 4.85938e-08 8.09897e-08 9.71876e-08 1.25179e-06
scan 700 0 133 2.31399e-06 0 7.31748e-07 6.94197e-08 6.94197e-08 6.94197e-08 1.157e-07 1.38839e-07 1.78827e-06
scan 700 0 134 1.11072e-05 0 1.60318e-06 3.33215e-07 3.33215e-07 3.33215e-07 5.55358e-07 6.66429e-07 8.5837e-06
scan 700 0 135 2.31399e-07 0 2.31399e-07 6.94197e-09 6.94197e-09 6.94197e-09 1.157e-08 1.38839e-08 1.78827e-07
scan 700 0 136 6.94197e-07 0 4.00795e-07 2.08259e-08 2.08259e-08 2.08259e-08 3.47099e-08 4.16518e-08 5.36481e-07
scan 700 0 137 0 0 0 0 0 0 0 0 0
scan 700 0 138 0 0 0 0 0 0 0 0 0
scan 700 0 139 0 0 0 0 0 0 0 0 0
scan 700 0 140 0 0 0 0 0 0 0 0 0
scan 700 0 141 0 0 0 0 0 0 0 0 0
scan 700 0 142 0 0 0 0 0 0 0 0 0
scan 700 0 143 0 0 0 0 0 0 0 0 0
scan 700 0 144 0 0 0 0 0 0 0 0 0
scan 700 0 145 0 0 0 0 0 0 0 0 0
scan 700 0 146 2.31399e-07 0 2.31399e-07 6.94197e-09 6.94197e-09 6.94197e-09 1.157e-08 1.38839e-08 1.78827e-07
scan 700 0 147 6.94197e-07 0 4.00795e-07 2.08259e-08 2.08259e-08 2.08259e-08 3.47099e-08 4.16518e-08 5.36481e-07
scan 700 0 148 0 0 0 0 0 0 0 0 0
scan 700 0 149 1.157e-06 0 5.17424e-07 3.47099e-08 3.47099e-08 3.47099e-08 5.78498e-08 6.94197e-08 8.94135e-07
scan 700 0 60 0 0 0 0 0 0 0 0
scan 700 0 61 0 0 0 0 0 0 0 0
scan 700 0 62 0 0 0 0 0 0 0 0
scan 700 0 63 0 0 0 0 0 0 0 0
scan 700 0 64 0 0 0 0 0 0 0 0
scan 700 0 65 0 0 0 0 0 0 0 0
scan 700 0 66 0 0 0 0 0 0 0 0
scan 700 0 67 0 0 0 0 0 0 0 0
scan 700 0 68 0 0 0 0 0 0 0 0
scan 700 0 69 0 0 0 0 0 0 0 0
scan 700 0 70 0 0 0 0 0 0 0 0
scan 700 0 71 0 0 0 0 0 0 0 0
scan 700 0 72 0 0 0 0 0 0 0 0
scan 700 0 73 0 0 0 0 0 0 0 0
scan 700 0 74 0 0 0 0 0 0 0 0
scan 700 0 165 6.94197e-07 0 4.00795e-07 2.08259e-08 2.08259e-08 2.08259e-08 3.47099e-08 4.16518e-08 5.36481e-07
scan 700 0 166 4.62798e-07 0 3.27248e-07 1.38839e-08 1.38839e-08 1.38839e-08 2.31399e-08 2.77679e-08 3.57654e-07
scan 700 0 167 2.31399e-07 0 2.31399e-07 6.94197e-09 6.94197e-09 6.94197e-09 1.157e-08 1.38839e-08 1.78827e-07
scan 700 0 168 2.31399e-07 0 2.31399e-07 6.94197e-09 6.94197e-09 6.94197e-09 1.157e-08 1.38839e-08 1.78827e-07
scan 700 0 169 2.31399e-06 0 7.31748e-07 6.94197e-08 6.94197e-08 6.94197e-08 1.157e-07 1.38839e-07 1.78827e-06
scan 700 0 170 2.31399e-07 0 2.31399e-07 6.94197e-09 6.94197e-09 6.94197e-09 1.157e-08 1.38839e-08 1.78827e-07
scan 700 0 171 0 0 0 0 0 0 0 0 0
scan 700 0 172 2.31399e-07 0 2.31399e-07 6.94197e-09 6.94197e-09 6.94197e-09 1.157e-08 1.38839e-08 1.78827e-07
scan 700 0 173 0 0 0 0 0 0 0 0 0
scan 700 0 174 4.62798e-07 0 3.27248e-07 1.38839e-08 1.38839e-08 1.38839e-08 2.31399e-08 2.77679e-08 3.57654e-07
scan 700 0 175 0 0 0 0 0 0 0 0 0
scan 700 0 176 2.31399e-07 0 2.31399e-07 6.94197e-09 6.94197e-09 6.94197e-09 1.157e-08 1.38839e-08 1.78827e-07
scan 700 0 177 6.94197e-07 0 4.00795e-07 2.08259e-08 2.08259e-08 2.08259e-08 3.47099e-08 4.16518e-08 5.36481e-07
scan 700 0 178 1.38839e-06 0 5.6681e-07 4.16518e-08 4.16518e-08 4.16518e-08 6.94197e-08 8.33037e-08 1.07296e-06
scan 700 0 179 5.32218e-06 0 1.10975e-06 1.59665e-07 1.59665e-07 1.59665e-07 2.66109e-07 3.19331e-07 4.11302e-06
