xsec 850 500 0.000467488
scan 850 500 0 3.74009e-07 0 9.35023e-08 1.12203e-08 1.12203e-08 1.12203e-08 1.87005e-08 2.24406e-08 2.92222e-07
scan 850 500 1 3.74009e-07 0 9.35023e-08 1.12203e-08 1.12203e-08 1.12203e-08 1.87005e-08 2.24406e-08 2.92222e-07
scan 850 500 2 6.31141e-07 0 1.21463e-07 1.89342e-08 1.89342e-08 1.89342e-08 3.1557e-08 3.78684e-08 4.93125e-07
scan 850 500 3 6.07765e-07 0 1.19193e-07 1.8233e-08 1.8233e-08 1.8233e-08 3.03883e-08 3.64659e-08 4.74861e-07
scan 850 500 4 3.0622e-06 0 2.67546e-07 9.1866e-08 9.1866e-08 9.1866e-08 1.5311e-07 1.83732e-07 2.39257e-06
scan 850 500 5 0 0 0 0 0 0 0 0 0
scan 850 500 6 1.87005e-07 0 6.61161e-08 5.61014e-09 5.61014e-09 5.61014e-09 9.35023e-09 1.12203e-08 1.46111e-07
scan 850 500 7 1.63629e-07 0 6.1846e-08 4.90887e-09 4.90887e-09 4.90887e-09 8.18145e-09 9.81774e-09 1.27847e-07
scan 850 500 8 1.16878e-07 0 5.22694e-08 3.50634e-09 3.50634e-09 3.50634e-09 5.84389e-09 7.01267e-09 9.13195e-08
scan 850 500 9 7.24643e-07 0 1.3015e-07 2.17393e-08 2.17393e-08 2.17393e-08 3.62321e-08 4.34786e-08 5.66181e-07
scan 850 500 10 4.67512e-08 0 3.30581e-08 1.40253e-09 1.40253e-09 1.40253e-09 2.33756e-09 2.80507e-09 3.65278e-08
scan 850 500 11 3.97385e-07 0 9.638e-08 1.19215e-08 1.19215e-08 1.19215e-08 1.98692e-08 2.38431e-08 3.10486e-07
scan 850 500 12 1.02853e-06 0 1.55056e-07 3.08558e-08 3.08558e-08 3.08558e-08 5.14263e-08 6.17115e-08 8.03611e-07
scan 850 500 13 1.30903e-06 0 1.74927e-07 3.9271e-08 3.9271e-08 3.9271e-08 6.54516e-08 7.85419e-08 1.02278e-06
scan 850 500 14 7.01267e-06 0 4.04877e-07 2.1038e-07 2.1038e-07 2.1038e-07 3.50634e-07 4.2076e-07 5.47917e-06
scan 850 500 15 5.14263e-07 0 1.09641e-07 1.54279e-08 1.54279e-08 1.54279e-08 2.57131e-08 3.08558e-08 4.01806e-07
scan 850 500 16 7.9477e-07 0 1.36302e-07 2.38431e-08 2.38431e-08 2.38431e-08 3.97385e-08 4.76862e-08 6.20972e-07
scan 850 500 17 1.26228e-06 0 1.71775e-07 3.78684e-08 3.78684e-08 3.78684e-08 6.31141e-08 7.57369e-08 9.8625e-07
scan 850 500 18 1.42591e-06 0 1.82569e-07 4.27773e-08 4.27773e-08 4.27773e-08 7.12955e-08 8.55546e-08 1.1141e-06
scan 850 500 19 3.55309e-06 0 2.88194e-07 1.06593e-07 1.06593e-07 1.06593e-07 1.77654e-07 2.13185e-07 2.77611e-06
scan 850 500 20 2.33756e-08 0 2.33756e-08 7.01267e-10 7.01267e-10 7.01267e-10 1.16878e-09 1.40253e-09 1.82639e-08
scan 850 500 21 1.16878e-07 0 5.22694e-08 3.50634e-09 3.50634e-09 3.50634e-09 5.84389e-09 7.01267e-09 9.13195e-08
scan 850 500 22 1.87005e-07 0 6.61161e-08 5.61014e-09 5.61014e-09 5.61014e-09 9.35023e-09 1.12203e-08 1.46111e-07
scan 850 500 23 3.50634e-07 0 9.05332e-08 1.0519e-08 1.0519e-08 1.0519e-08 1.75317e-08 2.1038e-08 2.73958e-07
scan 850 500 24 9.11648e-07 0 1.4598e-07 2.73494e-08 2.73494e-08 2.73494e-08 4.55824e-08 5.46989e-08 7.12292e-07
scan 850 500 25 2.33756e-08 0 2.33756e-08 7.01267e-10 7.01267e-10 7.01267e-10 1.16878e-09 1.40253e-09 1.82639e-08
scan 850 500 26 5.84389e-07 0 1.16878e-07 1.75317e-08 1.75317e-08 1.75317e-08 2.92195e-08 3.50634e-08 4.56597e-07
scan 850 500 27 7.24643e-07 0 1.3015e-07 2.17393e-08 2.17393e-08 2.17393e-08 3.62321e-08 4.34786e-08 5.66181e-07
scan 850 500 28 1.12203e-06 0 1.61951e-07 3.36608e-08 3.36608e-08 3.36608e-08 5.61014e-08 6.73217e-08 8.76667e-07
scan 850 500 29 8.36846e-06 0 4.42287e-07 2.51054e-07 2.51054e-07 2.51054e-07 4.18423e-07 5.02107e-07 6.53847e-06
scan 850 500 30 6.31141e-07 0 1.21463e-07 1.89342e-08 1.89342e-08 1.89342e-08 3.1557e-08 3.78684e-08 4.93125e-07
scan 850 500 31 1.68304e-06 0 1.98348e-07 5.04913e-08 5.04913e-08 5.04913e-08 8.41521e-08 1.00983e-07 1.315e-06
scan 850 500 32 2.78169e-06 0 2.54997e-07 8.34508e-08 8.34508e-08 8.34508e-08 1.39085e-07 1.66902e-07 2.1734e-06
scan 850 500 33 3.17908e-06 0 2.72604e-07 9.53724e-08 9.53724e-08 9.53724e-08 1.58954e-07 1.90745e-07 2.48389e-06
scan 850 500 34 1.10566e-05 0 5.08385e-07 3.31699e-07 3.31699e-07 3.31699e-07 5.52832e-07 6.63399e-07 8.63882e-06
scan 850 500 35 2.57131e-07 0 7.7528e-08 7.71394e-09 7.71394e-09 7.71394e-09 1.28566e-08 1.54279e-08 2.00903e-07
scan 850 500 36 3.27258e-07 0 8.74634e-08 9.81774e-09 9.81774e-09 9.81774e-09 1.63629e-08 1.96355e-08 2.55695e-07
scan 850 500 37 3.50634e-07 0 9.05332e-08 1.0519e-08 1.0519e-08 1.0519e-08 1.75317e-08 2.1038e-08 2.73958e-07
scan 850 500 38 7.01267e-07 0 1.28033e-07 2.1038e-08 2.1038e-08 2.1038e-08 3.50634e-08 4.2076e-08 5.47917e-07
scan 850 500 39 2.61806e-06 0 2.47384e-07 7.85419e-08 7.85419e-08 7.85419e-08 1.30903e-07 1.57084e-07 2.04556e-06
scan 850 500 40 2.57131e-07 0 7.7528e-08 7.71394e-09 7.71394e-09 7.71394e-09 1.28566e-08 1.54279e-08 2.00903e-07
scan 850 500 41 1.26228e-06 0 1.71775e-07 3.78684e-08 3.78684e-08 3.78684e-08 6.31141e-08 7.57369e-08 9.8625e-07
scan 850 500 42 2.43106e-06 0 2.38385e-07 7.29318e-08 7.29318e-08 7.29318e-08 1.21553e-07 1.45864e-07 1.89945e-06
scan 850 500 43 3.24921e-06 0 2.75594e-07 9.74762e-08 9.74762e-08 9.74762e-08 1.6246e-07 1.94952e-07 2.53868e-06
scan 850 500 44 2.583e-05 0 7.7704e-07 7.749e-07 7.749e-07 7.749e-07 1.2915e-06 1.5498e-06 2.01816e-05
scan 850 500 45 7.01267e-08 0 4.04877e-08 2.1038e-09 2.1038e-09 2.1038e-09 3.50634e-09 4.2076e-09 5.47917e-08
scan 850 500 46 4.67512e-08 0 3.30581e-08 1.40253e-09 1.40253e-09 1.40253e-09 2.33756e-09 2.80507e-09 3.65278e-08
scan 850 500 47 0 0 0 0 0 0 0 0 0
scan 850 500 48 0 0 0 0 0 0 0 0 0
scan 850 500 49 0 0 0 0 0 0 0 0 0
scan 850 500 50 0 0 0 0 0 0 0 0 0
scan 850 500 51 2.33756e-08 0 2.33756e-08 7.01267e-10 7.01267e-10 7.01267e-10 1.16878e-09 1.40253e-09 1.82639e-08
scan 850 500 52 2.33756e-08 0 2.33756e-08 7.01267e-10 7.01267e-10 7.01267e-10 1.16878e-09 1.40253e-09 1.82639e-08
scan 850 500 53 0 0 0 0 0 0 0 0 0
scan 850 500 54 0 0 0 0 0 0 0 0 0
scan 850 500 55 0 0 0 0 0 0 0 0 0
scan 850 500 56 2.33756e-08 0 2.33756e-08 7.01267e-10 7.01267e-10 7.01267e-10 1.16878e-09 1.40253e-09 1.82639e-08
scan 850 500 57 2.33756e-08 0 2.33756e-08 7.01267e-10 7.01267e-10 7.01267e-10 1.16878e-09 1.40253e-09 1.82639e-08
scan 850 500 58 4.67512e-08 0 3.30581e-08 1.40253e-09 1.40253e-09 1.40253e-09 2.33756e-09 2.80507e-09 3.65278e-08
scan 850 500 59 4.67512e-08 0 3.30581e-08 1.40253e-09 1.40253e-09 1.40253e-09 2.33756e-09 2.80507e-09 3.65278e-08
scan 850 500 60 0 0 0 0 0 0 0 0
scan 850 500 61 0 0 0 0 0 0 0 0
scan 850 500 62 0 0 0 0 0 0 0 0
scan 850 500 63 0 0 0 0 0 0 0 0
scan 850 500 64 0 0 0 0 0 0 0 0
scan 850 500 65 0 0 0 0 0 0 0 0
scan 850 500 66 0 0 0 0 0 0 0 0
scan 850 500 67 0 0 0 0 0 0 0 0
scan 850 500 68 0 0 0 0 0 0 0 0
scan 850 500 69 0 0 0 0 0 0 0 0
scan 850 500 70 0 0 0 0 0 0 0 0
scan 850 500 71 0 0 0 0 0 0 0 0
scan 850 500 72 0 0 0 0 0 0 0 0
scan 850 500 73 0 0 0 0 0 0 0 0
scan 850 500 74 0 0 0 0 0 0 0 0
scan 850 500 75 0 0 0 0 0 0 0 0 0
scan 850 500 76 2.33756e-08 0 2.33756e-08 7.01267e-10 7.01267e-10 7.01267e-10 1.16878e-09 1.40253e-09 1.82639e-08
scan 850 500 77 0 0 0 0 0 0 0 0 0
scan 850 500 78 0 0 0 0 0 0 0 0 0
scan 850 500 79 0 0 0 0 0 0 0 0 0
scan 850 500 80 2.33756e-08 0 2.33756e-08 7.01267e-10 7.01267e-10 7.01267e-10 1.16878e-09 1.40253e-09 1.82639e-08
scan 850 500 81 0 0 0 0 0 0 0 0 0
scan 850 500 82 0 0 0 0 0 0 0 0 0
scan 850 500 83 0 0 0 0 0 0 0 0 0
scan 850 500 84 0 0 0 0 0 0 0 0 0
scan 850 500 85 0 0 0 0 0 0 0 0 0
scan 850 500 86 0 0 0 0 0 0 0 0 0
scan 850 500 87 0 0 0 0 0 0 0 0 0
scan 850 500 88 0 0 0 0 0 0 0 0 0
scan 850 500 89 7.01267e-08 0 4.04877e-08 2.1038e-09 2.1038e-09 2.1038e-09 3.50634e-09 4.2076e-09 5.47917e-08
scan 850 500 90 2.33756e-08 0 2.33756e-08 7.01267e-10 7.01267e-10 7.01267e-10 1.16878e-09 1.40253e-09 1.82639e-08
scan 850 500 91 9.35023e-08 0 4.67512e-08 2.80507e-09 2.80507e-09 2.80507e-09 4.67512e-09 5.61014e-09 7.30556e-08
scan 850 500 92 4.67512e-08 0 3.30581e-08 1.40253e-09 1.40253e-09 1.40253e-09 2.33756e-09 2.80507e-09 3.65278e-08
scan 850 500 93 4.67512e-08 0 3.30581e-08 1.40253e-09 1.40253e-09 1.40253e-09 2.33756e-09 2.80507e-09 3.65278e-08
scan 850 500 94 4.67512e-08 0 3.30581e-08 1.40253e-09 1.40253e-09 1.40253e-09 2.33756e-09 2.80507e-09 3.65278e-08
scan 850 500 95 0 0 0 0 0 0 0 0 0
scan 850 500 96 0 0 0 0 0 0 0 0 0
scan 850 500 97 2.33756e-08 0 2.33756e-08 7.01267e-10 7.01267e-10 7.01267e-10 1.16878e-09 1.40253e-09 1.82639e-08
scan 850 500 98 0 0 0 0 0 0 0 0 0
scan 850 500 99 2.33756e-08 0 2.33756e-08 7.01267e-10 7.01267e-10 7.01267e-10 1.16878e-09 1.40253e-09 1.82639e-08
scan 850 500 100 0 0 0 0 0 0 0 0 0
scan 850 500 101 0 0 0 0 0 0 0 0 0
scan 850 500 102 1.16878e-07 0 5.22694e-08 3.50634e-09 3.50634e-09 3.50634e-09 5.84389e-09 7.01267e-09 9.13195e-08
scan 850 500 103 4.67512e-08 0 3.30581e-08 1.40253e-09 1.40253e-09 1.40253e-09 2.33756e-09 2.80507e-09 3.65278e-08
scan 850 500 104 1.63629e-07 0 6.1846e-08 4.90887e-09 4.90887e-09 4.90887e-09 8.18145e-09 9.81774e-09 1.27847e-07
scan 850 500 60 0 0 0 0 0 0 0 0
scan 850 500 61 0 0 0 0 0 0 0 0
scan 850 500 62 0 0 0 0 0 0 0 0
scan 850 500 63 0 0 0 0 0 0 0 0
scan 850 500 64 0 0 0 0 0 0 0 0
scan 850 500 65 0 0 0 0 0 0 0 0
scan 850 500 66 0 0 0 0 0 0 0 0
scan 850 500 67 0 0 0 0 0 0 0 0
scan 850 500 68 0 0 0 0 0 0 0 0
scan 850 500 69 0 0 0 0 0 0 0 0
scan 850 500 70 0 0 0 0 0 0 0 0
scan 850 500 71 0 0 0 0 0 0 0 0
scan 850 500 72 0 0 0 0 0 0 0 0
scan 850 500 73 0 0 0 0 0 0 0 0
scan 850 500 74 0 0 0 0 0 0 0 0
scan 850 500 120 0 0 0 0 0 0 0 0 0
scan 850 500 121 0 0 0 0 0 0 0 0 0
scan 850 500 122 0 0 0 0 0 0 0 0 0
scan 850 500 123 0 0 0 0 0 0 0 0 0
scan 850 500 124 4.67512e-08 0 3.30581e-08 1.40253e-09 1.40253e-09 1.40253e-09 2.33756e-09 2.80507e-09 3.65278e-08
scan 850 500 125 0 0 0 0 0 0 0 0 0
scan 850 500 126 0 0 0 0 0 0 0 0 0
scan 850 500 127 0 0 0 0 0 0 0 0 0
scan 850 500 128 2.33756e-08 0 2.33756e-08 7.01267e-10 7.01267e-10 7.01267e-10 1.16878e-09 1.40253e-09 1.82639e-08
scan 850 500 129 0 0 0 0 0 0 0 0 0
scan 850 500 130 0 0 0 0 0 0 0 0 0
scan 850 500 131 0 0 0 0 0 0 0 0 0
scan 850 500 132 2.33756e-08 0 2.33756e-08 7.01267e-10 7.01267e-10 7.01267e-10 1.16878e-09 1.40253e-09 1.82639e-08
scan 850 500 133 7.01267e-08 0 4.04877e-08 2.1038e-09 2.1038e-09 2.1038e-09 3.50634e-09 4.2076e-09 5.47917e-08
scan 850 500 134 9.35023e-08 0 4.67512e-08 2.80507e-09 2.80507e-09 2.80507e-09 4.67512e-09 5.61014e-09 7.30556e-08
scan 850 500 135 0 0 0 0 0 0 0 0 0
scan 850 500 136 0 0 0 0 0 0 0 0 0
scan 850 500 137 2.33756e-08 0 2.33756e-08 7.01267e-10 7.01267e-10 7.01267e-10 1.16878e-09 1.40253e-09 1.82639e-08
scan 850 500 138 2.33756e-08 0 2.33756e-08 7.01267e-10 7.01267e-10 7.01267e-10 1.16878e-09 1.40253e-09 1.82639e-08
scan 850 500 139 4.67512e-08 0 3.30581e-08 1.40253e-09 1.40253e-09 1.40253e-09 2.33756e-09 2.80507e-09 3.65278e-08
scan 850 500 140 0 0 0 0 0 0 0 0 0
scan 850 500 141 2.33756e-08 0 2.33756e-08 7.01267e-10 7.01267e-10 7.01267e-10 1.16878e-09 1.40253e-09 1.82639e-08
scan 850 500 142 2.33756e-08 0 2.33756e-08 7.01267e-10 7.01267e-10 7.01267e-10 1.16878e-09 1.40253e-09 1.82639e-08
scan 850 500 143 0 0 0 0 0 0 0 0 0
scan 850 500 144 0 0 0 0 0 0 0 0 0
scan 850 500 145 0 0 0 0 0 0 0 0 0
scan 850 500 146 0 0 0 0 0 0 0 0 0
scan 850 500 147 2.33756e-08 0 2.33756e-08 7.01267e-10 7.01267e-10 7.01267e-10 1.16878e-09 1.40253e-09 1.82639e-08
scan 850 500 148 4.67512e-08 0 3.30581e-08 1.40253e-09 1.40253e-09 1.40253e-09 2.33756e-09 2.80507e-09 3.65278e-08
scan 850 500 149 4.67512e-08 0 3.30581e-08 1.40253e-09 1.40253e-09 1.40253e-09 2.33756e-09 2.80507e-09 3.65278e-08
scan 850 500 60 0 0 0 0 0 0 0 0
scan 850 500 61 0 0 0 0 0 0 0 0
scan 850 500 62 0 0 0 0 0 0 0 0
scan 850 500 63 0 0 0 0 0 0 0 0
scan 850 500 64 0 0 0 0 0 0 0 0
scan 850 500 65 0 0 0 0 0 0 0 0
scan 850 500 66 0 0 0 0 0 0 0 0
scan 850 500 67 0 0 0 0 0 0 0 0
scan 850 500 68 0 0 0 0 0 0 0 0
scan 850 500 69 0 0 0 0 0 0 0 0
scan 850 500 70 0 0 0 0 0 0 0 0
scan 850 500 71 0 0 0 0 0 0 0 0
scan 850 500 72 0 0 0 0 0 0 0 0
scan 850 500 73 0 0 0 0 0 0 0 0
scan 850 500 74 0 0 0 0 0 0 0 0
scan 850 500 165 0 0 0 0 0 0 0 0 0
scan 850 500 166 0 0 0 0 0 0 0 0 0
scan 850 500 167 0 0 0 0 0 0 0 0 0
scan 850 500 168 0 0 0 0 0 0 0 0 0
scan 850 500 169 0 0 0 0 0 0 0 0 0
scan 850 500 170 0 0 0 0 0 0 0 0 0
scan 850 500 171 0 0 0 0 0 0 0 0 0
scan 850 500 172 0 0 0 0 0 0 0 0 0
scan 850 500 173 0 0 0 0 0 0 0 0 0
scan 850 500 174 0 0 0 0 0 0 0 0 0
scan 850 500 175 0 0 0 0 0 0 0 0 0
scan 850 500 176 0 0 0 0 0 0 0 0 0
scan 850 500 177 0 0 0 0 0 0 0 0 0
scan 850 500 178 0 0 0 0 0 0 0 0 0
scan 850 500 179 0 0 0 0 0 0 0 0 0
