xsec 900 700 0.000291345
scan 900 700 0 4.07924e-07 0 7.70905e-08 1.22377e-08 1.22377e-08 1.22377e-08 2.03962e-08 2.44755e-08 3.19505e-07
scan 900 700 1 7.86711e-07 0 1.07058e-07 2.36013e-08 2.36013e-08 2.36013e-08 3.93356e-08 4.72027e-08 6.16188e-07
scan 900 700 2 9.03261e-07 0 1.14714e-07 2.70978e-08 2.70978e-08 2.70978e-08 4.51631e-08 5.41957e-08 7.07475e-07
scan 900 700 3 6.70161e-07 0 9.88099e-08 2.01048e-08 2.01048e-08 2.01048e-08 3.35081e-08 4.02097e-08 5.24901e-07
scan 900 700 4 1.13636e-06 0 1.28668e-07 3.40908e-08 3.40908e-08 3.40908e-08 5.6818e-08 6.81816e-08 8.90049e-07
scan 900 700 5 8.74124e-08 0 3.56859e-08 2.62237e-09 2.62237e-09 2.62237e-09 4.37062e-09 5.24474e-09 6.84653e-08
scan 900 700 6 1.89393e-07 0 5.25283e-08 5.6818e-09 5.6818e-09 5.6818e-09 9.46967e-09 1.13636e-08 1.48342e-07
scan 900 700 7 1.45687e-07 0 4.60704e-08 4.37062e-09 4.37062e-09 4.37062e-09 7.28436e-09 8.74124e-09 1.14109e-07
scan 900 700 8 7.28436e-08 0 3.25767e-08 2.18531e-09 2.18531e-09 2.18531e-09 3.64218e-09 4.37062e-09 5.70544e-08
scan 900 700 9 1.01981e-07 0 3.85452e-08 3.05943e-09 3.05943e-09 3.05943e-09 5.09905e-09 6.11887e-09 7.98762e-08
scan 900 700 10 5.82749e-08 0 2.91375e-08 1.74825e-09 1.74825e-09 1.74825e-09 2.91375e-09 3.49649e-09 4.56435e-08
scan 900 700 11 5.09905e-07 0 8.61898e-08 1.52972e-08 1.52972e-08 1.52972e-08 2.54953e-08 3.05943e-08 3.99381e-07
scan 900 700 12 7.57574e-07 0 1.05057e-07 2.27272e-08 2.27272e-08 2.27272e-08 3.78787e-08 4.54544e-08 5.93366e-07
scan 900 700 13 1.01981e-06 0 1.21891e-07 3.05943e-08 3.05943e-08 3.05943e-08 5.09905e-08 6.11887e-08 7.98762e-07
scan 900 700 14 3.39451e-06 0 2.22382e-07 1.01835e-07 1.01835e-07 1.01835e-07 1.69726e-07 2.03671e-07 2.65874e-06
scan 900 700 15 4.22493e-07 0 7.8455e-08 1.26748e-08 1.26748e-08 1.26748e-08 2.11247e-08 2.53496e-08 3.30916e-07
scan 900 700 16 9.90673e-07 0 1.20137e-07 2.97202e-08 2.97202e-08 2.97202e-08 4.95337e-08 5.94404e-08 7.7594e-07
scan 900 700 17 1.00524e-06 0 1.21017e-07 3.01573e-08 3.01573e-08 3.01573e-08 5.02621e-08 6.03145e-08 7.87351e-07
scan 900 700 18 5.39043e-07 0 8.86181e-08 1.61713e-08 1.61713e-08 1.61713e-08 2.69521e-08 3.23426e-08 4.22203e-07
scan 900 700 19 6.99299e-07 0 1.00935e-07 2.0979e-08 2.0979e-08 2.0979e-08 3.49649e-08 4.19579e-08 5.47723e-07
scan 900 700 20 5.82749e-08 0 2.91375e-08 1.74825e-09 1.74825e-09 1.74825e-09 2.91375e-09 3.49649e-09 4.56435e-08
scan 900 700 21 1.89393e-07 0 5.25283e-08 5.6818e-09 5.6818e-09 5.6818e-09 9.46967e-09 1.13636e-08 1.48342e-07
scan 900 700 22 1.60256e-07 0 4.8319e-08 4.80768e-09 4.80768e-09 4.80768e-09 8.0128e-09 9.61536e-09 1.2552e-07
scan 900 700 23 1.1655e-07 0 4.12066e-08 3.49649e-09 3.49649e-09 3.49649e-09 5.82749e-09 6.99299e-09 9.12871e-08
scan 900 700 24 1.1655e-07 0 4.12066e-08 3.49649e-09 3.49649e-09 3.49649e-09 5.82749e-09 6.99299e-09 9.12871e-08
scan 900 700 25 2.91375e-08 0 2.06033e-08 8.74124e-10 8.74124e-10 8.74124e-10 1.45687e-09 1.74825e-09 2.28218e-08
scan 900 700 26 2.62237e-07 0 6.18099e-08 7.86711e-09 7.86711e-09 7.86711e-09 1.31119e-08 1.57342e-08 2.05396e-07
scan 900 700 27 7.86711e-07 0 1.07058e-07 2.36013e-08 2.36013e-08 2.36013e-08 3.93356e-08 4.72027e-08 6.16188e-07
scan 900 700 28 1.04895e-06 0 1.2362e-07 3.14685e-08 3.14685e-08 3.14685e-08 5.24474e-08 6.29369e-08 8.21584e-07
scan 900 700 29 3.46736e-06 0 2.24755e-07 1.04021e-07 1.04021e-07 1.04021e-07 1.73368e-07 2.08041e-07 2.71579e-06
scan 900 700 30 4.37062e-08 0 2.52338e-08 1.31119e-09 1.31119e-09 1.31119e-09 2.18531e-09 2.62237e-09 3.42327e-08
scan 900 700 31 1.45687e-08 0 1.45687e-08 4.37062e-10 4.37062e-10 4.37062e-10 7.28436e-10 8.74124e-10 1.14109e-08
scan 900 700 32 4.37062e-08 0 2.52338e-08 1.31119e-09 1.31119e-09 1.31119e-09 2.18531e-09 2.62237e-09 3.42327e-08
scan 900 700 33 1.01981e-07 0 3.85452e-08 3.05943e-09 3.05943e-09 3.05943e-09 5.09905e-09 6.11887e-09 7.98762e-08
scan 900 700 34 5.82749e-08 0 2.91375e-08 1.74825e-09 1.74825e-09 1.74825e-09 2.91375e-09 3.49649e-09 4.56435e-08
scan 900 700 35 1.45687e-08 0 1.45687e-08 4.37062e-10 4.37062e-10 4.37062e-10 7.28436e-10 8.74124e-10 1.14109e-08
scan 900 700 36 0 0 0 0 0 0 0 0 0
scan 900 700 37 1.45687e-08 0 1.45687e-08 4.37062e-10 4.37062e-10 4.37062e-10 7.28436e-10 8.74124e-10 1.14109e-08
scan 900 700 38 1.45687e-08 0 1.45687e-08 4.37062e-10 4.37062e-10 4.37062e-10 7.28436e-10 8.74124e-10 1.14109e-08
scan 900 700 39 4.37062e-08 0 2.52338e-08 1.31119e-09 1.31119e-09 1.31119e-09 2.18531e-09 2.62237e-09 3.42327e-08
scan 900 700 40 0 0 0 0 0 0 0 0 0
scan 900 700 41 1.45687e-08 0 1.45687e-08 4.37062e-10 4.37062e-10 4.37062e-10 7.28436e-10 8.74124e-10 1.14109e-08
scan 900 700 42 5.82749e-08 0 2.91375e-08 1.74825e-09 1.74825e-09 1.74825e-09 2.91375e-09 3.49649e-09 4.56435e-08
scan 900 700 43 1.60256e-07 0 4.8319e-08 4.80768e-09 4.80768e-09 4.80768e-09 8.0128e-09 9.61536e-09 1.2552e-07
scan 900 700 44 1.89393e-07 0 5.25283e-08 5.6818e-09 5.6818e-09 5.6818e-09 9.46967e-09 1.13636e-08 1.48342e-07
scan 900 700 45 0 0 0 0 0 0 0 0 0
scan 900 700 46 0 0 0 0 0 0 0 0 0
scan 900 700 47 0 0 0 0 0 0 0 0 0
scan 900 700 48 0 0 0 0 0 0 0 0 0
scan 900 700 49 0 0 0 0 0 0 0 0 0
scan 900 700 50 0 0 0 0 0 0 0 0 0
scan 900 700 51 0 0 0 0 0 0 0 0 0
scan 900 700 52 0 0 0 0 0 0 0 0 0
scan 900 700 53 0 0 0 0 0 0 0 0 0
scan 900 700 54 0 0 0 0 0 0 0 0 0
scan 900 700 55 0 0 0 0 0 0 0 0 0
scan 900 700 56 0 0 0 0 0 0 0 0 0
scan 900 700 57 0 0 0 0 0 0 0 0 0
scan 900 700 58 0 0 0 0 0 0 0 0 0
scan 900 700 59 1.45687e-08 0 1.45687e-08 4.37062e-10 4.37062e-10 4.37062e-10 7.28436e-10 8.74124e-10 1.14109e-08
scan 900 700 60 0 0 0 0 0 0 0 0
scan 900 700 61 0 0 0 0 0 0 0 0
scan 900 700 62 0 0 0 0 0 0 0 0
scan 900 700 63 0 0 0 0 0 0 0 0
scan 900 700 64 0 0 0 0 0 0 0 0
scan 900 700 65 0 0 0 0 0 0 0 0
scan 900 700 66 0 0 0 0 0 0 0 0
scan 900 700 67 0 0 0 0 0 0 0 0
scan 900 700 68 0 0 0 0 0 0 0 0
scan 900 700 69 0 0 0 0 0 0 0 0
scan 900 700 70 0 0 0 0 0 0 0 0
scan 900 700 71 0 0 0 0 0 0 0 0
scan 900 700 72 0 0 0 0 0 0 0 0
scan 900 700 73 0 0 0 0 0 0 0 0
scan 900 700 74 0 0 0 0 0 0 0 0
scan 900 700 75 0 0 0 0 0 0 0 0 0
scan 900 700 76 0 0 0 0 0 0 0 0 0
scan 900 700 77 0 0 0 0 0 0 0 0 0
scan 900 700 78 0 0 0 0 0 0 0 0 0
scan 900 700 79 1.45687e-08 0 1.45687e-08 4.37062e-10 4.37062e-10 4.37062e-10 7.28436e-10 8.74124e-10 1.14109e-08
scan 900 700 80 0 0 0 0 0 0 0 0 0
scan 900 700 81 0 0 0 0 0 0 0 0 0
scan 900 700 82 0 0 0 0 0 0 0 0 0
scan 900 700 83 0 0 0 0 0 0 0 0 0
scan 900 700 84 0 0 0 0 0 0 0 0 0
scan 900 700 85 0 0 0 0 0 0 0 0 0
scan 900 700 86 0 0 0 0 0 0 0 0 0
scan 900 700 87 0 0 0 0 0 0 0 0 0
scan 900 700 88 0 0 0 0 0 0 0 0 0
scan 900 700 89 1.45687e-08 0 1.45687e-08 4.37062e-10 4.37062e-10 4.37062e-10 7.28436e-10 8.74124e-10 1.14109e-08
scan 900 700 90 0 0 0 0 0 0 0 0 0
scan 900 700 91 1.45687e-08 0 1.45687e-08 4.37062e-10 4.37062e-10 4.37062e-10 7.28436e-10 8.74124e-10 1.14109e-08
scan 900 700 92 0 0 0 0 0 0 0 0 0
scan 900 700 93 0 0 0 0 0 0 0 0 0
scan 900 700 94 0 0 0 0 0 0 0 0 0
scan 900 700 95 0 0 0 0 0 0 0 0 0
scan 900 700 96 0 0 0 0 0 0 0 0 0
scan 900 700 97 0 0 0 0 0 0 0 0 0
scan 900 700 98 0 0 0 0 0 0 0 0 0
scan 900 700 99 0 0 0 0 0 0 0 0 0
scan 900 700 100 0 0 0 0 0 0 0 0 0
scan 900 700 101 1.45687e-08 0 1.45687e-08 4.37062e-10 4.37062e-10 4.37062e-10 7.28436e-10 8.74124e-10 1.14109e-08
scan 900 700 102 1.45687e-08 0 1.45687e-08 4.37062e-10 4.37062e-10 4.37062e-10 7.28436e-10 8.74124e-10 1.14109e-08
scan 900 700 103 2.91375e-08 0 2.06033e-08 8.74124e-10 8.74124e-10 8.74124e-10 1.45687e-09 1.74825e-09 2.28218e-08
scan 900 700 104 1.45687e-08 0 1.45687e-08 4.37062e-10 4.37062e-10 4.37062e-10 7.28436e-10 8.74124e-10 1.14109e-08
scan 900 700 60 0 0 0 0 0 0 0 0
scan 900 700 61 0 0 0 0 0 0 0 0
scan 900 700 62 0 0 0 0 0 0 0 0
scan 900 700 63 0 0 0 0 0 0 0 0
scan 900 700 64 0 0 0 0 0 0 0 0
scan 900 700 65 0 0 0 0 0 0 0 0
scan 900 700 66 0 0 0 0 0 0 0 0
scan 900 700 67 0 0 0 0 0 0 0 0
scan 900 700 68 0 0 0 0 0 0 0 0
scan 900 700 69 0 0 0 0 0 0 0 0
scan 900 700 70 0 0 0 0 0 0 0 0
scan 900 700 71 0 0 0 0 0 0 0 0
scan 900 700 72 0 0 0 0 0 0 0 0
scan 900 700 73 0 0 0 0 0 0 0 0
scan 900 700 74 0 0 0 0 0 0 0 0
scan 900 700 120 0 0 0 0 0 0 0 0 0
scan 900 700 121 0 0 0 0 0 0 0 0 0
scan 900 700 122 0 0 0 0 0 0 0 0 0
scan 900 700 123 0 0 0 0 0 0 0 0 0
scan 900 700 124 0 0 0 0 0 0 0 0 0
scan 900 700 125 0 0 0 0 0 0 0 0 0
scan 900 700 126 0 0 0 0 0 0 0 0 0
scan 900 700 127 0 0 0 0 0 0 0 0 0
scan 900 700 128 0 0 0 0 0 0 0 0 0
scan 900 700 129 0 0 0 0 0 0 0 0 0
scan 900 700 130 0 0 0 0 0 0 0 0 0
scan 900 700 131 0 0 0 0 0 0 0 0 0
scan 900 700 132 0 0 0 0 0 0 0 0 0
scan 900 700 133 1.45687e-08 0 1.45687e-08 4.37062e-10 4.37062e-10 4.37062e-10 7.28436e-10 8.74124e-10 1.14109e-08
scan 900 700 134 4.37062e-08 0 2.52338e-08 1.31119e-09 1.31119e-09 1.31119e-09 2.18531e-09 2.62237e-09 3.42327e-08
scan 900 700 135 0 0 0 0 0 0 0 0 0
scan 900 700 136 0 0 0 0 0 0 0 0 0
scan 900 700 137 0 0 0 0 0 0 0 0 0
scan 900 700 138 0 0 0 0 0 0 0 0 0
scan 900 700 139 0 0 0 0 0 0 0 0 0
scan 900 700 140 0 0 0 0 0 0 0 0 0
scan 900 700 141 0 0 0 0 0 0 0 0 0
scan 900 700 142 0 0 0 0 0 0 0 0 0
scan 900 700 143 0 0 0 0 0 0 0 0 0
scan 900 700 144 0 0 0 0 0 0 0 0 0
scan 900 700 145 0 0 0 0 0 0 0 0 0
scan 900 700 146 0 0 0 0 0 0 0 0 0
scan 900 700 147 0 0 0 0 0 0 0 0 0
scan 900 700 148 1.45687e-08 0 1.45687e-08 4.37062e-10 4.37062e-10 4.37062e-10 7.28436e-10 8.74124e-10 1.14109e-08
scan 900 700 149 1.45687e-08 0 1.45687e-08 4.37062e-10 4.37062e-10 4.37062e-10 7.28436e-10 8.74124e-10 1.14109e-08
scan 900 700 60 0 0 0 0 0 0 0 0
scan 900 700 61 0 0 0 0 0 0 0 0
scan 900 700 62 0 0 0 0 0 0 0 0
scan 900 700 63 0 0 0 0 0 0 0 0
scan 900 700 64 0 0 0 0 0 0 0 0
scan 900 700 65 0 0 0 0 0 0 0 0
scan 900 700 66 0 0 0 0 0 0 0 0
scan 900 700 67 0 0 0 0 0 0 0 0
scan 900 700 68 0 0 0 0 0 0 0 0
scan 900 700 69 0 0 0 0 0 0 0 0
scan 900 700 70 0 0 0 0 0 0 0 0
scan 900 700 71 0 0 0 0 0 0 0 0
scan 900 700 72 0 0 0 0 0 0 0 0
scan 900 700 73 0 0 0 0 0 0 0 0
scan 900 700 74 0 0 0 0 0 0 0 0
scan 900 700 165 0 0 0 0 0 0 0 0 0
scan 900 700 166 0 0 0 0 0 0 0 0 0
scan 900 700 167 1.45687e-08 0 1.45687e-08 4.37062e-10 4.37062e-10 4.37062e-10 7.28436e-10 8.74124e-10 1.14109e-08
scan 900 700 168 0 0 0 0 0 0 0 0 0
scan 900 700 169 1.45687e-08 0 1.45687e-08 4.37062e-10 4.37062e-10 4.37062e-10 7.28436e-10 8.74124e-10 1.14109e-08
scan 900 700 170 0 0 0 0 0 0 0 0 0
scan 900 700 171 0 0 0 0 0 0 0 0 0
scan 900 700 172 0 0 0 0 0 0 0 0 0
scan 900 700 173 0 0 0 0 0 0 0 0 0
scan 900 700 174 0 0 0 0 0 0 0 0 0
scan 900 700 175 0 0 0 0 0 0 0 0 0
scan 900 700 176 0 0 0 0 0 0 0 0 0
scan 900 700 177 0 0 0 0 0 0 0 0 0
scan 900 700 178 1.45687e-08 0 1.45687e-08 4.37062e-10 4.37062e-10 4.37062e-10 7.28436e-10 8.74124e-10 1.14109e-08
scan 900 700 179 0 0 0 0 0 0 0 0 0
