xsec 500 200 0.0125398
scan 500 200 0 6.27053e-06 0 1.98292e-06 1.88116e-07 1.88116e-07 1.88116e-07 3.13527e-07 3.76232e-07 4.71157e-06
scan 500 200 1 1.75575e-05 0 3.31805e-06 5.26725e-07 5.26725e-07 5.26725e-07 8.77874e-07 1.05345e-06 1.31924e-05
scan 500 200 2 1.81845e-05 0 3.37678e-06 5.45536e-07 5.45536e-07 5.45536e-07 9.09227e-07 1.09107e-06 1.36635e-05
scan 500 200 3 1.56763e-05 0 3.13527e-06 4.7029e-07 4.7029e-07 4.7029e-07 7.83816e-07 9.4058e-07 1.17789e-05
scan 500 200 4 4.7029e-05 0 5.43044e-06 1.41087e-06 1.41087e-06 1.41087e-06 2.35145e-06 2.82174e-06 3.53368e-05
scan 500 200 5 1.25411e-06 0 8.86787e-07 3.76232e-08 3.76232e-08 3.76232e-08 6.27053e-08 7.52464e-08 9.42313e-07
scan 500 200 6 6.27053e-06 0 1.98292e-06 1.88116e-07 1.88116e-07 1.88116e-07 3.13527e-07 3.76232e-07 4.71157e-06
scan 500 200 7 3.76232e-06 0 1.53596e-06 1.1287e-07 1.1287e-07 1.1287e-07 1.88116e-07 2.25739e-07 2.82694e-06
scan 500 200 8 3.76232e-06 0 1.53596e-06 1.1287e-07 1.1287e-07 1.1287e-07 1.88116e-07 2.25739e-07 2.82694e-06
scan 500 200 9 1.00329e-05 0 2.50821e-06 3.00986e-07 3.00986e-07 3.00986e-07 5.01643e-07 6.01971e-07 7.53851e-06
scan 500 200 10 1.25411e-06 0 8.86787e-07 3.76232e-08 3.76232e-08 3.76232e-08 6.27053e-08 7.52464e-08 9.42313e-07
scan 500 200 11 1.75575e-05 0 3.31805e-06 5.26725e-07 5.26725e-07 5.26725e-07 8.77874e-07 1.05345e-06 1.31924e-05
scan 500 200 12 3.13527e-05 0 4.43394e-06 9.4058e-07 9.4058e-07 9.4058e-07 1.56763e-06 1.88116e-06 2.35578e-05
scan 500 200 13 3.07256e-05 0 4.38937e-06 9.21768e-07 9.21768e-07 9.21768e-07 1.53628e-06 1.84354e-06 2.30867e-05
scan 500 200 14 0.000104091 0 8.07902e-06 3.12272e-06 3.12272e-06 3.12272e-06 5.20454e-06 6.24545e-06 7.8212e-05
scan 500 200 15 1.37952e-05 0 2.94114e-06 4.13855e-07 4.13855e-07 4.13855e-07 6.89759e-07 8.2771e-07 1.03654e-05
scan 500 200 16 3.38609e-05 0 4.60788e-06 1.01583e-06 1.01583e-06 1.01583e-06 1.69304e-06 2.03165e-06 2.54425e-05
scan 500 200 17 5.8943e-05 0 6.07951e-06 1.76829e-06 1.76829e-06 1.76829e-06 2.94715e-06 3.53658e-06 4.42887e-05
scan 500 200 18 3.5115e-05 0 4.69244e-06 1.05345e-06 1.05345e-06 1.05345e-06 1.75575e-06 2.1069e-06 2.63848e-05
scan 500 200 19 6.52135e-05 0 6.39471e-06 1.95641e-06 1.95641e-06 1.95641e-06 3.26068e-06 3.91281e-06 4.90003e-05
scan 500 200 20 2.50821e-06 0 1.25411e-06 7.52464e-08 7.52464e-08 7.52464e-08 1.25411e-07 1.50493e-07 1.88463e-06
scan 500 200 21 1.00329e-05 0 2.50821e-06 3.00986e-07 3.00986e-07 3.00986e-07 5.01643e-07 6.01971e-07 7.53851e-06
scan 500 200 22 5.64348e-06 0 1.88116e-06 1.69304e-07 1.69304e-07 1.69304e-07 2.82174e-07 3.38609e-07 4.24041e-06
scan 500 200 23 5.01643e-06 0 1.77357e-06 1.50493e-07 1.50493e-07 1.50493e-07 2.50821e-07 3.00986e-07 3.76925e-06
scan 500 200 24 1.75575e-05 0 3.31805e-06 5.26725e-07 5.26725e-07 5.26725e-07 8.77874e-07 1.05345e-06 1.31924e-05
scan 500 200 25 1.88116e-06 0 1.08609e-06 5.64348e-08 5.64348e-08 5.64348e-08 9.4058e-08 1.1287e-07 1.41347e-06
scan 500 200 26 2.13198e-05 0 3.65632e-06 6.39594e-07 6.39594e-07 6.39594e-07 1.06599e-06 1.27919e-06 1.60193e-05
scan 500 200 27 4.7656e-05 0 5.46652e-06 1.42968e-06 1.42968e-06 1.42968e-06 2.3828e-06 2.85936e-06 3.58079e-05
scan 500 200 28 4.26396e-05 0 5.17081e-06 1.27919e-06 1.27919e-06 1.27919e-06 2.13198e-06 2.55838e-06 3.20387e-05
scan 500 200 29 0.000171813 0 1.03796e-05 5.15438e-06 5.15438e-06 5.15438e-06 8.59063e-06 1.03088e-05 0.000129097
scan 500 200 30 3.82502e-05 0 4.89744e-06 1.14751e-06 1.14751e-06 1.14751e-06 1.91251e-06 2.29501e-06 2.87406e-05
scan 500 200 31 9.21768e-05 0 7.60262e-06 2.7653e-06 2.7653e-06 2.7653e-06 4.60884e-06 5.53061e-06 6.926e-05
scan 500 200 32 0.000110361 0 8.3188e-06 3.31084e-06 3.31084e-06 3.31084e-06 5.51807e-06 6.62168e-06 8.29236e-05
scan 500 200 33 9.71932e-05 0 7.80675e-06 2.9158e-06 2.9158e-06 2.9158e-06 4.85966e-06 5.83159e-06 7.30293e-05
scan 500 200 34 0.000200657 0 1.12171e-05 6.01971e-06 6.01971e-06 6.01971e-06 1.00329e-05 1.20394e-05 0.00015077
scan 500 200 35 6.27053e-06 0 1.98292e-06 1.88116e-07 1.88116e-07 1.88116e-07 3.13527e-07 3.76232e-07 4.71157e-06
scan 500 200 36 1.1287e-05 0 2.66036e-06 3.38609e-07 3.38609e-07 3.38609e-07 5.64348e-07 6.77217e-07 8.48082e-06
scan 500 200 37 1.25411e-05 0 2.80427e-06 3.76232e-07 3.76232e-07 3.76232e-07 6.27053e-07 7.52464e-07 9.42313e-06
scan 500 200 38 2.25739e-05 0 3.76232e-06 6.77217e-07 6.77217e-07 6.77217e-07 1.1287e-06 1.35443e-06 1.69616e-05
scan 500 200 39 3.69961e-05 0 4.81649e-06 1.10988e-06 1.10988e-06 1.10988e-06 1.84981e-06 2.21977e-06 2.77982e-05
scan 500 200 40 6.89759e-06 0 2.0797e-06 2.06928e-07 2.06928e-07 2.06928e-07 3.44879e-07 4.13855e-07 5.18272e-06
scan 500 200 41 4.20126e-05 0 5.13265e-06 1.26038e-06 1.26038e-06 1.26038e-06 2.10063e-06 2.52075e-06 3.15675e-05
scan 500 200 42 8.90416e-05 0 7.4722e-06 2.67125e-06 2.67125e-06 2.67125e-06 4.45208e-06 5.34249e-06 6.69042e-05
scan 500 200 43 0.000122902 0 8.77874e-06 3.68707e-06 3.68707e-06 3.68707e-06 6.14512e-06 7.37415e-06 9.23467e-05
scan 500 200 44 0.000535503 0 1.83245e-05 1.60651e-05 1.60651e-05 1.60651e-05 2.67752e-05 3.21302e-05 0.000402368
scan 500 200 45 0 0 0 0 0 0 0 0 0
scan 500 200 46 0 0 0 0 0 0 0 0 0
scan 500 200 47 1.25411e-06 0 8.86787e-07 3.76232e-08 3.76232e-08 3.76232e-08 6.27053e-08 7.52464e-08 9.42313e-07
scan 500 200 48 0 0 0 0 0 0 0 0 0
scan 500 200 49 0 0 0 0 0 0 0 0 0
scan 500 200 50 0 0 0 0 0 0 0 0 0
scan 500 200 51 0 0 0 0 0 0 0 0 0
scan 500 200 52 0 0 0 0 0 0 0 0 0
scan 500 200 53 0 0 0 0 0 0 0 0 0
scan 500 200 54 0 0 0 0 0 0 0 0 0
scan 500 200 55 0 0 0 0 0 0 0 0 0
scan 500 200 56 0 0 0 0 0 0 0 0 0
scan 500 200 57 1.25411e-06 0 8.86787e-07 3.76232e-08 3.76232e-08 3.76232e-08 6.27053e-08 7.52464e-08 9.42313e-07
scan 500 200 58 6.27053e-07 0 6.27053e-07 1.88116e-08 1.88116e-08 1.88116e-08 3.13527e-08 3.76232e-08 4.71157e-07
scan 500 200 59 5.64348e-06 0 1.88116e-06 1.69304e-07 1.69304e-07 1.69304e-07 2.82174e-07 3.38609e-07 4.24041e-06
scan 500 200 60 0 0 0 0 0 0 0 0
scan 500 200 61 0 0 0 0 0 0 0 0
scan 500 200 62 0 0 0 0 0 0 0 0
scan 500 200 63 0 0 0 0 0 0 0 0
scan 500 200 64 0 0 0 0 0 0 0 0
scan 500 200 65 0 0 0 0 0 0 0 0
scan 500 200 66 0 0 0 0 0 0 0 0
scan 500 200 67 0 0 0 0 0 0 0 0
scan 500 200 68 0 0 0 0 0 0 0 0
scan 500 200 69 0 0 0 0 0 0 0 0
scan 500 200 70 0 0 0 0 0 0 0 0
scan 500 200 71 0 0 0 0 0 0 0 0
scan 500 200 72 0 0 0 0 0 0 0 0
scan 500 200 73 0 0 0 0 0 0 0 0
scan 500 200 74 0 0 0 0 0 0 0 0
scan 500 200 75 0 0 0 0 0 0 0 0 0
scan 500 200 76 0 0 0 0 0 0 0 0 0
scan 500 200 77 0 0 0 0 0 0 0 0 0
scan 500 200 78 0 0 0 0 0 0 0 0 0
scan 500 200 79 0 0 0 0 0 0 0 0 0
scan 500 200 80 0 0 0 0 0 0 0 0 0
scan 500 200 81 0 0 0 0 0 0 0 0 0
scan 500 200 82 0 0 0 0 0 0 0 0 0
scan 500 200 83 0 0 0 0 0 0 0 0 0
scan 500 200 84 0 0 0 0 0 0 0 0 0
scan 500 200 85 0 0 0 0 0 0 0 0 0
scan 500 200 86 6.27053e-07 0 6.27053e-07 1.88116e-08 1.88116e-08 1.88116e-08 3.13527e-08 3.76232e-08 4.71157e-07
scan 500 200 87 6.27053e-07 0 6.27053e-07 1.88116e-08 1.88116e-08 1.88116e-08 3.13527e-08 3.76232e-08 4.71157e-07
scan 500 200 88 1.25411e-06 0 8.86787e-07 3.76232e-08 3.76232e-08 3.76232e-08 6.27053e-08 7.52464e-08 9.42313e-07
scan 500 200 89 1.25411e-06 0 8.86787e-07 3.76232e-08 3.76232e-08 3.76232e-08 6.27053e-08 7.52464e-08 9.42313e-07
scan 500 200 90 4.38937e-06 0 1.65903e-06 1.31681e-07 1.31681e-07 1.31681e-07 2.19469e-07 2.63362e-07 3.2981e-06
scan 500 200 91 1.88116e-06 0 1.08609e-06 5.64348e-08 5.64348e-08 5.64348e-08 9.4058e-08 1.1287e-07 1.41347e-06
scan 500 200 92 1.88116e-06 0 1.08609e-06 5.64348e-08 5.64348e-08 5.64348e-08 9.4058e-08 1.1287e-07 1.41347e-06
scan 500 200 93 6.27053e-07 0 6.27053e-07 1.88116e-08 1.88116e-08 1.88116e-08 3.13527e-08 3.76232e-08 4.71157e-07
scan 500 200 94 0 0 0 0 0 0 0 0 0
scan 500 200 95 0 0 0 0 0 0 0 0 0
scan 500 200 96 1.88116e-06 0 1.08609e-06 5.64348e-08 5.64348e-08 5.64348e-08 9.4058e-08 1.1287e-07 1.41347e-06
scan 500 200 97 0 0 0 0 0 0 0 0 0
scan 500 200 98 6.27053e-07 0 6.27053e-07 1.88116e-08 1.88116e-08 1.88116e-08 3.13527e-08 3.76232e-08 4.71157e-07
scan 500 200 99 0 0 0 0 0 0 0 0 0
scan 500 200 100 0 0 0 0 0 0 0 0 0
scan 500 200 101 1.88116e-06 0 1.08609e-06 5.64348e-08 5.64348e-08 5.64348e-08 9.4058e-08 1.1287e-07 1.41347e-06
scan 500 200 102 3.13527e-06 0 1.40213e-06 9.4058e-08 9.4058e-08 9.4058e-08 1.56763e-07 1.88116e-07 2.35578e-06
scan 500 200 103 1.88116e-06 0 1.08609e-06 5.64348e-08 5.64348e-08 5.64348e-08 9.4058e-08 1.1287e-07 1.41347e-06
scan 500 200 104 8.77874e-06 0 2.34622e-06 2.63362e-07 2.63362e-07 2.63362e-07 4.38937e-07 5.26725e-07 6.59619e-06
scan 500 200 60 0 0 0 0 0 0 0 0
scan 500 200 61 0 0 0 0 0 0 0 0
scan 500 200 62 0 0 0 0 0 0 0 0
scan 500 200 63 0 0 0 0 0 0 0 0
scan 500 200 64 0 0 0 0 0 0 0 0
scan 500 200 65 0 0 0 0 0 0 0 0
scan 500 200 66 0 0 0 0 0 0 0 0
scan 500 200 67 0 0 0 0 0 0 0 0
scan 500 200 68 0 0 0 0 0 0 0 0
scan 500 200 69 0 0 0 0 0 0 0 0
scan 500 200 70 0 0 0 0 0 0 0 0
scan 500 200 71 0 0 0 0 0 0 0 0
scan 500 200 72 0 0 0 0 0 0 0 0
scan 500 200 73 0 0 0 0 0 0 0 0
scan 500 200 74 0 0 0 0 0 0 0 0
scan 500 200 120 0 0 0 0 0 0 0 0 0
scan 500 200 121 0 0 0 0 0 0 0 0 0
scan 500 200 122 0 0 0 0 0 0 0 0 0
scan 500 200 123 6.27053e-07 0 6.27053e-07 1.88116e-08 1.88116e-08 1.88116e-08 3.13527e-08 3.76232e-08 4.71157e-07
scan 500 200 124 0 0 0 0 0 0 0 0 0
scan 500 200 125 0 0 0 0 0 0 0 0 0
scan 500 200 126 0 0 0 0 0 0 0 0 0
scan 500 200 127 0 0 0 0 0 0 0 0 0
scan 500 200 128 0 0 0 0 0 0 0 0 0
scan 500 200 129 0 0 0 0 0 0 0 0 0
scan 500 200 130 0 0 0 0 0 0 0 0 0
scan 500 200 131 0 0 0 0 0 0 0 0 0
scan 500 200 132 6.27053e-07 0 6.27053e-07 1.88116e-08 1.88116e-08 1.88116e-08 3.13527e-08 3.76232e-08 4.71157e-07
scan 500 200 133 6.27053e-07 0 6.27053e-07 1.88116e-08 1.88116e-08 1.88116e-08 3.13527e-08 3.76232e-08 4.71157e-07
scan 500 200 134 3.13527e-06 0 1.40213e-06 9.4058e-08 9.4058e-08 9.4058e-08 1.56763e-07 1.88116e-07 2.35578e-06
scan 500 200 135 1.88116e-06 0 1.08609e-06 5.64348e-08 5.64348e-08 5.64348e-08 9.4058e-08 1.1287e-07 1.41347e-06
scan 500 200 136 3.13527e-06 0 1.40213e-06 9.4058e-08 9.4058e-08 9.4058e-08 1.56763e-07 1.88116e-07 2.35578e-06
scan 500 200 137 6.27053e-07 0 6.27053e-07 1.88116e-08 1.88116e-08 1.88116e-08 3.13527e-08 3.76232e-08 4.71157e-07
scan 500 200 138 1.88116e-06 0 1.08609e-06 5.64348e-08 5.64348e-08 5.64348e-08 9.4058e-08 1.1287e-07 1.41347e-06
scan 500 200 139 1.25411e-06 0 8.86787e-07 3.76232e-08 3.76232e-08 3.76232e-08 6.27053e-08 7.52464e-08 9.42313e-07
scan 500 200 140 0 0 0 0 0 0 0 0 0
scan 500 200 141 6.27053e-07 0 6.27053e-07 1.88116e-08 1.88116e-08 1.88116e-08 3.13527e-08 3.76232e-08 4.71157e-07
scan 500 200 142 0 0 0 0 0 0 0 0 0
scan 500 200 143 6.27053e-07 0 6.27053e-07 1.88116e-08 1.88116e-08 1.88116e-08 3.13527e-08 3.76232e-08 4.71157e-07
scan 500 200 144 6.27053e-07 0 6.27053e-07 1.88116e-08 1.88116e-08 1.88116e-08 3.13527e-08 3.76232e-08 4.71157e-07
scan 500 200 145 0 0 0 0 0 0 0 0 0
scan 500 200 146 0 0 0 0 0 0 0 0 0
scan 500 200 147 1.88116e-06 0 1.08609e-06 5.64348e-08 5.64348e-08 5.64348e-08 9.4058e-08 1.1287e-07 1.41347e-06
scan 500 200 148 1.25411e-06 0 8.86787e-07 3.76232e-08 3.76232e-08 3.76232e-08 6.27053e-08 7.52464e-08 9.42313e-07
scan 500 200 149 5.01643e-06 0 1.77357e-06 1.50493e-07 1.50493e-07 1.50493e-07 2.50821e-07 3.00986e-07 3.76925e-06
scan 500 200 60 0 0 0 0 0 0 0 0
scan 500 200 61 0 0 0 0 0 0 0 0
scan 500 200 62 0 0 0 0 0 0 0 0
scan 500 200 63 0 0 0 0 0 0 0 0
scan 500 200 64 0 0 0 0 0 0 0 0
scan 500 200 65 0 0 0 0 0 0 0 0
scan 500 200 66 0 0 0 0 0 0 0 0
scan 500 200 67 0 0 0 0 0 0 0 0
scan 500 200 68 0 0 0 0 0 0 0 0
scan 500 200 69 0 0 0 0 0 0 0 0
scan 500 200 70 0 0 0 0 0 0 0 0
scan 500 200 71 0 0 0 0 0 0 0 0
scan 500 200 72 0 0 0 0 0 0 0 0
scan 500 200 73 0 0 0 0 0 0 0 0
scan 500 200 74 0 0 0 0 0 0 0 0
scan 500 200 165 6.27053e-07 0 6.27053e-07 1.88116e-08 1.88116e-08 1.88116e-08 3.13527e-08 3.76232e-08 4.71157e-07
scan 500 200 166 0 0 0 0 0 0 0 0 0
scan 500 200 167 1.25411e-06 0 8.86787e-07 3.76232e-08 3.76232e-08 3.76232e-08 6.27053e-08 7.52464e-08 9.42313e-07
scan 500 200 168 0 0 0 0 0 0 0 0 0
scan 500 200 169 1.25411e-06 0 8.86787e-07 3.76232e-08 3.76232e-08 3.76232e-08 6.27053e-08 7.52464e-08 9.42313e-07
scan 500 200 170 0 0 0 0 0 0 0 0 0
scan 500 200 171 0 0 0 0 0 0 0 0 0
scan 500 200 172 0 0 0 0 0 0 0 0 0
scan 500 200 173 0 0 0 0 0 0 0 0 0
scan 500 200 174 0 0 0 0 0 0 0 0 0
scan 500 200 175 0 0 0 0 0 0 0 0 0
scan 500 200 176 0 0 0 0 0 0 0 0 0
scan 500 200 177 0 0 0 0 0 0 0 0 0
scan 500 200 178 0 0 0 0 0 0 0 0 0
scan 500 200 179 1.25411e-06 0 8.86787e-07 3.76232e-08 3.76232e-08 3.76232e-08 6.27053e-08 7.52464e-08 9.42313e-07
