xsec 700 100 0.00185119
scan 700 100 0 4.62821e-07 0 2.0698e-07 1.38846e-08 1.38846e-08 1.38846e-08 2.31411e-08 2.77693e-08 3.57672e-07
scan 700 100 1 4.62821e-07 0 2.0698e-07 1.38846e-08 1.38846e-08 1.38846e-08 2.31411e-08 2.77693e-08 3.57672e-07
scan 700 100 2 4.62821e-07 0 2.0698e-07 1.38846e-08 1.38846e-08 1.38846e-08 2.31411e-08 2.77693e-08 3.57672e-07
scan 700 100 3 1.85129e-07 0 1.30906e-07 5.55386e-09 5.55386e-09 5.55386e-09 9.25643e-09 1.11077e-08 1.43069e-07
scan 700 100 4 1.57359e-06 0 3.81652e-07 4.72078e-08 4.72078e-08 4.72078e-08 7.86796e-08 9.44155e-08 1.21608e-06
scan 700 100 5 9.25643e-08 0 9.25643e-08 2.77693e-09 2.77693e-09 2.77693e-09 4.62821e-09 5.55386e-09 7.15344e-08
scan 700 100 6 9.25643e-08 0 9.25643e-08 2.77693e-09 2.77693e-09 2.77693e-09 4.62821e-09 5.55386e-09 7.15344e-08
scan 700 100 7 1.85129e-07 0 1.30906e-07 5.55386e-09 5.55386e-09 5.55386e-09 9.25643e-09 1.11077e-08 1.43069e-07
scan 700 100 8 9.25643e-08 0 9.25643e-08 2.77693e-09 2.77693e-09 2.77693e-09 4.62821e-09 5.55386e-09 7.15344e-08
scan 700 100 9 7.40514e-07 0 2.61811e-07 2.22154e-08 2.22154e-08 2.22154e-08 3.70257e-08 4.44308e-08 5.72275e-07
scan 700 100 10 0 0 0 0 0 0 0 0 0
scan 700 100 11 1.20334e-06 0 3.33745e-07 3.61001e-08 3.61001e-08 3.61001e-08 6.01668e-08 7.22001e-08 9.29947e-07
scan 700 100 12 1.2959e-06 0 3.46344e-07 3.8877e-08 3.8877e-08 3.8877e-08 6.4795e-08 7.7754e-08 1.00148e-06
scan 700 100 13 2.03641e-06 0 4.34165e-07 6.10924e-08 6.10924e-08 6.10924e-08 1.01821e-07 1.22185e-07 1.57376e-06
scan 700 100 14 1.85129e-05 0 1.30906e-06 5.55386e-07 5.55386e-07 5.55386e-07 9.25643e-07 1.11077e-06 1.43069e-05
scan 700 100 15 4.62821e-07 0 2.0698e-07 1.38846e-08 1.38846e-08 1.38846e-08 2.31411e-08 2.77693e-08 3.57672e-07
scan 700 100 16 8.33078e-07 0 2.77693e-07 2.49924e-08 2.49924e-08 2.49924e-08 4.16539e-08 4.99847e-08 6.4381e-07
scan 700 100 17 7.40514e-07 0 2.61811e-07 2.22154e-08 2.22154e-08 2.22154e-08 3.70257e-08 4.44308e-08 5.72275e-07
scan 700 100 18 1.2959e-06 0 3.46344e-07 3.8877e-08 3.8877e-08 3.8877e-08 6.4795e-08 7.7754e-08 1.00148e-06
scan 700 100 19 3.23975e-06 0 5.47618e-07 9.71925e-08 9.71925e-08 9.71925e-08 1.61987e-07 1.94385e-07 2.5037e-06
scan 700 100 20 0 0 0 0 0 0 0 0 0
scan 700 100 21 3.70257e-07 0 1.85129e-07 1.11077e-08 1.11077e-08 1.11077e-08 1.85129e-08 2.22154e-08 2.86138e-07
scan 700 100 22 1.85129e-07 0 1.30906e-07 5.55386e-09 5.55386e-09 5.55386e-09 9.25643e-09 1.11077e-08 1.43069e-07
scan 700 100 23 0 0 0 0 0 0 0 0 0
scan 700 100 24 1.01821e-06 0 3.07001e-07 3.05462e-08 3.05462e-08 3.05462e-08 5.09103e-08 6.10924e-08 7.86879e-07
scan 700 100 25 2.77693e-07 0 1.60326e-07 8.33078e-09 8.33078e-09 8.33078e-09 1.38846e-08 1.66616e-08 2.14603e-07
scan 700 100 26 9.25643e-07 0 2.92714e-07 2.77693e-08 2.77693e-08 2.77693e-08 4.62821e-08 5.55386e-08 7.15344e-07
scan 700 100 27 1.75872e-06 0 4.03478e-07 5.27616e-08 5.27616e-08 5.27616e-08 8.7936e-08 1.05523e-07 1.35915e-06
scan 700 100 28 2.49924e-06 0 4.80978e-07 7.49771e-08 7.49771e-08 7.49771e-08 1.24962e-07 1.49954e-07 1.93143e-06
scan 700 100 29 1.88831e-05 0 1.32208e-06 5.66493e-07 5.66493e-07 5.66493e-07 9.44155e-07 1.13299e-06 1.4593e-05
scan 700 100 30 4.62821e-06 0 6.54528e-07 1.38846e-07 1.38846e-07 1.38846e-07 2.31411e-07 2.77693e-07 3.57672e-06
scan 700 100 31 1.01821e-05 0 9.70822e-07 3.05462e-07 3.05462e-07 3.05462e-07 5.09103e-07 6.10924e-07 7.86879e-06
scan 700 100 32 1.31441e-05 0 1.10303e-06 3.94324e-07 3.94324e-07 3.94324e-07 6.57206e-07 7.88648e-07 1.01579e-05
scan 700 100 33 1.39772e-05 0 1.13745e-06 4.19316e-07 4.19316e-07 4.19316e-07 6.9886e-07 8.38632e-07 1.08017e-05
scan 700 100 34 6.40545e-05 0 2.43499e-06 1.92163e-06 1.92163e-06 1.92163e-06 3.20272e-06 3.84327e-06 4.95018e-05
scan 700 100 35 1.48103e-06 0 3.70257e-07 4.44308e-08 4.44308e-08 4.44308e-08 7.40514e-08 8.88617e-08 1.14455e-06
scan 700 100 36 3.05462e-06 0 5.31741e-07 9.16386e-08 9.16386e-08 9.16386e-08 1.52731e-07 1.83277e-07 2.36064e-06
scan 700 100 37 3.61001e-06 0 5.78064e-07 1.083e-07 1.083e-07 1.083e-07 1.805e-07 2.166e-07 2.78984e-06
scan 700 100 38 3.33231e-06 0 5.55386e-07 9.99694e-08 9.99694e-08 9.99694e-08 1.66616e-07 1.99939e-07 2.57524e-06
scan 700 100 39 1.91608e-05 0 1.33177e-06 5.74824e-07 5.74824e-07 5.74824e-07 9.5804e-07 1.14965e-06 1.48076e-05
scan 700 100 40 1.01821e-06 0 3.07001e-07 3.05462e-08 3.05462e-08 3.05462e-08 5.09103e-08 6.10924e-08 7.86879e-07
scan 700 100 41 1.15705e-05 0 1.0349e-06 3.47116e-07 3.47116e-07 3.47116e-07 5.78527e-07 6.94232e-07 8.9418e-06
scan 700 100 42 2.22154e-05 0 1.434e-06 6.66463e-07 6.66463e-07 6.66463e-07 1.11077e-06 1.33293e-06 1.71683e-05
scan 700 100 43 3.5267e-05 0 1.80678e-06 1.05801e-06 1.05801e-06 1.05801e-06 1.76335e-06 2.11602e-06 2.72546e-05
scan 700 100 44 0.000287412 0 5.15791e-06 8.62236e-06 8.62236e-06 8.62236e-06 1.43706e-05 1.72447e-05 0.000222114
scan 700 100 45 9.25643e-08 0 9.25643e-08 2.77693e-09 2.77693e-09 2.77693e-09 4.62821e-09 5.55386e-09 7.15344e-08
scan 700 100 46 2.77693e-07 0 1.60326e-07 8.33078e-09 8.33078e-09 8.33078e-09 1.38846e-08 1.66616e-08 2.14603e-07
scan 700 100 47 0 0 0 0 0 0 0 0 0
scan 700 100 48 0 0 0 0 0 0 0 0 0
scan 700 100 49 9.25643e-08 0 9.25643e-08 2.77693e-09 2.77693e-09 2.77693e-09 4.62821e-09 5.55386e-09 7.15344e-08
scan 700 100 50 0 0 0 0 0 0 0 0 0
scan 700 100 51 2.77693e-07 0 1.60326e-07 8.33078e-09 8.33078e-09 8.33078e-09 1.38846e-08 1.66616e-08 2.14603e-07
scan 700 100 52 0 0 0 0 0 0 0 0 0
scan 700 100 53 0 0 0 0 0 0 0 0 0
scan 700 100 54 9.25643e-08 0 9.25643e-08 2.77693e-09 2.77693e-09 2.77693e-09 4.62821e-09 5.55386e-09 7.15344e-08
scan 700 100 55 0 0 0 0 0 0 0 0 0
scan 700 100 56 9.25643e-08 0 9.25643e-08 2.77693e-09 2.77693e-09 2.77693e-09 4.62821e-09 5.55386e-09 7.15344e-08
scan 700 100 57 9.25643e-08 0 9.25643e-08 2.77693e-09 2.77693e-09 2.77693e-09 4.62821e-09 5.55386e-09 7.15344e-08
scan 700 100 58 3.70257e-07 0 1.85129e-07 1.11077e-08 1.11077e-08 1.11077e-08 1.85129e-08 2.22154e-08 2.86138e-07
scan 700 100 59 9.25643e-07 0 2.92714e-07 2.77693e-08 2.77693e-08 2.77693e-08 4.62821e-08 5.55386e-08 7.15344e-07
scan 700 100 60 0 0 0 0 0 0 0 0
scan 700 100 61 0 0 0 0 0 0 0 0
scan 700 100 62 0 0 0 0 0 0 0 0
scan 700 100 63 0 0 0 0 0 0 0 0
scan 700 100 64 0 0 0 0 0 0 0 0
scan 700 100 65 0 0 0 0 0 0 0 0
scan 700 100 66 0 0 0 0 0 0 0 0
scan 700 100 67 0 0 0 0 0 0 0 0
scan 700 100 68 0 0 0 0 0 0 0 0
scan 700 100 69 0 0 0 0 0 0 0 0
scan 700 100 70 0 0 0 0 0 0 0 0
scan 700 100 71 0 0 0 0 0 0 0 0
scan 700 100 72 0 0 0 0 0 0 0 0
scan 700 100 73 0 0 0 0 0 0 0 0
scan 700 100 74 0 0 0 0 0 0 0 0
scan 700 100 75 2.77693e-07 0 1.60326e-07 8.33078e-09 8.33078e-09 8.33078e-09 1.38846e-08 1.66616e-08 2.14603e-07
scan 700 100 76 2.77693e-07 0 1.60326e-07 8.33078e-09 8.33078e-09 8.33078e-09 1.38846e-08 1.66616e-08 2.14603e-07
scan 700 100 77 0 0 0 0 0 0 0 0 0
scan 700 100 78 0 0 0 0 0 0 0 0 0
scan 700 100 79 1.85129e-07 0 1.30906e-07 5.55386e-09 5.55386e-09 5.55386e-09 9.25643e-09 1.11077e-08 1.43069e-07
scan 700 100 80 9.25643e-08 0 9.25643e-08 2.77693e-09 2.77693e-09 2.77693e-09 4.62821e-09 5.55386e-09 7.15344e-08
scan 700 100 81 0 0 0 0 0 0 0 0 0
scan 700 100 82 9.25643e-08 0 9.25643e-08 2.77693e-09 2.77693e-09 2.77693e-09 4.62821e-09 5.55386e-09 7.15344e-08
scan 700 100 83 9.25643e-08 0 9.25643e-08 2.77693e-09 2.77693e-09 2.77693e-09 4.62821e-09 5.55386e-09 7.15344e-08
scan 700 100 84 9.25643e-08 0 9.25643e-08 2.77693e-09 2.77693e-09 2.77693e-09 4.62821e-09 5.55386e-09 7.15344e-08
scan 700 100 85 0 0 0 0 0 0 0 0 0
scan 700 100 86 9.25643e-08 0 9.25643e-08 2.77693e-09 2.77693e-09 2.77693e-09 4.62821e-09 5.55386e-09 7.15344e-08
scan 700 100 87 3.70257e-07 0 1.85129e-07 1.11077e-08 1.11077e-08 1.11077e-08 1.85129e-08 2.22154e-08 2.86138e-07
scan 700 100 88 0 0 0 0 0 0 0 0 0
scan 700 100 89 2.22154e-06 0 4.5347e-07 6.66463e-08 6.66463e-08 6.66463e-08 1.11077e-07 1.33293e-07 1.71683e-06
scan 700 100 90 4.62821e-07 0 2.0698e-07 1.38846e-08 1.38846e-08 1.38846e-08 2.31411e-08 2.77693e-08 3.57672e-07
scan 700 100 91 1.11077e-06 0 3.20652e-07 3.33231e-08 3.33231e-08 3.33231e-08 5.55386e-08 6.66463e-08 8.58413e-07
scan 700 100 92 2.77693e-07 0 1.60326e-07 8.33078e-09 8.33078e-09 8.33078e-09 1.38846e-08 1.66616e-08 2.14603e-07
scan 700 100 93 1.85129e-07 0 1.30906e-07 5.55386e-09 5.55386e-09 5.55386e-09 9.25643e-09 1.11077e-08 1.43069e-07
scan 700 100 94 2.77693e-07 0 1.60326e-07 8.33078e-09 8.33078e-09 8.33078e-09 1.38846e-08 1.66616e-08 2.14603e-07
scan 700 100 95 9.25643e-08 0 9.25643e-08 2.77693e-09 2.77693e-09 2.77693e-09 4.62821e-09 5.55386e-09 7.15344e-08
scan 700 100 96 9.25643e-08 0 9.25643e-08 2.77693e-09 2.77693e-09 2.77693e-09 4.62821e-09 5.55386e-09 7.15344e-08
scan 700 100 97 9.25643e-08 0 9.25643e-08 2.77693e-09 2.77693e-09 2.77693e-09 4.62821e-09 5.55386e-09 7.15344e-08
scan 700 100 98 9.25643e-08 0 9.25643e-08 2.77693e-09 2.77693e-09 2.77693e-09 4.62821e-09 5.55386e-09 7.15344e-08
scan 700 100 99 9.25643e-08 0 9.25643e-08 2.77693e-09 2.77693e-09 2.77693e-09 4.62821e-09 5.55386e-09 7.15344e-08
scan 700 100 100 0 0 0 0 0 0 0 0 0
scan 700 100 101 3.70257e-07 0 1.85129e-07 1.11077e-08 1.11077e-08 1.11077e-08 1.85129e-08 2.22154e-08 2.86138e-07
scan 700 100 102 7.40514e-07 0 2.61811e-07 2.22154e-08 2.22154e-08 2.22154e-08 3.70257e-08 4.44308e-08 5.72275e-07
scan 700 100 103 7.40514e-07 0 2.61811e-07 2.22154e-08 2.22154e-08 2.22154e-08 3.70257e-08 4.44308e-08 5.72275e-07
scan 700 100 104 1.57359e-06 0 3.81652e-07 4.72078e-08 4.72078e-08 4.72078e-08 7.86796e-08 9.44155e-08 1.21608e-06
scan 700 100 60 0 0 0 0 0 0 0 0
scan 700 100 61 0 0 0 0 0 0 0 0
scan 700 100 62 0 0 0 0 0 0 0 0
scan 700 100 63 0 0 0 0 0 0 0 0
scan 700 100 64 0 0 0 0 0 0 0 0
scan 700 100 65 0 0 0 0 0 0 0 0
scan 700 100 66 0 0 0 0 0 0 0 0
scan 700 100 67 0 0 0 0 0 0 0 0
scan 700 100 68 0 0 0 0 0 0 0 0
scan 700 100 69 0 0 0 0 0 0 0 0
scan 700 100 70 0 0 0 0 0 0 0 0
scan 700 100 71 0 0 0 0 0 0 0 0
scan 700 100 72 0 0 0 0 0 0 0 0
scan 700 100 73 0 0 0 0 0 0 0 0
scan 700 100 74 0 0 0 0 0 0 0 0
scan 700 100 120 2.77693e-07 0 1.60326e-07 8.33078e-09 8.33078e-09 8.33078e-09 1.38846e-08 1.66616e-08 2.14603e-07
scan 700 100 121 5.55386e-07 0 2.26735e-07 1.66616e-08 1.66616e-08 1.66616e-08 2.77693e-08 3.33231e-08 4.29206e-07
scan 700 100 122 4.62821e-07 0 2.0698e-07 1.38846e-08 1.38846e-08 1.38846e-08 2.31411e-08 2.77693e-08 3.57672e-07
scan 700 100 123 6.4795e-07 0 2.44902e-07 1.94385e-08 1.94385e-08 1.94385e-08 3.23975e-08 3.8877e-08 5.00741e-07
scan 700 100 124 5.55386e-07 0 2.26735e-07 1.66616e-08 1.66616e-08 1.66616e-08 2.77693e-08 3.33231e-08 4.29206e-07
scan 700 100 125 0 0 0 0 0 0 0 0 0
scan 700 100 126 1.85129e-07 0 1.30906e-07 5.55386e-09 5.55386e-09 5.55386e-09 9.25643e-09 1.11077e-08 1.43069e-07
scan 700 100 127 2.77693e-07 0 1.60326e-07 8.33078e-09 8.33078e-09 8.33078e-09 1.38846e-08 1.66616e-08 2.14603e-07
scan 700 100 128 9.25643e-08 0 9.25643e-08 2.77693e-09 2.77693e-09 2.77693e-09 4.62821e-09 5.55386e-09 7.15344e-08
scan 700 100 129 1.85129e-07 0 1.30906e-07 5.55386e-09 5.55386e-09 5.55386e-09 9.25643e-09 1.11077e-08 1.43069e-07
scan 700 100 130 0 0 0 0 0 0 0 0 0
scan 700 100 131 5.55386e-07 0 2.26735e-07 1.66616e-08 1.66616e-08 1.66616e-08 2.77693e-08 3.33231e-08 4.29206e-07
scan 700 100 132 1.2959e-06 0 3.46344e-07 3.8877e-08 3.8877e-08 3.8877e-08 6.4795e-08 7.7754e-08 1.00148e-06
scan 700 100 133 1.01821e-06 0 3.07001e-07 3.05462e-08 3.05462e-08 3.05462e-08 5.09103e-08 6.10924e-08 7.86879e-07
scan 700 100 134 5.92411e-06 0 7.40514e-07 1.77723e-07 1.77723e-07 1.77723e-07 2.96206e-07 3.55447e-07 4.5782e-06
scan 700 100 135 3.70257e-07 0 1.85129e-07 1.11077e-08 1.11077e-08 1.11077e-08 1.85129e-08 2.22154e-08 2.86138e-07
scan 700 100 136 2.77693e-07 0 1.60326e-07 8.33078e-09 8.33078e-09 8.33078e-09 1.38846e-08 1.66616e-08 2.14603e-07
scan 700 100 137 3.70257e-07 0 1.85129e-07 1.11077e-08 1.11077e-08 1.11077e-08 1.85129e-08 2.22154e-08 2.86138e-07
scan 700 100 138 2.77693e-07 0 1.60326e-07 8.33078e-09 8.33078e-09 8.33078e-09 1.38846e-08 1.66616e-08 2.14603e-07
scan 700 100 139 4.62821e-07 0 2.0698e-07 1.38846e-08 1.38846e-08 1.38846e-08 2.31411e-08 2.77693e-08 3.57672e-07
scan 700 100 140 9.25643e-08 0 9.25643e-08 2.77693e-09 2.77693e-09 2.77693e-09 4.62821e-09 5.55386e-09 7.15344e-08
scan 700 100 141 2.77693e-07 0 1.60326e-07 8.33078e-09 8.33078e-09 8.33078e-09 1.38846e-08 1.66616e-08 2.14603e-07
scan 700 100 142 9.25643e-08 0 9.25643e-08 2.77693e-09 2.77693e-09 2.77693e-09 4.62821e-09 5.55386e-09 7.15344e-08
scan 700 100 143 9.25643e-08 0 9.25643e-08 2.77693e-09 2.77693e-09 2.77693e-09 4.62821e-09 5.55386e-09 7.15344e-08
scan 700 100 144 2.77693e-07 0 1.60326e-07 8.33078e-09 8.33078e-09 8.33078e-09 1.38846e-08 1.66616e-08 2.14603e-07
scan 700 100 145 0 0 0 0 0 0 0 0 0
scan 700 100 146 0 0 0 0 0 0 0 0 0
scan 700 100 147 4.62821e-07 0 2.0698e-07 1.38846e-08 1.38846e-08 1.38846e-08 2.31411e-08 2.77693e-08 3.57672e-07
scan 700 100 148 4.62821e-07 0 2.0698e-07 1.38846e-08 1.38846e-08 1.38846e-08 2.31411e-08 2.77693e-08 3.57672e-07
scan 700 100 149 7.40514e-07 0 2.61811e-07 2.22154e-08 2.22154e-08 2.22154e-08 3.70257e-08 4.44308e-08 5.72275e-07
scan 700 100 60 0 0 0 0 0 0 0 0
scan 700 100 61 0 0 0 0 0 0 0 0
scan 700 100 62 0 0 0 0 0 0 0 0
scan 700 100 63 0 0 0 0 0 0 0 0
scan 700 100 64 0 0 0 0 0 0 0 0
scan 700 100 65 0 0 0 0 0 0 0 0
scan 700 100 66 0 0 0 0 0 0 0 0
scan 700 100 67 0 0 0 0 0 0 0 0
scan 700 100 68 0 0 0 0 0 0 0 0
scan 700 100 69 0 0 0 0 0 0 0 0
scan 700 100 70 0 0 0 0 0 0 0 0
scan 700 100 71 0 0 0 0 0 0 0 0
scan 700 100 72 0 0 0 0 0 0 0 0
scan 700 100 73 0 0 0 0 0 0 0 0
scan 700 100 74 0 0 0 0 0 0 0 0
scan 700 100 165 4.62821e-07 0 2.0698e-07 1.38846e-08 1.38846e-08 1.38846e-08 2.31411e-08 2.77693e-08 3.57672e-07
scan 700 100 166 7.40514e-07 0 2.61811e-07 2.22154e-08 2.22154e-08 2.22154e-08 3.70257e-08 4.44308e-08 5.72275e-07
scan 700 100 167 3.70257e-07 0 1.85129e-07 1.11077e-08 1.11077e-08 1.11077e-08 1.85129e-08 2.22154e-08 2.86138e-07
scan 700 100 168 3.70257e-07 0 1.85129e-07 1.11077e-08 1.11077e-08 1.11077e-08 1.85129e-08 2.22154e-08 2.86138e-07
scan 700 100 169 1.11077e-06 0 3.20652e-07 3.33231e-08 3.33231e-08 3.33231e-08 5.55386e-08 6.66463e-08 8.58413e-07
scan 700 100 170 0 0 0 0 0 0 0 0 0
scan 700 100 171 0 0 0 0 0 0 0 0 0
scan 700 100 172 1.85129e-07 0 1.30906e-07 5.55386e-09 5.55386e-09 5.55386e-09 9.25643e-09 1.11077e-08 1.43069e-07
scan 700 100 173 0 0 0 0 0 0 0 0 0
scan 700 100 174 2.77693e-07 0 1.60326e-07 8.33078e-09 8.33078e-09 8.33078e-09 1.38846e-08 1.66616e-08 2.14603e-07
scan 700 100 175 0 0 0 0 0 0 0 0 0
scan 700 100 176 1.85129e-07 0 1.30906e-07 5.55386e-09 5.55386e-09 5.55386e-09 9.25643e-09 1.11077e-08 1.43069e-07
scan 700 100 177 3.70257e-07 0 1.85129e-07 1.11077e-08 1.11077e-08 1.11077e-08 1.85129e-08 2.22154e-08 2.86138e-07
scan 700 100 178 9.25643e-08 0 9.25643e-08 2.77693e-09 2.77693e-09 2.77693e-09 4.62821e-09 5.55386e-09 7.15344e-08
scan 700 100 179 2.77693e-06 0 5.06995e-07 8.33078e-08 8.33078e-08 8.33078e-08 1.38846e-07 1.66616e-07 2.14603e-06
