xsec 950 300 0.000189909
scan 950 300 0 1.89947e-08 0 1.34313e-08 5.69841e-10 5.69841e-10 5.69841e-10 9.49735e-10 1.13968e-09 1.49185e-08
scan 950 300 1 1.89947e-08 0 1.34313e-08 5.69841e-10 5.69841e-10 5.69841e-10 9.49735e-10 1.13968e-09 1.49185e-08
scan 950 300 2 6.64815e-08 0 2.51276e-08 1.99444e-09 1.99444e-09 1.99444e-09 3.32407e-09 3.98889e-09 5.22146e-08
scan 950 300 3 3.79894e-08 0 1.89947e-08 1.13968e-09 1.13968e-09 1.13968e-09 1.89947e-09 2.27936e-09 2.98369e-08
scan 950 300 4 3.98889e-07 0 6.15499e-08 1.19667e-08 1.19667e-08 1.19667e-08 1.99444e-08 2.39333e-08 3.13287e-07
scan 950 300 5 9.49735e-09 0 9.49735e-09 2.84921e-10 2.84921e-10 2.84921e-10 4.74868e-10 5.69841e-10 7.45923e-09
scan 950 300 6 5.69841e-08 0 2.32637e-08 1.70952e-09 1.70952e-09 1.70952e-09 2.84921e-09 3.41905e-09 4.47554e-08
scan 950 300 7 1.89947e-08 0 1.34313e-08 5.69841e-10 5.69841e-10 5.69841e-10 9.49735e-10 1.13968e-09 1.49185e-08
scan 950 300 8 2.84921e-08 0 1.64499e-08 8.54762e-10 8.54762e-10 8.54762e-10 1.4246e-09 1.70952e-09 2.23777e-08
scan 950 300 9 8.54762e-08 0 2.84921e-08 2.56428e-09 2.56428e-09 2.56428e-09 4.27381e-09 5.12857e-09 6.7133e-08
scan 950 300 10 1.89947e-08 0 1.34313e-08 5.69841e-10 5.69841e-10 5.69841e-10 9.49735e-10 1.13968e-09 1.49185e-08
scan 950 300 11 4.74868e-08 0 2.12367e-08 1.4246e-09 1.4246e-09 1.4246e-09 2.37434e-09 2.84921e-09 3.72961e-08
scan 950 300 12 1.89947e-07 0 4.24734e-08 5.69841e-09 5.69841e-09 5.69841e-09 9.49735e-09 1.13968e-08 1.49185e-07
scan 950 300 13 2.18439e-07 0 4.55477e-08 6.55317e-09 6.55317e-09 6.55317e-09 1.0922e-08 1.31063e-08 1.71562e-07
scan 950 300 14 3.46653e-06 0 1.81447e-07 1.03996e-07 1.03996e-07 1.03996e-07 1.73327e-07 2.07992e-07 2.72262e-06
scan 950 300 15 7.59788e-08 0 2.68626e-08 2.27936e-09 2.27936e-09 2.27936e-09 3.79894e-09 4.55873e-09 5.96738e-08
scan 950 300 16 5.69841e-08 0 2.32637e-08 1.70952e-09 1.70952e-09 1.70952e-09 2.84921e-09 3.41905e-09 4.47554e-08
scan 950 300 17 2.84921e-08 0 1.64499e-08 8.54762e-10 8.54762e-10 8.54762e-10 1.4246e-09 1.70952e-09 2.23777e-08
scan 950 300 18 7.59788e-08 0 2.68626e-08 2.27936e-09 2.27936e-09 2.27936e-09 3.79894e-09 4.55873e-09 5.96738e-08
scan 950 300 19 4.74868e-07 0 6.71564e-08 1.4246e-08 1.4246e-08 1.4246e-08 2.37434e-08 2.84921e-08 3.72961e-07
scan 950 300 20 9.49735e-09 0 9.49735e-09 2.84921e-10 2.84921e-10 2.84921e-10 4.74868e-10 5.69841e-10 7.45923e-09
scan 950 300 21 9.49735e-09 0 9.49735e-09 2.84921e-10 2.84921e-10 2.84921e-10 4.74868e-10 5.69841e-10 7.45923e-09
scan 950 300 22 3.79894e-08 0 1.89947e-08 1.13968e-09 1.13968e-09 1.13968e-09 1.89947e-09 2.27936e-09 2.98369e-08
scan 950 300 23 0 0 0 0 0 0 0 0 0
scan 950 300 24 1.51958e-07 0 3.79894e-08 4.55873e-09 4.55873e-09 4.55873e-09 7.59788e-09 9.11746e-09 1.19348e-07
scan 950 300 25 9.49735e-09 0 9.49735e-09 2.84921e-10 2.84921e-10 2.84921e-10 4.74868e-10 5.69841e-10 7.45923e-09
scan 950 300 26 5.69841e-08 0 2.32637e-08 1.70952e-09 1.70952e-09 1.70952e-09 2.84921e-09 3.41905e-09 4.47554e-08
scan 950 300 27 1.51958e-07 0 3.79894e-08 4.55873e-09 4.55873e-09 4.55873e-09 7.59788e-09 9.11746e-09 1.19348e-07
scan 950 300 28 1.23466e-07 0 3.42432e-08 3.70397e-09 3.70397e-09 3.70397e-09 6.17328e-09 7.40793e-09 9.69699e-08
scan 950 300 29 3.01066e-06 0 1.69096e-07 9.03198e-08 9.03198e-08 9.03198e-08 1.50533e-07 1.8064e-07 2.36457e-06
scan 950 300 30 2.56428e-07 0 4.93497e-08 7.69285e-09 7.69285e-09 7.69285e-09 1.28214e-08 1.53857e-08 2.01399e-07
scan 950 300 31 5.0336e-07 0 6.91418e-08 1.51008e-08 1.51008e-08 1.51008e-08 2.5168e-08 3.02016e-08 3.95339e-07
scan 950 300 32 7.8828e-07 0 8.6525e-08 2.36484e-08 2.36484e-08 2.36484e-08 3.9414e-08 4.72968e-08 6.19116e-07
scan 950 300 33 9.6873e-07 0 9.59185e-08 2.90619e-08 2.90619e-08 2.90619e-08 4.84365e-08 5.81238e-08 7.60841e-07
scan 950 300 34 7.63587e-06 0 2.69296e-07 2.29076e-07 2.29076e-07 2.29076e-07 3.81794e-07 4.58152e-07 5.99722e-06
scan 950 300 35 7.59788e-08 0 2.68626e-08 2.27936e-09 2.27936e-09 2.27936e-09 3.79894e-09 4.55873e-09 5.96738e-08
scan 950 300 36 1.04471e-07 0 3.14992e-08 3.13413e-09 3.13413e-09 3.13413e-09 5.22354e-09 6.26825e-09 8.20515e-08
scan 950 300 37 2.08942e-07 0 4.45465e-08 6.26825e-09 6.26825e-09 6.26825e-09 1.04471e-08 1.25365e-08 1.64103e-07
scan 950 300 38 2.75423e-07 0 5.11448e-08 8.2627e-09 8.2627e-09 8.2627e-09 1.37712e-08 1.65254e-08 2.16318e-07
scan 950 300 39 2.57378e-06 0 1.56346e-07 7.72135e-08 7.72135e-08 7.72135e-08 1.28689e-07 1.54427e-07 2.02145e-06
scan 950 300 40 1.32963e-07 0 3.55358e-08 3.98889e-09 3.98889e-09 3.98889e-09 6.64815e-09 7.97778e-09 1.04429e-07
scan 950 300 41 6.93307e-07 0 8.11454e-08 2.07992e-08 2.07992e-08 2.07992e-08 3.46653e-08 4.15984e-08 5.44523e-07
scan 950 300 42 1.28214e-06 0 1.10349e-07 3.84643e-08 3.84643e-08 3.84643e-08 6.41071e-08 7.69285e-08 1.007e-06
scan 950 300 43 1.90897e-06 0 1.34648e-07 5.7269e-08 5.7269e-08 5.7269e-08 9.54484e-08 1.14538e-07 1.4993e-06
scan 950 300 44 3.02776e-05 0 5.36243e-07 9.08327e-07 9.08327e-07 9.08327e-07 1.51388e-06 1.81665e-06 2.378e-05
scan 950 300 45 2.84921e-08 0 1.64499e-08 8.54762e-10 8.54762e-10 8.54762e-10 1.4246e-09 1.70952e-09 2.23777e-08
scan 950 300 46 9.49735e-09 0 9.49735e-09 2.84921e-10 2.84921e-10 2.84921e-10 4.74868e-10 5.69841e-10 7.45923e-09
scan 950 300 47 0 0 0 0 0 0 0 0 0
scan 950 300 48 0 0 0 0 0 0 0 0 0
scan 950 300 49 2.84921e-08 0 1.64499e-08 8.54762e-10 8.54762e-10 8.54762e-10 1.4246e-09 1.70952e-09 2.23777e-08
scan 950 300 50 0 0 0 0 0 0 0 0 0
scan 950 300 51 9.49735e-09 0 9.49735e-09 2.84921e-10 2.84921e-10 2.84921e-10 4.74868e-10 5.69841e-10 7.45923e-09
scan 950 300 52 0 0 0 0 0 0 0 0 0
scan 950 300 53 0 0 0 0 0 0 0 0 0
scan 950 300 54 0 0 0 0 0 0 0 0 0
scan 950 300 55 0 0 0 0 0 0 0 0 0
scan 950 300 56 0 0 0 0 0 0 0 0 0
scan 950 300 57 9.49735e-09 0 9.49735e-09 2.84921e-10 2.84921e-10 2.84921e-10 4.74868e-10 5.69841e-10 7.45923e-09
scan 950 300 58 2.84921e-08 0 1.64499e-08 8.54762e-10 8.54762e-10 8.54762e-10 1.4246e-09 1.70952e-09 2.23777e-08
scan 950 300 59 9.49735e-08 0 3.00333e-08 2.84921e-09 2.84921e-09 2.84921e-09 4.74868e-09 5.69841e-09 7.45923e-08
scan 950 300 60 0 0 0 0 0 0 0 0
scan 950 300 61 0 0 0 0 0 0 0 0
scan 950 300 62 0 0 0 0 0 0 0 0
scan 950 300 63 0 0 0 0 0 0 0 0
scan 950 300 64 0 0 0 0 0 0 0 0
scan 950 300 65 0 0 0 0 0 0 0 0
scan 950 300 66 0 0 0 0 0 0 0 0
scan 950 300 67 0 0 0 0 0 0 0 0
scan 950 300 68 0 0 0 0 0 0 0 0
scan 950 300 69 0 0 0 0 0 0 0 0
scan 950 300 70 0 0 0 0 0 0 0 0
scan 950 300 71 0 0 0 0 0 0 0 0
scan 950 300 72 0 0 0 0 0 0 0 0
scan 950 300 73 0 0 0 0 0 0 0 0
scan 950 300 74 0 0 0 0 0 0 0 0
scan 950 300 75 0 0 0 0 0 0 0 0 0
scan 950 300 76 0 0 0 0 0 0 0 0 0
scan 950 300 77 9.49735e-09 0 9.49735e-09 2.84921e-10 2.84921e-10 2.84921e-10 4.74868e-10 5.69841e-10 7.45923e-09
scan 950 300 78 0 0 0 0 0 0 0 0 0
scan 950 300 79 0 0 0 0 0 0 0 0 0
scan 950 300 80 0 0 0 0 0 0 0 0 0
scan 950 300 81 0 0 0 0 0 0 0 0 0
scan 950 300 82 0 0 0 0 0 0 0 0 0
scan 950 300 83 0 0 0 0 0 0 0 0 0
scan 950 300 84 0 0 0 0 0 0 0 0 0
scan 950 300 85 0 0 0 0 0 0 0 0 0
scan 950 300 86 9.49735e-09 0 9.49735e-09 2.84921e-10 2.84921e-10 2.84921e-10 4.74868e-10 5.69841e-10 7.45923e-09
scan 950 300 87 3.79894e-08 0 1.89947e-08 1.13968e-09 1.13968e-09 1.13968e-09 1.89947e-09 2.27936e-09 2.98369e-08
scan 950 300 88 1.89947e-08 0 1.34313e-08 5.69841e-10 5.69841e-10 5.69841e-10 9.49735e-10 1.13968e-09 1.49185e-08
scan 950 300 89 1.89947e-07 0 4.24734e-08 5.69841e-09 5.69841e-09 5.69841e-09 9.49735e-09 1.13968e-08 1.49185e-07
scan 950 300 90 2.84921e-08 0 1.64499e-08 8.54762e-10 8.54762e-10 8.54762e-10 1.4246e-09 1.70952e-09 2.23777e-08
scan 950 300 91 4.74868e-08 0 2.12367e-08 1.4246e-09 1.4246e-09 1.4246e-09 2.37434e-09 2.84921e-09 3.72961e-08
scan 950 300 92 9.49735e-09 0 9.49735e-09 2.84921e-10 2.84921e-10 2.84921e-10 4.74868e-10 5.69841e-10 7.45923e-09
scan 950 300 93 9.49735e-09 0 9.49735e-09 2.84921e-10 2.84921e-10 2.84921e-10 4.74868e-10 5.69841e-10 7.45923e-09
scan 950 300 94 1.89947e-08 0 1.34313e-08 5.69841e-10 5.69841e-10 5.69841e-10 9.49735e-10 1.13968e-09 1.49185e-08
scan 950 300 95 0 0 0 0 0 0 0 0 0
scan 950 300 96 9.49735e-09 0 9.49735e-09 2.84921e-10 2.84921e-10 2.84921e-10 4.74868e-10 5.69841e-10 7.45923e-09
scan 950 300 97 0 0 0 0 0 0 0 0 0
scan 950 300 98 0 0 0 0 0 0 0 0 0
scan 950 300 99 0 0 0 0 0 0 0 0 0
scan 950 300 100 0 0 0 0 0 0 0 0 0
scan 950 300 101 1.89947e-08 0 1.34313e-08 5.69841e-10 5.69841e-10 5.69841e-10 9.49735e-10 1.13968e-09 1.49185e-08
scan 950 300 102 6.64815e-08 0 2.51276e-08 1.99444e-09 1.99444e-09 1.99444e-09 3.32407e-09 3.98889e-09 5.22146e-08
scan 950 300 103 4.74868e-08 0 2.12367e-08 1.4246e-09 1.4246e-09 1.4246e-09 2.37434e-09 2.84921e-09 3.72961e-08
scan 950 300 104 2.18439e-07 0 4.55477e-08 6.55317e-09 6.55317e-09 6.55317e-09 1.0922e-08 1.31063e-08 1.71562e-07
scan 950 300 60 0 0 0 0 0 0 0 0
scan 950 300 61 0 0 0 0 0 0 0 0
scan 950 300 62 0 0 0 0 0 0 0 0
scan 950 300 63 0 0 0 0 0 0 0 0
scan 950 300 64 0 0 0 0 0 0 0 0
scan 950 300 65 0 0 0 0 0 0 0 0
scan 950 300 66 0 0 0 0 0 0 0 0
scan 950 300 67 0 0 0 0 0 0 0 0
scan 950 300 68 0 0 0 0 0 0 0 0
scan 950 300 69 0 0 0 0 0 0 0 0
scan 950 300 70 0 0 0 0 0 0 0 0
scan 950 300 71 0 0 0 0 0 0 0 0
scan 950 300 72 0 0 0 0 0 0 0 0
scan 950 300 73 0 0 0 0 0 0 0 0
scan 950 300 74 0 0 0 0 0 0 0 0
scan 950 300 120 0 0 0 0 0 0 0 0 0
scan 950 300 121 2.84921e-08 0 1.64499e-08 8.54762e-10 8.54762e-10 8.54762e-10 1.4246e-09 1.70952e-09 2.23777e-08
scan 950 300 122 9.49735e-09 0 9.49735e-09 2.84921e-10 2.84921e-10 2.84921e-10 4.74868e-10 5.69841e-10 7.45923e-09
scan 950 300 123 2.84921e-08 0 1.64499e-08 8.54762e-10 8.54762e-10 8.54762e-10 1.4246e-09 1.70952e-09 2.23777e-08
scan 950 300 124 9.49735e-08 0 3.00333e-08 2.84921e-09 2.84921e-09 2.84921e-09 4.74868e-09 5.69841e-09 7.45923e-08
scan 950 300 125 0 0 0 0 0 0 0 0 0
scan 950 300 126 0 0 0 0 0 0 0 0 0
scan 950 300 127 9.49735e-09 0 9.49735e-09 2.84921e-10 2.84921e-10 2.84921e-10 4.74868e-10 5.69841e-10 7.45923e-09
scan 950 300 128 9.49735e-09 0 9.49735e-09 2.84921e-10 2.84921e-10 2.84921e-10 4.74868e-10 5.69841e-10 7.45923e-09
scan 950 300 129 2.84921e-08 0 1.64499e-08 8.54762e-10 8.54762e-10 8.54762e-10 1.4246e-09 1.70952e-09 2.23777e-08
scan 950 300 130 0 0 0 0 0 0 0 0 0
scan 950 300 131 1.89947e-08 0 1.34313e-08 5.69841e-10 5.69841e-10 5.69841e-10 9.49735e-10 1.13968e-09 1.49185e-08
scan 950 300 132 2.84921e-08 0 1.64499e-08 8.54762e-10 8.54762e-10 8.54762e-10 1.4246e-09 1.70952e-09 2.23777e-08
scan 950 300 133 2.84921e-08 0 1.64499e-08 8.54762e-10 8.54762e-10 8.54762e-10 1.4246e-09 1.70952e-09 2.23777e-08
scan 950 300 134 4.84365e-07 0 6.78247e-08 1.45309e-08 1.45309e-08 1.45309e-08 2.42182e-08 2.90619e-08 3.8042e-07
scan 950 300 135 7.59788e-08 0 2.68626e-08 2.27936e-09 2.27936e-09 2.27936e-09 3.79894e-09 4.55873e-09 5.96738e-08
scan 950 300 136 1.89947e-08 0 1.34313e-08 5.69841e-10 5.69841e-10 5.69841e-10 9.49735e-10 1.13968e-09 1.49185e-08
scan 950 300 137 1.89947e-08 0 1.34313e-08 5.69841e-10 5.69841e-10 5.69841e-10 9.49735e-10 1.13968e-09 1.49185e-08
scan 950 300 138 0 0 0 0 0 0 0 0 0
scan 950 300 139 7.59788e-08 0 2.68626e-08 2.27936e-09 2.27936e-09 2.27936e-09 3.79894e-09 4.55873e-09 5.96738e-08
scan 950 300 140 0 0 0 0 0 0 0 0 0
scan 950 300 141 9.49735e-09 0 9.49735e-09 2.84921e-10 2.84921e-10 2.84921e-10 4.74868e-10 5.69841e-10 7.45923e-09
scan 950 300 142 9.49735e-09 0 9.49735e-09 2.84921e-10 2.84921e-10 2.84921e-10 4.74868e-10 5.69841e-10 7.45923e-09
scan 950 300 143 0 0 0 0 0 0 0 0 0
scan 950 300 144 9.49735e-09 0 9.49735e-09 2.84921e-10 2.84921e-10 2.84921e-10 4.74868e-10 5.69841e-10 7.45923e-09
scan 950 300 145 0 0 0 0 0 0 0 0 0
scan 950 300 146 0 0 0 0 0 0 0 0 0
scan 950 300 147 1.89947e-08 0 1.34313e-08 5.69841e-10 5.69841e-10 5.69841e-10 9.49735e-10 1.13968e-09 1.49185e-08
scan 950 300 148 1.89947e-08 0 1.34313e-08 5.69841e-10 5.69841e-10 5.69841e-10 9.49735e-10 1.13968e-09 1.49185e-08
scan 950 300 149 1.51958e-07 0 3.79894e-08 4.55873e-09 4.55873e-09 4.55873e-09 7.59788e-09 9.11746e-09 1.19348e-07
scan 950 300 60 0 0 0 0 0 0 0 0
scan 950 300 61 0 0 0 0 0 0 0 0
scan 950 300 62 0 0 0 0 0 0 0 0
scan 950 300 63 0 0 0 0 0 0 0 0
scan 950 300 64 0 0 0 0 0 0 0 0
scan 950 300 65 0 0 0 0 0 0 0 0
scan 950 300 66 0 0 0 0 0 0 0 0
scan 950 300 67 0 0 0 0 0 0 0 0
scan 950 300 68 0 0 0 0 0 0 0 0
scan 950 300 69 0 0 0 0 0 0 0 0
scan 950 300 70 0 0 0 0 0 0 0 0
scan 950 300 71 0 0 0 0 0 0 0 0
scan 950 300 72 0 0 0 0 0 0 0 0
scan 950 300 73 0 0 0 0 0 0 0 0
scan 950 300 74 0 0 0 0 0 0 0 0
scan 950 300 165 9.49735e-09 0 9.49735e-09 2.84921e-10 2.84921e-10 2.84921e-10 4.74868e-10 5.69841e-10 7.45923e-09
scan 950 300 166 0 0 0 0 0 0 0 0 0
scan 950 300 167 9.49735e-09 0 9.49735e-09 2.84921e-10 2.84921e-10 2.84921e-10 4.74868e-10 5.69841e-10 7.45923e-09
scan 950 300 168 3.79894e-08 0 1.89947e-08 1.13968e-09 1.13968e-09 1.13968e-09 1.89947e-09 2.27936e-09 2.98369e-08
scan 950 300 169 1.13968e-07 0 3.28998e-08 3.41905e-09 3.41905e-09 3.41905e-09 5.69841e-09 6.83809e-09 8.95107e-08
scan 950 300 170 0 0 0 0 0 0 0 0 0
scan 950 300 171 9.49735e-09 0 9.49735e-09 2.84921e-10 2.84921e-10 2.84921e-10 4.74868e-10 5.69841e-10 7.45923e-09
scan 950 300 172 0 0 0 0 0 0 0 0 0
scan 950 300 173 1.89947e-08 0 1.34313e-08 5.69841e-10 5.69841e-10 5.69841e-10 9.49735e-10 1.13968e-09 1.49185e-08
scan 950 300 174 3.79894e-08 0 1.89947e-08 1.13968e-09 1.13968e-09 1.13968e-09 1.89947e-09 2.27936e-09 2.98369e-08
scan 950 300 175 0 0 0 0 0 0 0 0 0
scan 950 300 176 0 0 0 0 0 0 0 0 0
scan 950 300 177 9.49735e-09 0 9.49735e-09 2.84921e-10 2.84921e-10 2.84921e-10 4.74868e-10 5.69841e-10 7.45923e-09
scan 950 300 178 0 0 0 0 0 0 0 0 0
scan 950 300 179 1.70952e-07 0 4.02939e-08 5.12857e-09 5.12857e-09 5.12857e-09 8.54762e-09 1.02571e-08 1.34266e-07
