xsec 950 700 0.000189909
scan 950 700 0 1.42446e-07 0 3.67794e-08 4.27338e-09 4.27338e-09 4.27338e-09 7.1223e-09 8.54676e-09 1.11877e-07
scan 950 700 1 2.65899e-07 0 5.02502e-08 7.97698e-09 7.97698e-09 7.97698e-09 1.3295e-08 1.5954e-08 2.08837e-07
scan 950 700 2 2.84892e-07 0 5.20139e-08 8.54676e-09 8.54676e-09 8.54676e-09 1.42446e-08 1.70935e-08 2.23754e-07
scan 950 700 3 3.60863e-07 0 5.85398e-08 1.08259e-08 1.08259e-08 1.08259e-08 1.80432e-08 2.16518e-08 2.83422e-07
scan 950 700 4 1.10158e-06 0 1.02279e-07 3.30475e-08 3.30475e-08 3.30475e-08 5.50791e-08 6.6095e-08 8.65184e-07
scan 950 700 5 4.7482e-08 0 2.12346e-08 1.42446e-09 1.42446e-09 1.42446e-09 2.3741e-09 2.84892e-09 3.72924e-08
scan 950 700 6 8.54676e-08 0 2.84892e-08 2.56403e-09 2.56403e-09 2.56403e-09 4.27338e-09 5.12806e-09 6.71263e-08
scan 950 700 7 7.59712e-08 0 2.68599e-08 2.27914e-09 2.27914e-09 2.27914e-09 3.79856e-09 4.55827e-09 5.96678e-08
scan 950 700 8 2.84892e-08 0 1.64483e-08 8.54676e-10 8.54676e-10 8.54676e-10 1.42446e-09 1.70935e-09 2.23754e-08
scan 950 700 9 9.4964e-08 0 3.00303e-08 2.84892e-09 2.84892e-09 2.84892e-09 4.7482e-09 5.69784e-09 7.45848e-08
scan 950 700 10 1.89928e-08 0 1.34299e-08 5.69784e-10 5.69784e-10 5.69784e-10 9.4964e-10 1.13957e-09 1.4917e-08
scan 950 700 11 2.65899e-07 0 5.02502e-08 7.97698e-09 7.97698e-09 7.97698e-09 1.3295e-08 1.5954e-08 2.08837e-07
scan 950 700 12 4.55827e-07 0 6.5793e-08 1.36748e-08 1.36748e-08 1.36748e-08 2.27914e-08 2.73496e-08 3.58007e-07
scan 950 700 13 4.7482e-07 0 6.71497e-08 1.42446e-08 1.42446e-08 1.42446e-08 2.3741e-08 2.84892e-08 3.72924e-07
scan 950 700 14 2.35511e-06 0 1.49549e-07 7.06532e-08 7.06532e-08 7.06532e-08 1.17755e-07 1.41306e-07 1.8497e-06
scan 950 700 15 2.84892e-07 0 5.20139e-08 8.54676e-09 8.54676e-09 8.54676e-09 1.42446e-08 1.70935e-08 2.23754e-07
scan 950 700 16 7.1223e-07 0 8.22413e-08 2.13669e-08 2.13669e-08 2.13669e-08 3.56115e-08 4.27338e-08 5.59386e-07
scan 950 700 17 8.73669e-07 0 9.10863e-08 2.62101e-08 2.62101e-08 2.62101e-08 4.36834e-08 5.24201e-08 6.8618e-07
scan 950 700 18 7.69209e-07 0 8.54676e-08 2.30763e-08 2.30763e-08 2.30763e-08 3.84604e-08 4.61525e-08 6.04137e-07
scan 950 700 19 1.41496e-06 0 1.15918e-07 4.24489e-08 4.24489e-08 4.24489e-08 7.07482e-08 8.48978e-08 1.11131e-06
scan 950 700 20 8.54676e-08 0 2.84892e-08 2.56403e-09 2.56403e-09 2.56403e-09 4.27338e-09 5.12806e-09 6.71263e-08
scan 950 700 21 1.23453e-07 0 3.42398e-08 3.7036e-09 3.7036e-09 3.7036e-09 6.17266e-09 7.40719e-09 9.69602e-08
scan 950 700 22 1.23453e-07 0 3.42398e-08 3.7036e-09 3.7036e-09 3.7036e-09 6.17266e-09 7.40719e-09 9.69602e-08
scan 950 700 23 1.23453e-07 0 3.42398e-08 3.7036e-09 3.7036e-09 3.7036e-09 6.17266e-09 7.40719e-09 9.69602e-08
scan 950 700 24 1.42446e-07 0 3.67794e-08 4.27338e-09 4.27338e-09 4.27338e-09 7.1223e-09 8.54676e-09 1.11877e-07
scan 950 700 25 6.64748e-08 0 2.51251e-08 1.99424e-09 1.99424e-09 1.99424e-09 3.32374e-09 3.98849e-09 5.22094e-08
scan 950 700 26 4.27338e-07 0 6.37038e-08 1.28201e-08 1.28201e-08 1.28201e-08 2.13669e-08 2.56403e-08 3.35632e-07
scan 950 700 27 6.55252e-07 0 7.8883e-08 1.96576e-08 1.96576e-08 1.96576e-08 3.27626e-08 3.93151e-08 5.14635e-07
scan 950 700 28 9.11655e-07 0 9.30454e-08 2.73496e-08 2.73496e-08 2.73496e-08 4.55827e-08 5.46993e-08 7.16014e-07
scan 950 700 29 4.46331e-06 0 2.05877e-07 1.33899e-07 1.33899e-07 1.33899e-07 2.23165e-07 2.67799e-07 3.50549e-06
scan 950 700 30 1.13957e-07 0 3.28965e-08 3.4187e-09 3.4187e-09 3.4187e-09 5.69784e-09 6.83741e-09 8.95017e-08
scan 950 700 31 3.60863e-07 0 5.85398e-08 1.08259e-08 1.08259e-08 1.08259e-08 1.80432e-08 2.16518e-08 2.83422e-07
scan 950 700 32 4.08345e-07 0 6.22721e-08 1.22504e-08 1.22504e-08 1.22504e-08 2.04173e-08 2.45007e-08 3.20715e-07
scan 950 700 33 3.60863e-07 0 5.85398e-08 1.08259e-08 1.08259e-08 1.08259e-08 1.80432e-08 2.16518e-08 2.83422e-07
scan 950 700 34 7.59712e-07 0 8.49384e-08 2.27914e-08 2.27914e-08 2.27914e-08 3.79856e-08 4.55827e-08 5.96678e-07
scan 950 700 35 3.79856e-08 0 1.89928e-08 1.13957e-09 1.13957e-09 1.13957e-09 1.89928e-09 2.27914e-09 2.98339e-08
scan 950 700 36 9.4964e-08 0 3.00303e-08 2.84892e-09 2.84892e-09 2.84892e-09 4.7482e-09 5.69784e-09 7.45848e-08
scan 950 700 37 4.7482e-08 0 2.12346e-08 1.42446e-09 1.42446e-09 1.42446e-09 2.3741e-09 2.84892e-09 3.72924e-08
scan 950 700 38 4.7482e-08 0 2.12346e-08 1.42446e-09 1.42446e-09 1.42446e-09 2.3741e-09 2.84892e-09 3.72924e-08
scan 950 700 39 9.4964e-08 0 3.00303e-08 2.84892e-09 2.84892e-09 2.84892e-09 4.7482e-09 5.69784e-09 7.45848e-08
scan 950 700 40 0 0 0 0 0 0 0 0 0
scan 950 700 41 1.99424e-07 0 4.3518e-08 5.98273e-09 5.98273e-09 5.98273e-09 9.97122e-09 1.19655e-08 1.56628e-07
scan 950 700 42 3.13381e-07 0 5.45527e-08 9.40144e-09 9.40144e-09 9.40144e-09 1.56691e-08 1.88029e-08 2.4613e-07
scan 950 700 43 5.69784e-07 0 7.35588e-08 1.70935e-08 1.70935e-08 1.70935e-08 2.84892e-08 3.4187e-08 4.47509e-07
scan 950 700 44 2.13669e-06 0 1.42446e-07 6.41007e-08 6.41007e-08 6.41007e-08 1.06835e-07 1.28201e-07 1.67816e-06
scan 950 700 45 9.4964e-09 0 9.4964e-09 2.84892e-10 2.84892e-10 2.84892e-10 4.7482e-10 5.69784e-10 7.45848e-09
scan 950 700 46 0 0 0 0 0 0 0 0 0
scan 950 700 47 0 0 0 0 0 0 0 0 0
scan 950 700 48 0 0 0 0 0 0 0 0 0
scan 950 700 49 9.4964e-09 0 9.4964e-09 2.84892e-10 2.84892e-10 2.84892e-10 4.7482e-10 5.69784e-10 7.45848e-09
scan 950 700 50 0 0 0 0 0 0 0 0 0
scan 950 700 51 0 0 0 0 0 0 0 0 0
scan 950 700 52 0 0 0 0 0 0 0 0 0
scan 950 700 53 0 0 0 0 0 0 0 0 0
scan 950 700 54 0 0 0 0 0 0 0 0 0
scan 950 700 55 0 0 0 0 0 0 0 0 0
scan 950 700 56 9.4964e-09 0 9.4964e-09 2.84892e-10 2.84892e-10 2.84892e-10 4.7482e-10 5.69784e-10 7.45848e-09
scan 950 700 57 0 0 0 0 0 0 0 0 0
scan 950 700 58 9.4964e-09 0 9.4964e-09 2.84892e-10 2.84892e-10 2.84892e-10 4.7482e-10 5.69784e-10 7.45848e-09
scan 950 700 59 9.4964e-09 0 9.4964e-09 2.84892e-10 2.84892e-10 2.84892e-10 4.7482e-10 5.69784e-10 7.45848e-09
scan 950 700 60 0 0 0 0 0 0 0 0
scan 950 700 61 0 0 0 0 0 0 0 0
scan 950 700 62 0 0 0 0 0 0 0 0
scan 950 700 63 0 0 0 0 0 0 0 0
scan 950 700 64 0 0 0 0 0 0 0 0
scan 950 700 65 0 0 0 0 0 0 0 0
scan 950 700 66 0 0 0 0 0 0 0 0
scan 950 700 67 0 0 0 0 0 0 0 0
scan 950 700 68 0 0 0 0 0 0 0 0
scan 950 700 69 0 0 0 0 0 0 0 0
scan 950 700 70 0 0 0 0 0 0 0 0
scan 950 700 71 0 0 0 0 0 0 0 0
scan 950 700 72 0 0 0 0 0 0 0 0
scan 950 700 73 0 0 0 0 0 0 0 0
scan 950 700 74 0 0 0 0 0 0 0 0
scan 950 700 75 0 0 0 0 0 0 0 0 0
scan 950 700 76 0 0 0 0 0 0 0 0 0
scan 950 700 77 0 0 0 0 0 0 0 0 0
scan 950 700 78 9.4964e-09 0 9.4964e-09 2.84892e-10 2.84892e-10 2.84892e-10 4.7482e-10 5.69784e-10 7.45848e-09
scan 950 700 79 0 0 0 0 0 0 0 0 0
scan 950 700 80 0 0 0 0 0 0 0 0 0
scan 950 700 81 0 0 0 0 0 0 0 0 0
scan 950 700 82 0 0 0 0 0 0 0 0 0
scan 950 700 83 9.4964e-09 0 9.4964e-09 2.84892e-10 2.84892e-10 2.84892e-10 4.7482e-10 5.69784e-10 7.45848e-09
scan 950 700 84 0 0 0 0 0 0 0 0 0
scan 950 700 85 0 0 0 0 0 0 0 0 0
scan 950 700 86 0 0 0 0 0 0 0 0 0
scan 950 700 87 0 0 0 0 0 0 0 0 0
scan 950 700 88 1.89928e-08 0 1.34299e-08 5.69784e-10 5.69784e-10 5.69784e-10 9.4964e-10 1.13957e-09 1.4917e-08
scan 950 700 89 9.4964e-09 0 9.4964e-09 2.84892e-10 2.84892e-10 2.84892e-10 4.7482e-10 5.69784e-10 7.45848e-09
scan 950 700 90 0 0 0 0 0 0 0 0 0
scan 950 700 91 0 0 0 0 0 0 0 0 0
scan 950 700 92 0 0 0 0 0 0 0 0 0
scan 950 700 93 0 0 0 0 0 0 0 0 0
scan 950 700 94 0 0 0 0 0 0 0 0 0
scan 950 700 95 0 0 0 0 0 0 0 0 0
scan 950 700 96 0 0 0 0 0 0 0 0 0
scan 950 700 97 0 0 0 0 0 0 0 0 0
scan 950 700 98 9.4964e-09 0 9.4964e-09 2.84892e-10 2.84892e-10 2.84892e-10 4.7482e-10 5.69784e-10 7.45848e-09
scan 950 700 99 0 0 0 0 0 0 0 0 0
scan 950 700 100 0 0 0 0 0 0 0 0 0
scan 950 700 101 0 0 0 0 0 0 0 0 0
scan 950 700 102 9.4964e-09 0 9.4964e-09 2.84892e-10 2.84892e-10 2.84892e-10 4.7482e-10 5.69784e-10 7.45848e-09
scan 950 700 103 1.89928e-08 0 1.34299e-08 5.69784e-10 5.69784e-10 5.69784e-10 9.4964e-10 1.13957e-09 1.4917e-08
scan 950 700 104 2.84892e-08 0 1.64483e-08 8.54676e-10 8.54676e-10 8.54676e-10 1.42446e-09 1.70935e-09 2.23754e-08
scan 950 700 60 0 0 0 0 0 0 0 0
scan 950 700 61 0 0 0 0 0 0 0 0
scan 950 700 62 0 0 0 0 0 0 0 0
scan 950 700 63 0 0 0 0 0 0 0 0
scan 950 700 64 0 0 0 0 0 0 0 0
scan 950 700 65 0 0 0 0 0 0 0 0
scan 950 700 66 0 0 0 0 0 0 0 0
scan 950 700 67 0 0 0 0 0 0 0 0
scan 950 700 68 0 0 0 0 0 0 0 0
scan 950 700 69 0 0 0 0 0 0 0 0
scan 950 700 70 0 0 0 0 0 0 0 0
scan 950 700 71 0 0 0 0 0 0 0 0
scan 950 700 72 0 0 0 0 0 0 0 0
scan 950 700 73 0 0 0 0 0 0 0 0
scan 950 700 74 0 0 0 0 0 0 0 0
scan 950 700 120 0 0 0 0 0 0 0 0 0
scan 950 700 121 9.4964e-09 0 9.4964e-09 2.84892e-10 2.84892e-10 2.84892e-10 4.7482e-10 5.69784e-10 7.45848e-09
scan 950 700 122 0 0 0 0 0 0 0 0 0
scan 950 700 123 0 0 0 0 0 0 0 0 0
scan 950 700 124 0 0 0 0 0 0 0 0 0
scan 950 700 125 0 0 0 0 0 0 0 0 0
scan 950 700 126 0 0 0 0 0 0 0 0 0
scan 950 700 127 0 0 0 0 0 0 0 0 0
scan 950 700 128 0 0 0 0 0 0 0 0 0
scan 950 700 129 0 0 0 0 0 0 0 0 0
scan 950 700 130 0 0 0 0 0 0 0 0 0
scan 950 700 131 9.4964e-09 0 9.4964e-09 2.84892e-10 2.84892e-10 2.84892e-10 4.7482e-10 5.69784e-10 7.45848e-09
scan 950 700 132 9.4964e-09 0 9.4964e-09 2.84892e-10 2.84892e-10 2.84892e-10 4.7482e-10 5.69784e-10 7.45848e-09
scan 950 700 133 0 0 0 0 0 0 0 0 0
scan 950 700 134 0 0 0 0 0 0 0 0 0
scan 950 700 135 0 0 0 0 0 0 0 0 0
scan 950 700 136 9.4964e-09 0 9.4964e-09 2.84892e-10 2.84892e-10 2.84892e-10 4.7482e-10 5.69784e-10 7.45848e-09
scan 950 700 137 0 0 0 0 0 0 0 0 0
scan 950 700 138 0 0 0 0 0 0 0 0 0
scan 950 700 139 0 0 0 0 0 0 0 0 0
scan 950 700 140 0 0 0 0 0 0 0 0 0
scan 950 700 141 0 0 0 0 0 0 0 0 0
scan 950 700 142 9.4964e-09 0 9.4964e-09 2.84892e-10 2.84892e-10 2.84892e-10 4.7482e-10 5.69784e-10 7.45848e-09
scan 950 700 143 0 0 0 0 0 0 0 0 0
scan 950 700 144 0 0 0 0 0 0 0 0 0
scan 950 700 145 0 0 0 0 0 0 0 0 0
scan 950 700 146 0 0 0 0 0 0 0 0 0
scan 950 700 147 0 0 0 0 0 0 0 0 0
scan 950 700 148 9.4964e-09 0 9.4964e-09 2.84892e-10 2.84892e-10 2.84892e-10 4.7482e-10 5.69784e-10 7.45848e-09
scan 950 700 149 1.89928e-08 0 1.34299e-08 5.69784e-10 5.69784e-10 5.69784e-10 9.4964e-10 1.13957e-09 1.4917e-08
scan 950 700 60 0 0 0 0 0 0 0 0
scan 950 700 61 0 0 0 0 0 0 0 0
scan 950 700 62 0 0 0 0 0 0 0 0
scan 950 700 63 0 0 0 0 0 0 0 0
scan 950 700 64 0 0 0 0 0 0 0 0
scan 950 700 65 0 0 0 0 0 0 0 0
scan 950 700 66 0 0 0 0 0 0 0 0
scan 950 700 67 0 0 0 0 0 0 0 0
scan 950 700 68 0 0 0 0 0 0 0 0
scan 950 700 69 0 0 0 0 0 0 0 0
scan 950 700 70 0 0 0 0 0 0 0 0
scan 950 700 71 0 0 0 0 0 0 0 0
scan 950 700 72 0 0 0 0 0 0 0 0
scan 950 700 73 0 0 0 0 0 0 0 0
scan 950 700 74 0 0 0 0 0 0 0 0
scan 950 700 165 0 0 0 0 0 0 0 0 0
scan 950 700 166 0 0 0 0 0 0 0 0 0
scan 950 700 167 9.4964e-09 0 9.4964e-09 2.84892e-10 2.84892e-10 2.84892e-10 4.7482e-10 5.69784e-10 7.45848e-09
scan 950 700 168 9.4964e-09 0 9.4964e-09 2.84892e-10 2.84892e-10 2.84892e-10 4.7482e-10 5.69784e-10 7.45848e-09
scan 950 700 169 1.89928e-08 0 1.34299e-08 5.69784e-10 5.69784e-10 5.69784e-10 9.4964e-10 1.13957e-09 1.4917e-08
scan 950 700 170 0 0 0 0 0 0 0 0 0
scan 950 700 171 0 0 0 0 0 0 0 0 0
scan 950 700 172 0 0 0 0 0 0 0 0 0
scan 950 700 173 0 0 0 0 0 0 0 0 0
scan 950 700 174 0 0 0 0 0 0 0 0 0
scan 950 700 175 0 0 0 0 0 0 0 0 0
scan 950 700 176 0 0 0 0 0 0 0 0 0
scan 950 700 177 0 0 0 0 0 0 0 0 0
scan 950 700 178 0 0 0 0 0 0 0 0 0
scan 950 700 179 1.89928e-08 0 1.34299e-08 5.69784e-10 5.69784e-10 5.69784e-10 9.4964e-10 1.13957e-09 1.4917e-08
