xsec 500 250 0.0125398
scan 500 250 0 1.33252e-05 0 3.23184e-06 3.99756e-07 3.99756e-07 3.99756e-07 6.66261e-07 7.99513e-07 1.00123e-05
scan 500 250 1 2.42989e-05 0 4.36421e-06 7.28968e-07 7.28968e-07 7.28968e-07 1.21495e-06 1.45794e-06 1.82578e-05
scan 500 250 2 2.90019e-05 0 4.76789e-06 8.70058e-07 8.70058e-07 8.70058e-07 1.4501e-06 1.74012e-06 2.17915e-05
scan 500 250 3 2.58666e-05 0 4.5028e-06 7.75998e-07 7.75998e-07 7.75998e-07 1.29333e-06 1.552e-06 1.94357e-05
scan 500 250 4 5.87877e-05 0 6.78822e-06 1.76363e-06 1.76363e-06 1.76363e-06 2.93939e-06 3.52726e-06 4.4172e-05
scan 500 250 5 1.56767e-06 0 1.10851e-06 4.70302e-08 4.70302e-08 4.70302e-08 7.83836e-08 9.40603e-08 1.17792e-06
scan 500 250 6 5.48685e-06 0 2.07384e-06 1.64606e-07 1.64606e-07 1.64606e-07 2.74343e-07 3.29211e-07 4.12272e-06
scan 500 250 7 4.70302e-06 0 1.92e-06 1.4109e-07 1.4109e-07 1.4109e-07 2.35151e-07 2.82181e-07 3.53376e-06
scan 500 250 8 1.56767e-06 0 1.10851e-06 4.70302e-08 4.70302e-08 4.70302e-08 7.83836e-08 9.40603e-08 1.17792e-06
scan 500 250 9 1.56767e-06 0 1.10851e-06 4.70302e-08 4.70302e-08 4.70302e-08 7.83836e-08 9.40603e-08 1.17792e-06
scan 500 250 10 1.56767e-06 0 1.10851e-06 4.70302e-08 4.70302e-08 4.70302e-08 7.83836e-08 9.40603e-08 1.17792e-06
scan 500 250 11 1.25414e-05 0 3.13534e-06 3.76241e-07 3.76241e-07 3.76241e-07 6.27069e-07 7.52483e-07 9.42337e-06
scan 500 250 12 2.90019e-05 0 4.76789e-06 8.70058e-07 8.70058e-07 8.70058e-07 1.4501e-06 1.74012e-06 2.17915e-05
scan 500 250 13 2.74343e-05 0 4.63724e-06 8.23028e-07 8.23028e-07 8.23028e-07 1.37171e-06 1.64606e-06 2.06136e-05
scan 500 250 14 9.79795e-05 0 8.76355e-06 2.93939e-06 2.93939e-06 2.93939e-06 4.89898e-06 5.87877e-06 7.36201e-05
scan 500 250 15 2.50828e-05 0 4.43405e-06 7.52483e-07 7.52483e-07 7.52483e-07 1.25414e-06 1.50497e-06 1.88467e-05
scan 500 250 16 6.34907e-05 0 7.05452e-06 1.90472e-06 1.90472e-06 1.90472e-06 3.17454e-06 3.80944e-06 4.77058e-05
scan 500 250 17 7.13291e-05 0 7.47732e-06 2.13987e-06 2.13987e-06 2.13987e-06 3.56645e-06 4.27974e-06 5.35954e-05
scan 500 250 18 5.33009e-05 0 6.46368e-06 1.59903e-06 1.59903e-06 1.59903e-06 2.66504e-06 3.19805e-06 4.00493e-05
scan 500 250 19 7.44644e-05 0 7.63989e-06 2.23393e-06 2.23393e-06 2.23393e-06 3.72322e-06 4.46787e-06 5.59513e-05
scan 500 250 20 4.70302e-06 0 1.92e-06 1.4109e-07 1.4109e-07 1.4109e-07 2.35151e-07 2.82181e-07 3.53376e-06
scan 500 250 21 7.05452e-06 0 2.35151e-06 2.11636e-07 2.11636e-07 2.11636e-07 3.52726e-07 4.23271e-07 5.30065e-06
scan 500 250 22 1.17575e-05 0 3.03578e-06 3.52726e-07 3.52726e-07 3.52726e-07 5.87877e-07 7.05452e-07 8.83441e-06
scan 500 250 23 8.6222e-06 0 2.59969e-06 2.58666e-07 2.58666e-07 2.58666e-07 4.3111e-07 5.17332e-07 6.47857e-06
scan 500 250 24 7.05452e-06 0 2.35151e-06 2.11636e-07 2.11636e-07 2.11636e-07 3.52726e-07 4.23271e-07 5.30065e-06
scan 500 250 25 3.13534e-06 0 1.56767e-06 9.40603e-08 9.40603e-08 9.40603e-08 1.56767e-07 1.88121e-07 2.35584e-06
scan 500 250 26 2.50828e-05 0 4.43405e-06 7.52483e-07 7.52483e-07 7.52483e-07 1.25414e-06 1.50497e-06 1.88467e-05
scan 500 250 27 4.62463e-05 0 6.02076e-06 1.38739e-06 1.38739e-06 1.38739e-06 2.31232e-06 2.77478e-06 3.47487e-05
scan 500 250 28 7.21129e-05 0 7.51829e-06 2.16339e-06 2.16339e-06 2.16339e-06 3.60565e-06 4.32678e-06 5.41844e-05
scan 500 250 29 0.000224177 0 1.32559e-05 6.72531e-06 6.72531e-06 6.72531e-06 1.12089e-05 1.34506e-05 0.000168443
scan 500 250 30 2.03797e-05 0 3.9968e-06 6.11392e-07 6.11392e-07 6.11392e-07 1.01899e-06 1.22278e-06 1.5313e-05
scan 500 250 31 5.09493e-05 0 6.31949e-06 1.52848e-06 1.52848e-06 1.52848e-06 2.54747e-06 3.05696e-06 3.82824e-05
scan 500 250 32 6.81937e-05 0 7.31114e-06 2.04581e-06 2.04581e-06 2.04581e-06 3.40969e-06 4.09162e-06 5.12396e-05
scan 500 250 33 6.03554e-05 0 6.87813e-06 1.81066e-06 1.81066e-06 1.81066e-06 3.01777e-06 3.62132e-06 4.535e-05
scan 500 250 34 8.30866e-05 0 8.07009e-06 2.4926e-06 2.4926e-06 2.4926e-06 4.15433e-06 4.9852e-06 6.24298e-05
scan 500 250 35 4.70302e-06 0 1.92e-06 1.4109e-07 1.4109e-07 1.4109e-07 2.35151e-07 2.82181e-07 3.53376e-06
scan 500 250 36 9.40603e-06 0 2.71529e-06 2.82181e-07 2.82181e-07 2.82181e-07 4.70302e-07 5.64362e-07 7.06753e-06
scan 500 250 37 7.83836e-06 0 2.47871e-06 2.35151e-07 2.35151e-07 2.35151e-07 3.91918e-07 4.70302e-07 5.88961e-06
scan 500 250 38 7.83836e-06 0 2.47871e-06 2.35151e-07 2.35151e-07 2.35151e-07 3.91918e-07 4.70302e-07 5.88961e-06
scan 500 250 39 7.05452e-06 0 2.35151e-06 2.11636e-07 2.11636e-07 2.11636e-07 3.52726e-07 4.23271e-07 5.30065e-06
scan 500 250 40 7.83836e-07 0 7.83836e-07 2.35151e-08 2.35151e-08 2.35151e-08 3.91918e-08 4.70302e-08 5.88961e-07
scan 500 250 41 2.50828e-05 0 4.43405e-06 7.52483e-07 7.52483e-07 7.52483e-07 1.25414e-06 1.50497e-06 1.88467e-05
scan 500 250 42 6.81937e-05 0 7.31114e-06 2.04581e-06 2.04581e-06 2.04581e-06 3.40969e-06 4.09162e-06 5.12396e-05
scan 500 250 43 7.36806e-05 0 7.59957e-06 2.21042e-06 2.21042e-06 2.21042e-06 3.68403e-06 4.42084e-06 5.53623e-05
scan 500 250 44 0.00021869 0 1.30926e-05 6.56071e-06 6.56071e-06 6.56071e-06 1.09345e-05 1.31214e-05 0.00016432
scan 500 250 45 1.56767e-06 0 1.10851e-06 4.70302e-08 4.70302e-08 4.70302e-08 7.83836e-08 9.40603e-08 1.17792e-06
scan 500 250 46 0 0 0 0 0 0 0 0 0
scan 500 250 47 0 0 0 0 0 0 0 0 0
scan 500 250 48 0 0 0 0 0 0 0 0 0
scan 500 250 49 0 0 0 0 0 0 0 0 0
scan 500 250 50 0 0 0 0 0 0 0 0 0
scan 500 250 51 0 0 0 0 0 0 0 0 0
scan 500 250 52 0 0 0 0 0 0 0 0 0
scan 500 250 53 0 0 0 0 0 0 0 0 0
scan 500 250 54 0 0 0 0 0 0 0 0 0
scan 500 250 55 0 0 0 0 0 0 0 0 0
scan 500 250 56 7.83836e-07 0 7.83836e-07 2.35151e-08 2.35151e-08 2.35151e-08 3.91918e-08 4.70302e-08 5.88961e-07
scan 500 250 57 0 0 0 0 0 0 0 0 0
scan 500 250 58 1.56767e-06 0 1.10851e-06 4.70302e-08 4.70302e-08 4.70302e-08 7.83836e-08 9.40603e-08 1.17792e-06
scan 500 250 59 1.56767e-06 0 1.10851e-06 4.70302e-08 4.70302e-08 4.70302e-08 7.83836e-08 9.40603e-08 1.17792e-06
scan 500 250 60 0 0 0 0 0 0 0 0
scan 500 250 61 0 0 0 0 0 0 0 0
scan 500 250 62 0 0 0 0 0 0 0 0
scan 500 250 63 0 0 0 0 0 0 0 0
scan 500 250 64 0 0 0 0 0 0 0 0
scan 500 250 65 0 0 0 0 0 0 0 0
scan 500 250 66 0 0 0 0 0 0 0 0
scan 500 250 67 0 0 0 0 0 0 0 0
scan 500 250 68 0 0 0 0 0 0 0 0
scan 500 250 69 0 0 0 0 0 0 0 0
scan 500 250 70 0 0 0 0 0 0 0 0
scan 500 250 71 0 0 0 0 0 0 0 0
scan 500 250 72 0 0 0 0 0 0 0 0
scan 500 250 73 0 0 0 0 0 0 0 0
scan 500 250 74 0 0 0 0 0 0 0 0
scan 500 250 75 0 0 0 0 0 0 0 0 0
scan 500 250 76 0 0 0 0 0 0 0 0 0
scan 500 250 77 7.83836e-07 0 7.83836e-07 2.35151e-08 2.35151e-08 2.35151e-08 3.91918e-08 4.70302e-08 5.88961e-07
scan 500 250 78 0 0 0 0 0 0 0 0 0
scan 500 250 79 0 0 0 0 0 0 0 0 0
scan 500 250 80 0 0 0 0 0 0 0 0 0
scan 500 250 81 0 0 0 0 0 0 0 0 0
scan 500 250 82 0 0 0 0 0 0 0 0 0
scan 500 250 83 0 0 0 0 0 0 0 0 0
scan 500 250 84 0 0 0 0 0 0 0 0 0
scan 500 250 85 0 0 0 0 0 0 0 0 0
scan 500 250 86 7.83836e-07 0 7.83836e-07 2.35151e-08 2.35151e-08 2.35151e-08 3.91918e-08 4.70302e-08 5.88961e-07
scan 500 250 87 7.83836e-07 0 7.83836e-07 2.35151e-08 2.35151e-08 2.35151e-08 3.91918e-08 4.70302e-08 5.88961e-07
scan 500 250 88 7.83836e-07 0 7.83836e-07 2.35151e-08 2.35151e-08 2.35151e-08 3.91918e-08 4.70302e-08 5.88961e-07
scan 500 250 89 1.56767e-06 0 1.10851e-06 4.70302e-08 4.70302e-08 4.70302e-08 7.83836e-08 9.40603e-08 1.17792e-06
scan 500 250 90 0 0 0 0 0 0 0 0 0
scan 500 250 91 1.56767e-06 0 1.10851e-06 4.70302e-08 4.70302e-08 4.70302e-08 7.83836e-08 9.40603e-08 1.17792e-06
scan 500 250 92 0 0 0 0 0 0 0 0 0
scan 500 250 93 0 0 0 0 0 0 0 0 0
scan 500 250 94 0 0 0 0 0 0 0 0 0
scan 500 250 95 0 0 0 0 0 0 0 0 0
scan 500 250 96 7.83836e-07 0 7.83836e-07 2.35151e-08 2.35151e-08 2.35151e-08 3.91918e-08 4.70302e-08 5.88961e-07
scan 500 250 97 0 0 0 0 0 0 0 0 0
scan 500 250 98 0 0 0 0 0 0 0 0 0
scan 500 250 99 0 0 0 0 0 0 0 0 0
scan 500 250 100 0 0 0 0 0 0 0 0 0
scan 500 250 101 0 0 0 0 0 0 0 0 0
scan 500 250 102 5.48685e-06 0 2.07384e-06 1.64606e-07 1.64606e-07 1.64606e-07 2.74343e-07 3.29211e-07 4.12272e-06
scan 500 250 103 7.83836e-07 0 7.83836e-07 2.35151e-08 2.35151e-08 2.35151e-08 3.91918e-08 4.70302e-08 5.88961e-07
scan 500 250 104 5.48685e-06 0 2.07384e-06 1.64606e-07 1.64606e-07 1.64606e-07 2.74343e-07 3.29211e-07 4.12272e-06
scan 500 250 60 0 0 0 0 0 0 0 0
scan 500 250 61 0 0 0 0 0 0 0 0
scan 500 250 62 0 0 0 0 0 0 0 0
scan 500 250 63 0 0 0 0 0 0 0 0
scan 500 250 64 0 0 0 0 0 0 0 0
scan 500 250 65 0 0 0 0 0 0 0 0
scan 500 250 66 0 0 0 0 0 0 0 0
scan 500 250 67 0 0 0 0 0 0 0 0
scan 500 250 68 0 0 0 0 0 0 0 0
scan 500 250 69 0 0 0 0 0 0 0 0
scan 500 250 70 0 0 0 0 0 0 0 0
scan 500 250 71 0 0 0 0 0 0 0 0
scan 500 250 72 0 0 0 0 0 0 0 0
scan 500 250 73 0 0 0 0 0 0 0 0
scan 500 250 74 0 0 0 0 0 0 0 0
scan 500 250 120 0 0 0 0 0 0 0 0 0
scan 500 250 121 7.83836e-07 0 7.83836e-07 2.35151e-08 2.35151e-08 2.35151e-08 3.91918e-08 4.70302e-08 5.88961e-07
scan 500 250 122 7.83836e-07 0 7.83836e-07 2.35151e-08 2.35151e-08 2.35151e-08 3.91918e-08 4.70302e-08 5.88961e-07
scan 500 250 123 0 0 0 0 0 0 0 0 0
scan 500 250 124 7.83836e-07 0 7.83836e-07 2.35151e-08 2.35151e-08 2.35151e-08 3.91918e-08 4.70302e-08 5.88961e-07
scan 500 250 125 0 0 0 0 0 0 0 0 0
scan 500 250 126 0 0 0 0 0 0 0 0 0
scan 500 250 127 0 0 0 0 0 0 0 0 0
scan 500 250 128 0 0 0 0 0 0 0 0 0
scan 500 250 129 0 0 0 0 0 0 0 0 0
scan 500 250 130 0 0 0 0 0 0 0 0 0
scan 500 250 131 0 0 0 0 0 0 0 0 0
scan 500 250 132 7.83836e-07 0 7.83836e-07 2.35151e-08 2.35151e-08 2.35151e-08 3.91918e-08 4.70302e-08 5.88961e-07
scan 500 250 133 7.83836e-07 0 7.83836e-07 2.35151e-08 2.35151e-08 2.35151e-08 3.91918e-08 4.70302e-08 5.88961e-07
scan 500 250 134 1.56767e-06 0 1.10851e-06 4.70302e-08 4.70302e-08 4.70302e-08 7.83836e-08 9.40603e-08 1.17792e-06
scan 500 250 135 0 0 0 0 0 0 0 0 0
scan 500 250 136 1.56767e-06 0 1.10851e-06 4.70302e-08 4.70302e-08 4.70302e-08 7.83836e-08 9.40603e-08 1.17792e-06
scan 500 250 137 0 0 0 0 0 0 0 0 0
scan 500 250 138 7.83836e-07 0 7.83836e-07 2.35151e-08 2.35151e-08 2.35151e-08 3.91918e-08 4.70302e-08 5.88961e-07
scan 500 250 139 7.83836e-07 0 7.83836e-07 2.35151e-08 2.35151e-08 2.35151e-08 3.91918e-08 4.70302e-08 5.88961e-07
scan 500 250 140 0 0 0 0 0 0 0 0 0
scan 500 250 141 0 0 0 0 0 0 0 0 0
scan 500 250 142 0 0 0 0 0 0 0 0 0
scan 500 250 143 7.83836e-07 0 7.83836e-07 2.35151e-08 2.35151e-08 2.35151e-08 3.91918e-08 4.70302e-08 5.88961e-07
scan 500 250 144 1.56767e-06 0 1.10851e-06 4.70302e-08 4.70302e-08 4.70302e-08 7.83836e-08 9.40603e-08 1.17792e-06
scan 500 250 145 0 0 0 0 0 0 0 0 0
scan 500 250 146 0 0 0 0 0 0 0 0 0
scan 500 250 147 0 0 0 0 0 0 0 0 0
scan 500 250 148 7.83836e-07 0 7.83836e-07 2.35151e-08 2.35151e-08 2.35151e-08 3.91918e-08 4.70302e-08 5.88961e-07
scan 500 250 149 1.56767e-06 0 1.10851e-06 4.70302e-08 4.70302e-08 4.70302e-08 7.83836e-08 9.40603e-08 1.17792e-06
scan 500 250 60 0 0 0 0 0 0 0 0
scan 500 250 61 0 0 0 0 0 0 0 0
scan 500 250 62 0 0 0 0 0 0 0 0
scan 500 250 63 0 0 0 0 0 0 0 0
scan 500 250 64 0 0 0 0 0 0 0 0
scan 500 250 65 0 0 0 0 0 0 0 0
scan 500 250 66 0 0 0 0 0 0 0 0
scan 500 250 67 0 0 0 0 0 0 0 0
scan 500 250 68 0 0 0 0 0 0 0 0
scan 500 250 69 0 0 0 0 0 0 0 0
scan 500 250 70 0 0 0 0 0 0 0 0
scan 500 250 71 0 0 0 0 0 0 0 0
scan 500 250 72 0 0 0 0 0 0 0 0
scan 500 250 73 0 0 0 0 0 0 0 0
scan 500 250 74 0 0 0 0 0 0 0 0
scan 500 250 165 0 0 0 0 0 0 0 0 0
scan 500 250 166 0 0 0 0 0 0 0 0 0
scan 500 250 167 7.83836e-07 0 7.83836e-07 2.35151e-08 2.35151e-08 2.35151e-08 3.91918e-08 4.70302e-08 5.88961e-07
scan 500 250 168 0 0 0 0 0 0 0 0 0
scan 500 250 169 0 0 0 0 0 0 0 0 0
scan 500 250 170 0 0 0 0 0 0 0 0 0
scan 500 250 171 0 0 0 0 0 0 0 0 0
scan 500 250 172 0 0 0 0 0 0 0 0 0
scan 500 250 173 0 0 0 0 0 0 0 0 0
scan 500 250 174 0 0 0 0 0 0 0 0 0
scan 500 250 175 0 0 0 0 0 0 0 0 0
scan 500 250 176 0 0 0 0 0 0 0 0 0
scan 500 250 177 0 0 0 0 0 0 0 0 0
scan 500 250 178 0 0 0 0 0 0 0 0 0
scan 500 250 179 7.83836e-07 0 7.83836e-07 2.35151e-08 2.35151e-08 2.35151e-08 3.91918e-08 4.70302e-08 5.88961e-07
