xsec 900 250 0.000291345
scan 900 250 0 6.4747e-08 0 3.23735e-08 1.94241e-09 1.94241e-09 1.94241e-09 3.23735e-09 3.88482e-09 5.07128e-08
scan 900 250 1 1.61868e-07 0 5.1187e-08 4.85603e-09 4.85603e-09 4.85603e-09 8.09338e-09 9.71205e-09 1.26782e-07
scan 900 250 2 8.09338e-08 0 3.61947e-08 2.42801e-09 2.42801e-09 2.42801e-09 4.04669e-09 4.85603e-09 6.3391e-08
scan 900 250 3 6.4747e-08 0 3.23735e-08 1.94241e-09 1.94241e-09 1.94241e-09 3.23735e-09 3.88482e-09 5.07128e-08
scan 900 250 4 5.17976e-07 0 9.15661e-08 1.55393e-08 1.55393e-08 1.55393e-08 2.58988e-08 3.10786e-08 4.05702e-07
scan 900 250 5 0 0 0 0 0 0 0 0 0
scan 900 250 6 3.23735e-08 0 2.28915e-08 9.71205e-10 9.71205e-10 9.71205e-10 1.61868e-09 1.94241e-09 2.53564e-08
scan 900 250 7 0 0 0 0 0 0 0 0 0
scan 900 250 8 6.4747e-08 0 3.23735e-08 1.94241e-09 1.94241e-09 1.94241e-09 3.23735e-09 3.88482e-09 5.07128e-08
scan 900 250 9 1.45681e-07 0 4.85603e-08 4.37042e-09 4.37042e-09 4.37042e-09 7.28404e-09 8.74085e-09 1.14104e-07
scan 900 250 10 0 0 0 0 0 0 0 0 0
scan 900 250 11 1.29494e-07 0 4.57831e-08 3.88482e-09 3.88482e-09 3.88482e-09 6.4747e-09 7.76964e-09 1.01426e-07
scan 900 250 12 2.42801e-07 0 6.2691e-08 7.28404e-09 7.28404e-09 7.28404e-09 1.21401e-08 1.45681e-08 1.90173e-07
scan 900 250 13 3.88482e-07 0 7.92986e-08 1.16545e-08 1.16545e-08 1.16545e-08 1.94241e-08 2.33089e-08 3.04277e-07
scan 900 250 14 4.80747e-06 0 2.78957e-07 1.44224e-07 1.44224e-07 1.44224e-07 2.40373e-07 2.88448e-07 3.76543e-06
scan 900 250 15 4.85603e-08 0 2.80363e-08 1.45681e-09 1.45681e-09 1.45681e-09 2.42801e-09 2.91362e-09 3.80346e-08
scan 900 250 16 1.45681e-07 0 4.85603e-08 4.37042e-09 4.37042e-09 4.37042e-09 7.28404e-09 8.74085e-09 1.14104e-07
scan 900 250 17 8.09338e-08 0 3.61947e-08 2.42801e-09 2.42801e-09 2.42801e-09 4.04669e-09 4.85603e-09 6.3391e-08
scan 900 250 18 9.71205e-08 0 3.96493e-08 2.91362e-09 2.91362e-09 2.91362e-09 4.85603e-09 5.82723e-09 7.60692e-08
scan 900 250 19 6.9603e-07 0 1.06144e-07 2.08809e-08 2.08809e-08 2.08809e-08 3.48015e-08 4.17618e-08 5.45163e-07
scan 900 250 20 1.61868e-08 0 1.61868e-08 4.85603e-10 4.85603e-10 4.85603e-10 8.09338e-10 9.71205e-10 1.26782e-08
scan 900 250 21 1.61868e-08 0 1.61868e-08 4.85603e-10 4.85603e-10 4.85603e-10 8.09338e-10 9.71205e-10 1.26782e-08
scan 900 250 22 3.23735e-08 0 2.28915e-08 9.71205e-10 9.71205e-10 9.71205e-10 1.61868e-09 1.94241e-09 2.53564e-08
scan 900 250 23 1.61868e-08 0 1.61868e-08 4.85603e-10 4.85603e-10 4.85603e-10 8.09338e-10 9.71205e-10 1.26782e-08
scan 900 250 24 2.10428e-07 0 5.83622e-08 6.31283e-09 6.31283e-09 6.31283e-09 1.05214e-08 1.26257e-08 1.64817e-07
scan 900 250 25 3.23735e-08 0 2.28915e-08 9.71205e-10 9.71205e-10 9.71205e-10 1.61868e-09 1.94241e-09 2.53564e-08
scan 900 250 26 6.4747e-08 0 3.23735e-08 1.94241e-09 1.94241e-09 1.94241e-09 3.23735e-09 3.88482e-09 5.07128e-08
scan 900 250 27 2.75175e-07 0 6.67397e-08 8.25525e-09 8.25525e-09 8.25525e-09 1.37587e-08 1.65105e-08 2.15529e-07
scan 900 250 28 3.07548e-07 0 7.05564e-08 9.22645e-09 9.22645e-09 9.22645e-09 1.53774e-08 1.84529e-08 2.40886e-07
scan 900 250 29 4.43517e-06 0 2.67938e-07 1.33055e-07 1.33055e-07 1.33055e-07 2.21759e-07 2.6611e-07 3.47383e-06
scan 900 250 30 5.17976e-07 0 9.15661e-08 1.55393e-08 1.55393e-08 1.55393e-08 2.58988e-08 3.10786e-08 4.05702e-07
scan 900 250 31 9.71205e-07 0 1.25382e-07 2.91362e-08 2.91362e-08 2.91362e-08 4.85603e-08 5.82723e-08 7.60692e-07
scan 900 250 32 1.76436e-06 0 1.68995e-07 5.29307e-08 5.29307e-08 5.29307e-08 8.82178e-08 1.05861e-07 1.38192e-06
scan 900 250 33 1.74817e-06 0 1.68218e-07 5.24451e-08 5.24451e-08 5.24451e-08 8.74085e-08 1.0489e-07 1.36925e-06
scan 900 250 34 1.19944e-05 0 4.40625e-07 3.59832e-07 3.59832e-07 3.59832e-07 5.99719e-07 7.19663e-07 9.39455e-06
scan 900 250 35 1.78054e-07 0 5.36854e-08 5.34163e-09 5.34163e-09 5.34163e-09 8.90272e-09 1.06833e-08 1.3946e-07
scan 900 250 36 1.45681e-07 0 4.85603e-08 4.37042e-09 4.37042e-09 4.37042e-09 7.28404e-09 8.74085e-09 1.14104e-07
scan 900 250 37 4.69416e-07 0 8.71683e-08 1.40825e-08 1.40825e-08 1.40825e-08 2.34708e-08 2.8165e-08 3.67668e-07
scan 900 250 38 5.5035e-07 0 9.43842e-08 1.65105e-08 1.65105e-08 1.65105e-08 2.75175e-08 3.3021e-08 4.31059e-07
scan 900 250 39 3.44778e-06 0 2.36238e-07 1.03433e-07 1.03433e-07 1.03433e-07 1.72389e-07 2.06867e-07 2.70046e-06
scan 900 250 40 2.10428e-07 0 5.83622e-08 6.31283e-09 6.31283e-09 6.31283e-09 1.05214e-08 1.26257e-08 1.64817e-07
scan 900 250 41 1.01977e-06 0 1.28478e-07 3.0593e-08 3.0593e-08 3.0593e-08 5.09883e-08 6.11859e-08 7.98727e-07
scan 900 250 42 2.28233e-06 0 1.92207e-07 6.847e-08 6.847e-08 6.847e-08 1.14117e-07 1.3694e-07 1.78763e-06
scan 900 250 43 3.15642e-06 0 2.26036e-07 9.46925e-08 9.46925e-08 9.46925e-08 1.57821e-07 1.89385e-07 2.47225e-06
scan 900 250 44 4.80261e-05 0 8.81695e-07 1.44078e-06 1.44078e-06 1.44078e-06 2.40131e-06 2.88157e-06 3.76162e-05
scan 900 250 45 1.61868e-08 0 1.61868e-08 4.85603e-10 4.85603e-10 4.85603e-10 8.09338e-10 9.71205e-10 1.26782e-08
scan 900 250 46 8.09338e-08 0 3.61947e-08 2.42801e-09 2.42801e-09 2.42801e-09 4.04669e-09 4.85603e-09 6.3391e-08
scan 900 250 47 1.61868e-08 0 1.61868e-08 4.85603e-10 4.85603e-10 4.85603e-10 8.09338e-10 9.71205e-10 1.26782e-08
scan 900 250 48 0 0 0 0 0 0 0 0 0
scan 900 250 49 6.4747e-08 0 3.23735e-08 1.94241e-09 1.94241e-09 1.94241e-09 3.23735e-09 3.88482e-09 5.07128e-08
scan 900 250 50 1.61868e-08 0 1.61868e-08 4.85603e-10 4.85603e-10 4.85603e-10 8.09338e-10 9.71205e-10 1.26782e-08
scan 900 250 51 3.23735e-08 0 2.28915e-08 9.71205e-10 9.71205e-10 9.71205e-10 1.61868e-09 1.94241e-09 2.53564e-08
scan 900 250 52 0 0 0 0 0 0 0 0 0
scan 900 250 53 0 0 0 0 0 0 0 0 0
scan 900 250 54 0 0 0 0 0 0 0 0 0
scan 900 250 55 0 0 0 0 0 0 0 0 0
scan 900 250 56 0 0 0 0 0 0 0 0 0
scan 900 250 57 1.61868e-08 0 1.61868e-08 4.85603e-10 4.85603e-10 4.85603e-10 8.09338e-10 9.71205e-10 1.26782e-08
scan 900 250 58 0 0 0 0 0 0 0 0 0
scan 900 250 59 1.94241e-07 0 5.60726e-08 5.82723e-09 5.82723e-09 5.82723e-09 9.71205e-09 1.16545e-08 1.52138e-07
scan 900 250 60 0 0 0 0 0 0 0 0
scan 900 250 61 0 0 0 0 0 0 0 0
scan 900 250 62 0 0 0 0 0 0 0 0
scan 900 250 63 0 0 0 0 0 0 0 0
scan 900 250 64 0 0 0 0 0 0 0 0
scan 900 250 65 0 0 0 0 0 0 0 0
scan 900 250 66 0 0 0 0 0 0 0 0
scan 900 250 67 0 0 0 0 0 0 0 0
scan 900 250 68 0 0 0 0 0 0 0 0
scan 900 250 69 0 0 0 0 0 0 0 0
scan 900 250 70 0 0 0 0 0 0 0 0
scan 900 250 71 0 0 0 0 0 0 0 0
scan 900 250 72 0 0 0 0 0 0 0 0
scan 900 250 73 0 0 0 0 0 0 0 0
scan 900 250 74 0 0 0 0 0 0 0 0
scan 900 250 75 0 0 0 0 0 0 0 0 0
scan 900 250 76 0 0 0 0 0 0 0 0 0
scan 900 250 77 3.23735e-08 0 2.28915e-08 9.71205e-10 9.71205e-10 9.71205e-10 1.61868e-09 1.94241e-09 2.53564e-08
scan 900 250 78 1.61868e-08 0 1.61868e-08 4.85603e-10 4.85603e-10 4.85603e-10 8.09338e-10 9.71205e-10 1.26782e-08
scan 900 250 79 4.85603e-08 0 2.80363e-08 1.45681e-09 1.45681e-09 1.45681e-09 2.42801e-09 2.91362e-09 3.80346e-08
scan 900 250 80 0 0 0 0 0 0 0 0 0
scan 900 250 81 0 0 0 0 0 0 0 0 0
scan 900 250 82 1.61868e-08 0 1.61868e-08 4.85603e-10 4.85603e-10 4.85603e-10 8.09338e-10 9.71205e-10 1.26782e-08
scan 900 250 83 0 0 0 0 0 0 0 0 0
scan 900 250 84 0 0 0 0 0 0 0 0 0
scan 900 250 85 0 0 0 0 0 0 0 0 0
scan 900 250 86 0 0 0 0 0 0 0 0 0
scan 900 250 87 1.61868e-08 0 1.61868e-08 4.85603e-10 4.85603e-10 4.85603e-10 8.09338e-10 9.71205e-10 1.26782e-08
scan 900 250 88 3.23735e-08 0 2.28915e-08 9.71205e-10 9.71205e-10 9.71205e-10 1.61868e-09 1.94241e-09 2.53564e-08
scan 900 250 89 3.23735e-07 0 7.23894e-08 9.71205e-09 9.71205e-09 9.71205e-09 1.61868e-08 1.94241e-08 2.53564e-07
scan 900 250 90 1.61868e-08 0 1.61868e-08 4.85603e-10 4.85603e-10 4.85603e-10 8.09338e-10 9.71205e-10 1.26782e-08
scan 900 250 91 4.85603e-08 0 2.80363e-08 1.45681e-09 1.45681e-09 1.45681e-09 2.42801e-09 2.91362e-09 3.80346e-08
scan 900 250 92 1.61868e-08 0 1.61868e-08 4.85603e-10 4.85603e-10 4.85603e-10 8.09338e-10 9.71205e-10 1.26782e-08
scan 900 250 93 3.23735e-08 0 2.28915e-08 9.71205e-10 9.71205e-10 9.71205e-10 1.61868e-09 1.94241e-09 2.53564e-08
scan 900 250 94 3.23735e-08 0 2.28915e-08 9.71205e-10 9.71205e-10 9.71205e-10 1.61868e-09 1.94241e-09 2.53564e-08
scan 900 250 95 0 0 0 0 0 0 0 0 0
scan 900 250 96 3.23735e-08 0 2.28915e-08 9.71205e-10 9.71205e-10 9.71205e-10 1.61868e-09 1.94241e-09 2.53564e-08
scan 900 250 97 0 0 0 0 0 0 0 0 0
scan 900 250 98 0 0 0 0 0 0 0 0 0
scan 900 250 99 1.61868e-08 0 1.61868e-08 4.85603e-10 4.85603e-10 4.85603e-10 8.09338e-10 9.71205e-10 1.26782e-08
scan 900 250 100 0 0 0 0 0 0 0 0 0
scan 900 250 101 6.4747e-08 0 3.23735e-08 1.94241e-09 1.94241e-09 1.94241e-09 3.23735e-09 3.88482e-09 5.07128e-08
scan 900 250 102 4.85603e-08 0 2.80363e-08 1.45681e-09 1.45681e-09 1.45681e-09 2.42801e-09 2.91362e-09 3.80346e-08
scan 900 250 103 4.85603e-08 0 2.80363e-08 1.45681e-09 1.45681e-09 1.45681e-09 2.42801e-09 2.91362e-09 3.80346e-08
scan 900 250 104 3.72295e-07 0 7.7629e-08 1.11689e-08 1.11689e-08 1.11689e-08 1.86148e-08 2.23377e-08 2.91599e-07
scan 900 250 60 0 0 0 0 0 0 0 0
scan 900 250 61 0 0 0 0 0 0 0 0
scan 900 250 62 0 0 0 0 0 0 0 0
scan 900 250 63 0 0 0 0 0 0 0 0
scan 900 250 64 0 0 0 0 0 0 0 0
scan 900 250 65 0 0 0 0 0 0 0 0
scan 900 250 66 0 0 0 0 0 0 0 0
scan 900 250 67 0 0 0 0 0 0 0 0
scan 900 250 68 0 0 0 0 0 0 0 0
scan 900 250 69 0 0 0 0 0 0 0 0
scan 900 250 70 0 0 0 0 0 0 0 0
scan 900 250 71 0 0 0 0 0 0 0 0
scan 900 250 72 0 0 0 0 0 0 0 0
scan 900 250 73 0 0 0 0 0 0 0 0
scan 900 250 74 0 0 0 0 0 0 0 0
scan 900 250 120 1.61868e-08 0 1.61868e-08 4.85603e-10 4.85603e-10 4.85603e-10 8.09338e-10 9.71205e-10 1.26782e-08
scan 900 250 121 6.4747e-08 0 3.23735e-08 1.94241e-09 1.94241e-09 1.94241e-09 3.23735e-09 3.88482e-09 5.07128e-08
scan 900 250 122 3.23735e-08 0 2.28915e-08 9.71205e-10 9.71205e-10 9.71205e-10 1.61868e-09 1.94241e-09 2.53564e-08
scan 900 250 123 3.23735e-08 0 2.28915e-08 9.71205e-10 9.71205e-10 9.71205e-10 1.61868e-09 1.94241e-09 2.53564e-08
scan 900 250 124 1.94241e-07 0 5.60726e-08 5.82723e-09 5.82723e-09 5.82723e-09 9.71205e-09 1.16545e-08 1.52138e-07
scan 900 250 125 1.61868e-08 0 1.61868e-08 4.85603e-10 4.85603e-10 4.85603e-10 8.09338e-10 9.71205e-10 1.26782e-08
scan 900 250 126 1.61868e-08 0 1.61868e-08 4.85603e-10 4.85603e-10 4.85603e-10 8.09338e-10 9.71205e-10 1.26782e-08
scan 900 250 127 0 0 0 0 0 0 0 0 0
scan 900 250 128 1.61868e-08 0 1.61868e-08 4.85603e-10 4.85603e-10 4.85603e-10 8.09338e-10 9.71205e-10 1.26782e-08
scan 900 250 129 1.61868e-08 0 1.61868e-08 4.85603e-10 4.85603e-10 4.85603e-10 8.09338e-10 9.71205e-10 1.26782e-08
scan 900 250 130 0 0 0 0 0 0 0 0 0
scan 900 250 131 6.4747e-08 0 3.23735e-08 1.94241e-09 1.94241e-09 1.94241e-09 3.23735e-09 3.88482e-09 5.07128e-08
scan 900 250 132 4.85603e-08 0 2.80363e-08 1.45681e-09 1.45681e-09 1.45681e-09 2.42801e-09 2.91362e-09 3.80346e-08
scan 900 250 133 4.85603e-08 0 2.80363e-08 1.45681e-09 1.45681e-09 1.45681e-09 2.42801e-09 2.91362e-09 3.80346e-08
scan 900 250 134 9.87392e-07 0 1.26423e-07 2.96218e-08 2.96218e-08 2.96218e-08 4.93696e-08 5.92435e-08 7.7337e-07
scan 900 250 135 8.09338e-08 0 3.61947e-08 2.42801e-09 2.42801e-09 2.42801e-09 4.04669e-09 4.85603e-09 6.3391e-08
scan 900 250 136 4.85603e-08 0 2.80363e-08 1.45681e-09 1.45681e-09 1.45681e-09 2.42801e-09 2.91362e-09 3.80346e-08
scan 900 250 137 4.85603e-08 0 2.80363e-08 1.45681e-09 1.45681e-09 1.45681e-09 2.42801e-09 2.91362e-09 3.80346e-08
scan 900 250 138 3.23735e-08 0 2.28915e-08 9.71205e-10 9.71205e-10 9.71205e-10 1.61868e-09 1.94241e-09 2.53564e-08
scan 900 250 139 3.23735e-08 0 2.28915e-08 9.71205e-10 9.71205e-10 9.71205e-10 1.61868e-09 1.94241e-09 2.53564e-08
scan 900 250 140 0 0 0 0 0 0 0 0 0
scan 900 250 141 1.61868e-08 0 1.61868e-08 4.85603e-10 4.85603e-10 4.85603e-10 8.09338e-10 9.71205e-10 1.26782e-08
scan 900 250 142 0 0 0 0 0 0 0 0 0
scan 900 250 143 1.61868e-08 0 1.61868e-08 4.85603e-10 4.85603e-10 4.85603e-10 8.09338e-10 9.71205e-10 1.26782e-08
scan 900 250 144 4.85603e-08 0 2.80363e-08 1.45681e-09 1.45681e-09 1.45681e-09 2.42801e-09 2.91362e-09 3.80346e-08
scan 900 250 145 0 0 0 0 0 0 0 0 0
scan 900 250 146 1.61868e-08 0 1.61868e-08 4.85603e-10 4.85603e-10 4.85603e-10 8.09338e-10 9.71205e-10 1.26782e-08
scan 900 250 147 1.61868e-08 0 1.61868e-08 4.85603e-10 4.85603e-10 4.85603e-10 8.09338e-10 9.71205e-10 1.26782e-08
scan 900 250 148 4.85603e-08 0 2.80363e-08 1.45681e-09 1.45681e-09 1.45681e-09 2.42801e-09 2.91362e-09 3.80346e-08
scan 900 250 149 2.91362e-07 0 6.86746e-08 8.74085e-09 8.74085e-09 8.74085e-09 1.45681e-08 1.74817e-08 2.28208e-07
scan 900 250 60 0 0 0 0 0 0 0 0
scan 900 250 61 0 0 0 0 0 0 0 0
scan 900 250 62 0 0 0 0 0 0 0 0
scan 900 250 63 0 0 0 0 0 0 0 0
scan 900 250 64 0 0 0 0 0 0 0 0
scan 900 250 65 0 0 0 0 0 0 0 0
scan 900 250 66 0 0 0 0 0 0 0 0
scan 900 250 67 0 0 0 0 0 0 0 0
scan 900 250 68 0 0 0 0 0 0 0 0
scan 900 250 69 0 0 0 0 0 0 0 0
scan 900 250 70 0 0 0 0 0 0 0 0
scan 900 250 71 0 0 0 0 0 0 0 0
scan 900 250 72 0 0 0 0 0 0 0 0
scan 900 250 73 0 0 0 0 0 0 0 0
scan 900 250 74 0 0 0 0 0 0 0 0
scan 900 250 165 1.61868e-08 0 1.61868e-08 4.85603e-10 4.85603e-10 4.85603e-10 8.09338e-10 9.71205e-10 1.26782e-08
scan 900 250 166 3.23735e-08 0 2.28915e-08 9.71205e-10 9.71205e-10 9.71205e-10 1.61868e-09 1.94241e-09 2.53564e-08
scan 900 250 167 3.23735e-08 0 2.28915e-08 9.71205e-10 9.71205e-10 9.71205e-10 1.61868e-09 1.94241e-09 2.53564e-08
scan 900 250 168 4.85603e-08 0 2.80363e-08 1.45681e-09 1.45681e-09 1.45681e-09 2.42801e-09 2.91362e-09 3.80346e-08
scan 900 250 169 2.26615e-07 0 6.05653e-08 6.79844e-09 6.79844e-09 6.79844e-09 1.13307e-08 1.35969e-08 1.77495e-07
scan 900 250 170 1.61868e-08 0 1.61868e-08 4.85603e-10 4.85603e-10 4.85603e-10 8.09338e-10 9.71205e-10 1.26782e-08
scan 900 250 171 0 0 0 0 0 0 0 0 0
scan 900 250 172 0 0 0 0 0 0 0 0 0
scan 900 250 173 0 0 0 0 0 0 0 0 0
scan 900 250 174 9.71205e-08 0 3.96493e-08 2.91362e-09 2.91362e-09 2.91362e-09 4.85603e-09 5.82723e-09 7.60692e-08
scan 900 250 175 0 0 0 0 0 0 0 0 0
scan 900 250 176 4.85603e-08 0 2.80363e-08 1.45681e-09 1.45681e-09 1.45681e-09 2.42801e-09 2.91362e-09 3.80346e-08
scan 900 250 177 4.85603e-08 0 2.80363e-08 1.45681e-09 1.45681e-09 1.45681e-09 2.42801e-09 2.91362e-09 3.80346e-08
scan 900 250 178 3.23735e-08 0 2.28915e-08 9.71205e-10 9.71205e-10 9.71205e-10 1.61868e-09 1.94241e-09 2.53564e-08
scan 900 250 179 3.72295e-07 0 7.7629e-08 1.11689e-08 1.11689e-08 1.11689e-08 1.86148e-08 2.23377e-08 2.91599e-07
