xsec 700 250 0.00185119
scan 700 250 0 9.25596e-07 0 4.62798e-07 2.77679e-08 2.77679e-08 2.77679e-08 4.62798e-08 5.55358e-08 7.15308e-07
scan 700 250 1 2.54539e-06 0 7.67464e-07 7.63617e-08 7.63617e-08 7.63617e-08 1.27269e-07 1.52723e-07 1.9671e-06
scan 700 250 2 1.85119e-06 0 6.54495e-07 5.55358e-08 5.55358e-08 5.55358e-08 9.25596e-08 1.11072e-07 1.43062e-06
scan 700 250 3 2.31399e-06 0 7.31748e-07 6.94197e-08 6.94197e-08 6.94197e-08 1.157e-07 1.38839e-07 1.78827e-06
scan 700 250 4 4.62798e-06 0 1.03485e-06 1.38839e-07 1.38839e-07 1.38839e-07 2.31399e-07 2.77679e-07 3.57654e-06
scan 700 250 5 2.31399e-07 0 2.31399e-07 6.94197e-09 6.94197e-09 6.94197e-09 1.157e-08 1.38839e-08 1.78827e-07
scan 700 250 6 2.31399e-07 0 2.31399e-07 6.94197e-09 6.94197e-09 6.94197e-09 1.157e-08 1.38839e-08 1.78827e-07
scan 700 250 7 0 0 0 0 0 0 0 0 0
scan 700 250 8 4.62798e-07 0 3.27248e-07 1.38839e-08 1.38839e-08 1.38839e-08 2.31399e-08 2.77679e-08 3.57654e-07
scan 700 250 9 2.31399e-06 0 7.31748e-07 6.94197e-08 6.94197e-08 6.94197e-08 1.157e-07 1.38839e-07 1.78827e-06
scan 700 250 10 2.31399e-07 0 2.31399e-07 6.94197e-09 6.94197e-09 6.94197e-09 1.157e-08 1.38839e-08 1.78827e-07
scan 700 250 11 1.38839e-06 0 5.6681e-07 4.16518e-08 4.16518e-08 4.16518e-08 6.94197e-08 8.33037e-08 1.07296e-06
scan 700 250 12 5.32218e-06 0 1.10975e-06 1.59665e-07 1.59665e-07 1.59665e-07 2.66109e-07 3.19331e-07 4.11302e-06
scan 700 250 13 5.09078e-06 0 1.08536e-06 1.52723e-07 1.52723e-07 1.52723e-07 2.54539e-07 3.05447e-07 3.9342e-06
scan 700 250 14 3.54041e-05 0 2.86225e-06 1.06212e-06 1.06212e-06 1.06212e-06 1.7702e-06 2.12424e-06 2.73605e-05
scan 700 250 15 6.94197e-07 0 4.00795e-07 2.08259e-08 2.08259e-08 2.08259e-08 3.47099e-08 4.16518e-08 5.36481e-07
scan 700 250 16 4.62798e-07 0 3.27248e-07 1.38839e-08 1.38839e-08 1.38839e-08 2.31399e-08 2.77679e-08 3.57654e-07
scan 700 250 17 2.08259e-06 0 6.94197e-07 6.24778e-08 6.24778e-08 6.24778e-08 1.0413e-07 1.24956e-07 1.60944e-06
scan 700 250 18 2.54539e-06 0 7.67464e-07 7.63617e-08 7.63617e-08 7.63617e-08 1.27269e-07 1.52723e-07 1.9671e-06
scan 700 250 19 8.56177e-06 0 1.40755e-06 2.56853e-07 2.56853e-07 2.56853e-07 4.28088e-07 5.13706e-07 6.6166e-06
scan 700 250 20 2.31399e-07 0 2.31399e-07 6.94197e-09 6.94197e-09 6.94197e-09 1.157e-08 1.38839e-08 1.78827e-07
scan 700 250 21 2.31399e-07 0 2.31399e-07 6.94197e-09 6.94197e-09 6.94197e-09 1.157e-08 1.38839e-08 1.78827e-07
scan 700 250 22 4.62798e-07 0 3.27248e-07 1.38839e-08 1.38839e-08 1.38839e-08 2.31399e-08 2.77679e-08 3.57654e-07
scan 700 250 23 4.62798e-07 0 3.27248e-07 1.38839e-08 1.38839e-08 1.38839e-08 2.31399e-08 2.77679e-08 3.57654e-07
scan 700 250 24 3.23959e-06 0 8.65816e-07 9.71876e-08 9.71876e-08 9.71876e-08 1.61979e-07 1.94375e-07 2.50358e-06
scan 700 250 25 2.31399e-07 0 2.31399e-07 6.94197e-09 6.94197e-09 6.94197e-09 1.157e-08 1.38839e-08 1.78827e-07
scan 700 250 26 1.157e-06 0 5.17424e-07 3.47099e-08 3.47099e-08 3.47099e-08 5.78498e-08 6.94197e-08 8.94135e-07
scan 700 250 27 2.54539e-06 0 7.67464e-07 7.63617e-08 7.63617e-08 7.63617e-08 1.27269e-07 1.52723e-07 1.9671e-06
scan 700 250 28 3.93378e-06 0 9.54083e-07 1.18014e-07 1.18014e-07 1.18014e-07 1.96689e-07 2.36027e-07 3.04006e-06
scan 700 250 29 2.91563e-05 0 2.59745e-06 8.74689e-07 8.74689e-07 8.74689e-07 1.45781e-06 1.74938e-06 2.25322e-05
scan 700 250 30 4.85938e-06 0 1.0604e-06 1.45781e-07 1.45781e-07 1.45781e-07 2.42969e-07 2.91563e-07 3.75537e-06
scan 700 250 31 8.09897e-06 0 1.36898e-06 2.42969e-07 2.42969e-07 2.42969e-07 4.04948e-07 4.85938e-07 6.25895e-06
scan 700 250 32 1.38839e-05 0 1.79241e-06 4.16518e-07 4.16518e-07 4.16518e-07 6.94197e-07 8.33037e-07 1.07296e-05
scan 700 250 33 1.73549e-05 0 2.00397e-06 5.20648e-07 5.20648e-07 5.20648e-07 8.67747e-07 1.0413e-06 1.3412e-05
scan 700 250 34 6.2015e-05 0 3.78817e-06 1.86045e-06 1.86045e-06 1.86045e-06 3.10075e-06 3.7209e-06 4.79257e-05
scan 700 250 35 9.25596e-07 0 4.62798e-07 2.77679e-08 2.77679e-08 2.77679e-08 4.62798e-08 5.55358e-08 7.15308e-07
scan 700 250 36 1.38839e-06 0 5.6681e-07 4.16518e-08 4.16518e-08 4.16518e-08 6.94197e-08 8.33037e-08 1.07296e-06
scan 700 250 37 3.23959e-06 0 8.65816e-07 9.71876e-08 9.71876e-08 9.71876e-08 1.61979e-07 1.94375e-07 2.50358e-06
scan 700 250 38 3.70239e-06 0 9.25596e-07 1.11072e-07 1.11072e-07 1.11072e-07 1.85119e-07 2.22143e-07 2.86123e-06
scan 700 250 39 1.78177e-05 0 2.03052e-06 5.34532e-07 5.34532e-07 5.34532e-07 8.90886e-07 1.06906e-06 1.37697e-05
scan 700 250 40 1.157e-06 0 5.17424e-07 3.47099e-08 3.47099e-08 3.47099e-08 5.78498e-08 6.94197e-08 8.94135e-07
scan 700 250 41 9.71876e-06 0 1.49964e-06 2.91563e-07 2.91563e-07 2.91563e-07 4.85938e-07 5.83126e-07 7.51074e-06
scan 700 250 42 1.66607e-05 0 1.96349e-06 4.99822e-07 4.99822e-07 4.99822e-07 8.33037e-07 9.99644e-07 1.28756e-05
scan 700 250 43 2.22143e-05 0 2.26724e-06 6.66429e-07 6.66429e-07 6.66429e-07 1.11072e-06 1.33286e-06 1.71674e-05
scan 700 250 44 0.000173549 0 6.33712e-06 5.20648e-06 5.20648e-06 5.20648e-06 8.67747e-06 1.0413e-05 0.00013412
scan 700 250 45 0 0 0 0 0 0 0 0 0
scan 700 250 46 4.62798e-07 0 3.27248e-07 1.38839e-08 1.38839e-08 1.38839e-08 2.31399e-08 2.77679e-08 3.57654e-07
scan 700 250 47 4.62798e-07 0 3.27248e-07 1.38839e-08 1.38839e-08 1.38839e-08 2.31399e-08 2.77679e-08 3.57654e-07
scan 700 250 48 0 0 0 0 0 0 0 0 0
scan 700 250 49 2.31399e-07 0 2.31399e-07 6.94197e-09 6.94197e-09 6.94197e-09 1.157e-08 1.38839e-08 1.78827e-07
scan 700 250 50 0 0 0 0 0 0 0 0 0
scan 700 250 51 0 0 0 0 0 0 0 0 0
scan 700 250 52 0 0 0 0 0 0 0 0 0
scan 700 250 53 0 0 0 0 0 0 0 0 0
scan 700 250 54 2.31399e-07 0 2.31399e-07 6.94197e-09 6.94197e-09 6.94197e-09 1.157e-08 1.38839e-08 1.78827e-07
scan 700 250 55 0 0 0 0 0 0 0 0 0
scan 700 250 56 0 0 0 0 0 0 0 0 0
scan 700 250 57 0 0 0 0 0 0 0 0 0
scan 700 250 58 4.62798e-07 0 3.27248e-07 1.38839e-08 1.38839e-08 1.38839e-08 2.31399e-08 2.77679e-08 3.57654e-07
scan 700 250 59 9.25596e-07 0 4.62798e-07 2.77679e-08 2.77679e-08 2.77679e-08 4.62798e-08 5.55358e-08 7.15308e-07
scan 700 250 60 0 0 0 0 0 0 0 0
scan 700 250 61 0 0 0 0 0 0 0 0
scan 700 250 62 0 0 0 0 0 0 0 0
scan 700 250 63 0 0 0 0 0 0 0 0
scan 700 250 64 0 0 0 0 0 0 0 0
scan 700 250 65 0 0 0 0 0 0 0 0
scan 700 250 66 0 0 0 0 0 0 0 0
scan 700 250 67 0 0 0 0 0 0 0 0
scan 700 250 68 0 0 0 0 0 0 0 0
scan 700 250 69 0 0 0 0 0 0 0 0
scan 700 250 70 0 0 0 0 0 0 0 0
scan 700 250 71 0 0 0 0 0 0 0 0
scan 700 250 72 0 0 0 0 0 0 0 0
scan 700 250 73 0 0 0 0 0 0 0 0
scan 700 250 74 0 0 0 0 0 0 0 0
scan 700 250 75 2.31399e-07 0 2.31399e-07 6.94197e-09 6.94197e-09 6.94197e-09 1.157e-08 1.38839e-08 1.78827e-07
scan 700 250 76 2.31399e-07 0 2.31399e-07 6.94197e-09 6.94197e-09 6.94197e-09 1.157e-08 1.38839e-08 1.78827e-07
scan 700 250 77 0 0 0 0 0 0 0 0 0
scan 700 250 78 0 0 0 0 0 0 0 0 0
scan 700 250 79 0 0 0 0 0 0 0 0 0
scan 700 250 80 0 0 0 0 0 0 0 0 0
scan 700 250 81 0 0 0 0 0 0 0 0 0
scan 700 250 82 0 0 0 0 0 0 0 0 0
scan 700 250 83 0 0 0 0 0 0 0 0 0
scan 700 250 84 0 0 0 0 0 0 0 0 0
scan 700 250 85 0 0 0 0 0 0 0 0 0
scan 700 250 86 0 0 0 0 0 0 0 0 0
scan 700 250 87 0 0 0 0 0 0 0 0 0
scan 700 250 88 2.31399e-07 0 2.31399e-07 6.94197e-09 6.94197e-09 6.94197e-09 1.157e-08 1.38839e-08 1.78827e-07
scan 700 250 89 6.94197e-07 0 4.00795e-07 2.08259e-08 2.08259e-08 2.08259e-08 3.47099e-08 4.16518e-08 5.36481e-07
scan 700 250 90 1.61979e-06 0 6.12224e-07 4.85938e-08 4.85938e-08 4.85938e-08 8.09897e-08 9.71876e-08 1.25179e-06
scan 700 250 91 4.62798e-07 0 3.27248e-07 1.38839e-08 1.38839e-08 1.38839e-08 2.31399e-08 2.77679e-08 3.57654e-07
scan 700 250 92 2.31399e-07 0 2.31399e-07 6.94197e-09 6.94197e-09 6.94197e-09 1.157e-08 1.38839e-08 1.78827e-07
scan 700 250 93 4.62798e-07 0 3.27248e-07 1.38839e-08 1.38839e-08 1.38839e-08 2.31399e-08 2.77679e-08 3.57654e-07
scan 700 250 94 2.31399e-07 0 2.31399e-07 6.94197e-09 6.94197e-09 6.94197e-09 1.157e-08 1.38839e-08 1.78827e-07
scan 700 250 95 0 0 0 0 0 0 0 0 0
scan 700 250 96 0 0 0 0 0 0 0 0 0
scan 700 250 97 0 0 0 0 0 0 0 0 0
scan 700 250 98 0 0 0 0 0 0 0 0 0
scan 700 250 99 2.31399e-07 0 2.31399e-07 6.94197e-09 6.94197e-09 6.94197e-09 1.157e-08 1.38839e-08 1.78827e-07
scan 700 250 100 0 0 0 0 0 0 0 0 0
scan 700 250 101 2.31399e-07 0 2.31399e-07 6.94197e-09 6.94197e-09 6.94197e-09 1.157e-08 1.38839e-08 1.78827e-07
scan 700 250 102 6.94197e-07 0 4.00795e-07 2.08259e-08 2.08259e-08 2.08259e-08 3.47099e-08 4.16518e-08 5.36481e-07
scan 700 250 103 6.94197e-07 0 4.00795e-07 2.08259e-08 2.08259e-08 2.08259e-08 3.47099e-08 4.16518e-08 5.36481e-07
scan 700 250 104 1.85119e-06 0 6.54495e-07 5.55358e-08 5.55358e-08 5.55358e-08 9.25596e-08 1.11072e-07 1.43062e-06
scan 700 250 60 0 0 0 0 0 0 0 0
scan 700 250 61 0 0 0 0 0 0 0 0
scan 700 250 62 0 0 0 0 0 0 0 0
scan 700 250 63 0 0 0 0 0 0 0 0
scan 700 250 64 0 0 0 0 0 0 0 0
scan 700 250 65 0 0 0 0 0 0 0 0
scan 700 250 66 0 0 0 0 0 0 0 0
scan 700 250 67 0 0 0 0 0 0 0 0
scan 700 250 68 0 0 0 0 0 0 0 0
scan 700 250 69 0 0 0 0 0 0 0 0
scan 700 250 70 0 0 0 0 0 0 0 0
scan 700 250 71 0 0 0 0 0 0 0 0
scan 700 250 72 0 0 0 0 0 0 0 0
scan 700 250 73 0 0 0 0 0 0 0 0
scan 700 250 74 0 0 0 0 0 0 0 0
scan 700 250 120 0 0 0 0 0 0 0 0 0
scan 700 250 121 0 0 0 0 0 0 0 0 0
scan 700 250 122 2.31399e-07 0 2.31399e-07 6.94197e-09 6.94197e-09 6.94197e-09 1.157e-08 1.38839e-08 1.78827e-07
scan 700 250 123 0 0 0 0 0 0 0 0 0
scan 700 250 124 4.62798e-07 0 3.27248e-07 1.38839e-08 1.38839e-08 1.38839e-08 2.31399e-08 2.77679e-08 3.57654e-07
scan 700 250 125 0 0 0 0 0 0 0 0 0
scan 700 250 126 0 0 0 0 0 0 0 0 0
scan 700 250 127 0 0 0 0 0 0 0 0 0
scan 700 250 128 2.31399e-07 0 2.31399e-07 6.94197e-09 6.94197e-09 6.94197e-09 1.157e-08 1.38839e-08 1.78827e-07
scan 700 250 129 2.31399e-07 0 2.31399e-07 6.94197e-09 6.94197e-09 6.94197e-09 1.157e-08 1.38839e-08 1.78827e-07
scan 700 250 130 0 0 0 0 0 0 0 0 0
scan 700 250 131 2.31399e-07 0 2.31399e-07 6.94197e-09 6.94197e-09 6.94197e-09 1.157e-08 1.38839e-08 1.78827e-07
scan 700 250 132 4.62798e-07 0 3.27248e-07 1.38839e-08 1.38839e-08 1.38839e-08 2.31399e-08 2.77679e-08 3.57654e-07
scan 700 250 133 0 0 0 0 0 0 0 0 0
scan 700 250 134 2.54539e-06 0 7.67464e-07 7.63617e-08 7.63617e-08 7.63617e-08 1.27269e-07 1.52723e-07 1.9671e-06
scan 700 250 135 4.62798e-07 0 3.27248e-07 1.38839e-08 1.38839e-08 1.38839e-08 2.31399e-08 2.77679e-08 3.57654e-07
scan 700 250 136 4.62798e-07 0 3.27248e-07 1.38839e-08 1.38839e-08 1.38839e-08 2.31399e-08 2.77679e-08 3.57654e-07
scan 700 250 137 6.94197e-07 0 4.00795e-07 2.08259e-08 2.08259e-08 2.08259e-08 3.47099e-08 4.16518e-08 5.36481e-07
scan 700 250 138 2.31399e-07 0 2.31399e-07 6.94197e-09 6.94197e-09 6.94197e-09 1.157e-08 1.38839e-08 1.78827e-07
scan 700 250 139 4.62798e-07 0 3.27248e-07 1.38839e-08 1.38839e-08 1.38839e-08 2.31399e-08 2.77679e-08 3.57654e-07
scan 700 250 140 0 0 0 0 0 0 0 0 0
scan 700 250 141 0 0 0 0 0 0 0 0 0
scan 700 250 142 0 0 0 0 0 0 0 0 0
scan 700 250 143 0 0 0 0 0 0 0 0 0
scan 700 250 144 0 0 0 0 0 0 0 0 0
scan 700 250 145 0 0 0 0 0 0 0 0 0
scan 700 250 146 0 0 0 0 0 0 0 0 0
scan 700 250 147 2.31399e-07 0 2.31399e-07 6.94197e-09 6.94197e-09 6.94197e-09 1.157e-08 1.38839e-08 1.78827e-07
scan 700 250 148 4.62798e-07 0 3.27248e-07 1.38839e-08 1.38839e-08 1.38839e-08 2.31399e-08 2.77679e-08 3.57654e-07
scan 700 250 149 4.62798e-07 0 3.27248e-07 1.38839e-08 1.38839e-08 1.38839e-08 2.31399e-08 2.77679e-08 3.57654e-07
scan 700 250 60 0 0 0 0 0 0 0 0
scan 700 250 61 0 0 0 0 0 0 0 0
scan 700 250 62 0 0 0 0 0 0 0 0
scan 700 250 63 0 0 0 0 0 0 0 0
scan 700 250 64 0 0 0 0 0 0 0 0
scan 700 250 65 0 0 0 0 0 0 0 0
scan 700 250 66 0 0 0 0 0 0 0 0
scan 700 250 67 0 0 0 0 0 0 0 0
scan 700 250 68 0 0 0 0 0 0 0 0
scan 700 250 69 0 0 0 0 0 0 0 0
scan 700 250 70 0 0 0 0 0 0 0 0
scan 700 250 71 0 0 0 0 0 0 0 0
scan 700 250 72 0 0 0 0 0 0 0 0
scan 700 250 73 0 0 0 0 0 0 0 0
scan 700 250 74 0 0 0 0 0 0 0 0
scan 700 250 165 0 0 0 0 0 0 0 0 0
scan 700 250 166 0 0 0 0 0 0 0 0 0
scan 700 250 167 2.31399e-07 0 2.31399e-07 6.94197e-09 6.94197e-09 6.94197e-09 1.157e-08 1.38839e-08 1.78827e-07
scan 700 250 168 2.31399e-07 0 2.31399e-07 6.94197e-09 6.94197e-09 6.94197e-09 1.157e-08 1.38839e-08 1.78827e-07
scan 700 250 169 1.38839e-06 0 5.6681e-07 4.16518e-08 4.16518e-08 4.16518e-08 6.94197e-08 8.33037e-08 1.07296e-06
scan 700 250 170 0 0 0 0 0 0 0 0 0
scan 700 250 171 0 0 0 0 0 0 0 0 0
scan 700 250 172 0 0 0 0 0 0 0 0 0
scan 700 250 173 0 0 0 0 0 0 0 0 0
scan 700 250 174 0 0 0 0 0 0 0 0 0
scan 700 250 175 0 0 0 0 0 0 0 0 0
scan 700 250 176 0 0 0 0 0 0 0 0 0
scan 700 250 177 0 0 0 0 0 0 0 0 0
scan 700 250 178 0 0 0 0 0 0 0 0 0
scan 700 250 179 9.25596e-07 0 4.62798e-07 2.77679e-08 2.77679e-08 2.77679e-08 4.62798e-08 5.55358e-08 7.15308e-07
