xsec 700 400 0.00185119
scan 700 400 0 9.25712e-07 0 4.62856e-07 2.77714e-08 2.77714e-08 2.77714e-08 4.62856e-08 5.55427e-08 7.15398e-07
scan 700 400 1 3.70285e-06 0 9.25712e-07 1.11085e-07 1.11085e-07 1.11085e-07 1.85142e-07 2.22171e-07 2.86159e-06
scan 700 400 2 2.08285e-06 0 6.94284e-07 6.24856e-08 6.24856e-08 6.24856e-08 1.04143e-07 1.24971e-07 1.60964e-06
scan 700 400 3 1.85142e-06 0 6.54577e-07 5.55427e-08 5.55427e-08 5.55427e-08 9.25712e-08 1.11085e-07 1.4308e-06
scan 700 400 4 1.134e-05 0 1.62e-06 3.40199e-07 3.40199e-07 3.40199e-07 5.66999e-07 6.80398e-07 8.76362e-06
scan 700 400 5 4.62856e-07 0 3.27289e-07 1.38857e-08 1.38857e-08 1.38857e-08 2.31428e-08 2.77714e-08 3.57699e-07
scan 700 400 6 2.31428e-07 0 2.31428e-07 6.94284e-09 6.94284e-09 6.94284e-09 1.15714e-08 1.38857e-08 1.78849e-07
scan 700 400 7 4.62856e-07 0 3.27289e-07 1.38857e-08 1.38857e-08 1.38857e-08 2.31428e-08 2.77714e-08 3.57699e-07
scan 700 400 8 2.31428e-07 0 2.31428e-07 6.94284e-09 6.94284e-09 6.94284e-09 1.15714e-08 1.38857e-08 1.78849e-07
scan 700 400 9 9.25712e-07 0 4.62856e-07 2.77714e-08 2.77714e-08 2.77714e-08 4.62856e-08 5.55427e-08 7.15398e-07
scan 700 400 10 2.31428e-07 0 2.31428e-07 6.94284e-09 6.94284e-09 6.94284e-09 1.15714e-08 1.38857e-08 1.78849e-07
scan 700 400 11 1.15714e-06 0 5.17489e-07 3.47142e-08 3.47142e-08 3.47142e-08 5.7857e-08 6.94284e-08 8.94247e-07
scan 700 400 12 3.23999e-06 0 8.65924e-07 9.71998e-08 9.71998e-08 9.71998e-08 1.62e-07 1.944e-07 2.50389e-06
scan 700 400 13 5.32284e-06 0 1.10989e-06 1.59685e-07 1.59685e-07 1.59685e-07 2.66142e-07 3.19371e-07 4.11354e-06
scan 700 400 14 2.24485e-05 0 2.2793e-06 6.73456e-07 6.73456e-07 6.73456e-07 1.12243e-06 1.34691e-06 1.73484e-05
scan 700 400 15 2.08285e-06 0 6.94284e-07 6.24856e-08 6.24856e-08 6.24856e-08 1.04143e-07 1.24971e-07 1.60964e-06
scan 700 400 16 4.62856e-06 0 1.03498e-06 1.38857e-07 1.38857e-07 1.38857e-07 2.31428e-07 2.77714e-07 3.57699e-06
scan 700 400 17 6.01713e-06 0 1.18006e-06 1.80514e-07 1.80514e-07 1.80514e-07 3.00856e-07 3.61028e-07 4.65009e-06
scan 700 400 18 4.85999e-06 0 1.06054e-06 1.458e-07 1.458e-07 1.458e-07 2.42999e-07 2.91599e-07 3.75584e-06
scan 700 400 19 1.31914e-05 0 1.74724e-06 3.95742e-07 3.95742e-07 3.95742e-07 6.5957e-07 7.91484e-07 1.01944e-05
scan 700 400 20 4.62856e-07 0 3.27289e-07 1.38857e-08 1.38857e-08 1.38857e-08 2.31428e-08 2.77714e-08 3.57699e-07
scan 700 400 21 1.85142e-06 0 6.54577e-07 5.55427e-08 5.55427e-08 5.55427e-08 9.25712e-08 1.11085e-07 1.4308e-06
scan 700 400 22 4.62856e-07 0 3.27289e-07 1.38857e-08 1.38857e-08 1.38857e-08 2.31428e-08 2.77714e-08 3.57699e-07
scan 700 400 23 4.62856e-07 0 3.27289e-07 1.38857e-08 1.38857e-08 1.38857e-08 2.31428e-08 2.77714e-08 3.57699e-07
scan 700 400 24 2.77714e-06 0 8.0169e-07 8.33141e-08 8.33141e-08 8.33141e-08 1.38857e-07 1.66628e-07 2.14619e-06
scan 700 400 25 4.62856e-07 0 3.27289e-07 1.38857e-08 1.38857e-08 1.38857e-08 2.31428e-08 2.77714e-08 3.57699e-07
scan 700 400 26 2.08285e-06 0 6.94284e-07 6.24856e-08 6.24856e-08 6.24856e-08 1.04143e-07 1.24971e-07 1.60964e-06
scan 700 400 27 4.62856e-06 0 1.03498e-06 1.38857e-07 1.38857e-07 1.38857e-07 2.31428e-07 2.77714e-07 3.57699e-06
scan 700 400 28 7.4057e-06 0 1.30915e-06 2.22171e-07 2.22171e-07 2.22171e-07 3.70285e-07 4.44342e-07 5.72318e-06
scan 700 400 29 3.67971e-05 0 2.9182e-06 1.10391e-06 1.10391e-06 1.10391e-06 1.83985e-06 2.20782e-06 2.84371e-05
scan 700 400 30 2.08285e-06 0 6.94284e-07 6.24856e-08 6.24856e-08 6.24856e-08 1.04143e-07 1.24971e-07 1.60964e-06
scan 700 400 31 8.56284e-06 0 1.40772e-06 2.56885e-07 2.56885e-07 2.56885e-07 4.28142e-07 5.1377e-07 6.61743e-06
scan 700 400 32 1.24971e-05 0 1.70064e-06 3.74913e-07 3.74913e-07 3.74913e-07 6.24856e-07 7.49827e-07 9.65787e-06
scan 700 400 33 1.458e-05 0 1.8369e-06 4.37399e-07 4.37399e-07 4.37399e-07 7.28998e-07 8.74798e-07 1.12675e-05
scan 700 400 34 3.61028e-05 0 2.89053e-06 1.08308e-06 1.08308e-06 1.08308e-06 1.80514e-06 2.16617e-06 2.79005e-05
scan 700 400 35 9.25712e-07 0 4.62856e-07 2.77714e-08 2.77714e-08 2.77714e-08 4.62856e-08 5.55427e-08 7.15398e-07
scan 700 400 36 1.62e-06 0 6.12301e-07 4.85999e-08 4.85999e-08 4.85999e-08 8.09998e-08 9.71998e-08 1.25195e-06
scan 700 400 37 1.85142e-06 0 6.54577e-07 5.55427e-08 5.55427e-08 5.55427e-08 9.25712e-08 1.11085e-07 1.4308e-06
scan 700 400 38 1.85142e-06 0 6.54577e-07 5.55427e-08 5.55427e-08 5.55427e-08 9.25712e-08 1.11085e-07 1.4308e-06
scan 700 400 39 5.32284e-06 0 1.10989e-06 1.59685e-07 1.59685e-07 1.59685e-07 2.66142e-07 3.19371e-07 4.11354e-06
scan 700 400 40 9.25712e-07 0 4.62856e-07 2.77714e-08 2.77714e-08 2.77714e-08 4.62856e-08 5.55427e-08 7.15398e-07
scan 700 400 41 5.7857e-06 0 1.15714e-06 1.73571e-07 1.73571e-07 1.73571e-07 2.89285e-07 3.47142e-07 4.47124e-06
scan 700 400 42 1.01828e-05 0 1.53512e-06 3.05485e-07 3.05485e-07 3.05485e-07 5.09142e-07 6.1097e-07 7.86938e-06
scan 700 400 43 1.296e-05 0 1.73185e-06 3.88799e-07 3.88799e-07 3.88799e-07 6.47998e-07 7.77598e-07 1.00156e-05
scan 700 400 44 6.1097e-05 0 3.76026e-06 1.83291e-06 1.83291e-06 1.83291e-06 3.05485e-06 3.66582e-06 4.72163e-05
scan 700 400 45 0 0 0 0 0 0 0 0 0
scan 700 400 46 0 0 0 0 0 0 0 0 0
scan 700 400 47 2.31428e-07 0 2.31428e-07 6.94284e-09 6.94284e-09 6.94284e-09 1.15714e-08 1.38857e-08 1.78849e-07
scan 700 400 48 0 0 0 0 0 0 0 0 0
scan 700 400 49 0 0 0 0 0 0 0 0 0
scan 700 400 50 0 0 0 0 0 0 0 0 0
scan 700 400 51 0 0 0 0 0 0 0 0 0
scan 700 400 52 0 0 0 0 0 0 0 0 0
scan 700 400 53 0 0 0 0 0 0 0 0 0
scan 700 400 54 0 0 0 0 0 0 0 0 0
scan 700 400 55 0 0 0 0 0 0 0 0 0
scan 700 400 56 0 0 0 0 0 0 0 0 0
scan 700 400 57 0 0 0 0 0 0 0 0 0
scan 700 400 58 2.31428e-07 0 2.31428e-07 6.94284e-09 6.94284e-09 6.94284e-09 1.15714e-08 1.38857e-08 1.78849e-07
scan 700 400 59 0 0 0 0 0 0 0 0 0
scan 700 400 60 0 0 0 0 0 0 0 0
scan 700 400 61 0 0 0 0 0 0 0 0
scan 700 400 62 0 0 0 0 0 0 0 0
scan 700 400 63 0 0 0 0 0 0 0 0
scan 700 400 64 0 0 0 0 0 0 0 0
scan 700 400 65 0 0 0 0 0 0 0 0
scan 700 400 66 0 0 0 0 0 0 0 0
scan 700 400 67 0 0 0 0 0 0 0 0
scan 700 400 68 0 0 0 0 0 0 0 0
scan 700 400 69 0 0 0 0 0 0 0 0
scan 700 400 70 0 0 0 0 0 0 0 0
scan 700 400 71 0 0 0 0 0 0 0 0
scan 700 400 72 0 0 0 0 0 0 0 0
scan 700 400 73 0 0 0 0 0 0 0 0
scan 700 400 74 0 0 0 0 0 0 0 0
scan 700 400 75 2.31428e-07 0 2.31428e-07 6.94284e-09 6.94284e-09 6.94284e-09 1.15714e-08 1.38857e-08 1.78849e-07
scan 700 400 76 0 0 0 0 0 0 0 0 0
scan 700 400 77 0 0 0 0 0 0 0 0 0
scan 700 400 78 0 0 0 0 0 0 0 0 0
scan 700 400 79 0 0 0 0 0 0 0 0 0
scan 700 400 80 0 0 0 0 0 0 0 0 0
scan 700 400 81 0 0 0 0 0 0 0 0 0
scan 700 400 82 0 0 0 0 0 0 0 0 0
scan 700 400 83 0 0 0 0 0 0 0 0 0
scan 700 400 84 0 0 0 0 0 0 0 0 0
scan 700 400 85 0 0 0 0 0 0 0 0 0
scan 700 400 86 0 0 0 0 0 0 0 0 0
scan 700 400 87 0 0 0 0 0 0 0 0 0
scan 700 400 88 0 0 0 0 0 0 0 0 0
scan 700 400 89 0 0 0 0 0 0 0 0 0
scan 700 400 90 0 0 0 0 0 0 0 0 0
scan 700 400 91 0 0 0 0 0 0 0 0 0
scan 700 400 92 4.62856e-07 0 3.27289e-07 1.38857e-08 1.38857e-08 1.38857e-08 2.31428e-08 2.77714e-08 3.57699e-07
scan 700 400 93 0 0 0 0 0 0 0 0 0
scan 700 400 94 0 0 0 0 0 0 0 0 0
scan 700 400 95 0 0 0 0 0 0 0 0 0
scan 700 400 96 0 0 0 0 0 0 0 0 0
scan 700 400 97 0 0 0 0 0 0 0 0 0
scan 700 400 98 0 0 0 0 0 0 0 0 0
scan 700 400 99 0 0 0 0 0 0 0 0 0
scan 700 400 100 0 0 0 0 0 0 0 0 0
scan 700 400 101 0 0 0 0 0 0 0 0 0
scan 700 400 102 0 0 0 0 0 0 0 0 0
scan 700 400 103 4.62856e-07 0 3.27289e-07 1.38857e-08 1.38857e-08 1.38857e-08 2.31428e-08 2.77714e-08 3.57699e-07
scan 700 400 104 1.38857e-06 0 5.66881e-07 4.1657e-08 4.1657e-08 4.1657e-08 6.94284e-08 8.33141e-08 1.0731e-06
scan 700 400 60 0 0 0 0 0 0 0 0
scan 700 400 61 0 0 0 0 0 0 0 0
scan 700 400 62 0 0 0 0 0 0 0 0
scan 700 400 63 0 0 0 0 0 0 0 0
scan 700 400 64 0 0 0 0 0 0 0 0
scan 700 400 65 0 0 0 0 0 0 0 0
scan 700 400 66 0 0 0 0 0 0 0 0
scan 700 400 67 0 0 0 0 0 0 0 0
scan 700 400 68 0 0 0 0 0 0 0 0
scan 700 400 69 0 0 0 0 0 0 0 0
scan 700 400 70 0 0 0 0 0 0 0 0
scan 700 400 71 0 0 0 0 0 0 0 0
scan 700 400 72 0 0 0 0 0 0 0 0
scan 700 400 73 0 0 0 0 0 0 0 0
scan 700 400 74 0 0 0 0 0 0 0 0
scan 700 400 120 0 0 0 0 0 0 0 0 0
scan 700 400 121 0 0 0 0 0 0 0 0 0
scan 700 400 122 0 0 0 0 0 0 0 0 0
scan 700 400 123 0 0 0 0 0 0 0 0 0
scan 700 400 124 0 0 0 0 0 0 0 0 0
scan 700 400 125 0 0 0 0 0 0 0 0 0
scan 700 400 126 0 0 0 0 0 0 0 0 0
scan 700 400 127 0 0 0 0 0 0 0 0 0
scan 700 400 128 0 0 0 0 0 0 0 0 0
scan 700 400 129 0 0 0 0 0 0 0 0 0
scan 700 400 130 0 0 0 0 0 0 0 0 0
scan 700 400 131 0 0 0 0 0 0 0 0 0
scan 700 400 132 2.31428e-07 0 2.31428e-07 6.94284e-09 6.94284e-09 6.94284e-09 1.15714e-08 1.38857e-08 1.78849e-07
scan 700 400 133 2.31428e-07 0 2.31428e-07 6.94284e-09 6.94284e-09 6.94284e-09 1.15714e-08 1.38857e-08 1.78849e-07
scan 700 400 134 0 0 0 0 0 0 0 0 0
scan 700 400 135 0 0 0 0 0 0 0 0 0
scan 700 400 136 0 0 0 0 0 0 0 0 0
scan 700 400 137 0 0 0 0 0 0 0 0 0
scan 700 400 138 0 0 0 0 0 0 0 0 0
scan 700 400 139 2.31428e-07 0 2.31428e-07 6.94284e-09 6.94284e-09 6.94284e-09 1.15714e-08 1.38857e-08 1.78849e-07
scan 700 400 140 0 0 0 0 0 0 0 0 0
scan 700 400 141 0 0 0 0 0 0 0 0 0
scan 700 400 142 0 0 0 0 0 0 0 0 0
scan 700 400 143 0 0 0 0 0 0 0 0 0
scan 700 400 144 2.31428e-07 0 2.31428e-07 6.94284e-09 6.94284e-09 6.94284e-09 1.15714e-08 1.38857e-08 1.78849e-07
scan 700 400 145 0 0 0 0 0 0 0 0 0
scan 700 400 146 0 0 0 0 0 0 0 0 0
scan 700 400 147 2.31428e-07 0 2.31428e-07 6.94284e-09 6.94284e-09 6.94284e-09 1.15714e-08 1.38857e-08 1.78849e-07
scan 700 400 148 2.31428e-07 0 2.31428e-07 6.94284e-09 6.94284e-09 6.94284e-09 1.15714e-08 1.38857e-08 1.78849e-07
scan 700 400 149 0 0 0 0 0 0 0 0 0
scan 700 400 60 0 0 0 0 0 0 0 0
scan 700 400 61 0 0 0 0 0 0 0 0
scan 700 400 62 0 0 0 0 0 0 0 0
scan 700 400 63 0 0 0 0 0 0 0 0
scan 700 400 64 0 0 0 0 0 0 0 0
scan 700 400 65 0 0 0 0 0 0 0 0
scan 700 400 66 0 0 0 0 0 0 0 0
scan 700 400 67 0 0 0 0 0 0 0 0
scan 700 400 68 0 0 0 0 0 0 0 0
scan 700 400 69 0 0 0 0 0 0 0 0
scan 700 400 70 0 0 0 0 0 0 0 0
scan 700 400 71 0 0 0 0 0 0 0 0
scan 700 400 72 0 0 0 0 0 0 0 0
scan 700 400 73 0 0 0 0 0 0 0 0
scan 700 400 74 0 0 0 0 0 0 0 0
scan 700 400 165 0 0 0 0 0 0 0 0 0
scan 700 400 166 2.31428e-07 0 2.31428e-07 6.94284e-09 6.94284e-09 6.94284e-09 1.15714e-08 1.38857e-08 1.78849e-07
scan 700 400 167 0 0 0 0 0 0 0 0 0
scan 700 400 168 0 0 0 0 0 0 0 0 0
scan 700 400 169 2.31428e-07 0 2.31428e-07 6.94284e-09 6.94284e-09 6.94284e-09 1.15714e-08 1.38857e-08 1.78849e-07
scan 700 400 170 0 0 0 0 0 0 0 0 0
scan 700 400 171 0 0 0 0 0 0 0 0 0
scan 700 400 172 0 0 0 0 0 0 0 0 0
scan 700 400 173 0 0 0 0 0 0 0 0 0
scan 700 400 174 0 0 0 0 0 0 0 0 0
scan 700 400 175 0 0 0 0 0 0 0 0 0
scan 700 400 176 0 0 0 0 0 0 0 0 0
scan 700 400 177 0 0 0 0 0 0 0 0 0
scan 700 400 178 0 0 0 0 0 0 0 0 0
scan 700 400 179 0 0 0 0 0 0 0 0 0
