xsec 450 200 0.0217971
scan 450 200 0 2.61578e-05 0 5.33943e-06 7.84733e-07 7.84733e-07 7.84733e-07 1.30789e-06 1.56947e-06 1.94448e-05
scan 450 200 1 3.4877e-05 0 6.16545e-06 1.04631e-06 1.04631e-06 1.04631e-06 1.74385e-06 2.09262e-06 2.59264e-05
scan 450 200 2 3.81468e-05 0 6.44798e-06 1.1444e-06 1.1444e-06 1.1444e-06 1.90734e-06 2.28881e-06 2.8357e-05
scan 450 200 3 3.70569e-05 0 6.3552e-06 1.11171e-06 1.11171e-06 1.11171e-06 1.85284e-06 2.22341e-06 2.75468e-05
scan 450 200 4 9.26421e-05 0 1.00484e-05 2.77926e-06 2.77926e-06 2.77926e-06 4.63211e-06 5.55853e-06 6.8867e-05
scan 450 200 5 5.44954e-06 0 2.43711e-06 1.63486e-07 1.63486e-07 1.63486e-07 2.72477e-07 3.26972e-07 4.051e-06
scan 450 200 6 1.85284e-05 0 4.4938e-06 5.55853e-07 5.55853e-07 5.55853e-07 9.26421e-07 1.11171e-06 1.37734e-05
scan 450 200 7 3.26972e-06 0 1.88777e-06 9.80917e-08 9.80917e-08 9.80917e-08 1.63486e-07 1.96183e-07 2.4306e-06
scan 450 200 8 3.26972e-06 0 1.88777e-06 9.80917e-08 9.80917e-08 9.80917e-08 1.63486e-07 1.96183e-07 2.4306e-06
scan 450 200 9 9.80917e-06 0 3.26972e-06 2.94275e-07 2.94275e-07 2.94275e-07 4.90458e-07 5.8855e-07 7.2918e-06
scan 450 200 10 4.35963e-06 0 2.17981e-06 1.30789e-07 1.30789e-07 1.30789e-07 2.17981e-07 2.61578e-07 3.2408e-06
scan 450 200 11 2.07082e-05 0 4.7508e-06 6.21247e-07 6.21247e-07 6.21247e-07 1.03541e-06 1.24249e-06 1.53938e-05
scan 450 200 12 2.83376e-05 0 5.55746e-06 8.50128e-07 8.50128e-07 8.50128e-07 1.41688e-06 1.70026e-06 2.10652e-05
scan 450 200 13 3.92367e-05 0 6.53944e-06 1.1771e-06 1.1771e-06 1.1771e-06 1.96183e-06 2.3542e-06 2.91672e-05
scan 450 200 14 0.000152587 0 1.2896e-05 4.57761e-06 4.57761e-06 4.57761e-06 7.62935e-06 9.15522e-06 0.000113428
scan 450 200 15 4.6866e-05 0 7.147e-06 1.40598e-06 1.40598e-06 1.40598e-06 2.3433e-06 2.81196e-06 3.48386e-05
scan 450 200 16 0.000101361 0 1.05107e-05 3.04084e-06 3.04084e-06 3.04084e-06 5.06807e-06 6.08168e-06 7.53486e-05
scan 450 200 17 0.000141688 0 1.24269e-05 4.25064e-06 4.25064e-06 4.25064e-06 7.0844e-06 8.50128e-06 0.000105326
scan 450 200 18 0.000108991 0 1.08991e-05 3.26972e-06 3.26972e-06 3.26972e-06 5.44954e-06 6.53944e-06 8.102e-05
scan 450 200 19 0.00012316 0 1.15859e-05 3.69479e-06 3.69479e-06 3.69479e-06 6.15798e-06 7.38957e-06 9.15526e-05
scan 450 200 20 7.62935e-06 0 2.88362e-06 2.28881e-07 2.28881e-07 2.28881e-07 3.81468e-07 4.57761e-07 5.6714e-06
scan 450 200 21 1.63486e-05 0 4.22119e-06 4.90458e-07 4.90458e-07 4.90458e-07 8.17431e-07 9.80917e-07 1.2153e-05
scan 450 200 22 1.08991e-05 0 3.44659e-06 3.26972e-07 3.26972e-07 3.26972e-07 5.44954e-07 6.53944e-07 8.102e-06
scan 450 200 23 6.53944e-06 0 2.66972e-06 1.96183e-07 1.96183e-07 1.96183e-07 3.26972e-07 3.92367e-07 4.8612e-06
scan 450 200 24 1.63486e-05 0 4.22119e-06 4.90458e-07 4.90458e-07 4.90458e-07 8.17431e-07 9.80917e-07 1.2153e-05
scan 450 200 25 5.44954e-06 0 2.43711e-06 1.63486e-07 1.63486e-07 1.63486e-07 2.72477e-07 3.26972e-07 4.051e-06
scan 450 200 26 3.4877e-05 0 6.16545e-06 1.04631e-06 1.04631e-06 1.04631e-06 1.74385e-06 2.09262e-06 2.59264e-05
scan 450 200 27 8.61027e-05 0 9.68731e-06 2.58308e-06 2.58308e-06 2.58308e-06 4.30513e-06 5.16616e-06 6.40058e-05
scan 450 200 28 9.04623e-05 0 9.92953e-06 2.71387e-06 2.71387e-06 2.71387e-06 4.52312e-06 5.42774e-06 6.72466e-05
scan 450 200 29 0.000340051 0 1.92516e-05 1.02015e-05 1.02015e-05 1.02015e-05 1.70026e-05 2.04031e-05 0.000252782
scan 450 200 30 6.10348e-05 0 8.15612e-06 1.83104e-06 1.83104e-06 1.83104e-06 3.05174e-06 3.66209e-06 4.53712e-05
scan 450 200 31 0.000111171 0 1.10075e-05 3.33512e-06 3.33512e-06 3.33512e-06 5.55853e-06 6.67023e-06 8.26404e-05
scan 450 200 32 0.000155857 0 1.30334e-05 4.6757e-06 4.6757e-06 4.6757e-06 7.79284e-06 9.35141e-06 0.000115859
scan 450 200 33 0.000111171 0 1.10075e-05 3.33512e-06 3.33512e-06 3.33512e-06 5.55853e-06 6.67023e-06 8.26404e-05
scan 450 200 34 0.000199453 0 1.4744e-05 5.98359e-06 5.98359e-06 5.98359e-06 9.97265e-06 1.19672e-05 0.000148267
scan 450 200 35 1.96183e-05 0 4.62409e-06 5.8855e-07 5.8855e-07 5.8855e-07 9.80917e-07 1.1771e-06 1.45836e-05
scan 450 200 36 2.17981e-05 0 4.87421e-06 6.53944e-07 6.53944e-07 6.53944e-07 1.08991e-06 1.30789e-06 1.6204e-05
scan 450 200 37 1.30789e-05 0 3.77555e-06 3.92367e-07 3.92367e-07 3.92367e-07 6.53944e-07 7.84733e-07 9.7224e-06
scan 450 200 38 1.08991e-05 0 3.44659e-06 3.26972e-07 3.26972e-07 3.26972e-07 5.44954e-07 6.53944e-07 8.102e-06
scan 450 200 39 1.08991e-05 0 3.44659e-06 3.26972e-07 3.26972e-07 3.26972e-07 5.44954e-07 6.53944e-07 8.102e-06
scan 450 200 40 6.53944e-06 0 2.66972e-06 1.96183e-07 1.96183e-07 1.96183e-07 3.26972e-07 3.92367e-07 4.8612e-06
scan 450 200 41 6.75743e-05 0 8.58194e-06 2.02723e-06 2.02723e-06 2.02723e-06 3.37871e-06 4.05446e-06 5.02324e-05
scan 450 200 42 0.000150407 0 1.28035e-05 4.51222e-06 4.51222e-06 4.51222e-06 7.52036e-06 9.02443e-06 0.000111808
scan 450 200 43 0.000160216 0 1.32144e-05 4.80649e-06 4.80649e-06 4.80649e-06 8.01082e-06 9.61298e-06 0.000119099
scan 450 200 44 0.000446862 0 2.20689e-05 1.34059e-05 1.34059e-05 1.34059e-05 2.23431e-05 2.68117e-05 0.000332182
scan 450 200 45 2.17981e-06 0 1.54136e-06 6.53944e-08 6.53944e-08 6.53944e-08 1.08991e-07 1.30789e-07 1.6204e-06
scan 450 200 46 1.08991e-06 0 1.08991e-06 3.26972e-08 3.26972e-08 3.26972e-08 5.44954e-08 6.53944e-08 8.102e-07
scan 450 200 47 0 0 0 0 0 0 0 0 0
scan 450 200 48 1.08991e-06 0 1.08991e-06 3.26972e-08 3.26972e-08 3.26972e-08 5.44954e-08 6.53944e-08 8.102e-07
scan 450 200 49 0 0 0 0 0 0 0 0 0
scan 450 200 50 0 0 0 0 0 0 0 0 0
scan 450 200 51 0 0 0 0 0 0 0 0 0
scan 450 200 52 0 0 0 0 0 0 0 0 0
scan 450 200 53 0 0 0 0 0 0 0 0 0
scan 450 200 54 0 0 0 0 0 0 0 0 0
scan 450 200 55 0 0 0 0 0 0 0 0 0
scan 450 200 56 1.08991e-06 0 1.08991e-06 3.26972e-08 3.26972e-08 3.26972e-08 5.44954e-08 6.53944e-08 8.102e-07
scan 450 200 57 2.17981e-06 0 1.54136e-06 6.53944e-08 6.53944e-08 6.53944e-08 1.08991e-07 1.30789e-07 1.6204e-06
scan 450 200 58 2.17981e-06 0 1.54136e-06 6.53944e-08 6.53944e-08 6.53944e-08 1.08991e-07 1.30789e-07 1.6204e-06
scan 450 200 59 3.26972e-06 0 1.88777e-06 9.80917e-08 9.80917e-08 9.80917e-08 1.63486e-07 1.96183e-07 2.4306e-06
scan 450 200 60 0 0 0 0 0 0 0 0
scan 450 200 61 0 0 0 0 0 0 0 0
scan 450 200 62 0 0 0 0 0 0 0 0
scan 450 200 63 0 0 0 0 0 0 0 0
scan 450 200 64 0 0 0 0 0 0 0 0
scan 450 200 65 0 0 0 0 0 0 0 0
scan 450 200 66 0 0 0 0 0 0 0 0
scan 450 200 67 0 0 0 0 0 0 0 0
scan 450 200 68 0 0 0 0 0 0 0 0
scan 450 200 69 0 0 0 0 0 0 0 0
scan 450 200 70 0 0 0 0 0 0 0 0
scan 450 200 71 0 0 0 0 0 0 0 0
scan 450 200 72 0 0 0 0 0 0 0 0
scan 450 200 73 0 0 0 0 0 0 0 0
scan 450 200 74 0 0 0 0 0 0 0 0
scan 450 200 75 0 0 0 0 0 0 0 0 0
scan 450 200 76 0 0 0 0 0 0 0 0 0
scan 450 200 77 0 0 0 0 0 0 0 0 0
scan 450 200 78 1.08991e-06 0 1.08991e-06 3.26972e-08 3.26972e-08 3.26972e-08 5.44954e-08 6.53944e-08 8.102e-07
scan 450 200 79 0 0 0 0 0 0 0 0 0
scan 450 200 80 0 0 0 0 0 0 0 0 0
scan 450 200 81 0 0 0 0 0 0 0 0 0
scan 450 200 82 1.08991e-06 0 1.08991e-06 3.26972e-08 3.26972e-08 3.26972e-08 5.44954e-08 6.53944e-08 8.102e-07
scan 450 200 83 0 0 0 0 0 0 0 0 0
scan 450 200 84 0 0 0 0 0 0 0 0 0
scan 450 200 85 0 0 0 0 0 0 0 0 0
scan 450 200 86 0 0 0 0 0 0 0 0 0
scan 450 200 87 0 0 0 0 0 0 0 0 0
scan 450 200 88 2.17981e-06 0 1.54136e-06 6.53944e-08 6.53944e-08 6.53944e-08 1.08991e-07 1.30789e-07 1.6204e-06
scan 450 200 89 3.26972e-06 0 1.88777e-06 9.80917e-08 9.80917e-08 9.80917e-08 1.63486e-07 1.96183e-07 2.4306e-06
scan 450 200 90 5.44954e-06 0 2.43711e-06 1.63486e-07 1.63486e-07 1.63486e-07 2.72477e-07 3.26972e-07 4.051e-06
scan 450 200 91 3.26972e-06 0 1.88777e-06 9.80917e-08 9.80917e-08 9.80917e-08 1.63486e-07 1.96183e-07 2.4306e-06
scan 450 200 92 6.53944e-06 0 2.66972e-06 1.96183e-07 1.96183e-07 1.96183e-07 3.26972e-07 3.92367e-07 4.8612e-06
scan 450 200 93 2.17981e-06 0 1.54136e-06 6.53944e-08 6.53944e-08 6.53944e-08 1.08991e-07 1.30789e-07 1.6204e-06
scan 450 200 94 2.17981e-06 0 1.54136e-06 6.53944e-08 6.53944e-08 6.53944e-08 1.08991e-07 1.30789e-07 1.6204e-06
scan 450 200 95 0 0 0 0 0 0 0 0 0
scan 450 200 96 1.08991e-06 0 1.08991e-06 3.26972e-08 3.26972e-08 3.26972e-08 5.44954e-08 6.53944e-08 8.102e-07
scan 450 200 97 2.17981e-06 0 1.54136e-06 6.53944e-08 6.53944e-08 6.53944e-08 1.08991e-07 1.30789e-07 1.6204e-06
scan 450 200 98 0 0 0 0 0 0 0 0 0
scan 450 200 99 0 0 0 0 0 0 0 0 0
scan 450 200 100 0 0 0 0 0 0 0 0 0
scan 450 200 101 1.08991e-06 0 1.08991e-06 3.26972e-08 3.26972e-08 3.26972e-08 5.44954e-08 6.53944e-08 8.102e-07
scan 450 200 102 2.17981e-06 0 1.54136e-06 6.53944e-08 6.53944e-08 6.53944e-08 1.08991e-07 1.30789e-07 1.6204e-06
scan 450 200 103 4.35963e-06 0 2.17981e-06 1.30789e-07 1.30789e-07 1.30789e-07 2.17981e-07 2.61578e-07 3.2408e-06
scan 450 200 104 1.30789e-05 0 3.77555e-06 3.92367e-07 3.92367e-07 3.92367e-07 6.53944e-07 7.84733e-07 9.7224e-06
scan 450 200 60 0 0 0 0 0 0 0 0
scan 450 200 61 0 0 0 0 0 0 0 0
scan 450 200 62 0 0 0 0 0 0 0 0
scan 450 200 63 0 0 0 0 0 0 0 0
scan 450 200 64 0 0 0 0 0 0 0 0
scan 450 200 65 0 0 0 0 0 0 0 0
scan 450 200 66 0 0 0 0 0 0 0 0
scan 450 200 67 0 0 0 0 0 0 0 0
scan 450 200 68 0 0 0 0 0 0 0 0
scan 450 200 69 0 0 0 0 0 0 0 0
scan 450 200 70 0 0 0 0 0 0 0 0
scan 450 200 71 0 0 0 0 0 0 0 0
scan 450 200 72 0 0 0 0 0 0 0 0
scan 450 200 73 0 0 0 0 0 0 0 0
scan 450 200 74 0 0 0 0 0 0 0 0
scan 450 200 120 0 0 0 0 0 0 0 0 0
scan 450 200 121 2.17981e-06 0 1.54136e-06 6.53944e-08 6.53944e-08 6.53944e-08 1.08991e-07 1.30789e-07 1.6204e-06
scan 450 200 122 0 0 0 0 0 0 0 0 0
scan 450 200 123 1.08991e-06 0 1.08991e-06 3.26972e-08 3.26972e-08 3.26972e-08 5.44954e-08 6.53944e-08 8.102e-07
scan 450 200 124 0 0 0 0 0 0 0 0 0
scan 450 200 125 0 0 0 0 0 0 0 0 0
scan 450 200 126 0 0 0 0 0 0 0 0 0
scan 450 200 127 0 0 0 0 0 0 0 0 0
scan 450 200 128 0 0 0 0 0 0 0 0 0
scan 450 200 129 0 0 0 0 0 0 0 0 0
scan 450 200 130 0 0 0 0 0 0 0 0 0
scan 450 200 131 1.08991e-06 0 1.08991e-06 3.26972e-08 3.26972e-08 3.26972e-08 5.44954e-08 6.53944e-08 8.102e-07
scan 450 200 132 0 0 0 0 0 0 0 0 0
scan 450 200 133 0 0 0 0 0 0 0 0 0
scan 450 200 134 1.08991e-06 0 1.08991e-06 3.26972e-08 3.26972e-08 3.26972e-08 5.44954e-08 6.53944e-08 8.102e-07
scan 450 200 135 2.17981e-06 0 1.54136e-06 6.53944e-08 6.53944e-08 6.53944e-08 1.08991e-07 1.30789e-07 1.6204e-06
scan 450 200 136 2.17981e-06 0 1.54136e-06 6.53944e-08 6.53944e-08 6.53944e-08 1.08991e-07 1.30789e-07 1.6204e-06
scan 450 200 137 1.08991e-06 0 1.08991e-06 3.26972e-08 3.26972e-08 3.26972e-08 5.44954e-08 6.53944e-08 8.102e-07
scan 450 200 138 4.35963e-06 0 2.17981e-06 1.30789e-07 1.30789e-07 1.30789e-07 2.17981e-07 2.61578e-07 3.2408e-06
scan 450 200 139 2.17981e-06 0 1.54136e-06 6.53944e-08 6.53944e-08 6.53944e-08 1.08991e-07 1.30789e-07 1.6204e-06
scan 450 200 140 0 0 0 0 0 0 0 0 0
scan 450 200 141 3.26972e-06 0 1.88777e-06 9.80917e-08 9.80917e-08 9.80917e-08 1.63486e-07 1.96183e-07 2.4306e-06
scan 450 200 142 0 0 0 0 0 0 0 0 0
scan 450 200 143 0 0 0 0 0 0 0 0 0
scan 450 200 144 0 0 0 0 0 0 0 0 0
scan 450 200 145 0 0 0 0 0 0 0 0 0
scan 450 200 146 0 0 0 0 0 0 0 0 0
scan 450 200 147 0 0 0 0 0 0 0 0 0
scan 450 200 148 1.08991e-06 0 1.08991e-06 3.26972e-08 3.26972e-08 3.26972e-08 5.44954e-08 6.53944e-08 8.102e-07
scan 450 200 149 4.35963e-06 0 2.17981e-06 1.30789e-07 1.30789e-07 1.30789e-07 2.17981e-07 2.61578e-07 3.2408e-06
scan 450 200 60 0 0 0 0 0 0 0 0
scan 450 200 61 0 0 0 0 0 0 0 0
scan 450 200 62 0 0 0 0 0 0 0 0
scan 450 200 63 0 0 0 0 0 0 0 0
scan 450 200 64 0 0 0 0 0 0 0 0
scan 450 200 65 0 0 0 0 0 0 0 0
scan 450 200 66 0 0 0 0 0 0 0 0
scan 450 200 67 0 0 0 0 0 0 0 0
scan 450 200 68 0 0 0 0 0 0 0 0
scan 450 200 69 0 0 0 0 0 0 0 0
scan 450 200 70 0 0 0 0 0 0 0 0
scan 450 200 71 0 0 0 0 0 0 0 0
scan 450 200 72 0 0 0 0 0 0 0 0
scan 450 200 73 0 0 0 0 0 0 0 0
scan 450 200 74 0 0 0 0 0 0 0 0
scan 450 200 165 0 0 0 0 0 0 0 0 0
scan 450 200 166 1.08991e-06 0 1.08991e-06 3.26972e-08 3.26972e-08 3.26972e-08 5.44954e-08 6.53944e-08 8.102e-07
scan 450 200 167 1.08991e-06 0 1.08991e-06 3.26972e-08 3.26972e-08 3.26972e-08 5.44954e-08 6.53944e-08 8.102e-07
scan 450 200 168 0 0 0 0 0 0 0 0 0
scan 450 200 169 1.08991e-06 0 1.08991e-06 3.26972e-08 3.26972e-08 3.26972e-08 5.44954e-08 6.53944e-08 8.102e-07
scan 450 200 170 0 0 0 0 0 0 0 0 0
scan 450 200 171 0 0 0 0 0 0 0 0 0
scan 450 200 172 0 0 0 0 0 0 0 0 0
scan 450 200 173 0 0 0 0 0 0 0 0 0
scan 450 200 174 1.08991e-06 0 1.08991e-06 3.26972e-08 3.26972e-08 3.26972e-08 5.44954e-08 6.53944e-08 8.102e-07
scan 450 200 175 0 0 0 0 0 0 0 0 0
scan 450 200 176 0 0 0 0 0 0 0 0 0
scan 450 200 177 0 0 0 0 0 0 0 0 0
scan 450 200 178 0 0 0 0 0 0 0 0 0
scan 450 200 179 0 0 0 0 0 0 0 0 0
