xsec 650 400 0.00287701
scan 650 400 0 1.68036e-06 0 6.35115e-07 5.04107e-08 5.04107e-08 5.04107e-08 8.40178e-08 1.00821e-07 1.29124e-06
scan 650 400 1 4.32092e-06 0 1.01845e-06 1.29628e-07 1.29628e-07 1.29628e-07 2.16046e-07 2.59255e-07 3.32034e-06
scan 650 400 2 6.00127e-06 0 1.20025e-06 1.80038e-07 1.80038e-07 1.80038e-07 3.00064e-07 3.60076e-07 4.61159e-06
scan 650 400 3 5.04107e-06 0 1.10005e-06 1.51232e-07 1.51232e-07 1.51232e-07 2.52053e-07 3.02464e-07 3.87373e-06
scan 650 400 4 1.56033e-05 0 1.93535e-06 4.68099e-07 4.68099e-07 4.68099e-07 7.80166e-07 9.36199e-07 1.19901e-05
scan 650 400 5 0 0 0 0 0 0 0 0 0
scan 650 400 6 7.20153e-07 0 4.1578e-07 2.16046e-08 2.16046e-08 2.16046e-08 3.60076e-08 4.32092e-08 5.53391e-07
scan 650 400 7 1.20025e-06 0 5.3677e-07 3.60076e-08 3.60076e-08 3.60076e-08 6.00127e-08 7.20153e-08 9.22318e-07
scan 650 400 8 4.80102e-07 0 3.39483e-07 1.44031e-08 1.44031e-08 1.44031e-08 2.40051e-08 2.88061e-08 3.68927e-07
scan 650 400 9 1.68036e-06 0 6.35115e-07 5.04107e-08 5.04107e-08 5.04107e-08 8.40178e-08 1.00821e-07 1.29124e-06
scan 650 400 10 4.80102e-07 0 3.39483e-07 1.44031e-08 1.44031e-08 1.44031e-08 2.40051e-08 2.88061e-08 3.68927e-07
scan 650 400 11 4.32092e-06 0 1.01845e-06 1.29628e-07 1.29628e-07 1.29628e-07 2.16046e-07 2.59255e-07 3.32034e-06
scan 650 400 12 3.60076e-06 0 9.29713e-07 1.08023e-07 1.08023e-07 1.08023e-07 1.80038e-07 2.16046e-07 2.76695e-06
scan 650 400 13 5.04107e-06 0 1.10005e-06 1.51232e-07 1.51232e-07 1.51232e-07 2.52053e-07 3.02464e-07 3.87373e-06
scan 650 400 14 2.8086e-05 0 2.59655e-06 8.42579e-07 8.42579e-07 8.42579e-07 1.4043e-06 1.68516e-06 2.15822e-05
scan 650 400 15 4.56097e-06 0 1.04636e-06 1.36829e-07 1.36829e-07 1.36829e-07 2.28048e-07 2.73658e-07 3.50481e-06
scan 650 400 16 1.68036e-05 0 2.00841e-06 5.04107e-07 5.04107e-07 5.04107e-07 8.40178e-07 1.00821e-06 1.29124e-05
scan 650 400 17 1.58434e-05 0 1.95018e-06 4.75301e-07 4.75301e-07 4.75301e-07 7.92168e-07 9.50602e-07 1.21746e-05
scan 650 400 18 1.34429e-05 0 1.79638e-06 4.03286e-07 4.03286e-07 4.03286e-07 6.72143e-07 8.06571e-07 1.033e-05
scan 650 400 19 2.01643e-05 0 2.2001e-06 6.04928e-07 6.04928e-07 6.04928e-07 1.00821e-06 1.20986e-06 1.54949e-05
scan 650 400 20 9.60204e-07 0 4.80102e-07 2.88061e-08 2.88061e-08 2.88061e-08 4.80102e-08 5.76122e-08 7.37854e-07
scan 650 400 21 2.40051e-06 0 7.59108e-07 7.20153e-08 7.20153e-08 7.20153e-08 1.20025e-07 1.44031e-07 1.84464e-06
scan 650 400 22 1.20025e-06 0 5.3677e-07 3.60076e-08 3.60076e-08 3.60076e-08 6.00127e-08 7.20153e-08 9.22318e-07
scan 650 400 23 1.44031e-06 0 5.88002e-07 4.32092e-08 4.32092e-08 4.32092e-08 7.20153e-08 8.64183e-08 1.10678e-06
scan 650 400 24 1.92041e-06 0 6.78967e-07 5.76122e-08 5.76122e-08 5.76122e-08 9.60204e-08 1.15224e-07 1.47571e-06
scan 650 400 25 2.40051e-07 0 2.40051e-07 7.20153e-09 7.20153e-09 7.20153e-09 1.20025e-08 1.44031e-08 1.84464e-07
scan 650 400 26 5.52117e-06 0 1.15124e-06 1.65635e-07 1.65635e-07 1.65635e-07 2.76059e-07 3.3127e-07 4.24266e-06
scan 650 400 27 8.88188e-06 0 1.46017e-06 2.66457e-07 2.66457e-07 2.66457e-07 4.44094e-07 5.32913e-07 6.82515e-06
scan 650 400 28 1.34429e-05 0 1.79638e-06 4.03286e-07 4.03286e-07 4.03286e-07 6.72143e-07 8.06571e-07 1.033e-05
scan 650 400 29 6.40936e-05 0 3.92246e-06 1.92281e-06 1.92281e-06 1.92281e-06 3.20468e-06 3.84562e-06 4.92518e-05
scan 650 400 30 2.88061e-06 0 8.31561e-07 8.64183e-08 8.64183e-08 8.64183e-08 1.44031e-07 1.72837e-07 2.21356e-06
scan 650 400 31 5.76122e-06 0 1.176e-06 1.72837e-07 1.72837e-07 1.72837e-07 2.88061e-07 3.45673e-07 4.42713e-06
scan 650 400 32 1.00821e-05 0 1.55571e-06 3.02464e-07 3.02464e-07 3.02464e-07 5.04107e-07 6.04928e-07 7.74747e-06
scan 650 400 33 1.03222e-05 0 1.57412e-06 3.09666e-07 3.09666e-07 3.09666e-07 5.1611e-07 6.19331e-07 7.93193e-06
scan 650 400 34 1.4163e-05 0 1.84387e-06 4.2489e-07 4.2489e-07 4.2489e-07 7.0815e-07 8.4978e-07 1.08833e-05
scan 650 400 35 7.20153e-07 0 4.1578e-07 2.16046e-08 2.16046e-08 2.16046e-08 3.60076e-08 4.32092e-08 5.53391e-07
scan 650 400 36 3.36071e-06 0 8.98188e-07 1.00821e-07 1.00821e-07 1.00821e-07 1.68036e-07 2.01643e-07 2.58249e-06
scan 650 400 37 2.40051e-07 0 2.40051e-07 7.20153e-09 7.20153e-09 7.20153e-09 1.20025e-08 1.44031e-08 1.84464e-07
scan 650 400 38 4.80102e-07 0 3.39483e-07 1.44031e-08 1.44031e-08 1.44031e-08 2.40051e-08 2.88061e-08 3.68927e-07
scan 650 400 39 1.20025e-06 0 5.3677e-07 3.60076e-08 3.60076e-08 3.60076e-08 6.00127e-08 7.20153e-08 9.22318e-07
scan 650 400 40 7.20153e-07 0 4.1578e-07 2.16046e-08 2.16046e-08 2.16046e-08 3.60076e-08 4.32092e-08 5.53391e-07
scan 650 400 41 6.72143e-06 0 1.27023e-06 2.01643e-07 2.01643e-07 2.01643e-07 3.36071e-07 4.03286e-07 5.16498e-06
scan 650 400 42 1.08023e-05 0 1.61031e-06 3.24069e-07 3.24069e-07 3.24069e-07 5.40115e-07 6.48138e-07 8.30086e-06
scan 650 400 43 1.24826e-05 0 1.73103e-06 3.74479e-07 3.74479e-07 3.74479e-07 6.24132e-07 7.48959e-07 9.5921e-06
scan 650 400 44 3.67278e-05 0 2.96927e-06 1.10183e-06 1.10183e-06 1.10183e-06 1.83639e-06 2.20367e-06 2.82229e-05
scan 650 400 45 0 0 0 0 0 0 0 0 0
scan 650 400 46 0 0 0 0 0 0 0 0 0
scan 650 400 47 0 0 0 0 0 0 0 0 0
scan 650 400 48 0 0 0 0 0 0 0 0 0
scan 650 400 49 0 0 0 0 0 0 0 0 0
scan 650 400 50 0 0 0 0 0 0 0 0 0
scan 650 400 51 0 0 0 0 0 0 0 0 0
scan 650 400 52 0 0 0 0 0 0 0 0 0
scan 650 400 53 0 0 0 0 0 0 0 0 0
scan 650 400 54 0 0 0 0 0 0 0 0 0
scan 650 400 55 0 0 0 0 0 0 0 0 0
scan 650 400 56 0 0 0 0 0 0 0 0 0
scan 650 400 57 2.40051e-07 0 2.40051e-07 7.20153e-09 7.20153e-09 7.20153e-09 1.20025e-08 1.44031e-08 1.84464e-07
scan 650 400 58 0 0 0 0 0 0 0 0 0
scan 650 400 59 0 0 0 0 0 0 0 0 0
scan 650 400 60 0 0 0 0 0 0 0 0
scan 650 400 61 0 0 0 0 0 0 0 0
scan 650 400 62 0 0 0 0 0 0 0 0
scan 650 400 63 0 0 0 0 0 0 0 0
scan 650 400 64 0 0 0 0 0 0 0 0
scan 650 400 65 0 0 0 0 0 0 0 0
scan 650 400 66 0 0 0 0 0 0 0 0
scan 650 400 67 0 0 0 0 0 0 0 0
scan 650 400 68 0 0 0 0 0 0 0 0
scan 650 400 69 0 0 0 0 0 0 0 0
scan 650 400 70 0 0 0 0 0 0 0 0
scan 650 400 71 0 0 0 0 0 0 0 0
scan 650 400 72 0 0 0 0 0 0 0 0
scan 650 400 73 0 0 0 0 0 0 0 0
scan 650 400 74 0 0 0 0 0 0 0 0
scan 650 400 75 0 0 0 0 0 0 0 0 0
scan 650 400 76 0 0 0 0 0 0 0 0 0
scan 650 400 77 0 0 0 0 0 0 0 0 0
scan 650 400 78 2.40051e-07 0 2.40051e-07 7.20153e-09 7.20153e-09 7.20153e-09 1.20025e-08 1.44031e-08 1.84464e-07
scan 650 400 79 0 0 0 0 0 0 0 0 0
scan 650 400 80 0 0 0 0 0 0 0 0 0
scan 650 400 81 0 0 0 0 0 0 0 0 0
scan 650 400 82 0 0 0 0 0 0 0 0 0
scan 650 400 83 0 0 0 0 0 0 0 0 0
scan 650 400 84 0 0 0 0 0 0 0 0 0
scan 650 400 85 0 0 0 0 0 0 0 0 0
scan 650 400 86 0 0 0 0 0 0 0 0 0
scan 650 400 87 2.40051e-07 0 2.40051e-07 7.20153e-09 7.20153e-09 7.20153e-09 1.20025e-08 1.44031e-08 1.84464e-07
scan 650 400 88 2.40051e-07 0 2.40051e-07 7.20153e-09 7.20153e-09 7.20153e-09 1.20025e-08 1.44031e-08 1.84464e-07
scan 650 400 89 2.40051e-07 0 2.40051e-07 7.20153e-09 7.20153e-09 7.20153e-09 1.20025e-08 1.44031e-08 1.84464e-07
scan 650 400 90 0 0 0 0 0 0 0 0 0
scan 650 400 91 4.80102e-07 0 3.39483e-07 1.44031e-08 1.44031e-08 1.44031e-08 2.40051e-08 2.88061e-08 3.68927e-07
scan 650 400 92 0 0 0 0 0 0 0 0 0
scan 650 400 93 0 0 0 0 0 0 0 0 0
scan 650 400 94 0 0 0 0 0 0 0 0 0
scan 650 400 95 0 0 0 0 0 0 0 0 0
scan 650 400 96 0 0 0 0 0 0 0 0 0
scan 650 400 97 0 0 0 0 0 0 0 0 0
scan 650 400 98 0 0 0 0 0 0 0 0 0
scan 650 400 99 0 0 0 0 0 0 0 0 0
scan 650 400 100 0 0 0 0 0 0 0 0 0
scan 650 400 101 4.80102e-07 0 3.39483e-07 1.44031e-08 1.44031e-08 1.44031e-08 2.40051e-08 2.88061e-08 3.68927e-07
scan 650 400 102 2.40051e-07 0 2.40051e-07 7.20153e-09 7.20153e-09 7.20153e-09 1.20025e-08 1.44031e-08 1.84464e-07
scan 650 400 103 7.20153e-07 0 4.1578e-07 2.16046e-08 2.16046e-08 2.16046e-08 3.60076e-08 4.32092e-08 5.53391e-07
scan 650 400 104 1.20025e-06 0 5.3677e-07 3.60076e-08 3.60076e-08 3.60076e-08 6.00127e-08 7.20153e-08 9.22318e-07
scan 650 400 60 0 0 0 0 0 0 0 0
scan 650 400 61 0 0 0 0 0 0 0 0
scan 650 400 62 0 0 0 0 0 0 0 0
scan 650 400 63 0 0 0 0 0 0 0 0
scan 650 400 64 0 0 0 0 0 0 0 0
scan 650 400 65 0 0 0 0 0 0 0 0
scan 650 400 66 0 0 0 0 0 0 0 0
scan 650 400 67 0 0 0 0 0 0 0 0
scan 650 400 68 0 0 0 0 0 0 0 0
scan 650 400 69 0 0 0 0 0 0 0 0
scan 650 400 70 0 0 0 0 0 0 0 0
scan 650 400 71 0 0 0 0 0 0 0 0
scan 650 400 72 0 0 0 0 0 0 0 0
scan 650 400 73 0 0 0 0 0 0 0 0
scan 650 400 74 0 0 0 0 0 0 0 0
scan 650 400 120 0 0 0 0 0 0 0 0 0
scan 650 400 121 0 0 0 0 0 0 0 0 0
scan 650 400 122 0 0 0 0 0 0 0 0 0
scan 650 400 123 0 0 0 0 0 0 0 0 0
scan 650 400 124 0 0 0 0 0 0 0 0 0
scan 650 400 125 0 0 0 0 0 0 0 0 0
scan 650 400 126 2.40051e-07 0 2.40051e-07 7.20153e-09 7.20153e-09 7.20153e-09 1.20025e-08 1.44031e-08 1.84464e-07
scan 650 400 127 0 0 0 0 0 0 0 0 0
scan 650 400 128 0 0 0 0 0 0 0 0 0
scan 650 400 129 0 0 0 0 0 0 0 0 0
scan 650 400 130 0 0 0 0 0 0 0 0 0
scan 650 400 131 0 0 0 0 0 0 0 0 0
scan 650 400 132 0 0 0 0 0 0 0 0 0
scan 650 400 133 0 0 0 0 0 0 0 0 0
scan 650 400 134 2.40051e-07 0 2.40051e-07 7.20153e-09 7.20153e-09 7.20153e-09 1.20025e-08 1.44031e-08 1.84464e-07
scan 650 400 135 0 0 0 0 0 0 0 0 0
scan 650 400 136 0 0 0 0 0 0 0 0 0
scan 650 400 137 0 0 0 0 0 0 0 0 0
scan 650 400 138 0 0 0 0 0 0 0 0 0
scan 650 400 139 2.40051e-07 0 2.40051e-07 7.20153e-09 7.20153e-09 7.20153e-09 1.20025e-08 1.44031e-08 1.84464e-07
scan 650 400 140 0 0 0 0 0 0 0 0 0
scan 650 400 141 0 0 0 0 0 0 0 0 0
scan 650 400 142 0 0 0 0 0 0 0 0 0
scan 650 400 143 0 0 0 0 0 0 0 0 0
scan 650 400 144 0 0 0 0 0 0 0 0 0
scan 650 400 145 0 0 0 0 0 0 0 0 0
scan 650 400 146 0 0 0 0 0 0 0 0 0
scan 650 400 147 0 0 0 0 0 0 0 0 0
scan 650 400 148 0 0 0 0 0 0 0 0 0
scan 650 400 149 4.80102e-07 0 3.39483e-07 1.44031e-08 1.44031e-08 1.44031e-08 2.40051e-08 2.88061e-08 3.68927e-07
scan 650 400 60 0 0 0 0 0 0 0 0
scan 650 400 61 0 0 0 0 0 0 0 0
scan 650 400 62 0 0 0 0 0 0 0 0
scan 650 400 63 0 0 0 0 0 0 0 0
scan 650 400 64 0 0 0 0 0 0 0 0
scan 650 400 65 0 0 0 0 0 0 0 0
scan 650 400 66 0 0 0 0 0 0 0 0
scan 650 400 67 0 0 0 0 0 0 0 0
scan 650 400 68 0 0 0 0 0 0 0 0
scan 650 400 69 0 0 0 0 0 0 0 0
scan 650 400 70 0 0 0 0 0 0 0 0
scan 650 400 71 0 0 0 0 0 0 0 0
scan 650 400 72 0 0 0 0 0 0 0 0
scan 650 400 73 0 0 0 0 0 0 0 0
scan 650 400 74 0 0 0 0 0 0 0 0
scan 650 400 165 0 0 0 0 0 0 0 0 0
scan 650 400 166 0 0 0 0 0 0 0 0 0
scan 650 400 167 0 0 0 0 0 0 0 0 0
scan 650 400 168 0 0 0 0 0 0 0 0 0
scan 650 400 169 0 0 0 0 0 0 0 0 0
scan 650 400 170 0 0 0 0 0 0 0 0 0
scan 650 400 171 0 0 0 0 0 0 0 0 0
scan 650 400 172 0 0 0 0 0 0 0 0 0
scan 650 400 173 0 0 0 0 0 0 0 0 0
scan 650 400 174 0 0 0 0 0 0 0 0 0
scan 650 400 175 0 0 0 0 0 0 0 0 0
scan 650 400 176 0 0 0 0 0 0 0 0 0
scan 650 400 177 0 0 0 0 0 0 0 0 0
scan 650 400 178 0 0 0 0 0 0 0 0 0
scan 650 400 179 4.80102e-07 0 3.39483e-07 1.44031e-08 1.44031e-08 1.44031e-08 2.40051e-08 2.88061e-08 3.68927e-07
