xsec 1000 450 0.000129786
scan 1000 450 0 6.59724e-08 3.68527e-08 3.30333e-08 2.00271e-09 9.49126e-10 0 3.30149e-10 1.31945e-08 9.37065e-09 
scan 1000 450 1 8.10595e-08 4.09625e-08 3.62737e-08 2.3962e-09 2.68571e-09 0 3.42085e-11 1.62119e-08 9.29291e-09 
scan 1000 450 2 2.63155e-07 9.22776e-08 6.5846e-08 8.35413e-09 7.63725e-09 0 9.64879e-10 5.2631e-08 3.57824e-08 
scan 1000 450 3 2.89925e-07 9.65139e-08 6.83803e-08 6.63968e-09 9.37479e-09 0 1.3327e-09 5.79851e-08 3.3809e-08 
scan 1000 450 4 6.72664e-07 1.87059e-07 1.03856e-07 1.9496e-08 1.73815e-08 0 2.61485e-09 1.34533e-07 7.35989e-08 
scan 1000 450 5 3.32974e-08 2.60732e-08 2.3568e-08 3.47757e-10 1.48749e-09 0 1.2789e-11 9.98921e-09 4.71638e-09 
scan 1000 450 6 0 0 0 0 0 0 0 0 0 
scan 1000 450 7 0 0 0 0 0 0 0 0 0 
scan 1000 450 8 1.59349e-08 1.67315e-08 1.59349e-08 3.18697e-10 8.58119e-10 0 7.34279e-14 4.78046e-09 1.5276e-09 
scan 1000 450 9 4.72886e-08 3.11502e-08 2.73029e-08 1.50795e-09 8.58121e-10 0 2.5397e-10 1.41866e-08 4.53333e-09 
scan 1000 450 10 1.56482e-08 2.21905e-08 1.56482e-08 6.45191e-10 0 0 1.40834e-10 1.56482e-08 1.50011e-09 
scan 1000 450 11 8.05287e-08 8.87472e-08 3.60431e-08 2.2536e-09 1.21758e-09 0 2.94504e-10 8.05287e-08 9.24422e-09 
scan 1000 450 12 1.92385e-07 2.0139e-07 5.55554e-08 5.74647e-09 5.285e-09 0 1.41682e-10 1.92385e-07 1.99673e-08 
scan 1000 450 13 3.86138e-07 3.96686e-07 7.88672e-08 8.89361e-09 1.00294e-08 0 1.04034e-09 3.86138e-07 4.30846e-08 
scan 1000 450 14 1.90678e-06 1.92729e-06 1.74891e-07 4.85793e-08 3.93861e-08 0 7.68191e-09 1.90678e-06 2.10002e-07 
scan 1000 450 15 2.24331e-07 7.9299e-08 5.99935e-08 6.98634e-09 4.87369e-09 0 8.16648e-10 4.48662e-08 2.45542e-08 
scan 1000 450 16 3.52172e-07 1.11125e-07 7.51323e-08 1.11143e-08 5.65618e-09 0 2.06269e-09 7.04344e-08 3.97875e-08 
scan 1000 450 17 5.6218e-07 1.6222e-07 9.5094e-08 1.48403e-08 1.56709e-08 0 2.80572e-09 1.12436e-07 6.44752e-08 
scan 1000 450 18 4.30962e-07 1.29756e-07 8.29918e-08 1.29503e-08 1.0074e-08 0 2.49868e-09 8.61923e-08 4.73764e-08 
scan 1000 450 19 6.57603e-07 1.83999e-07 1.02761e-07 1.44328e-08 1.90869e-08 0 2.90062e-09 1.31521e-07 7.36026e-08 
scan 1000 450 20 1.7075e-08 1.81145e-08 1.7075e-08 7.0402e-10 0 0 1.53675e-10 5.1225e-09 3.13379e-09 
scan 1000 450 21 1.15053e-07 5.7835e-08 4.35226e-08 3.94263e-09 1.30385e-09 0 4.18183e-10 3.4516e-08 1.55532e-08 
scan 1000 450 22 0 0 0 0 0 0 0 0 0 
scan 1000 450 23 6.62257e-08 3.98371e-08 3.31516e-08 9.92947e-10 2.00347e-09 0 2.07293e-10 1.98677e-08 9.39129e-09 
scan 1000 450 24 1.30011e-07 6.24604e-08 4.60028e-08 3.62708e-09 3.17289e-09 0 1.84814e-10 3.90033e-08 1.55089e-08 
scan 1000 450 25 3.30099e-08 4.0724e-08 2.33554e-08 9.10193e-10 8.58121e-10 0 1.53731e-10 3.30099e-08 4.66139e-09 
scan 1000 450 26 2.74389e-07 2.84351e-07 6.65929e-08 8.0301e-09 4.56988e-09 0 1.1393e-09 2.74389e-07 3.23249e-08 
scan 1000 450 27 3.38312e-07 3.48762e-07 7.38786e-08 9.05344e-09 6.3336e-09 0 1.75895e-09 3.38312e-07 3.99555e-08 
scan 1000 450 28 4.96455e-07 5.0767e-07 8.92239e-08 1.22253e-08 1.01047e-08 0 2.34951e-09 4.96455e-07 5.5167e-08 
scan 1000 450 29 3.0628e-06 3.09309e-06 2.22357e-07 8.09326e-08 5.32525e-08 0 1.27045e-08 3.0628e-06 3.57044e-07 
scan 1000 450 30 4.89845e-08 3.0629e-08 2.82986e-08 1.52173e-09 7.68758e-10 0 1.34932e-10 9.7969e-09 6.19829e-09 
scan 1000 450 31 2.24498e-07 7.92293e-08 6.00363e-08 5.13837e-09 5.13103e-09 0 7.38569e-10 4.48997e-08 2.45697e-08 
scan 1000 450 32 5.50989e-07 1.60836e-07 9.45656e-08 1.4536e-08 1.25009e-08 0 1.90279e-09 1.10198e-07 6.64149e-08 
scan 1000 450 33 3.83958e-07 1.17987e-07 7.84126e-08 8.55004e-09 9.53897e-09 0 1.39358e-09 7.67917e-08 4.1344e-08 
scan 1000 450 34 1.32602e-06 3.43008e-07 1.46538e-07 3.26238e-08 3.05099e-08 0 3.345e-09 2.65203e-07 1.54408e-07 
scan 1000 450 35 1.59348e-08 1.67156e-08 1.59348e-08 4.50705e-10 3.18697e-10 0 8.43272e-14 4.78045e-09 1.5276e-09 
scan 1000 450 36 1.11519e-07 5.50394e-08 4.21502e-08 2.56406e-09 3.54215e-09 0 1.30976e-11 3.34557e-08 1.06908e-08 
scan 1000 450 37 9.70369e-08 5.04677e-08 3.96375e-08 2.28957e-09 2.43769e-09 0 1.30241e-11 2.91111e-08 1.08268e-08 
scan 1000 450 38 6.34272e-08 3.75434e-08 3.17145e-08 1.79426e-09 1.18851e-09 0 1.53821e-10 1.90282e-08 6.08045e-09 
scan 1000 450 39 3.61113e-07 1.41514e-07 7.70603e-08 9.55684e-09 8.49675e-09 0 5.30676e-10 1.08334e-07 4.67748e-08 
scan 1000 450 40 1.5935e-08 2.25939e-08 1.5935e-08 3.187e-10 4.5071e-10 0 7.65198e-15 1.5935e-08 1.52761e-09 
scan 1000 450 41 1.60325e-07 1.69108e-07 5.07197e-08 1.97992e-09 5.63163e-09 0 2.3703e-10 1.60325e-07 1.68939e-08 
scan 1000 450 42 3.70302e-07 3.80715e-07 7.72543e-08 8.62702e-09 7.18757e-09 0 9.89426e-10 3.70302e-07 4.15333e-08 
scan 1000 450 43 5.32226e-07 5.43987e-07 9.27129e-08 1.35259e-08 8.86966e-09 0 1.86867e-09 5.32226e-07 6.16117e-08 
scan 1000 450 44 4.54949e-06 4.59077e-06 2.71597e-07 1.04036e-07 9.91571e-08 0 9.72597e-09 4.54949e-06 5.31782e-07 
scan 1000 450 45 0 0 0 0 0 0 0 0 0 
scan 1000 450 46 0 0 0 0 0 0 0 0 0 
scan 1000 450 47 0 0 0 0 0 0 0 0 0 
scan 1000 450 48 0 0 0 0 0 0 0 0 0 
scan 1000 450 49 1.59348e-08 1.63353e-08 1.59348e-08 5.74539e-10 3.18697e-10 0 8.43272e-14 3.18697e-09 1.5276e-09 
scan 1000 450 50 0 0 0 0 0 0 0 0 0 
scan 1000 450 51 0 0 0 0 0 0 0 0 0 
scan 1000 450 52 0 0 0 0 0 0 0 0 0 
scan 1000 450 53 0 0 0 0 0 0 0 0 0 
scan 1000 450 54 0 0 0 0 0 0 0 0 0 
scan 1000 450 55 0 0 0 0 0 0 0 0 0 
scan 1000 450 56 0 0 0 0 0 0 0 0 0 
scan 1000 450 57 1.59349e-08 2.25938e-08 1.59349e-08 3.18698e-10 4.50707e-10 0 5.62183e-14 1.59349e-08 1.5276e-09 
scan 1000 450 58 1.59349e-08 2.25938e-08 1.59349e-08 4.50708e-10 3.18698e-10 0 4.49747e-14 1.59349e-08 1.5276e-09 
scan 1000 450 59 3.1847e-08 3.91694e-08 2.25192e-08 7.9606e-10 1.71501e-09 0 1.15129e-11 3.1847e-08 3.05301e-09 
scan 1000 450 75 0 0 0 0 0 0 0 0 0 
scan 1000 450 76 1.5935e-08 1.63315e-08 1.5935e-08 3.187e-10 4.50709e-10 0 1.30539e-14 3.187e-09 1.52761e-09 
scan 1000 450 77 0 0 0 0 0 0 0 0 0 
scan 1000 450 78 0 0 0 0 0 0 0 0 0 
scan 1000 450 79 0 0 0 0 0 0 0 0 0 
scan 1000 450 80 0 0 0 0 0 0 0 0 0 
scan 1000 450 81 0 0 0 0 0 0 0 0 0 
scan 1000 450 82 0 0 0 0 0 0 0 0 0 
scan 1000 450 83 0 0 0 0 0 0 0 0 0 
scan 1000 450 84 0 0 0 0 0 0 0 0 0 
scan 1000 450 85 0 0 0 0 0 0 0 0 0 
scan 1000 450 86 0 0 0 0 0 0 0 0 0 
scan 1000 450 87 0 0 0 0 0 0 0 0 0 
scan 1000 450 88 1.7388e-08 2.48038e-08 1.7388e-08 3.47759e-10 4.91806e-10 0 1.42442e-14 1.7388e-08 3.19123e-09 
scan 1000 450 89 4.78048e-08 5.54171e-08 2.76001e-08 1.34395e-09 1.08811e-09 0 1.27364e-13 4.78048e-08 4.58281e-09 
scan 1000 450 90 1.58569e-08 1.62516e-08 1.58569e-08 3.17139e-10 3.17139e-10 3.17139e-10 3.88495e-11 3.17139e-09 1.52013e-09 
scan 1000 450 91 3.08475e-08 2.33236e-08 2.19738e-08 7.29159e-10 3.46056e-10 1.13603e-09 1.05825e-09 6.16951e-09 4.47407e-09 
scan 1000 450 92 0 0 0 0 0 0 0 0 0 
scan 1000 450 93 0 0 0 0 0 0 0 0 0 
scan 1000 450 94 1.40228e-08 1.43964e-08 1.40228e-08 3.96625e-10 0 2.80456e-10 8.41369e-10 2.80456e-09 1.3443e-09 
scan 1000 450 95 0 0 0 0 0 0 0 0 0 
scan 1000 450 96 1.66925e-08 1.77073e-08 1.66925e-08 0 4.72134e-10 3.33849e-10 3.33849e-10 5.00774e-09 3.06358e-09 
scan 1000 450 97 0 0 0 0 0 0 0 0 0 
scan 1000 450 98 0 0 0 0 0 0 0 0 0 
scan 1000 450 99 0 0 0 0 0 0 0 0 0 
scan 1000 450 100 0 0 0 0 0 0 0 0 0 
scan 1000 450 101 0 0 0 0 0 0 0 0 0 
scan 1000 450 102 0 0 0 0 0 0 0 0 0 
scan 1000 450 103 0 0 0 0 0 0 0 0 0 
scan 1000 450 104 4.48704e-08 5.22871e-08 2.6067e-08 1.11488e-09 6.26512e-10 1.41649e-09 1.89962e-09 4.48704e-08 5.81836e-09 
scan 1000 450 120 0 0 0 0 0 0 0 0 0 
scan 1000 450 121 0 0 0 0 0 0 0 0 0 
scan 1000 450 122 1.40228e-08 1.43964e-08 1.40228e-08 3.96625e-10 0 2.80456e-10 8.41369e-10 2.80456e-09 1.3443e-09 
scan 1000 450 123 0 0 0 0 0 0 0 0 0 
scan 1000 450 124 0 0 0 0 0 0 0 0 0 
scan 1000 450 125 0 0 0 0 0 0 0 0 0 
scan 1000 450 126 0 0 0 0 0 0 0 0 0 
scan 1000 450 127 0 0 0 0 0 0 0 0 0 
scan 1000 450 128 0 0 0 0 0 0 0 0 0 
scan 1000 450 129 0 0 0 0 0 0 0 0 0 
scan 1000 450 130 0 0 0 0 0 0 0 0 0 
scan 1000 450 131 0 0 0 0 0 0 0 0 0 
scan 1000 450 132 1.58569e-08 2.24833e-08 1.58569e-08 3.17139e-10 3.17139e-10 3.17139e-10 3.88495e-11 1.58569e-08 1.52013e-09 
scan 1000 450 133 1.40228e-08 1.99109e-08 1.40228e-08 2.80456e-10 2.80456e-10 7.0114e-10 8.41369e-10 1.40228e-08 1.3443e-09 
scan 1000 450 134 1.58569e-08 2.24833e-08 1.58569e-08 3.17139e-10 3.17139e-10 3.17139e-10 3.88495e-11 1.58569e-08 1.52013e-09 
scan 1000 450 135 0 0 0 0 0 0 0 0 0 
scan 1000 450 136 1.40228e-08 1.43998e-08 1.40228e-08 4.20684e-10 2.80456e-10 2.80456e-10 8.41369e-10 2.80456e-09 1.3443e-09 
scan 1000 450 137 0 0 0 0 0 0 0 0 0 
scan 1000 450 138 0 0 0 0 0 0 0 0 0 
scan 1000 450 139 0 0 0 0 0 0 0 0 0 
scan 1000 450 140 0 0 0 0 0 0 0 0 0 
scan 1000 450 141 0 0 0 0 0 0 0 0 0 
scan 1000 450 142 0 0 0 0 0 0 0 0 0 
scan 1000 450 143 0 0 0 0 0 0 0 0 0 
scan 1000 450 144 0 0 0 0 0 0 0 0 0 
scan 1000 450 145 0 0 0 0 0 0 0 0 0 
scan 1000 450 146 0 0 0 0 0 0 0 0 0 
scan 1000 450 147 0 0 0 0 0 0 0 0 0 
scan 1000 450 148 0 0 0 0 0 0 0 0 0 
scan 1000 450 149 0 0 0 0 0 0 0 0 0 
scan 1000 450 165 0 0 0 0 0 0 0 0 0 
scan 1000 450 166 0 0 0 0 0 0 0 0 0 
scan 1000 450 167 0 0 0 0 0 0 0 0 0 
scan 1000 450 168 0 0 0 0 0 0 0 0 0 
scan 1000 450 169 0 0 0 0 0 0 0 0 0 
scan 1000 450 170 0 0 0 0 0 0 0 0 0 
scan 1000 450 171 0 0 0 0 0 0 0 0 0 
scan 1000 450 172 0 0 0 0 0 0 0 0 0 
scan 1000 450 173 0 0 0 0 0 0 0 0 0 
scan 1000 450 174 3.11584e-08 2.44091e-08 2.20358e-08 6.23167e-10 6.23167e-10 1.55792e-09 9.56935e-10 9.34751e-09 4.32841e-09 
scan 1000 450 175 0 0 0 0 0 0 0 0 0 
scan 1000 450 176 0 0 0 0 0 0 0 0 0 
scan 1000 450 177 0 0 0 0 0 0 0 0 0 
scan 1000 450 178 0 0 0 0 0 0 0 0 0 
scan 1000 450 179 4.39025e-08 5.09515e-08 2.53913e-08 8.78051e-10 1.29874e-09 8.78051e-10 1.72159e-09 4.39025e-08 4.20872e-09 
