xsec 1000 500 0.000129786
scan 1000 500 0 5.34591e-08 1.50273e-08 8.46289e-09 1.44715e-09 1.16309e-09 0 2.41506e-10 1.06918e-08 6.0314e-09 
scan 1000 500 1 1.42417e-07 3.71348e-08 1.39926e-08 4.06981e-09 3.08193e-09 0 6.09442e-10 2.84834e-08 1.85868e-08 
scan 1000 500 2 1.3668e-07 3.47266e-08 1.35524e-08 3.71528e-09 3.78086e-09 0 6.19491e-10 2.7336e-08 1.57013e-08 
scan 1000 500 3 1.58586e-07 4.04715e-08 1.46845e-08 4.51844e-09 4.03964e-09 0 6.69218e-10 3.17172e-08 1.94717e-08 
scan 1000 500 4 7.11252e-07 1.6966e-07 3.09678e-08 1.89187e-08 1.66881e-08 0 3.15358e-09 1.4225e-07 8.33315e-08 
scan 1000 500 5 1.453e-08 6.38739e-09 4.38475e-09 4.57184e-10 1.90872e-10 0 7.25293e-11 4.359e-09 1.52354e-09 
scan 1000 500 6 3.90475e-08 1.45693e-08 7.26052e-09 9.26698e-10 1.00346e-09 0 1.10776e-10 1.17142e-08 4.52207e-09 
scan 1000 500 7 2.25543e-08 9.06223e-09 5.474e-09 5.74593e-10 4.37442e-10 0 1.01572e-10 6.76629e-09 2.41762e-09 
scan 1000 500 8 1.3624e-08 6.20221e-09 4.31518e-09 3.04982e-10 4.16819e-10 0 3.82307e-11 4.0872e-09 1.69507e-09 
scan 1000 500 9 1.82715e-07 6.15904e-08 1.57516e-08 5.05837e-09 4.07283e-09 0 8.13284e-10 5.48146e-08 2.23111e-08 
scan 1000 500 10 1.47611e-08 1.55183e-08 4.45569e-09 2.60522e-10 4.47286e-10 0 4.35113e-11 1.47611e-08 1.67392e-09 
scan 1000 500 11 8.53013e-08 8.65156e-08 1.06724e-08 2.00698e-09 1.84075e-09 0 3.16521e-10 8.53013e-08 9.33841e-09 
scan 1000 500 12 2.44415e-07 2.46734e-07 1.80886e-08 6.2219e-09 4.35864e-09 0 1.09764e-09 2.44415e-07 2.74416e-08 
scan 1000 500 13 3.20485e-07 3.2343e-07 2.07582e-08 7.73157e-09 6.22473e-09 0 1.43903e-09 3.20485e-07 3.69407e-08 
scan 1000 500 14 2.49061e-06 2.50876e-06 5.78392e-08 6.11874e-08 4.84823e-08 0 1.08895e-08 2.49061e-06 2.84983e-07 
scan 1000 500 15 6.65249e-08 1.79859e-08 9.4162e-09 1.92242e-09 1.03943e-09 0 3.00626e-10 1.3305e-08 7.2759e-09 
scan 1000 500 16 1.67334e-07 4.17783e-08 1.49861e-08 4.60904e-09 3.51783e-09 0 7.97224e-10 3.34667e-08 1.91459e-08 
scan 1000 500 17 2.37701e-07 5.84205e-08 1.78906e-08 6.24955e-09 6.26429e-09 0 9.286e-10 4.75402e-08 2.74528e-08 
scan 1000 500 18 2.70853e-07 6.57694e-08 1.90327e-08 8.0039e-09 5.78014e-09 0 1.40064e-09 5.41706e-08 3.04873e-08 
scan 1000 500 19 9.26261e-07 2.19066e-07 3.52845e-08 2.41797e-08 2.10652e-08 0 4.24825e-09 1.85252e-07 1.06678e-07 
scan 1000 500 20 1.47426e-08 6.50895e-09 4.45007e-09 3.54533e-10 2.81869e-10 0 5.25121e-11 4.42277e-09 1.67167e-09 
scan 1000 500 21 3.5335e-08 1.34681e-08 6.94079e-09 9.13002e-10 6.69958e-10 0 1.58622e-10 1.06005e-08 4.42e-09 
scan 1000 500 22 3.79067e-08 1.42553e-08 7.17478e-09 9.8641e-10 8.82909e-10 0 1.07454e-10 1.1372e-08 4.54406e-09 
scan 1000 500 23 4.2789e-08 1.57028e-08 7.57232e-09 1.11725e-09 7.89341e-10 0 1.32166e-10 1.28367e-08 4.75065e-09 
scan 1000 500 24 2.4476e-07 8.09623e-08 1.81162e-08 6.18262e-09 5.09517e-09 0 1.09488e-09 7.34279e-08 2.77426e-08 
scan 1000 500 25 1.73281e-08 1.80966e-08 4.81124e-09 5.63113e-10 2.60405e-10 0 7.78932e-11 1.73281e-08 1.92006e-09 
scan 1000 500 26 1.09365e-07 1.10856e-07 1.21689e-08 2.69369e-09 2.32157e-09 0 3.49917e-10 1.09365e-07 1.29473e-08 
scan 1000 500 27 2.45032e-07 2.47389e-07 1.81369e-08 5.8686e-09 4.9966e-09 0 9.61831e-10 2.45032e-07 2.77789e-08 
scan 1000 500 28 3.14243e-07 3.17233e-07 2.06155e-08 7.17492e-09 7.14537e-09 0 9.54611e-10 3.14243e-07 3.6872e-08 
scan 1000 500 29 2.27917e-06 2.29555e-06 5.53137e-08 5.62051e-08 4.46057e-08 0 8.74933e-09 2.27917e-06 2.58163e-07 
scan 1000 500 30 1.4397e-07 3.63165e-08 1.39359e-08 3.40088e-09 3.2679e-09 0 3.62228e-10 2.87941e-08 1.65288e-08 
scan 1000 500 31 3.40146e-07 8.18992e-08 2.14116e-08 8.30079e-09 7.85505e-09 0 6.8219e-10 6.80292e-08 3.86004e-08 
scan 1000 500 32 5.91748e-07 1.40774e-07 2.82468e-08 1.55344e-08 1.32602e-08 0 1.51061e-09 1.1835e-07 6.77753e-08 
scan 1000 500 33 7.34509e-07 1.74227e-07 3.14752e-08 1.909e-08 1.62373e-08 0 2.07312e-09 1.46902e-07 8.45687e-08 
scan 1000 500 34 3.42783e-06 7.99611e-07 6.79111e-08 8.48601e-08 8.02866e-08 0 9.57845e-09 6.85566e-07 3.8862e-07 
scan 1000 500 35 3.21647e-08 1.22643e-08 6.57343e-09 8.67079e-10 5.86788e-10 0 8.42044e-11 9.64942e-09 3.60409e-09 
scan 1000 500 36 4.62204e-08 1.69961e-08 7.93945e-09 9.82087e-10 1.08811e-09 0 7.88022e-11 1.38661e-08 5.60424e-09 
scan 1000 500 37 9.0872e-08 3.14911e-08 1.1118e-08 1.97649e-09 2.09746e-09 0 1.12127e-10 2.72616e-08 1.07965e-08 
scan 1000 500 38 1.45155e-07 4.91374e-08 1.40536e-08 3.36507e-09 3.14379e-09 0 2.00756e-10 4.35466e-08 1.73039e-08 
scan 1000 500 39 1.05102e-06 3.41024e-07 3.76308e-08 2.56665e-08 2.47414e-08 0 2.17387e-09 3.15307e-07 1.19109e-07 
scan 1000 500 40 7.59333e-08 7.71823e-08 1.01627e-08 1.51235e-09 1.67059e-09 0 1.56099e-10 7.59333e-08 9.10281e-09 
scan 1000 500 41 3.40373e-07 3.43548e-07 2.14722e-08 8.08045e-09 7.10182e-09 0 7.64157e-10 3.40373e-07 3.99191e-08 
scan 1000 500 42 5.49666e-07 5.54146e-07 2.72131e-08 1.25842e-08 1.13783e-08 0 1.34448e-09 5.49666e-07 6.25716e-08 
scan 1000 500 43 8.07079e-07 8.13543e-07 3.30217e-08 1.9112e-08 1.65146e-08 0 2.02146e-09 8.07079e-07 9.35045e-08 
scan 1000 500 44 8.84907e-06 8.91159e-06 1.09212e-07 2.06203e-07 1.80029e-07 0 2.26853e-08 8.84907e-06 1.01142e-06 
scan 1000 500 45 1.59326e-08 5.8768e-09 4.60235e-09 4.29867e-10 5.17683e-10 0 3.16935e-11 3.18652e-09 1.65753e-09 
scan 1000 500 46 6.72204e-09 3.39844e-09 3.01067e-09 1.84354e-10 2.06727e-10 0 2.12416e-11 1.34441e-09 7.75033e-10 
scan 1000 500 47 2.63756e-09 1.95676e-09 1.86504e-09 7.46014e-11 5.27512e-11 0 2.089e-14 5.27512e-10 2.5285e-10 
scan 1000 500 48 1.31879e-09 1.35193e-09 1.31879e-09 4.75495e-11 2.63757e-11 0 6.97902e-15 2.63757e-10 1.26426e-10 
scan 1000 500 49 2.80882e-09 2.1081e-09 1.98982e-09 6.71017e-11 6.85202e-11 0 2.61537e-15 5.61764e-10 3.99892e-10 
scan 1000 500 50 0 0 0 0 0 0 0 0 0 
scan 1000 500 51 2.80832e-09 2.19937e-09 1.98949e-09 5.61664e-11 7.94312e-11 0 2.53828e-13 8.42496e-10 3.99844e-10 
scan 1000 500 52 0 0 0 0 0 0 0 0 0 
scan 1000 500 53 0 0 0 0 0 0 0 0 0 
scan 1000 500 54 1.3188e-09 1.38341e-09 1.3188e-09 2.6376e-11 3.73013e-11 0 6.33287e-16 3.9564e-10 1.26427e-10 
scan 1000 500 55 0 0 0 0 0 0 0 0 0 
scan 1000 500 56 5.44553e-09 6.12939e-09 2.72681e-09 1.46203e-10 1.81193e-10 0 4.50125e-13 5.44553e-09 6.5266e-10 
scan 1000 500 57 5.27425e-09 5.92146e-09 2.63712e-09 1.29593e-10 1.38253e-10 0 4.7713e-13 5.27425e-09 5.05616e-10 
scan 1000 500 58 5.44506e-09 6.12941e-09 2.72659e-09 1.53333e-10 1.93069e-10 0 6.83522e-13 5.44506e-09 6.52614e-10 
scan 1000 500 59 4.2871e-08 4.38133e-08 7.58534e-09 1.2252e-09 1.09078e-09 0 7.75914e-12 4.2871e-08 4.63207e-09 
scan 1000 500 75 1.3188e-09 1.35162e-09 1.3188e-09 2.6376e-11 3.73013e-11 0 6.33287e-16 2.6376e-10 1.26427e-10 
scan 1000 500 76 2.6376e-09 1.95679e-09 1.86506e-09 5.27519e-11 7.46025e-11 0 2.16072e-15 5.27519e-10 2.52853e-10 
scan 1000 500 77 0 0 0 0 0 0 0 0 0 
scan 1000 500 78 1.31879e-09 1.35161e-09 1.31879e-09 3.73009e-11 2.63757e-11 0 6.97902e-15 2.63757e-10 1.26426e-10 
scan 1000 500 79 2.6376e-09 1.95679e-09 1.86506e-09 5.2752e-11 7.46026e-11 0 1.26657e-15 5.2752e-10 2.52854e-10 
scan 1000 500 80 0 0 0 0 0 0 0 0 0 
scan 1000 500 81 0 0 0 0 0 0 0 0 0 
scan 1000 500 82 0 0 0 0 0 0 0 0 0 
scan 1000 500 83 0 0 0 0 0 0 0 0 0 
scan 1000 500 84 0 0 0 0 0 0 0 0 0 
scan 1000 500 85 0 0 0 0 0 0 0 0 0 
scan 1000 500 86 3.95539e-09 4.5853e-09 2.28364e-09 9.22907e-11 1.11875e-10 0 5.06858e-13 3.95539e-09 3.79184e-10 
scan 1000 500 87 2.6376e-09 3.24155e-09 1.86506e-09 5.2752e-11 7.46025e-11 0 1.90751e-15 2.6376e-09 2.52854e-10 
scan 1000 500 88 6.76521e-09 7.45695e-09 3.02937e-09 1.46229e-10 1.80424e-10 0 1.04885e-14 6.76521e-09 7.79172e-10 
scan 1000 500 89 2.5568e-08 2.64044e-08 5.87202e-09 6.24246e-10 7.18509e-10 0 1.44709e-12 2.5568e-08 2.84295e-09 
scan 1000 500 90 2.04849e-08 6.90757e-09 4.98303e-09 3.8485e-10 3.5442e-10 7.66119e-10 9.24179e-10 4.09699e-09 2.09377e-09 
scan 1000 500 91 1.83643e-08 6.42298e-09 4.74992e-09 4.20219e-10 3.00571e-10 6.26419e-10 7.7306e-10 3.67286e-09 1.98648e-09 
scan 1000 500 92 8.44962e-09 3.77619e-09 3.20456e-09 2.05452e-10 9.04234e-11 2.36251e-10 4.09776e-10 1.68992e-09 9.27586e-10 
scan 1000 500 93 2.6227e-09 1.94721e-09 1.85453e-09 5.2454e-11 5.2454e-11 9.17648e-11 7.40838e-12 5.2454e-10 2.51425e-10 
scan 1000 500 94 9.8842e-09 4.20017e-09 3.50526e-09 1.87777e-10 1.72945e-10 3.02133e-10 3.72916e-10 1.97684e-09 1.07295e-09 
scan 1000 500 95 0 0 0 0 0 0 0 0 0 
scan 1000 500 96 6.16416e-09 3.41875e-09 2.76062e-09 1.0942e-10 1.09276e-10 2.73392e-10 2.54611e-10 1.84925e-09 6.95428e-10 
scan 1000 500 97 0 0 0 0 0 0 0 0 0 
scan 1000 500 98 2.62468e-09 2.03513e-09 1.85593e-09 5.24935e-11 5.24935e-11 9.18637e-11 6.43046e-12 7.87403e-10 2.51615e-10 
scan 1000 500 99 0 0 0 0 0 0 0 0 0 
scan 1000 500 100 1.31122e-09 1.8721e-09 1.31122e-09 2.62245e-11 2.62245e-11 2.62245e-11 7.86734e-11 1.31122e-09 2.4065e-10 
scan 1000 500 101 5.27486e-09 5.93783e-09 2.64085e-09 2.62468e-11 1.38324e-10 1.86391e-10 8.24657e-11 5.27486e-09 6.31074e-10 
scan 1000 500 102 1.13338e-08 1.20604e-08 3.79088e-09 2.77101e-10 1.28699e-10 4.93877e-10 4.59042e-10 1.13338e-08 1.44248e-09 
scan 1000 500 103 2.75852e-08 2.8445e-08 5.90632e-09 4.83252e-10 4.64143e-10 1.04008e-09 1.01811e-09 2.75852e-08 3.27476e-09 
scan 1000 500 104 8.4219e-08 8.55027e-08 1.02408e-08 1.46915e-09 1.61731e-09 3.08898e-09 3.24283e-09 8.4219e-08 9.38972e-09 
scan 1000 500 120 3.73893e-09 2.32149e-09 2.16148e-09 5.90719e-11 6.2056e-11 1.1276e-10 9.81689e-11 7.47786e-10 3.58433e-10 
scan 1000 500 121 3.73893e-09 2.31996e-09 2.16148e-09 5.90719e-11 6.2056e-11 7.47786e-11 9.81689e-11 7.47786e-10 3.58433e-10 
scan 1000 500 122 4.79397e-09 2.63941e-09 2.40059e-09 1.17099e-10 7.26686e-11 9.58794e-11 2.12113e-10 9.58794e-10 4.59575e-10 
scan 1000 500 123 7.41753e-09 3.49937e-09 3.03387e-09 1.88056e-10 5.24935e-11 1.83167e-10 2.94002e-10 1.48351e-09 8.26032e-10 
scan 1000 500 124 7.91813e-09 3.76146e-09 3.24337e-09 7.91122e-11 1.91189e-10 1.58363e-10 1.55731e-10 1.58363e-09 1.01446e-09 
scan 1000 500 125 0 0 0 0 0 0 0 0 0 
scan 1000 500 126 1.31234e-09 1.37664e-09 1.31234e-09 2.62468e-11 2.62468e-11 2.62468e-11 3.21523e-12 3.93702e-10 1.25807e-10 
scan 1000 500 127 0 0 0 0 0 0 0 0 0 
scan 1000 500 128 0 0 0 0 0 0 0 0 0 
scan 1000 500 129 0 0 0 0 0 0 0 0 0 
scan 1000 500 130 0 0 0 0 0 0 0 0 0 
scan 1000 500 131 4.00881e-09 4.66074e-09 2.31759e-09 2.62468e-11 1.02515e-10 8.01762e-11 5.71447e-11 4.00881e-09 5.09705e-10 
scan 1000 500 132 7.60974e-09 8.26002e-09 3.10836e-09 5.24935e-11 2.23839e-10 2.29546e-10 1.41739e-10 7.60974e-09 7.29509e-10 
scan 1000 500 133 6.12596e-09 6.74483e-09 2.74435e-09 8.14915e-11 1.20285e-10 1.57336e-10 2.07563e-10 6.12596e-09 5.87266e-10 
scan 1000 500 134 8.58221e-08 8.71775e-08 1.05248e-08 1.50518e-09 1.63719e-09 2.41759e-09 2.41791e-09 8.58221e-08 1.0348e-08 
scan 1000 500 135 1.20166e-08 4.96684e-09 4.02155e-09 2.40333e-10 2.40333e-10 4.47964e-10 1.64002e-10 2.40333e-09 1.54193e-09 
scan 1000 500 136 9.22132e-09 4.22208e-09 3.50022e-09 2.07637e-10 1.84426e-10 3.37878e-10 3.07093e-10 1.84426e-09 1.37387e-09 
scan 1000 500 137 1.281e-08 5.16822e-09 4.06845e-09 2.68866e-10 3.6065e-10 4.87018e-10 4.65889e-10 2.56201e-09 1.71399e-09 
scan 1000 500 138 6.55931e-09 3.37469e-09 2.95341e-09 1.31186e-10 1.66003e-10 2.88595e-10 1.64187e-10 1.31186e-09 8.88778e-10 
scan 1000 500 139 9.05093e-09 4.03575e-09 3.4314e-09 1.92624e-10 1.81019e-10 3.82914e-10 1.56864e-10 1.81019e-09 9.97457e-10 
scan 1000 500 140 0 0 0 0 0 0 0 0 0 
scan 1000 500 141 3.93702e-09 2.59434e-09 2.27304e-09 7.87403e-11 7.87403e-11 1.1811e-10 9.64569e-12 1.1811e-09 3.77422e-10 
scan 1000 500 142 2.32109e-09 1.80462e-09 1.64126e-09 6.96327e-11 4.64218e-11 4.64218e-11 1.39265e-10 6.96327e-10 2.22511e-10 
scan 1000 500 143 3.80381e-09 2.54857e-09 2.21183e-09 7.60763e-11 7.60763e-11 1.55374e-10 1.42898e-10 1.14114e-09 4.94637e-10 
scan 1000 500 144 2.47288e-09 1.92292e-09 1.75188e-09 4.94577e-11 8.4274e-11 8.4274e-11 7.28479e-11 7.41865e-10 2.37063e-10 
scan 1000 500 145 0 0 0 0 0 0 0 0 0 
scan 1000 500 146 5.09644e-09 5.73806e-09 2.55159e-09 1.13534e-10 1.41266e-10 1.41299e-10 1.54736e-10 5.09644e-09 6.03521e-10 
scan 1000 500 147 1.4703e-08 1.54225e-08 4.25877e-09 3.28876e-10 4.03029e-10 3.38541e-10 6.45798e-10 1.4703e-08 1.65444e-09 
scan 1000 500 148 8.4274e-09 9.06141e-09 3.19042e-09 1.68548e-10 2.03364e-10 2.47288e-10 3.54594e-10 8.4274e-09 8.07894e-10 
scan 1000 500 149 8.48982e-08 8.62203e-08 1.03245e-08 1.85185e-09 2.02487e-09 2.42187e-09 3.16764e-09 8.48982e-08 9.80821e-09 
scan 1000 500 165 1.31234e-09 1.345e-09 1.31234e-09 2.62468e-11 2.62468e-11 2.62468e-11 3.21523e-12 2.62468e-10 1.25807e-10 
scan 1000 500 166 2.62468e-09 1.94867e-09 1.85593e-09 5.24935e-11 5.24935e-11 9.18637e-11 6.43046e-12 5.24935e-10 2.51615e-10 
scan 1000 500 167 2.79506e-09 2.09951e-09 1.98008e-09 5.59013e-11 5.59013e-11 1.00383e-10 6.8479e-12 5.59013e-10 3.97933e-10 
scan 1000 500 168 3.93504e-09 2.44141e-09 2.2719e-09 7.87007e-11 7.87007e-11 1.57441e-10 1.06236e-11 7.87007e-10 3.77233e-10 
scan 1000 500 169 7.72112e-09 3.63578e-09 3.15517e-09 1.54422e-10 1.54422e-10 2.72499e-10 1.61167e-10 1.54422e-09 8.55136e-10 
scan 1000 500 170 1.31234e-09 1.37664e-09 1.31234e-09 2.62468e-11 2.62468e-11 2.62468e-11 3.21523e-12 3.93702e-10 1.25807e-10 
scan 1000 500 171 0 0 0 0 0 0 0 0 0 
scan 1000 500 172 0 0 0 0 0 0 0 0 0 
scan 1000 500 173 1.31234e-09 1.37795e-09 1.31234e-09 2.62468e-11 2.62468e-11 6.56169e-11 3.21523e-12 3.93702e-10 1.25807e-10 
scan 1000 500 174 5.41776e-09 3.234e-09 2.71293e-09 1.08355e-10 1.08355e-10 1.08355e-10 1.42563e-11 1.62533e-09 6.49359e-10 
scan 1000 500 175 1.31234e-09 1.86074e-09 1.31234e-09 2.62468e-11 2.62468e-11 2.62468e-11 3.21523e-12 1.31234e-09 1.25807e-10 
scan 1000 500 176 0 0 0 0 0 0 0 0 0 
scan 1000 500 177 2.60371e-09 3.22504e-09 1.85878e-09 5.20741e-11 5.20741e-11 9.65558e-11 8.77062e-11 2.60371e-09 3.79589e-10 
scan 1000 500 178 2.60371e-09 3.22524e-09 1.85878e-09 6.32839e-11 5.20741e-11 9.65558e-11 8.77062e-11 2.60371e-09 3.79589e-10 
scan 1000 500 179 4.68422e-08 4.78143e-08 7.82869e-09 9.48449e-10 9.7166e-10 1.41951e-09 6.63616e-10 4.68422e-08 5.14045e-09 
