xsec 1000 350 0.000129786
scan 1000 350 0 3.12209e-08 3.19986e-08 3.12209e-08 1.08152e-09 0 0 2.2479e-10 6.24417e-09 2.99299e-09 
scan 1000 350 1 3.12209e-08 3.19986e-08 3.12209e-08 1.08152e-09 0 0 2.2479e-10 6.24417e-09 2.99299e-09 
scan 1000 350 2 0 0 0 0 0 0 0 0 0 
scan 1000 350 3 3.16767e-08 3.24727e-08 3.16767e-08 1.14212e-09 6.33534e-10 0 1.67633e-13 6.33534e-09 3.03669e-09 
scan 1000 350 4 5.77178e-07 1.90748e-07 1.36157e-07 1.42258e-08 1.22123e-08 0 2.37585e-09 1.15436e-07 6.45239e-08 
scan 1000 350 5 0 0 0 0 0 0 0 0 0 
scan 1000 350 6 0 0 0 0 0 0 0 0 0 
scan 1000 350 7 0 0 0 0 0 0 0 0 0 
scan 1000 350 8 0 0 0 0 0 0 0 0 0 
scan 1000 350 9 6.28979e-08 4.87551e-08 4.44767e-08 1.97748e-09 1.58385e-09 0 2.24791e-10 1.88694e-08 6.02971e-09 
scan 1000 350 10 0 0 0 0 0 0 0 0 0 
scan 1000 350 11 6.28472e-08 7.72235e-08 4.44406e-08 1.08152e-09 1.09557e-09 0 2.50091e-10 6.28472e-08 6.02485e-09 
scan 1000 350 12 2.54403e-07 2.71363e-07 9.0039e-08 6.52998e-09 2.96115e-09 0 1.44962e-09 2.54403e-07 2.75063e-08 
scan 1000 350 13 2.61607e-07 2.79755e-07 9.26593e-08 7.14252e-09 2.32761e-09 0 1.79031e-09 2.61607e-07 3.43416e-08 
scan 1000 350 14 2.60081e-06 2.63459e-06 2.89328e-07 5.31589e-08 5.12766e-08 0 1.19048e-08 2.60081e-06 2.95839e-07 
scan 1000 350 15 0 0 0 0 0 0 0 0 0 
scan 1000 350 16 9.44289e-08 5.85074e-08 5.45205e-08 3.06995e-09 1.58225e-09 0 2.95911e-10 1.88858e-08 9.05244e-09 
scan 1000 350 17 3.16768e-08 3.24975e-08 3.16768e-08 6.33536e-10 1.70585e-09 0 1.11756e-13 6.33536e-09 3.0367e-09 
scan 1000 350 18 6.23277e-08 4.62427e-08 4.40724e-08 2.15909e-09 0 0 5.04752e-10 1.24655e-08 5.97505e-09 
scan 1000 350 19 1.64884e-07 8.39671e-08 7.38654e-08 2.29777e-09 4.12912e-09 0 6.88138e-10 3.29767e-08 2.20025e-08 
scan 1000 350 20 3.16767e-08 3.32287e-08 3.16767e-08 8.95952e-10 6.33534e-10 0 1.67633e-13 9.50301e-09 3.03669e-09 
scan 1000 350 21 0 0 0 0 0 0 0 0 0 
scan 1000 350 22 3.16768e-08 3.32605e-08 3.16768e-08 6.33536e-10 1.70585e-09 0 1.11756e-13 9.50304e-09 3.0367e-09 
scan 1000 350 23 6.32272e-08 4.89813e-08 4.47085e-08 8.95959e-10 1.72647e-09 0 6.31463e-11 1.89682e-08 6.06129e-09 
scan 1000 350 24 1.25183e-07 7.41e-08 6.25955e-08 3.24244e-09 2.676e-09 0 7.45129e-10 3.75548e-08 1.20006e-08 
scan 1000 350 25 0 0 0 0 0 0 0 0 0 
scan 1000 350 26 0 0 0 0 0 0 0 0 0 
scan 1000 350 27 0 0 0 0 0 0 0 0 0 
scan 1000 350 28 1.26556e-07 1.4207e-07 6.3278e-08 8.95959e-10 3.92024e-09 0 7.59488e-11 1.26556e-07 1.21323e-08 
scan 1000 350 29 2.09492e-06 2.12564e-06 2.6015e-07 4.29218e-08 4.41658e-08 0 7.57098e-09 2.09492e-06 2.41085e-07 
scan 1000 350 30 2.91497e-07 1.18774e-07 9.72845e-08 7.1505e-09 5.16179e-09 0 7.34019e-10 5.82993e-08 3.41442e-08 
scan 1000 350 31 4.22553e-07 1.53607e-07 1.17341e-07 1.03964e-08 9.61843e-09 0 5.36148e-10 8.45106e-08 4.98319e-08 
scan 1000 350 32 4.13187e-07 1.48245e-07 1.14672e-07 1.09994e-08 7.03006e-09 0 1.255e-09 8.26374e-08 4.27331e-08 
scan 1000 350 33 6.83584e-07 2.194e-07 1.49375e-07 1.6073e-08 1.70434e-08 0 6.72629e-10 1.36717e-07 8.11328e-08 
scan 1000 350 34 5.27057e-06 1.29598e-06 4.13298e-07 1.23823e-07 1.13767e-07 0 1.13103e-08 1.05411e-06 6.07616e-07 
scan 1000 350 35 3.55661e-08 3.77216e-08 3.55661e-08 0 1.23205e-09 0 2.84529e-11 1.06698e-08 6.52748e-09 
scan 1000 350 36 1.24655e-07 7.37772e-08 6.23305e-08 3.85441e-09 8.95961e-10 0 1.00418e-09 3.73966e-08 1.19501e-08 
scan 1000 350 37 9.50309e-08 6.2583e-08 5.48661e-08 2.16304e-09 2.42546e-09 0 7.60564e-14 2.85093e-08 9.11015e-09 
scan 1000 350 38 2.21232e-07 1.09065e-07 8.36189e-08 5.03648e-09 4.7881e-09 0 2.50263e-10 6.63696e-08 2.12084e-08 
scan 1000 350 39 1.90021e-06 6.6008e-07 2.47629e-07 4.49372e-08 4.42467e-08 0 4.01784e-09 5.70063e-07 2.13122e-07 
scan 1000 350 40 0 0 0 0 0 0 0 0 0 
scan 1000 350 41 4.56888e-07 4.76491e-07 1.22307e-07 9.0183e-09 9.45567e-09 0 1.1695e-09 4.56888e-07 5.62676e-08 
scan 1000 350 42 7.91252e-07 8.11077e-07 1.58305e-07 1.43832e-08 1.60518e-08 0 2.27491e-09 7.91252e-07 7.89714e-08 
scan 1000 350 43 9.8646e-07 1.00804e-06 1.77297e-07 2.28167e-08 1.67989e-08 0 3.6161e-09 9.8646e-07 1.03863e-07 
scan 1000 350 44 1.96093e-05 1.97666e-05 7.97596e-07 4.56189e-07 3.81139e-07 0 4.72412e-08 1.96093e-05 2.28109e-06 
scan 1000 350 45 0 0 0 0 0 0 0 0 0 
scan 1000 350 46 0 0 0 0 0 0 0 0 0 
scan 1000 350 47 0 0 0 0 0 0 0 0 0 
scan 1000 350 48 0 0 0 0 0 0 0 0 0 
scan 1000 350 49 0 0 0 0 0 0 0 0 0 
scan 1000 350 50 0 0 0 0 0 0 0 0 0 
scan 1000 350 51 0 0 0 0 0 0 0 0 0 
scan 1000 350 52 0 0 0 0 0 0 0 0 0 
scan 1000 350 53 0 0 0 0 0 0 0 0 0 
scan 1000 350 54 0 0 0 0 0 0 0 0 0 
scan 1000 350 55 0 0 0 0 0 0 0 0 0 
scan 1000 350 56 0 0 0 0 0 0 0 0 0 
scan 1000 350 57 0 0 0 0 0 0 0 0 0 
scan 1000 350 58 0 0 0 0 0 0 0 0 0 
scan 1000 350 59 1.02887e-07 1.19994e-07 5.94892e-08 2.41385e-09 2.91009e-09 0 1.8045e-11 1.02887e-07 1.6107e-08 
scan 1000 350 75 0 0 0 0 0 0 0 0 0 
scan 1000 350 76 0 0 0 0 0 0 0 0 0 
scan 1000 350 77 0 0 0 0 0 0 0 0 0 
scan 1000 350 78 0 0 0 0 0 0 0 0 0 
scan 1000 350 79 0 0 0 0 0 0 0 0 0 
scan 1000 350 80 0 0 0 0 0 0 0 0 0 
scan 1000 350 81 3.1677e-08 3.3229e-08 3.1677e-08 6.3354e-10 8.9596e-10 0 1.98678e-14 9.50309e-09 3.03672e-09 
scan 1000 350 82 0 0 0 0 0 0 0 0 0 
scan 1000 350 83 0 0 0 0 0 0 0 0 0 
scan 1000 350 84 0 0 0 0 0 0 0 0 0 
scan 1000 350 85 0 0 0 0 0 0 0 0 0 
scan 1000 350 86 0 0 0 0 0 0 0 0 0 
scan 1000 350 87 0 0 0 0 0 0 0 0 0 
scan 1000 350 88 0 0 0 0 0 0 0 0 0 
scan 1000 350 89 1.26708e-07 1.42251e-07 6.3354e-08 2.53416e-09 3.58384e-09 0 7.62402e-14 1.26708e-07 1.21469e-08 
scan 1000 350 90 3.15218e-08 3.23386e-08 3.15218e-08 6.30436e-10 6.30436e-10 1.57609e-09 7.72284e-11 6.30436e-09 3.02184e-09 
scan 1000 350 91 2.78758e-08 2.86184e-08 2.78758e-08 7.88446e-10 0 5.57516e-10 1.67255e-09 5.57516e-09 2.67231e-09 
scan 1000 350 92 2.78758e-08 2.86469e-08 2.78758e-08 5.57516e-10 1.39379e-09 5.57516e-10 1.67255e-09 5.57516e-09 2.67231e-09 
scan 1000 350 93 0 0 0 0 0 0 0 0 0 
scan 1000 350 94 5.82857e-08 4.33679e-08 4.12532e-08 5.57516e-10 1.41764e-09 2.07801e-09 2.28075e-09 1.16571e-08 5.58757e-09 
scan 1000 350 95 0 0 0 0 0 0 0 0 0 
scan 1000 350 96 3.14743e-08 3.30165e-08 3.14743e-08 6.29486e-10 6.29486e-10 6.29486e-10 1.00718e-10 9.44229e-09 3.01729e-09 
scan 1000 350 97 0 0 0 0 0 0 0 0 0 
scan 1000 350 98 0 0 0 0 0 0 0 0 0 
scan 1000 350 99 0 0 0 0 0 0 0 0 0 
scan 1000 350 100 0 0 0 0 0 0 0 0 0 
scan 1000 350 101 0 0 0 0 0 0 0 0 0 
scan 1000 350 102 2.78758e-08 3.95806e-08 2.78758e-08 7.88446e-10 0 1.39379e-09 1.67255e-09 2.78758e-08 2.67231e-09 
scan 1000 350 103 5.57516e-08 6.86151e-08 3.94223e-08 1.34596e-09 5.57516e-10 1.9513e-09 3.34509e-09 5.57516e-08 5.34463e-09 
scan 1000 350 104 3.6684e-07 3.84808e-07 1.06008e-07 6.38196e-09 9.11922e-09 1.20317e-08 1.10802e-08 3.6684e-07 4.3318e-08 
scan 1000 350 120 0 0 0 0 0 0 0 0 0 
scan 1000 350 121 0 0 0 0 0 0 0 0 0 
scan 1000 350 122 2.78758e-08 2.86184e-08 2.78758e-08 7.88446e-10 0 5.57516e-10 1.67255e-09 5.57516e-09 2.67231e-09 
scan 1000 350 123 0 0 0 0 0 0 0 0 0 
scan 1000 350 124 0 0 0 0 0 0 0 0 0 
scan 1000 350 125 0 0 0 0 0 0 0 0 0 
scan 1000 350 126 0 0 0 0 0 0 0 0 0 
scan 1000 350 127 0 0 0 0 0 0 0 0 0 
scan 1000 350 128 0 0 0 0 0 0 0 0 0 
scan 1000 350 129 0 0 0 0 0 0 0 0 0 
scan 1000 350 130 0 0 0 0 0 0 0 0 0 
scan 1000 350 131 0 0 0 0 0 0 0 0 0 
scan 1000 350 132 3.15218e-08 4.46943e-08 3.15218e-08 6.30436e-10 6.30436e-10 6.30436e-10 7.72284e-11 3.15218e-08 3.02184e-09 
scan 1000 350 133 6.572e-08 8.11031e-08 4.65095e-08 6.30436e-10 1.59771e-09 2.34034e-09 7.61191e-10 6.572e-08 9.29826e-09 
scan 1000 350 134 4.16996e-07 4.34625e-07 1.11872e-07 7.0538e-09 6.57928e-09 9.11917e-09 1.48687e-08 4.16996e-07 4.58311e-08 
scan 1000 350 135 0 0 0 0 0 0 0 0 0 
scan 1000 350 136 0 0 0 0 0 0 0 0 0 
scan 1000 350 137 0 0 0 0 0 0 0 0 0 
scan 1000 350 138 0 0 0 0 0 0 0 0 0 
scan 1000 350 139 0 0 0 0 0 0 0 0 0 
scan 1000 350 140 0 0 0 0 0 0 0 0 0 
scan 1000 350 141 0 0 0 0 0 0 0 0 0 
scan 1000 350 142 0 0 0 0 0 0 0 0 0 
scan 1000 350 143 0 0 0 0 0 0 0 0 0 
scan 1000 350 144 0 0 0 0 0 0 0 0 0 
scan 1000 350 145 0 0 0 0 0 0 0 0 0 
scan 1000 350 146 0 0 0 0 0 0 0 0 0 
scan 1000 350 147 0 0 0 0 0 0 0 0 0 
scan 1000 350 148 5.93976e-08 7.30699e-08 4.20795e-08 1.46671e-09 1.18795e-09 1.18795e-09 1.74977e-09 5.93976e-08 5.69415e-09 
scan 1000 350 149 5.57516e-08 6.86042e-08 3.94223e-08 1.39379e-09 1.11503e-09 1.11503e-09 3.34509e-09 5.57516e-08 5.34463e-09 
scan 1000 350 165 0 0 0 0 0 0 0 0 0 
scan 1000 350 166 0 0 0 0 0 0 0 0 0 
scan 1000 350 167 5.93976e-08 4.41761e-08 4.20795e-08 1.18795e-09 1.18795e-09 1.18795e-09 1.74977e-09 1.18795e-08 5.69415e-09 
scan 1000 350 168 3.15218e-08 3.23386e-08 3.15218e-08 6.30436e-10 6.30436e-10 1.57609e-09 7.72284e-11 6.30436e-09 3.02184e-09 
scan 1000 350 169 6.30436e-08 4.68604e-08 4.45786e-08 1.26087e-09 1.26087e-09 3.15218e-09 1.54457e-10 1.26087e-08 6.04368e-09 
scan 1000 350 170 0 0 0 0 0 0 0 0 0 
scan 1000 350 171 0 0 0 0 0 0 0 0 0 
scan 1000 350 172 3.54485e-08 3.7597e-08 3.54485e-08 7.0897e-10 7.0897e-10 7.0897e-10 8.68489e-11 1.06346e-08 6.5059e-09 
scan 1000 350 173 0 0 0 0 0 0 0 0 0 
scan 1000 350 174 3.15218e-08 3.30663e-08 3.15218e-08 6.30436e-10 6.30436e-10 6.30436e-10 7.72284e-11 9.45654e-09 3.02184e-09 
scan 1000 350 175 0 0 0 0 0 0 0 0 0 
scan 1000 350 176 0 0 0 0 0 0 0 0 0 
scan 1000 350 177 0 0 0 0 0 0 0 0 0 
scan 1000 350 178 0 0 0 0 0 0 0 0 0 
scan 1000 350 179 1.85485e-07 2.01275e-07 7.5797e-08 3.7097e-09 3.7097e-09 3.7097e-09 2.05869e-09 1.85485e-07 1.77815e-08 
