xsec 250 0 0.317895
scan 250 0 0 0.000628042 0.000339854 0.000314041 1.53052e-05 8.60041e-06 0 3.50846e-06 0.000125608 2.7943e-05 
scan 250 0 1 0.000940895 0.000430912 0.000384179 2.57974e-05 1.36119e-05 0 7.03762e-06 0.000188179 4.2188e-05 
scan 250 0 2 0.000473508 0.000290532 0.000273384 9.96508e-06 1.2166e-05 0 2.03213e-06 9.47015e-05 2.12236e-05 
scan 250 0 3 0.000470453 0.00028873 0.000271638 1.39943e-05 8.46952e-06 0 3.52387e-06 9.40905e-05 2.10907e-05 
scan 250 0 4 0.000157657 0.000161102 0.000157657 6.50037e-06 0 0 2.36486e-06 3.15314e-05 7.48435e-06 
scan 250 0 5 0 0 0 0 0 0 0 0 0 
scan 250 0 6 0.000477495 0.00031184 0.000275713 1.06454e-05 1.00463e-05 0 2.49145e-06 0.000143249 2.20401e-05 
scan 250 0 7 0.000162273 0.000169686 0.000162273 0 5.62131e-06 0 1.29818e-07 4.86819e-05 7.70348e-06 
scan 250 0 8 0 0 0 0 0 0 0 0 0 
scan 250 0 9 0 0 0 0 0 0 0 0 0 
scan 250 0 10 0 0 0 0 0 0 0 0 0 
scan 250 0 11 0.000791107 0.000867799 0.000353849 1.40405e-05 2.31209e-05 0 3.2625e-06 0.000791107 3.56856e-05 
scan 250 0 12 0.00140848 0.00148664 0.000469514 4.23097e-05 1.30568e-05 0 7.15391e-06 0.00140848 6.18802e-05 
scan 250 0 13 0.00111091 0.00118907 0.000419964 2.18049e-05 1.66784e-05 0 5.84962e-06 0.00111091 5.08767e-05 
scan 250 0 14 0.000796871 0.000874105 0.000356422 1.8362e-05 1.8353e-05 0 2.87895e-06 0.000796871 3.65809e-05 
scan 250 0 15 0.000778484 0.000383658 0.000348169 2.15182e-05 5.44926e-06 0 6.98306e-06 0.000155697 3.4481e-05 
scan 250 0 16 0.00141562 0.000555482 0.000471923 3.18049e-05 2.63108e-05 0 6.09154e-06 0.000283124 6.28391e-05 
scan 250 0 17 0.000316688 0.000233479 0.00022401 9.93721e-06 3.25065e-06 0 1.66518e-06 6.33376e-05 1.44188e-05 
scan 250 0 18 0 0 0 0 0 0 0 0 0 
scan 250 0 19 0.000312281 0.000230134 0.000220825 9.53054e-06 4.45642e-06 0 1.39258e-06 6.24562e-05 1.35786e-05 
scan 250 0 20 0 0 0 0 0 0 0 0 0 
scan 250 0 21 0.000644606 0.000377539 0.000322313 1.43289e-05 1.02184e-05 0 2.71975e-06 0.000193382 3.0601e-05 
scan 250 0 22 0.00015529 0.000162361 0.00015529 5.37939e-06 0 0 1.11809e-06 4.65869e-05 6.75229e-06 
scan 250 0 23 0 0 0 0 0 0 0 0 0 
scan 250 0 24 0 0 0 0 0 0 0 0 0 
scan 250 0 25 0 0 0 0 0 0 0 0 0 
scan 250 0 26 0.000936488 0.00101277 0.000382335 2.56982e-05 9.90568e-06 0 6.75517e-06 0.000936488 4.13479e-05 
scan 250 0 27 0.000797587 0.000874759 0.000356744 1.40798e-05 1.5699e-05 0 2.53121e-06 0.000797587 3.66149e-05 
scan 250 0 28 0.000786324 0.000862602 0.00035174 2.7469e-05 3.25063e-06 0 5.60209e-06 0.000786324 3.54787e-05 
scan 250 0 29 0.000157557 0.000222992 0.000157557 3.15115e-06 4.4564e-06 0 5.55863e-10 0.000157557 6.8509e-06 
scan 250 0 30 0.0041173 0.00117458 0.000807574 0.000100944 6.98996e-05 0 1.18081e-05 0.000823459 0.000184827 
scan 250 0 31 0.00792347 0.00198911 0.00112072 0.000169979 0.000186271 0 1.4267e-05 0.00158469 0.000354244 
scan 250 0 32 0.00631267 0.0016471 0.000998293 0.000176992 0.000106142 0 2.17713e-05 0.00126253 0.000281597 
scan 250 0 33 0.00413633 0.00118138 0.000811289 0.000104319 8.33077e-05 0 9.76188e-06 0.000827266 0.000187577 
scan 250 0 34 0.00299747 0.000927319 0.000687729 7.74122e-05 6.19567e-05 0 7.86813e-06 0.000599493 0.000132906 
scan 250 0 35 0.00126228 0.000589145 0.00044637 2.28652e-05 2.73781e-05 0 3.96995e-06 0.000378684 5.61824e-05 
scan 250 0 36 0.00237426 0.000948915 0.000613089 5.4888e-05 5.47189e-05 0 4.38463e-06 0.000712278 0.000105807 
scan 250 0 37 0.00188296 0.000789941 0.000543583 3.36716e-05 3.8005e-05 0 6.24817e-06 0.000564889 8.25094e-05 
scan 250 0 38 0.00142446 0.000643683 0.000474844 3.60385e-05 3.0571e-05 0 1.7193e-06 0.000427339 6.32214e-05 
scan 250 0 39 0.000950761 0.000484729 0.000388217 2.62141e-05 1.96109e-05 0 2.23731e-06 0.000285228 4.2638e-05 
scan 250 0 40 0.000315115 0.000386363 0.00022282 1.01372e-05 6.3023e-06 0 1.06077e-09 0.000315115 1.37018e-05 
scan 250 0 41 0.00744736 0.00753703 0.00108648 0.000187207 0.000122843 0 2.32856e-05 0.00744736 0.00033543 
scan 250 0 42 0.00915774 0.0092494 0.00120266 0.000213712 0.000165373 0 2.95406e-05 0.00915774 0.000408526 
scan 250 0 43 0.00761457 0.00770449 0.0010992 0.000169747 0.000152611 0 1.6155e-05 0.00761457 0.00034206 
scan 250 0 44 0.00807362 0.00816409 0.0011307 0.000182926 0.000161445 0 2.03273e-05 0.00807362 0.000361386 
scan 250 0 45 0.000157558 0.000160917 0.000157558 4.45642e-06 3.15116e-06 0 2.26978e-10 3.15116e-05 6.85092e-06 
scan 250 0 46 0.000325063 0.000239686 0.000229854 1.04572e-05 6.50126e-06 0 1.72023e-09 6.50126e-05 1.54315e-05 
scan 250 0 47 0 0 0 0 0 0 0 0 0 
scan 250 0 48 0 0 0 0 0 0 0 0 0 
scan 250 0 49 0 0 0 0 0 0 0 0 0 
scan 250 0 50 0 0 0 0 0 0 0 0 0 
scan 250 0 51 0.000157558 0.000164729 0.000157558 3.15117e-06 4.45642e-06 0 7.56595e-11 4.72675e-05 6.85094e-06 
scan 250 0 52 0 0 0 0 0 0 0 0 0 
scan 250 0 53 0 0 0 0 0 0 0 0 0 
scan 250 0 54 0 0 0 0 0 0 0 0 0 
scan 250 0 55 0 0 0 0 0 0 0 0 0 
scan 250 0 56 0 0 0 0 0 0 0 0 0 
scan 250 0 57 0.000157558 0.000222993 0.000157558 3.15117e-06 4.45642e-06 0 9.88206e-11 0.000157558 6.85094e-06 
scan 250 0 58 0 0 0 0 0 0 0 0 0 
scan 250 0 59 0 0 0 0 0 0 0 0 0 
scan 250 0 75 0.000162533 0.000166027 0.000162533 3.25066e-06 4.59713e-06 0 7.80483e-11 3.25066e-05 7.71582e-06 
scan 250 0 76 0 0 0 0 0 0 0 0 0 
scan 250 0 77 0 0 0 0 0 0 0 0 0 
scan 250 0 78 0 0 0 0 0 0 0 0 0 
scan 250 0 79 0 0 0 0 0 0 0 0 0 
scan 250 0 80 0 0 0 0 0 0 0 0 0 
scan 250 0 81 0 0 0 0 0 0 0 0 0 
scan 250 0 82 0 0 0 0 0 0 0 0 0 
scan 250 0 83 0 0 0 0 0 0 0 0 0 
scan 250 0 84 0 0 0 0 0 0 0 0 0 
scan 250 0 85 0 0 0 0 0 0 0 0 0 
scan 250 0 86 0 0 0 0 0 0 0 0 0 
scan 250 0 87 0 0 0 0 0 0 0 0 0 
scan 250 0 88 0 0 0 0 0 0 0 0 0 
scan 250 0 89 0 0 0 0 0 0 0 0 0 
scan 250 0 90 0.000289908 0.00021444 0.000205189 2.77303e-06 1.12107e-05 9.9577e-06 1.13442e-05 5.79815e-05 1.26057e-05 
scan 250 0 91 0.000464593 0.000285066 0.000268269 6.26673e-06 1.05449e-05 9.29186e-06 3.91021e-06 9.29186e-05 2.02014e-05 
scan 250 0 92 0.000138652 0.000141994 0.000138652 3.92166e-06 0 6.93258e-06 8.31909e-06 2.77303e-05 6.02883e-06 
scan 250 0 93 0 0 0 0 0 0 0 0 0 
scan 250 0 94 0 0 0 0 0 0 0 0 0 
scan 250 0 95 0.000133925 0.000140379 0.000133925 3.78796e-06 0 2.6785e-06 1.00444e-05 4.01774e-05 5.8233e-06 
scan 250 0 96 0.000151256 0.000158169 0.000151256 0 4.27817e-06 3.02512e-06 3.02512e-06 4.53769e-05 6.57691e-06 
scan 250 0 97 0 0 0 0 0 0 0 0 0 
scan 250 0 98 0 0 0 0 0 0 0 0 0 
scan 250 0 99 0 0 0 0 0 0 0 0 0 
scan 250 0 100 0 0 0 0 0 0 0 0 0 
scan 250 0 101 0 0 0 0 0 0 0 0 0 
scan 250 0 102 0.000295202 0.000362341 0.000209122 7.05266e-06 3.131e-06 1.06005e-05 8.82005e-06 0.000295202 1.28359e-05 
scan 250 0 103 0.000156032 0.000220991 0.000156032 0 4.41325e-06 7.80159e-06 3.12064e-06 0.000156032 7.40719e-06 
scan 250 0 104 0.000423185 0.000489994 0.000244674 6.54268e-06 1.12107e-05 8.4637e-06 2.33392e-05 0.000423185 1.89327e-05 
scan 250 0 120 0.000318523 0.000234801 0.000225257 6.37047e-06 6.37047e-06 6.37047e-06 7.80382e-07 6.37047e-05 1.44954e-05 
scan 250 0 121 0 0 0 0 0 0 0 0 0 
scan 250 0 122 0.000156787 0.000160129 0.000156787 3.13573e-06 3.13573e-06 3.13573e-06 3.84127e-07 3.13573e-05 6.81738e-06 
scan 250 0 123 0 0 0 0 0 0 0 0 0 
scan 250 0 124 0 0 0 0 0 0 0 0 0 
scan 250 0 125 0 0 0 0 0 0 0 0 0 
scan 250 0 126 0 0 0 0 0 0 0 0 0 
scan 250 0 127 0 0 0 0 0 0 0 0 0 
scan 250 0 128 0 0 0 0 0 0 0 0 0 
scan 250 0 129 0 0 0 0 0 0 0 0 0 
scan 250 0 130 0 0 0 0 0 0 0 0 0 
scan 250 0 131 0 0 0 0 0 0 0 0 0 
scan 250 0 132 0.000151256 0.000214095 0.000151256 0 4.27817e-06 3.02512e-06 3.02512e-06 0.000151256 6.57691e-06 
scan 250 0 133 0 0 0 0 0 0 0 0 0 
scan 250 0 134 0 0 0 0 0 0 0 0 0 
scan 250 0 135 0.00015655 0.000159888 0.00015655 3.131e-06 3.131e-06 3.131e-06 5.00961e-07 3.131e-05 6.8071e-06 
scan 250 0 136 0.000300388 0.000222332 0.000213033 6.00777e-06 1.01673e-05 6.00777e-06 8.71535e-06 6.00777e-05 1.37068e-05 
scan 250 0 137 0 0 0 0 0 0 0 0 0 
scan 250 0 138 0 0 0 0 0 0 0 0 0 
scan 250 0 139 0 0 0 0 0 0 0 0 0 
scan 250 0 140 0 0 0 0 0 0 0 0 0 
scan 250 0 141 0.00015655 0.000163676 0.00015655 3.131e-06 3.131e-06 3.131e-06 5.00961e-07 4.69651e-05 6.8071e-06 
scan 250 0 142 0 0 0 0 0 0 0 0 0 
scan 250 0 143 0 0 0 0 0 0 0 0 0 
scan 250 0 144 0 0 0 0 0 0 0 0 0 
scan 250 0 145 0 0 0 0 0 0 0 0 0 
scan 250 0 146 0.000161737 0.000228928 0.000161737 3.23473e-06 3.23473e-06 3.23473e-06 3.96255e-07 0.000161737 7.67802e-06 
scan 250 0 147 0 0 0 0 0 0 0 0 0 
scan 250 0 148 0.000156787 0.000221901 0.000156787 3.13573e-06 3.13573e-06 3.13573e-06 3.84127e-07 0.000156787 6.81738e-06 
scan 250 0 149 0 0 0 0 0 0 0 0 0 
scan 250 0 165 0 0 0 0 0 0 0 0 0 
scan 250 0 166 0 0 0 0 0 0 0 0 0 
scan 250 0 167 0 0 0 0 0 0 0 0 0 
scan 250 0 168 0.000156787 0.000160129 0.000156787 3.13573e-06 3.13573e-06 3.13573e-06 3.84127e-07 3.13573e-05 6.81738e-06 
scan 250 0 169 0 0 0 0 0 0 0 0 0 
scan 250 0 170 0 0 0 0 0 0 0 0 0 
scan 250 0 171 0 0 0 0 0 0 0 0 0 
scan 250 0 172 0 0 0 0 0 0 0 0 0 
scan 250 0 173 0 0 0 0 0 0 0 0 0 
scan 250 0 174 0 0 0 0 0 0 0 0 0 
scan 250 0 175 0 0 0 0 0 0 0 0 0 
scan 250 0 176 0 0 0 0 0 0 0 0 0 
scan 250 0 177 0.000156787 0.000222017 0.000156787 3.13573e-06 3.13573e-06 7.83933e-06 3.84127e-07 0.000156787 6.81738e-06 
scan 250 0 178 0 0 0 0 0 0 0 0 0 
scan 250 0 179 0 0 0 0 0 0 0 0 0 
