xsec 250 100 0.317895
scan 250 100 0 0.00128901 0.000317948 0.000170791 3.85872e-05 2.40709e-05 0 5.16396e-06 0.000257802 5.80033e-05 
scan 250 100 1 0.00271738 0.000618486 0.000248161 7.82424e-05 6.60027e-05 0 1.00827e-05 0.000543477 0.000122453 
scan 250 100 2 0.00140196 0.000341939 0.000178113 3.31945e-05 3.82214e-05 0 5.77074e-06 0.000280392 6.31032e-05 
scan 250 100 3 0.000702846 0.000193473 0.000126275 2.06845e-05 1.6775e-05 0 2.83439e-06 0.000140569 3.17702e-05 
scan 250 100 4 0.000694473 0.000191288 0.000124755 1.71758e-05 2.20579e-05 0 2.92101e-06 0.000138895 3.07524e-05 
scan 250 100 5 0.000133803 6.82412e-05 5.46259e-05 4.76418e-06 2.23675e-06 0 1.98314e-07 4.01408e-05 5.81799e-06 
scan 250 100 6 0.000632811 0.000227302 0.000119628 1.8389e-05 1.30005e-05 0 1.97631e-06 0.000189843 2.83555e-05 
scan 250 100 7 0.000429751 0.000164189 9.86277e-05 1.3797e-05 6.45609e-06 0 1.67647e-06 0.000128925 1.93387e-05 
scan 250 100 8 0.000135282 6.90164e-05 5.52373e-05 2.96648e-06 4.526e-06 0 4.73583e-08 4.05846e-05 5.97586e-06 
scan 250 100 9 2.23194e-05 2.33352e-05 2.23194e-05 6.31289e-07 4.46389e-07 0 2.4105e-08 6.69583e-06 9.70492e-07 
scan 250 100 10 6.89071e-05 7.96726e-05 3.9808e-05 1.69777e-06 1.33152e-06 0 2.62066e-07 6.89071e-05 3.18407e-06 
scan 250 100 11 0.000738727 0.000750995 0.000128619 1.71642e-05 1.94465e-05 0 2.00784e-06 0.000738727 3.24949e-05 
scan 250 100 12 0.00193391 0.0019481 0.000208602 4.86234e-05 4.28827e-05 0 5.28265e-06 0.00193391 8.57771e-05 
scan 250 100 13 0.00204981 0.00206431 0.000214936 5.09793e-05 5.02942e-05 0 5.02628e-06 0.00204981 9.10918e-05 
scan 250 100 14 0.00122139 0.00123453 0.000166263 2.86944e-05 2.79859e-05 0 3.12356e-06 0.00122139 5.46968e-05 
scan 250 100 15 0.000908142 0.000237088 0.000143639 2.00293e-05 2.2171e-05 0 3.17863e-06 0.000181628 4.10725e-05 
scan 250 100 16 0.00172749 0.000409642 0.00019694 4.92395e-05 3.49471e-05 0 8.93481e-06 0.000345498 7.69826e-05 
scan 250 100 17 0.00101175 0.000258745 0.000150876 2.42172e-05 2.44688e-05 0 4.34196e-06 0.00020235 4.51143e-05 
scan 250 100 18 0.000382765 0.000122191 9.2853e-05 1.0471e-05 5.68398e-06 0 2.78103e-06 7.6553e-05 1.72864e-05 
scan 250 100 19 0.000205158 8.06008e-05 6.84073e-05 3.46199e-06 5.89937e-06 0 4.10622e-07 4.10316e-05 9.29431e-06 
scan 250 100 20 6.78496e-05 4.43409e-05 3.91777e-05 2.20686e-06 1.65188e-06 0 2.08228e-07 2.03549e-05 3.04247e-06 
scan 250 100 21 0.000447027 0.000169019 9.99708e-05 9.60127e-06 1.04504e-05 0 1.31077e-06 0.000134108 1.96232e-05 
scan 250 100 22 0.000294398 0.000121365 8.16829e-05 5.84334e-06 6.75375e-06 0 1.09781e-06 8.83194e-05 1.32679e-05 
scan 250 100 23 9.01114e-05 5.27989e-05 4.50707e-05 1.71212e-06 2.54122e-06 0 2.61198e-07 2.70334e-05 4.01199e-06 
scan 250 100 24 4.46368e-05 3.4394e-05 3.15631e-05 8.0647e-07 1.72663e-06 0 4.91472e-08 1.3391e-05 1.94089e-06 
scan 250 100 25 4.50796e-05 5.5283e-05 3.18865e-05 1.70636e-06 0 0 4.05717e-07 4.50796e-05 2.05238e-06 
scan 250 100 26 0.000381935 0.000393576 9.26545e-05 9.02214e-06 8.45403e-06 0 1.47207e-06 0.000381935 1.69786e-05 
scan 250 100 27 0.00121771 0.00123075 0.000165758 2.87909e-05 2.54568e-05 0 3.78344e-06 0.00121771 5.43477e-05 
scan 250 100 28 0.001262 0.00127517 0.000168695 3.24445e-05 2.67579e-05 0 4.57205e-06 0.001262 5.63663e-05 
scan 250 100 29 0.000502723 0.000514796 0.000107224 1.31857e-05 8.7454e-06 0 2.24674e-06 0.000502723 2.30709e-05 
scan 250 100 30 4.57223e-05 3.37401e-05 3.23411e-05 0 2.1185e-06 0 9.14446e-08 9.14446e-06 2.08164e-06 
scan 250 100 31 0.000114003 5.62544e-05 5.10075e-05 3.42942e-06 1.81705e-06 0 6.62142e-07 2.28007e-05 5.2367e-06 
scan 250 100 32 0.000111711 5.51637e-05 4.99739e-05 4.42676e-06 0 0 1.20685e-06 2.23423e-05 5.04105e-06 
scan 250 100 33 6.66111e-05 4.0852e-05 3.84591e-05 1.5383e-06 1.2191e-06 0 2.42275e-07 1.33222e-05 2.89638e-06 
scan 250 100 34 0.000131951 6.04557e-05 5.38705e-05 4.67713e-06 6.32443e-07 0 1.10476e-06 2.63902e-05 5.73748e-06 
scan 250 100 35 0 0 0 0 0 0 0 0 0 
scan 250 100 36 2.17638e-05 2.27614e-05 2.17638e-05 8.97346e-07 0 0 2.93812e-07 6.52915e-06 9.46333e-07 
scan 250 100 37 0 0 0 0 0 0 0 0 0 
scan 250 100 38 0 0 0 0 0 0 0 0 0 
scan 250 100 39 0 0 0 0 0 0 0 0 0 
scan 250 100 40 0 0 0 0 0 0 0 0 0 
scan 250 100 41 6.69689e-05 7.74269e-05 3.86646e-05 6.32652e-07 2.50023e-06 0 6.69213e-08 6.69689e-05 2.91194e-06 
scan 250 100 42 2.2332e-05 3.16066e-05 2.2332e-05 0 7.73602e-07 0 1.78656e-08 2.2332e-05 9.71036e-07 
scan 250 100 43 0.000132864 0.000143685 5.4243e-05 2.28547e-06 3.33318e-06 0 6.6108e-07 0.000132864 5.7772e-06 
scan 250 100 44 2.2332e-05 3.16066e-05 2.2332e-05 0 7.73602e-07 0 1.78656e-08 2.2332e-05 9.71036e-07 
scan 250 100 45 2.35303e-05 2.40418e-05 2.35303e-05 7.05908e-07 6.65537e-07 0 3.95309e-09 4.70605e-06 1.11704e-06 
scan 250 100 46 2.35382e-05 2.40441e-05 2.35382e-05 4.70763e-07 6.6576e-07 0 1.1303e-11 4.70763e-06 1.11741e-06 
scan 250 100 47 2.23675e-05 2.28444e-05 2.23675e-05 6.32649e-07 4.4735e-07 0 1.18369e-10 4.4735e-06 9.72582e-07 
scan 250 100 48 0 0 0 0 0 0 0 0 0 
scan 250 100 49 0 0 0 0 0 0 0 0 0 
scan 250 100 50 0 0 0 0 0 0 0 0 0 
scan 250 100 51 0 0 0 0 0 0 0 0 0 
scan 250 100 52 0 0 0 0 0 0 0 0 0 
scan 250 100 53 0 0 0 0 0 0 0 0 0 
scan 250 100 54 0 0 0 0 0 0 0 0 0 
scan 250 100 55 0 0 0 0 0 0 0 0 0 
scan 250 100 56 2.2357e-05 3.1646e-05 2.2357e-05 6.70711e-07 6.32352e-07 0 5.36569e-09 2.2357e-05 9.72126e-07 
scan 250 100 57 4.47247e-05 5.48328e-05 3.16252e-05 8.94495e-07 1.26501e-06 0 5.38401e-09 4.47247e-05 1.94472e-06 
scan 250 100 58 0 0 0 0 0 0 0 0 0 
scan 250 100 59 0 0 0 0 0 0 0 0 0 
scan 250 100 75 2.35381e-05 2.40441e-05 2.35381e-05 4.70763e-07 6.65759e-07 0 1.92824e-11 4.70763e-06 1.11741e-06 
scan 250 100 76 0 0 0 0 0 0 0 0 0 
scan 250 100 77 0 0 0 0 0 0 0 0 0 
scan 250 100 78 0 0 0 0 0 0 0 0 0 
scan 250 100 79 0 0 0 0 0 0 0 0 0 
scan 250 100 80 2.23677e-05 2.33857e-05 2.23677e-05 4.47355e-07 6.32655e-07 0 1.4029e-11 6.71032e-06 9.72591e-07 
scan 250 100 81 2.23677e-05 2.33857e-05 2.23677e-05 4.47354e-07 6.32655e-07 0 1.83236e-11 6.71032e-06 9.72591e-07 
scan 250 100 82 0 0 0 0 0 0 0 0 0 
scan 250 100 83 0 0 0 0 0 0 0 0 0 
scan 250 100 84 0 0 0 0 0 0 0 0 0 
scan 250 100 85 0 0 0 0 0 0 0 0 0 
scan 250 100 86 0 0 0 0 0 0 0 0 0 
scan 250 100 87 0 0 0 0 0 0 0 0 0 
scan 250 100 88 2.35382e-05 3.33167e-05 2.35382e-05 4.70763e-07 6.6576e-07 0 1.47631e-11 2.35382e-05 1.11741e-06 
scan 250 100 89 2.35382e-05 3.33167e-05 2.35382e-05 4.70763e-07 6.6576e-07 0 1.47631e-11 2.35382e-05 1.11741e-06 
scan 250 100 90 4.14272e-05 3.07621e-05 2.94143e-05 6.78945e-07 6.3913e-07 1.50644e-06 2.33499e-06 8.28544e-06 1.96665e-06 
scan 250 100 91 3.98146e-05 2.94245e-05 2.8155e-05 5.90509e-07 9.63063e-07 7.96292e-07 2.18757e-06 7.96292e-06 1.73121e-06 
scan 250 100 92 4.12372e-05 3.05715e-05 2.92474e-05 1.13e-06 4.44492e-07 2.06186e-06 1.49706e-06 8.24744e-06 1.79307e-06 
scan 250 100 93 0 0 0 0 0 0 0 0 0 
scan 250 100 94 0 0 0 0 0 0 0 0 0 
scan 250 100 95 0 0 0 0 0 0 0 0 0 
scan 250 100 96 0 0 0 0 0 0 0 0 0 
scan 250 100 97 0 0 0 0 0 0 0 0 0 
scan 250 100 98 0 0 0 0 0 0 0 0 0 
scan 250 100 99 0 0 0 0 0 0 0 0 0 
scan 250 100 100 0 0 0 0 0 0 0 0 0 
scan 250 100 101 1.96836e-05 2.7898e-05 1.96836e-05 3.93673e-07 3.93673e-07 9.84181e-07 1.18102e-06 1.96836e-05 8.55881e-07 
scan 250 100 102 2.07136e-05 2.93487e-05 2.07136e-05 6.21408e-07 4.14272e-07 4.14272e-07 1.24282e-06 2.07136e-05 9.83323e-07 
scan 250 100 103 2.22582e-05 3.15021e-05 2.22582e-05 4.45163e-07 4.45163e-07 4.45163e-07 5.45325e-08 2.22582e-05 9.67827e-07 
scan 250 100 104 4.19418e-05 5.14679e-05 2.97131e-05 8.38836e-07 8.38836e-07 8.38836e-07 1.23555e-06 4.19418e-05 1.82371e-06 
scan 250 100 120 0 0 0 0 0 0 0 0 0 
scan 250 100 121 0 0 0 0 0 0 0 0 0 
scan 250 100 122 0 0 0 0 0 0 0 0 0 
scan 250 100 123 0 0 0 0 0 0 0 0 0 
scan 250 100 124 0 0 0 0 0 0 0 0 0 
scan 250 100 125 0 0 0 0 0 0 0 0 0 
scan 250 100 126 0 0 0 0 0 0 0 0 0 
scan 250 100 127 0 0 0 0 0 0 0 0 0 
scan 250 100 128 0 0 0 0 0 0 0 0 0 
scan 250 100 129 0 0 0 0 0 0 0 0 0 
scan 250 100 130 0 0 0 0 0 0 0 0 0 
scan 250 100 131 2.22246e-05 3.14547e-05 2.22246e-05 4.44492e-07 4.44492e-07 4.44492e-07 7.11187e-08 2.22246e-05 9.66368e-07 
scan 250 100 132 0 0 0 0 0 0 0 0 0 
scan 250 100 133 0 0 0 0 0 0 0 0 0 
scan 250 100 134 0 0 0 0 0 0 0 0 0 
scan 250 100 135 2.34228e-05 2.39264e-05 2.34228e-05 4.68457e-07 4.68457e-07 4.68457e-07 5.7386e-08 4.68457e-06 1.11194e-06 
scan 250 100 136 0 0 0 0 0 0 0 0 0 
scan 250 100 137 3.93673e-05 2.91355e-05 2.78369e-05 9.84181e-07 7.87345e-07 1.37785e-06 2.36204e-06 7.87345e-06 1.71176e-06 
scan 250 100 138 0 0 0 0 0 0 0 0 0 
scan 250 100 139 1.96836e-05 2.01629e-05 1.96836e-05 5.90509e-07 3.93673e-07 9.84181e-07 1.18102e-06 3.93673e-06 8.55881e-07 
scan 250 100 140 0 0 0 0 0 0 0 0 0 
scan 250 100 141 1.96836e-05 2.0633e-05 1.96836e-05 3.93673e-07 3.93673e-07 9.84181e-07 1.18102e-06 5.90509e-06 8.55881e-07 
scan 250 100 142 0 0 0 0 0 0 0 0 0 
scan 250 100 143 0 0 0 0 0 0 0 0 0 
scan 250 100 144 0 0 0 0 0 0 0 0 0 
scan 250 100 145 0 0 0 0 0 0 0 0 0 
scan 250 100 146 0 0 0 0 0 0 0 0 0 
scan 250 100 147 0 0 0 0 0 0 0 0 0 
scan 250 100 148 3.93673e-05 4.83355e-05 2.78369e-05 7.87345e-07 1.37785e-06 7.87345e-07 2.36204e-06 3.93673e-05 1.71176e-06 
scan 250 100 149 0 0 0 0 0 0 0 0 0 
scan 250 100 165 0 0 0 0 0 0 0 0 0 
scan 250 100 166 0 0 0 0 0 0 0 0 0 
scan 250 100 167 2.22582e-05 2.27556e-05 2.22582e-05 4.45163e-07 4.45163e-07 1.11291e-06 5.45325e-08 4.45163e-06 9.67827e-07 
scan 250 100 168 0 0 0 0 0 0 0 0 0 
scan 250 100 169 0 0 0 0 0 0 0 0 0 
scan 250 100 170 0 0 0 0 0 0 0 0 0 
scan 250 100 171 0 0 0 0 0 0 0 0 0 
scan 250 100 172 0 0 0 0 0 0 0 0 0 
scan 250 100 173 0 0 0 0 0 0 0 0 0 
scan 250 100 174 2.22582e-05 2.32935e-05 2.22582e-05 4.45163e-07 4.45163e-07 1.11291e-06 5.45325e-08 6.67745e-06 9.67827e-07 
scan 250 100 175 0 0 0 0 0 0 0 0 0 
scan 250 100 176 0 0 0 0 0 0 0 0 0 
scan 250 100 177 0 0 0 0 0 0 0 0 0 
scan 250 100 178 0 0 0 0 0 0 0 0 0 
scan 250 100 179 0 0 0 0 0 0 0 0 0 
