xsec 350 100 0.073732
scan 350 100 0 2.43531e-05 1.79423e-05 1.72209e-05 7.43235e-07 3.47531e-07 0 1.08637e-07 4.87061e-06 9.78039e-07 
scan 350 100 1 0.00017075 5.78035e-05 4.56366e-05 4.27217e-06 4.56489e-06 0 6.34314e-07 3.41499e-05 7.26879e-06 
scan 350 100 2 7.30521e-05 3.34956e-05 2.98247e-05 2.46974e-06 1.2549e-06 0 3.39941e-07 1.46104e-05 3.34504e-06 
scan 350 100 3 0.000158786 5.50076e-05 4.40405e-05 4.4327e-06 3.22e-06 0 4.79893e-07 3.17571e-05 6.89307e-06 
scan 350 100 4 0.000171921 5.83377e-05 4.59479e-05 4.25147e-06 5.78767e-06 0 6.83808e-08 3.43843e-05 7.62982e-06 
scan 350 100 5 4.84708e-05 2.83744e-05 2.42361e-05 1.33367e-06 4.24959e-07 0 3.35485e-07 1.45412e-05 2.04844e-06 
scan 350 100 6 2.43094e-05 1.87157e-05 1.71897e-05 4.97714e-07 4.23937e-07 0 1.33118e-07 7.29281e-06 1.0781e-06 
scan 350 100 7 4.89269e-05 2.86653e-05 2.44642e-05 1.82653e-06 7.37219e-07 0 1.08859e-07 1.46781e-05 1.96495e-06 
scan 350 100 8 2.45252e-05 1.88947e-05 1.73419e-05 2.45743e-07 1.05055e-06 0 2.44837e-08 7.35755e-06 9.8495e-07 
scan 350 100 9 2.43584e-05 1.87673e-05 1.72246e-05 9.40729e-07 2.45741e-07 0 1.08707e-07 7.30751e-06 1.08006e-06 
scan 350 100 10 0 0 0 0 0 0 0 0 0 
scan 350 100 11 4.84608e-05 5.42533e-05 2.42314e-05 1.85469e-06 2.4574e-07 0 3.39828e-07 4.84608e-05 2.04804e-06 
scan 350 100 12 0.000146441 0.000152645 4.22748e-05 2.24619e-06 4.70755e-06 0 5.0922e-07 0.000146441 6.39858e-06 
scan 350 100 13 0.000158261 0.000164481 4.38957e-05 5.27076e-06 1.40843e-06 0 7.41397e-07 0.000158261 7.07776e-06 
scan 350 100 14 0.000365783 0.000372364 6.67853e-05 9.85566e-06 7.7892e-06 0 1.40902e-06 0.000365783 1.54113e-05 
scan 350 100 15 0.000292384 8.4879e-05 5.9685e-05 6.08312e-06 5.59346e-06 0 1.24811e-06 5.84768e-05 1.23597e-05 
scan 350 100 16 0.000353559 9.8361e-05 6.56573e-05 8.04461e-06 9.15584e-06 0 1.36796e-06 7.07117e-05 1.46096e-05 
scan 350 100 17 0.000389582 0.000106093 6.88725e-05 8.58571e-06 9.47724e-06 0 1.79144e-06 7.79164e-05 1.65695e-05 
scan 350 100 18 0.000303044 8.72287e-05 6.06126e-05 8.72033e-06 4.79969e-06 0 2.03159e-06 6.06088e-05 1.25825e-05 
scan 350 100 19 0.000378824 0.000104017 6.8041e-05 8.2509e-06 1.09506e-05 0 1.04522e-06 7.57647e-05 1.6141e-05 
scan 350 100 20 3.66648e-05 2.39233e-05 2.11689e-05 6.65251e-07 7.72489e-07 0 9.70642e-08 1.09994e-05 1.47249e-06 
scan 350 100 21 0.000121516 5.33737e-05 3.84279e-05 3.85099e-06 9.40959e-07 0 6.74752e-07 3.64549e-05 5.18824e-06 
scan 350 100 22 3.62864e-05 2.36938e-05 2.095e-05 1.33651e-06 0 0 2.82981e-07 1.08859e-05 1.45729e-06 
scan 350 100 23 6.13177e-05 3.31889e-05 2.74222e-05 6.88758e-07 2.14519e-06 0 5.8837e-08 1.83953e-05 2.46257e-06 
scan 350 100 24 8.54555e-05 4.14808e-05 3.23001e-05 1.62669e-06 2.04342e-06 0 2.78384e-07 2.56367e-05 3.63662e-06 
scan 350 100 25 1.21102e-05 1.71387e-05 1.21102e-05 4.19511e-07 0 0 8.71936e-08 1.21102e-05 4.86356e-07 
scan 350 100 26 0.000121935 0.00012805 3.85605e-05 2.67042e-06 2.52944e-06 0 4.7123e-07 0.000121935 5.30967e-06 
scan 350 100 27 0.000353276 0.000359815 6.56052e-05 8.73158e-06 7.64062e-06 0 1.51246e-06 0.000353276 1.49069e-05 
scan 350 100 28 0.000267784 0.000274164 5.7095e-05 7.20768e-06 3.89405e-06 0 1.2555e-06 0.000267784 1.13679e-05 
scan 350 100 29 0.000803981 0.000811166 9.89674e-05 1.98726e-05 1.37092e-05 0 3.48945e-06 0.000803981 3.48599e-05 
scan 350 100 30 0.000404409 0.000109409 7.03992e-05 7.90161e-06 1.08787e-05 0 5.49873e-07 8.08818e-05 1.70672e-05 
scan 350 100 31 0.0005012 0.000129959 7.8278e-05 1.18983e-05 1.10823e-05 0 1.2839e-06 0.00010024 2.11626e-05 
scan 350 100 32 0.000598904 0.00015076 8.55611e-05 1.48763e-05 1.30715e-05 0 1.59736e-06 0.000119781 2.58046e-05 
scan 350 100 33 0.000574036 0.000145484 8.37348e-05 1.27078e-05 1.46186e-05 0 1.73461e-06 0.000114807 2.43937e-05 
scan 350 100 34 0.000575177 0.000145853 8.39003e-05 1.30455e-05 1.50533e-05 0 1.17844e-06 0.000115035 2.45469e-05 
scan 350 100 35 6.11373e-05 3.30959e-05 2.73426e-05 1.43563e-06 1.26427e-06 0 1.53878e-07 1.83412e-05 2.7637e-06 
scan 350 100 36 0.000207258 8.07142e-05 5.02692e-05 5.82433e-06 2.6966e-06 0 8.14299e-07 6.21773e-05 8.94011e-06 
scan 350 100 37 0.000122716 5.39112e-05 3.88066e-05 2.93712e-06 2.82284e-06 0 8.73789e-08 3.68148e-05 5.3416e-06 
scan 350 100 38 6.10927e-05 3.30664e-05 2.73222e-05 1.78012e-06 8.39172e-07 0 1.74469e-07 1.83278e-05 2.6594e-06 
scan 350 100 39 0.000110334 4.98243e-05 3.67787e-05 2.38916e-06 2.62995e-06 0 1.28472e-07 3.31003e-05 4.63847e-06 
scan 350 100 40 2.45601e-05 3.01091e-05 1.73666e-05 3.47687e-07 6.7081e-07 0 9.83171e-09 2.45601e-05 1.09003e-06 
scan 350 100 41 0.000317594 0.000324097 6.22878e-05 8.04782e-06 5.65038e-06 0 9.50193e-07 0.000317594 1.39898e-05 
scan 350 100 42 0.000745192 0.000752303 9.54153e-05 1.88559e-05 1.41705e-05 0 2.16205e-06 0.000745192 3.13661e-05 
scan 350 100 43 0.000842176 0.000849375 0.00010139 2.08337e-05 1.50451e-05 0 2.79851e-06 0.000842176 3.50579e-05 
scan 350 100 44 0.00174833 0.00175676 0.000146208 3.58882e-05 3.83466e-05 0 4.37118e-06 0.00174833 7.34088e-05 
scan 350 100 45 3.6813e-05 2.26036e-05 2.1254e-05 1.15779e-06 1.2053e-06 0 2.41658e-08 7.3626e-06 1.47844e-06 
scan 350 100 46 1.22926e-05 1.25575e-05 1.22926e-05 2.45852e-07 3.47687e-07 0 1.00701e-11 2.45852e-06 5.97359e-07 
scan 350 100 47 0 0 0 0 0 0 0 0 0 
scan 350 100 48 0 0 0 0 0 0 0 0 0 
scan 350 100 49 0 0 0 0 0 0 0 0 0 
scan 350 100 50 0 0 0 0 0 0 0 0 0 
scan 350 100 51 0 0 0 0 0 0 0 0 0 
scan 350 100 52 0 0 0 0 0 0 0 0 0 
scan 350 100 53 0 0 0 0 0 0 0 0 0 
scan 350 100 54 0 0 0 0 0 0 0 0 0 
scan 350 100 55 0 0 0 0 0 0 0 0 0 
scan 350 100 56 0 0 0 0 0 0 0 0 0 
scan 350 100 57 1.22871e-05 1.73888e-05 1.22871e-05 3.47531e-07 2.45742e-07 0 3.46791e-11 1.22871e-05 4.93459e-07 
scan 350 100 58 1.22871e-05 1.73888e-05 1.22871e-05 2.45741e-07 3.47531e-07 0 4.33488e-11 1.22871e-05 4.93459e-07 
scan 350 100 59 0 0 0 0 0 0 0 0 0 
scan 350 100 75 0 0 0 0 0 0 0 0 0 
scan 350 100 76 1.2016e-05 1.22757e-05 1.2016e-05 2.40321e-07 3.39865e-07 0 1.3518e-07 2.40321e-06 5.83919e-07 
scan 350 100 77 0 0 0 0 0 0 0 0 0 
scan 350 100 78 1.22871e-05 1.25474e-05 1.22871e-05 2.45743e-07 3.47533e-07 0 1.00656e-11 2.45743e-06 4.93461e-07 
scan 350 100 79 0 0 0 0 0 0 0 0 0 
scan 350 100 80 0 0 0 0 0 0 0 0 0 
scan 350 100 81 0 0 0 0 0 0 0 0 0 
scan 350 100 82 0 0 0 0 0 0 0 0 0 
scan 350 100 83 0 0 0 0 0 0 0 0 0 
scan 350 100 84 0 0 0 0 0 0 0 0 0 
scan 350 100 85 0 0 0 0 0 0 0 0 0 
scan 350 100 86 0 0 0 0 0 0 0 0 0 
scan 350 100 87 2.45702e-05 3.01204e-05 1.73737e-05 4.91404e-07 6.9495e-07 0 2.07126e-09 2.45702e-05 9.86758e-07 
scan 350 100 88 1.22871e-05 1.73889e-05 1.22871e-05 2.45743e-07 3.47533e-07 0 7.7065e-12 1.22871e-05 4.93462e-07 
scan 350 100 89 2.45743e-05 3.01254e-05 1.73766e-05 4.91486e-07 6.95066e-07 0 2.01313e-11 2.45743e-05 9.86923e-07 
scan 350 100 90 0 0 0 0 0 0 0 0 0 
scan 350 100 91 3.4898e-05 2.14695e-05 2.02009e-05 8.65645e-07 4.89078e-07 6.9796e-07 8.43219e-07 6.9796e-06 1.40153e-06 
scan 350 100 92 0 0 0 0 0 0 0 0 0 
scan 350 100 93 0 0 0 0 0 0 0 0 0 
scan 350 100 94 0 0 0 0 0 0 0 0 0 
scan 350 100 95 1.17957e-05 1.23332e-05 1.17957e-05 0 3.33632e-07 2.35913e-07 2.35913e-07 3.5387e-06 4.73724e-07 
scan 350 100 96 2.16254e-05 1.67302e-05 1.52915e-05 6.11659e-07 0 1.08127e-06 1.29752e-06 6.48762e-06 8.68494e-07 
scan 350 100 97 0 0 0 0 0 0 0 0 0 
scan 350 100 98 0 0 0 0 0 0 0 0 0 
scan 350 100 99 0 0 0 0 0 0 0 0 0 
scan 350 100 100 0 0 0 0 0 0 0 0 0 
scan 350 100 101 0 0 0 0 0 0 0 0 0 
scan 350 100 102 0 0 0 0 0 0 0 0 0 
scan 350 100 103 2.16254e-05 2.65494e-05 1.52915e-05 6.11659e-07 0 7.56889e-07 1.29752e-06 2.16254e-05 8.68494e-07 
scan 350 100 104 2.44648e-05 3.00069e-05 1.72992e-05 4.89295e-07 4.89295e-07 8.56266e-07 5.99387e-08 2.44648e-05 1.18887e-06 
scan 350 100 120 0 0 0 0 0 0 0 0 0 
scan 350 100 121 0 0 0 0 0 0 0 0 0 
scan 350 100 122 0 0 0 0 0 0 0 0 0 
scan 350 100 123 0 0 0 0 0 0 0 0 0 
scan 350 100 124 0 0 0 0 0 0 0 0 0 
scan 350 100 125 0 0 0 0 0 0 0 0 0 
scan 350 100 126 0 0 0 0 0 0 0 0 0 
scan 350 100 127 0 0 0 0 0 0 0 0 0 
scan 350 100 128 0 0 0 0 0 0 0 0 0 
scan 350 100 129 0 0 0 0 0 0 0 0 0 
scan 350 100 130 0 0 0 0 0 0 0 0 0 
scan 350 100 131 1.2227e-05 1.73128e-05 1.2227e-05 2.44539e-07 2.44539e-07 6.11348e-07 2.9956e-08 1.2227e-05 4.91044e-07 
scan 350 100 132 0 0 0 0 0 0 0 0 0 
scan 350 100 133 0 0 0 0 0 0 0 0 0 
scan 350 100 134 3.53923e-05 4.09202e-05 2.04337e-05 0 1.00104e-06 7.07845e-07 7.07845e-07 3.53923e-05 1.52091e-06 
scan 350 100 135 2.30397e-05 1.70315e-05 1.63222e-05 4.60793e-07 4.60793e-07 8.27602e-07 6.78718e-07 4.60793e-06 9.25291e-07 
scan 350 100 136 0 0 0 0 0 0 0 0 0 
scan 350 100 137 0 0 0 0 0 0 0 0 0 
scan 350 100 138 0 0 0 0 0 0 0 0 0 
scan 350 100 139 1.08127e-05 1.10608e-05 1.08127e-05 2.16254e-07 2.16254e-07 2.16254e-07 6.48762e-07 2.16254e-06 4.34247e-07 
scan 350 100 140 0 0 0 0 0 0 0 0 0 
scan 350 100 141 0 0 0 0 0 0 0 0 0 
scan 350 100 142 0 0 0 0 0 0 0 0 0 
scan 350 100 143 2.30499e-05 1.78108e-05 1.63294e-05 4.60998e-07 7.85522e-07 4.60998e-07 6.79019e-07 6.91496e-06 1.12011e-06 
scan 350 100 144 0 0 0 0 0 0 0 0 0 
scan 350 100 145 0 0 0 0 0 0 0 0 0 
scan 350 100 146 0 0 0 0 0 0 0 0 0 
scan 350 100 147 0 0 0 0 0 0 0 0 0 
scan 350 100 148 1.22324e-05 1.73146e-05 1.22324e-05 2.44648e-07 2.44648e-07 2.44648e-07 2.99693e-08 1.22324e-05 5.94433e-07 
scan 350 100 149 3.52666e-05 4.07978e-05 2.03939e-05 8.13459e-07 7.05332e-07 1.07214e-06 7.08674e-07 3.52666e-05 1.41634e-06 
scan 350 100 165 0 0 0 0 0 0 0 0 0 
scan 350 100 166 0 0 0 0 0 0 0 0 0 
scan 350 100 167 0 0 0 0 0 0 0 0 0 
scan 350 100 168 0 0 0 0 0 0 0 0 0 
scan 350 100 169 0 0 0 0 0 0 0 0 0 
scan 350 100 170 0 0 0 0 0 0 0 0 0 
scan 350 100 171 0 0 0 0 0 0 0 0 0 
scan 350 100 172 0 0 0 0 0 0 0 0 0 
scan 350 100 173 0 0 0 0 0 0 0 0 0 
scan 350 100 174 0 0 0 0 0 0 0 0 0 
scan 350 100 175 0 0 0 0 0 0 0 0 0 
scan 350 100 176 0 0 0 0 0 0 0 0 0 
scan 350 100 177 0 0 0 0 0 0 0 0 0 
scan 350 100 178 0 0 0 0 0 0 0 0 0 
scan 350 100 179 1.2227e-05 1.73037e-05 1.2227e-05 2.44539e-07 2.44539e-07 2.44539e-07 2.9956e-08 1.2227e-05 4.91044e-07 
