xsec 450 50 0.0217971
scan 450 50 0 1.793e-05 6.77848e-06 5.67202e-06 4.07965e-07 2.75815e-07 0 9.12685e-08 3.586e-06 8.15953e-07 
scan 450 50 1 1.09061e-05 4.99711e-06 4.45457e-06 1.25197e-07 2.90931e-07 0 2.48145e-08 2.18123e-06 5.18875e-07 
scan 450 50 2 2.14651e-05 7.64021e-06 6.1987e-06 6.29469e-07 3.29006e-07 0 1.66391e-07 4.29301e-06 9.93332e-07 
scan 450 50 3 7.31144e-06 3.96017e-06 3.65751e-06 1.25709e-07 1.27567e-07 0 3.22378e-08 1.46229e-06 3.66283e-07 
scan 450 50 4 2.50705e-05 8.47902e-06 6.70216e-06 5.49625e-07 5.20176e-07 0 1.00766e-07 5.01411e-06 1.11838e-06 
scan 450 50 5 3.74251e-06 2.88573e-06 2.64635e-06 1.29644e-07 0 0 2.69461e-08 1.12275e-06 2.14782e-07 
scan 450 50 6 7.11762e-06 4.1723e-06 3.56005e-06 2.46562e-07 0 0 7.35209e-08 2.13529e-06 3.29356e-07 
scan 450 50 7 5.29439e-06 3.45807e-06 3.05688e-06 1.95121e-07 3.5797e-08 0 3.67841e-08 1.58832e-06 2.24204e-07 
scan 450 50 8 1.78984e-06 1.87301e-06 1.78984e-06 3.57968e-08 9.63859e-08 0 8.24759e-12 5.36952e-07 7.57952e-08 
scan 450 50 9 8.80751e-06 4.76917e-06 3.93911e-06 3.19003e-07 3.57968e-08 0 6.91713e-08 2.64225e-06 3.72976e-07 
scan 450 50 10 1.7827e-06 2.52433e-06 1.7827e-06 0 1.02408e-07 0 3.5654e-09 1.7827e-06 7.54927e-08 
scan 450 50 11 1.43865e-05 1.52796e-05 5.08923e-06 2.46614e-07 2.89023e-07 0 7.31138e-08 1.43865e-05 6.66305e-07 
scan 450 50 12 5.05226e-05 5.14955e-05 9.55148e-06 1.22187e-06 8.50257e-07 0 2.80687e-07 5.05226e-05 2.39299e-06 
scan 450 50 13 5.19734e-05 5.29351e-05 9.65446e-06 1.20317e-06 7.36909e-07 0 2.86859e-07 5.19734e-05 2.37033e-06 
scan 450 50 14 0.000122563 0.000123642 1.48683e-05 2.5418e-06 2.24614e-06 0 5.96298e-07 0.000122563 5.72651e-06 
scan 450 50 15 7.34353e-06 3.97936e-06 3.6737e-06 1.49706e-07 1.55003e-07 0 1.64872e-08 1.46871e-06 3.67985e-07 
scan 450 50 16 3.02364e-05 9.64394e-06 7.33418e-06 7.23313e-07 6.23642e-07 0 1.47396e-07 6.04727e-06 1.30848e-06 
scan 450 50 17 1.60664e-05 6.31056e-06 5.35682e-06 4.68058e-07 1.59568e-07 0 1.26835e-07 3.21327e-06 7.36101e-07 
scan 450 50 18 1.4159e-05 5.80043e-06 5.00615e-06 4.20427e-07 1.48304e-07 0 7.85086e-08 2.8318e-06 5.99597e-07 
scan 450 50 19 2.89448e-05 9.4159e-06 7.2393e-06 5.75785e-07 7.24481e-07 0 1.16109e-07 5.78895e-06 1.36741e-06 
scan 450 50 20 3.60497e-06 2.77874e-06 2.54989e-06 1.2488e-07 0 0 4.07577e-08 1.08149e-06 1.8045e-07 
scan 450 50 21 5.35239e-06 3.49718e-06 3.09021e-06 0 2.26066e-07 0 8.56039e-09 1.60572e-06 2.2666e-07 
scan 450 50 22 1.25788e-05 6.11035e-06 4.75509e-06 2.90796e-07 2.91786e-07 0 2.90589e-08 3.77365e-06 5.6083e-07 
scan 450 50 23 1.09038e-05 5.56313e-06 4.45258e-06 3.25654e-07 1.12528e-07 0 7.90353e-08 3.27114e-06 5.45525e-07 
scan 450 50 24 9.02207e-06 4.88282e-06 4.03548e-06 1.15446e-07 2.21506e-07 0 1.77742e-08 2.70662e-06 4.1021e-07 
scan 450 50 25 1.7827e-06 2.52433e-06 1.7827e-06 0 1.02408e-07 0 3.5654e-09 1.7827e-06 7.54927e-08 
scan 450 50 26 2.34326e-05 2.43499e-05 6.50127e-06 3.62724e-07 5.1556e-07 0 7.98188e-08 2.34326e-05 1.07743e-06 
scan 450 50 27 4.6875e-05 4.78364e-05 9.19635e-06 9.94278e-07 8.27521e-07 0 2.07357e-07 4.6875e-05 2.1829e-06 
scan 450 50 28 3.79745e-05 3.89296e-05 8.29021e-06 1.07277e-06 3.94853e-07 0 2.36512e-07 3.79745e-05 1.83336e-06 
scan 450 50 29 0.000197762 0.000198953 1.88631e-05 4.68128e-06 3.31127e-06 0 9.57221e-07 0.000197762 9.11108e-06 
scan 450 50 30 0.000164284 3.82037e-05 1.72269e-05 3.92371e-06 3.32299e-06 0 3.76745e-07 3.28568e-05 7.52395e-06 
scan 450 50 31 0.000235935 5.32349e-05 2.07011e-05 5.5728e-06 4.99615e-06 0 4.31655e-07 4.7187e-05 1.10727e-05 
scan 450 50 32 0.000256845 5.75494e-05 2.15619e-05 6.2939e-06 5.2323e-06 0 5.50771e-07 5.13689e-05 1.18724e-05 
scan 450 50 33 0.00022978 5.18825e-05 2.03967e-05 4.9919e-06 5.16943e-06 0 3.90791e-07 4.5956e-05 1.05843e-05 
scan 450 50 34 0.000508871 0.000109908 3.03128e-05 1.1803e-05 1.08893e-05 0 1.28211e-06 0.000101774 2.33097e-05 
scan 450 50 35 3.82447e-05 1.43548e-05 8.34918e-06 8.49606e-07 8.24518e-07 0 5.09276e-08 1.14734e-05 1.81902e-06 
scan 450 50 36 8.88816e-05 2.99533e-05 1.27028e-05 2.11445e-06 1.66307e-06 0 2.21945e-07 2.66645e-05 4.19046e-06 
scan 450 50 37 7.82163e-05 2.66984e-05 1.1933e-05 1.86575e-06 1.59265e-06 0 1.324e-07 2.34649e-05 3.71102e-06 
scan 450 50 38 8.86036e-05 2.98415e-05 1.26618e-05 1.92421e-06 1.77489e-06 0 1.98632e-07 2.65811e-05 4.09251e-06 
scan 450 50 39 0.000146976 4.77557e-05 1.63376e-05 3.3447e-06 3.24422e-06 0 3.0048e-07 4.40928e-05 6.90763e-06 
scan 450 50 40 3.20414e-05 3.29611e-05 7.55309e-06 7.46285e-07 4.8576e-07 0 1.39966e-07 3.20414e-05 1.38502e-06 
scan 450 50 41 0.000259038 0.000260333 2.16707e-05 5.22489e-06 5.25277e-06 0 6.74268e-07 0.000259038 1.21356e-05 
scan 450 50 42 0.000523783 0.000525474 3.0769e-05 1.22514e-05 9.43309e-06 0 1.47159e-06 0.000523783 2.41976e-05 
scan 450 50 43 0.000662035 0.000663946 3.46182e-05 1.50162e-05 1.27743e-05 0 1.66276e-06 0.000662035 3.07353e-05 
scan 450 50 44 0.00222691 0.00223122 6.34949e-05 4.99915e-05 4.41868e-05 0 5.45061e-06 0.00222691 0.000103373 
scan 450 50 45 9.27547e-06 4.58178e-06 4.14983e-06 2.46622e-07 2.01238e-07 0 1.18179e-11 1.85509e-06 4.78471e-07 
scan 450 50 46 3.68843e-06 2.72072e-06 2.60925e-06 8.94969e-08 8.85962e-08 0 1.11699e-11 7.37686e-07 1.84755e-07 
scan 450 50 47 1.78985e-06 1.82792e-06 1.78985e-06 5.06247e-08 3.5797e-08 0 2.57846e-12 3.5797e-07 7.57957e-08 
scan 450 50 48 1.78985e-06 1.82792e-06 1.78985e-06 5.06247e-08 3.5797e-08 0 2.57846e-12 3.5797e-07 7.57957e-08 
scan 450 50 49 0 0 0 0 0 0 0 0 0 
scan 450 50 50 0 0 0 0 0 0 0 0 0 
scan 450 50 51 0 0 0 0 0 0 0 0 0 
scan 450 50 52 0 0 0 0 0 0 0 0 0 
scan 450 50 53 1.78917e-06 1.87051e-06 1.78917e-06 3.57834e-08 5.06054e-08 0 3.43521e-10 5.36751e-07 7.57668e-08 
scan 450 50 54 0 0 0 0 0 0 0 0 0 
scan 450 50 55 0 0 0 0 0 0 0 0 0 
scan 450 50 56 5.47602e-06 6.33238e-06 3.16286e-06 1.6964e-07 1.0952e-07 0 1.14189e-09 5.47602e-06 2.60455e-07 
scan 450 50 57 5.36956e-06 6.20711e-06 3.10011e-06 1.22219e-07 1.37046e-07 0 8.31706e-12 5.36956e-06 2.27387e-07 
scan 450 50 58 1.78985e-06 2.53312e-06 1.78985e-06 5.06245e-08 3.57969e-08 0 5.05167e-12 1.78985e-06 7.57955e-08 
scan 450 50 59 1.10602e-05 1.19672e-05 4.51731e-06 2.87838e-07 2.98034e-07 0 2.56948e-09 1.10602e-05 5.54031e-07 
scan 450 50 75 3.57969e-06 2.63781e-06 2.53123e-06 1.01249e-07 7.15939e-08 0 1.01033e-11 7.15939e-07 1.51591e-07 
scan 450 50 76 1.78985e-06 1.82793e-06 1.78985e-06 3.57971e-08 5.06247e-08 0 1.46625e-12 3.57971e-07 7.57958e-08 
scan 450 50 77 1.78985e-06 1.82792e-06 1.78985e-06 5.06246e-08 3.5797e-08 0 3.36778e-12 3.5797e-07 7.57956e-08 
scan 450 50 78 0 0 0 0 0 0 0 0 0 
scan 450 50 79 0 0 0 0 0 0 0 0 0 
scan 450 50 80 0 0 0 0 0 0 0 0 0 
scan 450 50 81 1.78985e-06 1.87123e-06 1.78985e-06 3.57971e-08 5.06247e-08 0 1.46625e-12 5.36956e-07 7.57958e-08 
scan 450 50 82 0 0 0 0 0 0 0 0 0 
scan 450 50 83 0 0 0 0 0 0 0 0 0 
scan 450 50 84 0 0 0 0 0 0 0 0 0 
scan 450 50 85 0 0 0 0 0 0 0 0 0 
scan 450 50 86 3.57971e-06 4.38855e-06 2.53124e-06 8.64218e-08 8.64218e-08 0 3.43795e-12 3.57971e-06 1.51592e-07 
scan 450 50 87 3.68845e-06 4.52364e-06 2.60926e-06 7.3769e-08 1.04325e-07 0 2.05029e-12 3.68845e-06 1.84756e-07 
scan 450 50 88 5.47827e-06 6.33558e-06 3.16413e-06 1.40121e-07 1.70154e-07 0 1.94772e-11 5.47827e-06 2.6055e-07 
scan 450 50 89 1.45363e-05 1.54413e-05 5.14108e-06 3.50937e-07 3.50937e-07 0 1.74863e-11 1.45363e-05 6.72694e-07 
scan 450 50 90 3.45185e-06 2.55009e-06 2.44207e-06 8.28781e-08 3.56217e-08 1.1916e-07 1.04609e-07 6.9037e-07 1.71309e-07 
scan 450 50 91 6.43472e-06 3.51342e-06 3.21831e-06 1.71722e-07 1.1103e-07 1.28694e-07 4.1029e-07 1.28694e-06 3.21902e-07 
scan 450 50 92 4.67772e-06 2.89631e-06 2.70603e-06 1.30385e-07 3.15015e-08 9.35545e-08 3.37939e-07 9.35545e-07 2.23222e-07 
scan 450 50 93 3.39196e-06 2.50699e-06 2.4015e-06 3.56217e-08 1.2237e-07 1.16165e-07 8.49072e-08 6.78392e-07 1.43641e-07 
scan 450 50 94 0 0 0 0 0 0 0 0 0 
scan 450 50 95 0 0 0 0 0 0 0 0 0 
scan 450 50 96 5.49685e-06 3.60072e-06 3.17668e-06 7.55716e-08 1.24171e-07 2.18164e-07 4.36228e-08 1.64905e-06 2.89617e-07 
scan 450 50 97 1.61381e-06 1.69305e-06 1.61381e-06 5.81866e-08 0 3.22761e-08 1.21035e-07 4.84142e-07 9.26162e-08 
scan 450 50 98 0 0 0 0 0 0 0 0 0 
scan 450 50 99 1.57507e-06 1.64939e-06 1.57507e-06 3.15015e-08 3.15015e-08 3.15015e-08 9.45045e-08 4.72522e-07 6.67004e-08 
scan 450 50 100 0 0 0 0 0 0 0 0 0 
scan 450 50 101 8.94219e-06 9.8135e-06 4.00224e-06 1.42391e-07 1.93943e-07 1.78844e-07 1.51382e-07 8.94219e-06 4.59648e-07 
scan 450 50 102 6.88927e-06 7.72424e-06 3.45264e-06 7.33506e-08 2.46847e-07 2.8787e-07 1.71487e-07 6.88927e-06 3.2012e-07 
scan 450 50 103 1.88141e-05 1.96936e-05 5.69098e-06 3.47658e-07 3.53407e-07 5.31761e-07 4.73819e-07 1.88141e-05 8.53568e-07 
scan 450 50 104 2.57637e-05 2.66657e-05 6.66009e-06 4.3733e-07 5.8711e-07 6.20255e-07 7.25516e-07 2.57637e-05 1.21969e-06 
scan 450 50 120 1.46768e-06 1.50471e-06 1.46768e-06 4.15123e-08 0 2.93537e-08 1.32091e-07 2.93537e-07 6.21526e-08 
scan 450 50 121 6.30649e-06 3.44205e-06 3.15658e-06 1.33318e-07 4.50561e-08 1.2613e-07 4.14455e-07 1.2613e-06 2.92196e-07 
scan 450 50 122 3.35348e-06 2.47705e-06 2.37562e-06 8.01179e-08 3.5568e-08 6.70695e-08 1.00195e-07 6.70695e-07 1.42011e-07 
scan 450 50 123 3.55949e-06 2.62294e-06 2.51694e-06 7.11898e-08 7.11898e-08 7.11898e-08 1.00546e-08 7.11898e-07 1.50735e-07 
scan 450 50 124 6.69106e-06 3.63796e-06 3.35204e-06 9.18021e-08 1.31654e-07 1.33821e-07 2.59827e-07 1.33821e-06 3.10767e-07 
scan 450 50 125 1.88929e-06 1.97654e-06 1.88929e-06 3.77858e-08 3.77858e-08 3.77858e-08 4.62876e-09 5.66787e-07 1.08426e-07 
scan 450 50 126 1.78109e-06 1.86207e-06 1.78109e-06 3.56217e-08 3.56217e-08 3.56217e-08 4.36366e-09 5.34326e-07 7.54245e-08 
scan 450 50 127 3.39773e-06 2.6272e-06 2.40892e-06 4.72522e-08 8.30538e-08 6.79545e-08 1.30957e-07 1.01932e-06 1.71302e-07 
scan 450 50 128 1.78109e-06 1.86207e-06 1.78109e-06 3.56217e-08 3.56217e-08 3.56217e-08 4.36366e-09 5.34326e-07 7.54245e-08 
scan 450 50 129 1.57507e-06 1.64939e-06 1.57507e-06 3.15015e-08 3.15015e-08 3.15015e-08 9.45045e-08 4.72522e-07 6.67004e-08 
scan 450 50 130 0 0 0 0 0 0 0 0 0 
scan 450 50 131 1.41876e-05 1.50778e-05 5.02399e-06 2.74189e-07 2.33936e-07 3.33876e-07 2.54879e-07 1.41876e-05 7.102e-07 
scan 450 50 132 1.03549e-05 1.12007e-05 4.23114e-06 1.51415e-07 2.04065e-07 2.07097e-07 1.76326e-07 1.03549e-05 4.38502e-07 
scan 450 50 133 2.55295e-05 2.64269e-05 6.61143e-06 4.98439e-07 4.00172e-07 6.14521e-07 8.07696e-07 2.55295e-05 1.21477e-06 
scan 450 50 134 5.41479e-05 5.51129e-05 9.74197e-06 8.71885e-07 1.03851e-06 1.18176e-06 9.89621e-07 5.41479e-05 2.51276e-06 
scan 450 50 135 1.52138e-06 1.55792e-06 1.52138e-06 3.04276e-08 3.04276e-08 3.04276e-08 1.14103e-07 3.04276e-07 6.44265e-08 
scan 450 50 136 5.13456e-06 3.15599e-06 2.96915e-06 1.02691e-07 1.02691e-07 1.02691e-07 1.04559e-07 1.02691e-06 2.17436e-07 
scan 450 50 137 1.88929e-06 1.93087e-06 1.88929e-06 3.77858e-08 3.77858e-08 3.77858e-08 4.62876e-09 3.77858e-07 1.08426e-07 
scan 450 50 138 0 0 0 0 0 0 0 0 0 
scan 450 50 139 1.78109e-06 1.81898e-06 1.78109e-06 3.56217e-08 3.56217e-08 3.56217e-08 4.36366e-09 3.56217e-07 7.54245e-08 
scan 450 50 140 0 0 0 0 0 0 0 0 0 
scan 450 50 141 1.78109e-06 1.86207e-06 1.78109e-06 3.56217e-08 3.56217e-08 3.56217e-08 4.36366e-09 5.34326e-07 7.54245e-08 
scan 450 50 142 1.78109e-06 1.86207e-06 1.78109e-06 3.56217e-08 3.56217e-08 3.56217e-08 4.36366e-09 5.34326e-07 7.54245e-08 
scan 450 50 143 3.46437e-06 2.68055e-06 2.45973e-06 6.92873e-08 6.92873e-08 6.92873e-08 9.91332e-08 1.03931e-06 1.75127e-07 
scan 450 50 144 0 0 0 0 0 0 0 0 0 
scan 450 50 145 0 0 0 0 0 0 0 0 0 
scan 450 50 146 3.15015e-06 3.86766e-06 2.22749e-06 6.3003e-08 1.10255e-07 6.3003e-08 1.89009e-07 3.15015e-06 1.33401e-07 
scan 450 50 147 1.57507e-06 2.23116e-06 1.57507e-06 3.15015e-08 3.15015e-08 3.15015e-08 9.45045e-08 1.57507e-06 6.67004e-08 
scan 450 50 148 8.74855e-06 9.60665e-06 3.92382e-06 1.91109e-07 1.74971e-07 1.74971e-07 2.29161e-07 8.74855e-06 4.51594e-07 
scan 450 50 149 1.3577e-05 1.44273e-05 4.81016e-06 3.02504e-07 2.71539e-07 2.71539e-07 3.24931e-07 1.3577e-05 5.7495e-07 
scan 450 50 165 3.56217e-06 2.62491e-06 2.51884e-06 7.12435e-08 7.12435e-08 7.12435e-08 8.72733e-09 7.12435e-07 1.50849e-07 
scan 450 50 166 7.02654e-06 3.81403e-06 3.52063e-06 1.40531e-07 1.40531e-07 1.40531e-07 1.07861e-07 1.40531e-06 3.25976e-07 
scan 450 50 167 3.55949e-06 2.62493e-06 2.51694e-06 7.11898e-08 7.11898e-08 1.24542e-07 1.00546e-08 7.11898e-07 1.50735e-07 
scan 450 50 168 5.08355e-06 3.12996e-06 2.94264e-06 1.01671e-07 1.01671e-07 1.47312e-07 1.22831e-07 1.01671e-06 2.15276e-07 
scan 450 50 169 1.7784e-06 1.81624e-06 1.7784e-06 3.5568e-08 3.5568e-08 3.5568e-08 5.69089e-09 3.5568e-07 7.53108e-08 
scan 450 50 170 1.78109e-06 1.86207e-06 1.78109e-06 3.56217e-08 3.56217e-08 3.56217e-08 4.36366e-09 5.34326e-07 7.54245e-08 
scan 450 50 171 1.88644e-06 1.97357e-06 1.88644e-06 3.77289e-08 3.77289e-08 3.77289e-08 6.03662e-09 5.65933e-07 1.08263e-07 
scan 450 50 172 1.78109e-06 1.86207e-06 1.78109e-06 3.56217e-08 3.56217e-08 3.56217e-08 4.36366e-09 5.34326e-07 7.54245e-08 
scan 450 50 173 1.78109e-06 1.86207e-06 1.78109e-06 3.56217e-08 3.56217e-08 3.56217e-08 4.36366e-09 5.34326e-07 7.54245e-08 
scan 450 50 174 3.67038e-06 2.83106e-06 2.59648e-06 7.34076e-08 7.34076e-08 1.2684e-07 8.99243e-09 1.10111e-06 1.83851e-07 
scan 450 50 175 0 0 0 0 0 0 0 0 0 
scan 450 50 176 5.33789e-06 6.1706e-06 3.08183e-06 1.06758e-07 1.06758e-07 1.06758e-07 1.57454e-08 5.33789e-06 2.26046e-07 
scan 450 50 177 3.67038e-06 4.50149e-06 2.59648e-06 7.34076e-08 7.34076e-08 7.34076e-08 8.99243e-09 3.67038e-06 1.83851e-07 
scan 450 50 178 1.08972e-05 1.1791e-05 4.45044e-06 2.17945e-07 2.17945e-07 3.27971e-07 2.95279e-08 1.08972e-05 5.18224e-07 
scan 450 50 179 1.63489e-05 1.72608e-05 5.45175e-06 3.26977e-07 3.26977e-07 3.26977e-07 4.28034e-08 1.63489e-05 7.77549e-07 
