xsec 450 300 0.0217971
scan 450 300 0 4.09923e-05 1.10709e-05 7.03205e-06 1.13788e-06 9.4285e-07 0 1.31657e-07 8.19845e-06 1.92342e-06 
scan 450 300 1 8.68453e-05 2.08702e-05 1.02379e-05 2.34732e-06 2.5326e-06 0 3.35224e-07 1.73691e-05 4.12673e-06 
scan 450 300 2 8.06201e-05 1.95173e-05 9.85181e-06 2.33374e-06 1.99318e-06 0 3.44727e-07 1.6124e-05 3.78732e-06 
scan 450 300 3 5.51882e-05 1.41266e-05 8.13893e-06 1.58128e-06 1.63473e-06 0 1.88895e-07 1.10376e-05 2.50589e-06 
scan 450 300 4 6.63921e-05 1.65282e-05 8.95467e-06 1.78451e-06 1.87975e-06 0 2.22545e-07 1.32784e-05 3.14838e-06 
scan 450 300 5 9.59013e-06 4.47947e-06 3.39118e-06 2.59629e-07 1.9926e-07 0 2.15029e-08 2.87704e-06 4.24957e-07 
scan 450 300 6 4.21297e-05 1.47178e-05 7.12317e-06 1.22658e-06 8.46698e-07 0 1.60867e-07 1.26389e-05 1.97129e-06 
scan 450 300 7 1.68076e-05 6.82099e-06 4.49315e-06 4.43139e-07 3.01271e-07 0 8.60983e-08 5.04228e-06 7.86333e-07 
scan 450 300 8 8.35977e-06 4.06496e-06 3.15976e-06 2.21301e-07 2.75193e-07 0 1.06083e-08 2.50793e-06 3.54015e-07 
scan 450 300 9 6.09555e-06 3.30543e-06 2.72667e-06 1.80642e-07 1.64307e-07 0 6.51338e-10 1.82866e-06 2.95791e-07 
scan 450 300 10 4.7673e-06 5.33664e-06 2.38369e-06 1.2722e-07 1.164e-07 0 1.08945e-08 4.7673e-06 2.01883e-07 
scan 450 300 11 4.31993e-05 4.38683e-05 7.20085e-06 1.23405e-06 1.08225e-06 0 8.86265e-08 4.31993e-05 1.92294e-06 
scan 450 300 12 8.07013e-05 8.14417e-05 9.86164e-06 2.31674e-06 1.77019e-06 0 2.78377e-07 8.07013e-05 3.77283e-06 
scan 450 300 13 0.000104427 0.000105204 1.11981e-05 2.73707e-06 2.73264e-06 0 3.32175e-07 0.000104427 4.7406e-06 
scan 450 300 14 0.000140846 0.000141685 1.30242e-05 3.96373e-06 2.88428e-06 0 4.93604e-07 0.000140846 6.56219e-06 
scan 450 300 15 1.31872e-05 4.82547e-06 3.977e-06 3.05226e-07 1.91494e-07 0 7.29965e-08 2.63744e-06 6.14255e-07 
scan 450 300 16 3.23366e-05 9.16998e-06 6.2244e-06 8.11502e-07 8.01447e-07 0 1.58002e-07 6.46731e-06 1.48101e-06 
scan 450 300 17 2.51234e-05 7.58675e-06 5.48353e-06 8.20811e-07 3.24308e-07 0 1.9908e-07 5.02467e-06 1.19327e-06 
scan 450 300 18 1.43467e-05 5.11622e-06 4.14236e-06 5.22914e-07 2.99904e-07 0 6.44347e-08 2.86935e-06 6.44887e-07 
scan 450 300 19 1.33082e-05 4.886e-06 4.01373e-06 2.00556e-07 4.78595e-07 0 4.08346e-08 2.66164e-06 6.38578e-07 
scan 450 300 20 3.70215e-06 2.42087e-06 2.13791e-06 1.14445e-07 7.40431e-08 0 1.01568e-11 1.11065e-06 1.94456e-07 
scan 450 300 21 7.12534e-06 3.63049e-06 2.90907e-06 1.91989e-07 1.40347e-07 0 2.87082e-08 2.1376e-06 3.0174e-07 
scan 450 300 22 5.98069e-06 3.24064e-06 2.67556e-06 1.88997e-07 1.15338e-07 0 2.97634e-08 1.79421e-06 2.72106e-07 
scan 450 300 23 1.16501e-06 1.21836e-06 1.16501e-06 4.80346e-08 0 0 1.57276e-08 3.49503e-07 4.93352e-08 
scan 450 300 24 1.17579e-06 1.22957e-06 1.17579e-06 4.84789e-08 0 0 1.05821e-08 3.52736e-07 4.97916e-08 
scan 450 300 25 0 0 0 0 0 0 0 0 0 
scan 450 300 26 8.31354e-06 8.90308e-06 3.14303e-06 3.35028e-07 0 0 8.7076e-08 8.31354e-06 3.89058e-07 
scan 450 300 27 1.32708e-05 1.38835e-05 4.0023e-06 1.6447e-07 4.56287e-07 0 3.21963e-08 1.32708e-05 6.18354e-07 
scan 450 300 28 3.11839e-05 3.18295e-05 6.11671e-06 9.08168e-07 4.98663e-07 0 1.90094e-07 3.11839e-05 1.46848e-06 
scan 450 300 29 5.05503e-05 5.12292e-05 7.80238e-06 1.27135e-06 9.85704e-07 0 1.9591e-07 5.05503e-05 2.36573e-06 
scan 450 300 30 3.53694e-06 2.16908e-06 2.04213e-06 9.66617e-08 4.13111e-08 0 2.69904e-08 7.07388e-07 1.4978e-07 
scan 450 300 31 7.20297e-06 3.30171e-06 2.94108e-06 4.08798e-08 2.63019e-07 0 1.79119e-08 1.44059e-06 3.23792e-07 
scan 450 300 32 5.88732e-06 2.90216e-06 2.63293e-06 1.43884e-07 1.36188e-07 0 4.87697e-08 1.17746e-06 2.49313e-07 
scan 450 300 33 7.06849e-06 3.23742e-06 2.88573e-06 1.78197e-07 1.74212e-07 0 5.67669e-08 1.4137e-06 2.99333e-07 
scan 450 300 34 4.7229e-06 2.55679e-06 2.36151e-06 1.03376e-07 1.28329e-07 0 3.26471e-08 9.44581e-07 2.00003e-07 
scan 450 300 35 0 0 0 0 0 0 0 0 0 
scan 450 300 36 1.19542e-06 1.24977e-06 1.19542e-06 0 4.14107e-08 0 9.56339e-10 3.58627e-07 5.06231e-08 
scan 450 300 37 1.19542e-06 1.24977e-06 1.19542e-06 0 4.14107e-08 0 9.56339e-10 3.58627e-07 5.06231e-08 
scan 450 300 38 0 0 0 0 0 0 0 0 0 
scan 450 300 39 1.1704e-06 1.22424e-06 1.1704e-06 5.48966e-08 0 0 1.3167e-08 3.5112e-07 4.95634e-08 
scan 450 300 40 0 0 0 0 0 0 0 0 0 
scan 450 300 41 1.19542e-06 1.69185e-06 1.19542e-06 0 4.14107e-08 0 9.56339e-10 1.19542e-06 5.06231e-08 
scan 450 300 42 5.94307e-06 6.5196e-06 2.65832e-06 2.06368e-07 2.39465e-08 0 4.83325e-08 5.94307e-06 2.70174e-07 
scan 450 300 43 4.74577e-06 5.31168e-06 2.37295e-06 1.23087e-07 6.85068e-08 0 2.14639e-08 4.74577e-06 2.00971e-07 
scan 450 300 44 7.24426e-06 7.83497e-06 2.95809e-06 1.24949e-07 1.50084e-07 0 2.45657e-08 7.24426e-06 3.44086e-07 
scan 450 300 45 0 0 0 0 0 0 0 0 0 
scan 450 300 46 1.25242e-06 1.27998e-06 1.25242e-06 2.50483e-08 3.54237e-08 0 6.01411e-13 2.50483e-07 7.18761e-08 
scan 450 300 47 0 0 0 0 0 0 0 0 0 
scan 450 300 48 0 0 0 0 0 0 0 0 0 
scan 450 300 49 0 0 0 0 0 0 0 0 0 
scan 450 300 50 0 0 0 0 0 0 0 0 0 
scan 450 300 51 1.19688e-06 1.25158e-06 1.19688e-06 3.59064e-08 3.38529e-08 0 2.29801e-10 3.59064e-07 5.06848e-08 
scan 450 300 52 0 0 0 0 0 0 0 0 0 
scan 450 300 53 0 0 0 0 0 0 0 0 0 
scan 450 300 54 0 0 0 0 0 0 0 0 0 
scan 450 300 55 0 0 0 0 0 0 0 0 0 
scan 450 300 56 0 0 0 0 0 0 0 0 0 
scan 450 300 57 0 0 0 0 0 0 0 0 0 
scan 450 300 58 1.252e-06 1.7728e-06 1.252e-06 3.75599e-08 3.54118e-08 0 2.10336e-10 1.252e-06 7.1852e-08 
scan 450 300 59 1.19688e-06 1.69412e-06 1.19688e-06 3.59064e-08 3.38529e-08 0 2.29801e-10 1.19688e-06 5.06848e-08 
scan 450 300 75 0 0 0 0 0 0 0 0 0 
scan 450 300 76 1.19734e-06 1.22281e-06 1.19734e-06 2.39467e-08 3.38658e-08 0 9.80859e-13 2.39467e-07 5.07042e-08 
scan 450 300 77 0 0 0 0 0 0 0 0 0 
scan 450 300 78 0 0 0 0 0 0 0 0 0 
scan 450 300 79 0 0 0 0 0 0 0 0 0 
scan 450 300 80 0 0 0 0 0 0 0 0 0 
scan 450 300 81 1.19734e-06 1.25177e-06 1.19734e-06 2.39468e-08 3.38658e-08 0 7.5097e-13 3.59201e-07 5.07042e-08 
scan 450 300 82 0 0 0 0 0 0 0 0 0 
scan 450 300 83 0 0 0 0 0 0 0 0 0 
scan 450 300 84 0 0 0 0 0 0 0 0 0 
scan 450 300 85 0 0 0 0 0 0 0 0 0 
scan 450 300 86 1.19734e-06 1.69456e-06 1.19734e-06 2.39468e-08 3.38658e-08 0 5.74962e-13 1.19734e-06 5.07042e-08 
scan 450 300 87 2.39468e-06 2.93579e-06 1.69329e-06 4.78935e-08 6.77316e-08 0 1.73183e-12 2.39468e-06 1.01408e-07 
scan 450 300 88 0 0 0 0 0 0 0 0 0 
scan 450 300 89 2.44975e-06 3.00428e-06 1.73268e-06 4.89951e-08 6.92895e-08 0 1.76637e-12 2.44975e-06 1.2258e-07 
scan 450 300 90 1.14945e-06 1.1753e-06 1.14945e-06 0 3.25112e-08 5.74723e-08 2.29889e-08 2.29889e-07 4.86761e-08 
scan 450 300 91 1.18968e-06 1.21621e-06 1.18968e-06 2.37935e-08 2.37935e-08 5.94838e-08 3.80696e-09 2.37935e-07 5.03798e-08 
scan 450 300 92 0 0 0 0 0 0 0 0 0 
scan 450 300 93 0 0 0 0 0 0 0 0 0 
scan 450 300 94 1.07761e-06 1.10295e-06 1.07761e-06 0 3.04793e-08 5.38803e-08 5.38803e-08 2.15521e-07 4.56338e-08 
scan 450 300 95 0 0 0 0 0 0 0 0 0 
scan 450 300 96 1.14945e-06 1.20308e-06 1.14945e-06 0 3.25112e-08 5.74723e-08 2.29889e-08 3.44834e-07 4.86761e-08 
scan 450 300 97 0 0 0 0 0 0 0 0 0 
scan 450 300 98 0 0 0 0 0 0 0 0 0 
scan 450 300 99 0 0 0 0 0 0 0 0 0 
scan 450 300 100 0 0 0 0 0 0 0 0 0 
scan 450 300 101 0 0 0 0 0 0 0 0 0 
scan 450 300 102 0 0 0 0 0 0 0 0 0 
scan 450 300 103 1.25242e-06 1.7741e-06 1.25242e-06 2.50483e-08 2.50483e-08 6.26208e-08 6.01411e-13 1.25242e-06 7.18761e-08 
scan 450 300 104 4.41231e-06 4.94571e-06 2.21062e-06 8.15977e-08 1.09024e-07 1.54523e-07 1.65458e-07 4.41231e-06 1.8685e-07 
scan 450 300 120 0 0 0 0 0 0 0 0 0 
scan 450 300 121 1.19147e-06 1.21682e-06 1.19147e-06 2.38294e-08 2.38294e-08 2.38294e-08 2.91911e-09 2.38294e-07 5.04558e-08 
scan 450 300 122 0 0 0 0 0 0 0 0 0 
scan 450 300 123 0 0 0 0 0 0 0 0 0 
scan 450 300 124 0 0 0 0 0 0 0 0 0 
scan 450 300 125 0 0 0 0 0 0 0 0 0 
scan 450 300 126 0 0 0 0 0 0 0 0 0 
scan 450 300 127 0 0 0 0 0 0 0 0 0 
scan 450 300 128 0 0 0 0 0 0 0 0 0 
scan 450 300 129 0 0 0 0 0 0 0 0 0 
scan 450 300 130 0 0 0 0 0 0 0 0 0 
scan 450 300 131 1.05366e-06 1.49333e-06 1.05366e-06 2.9802e-08 0 5.26829e-08 6.32195e-08 1.05366e-06 4.46198e-08 
scan 450 300 132 0 0 0 0 0 0 0 0 0 
scan 450 300 133 0 0 0 0 0 0 0 0 0 
scan 450 300 134 1.14945e-06 1.62694e-06 1.14945e-06 0 3.25112e-08 2.29889e-08 2.29889e-08 1.14945e-06 4.86761e-08 
scan 450 300 135 0 0 0 0 0 0 0 0 0 
scan 450 300 136 1.24628e-06 1.27499e-06 1.24628e-06 2.49256e-08 2.49256e-08 6.23141e-08 3.05339e-09 2.49256e-07 7.1524e-08 
scan 450 300 137 1.05366e-06 1.07926e-06 1.05366e-06 3.16098e-08 2.10732e-08 5.26829e-08 6.32195e-08 2.10732e-07 4.46198e-08 
scan 450 300 138 0 0 0 0 0 0 0 0 0 
scan 450 300 139 0 0 0 0 0 0 0 0 0 
scan 450 300 140 0 0 0 0 0 0 0 0 0 
scan 450 300 141 0 0 0 0 0 0 0 0 0 
scan 450 300 142 0 0 0 0 0 0 0 0 0 
scan 450 300 143 0 0 0 0 0 0 0 0 0 
scan 450 300 144 0 0 0 0 0 0 0 0 0 
scan 450 300 145 0 0 0 0 0 0 0 0 0 
scan 450 300 146 0 0 0 0 0 0 0 0 0 
scan 450 300 147 0 0 0 0 0 0 0 0 0 
scan 450 300 148 2.24513e-06 2.75567e-06 1.59054e-06 4.49026e-08 7.65124e-08 4.49026e-08 6.61386e-08 2.24513e-06 9.50756e-08 
scan 450 300 149 1.24628e-06 1.76449e-06 1.24628e-06 2.49256e-08 2.49256e-08 2.49256e-08 3.05339e-09 1.24628e-06 7.1524e-08 
scan 450 300 165 0 0 0 0 0 0 0 0 0 
scan 450 300 166 1.19147e-06 1.21682e-06 1.19147e-06 2.38294e-08 2.38294e-08 2.38294e-08 2.91911e-09 2.38294e-07 5.04558e-08 
scan 450 300 167 0 0 0 0 0 0 0 0 0 
scan 450 300 168 0 0 0 0 0 0 0 0 0 
scan 450 300 169 0 0 0 0 0 0 0 0 0 
scan 450 300 170 1.18968e-06 1.24496e-06 1.18968e-06 2.37935e-08 2.37935e-08 5.94838e-08 3.80696e-09 3.56903e-07 5.03798e-08 
scan 450 300 171 0 0 0 0 0 0 0 0 0 
scan 450 300 172 0 0 0 0 0 0 0 0 0 
scan 450 300 173 0 0 0 0 0 0 0 0 0 
scan 450 300 174 0 0 0 0 0 0 0 0 0 
scan 450 300 175 0 0 0 0 0 0 0 0 0 
scan 450 300 176 0 0 0 0 0 0 0 0 0 
scan 450 300 177 1.18968e-06 1.68372e-06 1.18968e-06 2.37935e-08 2.37935e-08 2.37935e-08 3.80696e-09 1.18968e-06 5.03798e-08 
scan 450 300 178 0 0 0 0 0 0 0 0 0 
scan 450 300 179 0 0 0 0 0 0 0 0 0 
