xsec 550 300 0.00761444
scan 550 300 0 1.1115e-05 6.82707e-06 6.41747e-06 3.59856e-07 2.7527e-07 0 3.29919e-08 2.223e-06 5.26198e-07 
scan 550 300 1 1.18127e-05 7.27688e-06 6.82849e-06 4.13213e-07 1.63047e-07 0 3.73618e-08 2.36253e-06 7.37843e-07 
scan 550 300 2 1.87825e-05 9.28493e-06 8.40472e-06 6.47028e-07 2.75271e-07 0 1.01978e-07 3.7565e-06 9.76983e-07 
scan 550 300 3 7.32059e-06 5.39822e-06 5.17644e-06 2.77714e-07 0 0 6.58853e-08 1.46412e-06 3.46567e-07 
scan 550 300 4 3.41494e-05 1.34755e-05 1.13902e-05 7.45091e-07 1.19571e-06 0 5.12834e-08 6.82988e-06 1.79384e-06 
scan 550 300 5 0 0 0 0 0 0 0 0 0 
scan 550 300 6 3.72736e-06 3.89762e-06 3.72736e-06 7.45473e-08 1.05426e-07 0 1.31501e-11 1.11821e-06 1.76458e-07 
scan 550 300 7 0 0 0 0 0 0 0 0 0 
scan 550 300 8 3.72735e-06 3.8985e-06 3.72735e-06 1.34392e-07 7.4547e-08 0 1.97251e-11 1.11821e-06 1.76458e-07 
scan 550 300 9 0 0 0 0 0 0 0 0 0 
scan 550 300 10 0 0 0 0 0 0 0 0 0 
scan 550 300 11 1.5218e-05 1.70458e-05 7.61567e-06 1.15416e-07 5.52085e-07 0 2.23031e-08 1.5218e-05 8.09844e-07 
scan 550 300 12 1.14103e-05 1.31984e-05 6.59091e-06 2.38252e-07 3.29329e-07 0 6.1039e-08 1.14103e-05 6.27169e-07 
scan 550 300 13 2.28248e-05 2.47014e-05 9.32657e-06 7.23402e-07 2.84762e-07 0 1.20467e-07 2.28248e-05 1.25695e-06 
scan 550 300 14 0.000101139 0.000103181 1.94756e-05 2.85527e-06 1.75763e-06 0 4.4841e-07 0.000101139 5.14231e-06 
scan 550 300 15 1.89148e-05 9.35352e-06 8.46491e-06 4.18895e-07 6.13886e-07 0 3.72812e-08 3.78295e-06 9.84497e-07 
scan 550 300 16 2.64171e-05 1.14309e-05 9.99453e-06 8.53067e-07 2.46521e-07 0 1.86822e-07 5.28342e-06 1.42736e-06 
scan 550 300 17 3.4186e-05 1.34847e-05 1.14047e-05 1.15631e-06 3.20575e-07 0 2.05762e-07 6.83719e-06 1.88197e-06 
scan 550 300 18 2.62065e-05 1.13278e-05 9.90955e-06 6.96535e-07 6.2103e-07 0 1.17027e-07 5.24129e-06 1.32844e-06 
scan 550 300 19 3.74199e-05 1.41886e-05 1.18362e-05 8.67447e-07 9.96317e-07 0 1.01935e-07 7.48397e-06 1.8589e-06 
scan 550 300 20 4.08058e-06 4.27604e-06 4.08058e-06 8.16116e-08 2.19746e-07 0 1.43963e-11 1.22417e-06 2.82585e-07 
scan 550 300 21 0 0 0 0 0 0 0 0 0 
scan 550 300 22 7.37278e-06 5.67761e-06 5.21347e-06 1.50918e-07 1.28604e-07 0 4.03676e-08 2.21183e-06 3.49037e-07 
scan 550 300 23 1.18705e-05 7.77277e-06 6.85922e-06 2.2084e-07 2.96892e-07 0 9.00256e-09 3.56116e-06 7.40381e-07 
scan 550 300 24 7.80795e-06 6.03022e-06 5.5267e-06 1.87038e-07 2.94293e-07 0 2.41729e-11 2.34239e-06 4.59043e-07 
scan 550 300 25 0 0 0 0 0 0 0 0 0 
scan 550 300 26 1.87154e-05 2.05397e-05 8.37558e-06 6.49327e-07 2.75272e-07 0 1.3402e-07 1.87154e-05 9.73807e-07 
scan 550 300 27 3.35616e-05 3.54342e-05 1.11916e-05 9.32441e-07 4.90964e-07 0 1.65786e-07 3.35616e-05 1.67665e-06 
scan 550 300 28 3.06931e-05 3.26225e-05 1.08646e-05 7.21451e-07 7.92863e-07 0 9.10345e-08 3.06931e-05 1.72091e-06 
scan 550 300 29 0.000158981 0.000161174 2.45519e-05 4.00106e-06 3.50242e-06 0 5.41115e-07 0.000158981 8.41516e-06 
scan 550 300 30 7.80022e-06 5.7613e-06 5.52107e-06 7.45228e-08 2.46521e-07 0 3.88526e-09 1.56004e-06 4.58535e-07 
scan 550 300 31 4.16531e-05 1.53161e-05 1.25702e-05 1.24883e-06 7.51903e-07 0 2.00056e-07 8.33062e-06 2.23762e-06 
scan 550 300 32 4.94365e-05 1.72108e-05 1.37234e-05 1.21904e-06 1.15375e-06 0 2.13099e-07 9.8873e-06 2.69441e-06 
scan 550 300 33 3.80867e-05 1.44734e-05 1.20527e-05 1.15577e-06 7.49878e-07 0 1.21308e-07 7.61735e-06 2.06764e-06 
scan 550 300 34 4.87078e-05 1.69343e-05 1.35193e-05 1.27002e-06 1.12541e-06 0 2.23228e-07 9.74157e-06 2.48467e-06 
scan 550 300 35 0 0 0 0 0 0 0 0 0 
scan 550 300 36 3.72738e-06 3.89763e-06 3.72738e-06 1.05426e-07 7.45475e-08 0 7.01343e-12 1.11821e-06 1.76459e-07 
scan 550 300 37 0 0 0 0 0 0 0 0 0 
scan 550 300 38 3.72739e-06 3.89764e-06 3.72739e-06 7.45477e-08 1.05426e-07 0 2.33782e-12 1.11822e-06 1.76459e-07 
scan 550 300 39 3.71248e-06 3.88206e-06 3.71248e-06 0 1.28604e-07 0 7.42496e-09 1.11374e-06 1.75754e-07 
scan 550 300 40 0 0 0 0 0 0 0 0 0 
scan 550 300 41 1.14082e-05 1.31965e-05 6.5914e-06 3.4062e-07 2.00724e-07 0 6.25378e-08 1.14082e-05 6.27876e-07 
scan 550 300 42 1.11285e-05 1.28676e-05 6.42517e-06 2.76356e-07 3.06151e-07 0 2.64662e-08 1.11285e-05 5.26836e-07 
scan 550 300 43 4.51868e-05 4.71149e-05 1.30522e-05 1.01245e-06 1.09504e-06 0 1.222e-07 4.51868e-05 2.31672e-06 
scan 550 300 44 0.000135916 0.000138038 2.26686e-05 3.01121e-06 2.92788e-06 0 3.64973e-07 0.000135916 7.05668e-06 
scan 550 300 45 0 0 0 0 0 0 0 0 0 
scan 550 300 46 0 0 0 0 0 0 0 0 0 
scan 550 300 47 0 0 0 0 0 0 0 0 0 
scan 550 300 48 0 0 0 0 0 0 0 0 0 
scan 550 300 49 0 0 0 0 0 0 0 0 0 
scan 550 300 50 0 0 0 0 0 0 0 0 0 
scan 550 300 51 0 0 0 0 0 0 0 0 0 
scan 550 300 52 0 0 0 0 0 0 0 0 0 
scan 550 300 53 0 0 0 0 0 0 0 0 0 
scan 550 300 54 0 0 0 0 0 0 0 0 0 
scan 550 300 55 0 0 0 0 0 0 0 0 0 
scan 550 300 56 0 0 0 0 0 0 0 0 0 
scan 550 300 57 0 0 0 0 0 0 0 0 0 
scan 550 300 58 0 0 0 0 0 0 0 0 0 
scan 550 300 59 0 0 0 0 0 0 0 0 0 
scan 550 300 75 0 0 0 0 0 0 0 0 0 
scan 550 300 76 0 0 0 0 0 0 0 0 0 
scan 550 300 77 0 0 0 0 0 0 0 0 0 
scan 550 300 78 0 0 0 0 0 0 0 0 0 
scan 550 300 79 0 0 0 0 0 0 0 0 0 
scan 550 300 80 0 0 0 0 0 0 0 0 0 
scan 550 300 81 0 0 0 0 0 0 0 0 0 
scan 550 300 82 0 0 0 0 0 0 0 0 0 
scan 550 300 83 0 0 0 0 0 0 0 0 0 
scan 550 300 84 0 0 0 0 0 0 0 0 0 
scan 550 300 85 0 0 0 0 0 0 0 0 0 
scan 550 300 86 0 0 0 0 0 0 0 0 0 
scan 550 300 87 0 0 0 0 0 0 0 0 0 
scan 550 300 88 0 0 0 0 0 0 0 0 0 
scan 550 300 89 0 0 0 0 0 0 0 0 0 
scan 550 300 90 3.16828e-06 3.24585e-06 3.16828e-06 1.14234e-07 0 6.33656e-08 2.37621e-07 6.33656e-07 1.49991e-07 
scan 550 300 91 0 0 0 0 0 0 0 0 0 
scan 550 300 92 0 0 0 0 0 0 0 0 0 
scan 550 300 93 0 0 0 0 0 0 0 0 0 
scan 550 300 94 0 0 0 0 0 0 0 0 0 
scan 550 300 95 0 0 0 0 0 0 0 0 0 
scan 550 300 96 0 0 0 0 0 0 0 0 0 
scan 550 300 97 0 0 0 0 0 0 0 0 0 
scan 550 300 98 0 0 0 0 0 0 0 0 0 
scan 550 300 99 0 0 0 0 0 0 0 0 0 
scan 550 300 100 0 0 0 0 0 0 0 0 0 
scan 550 300 101 0 0 0 0 0 0 0 0 0 
scan 550 300 102 0 0 0 0 0 0 0 0 0 
scan 550 300 103 0 0 0 0 0 0 0 0 0 
scan 550 300 104 0 0 0 0 0 0 0 0 0 
scan 550 300 120 0 0 0 0 0 0 0 0 0 
scan 550 300 121 0 0 0 0 0 0 0 0 0 
scan 550 300 122 0 0 0 0 0 0 0 0 0 
scan 550 300 123 0 0 0 0 0 0 0 0 0 
scan 550 300 124 0 0 0 0 0 0 0 0 0 
scan 550 300 125 0 0 0 0 0 0 0 0 0 
scan 550 300 126 0 0 0 0 0 0 0 0 0 
scan 550 300 127 0 0 0 0 0 0 0 0 0 
scan 550 300 128 0 0 0 0 0 0 0 0 0 
scan 550 300 129 0 0 0 0 0 0 0 0 0 
scan 550 300 130 0 0 0 0 0 0 0 0 0 
scan 550 300 131 0 0 0 0 0 0 0 0 0 
scan 550 300 132 0 0 0 0 0 0 0 0 0 
scan 550 300 133 0 0 0 0 0 0 0 0 0 
scan 550 300 134 0 0 0 0 0 0 0 0 0 
scan 550 300 135 0 0 0 0 0 0 0 0 0 
scan 550 300 136 0 0 0 0 0 0 0 0 0 
scan 550 300 137 0 0 0 0 0 0 0 0 0 
scan 550 300 138 0 0 0 0 0 0 0 0 0 
scan 550 300 139 0 0 0 0 0 0 0 0 0 
scan 550 300 140 0 0 0 0 0 0 0 0 0 
scan 550 300 141 0 0 0 0 0 0 0 0 0 
scan 550 300 142 0 0 0 0 0 0 0 0 0 
scan 550 300 143 0 0 0 0 0 0 0 0 0 
scan 550 300 144 0 0 0 0 0 0 0 0 0 
scan 550 300 145 0 0 0 0 0 0 0 0 0 
scan 550 300 146 0 0 0 0 0 0 0 0 0 
scan 550 300 147 0 0 0 0 0 0 0 0 0 
scan 550 300 148 0 0 0 0 0 0 0 0 0 
scan 550 300 149 3.70913e-06 5.25277e-06 3.70913e-06 7.41825e-08 7.41825e-08 1.85456e-07 9.08736e-09 3.70913e-06 1.75595e-07 
scan 550 300 165 0 0 0 0 0 0 0 0 0 
scan 550 300 166 0 0 0 0 0 0 0 0 0 
scan 550 300 167 0 0 0 0 0 0 0 0 0 
scan 550 300 168 0 0 0 0 0 0 0 0 0 
scan 550 300 169 0 0 0 0 0 0 0 0 0 
scan 550 300 170 0 0 0 0 0 0 0 0 0 
scan 550 300 171 0 0 0 0 0 0 0 0 0 
scan 550 300 172 0 0 0 0 0 0 0 0 0 
scan 550 300 173 0 0 0 0 0 0 0 0 0 
scan 550 300 174 0 0 0 0 0 0 0 0 0 
scan 550 300 175 0 0 0 0 0 0 0 0 0 
scan 550 300 176 0 0 0 0 0 0 0 0 0 
scan 550 300 177 0 0 0 0 0 0 0 0 0 
scan 550 300 178 0 0 0 0 0 0 0 0 0 
scan 550 300 179 0 0 0 0 0 0 0 0 0 
