xsec 500 400 0.0125398
scan 500 400 0 1.21331e-05 8.94451e-06 8.57989e-06 4.28977e-07 1.22655e-07 0 6.48461e-08 2.42661e-06 5.45893e-07 
scan 500 400 1 6.72366e-06 6.87473e-06 6.72366e-06 1.90174e-07 1.34473e-07 0 3.55816e-11 1.34473e-06 4.37934e-07 
scan 500 400 2 1.22635e-05 9.04006e-06 8.6716e-06 3.43734e-07 2.96059e-07 0 1.06242e-09 2.4527e-06 5.51761e-07 
scan 500 400 3 6.07148e-06 6.21386e-06 6.07148e-06 0 4.46161e-07 0 3.03574e-08 1.2143e-06 2.73169e-07 
scan 500 400 4 0 0 0 0 0 0 0 0 0 
scan 500 400 5 0 0 0 0 0 0 0 0 0 
scan 500 400 6 6.13275e-06 6.41371e-06 6.13275e-06 2.21119e-07 1.22655e-07 0 3.24545e-11 1.83982e-06 2.75926e-07 
scan 500 400 7 6.123e-06 6.40205e-06 6.123e-06 0 2.12107e-07 0 4.8984e-09 1.8369e-06 2.75487e-07 
scan 500 400 8 6.02242e-06 6.29856e-06 6.02242e-06 2.48311e-07 0 0 5.42018e-08 1.80673e-06 2.70962e-07 
scan 500 400 9 0 0 0 0 0 0 0 0 0 
scan 500 400 10 6.13275e-06 8.68109e-06 6.13275e-06 2.21119e-07 1.22655e-07 0 3.24545e-11 6.13275e-06 2.75926e-07 
scan 500 400 11 1.22655e-05 1.5043e-05 8.67303e-06 3.43775e-07 4.52915e-07 0 5.40909e-11 1.22655e-05 5.51852e-07 
scan 500 400 12 6.13277e-06 8.68458e-06 6.13277e-06 1.22655e-07 3.3026e-07 0 2.16364e-11 6.13277e-06 2.75927e-07 
scan 500 400 13 1.82879e-05 2.11446e-05 1.05589e-05 6.4289e-07 2.4531e-07 0 5.42667e-08 1.82879e-05 8.22813e-07 
scan 500 400 14 2.43007e-05 2.72012e-05 1.21508e-05 6.19278e-07 3.85569e-07 0 1.13305e-07 2.43007e-05 1.09334e-06 
scan 500 400 15 0 0 0 0 0 0 0 0 0 
scan 500 400 16 0 0 0 0 0 0 0 0 0 
scan 500 400 17 1.20755e-05 8.90163e-06 8.53926e-06 2.46035e-07 3.50894e-07 0 9.27741e-08 2.4151e-06 5.43303e-07 
scan 500 400 18 0 0 0 0 0 0 0 0 0 
scan 500 400 19 0 0 0 0 0 0 0 0 0 
scan 500 400 20 0 0 0 0 0 0 0 0 0 
scan 500 400 21 0 0 0 0 0 0 0 0 0 
scan 500 400 22 0 0 0 0 0 0 0 0 0 
scan 500 400 23 0 0 0 0 0 0 0 0 0 
scan 500 400 24 0 0 0 0 0 0 0 0 0 
scan 500 400 25 0 0 0 0 0 0 0 0 0 
scan 500 400 26 0 0 0 0 0 0 0 0 0 
scan 500 400 27 0 0 0 0 0 0 0 0 0 
scan 500 400 28 6.123e-06 8.66621e-06 6.123e-06 0 2.12107e-07 0 4.8984e-09 6.123e-06 2.75487e-07 
scan 500 400 29 0 0 0 0 0 0 0 0 0 
scan 500 400 30 0 0 0 0 0 0 0 0 0 
scan 500 400 31 0 0 0 0 0 0 0 0 0 
scan 500 400 32 0 0 0 0 0 0 0 0 0 
scan 500 400 33 0 0 0 0 0 0 0 0 0 
scan 500 400 34 0 0 0 0 0 0 0 0 0 
scan 500 400 35 0 0 0 0 0 0 0 0 0 
scan 500 400 36 0 0 0 0 0 0 0 0 0 
scan 500 400 37 0 0 0 0 0 0 0 0 0 
scan 500 400 38 0 0 0 0 0 0 0 0 0 
scan 500 400 39 0 0 0 0 0 0 0 0 0 
scan 500 400 40 0 0 0 0 0 0 0 0 0 
scan 500 400 41 6.02242e-06 8.52509e-06 6.02242e-06 2.48311e-07 0 0 5.42018e-08 6.02242e-06 2.70962e-07 
scan 500 400 42 0 0 0 0 0 0 0 0 0 
scan 500 400 43 0 0 0 0 0 0 0 0 0 
scan 500 400 44 0 0 0 0 0 0 0 0 0 
scan 500 400 45 0 0 0 0 0 0 0 0 0 
scan 500 400 46 0 0 0 0 0 0 0 0 0 
scan 500 400 47 0 0 0 0 0 0 0 0 0 
scan 500 400 48 0 0 0 0 0 0 0 0 0 
scan 500 400 49 0 0 0 0 0 0 0 0 0 
scan 500 400 50 0 0 0 0 0 0 0 0 0 
scan 500 400 51 0 0 0 0 0 0 0 0 0 
scan 500 400 52 0 0 0 0 0 0 0 0 0 
scan 500 400 53 0 0 0 0 0 0 0 0 0 
scan 500 400 54 0 0 0 0 0 0 0 0 0 
scan 500 400 55 0 0 0 0 0 0 0 0 0 
scan 500 400 56 0 0 0 0 0 0 0 0 0 
scan 500 400 57 0 0 0 0 0 0 0 0 0 
scan 500 400 58 0 0 0 0 0 0 0 0 0 
scan 500 400 59 0 0 0 0 0 0 0 0 0 
scan 500 400 75 0 0 0 0 0 0 0 0 0 
scan 500 400 76 0 0 0 0 0 0 0 0 0 
scan 500 400 77 0 0 0 0 0 0 0 0 0 
scan 500 400 78 0 0 0 0 0 0 0 0 0 
scan 500 400 79 0 0 0 0 0 0 0 0 0 
scan 500 400 80 0 0 0 0 0 0 0 0 0 
scan 500 400 81 0 0 0 0 0 0 0 0 0 
scan 500 400 82 0 0 0 0 0 0 0 0 0 
scan 500 400 83 0 0 0 0 0 0 0 0 0 
scan 500 400 84 0 0 0 0 0 0 0 0 0 
scan 500 400 85 0 0 0 0 0 0 0 0 0 
scan 500 400 86 0 0 0 0 0 0 0 0 0 
scan 500 400 87 0 0 0 0 0 0 0 0 0 
scan 500 400 88 0 0 0 0 0 0 0 0 0 
scan 500 400 89 0 0 0 0 0 0 0 0 0 
scan 500 400 90 0 0 0 0 0 0 0 0 0 
scan 500 400 91 0 0 0 0 0 0 0 0 0 
scan 500 400 92 0 0 0 0 0 0 0 0 0 
scan 500 400 93 0 0 0 0 0 0 0 0 0 
scan 500 400 94 0 0 0 0 0 0 0 0 0 
scan 500 400 95 0 0 0 0 0 0 0 0 0 
scan 500 400 96 0 0 0 0 0 0 0 0 0 
scan 500 400 97 0 0 0 0 0 0 0 0 0 
scan 500 400 98 0 0 0 0 0 0 0 0 0 
scan 500 400 99 0 0 0 0 0 0 0 0 0 
scan 500 400 100 0 0 0 0 0 0 0 0 0 
scan 500 400 101 0 0 0 0 0 0 0 0 0 
scan 500 400 102 0 0 0 0 0 0 0 0 0 
scan 500 400 103 0 0 0 0 0 0 0 0 0 
scan 500 400 104 0 0 0 0 0 0 0 0 0 
scan 500 400 120 0 0 0 0 0 0 0 0 0 
scan 500 400 121 0 0 0 0 0 0 0 0 0 
scan 500 400 122 0 0 0 0 0 0 0 0 0 
scan 500 400 123 0 0 0 0 0 0 0 0 0 
scan 500 400 124 0 0 0 0 0 0 0 0 0 
scan 500 400 125 0 0 0 0 0 0 0 0 0 
scan 500 400 126 0 0 0 0 0 0 0 0 0 
scan 500 400 127 0 0 0 0 0 0 0 0 0 
scan 500 400 128 0 0 0 0 0 0 0 0 0 
scan 500 400 129 0 0 0 0 0 0 0 0 0 
scan 500 400 130 0 0 0 0 0 0 0 0 0 
scan 500 400 131 0 0 0 0 0 0 0 0 0 
scan 500 400 132 0 0 0 0 0 0 0 0 0 
scan 500 400 133 0 0 0 0 0 0 0 0 0 
scan 500 400 134 0 0 0 0 0 0 0 0 0 
scan 500 400 135 0 0 0 0 0 0 0 0 0 
scan 500 400 136 0 0 0 0 0 0 0 0 0 
scan 500 400 137 0 0 0 0 0 0 0 0 0 
scan 500 400 138 0 0 0 0 0 0 0 0 0 
scan 500 400 139 0 0 0 0 0 0 0 0 0 
scan 500 400 140 0 0 0 0 0 0 0 0 0 
scan 500 400 141 0 0 0 0 0 0 0 0 0 
scan 500 400 142 0 0 0 0 0 0 0 0 0 
scan 500 400 143 0 0 0 0 0 0 0 0 0 
scan 500 400 144 0 0 0 0 0 0 0 0 0 
scan 500 400 145 0 0 0 0 0 0 0 0 0 
scan 500 400 146 0 0 0 0 0 0 0 0 0 
scan 500 400 147 0 0 0 0 0 0 0 0 0 
scan 500 400 148 0 0 0 0 0 0 0 0 0 
scan 500 400 149 0 0 0 0 0 0 0 0 0 
scan 500 400 165 0 0 0 0 0 0 0 0 0 
scan 500 400 166 0 0 0 0 0 0 0 0 0 
scan 500 400 167 0 0 0 0 0 0 0 0 0 
scan 500 400 168 0 0 0 0 0 0 0 0 0 
scan 500 400 169 0 0 0 0 0 0 0 0 0 
scan 500 400 170 0 0 0 0 0 0 0 0 0 
scan 500 400 171 0 0 0 0 0 0 0 0 0 
scan 500 400 172 0 0 0 0 0 0 0 0 0 
scan 500 400 173 0 0 0 0 0 0 0 0 0 
scan 500 400 174 0 0 0 0 0 0 0 0 0 
scan 500 400 175 0 0 0 0 0 0 0 0 0 
scan 500 400 176 0 0 0 0 0 0 0 0 0 
scan 500 400 177 0 0 0 0 0 0 0 0 0 
scan 500 400 178 0 0 0 0 0 0 0 0 0 
scan 500 400 179 0 0 0 0 0 0 0 0 0 
