xsec 500 350 0.0125398
scan 500 350 0 8.8193e-06 2.13745e-06 1.06979e-06 2.69079e-07 2.08454e-07 0 3.30462e-08 1.76386e-06 4.42844e-07 
scan 500 350 1 2.26732e-05 5.05629e-06 1.71435e-06 6.28068e-07 6.18671e-07 0 8.85566e-08 4.53463e-06 1.13098e-06 
scan 500 350 2 1.92241e-05 4.33536e-06 1.58059e-06 5.48212e-07 4.95983e-07 0 7.52676e-08 3.84483e-06 9.80918e-07 
scan 500 350 3 1.45967e-05 3.35332e-06 1.37342e-06 4.13189e-07 3.90218e-07 0 6.25536e-08 2.91934e-06 7.1341e-07 
scan 500 350 4 2.18134e-05 4.87219e-06 1.68338e-06 6.04554e-07 5.1361e-07 0 8.7314e-08 4.36268e-06 1.11113e-06 
scan 500 350 5 2.45593e-06 9.38837e-07 5.6355e-07 6.17445e-08 5.50268e-08 0 8.18097e-09 7.36778e-07 1.1865e-07 
scan 500 350 6 6.61851e-06 2.22928e-06 9.27011e-07 1.93114e-07 1.51459e-07 0 1.76969e-08 1.98555e-06 3.2768e-07 
scan 500 350 7 4.78448e-06 1.66246e-06 7.86721e-07 1.42518e-07 8.83224e-08 0 2.1287e-08 1.43534e-06 2.36783e-07 
scan 500 350 8 3.12829e-06 1.15232e-06 6.38766e-07 8.79744e-08 6.25225e-08 0 1.28114e-08 9.38486e-07 1.65093e-07 
scan 500 350 9 2.46143e-06 9.41426e-07 5.64798e-07 6.52941e-08 5.98216e-08 0 5.49142e-09 7.38429e-07 1.18902e-07 
scan 500 350 10 1.30067e-06 1.36652e-06 4.11484e-07 3.28641e-08 1.93003e-08 0 7.41475e-09 1.30067e-06 6.93504e-08 
scan 500 350 11 1.53197e-05 1.54132e-05 1.41065e-06 4.187e-07 3.21487e-07 0 5.70595e-08 1.53197e-05 7.75775e-07 
scan 500 350 12 2.74698e-05 2.75846e-05 1.88697e-06 7.13593e-07 6.53305e-07 0 8.35896e-08 2.74698e-05 1.34928e-06 
scan 500 350 13 3.35682e-05 3.36947e-05 2.08631e-06 8.90987e-07 7.58349e-07 0 1.14508e-07 3.35682e-05 1.66459e-06 
scan 500 350 14 6.55395e-05 6.5722e-05 2.91427e-06 1.74356e-06 1.30848e-06 0 2.57811e-07 6.55395e-05 3.26223e-06 
scan 500 350 15 9.97759e-06 2.37207e-06 1.13729e-06 2.47226e-07 2.09679e-07 0 3.5239e-08 1.99552e-06 4.9482e-07 
scan 500 350 16 2.17957e-05 4.86095e-06 1.68204e-06 5.45406e-07 5.20424e-07 0 9.00622e-08 4.35914e-06 1.10503e-06 
scan 500 350 17 2.33116e-05 5.18022e-06 1.73796e-06 6.41335e-07 5.14635e-07 0 1.12767e-07 4.66232e-06 1.17813e-06 
scan 500 350 18 1.51676e-05 3.47175e-06 1.40263e-06 3.8776e-07 3.64543e-07 0 7.11271e-08 3.03351e-06 7.71474e-07 
scan 500 350 19 2.27885e-05 5.06495e-06 1.71817e-06 5.79632e-07 5.41501e-07 0 9.54077e-08 4.5577e-06 1.1361e-06 
scan 500 350 20 2.20964e-06 8.63074e-07 5.36024e-07 4.83149e-08 6.03e-08 0 5.16172e-09 6.62892e-07 1.10229e-07 
scan 500 350 21 5.57225e-06 1.90382e-06 8.49972e-07 1.19326e-07 1.25454e-07 0 2.1009e-08 1.67167e-06 2.77776e-07 
scan 500 350 22 3.35734e-06 1.21908e-06 6.58555e-07 8.31392e-08 6.86896e-08 0 1.25749e-08 1.0072e-06 1.61894e-07 
scan 500 350 23 3.12231e-06 1.1485e-06 6.37493e-07 6.48085e-08 7.45407e-08 0 9.86456e-09 9.36692e-07 1.59385e-07 
scan 500 350 24 5.04632e-06 1.74246e-06 8.08274e-07 1.34452e-07 8.7756e-08 0 2.54966e-08 1.51389e-06 2.54044e-07 
scan 500 350 25 6.46564e-07 7.09343e-07 2.89233e-07 1.53354e-08 1.45634e-08 0 2.64484e-09 6.46564e-07 3.18128e-08 
scan 500 350 26 1.12313e-05 1.13152e-05 1.20437e-06 3.11115e-07 1.9946e-07 0 5.10219e-08 1.12313e-05 5.48452e-07 
scan 500 350 27 2.22845e-05 2.23882e-05 1.69953e-06 5.42028e-07 4.75219e-07 0 7.75116e-08 2.22845e-05 1.10257e-06 
scan 500 350 28 2.56625e-05 2.57724e-05 1.82422e-06 6.57662e-07 4.74952e-07 0 1.03303e-07 2.56625e-05 1.28709e-06 
scan 500 350 29 7.92924e-05 7.94984e-05 3.2086e-06 1.9198e-06 1.66158e-06 0 2.80376e-07 7.92924e-05 3.98665e-06 
scan 500 350 30 9.52719e-06 2.28325e-06 1.11531e-06 2.30656e-07 2.16312e-07 0 1.74027e-08 1.90544e-06 4.8818e-07 
scan 500 350 31 1.96272e-05 4.39699e-06 1.59765e-06 4.8173e-07 4.12333e-07 0 5.01021e-08 3.92544e-06 9.83541e-07 
scan 500 350 32 2.84001e-05 6.23912e-06 1.92395e-06 6.43729e-07 6.90919e-07 0 5.7315e-08 5.68003e-06 1.43779e-06 
scan 500 350 33 2.63175e-05 5.79208e-06 1.84745e-06 6.39542e-07 5.95041e-07 0 6.96322e-08 5.26349e-06 1.28949e-06 
scan 500 350 34 5.22896e-05 1.12313e-05 2.60532e-06 1.35884e-06 1.14727e-06 0 1.65408e-07 1.04579e-05 2.60697e-06 
scan 500 350 35 9.09907e-07 4.42136e-07 3.43958e-07 1.71203e-08 2.15318e-08 0 2.0744e-10 2.72972e-07 4.36612e-08 
scan 500 350 36 5.55235e-06 1.89409e-06 8.46827e-07 1.14939e-07 1.20773e-07 0 1.31529e-08 1.6657e-06 2.60639e-07 
scan 500 350 37 4.56439e-06 1.596e-06 7.71727e-07 1.07946e-07 9.76593e-08 0 1.13389e-08 1.36932e-06 2.35167e-07 
scan 500 350 38 5.19179e-06 1.78624e-06 8.21077e-07 1.18035e-07 1.06368e-07 0 1.16403e-08 1.55754e-06 2.5532e-07 
scan 500 350 39 1.42954e-05 4.57978e-06 1.36332e-06 3.34189e-07 3.11881e-07 0 3.7849e-08 4.28863e-06 7.1624e-07 
scan 500 350 40 1.30404e-06 1.36987e-06 4.12424e-07 2.53151e-08 2.8671e-08 0 2.85869e-09 1.30404e-06 6.67302e-08 
scan 500 350 41 1.31475e-05 1.32353e-05 1.30853e-06 2.77792e-07 3.04052e-07 0 2.48144e-08 1.31475e-05 6.59448e-07 
scan 500 350 42 2.88574e-05 2.89725e-05 1.93728e-06 6.84741e-07 5.61906e-07 0 8.05635e-08 2.88574e-05 1.45296e-06 
scan 500 350 43 3.03981e-05 3.0515e-05 1.98759e-06 6.88473e-07 6.3023e-07 0 7.65615e-08 3.03981e-05 1.51379e-06 
scan 500 350 44 0.000149916 0.000150234 4.41215e-06 3.44619e-06 2.9913e-06 0 3.94044e-07 0.000149916 7.42506e-06 
scan 500 350 45 6.69593e-07 3.31699e-07 2.99498e-07 1.66277e-08 2.07978e-08 0 1.46317e-10 1.33919e-07 4.10107e-08 
scan 500 350 46 5.19518e-07 2.81613e-07 2.59772e-07 1.27506e-08 1.36239e-08 0 1.58088e-09 1.03904e-07 2.60355e-08 
scan 500 350 47 2.58382e-07 1.90593e-07 1.82704e-07 5.16764e-09 1.06112e-08 0 5.17822e-13 5.16764e-08 1.16252e-08 
scan 500 350 48 0 0 0 0 0 0 0 0 0 
scan 500 350 49 0 0 0 0 0 0 0 0 0 
scan 500 350 50 0 0 0 0 0 0 0 0 0 
scan 500 350 51 1.29137e-07 1.35053e-07 1.29137e-07 3.87412e-09 3.65255e-09 0 2.71188e-11 3.87412e-08 5.81016e-09 
scan 500 350 52 1.29148e-07 1.35065e-07 1.29148e-07 3.87444e-09 3.65286e-09 0 2.16969e-11 3.87444e-08 5.81065e-09 
scan 500 350 53 0 0 0 0 0 0 0 0 0 
scan 500 350 54 0 0 0 0 0 0 0 0 0 
scan 500 350 55 0 0 0 0 0 0 0 0 0 
scan 500 350 56 2.64363e-07 3.24368e-07 1.86981e-07 7.36147e-09 9.86308e-09 0 1.16056e-12 2.64363e-07 1.46168e-08 
scan 500 350 57 6.69573e-07 7.35032e-07 2.99489e-07 1.58625e-08 1.78186e-08 0 1.566e-10 6.69573e-07 4.10094e-08 
scan 500 350 58 6.51764e-07 7.1515e-07 2.91527e-07 1.69695e-08 1.84347e-08 0 8.78542e-11 6.51764e-07 3.20459e-08 
scan 500 350 59 9.27653e-07 9.94071e-07 3.50706e-07 2.29792e-08 3.66638e-08 0 3.07535e-10 9.27653e-07 5.26187e-08 
scan 500 350 75 3.87574e-07 2.37832e-07 2.23766e-07 7.75148e-09 1.09622e-08 0 2.67891e-13 7.75148e-08 1.74378e-08 
scan 500 350 76 3.93491e-07 2.41726e-07 2.27234e-07 7.86983e-09 1.11296e-08 0 3.2613e-11 7.86983e-08 2.04253e-08 
scan 500 350 77 1.29191e-07 1.31954e-07 1.29191e-07 2.58383e-09 3.65408e-09 0 1.05834e-13 2.58383e-08 5.8126e-09 
scan 500 350 78 0 0 0 0 0 0 0 0 0 
scan 500 350 79 0 0 0 0 0 0 0 0 0 
scan 500 350 80 1.29191e-07 1.35079e-07 1.29191e-07 2.58383e-09 3.65408e-09 0 6.20377e-14 3.87574e-08 5.8126e-09 
scan 500 350 81 1.29191e-07 1.35079e-07 1.29191e-07 2.58383e-09 3.65408e-09 0 1.05834e-13 3.87574e-08 5.8126e-09 
scan 500 350 82 0 0 0 0 0 0 0 0 0 
scan 500 350 83 0 0 0 0 0 0 0 0 0 
scan 500 350 84 0 0 0 0 0 0 0 0 0 
scan 500 350 85 0 0 0 0 0 0 0 0 0 
scan 500 350 86 3.87574e-07 4.48073e-07 2.23766e-07 7.75148e-09 1.09622e-08 0 2.92696e-13 3.87574e-07 1.74378e-08 
scan 500 350 87 3.93556e-07 4.55129e-07 2.27272e-07 7.87112e-09 1.11315e-08 0 2.76577e-13 3.93556e-07 2.04295e-08 
scan 500 350 88 2.64365e-07 3.24266e-07 1.86982e-07 5.2873e-09 7.47737e-09 0 1.46819e-13 2.64365e-07 1.46169e-08 
scan 500 350 89 1.43905e-06 1.50566e-06 4.33979e-07 3.20215e-08 3.85124e-08 0 2.45768e-12 1.43905e-06 7.29135e-08 
scan 500 350 90 1.2499e-06 4.7697e-07 3.95838e-07 2.66198e-08 2.28693e-08 3.64322e-08 3.20029e-08 2.4998e-07 6.88417e-08 
scan 500 350 91 6.95543e-07 3.22888e-07 2.84385e-07 1.52002e-08 1.04142e-08 2.80358e-08 3.99126e-08 1.39109e-07 3.62218e-08 
scan 500 350 92 4.96713e-07 2.70383e-07 2.49021e-07 7.45378e-09 1.09617e-08 1.70796e-08 1.14568e-08 9.93425e-08 2.50574e-08 
scan 500 350 93 0 0 0 0 0 0 0 0 0 
scan 500 350 94 3.6748e-07 2.26103e-07 2.12393e-07 5.82097e-09 6.07909e-09 7.3496e-09 1.14128e-08 7.3496e-08 1.88479e-08 
scan 500 350 95 1.09813e-07 1.15139e-07 1.09813e-07 3.95936e-09 0 2.19626e-09 8.23596e-09 3.29438e-08 4.94071e-09 
scan 500 350 96 2.33837e-07 1.80799e-07 1.65653e-07 2.19626e-09 5.70418e-09 7.97112e-09 1.07164e-08 7.0151e-08 1.05208e-08 
scan 500 350 97 3.55936e-07 2.3348e-07 2.05858e-07 9.00236e-09 2.57117e-09 1.394e-08 1.39576e-08 1.06781e-07 1.60143e-08 
scan 500 350 98 1.13689e-07 1.19179e-07 1.13689e-07 2.27377e-09 5.68443e-09 2.27377e-09 6.82131e-09 3.41066e-08 5.11509e-09 
scan 500 350 99 0 0 0 0 0 0 0 0 0 
scan 500 350 100 0 0 0 0 0 0 0 0 0 
scan 500 350 101 4.76743e-07 5.34554e-07 2.39282e-07 8.06561e-09 1.14038e-08 1.64922e-08 1.67789e-08 4.76743e-07 2.14497e-08 
scan 500 350 102 1.22915e-06 1.29205e-06 3.89223e-07 2.17481e-08 2.77552e-08 3.94221e-08 3.07937e-08 1.22915e-06 5.77524e-08 
scan 500 350 103 1.60403e-06 1.66894e-06 4.45743e-07 3.03875e-08 3.51475e-08 4.70835e-08 4.66352e-08 1.60403e-06 8.48293e-08 
scan 500 350 104 3.38505e-06 3.45401e-06 6.40938e-07 6.28877e-08 6.95703e-08 9.33217e-08 1.20682e-07 3.38505e-06 1.69576e-07 
scan 500 350 120 2.43455e-07 1.80154e-07 1.72524e-07 3.2156e-09 3.67036e-09 4.86911e-09 9.41665e-09 4.86911e-08 1.35672e-08 
scan 500 350 121 1.13689e-07 1.16436e-07 1.13689e-07 3.2156e-09 0 5.68443e-09 6.82131e-09 2.27377e-08 5.11509e-09 
scan 500 350 122 0 0 0 0 0 0 0 0 0 
scan 500 350 123 2.44637e-07 1.80597e-07 1.73196e-07 2.56729e-09 5.85597e-09 4.89274e-09 6.22439e-09 4.89274e-08 1.10067e-08 
scan 500 350 124 3.72014e-07 2.29168e-07 2.15155e-07 4.84494e-09 1.1926e-08 7.44028e-09 9.73162e-09 7.44028e-08 1.93514e-08 
scan 500 350 125 0 0 0 0 0 0 0 0 0 
scan 500 350 126 0 0 0 0 0 0 0 0 0 
scan 500 350 127 1.24024e-07 1.297e-07 1.24024e-07 0 3.50792e-09 2.48048e-09 2.48048e-09 3.72072e-08 5.5801e-09 
scan 500 350 128 0 0 0 0 0 0 0 0 0 
scan 500 350 129 0 0 0 0 0 0 0 0 0 
scan 500 350 130 1.28558e-07 1.81956e-07 1.28558e-07 2.57117e-09 2.57117e-09 2.57117e-09 3.14968e-10 1.28558e-07 5.78412e-09 
scan 500 350 131 1.34511e-07 1.90487e-07 1.34511e-07 2.69023e-09 2.69023e-09 2.69023e-09 3.29553e-10 1.34511e-07 8.76117e-09 
scan 500 350 132 8.57774e-07 9.18941e-07 3.24596e-07 8.06054e-09 1.90391e-08 2.47692e-08 2.39944e-08 8.57774e-07 4.12067e-08 
scan 500 350 133 7.60316e-07 8.23122e-07 3.10816e-07 8.47699e-09 1.611e-08 2.251e-08 1.5137e-08 7.60316e-07 4.21448e-08 
scan 500 350 134 1.75971e-06 1.82517e-06 4.70721e-07 2.09086e-08 3.92279e-08 5.06821e-08 3.09515e-08 1.75971e-06 8.70142e-08 
scan 500 350 135 3.55936e-07 2.19285e-07 2.05858e-07 9.39248e-09 7.11871e-09 7.11871e-09 1.39576e-08 7.11871e-08 1.60143e-08 
scan 500 350 136 1.34121e-06 4.97362e-07 4.05157e-07 3.02875e-08 3.36455e-08 5.23472e-08 4.32448e-08 2.68242e-07 6.78449e-08 
scan 500 350 137 4.86571e-07 2.65755e-07 2.4414e-07 1.08683e-08 1.30258e-08 2.02932e-08 1.57018e-08 9.73142e-08 2.46011e-08 
scan 500 350 138 3.97581e-07 2.44645e-07 2.29595e-07 7.95162e-09 7.95162e-09 1.1987e-08 9.74074e-10 7.95162e-08 2.33065e-08 
scan 500 350 139 3.75876e-07 2.31264e-07 2.17151e-07 7.51752e-09 7.51752e-09 1.13743e-08 7.86291e-09 7.51752e-08 1.93073e-08 
scan 500 350 140 0 0 0 0 0 0 0 0 0 
scan 500 350 141 1.28558e-07 1.34547e-07 1.28558e-07 2.57117e-09 2.57117e-09 6.42792e-09 3.14968e-10 3.85675e-08 5.78412e-09 
scan 500 350 142 2.482e-07 1.92307e-07 1.7612e-07 4.964e-09 8.37465e-09 8.99934e-09 7.15087e-09 7.446e-08 1.38763e-08 
scan 500 350 143 0 0 0 0 0 0 0 0 0 
scan 500 350 144 1.13689e-07 1.19092e-07 1.13689e-07 3.41066e-09 2.27377e-09 2.27377e-09 6.82131e-09 3.41066e-08 5.11509e-09 
scan 500 350 145 0 0 0 0 0 0 0 0 0 
scan 500 350 146 3.70806e-07 4.28923e-07 2.14429e-07 7.41611e-09 7.41611e-09 7.41611e-09 7.45125e-09 3.70806e-07 1.66833e-08 
scan 500 350 147 3.5206e-07 4.07619e-07 2.03743e-07 7.0412e-09 1.04519e-08 7.0412e-09 1.53722e-08 3.5206e-07 1.58399e-08 
scan 500 350 148 1.22311e-06 1.28606e-06 3.87596e-07 2.78729e-08 3.19281e-08 3.21758e-08 3.56828e-08 1.22311e-06 6.01489e-08 
scan 500 350 149 8.61252e-07 9.22803e-07 3.26267e-07 2.06357e-08 1.7225e-08 2.10818e-08 2.17384e-08 8.61252e-07 4.14588e-08 
scan 500 350 165 3.6693e-07 2.26241e-07 2.12399e-07 8.43672e-09 7.3386e-09 1.44897e-08 8.8659e-09 7.3386e-08 1.6509e-08 
scan 500 350 166 2.57117e-07 1.8965e-07 1.81809e-07 5.14234e-09 5.14234e-09 8.99909e-09 6.29937e-10 5.14234e-08 1.15682e-08 
scan 500 350 167 1.28558e-07 1.31308e-07 1.28558e-07 2.57117e-09 2.57117e-09 2.57117e-09 3.14968e-10 2.57117e-08 5.78412e-09 
scan 500 350 168 1.28365e-07 1.3111e-07 1.28365e-07 2.56729e-09 2.56729e-09 2.56729e-09 4.10767e-10 2.56729e-08 5.7754e-09 
scan 500 350 169 2.57117e-07 1.89506e-07 1.81809e-07 5.14234e-09 5.14234e-09 5.14234e-09 6.29937e-10 5.14234e-08 1.15682e-08 
scan 500 350 170 1.28558e-07 1.34547e-07 1.28558e-07 2.57117e-09 2.57117e-09 6.42792e-09 3.14968e-10 3.85675e-08 5.78412e-09 
scan 500 350 171 0 0 0 0 0 0 0 0 0 
scan 500 350 172 0 0 0 0 0 0 0 0 0 
scan 500 350 173 0 0 0 0 0 0 0 0 0 
scan 500 350 174 0 0 0 0 0 0 0 0 0 
scan 500 350 175 0 0 0 0 0 0 0 0 0 
scan 500 350 176 1.28558e-07 1.81956e-07 1.28558e-07 2.57117e-09 2.57117e-09 2.57117e-09 3.14968e-10 1.28558e-07 5.78412e-09 
scan 500 350 177 2.6882e-07 3.29833e-07 1.90084e-07 5.3764e-09 5.3764e-09 5.3764e-09 7.5934e-10 2.6882e-07 1.75091e-08 
scan 500 350 178 1.28558e-07 1.82051e-07 1.28558e-07 2.57117e-09 2.57117e-09 6.42792e-09 3.14968e-10 1.28558e-07 5.78412e-09 
scan 500 350 179 7.61745e-07 8.24363e-07 3.11105e-07 1.52349e-08 1.88035e-08 2.29484e-08 8.71201e-09 7.61745e-07 3.66684e-08 
