xsec 500 300 0.0125398
scan 500 300 0 1.24226e-05 9.17065e-06 8.78541e-06 2.27793e-07 4.77049e-07 0 1.2243e-08 2.48452e-06 6.81877e-07 
scan 500 300 1 4.34158e-05 1.87699e-05 1.64123e-05 1.67453e-06 5.92453e-07 0 3.02892e-07 8.68315e-06 2.07404e-06 
scan 500 300 2 5.00777e-05 2.05611e-05 1.77061e-05 1.60818e-06 1.10811e-06 0 2.27915e-07 1.00155e-05 2.2531e-06 
scan 500 300 3 4.3701e-05 1.89094e-05 1.65187e-05 1.36965e-06 1.42694e-06 0 1.64506e-07 8.7402e-06 2.08939e-06 
scan 500 300 4 1.25726e-05 9.27926e-06 8.8903e-06 1.26358e-07 6.38324e-07 0 3.12767e-08 2.51453e-06 5.6567e-07 
scan 500 300 5 6.04103e-06 6.32289e-06 6.04103e-06 2.09267e-07 0 0 4.34954e-08 1.81231e-06 3.93472e-07 
scan 500 300 6 1.23368e-05 9.51311e-06 8.726e-06 4.26864e-07 1.26357e-07 0 5.42041e-08 3.70104e-06 6.76288e-07 
scan 500 300 7 0 0 0 0 0 0 0 0 0 
scan 500 300 8 6.10477e-06 6.3956e-06 6.10477e-06 0 3.50693e-07 0 1.22095e-08 1.83143e-06 3.97624e-07 
scan 500 300 9 0 0 0 0 0 0 0 0 0 
scan 500 300 10 0 0 0 0 0 0 0 0 0 
scan 500 300 11 6.14732e-06 8.70212e-06 6.14732e-06 2.53461e-07 0 0 8.29889e-08 6.14732e-06 2.76581e-07 
scan 500 300 12 2.48352e-05 2.78214e-05 1.24193e-05 2.27793e-07 1.04625e-06 0 2.94988e-08 2.48352e-05 1.3633e-06 
scan 500 300 13 4.38124e-05 4.69105e-05 1.65619e-05 1.25189e-06 8.97995e-07 0 1.10127e-07 4.38124e-05 2.09245e-06 
scan 500 300 14 0.000105688 0.000108945 2.56376e-05 2.8374e-06 2.16279e-06 0 3.79015e-07 0.000105688 5.36543e-06 
scan 500 300 15 3.75746e-05 1.72534e-05 1.53421e-05 8.05715e-07 1.37462e-06 0 7.10586e-08 7.51492e-06 1.81179e-06 
scan 500 300 16 6.20426e-05 2.35708e-05 1.96245e-05 1.50611e-06 1.8542e-06 0 1.86604e-07 1.24085e-05 3.27853e-06 
scan 500 300 17 8.74722e-05 2.96789e-05 2.33798e-05 2.63368e-06 1.91336e-06 0 2.95285e-07 1.74944e-05 4.18152e-06 
scan 500 300 18 5.57461e-05 2.19308e-05 1.85852e-05 1.63172e-06 9.42849e-07 0 3.61501e-07 1.11492e-05 2.75004e-06 
scan 500 300 19 4.36162e-05 1.88758e-05 1.64872e-05 7.43217e-07 1.71276e-06 0 1.14595e-07 8.72325e-06 2.20793e-06 
scan 500 300 20 6.31784e-06 6.60577e-06 6.31784e-06 1.78696e-07 1.26357e-07 0 3.3434e-11 1.89535e-06 2.84253e-07 
scan 500 300 21 2.50668e-05 1.46864e-05 1.25338e-05 7.3568e-07 4.66583e-07 0 1.00719e-07 7.52005e-06 1.12781e-06 
scan 500 300 22 6.04103e-06 6.32289e-06 6.04103e-06 2.09267e-07 0 0 4.34954e-08 1.81231e-06 3.93472e-07 
scan 500 300 23 0 0 0 0 0 0 0 0 0 
scan 500 300 24 5.98219e-06 6.263e-06 5.98219e-06 2.46652e-07 0 0 7.17863e-08 1.79466e-06 3.8964e-07 
scan 500 300 25 0 0 0 0 0 0 0 0 0 
scan 500 300 26 4.98696e-05 5.29795e-05 1.76333e-05 1.13318e-06 1.19146e-06 0 1.45216e-07 4.98696e-05 2.49015e-06 
scan 500 300 27 5.00146e-05 5.31279e-05 1.76858e-05 1.08364e-06 1.22939e-06 0 1.66665e-07 5.00146e-05 2.37038e-06 
scan 500 300 28 0.000143359 0.000146684 2.98968e-05 3.65319e-06 2.97071e-06 0 5.87962e-07 0.000143359 6.93584e-06 
scan 500 300 29 0.000225027 0.000228532 3.75084e-05 4.5795e-06 6.19565e-06 0 4.47594e-07 0.000225027 1.11075e-05 
scan 500 300 30 0 0 0 0 0 0 0 0 0 
scan 500 300 31 6.3078e-06 6.44268e-06 6.3078e-06 0 2.18509e-07 0 5.04624e-09 1.26156e-06 2.83801e-07 
scan 500 300 32 0 0 0 0 0 0 0 0 0 
scan 500 300 33 5.99138e-06 6.12784e-06 5.99138e-06 2.47031e-07 0 0 6.7403e-08 1.19828e-06 3.90238e-07 
scan 500 300 34 0 0 0 0 0 0 0 0 0 
scan 500 300 35 0 0 0 0 0 0 0 0 0 
scan 500 300 36 0 0 0 0 0 0 0 0 0 
scan 500 300 37 0 0 0 0 0 0 0 0 0 
scan 500 300 38 0 0 0 0 0 0 0 0 0 
scan 500 300 39 0 0 0 0 0 0 0 0 0 
scan 500 300 40 0 0 0 0 0 0 0 0 0 
scan 500 300 41 0 0 0 0 0 0 0 0 0 
scan 500 300 42 0 0 0 0 0 0 0 0 0 
scan 500 300 43 0 0 0 0 0 0 0 0 0 
scan 500 300 44 1.2512e-05 1.53383e-05 8.84761e-06 2.55805e-07 2.18509e-07 0 6.08839e-08 1.2512e-05 5.62941e-07 
scan 500 300 45 0 0 0 0 0 0 0 0 0 
scan 500 300 46 0 0 0 0 0 0 0 0 0 
scan 500 300 47 0 0 0 0 0 0 0 0 0 
scan 500 300 48 0 0 0 0 0 0 0 0 0 
scan 500 300 49 0 0 0 0 0 0 0 0 0 
scan 500 300 50 0 0 0 0 0 0 0 0 0 
scan 500 300 51 0 0 0 0 0 0 0 0 0 
scan 500 300 52 0 0 0 0 0 0 0 0 0 
scan 500 300 53 0 0 0 0 0 0 0 0 0 
scan 500 300 54 0 0 0 0 0 0 0 0 0 
scan 500 300 55 0 0 0 0 0 0 0 0 0 
scan 500 300 56 0 0 0 0 0 0 0 0 0 
scan 500 300 57 0 0 0 0 0 0 0 0 0 
scan 500 300 58 0 0 0 0 0 0 0 0 0 
scan 500 300 59 0 0 0 0 0 0 0 0 0 
scan 500 300 75 0 0 0 0 0 0 0 0 0 
scan 500 300 76 0 0 0 0 0 0 0 0 0 
scan 500 300 77 0 0 0 0 0 0 0 0 0 
scan 500 300 78 0 0 0 0 0 0 0 0 0 
scan 500 300 79 0 0 0 0 0 0 0 0 0 
scan 500 300 80 0 0 0 0 0 0 0 0 0 
scan 500 300 81 0 0 0 0 0 0 0 0 0 
scan 500 300 82 0 0 0 0 0 0 0 0 0 
scan 500 300 83 0 0 0 0 0 0 0 0 0 
scan 500 300 84 0 0 0 0 0 0 0 0 0 
scan 500 300 85 0 0 0 0 0 0 0 0 0 
scan 500 300 86 0 0 0 0 0 0 0 0 0 
scan 500 300 87 0 0 0 0 0 0 0 0 0 
scan 500 300 88 0 0 0 0 0 0 0 0 0 
scan 500 300 89 0 0 0 0 0 0 0 0 0 
scan 500 300 90 0 0 0 0 0 0 0 0 0 
scan 500 300 91 0 0 0 0 0 0 0 0 0 
scan 500 300 92 0 0 0 0 0 0 0 0 0 
scan 500 300 93 5.62294e-06 5.76303e-06 5.62294e-06 0 3.02804e-07 2.81147e-07 3.09262e-07 1.12459e-06 2.52988e-07 
scan 500 300 94 0 0 0 0 0 0 0 0 0 
scan 500 300 95 0 0 0 0 0 0 0 0 0 
scan 500 300 96 0 0 0 0 0 0 0 0 0 
scan 500 300 97 0 0 0 0 0 0 0 0 0 
scan 500 300 98 0 0 0 0 0 0 0 0 0 
scan 500 300 99 0 0 0 0 0 0 0 0 0 
scan 500 300 100 0 0 0 0 0 0 0 0 0 
scan 500 300 101 0 0 0 0 0 0 0 0 0 
scan 500 300 102 0 0 0 0 0 0 0 0 0 
scan 500 300 103 0 0 0 0 0 0 0 0 0 
scan 500 300 104 0 0 0 0 0 0 0 0 0 
scan 500 300 120 0 0 0 0 0 0 0 0 0 
scan 500 300 121 0 0 0 0 0 0 0 0 0 
scan 500 300 122 0 0 0 0 0 0 0 0 0 
scan 500 300 123 0 0 0 0 0 0 0 0 0 
scan 500 300 124 0 0 0 0 0 0 0 0 0 
scan 500 300 125 0 0 0 0 0 0 0 0 0 
scan 500 300 126 0 0 0 0 0 0 0 0 0 
scan 500 300 127 0 0 0 0 0 0 0 0 0 
scan 500 300 128 0 0 0 0 0 0 0 0 0 
scan 500 300 129 0 0 0 0 0 0 0 0 0 
scan 500 300 130 0 0 0 0 0 0 0 0 0 
scan 500 300 131 0 0 0 0 0 0 0 0 0 
scan 500 300 132 0 0 0 0 0 0 0 0 0 
scan 500 300 133 6.06519e-06 8.58524e-06 6.06519e-06 0 1.7155e-07 1.21304e-07 1.21304e-07 6.06519e-06 2.72886e-07 
scan 500 300 134 0 0 0 0 0 0 0 0 0 
scan 500 300 135 0 0 0 0 0 0 0 0 0 
scan 500 300 136 0 0 0 0 0 0 0 0 0 
scan 500 300 137 0 0 0 0 0 0 0 0 0 
scan 500 300 138 5.55976e-06 5.6955e-06 5.55976e-06 1.66793e-07 1.11195e-07 2.77988e-07 3.33586e-07 1.11195e-06 2.50146e-07 
scan 500 300 139 0 0 0 0 0 0 0 0 0 
scan 500 300 140 0 0 0 0 0 0 0 0 0 
scan 500 300 141 0 0 0 0 0 0 0 0 0 
scan 500 300 142 0 0 0 0 0 0 0 0 0 
scan 500 300 143 0 0 0 0 0 0 0 0 0 
scan 500 300 144 0 0 0 0 0 0 0 0 0 
scan 500 300 145 0 0 0 0 0 0 0 0 0 
scan 500 300 146 0 0 0 0 0 0 0 0 0 
scan 500 300 147 0 0 0 0 0 0 0 0 0 
scan 500 300 148 0 0 0 0 0 0 0 0 0 
scan 500 300 149 0 0 0 0 0 0 0 0 0 
scan 500 300 165 0 0 0 0 0 0 0 0 0 
scan 500 300 166 0 0 0 0 0 0 0 0 0 
scan 500 300 167 0 0 0 0 0 0 0 0 0 
scan 500 300 168 0 0 0 0 0 0 0 0 0 
scan 500 300 169 0 0 0 0 0 0 0 0 0 
scan 500 300 170 0 0 0 0 0 0 0 0 0 
scan 500 300 171 0 0 0 0 0 0 0 0 0 
scan 500 300 172 0 0 0 0 0 0 0 0 0 
scan 500 300 173 0 0 0 0 0 0 0 0 0 
scan 500 300 174 0 0 0 0 0 0 0 0 0 
scan 500 300 175 0 0 0 0 0 0 0 0 0 
scan 500 300 176 0 0 0 0 0 0 0 0 0 
scan 500 300 177 0 0 0 0 0 0 0 0 0 
scan 500 300 178 0 0 0 0 0 0 0 0 0 
scan 500 300 179 0 0 0 0 0 0 0 0 0 
