xsec 600 50 0.00474287
scan 600 50 0 3.73906e-06 1.54138e-06 1.32261e-06 1.32917e-07 3.16605e-08 0 3.03611e-08 7.47812e-07 2.18512e-07 
scan 600 50 1 1.4384e-06 8.8694e-07 8.30873e-07 5.3036e-08 0 0 1.42488e-08 2.87679e-07 1.02652e-07 
scan 600 50 2 2.81406e-06 1.29529e-06 1.14947e-06 9.74819e-08 0 0 2.62915e-08 5.62812e-07 1.71926e-07 
scan 600 50 3 1.88424e-06 1.0227e-06 9.42487e-07 5.28102e-08 2.54769e-08 0 8.05119e-09 3.76847e-07 1.10051e-07 
scan 600 50 4 6.0688e-06 2.11108e-06 1.68383e-06 1.66908e-07 7.9517e-08 0 3.24933e-08 1.21376e-06 3.36029e-07 
scan 600 50 5 4.65989e-07 4.87339e-07 4.65989e-07 0 1.61423e-08 0 3.72791e-10 1.39797e-07 2.34499e-08 
scan 600 50 6 1.93224e-06 1.13678e-06 9.66673e-07 4.00372e-08 6.14526e-08 0 1.00016e-09 5.79672e-07 1.28082e-07 
scan 600 50 7 2.31799e-06 1.2551e-06 1.03666e-06 3.18707e-08 4.8427e-08 0 7.74258e-09 6.95398e-07 1.16648e-07 
scan 600 50 8 0 0 0 0 0 0 0 0 0 
scan 600 50 9 9.53197e-07 7.36035e-07 6.7442e-07 3.30197e-08 0 0 6.86302e-09 2.85959e-07 6.31989e-08 
scan 600 50 10 4.58334e-07 6.48881e-07 4.58334e-07 1.88976e-08 0 0 4.12501e-09 4.58334e-07 2.30647e-08 
scan 600 50 11 3.29882e-06 3.53345e-06 1.24756e-06 8.08258e-08 3.34486e-08 0 1.75718e-08 3.29882e-06 1.96666e-07 
scan 600 50 12 8.8034e-06 9.04735e-06 2.01996e-06 2.20369e-07 1.16751e-07 0 4.82052e-08 8.8034e-06 4.58244e-07 
scan 600 50 13 6.11389e-06 6.35701e-06 1.6966e-06 1.3998e-07 8.92395e-08 0 2.69343e-08 6.11389e-06 3.53808e-07 
scan 600 50 14 3.50772e-05 3.53802e-05 4.05213e-06 8.1469e-07 4.93802e-07 0 2.12495e-07 3.50772e-05 1.99408e-06 
scan 600 50 15 1.37706e-06 8.45213e-07 7.95076e-07 3.46011e-08 1.61035e-08 0 1.1328e-08 2.75411e-07 6.92974e-08 
scan 600 50 16 2.83521e-06 1.30314e-06 1.15791e-06 6.30017e-08 4.15805e-08 0 1.59452e-08 5.67041e-07 1.72971e-07 
scan 600 50 17 9.15548e-07 6.75173e-07 6.47398e-07 3.17155e-08 0 0 8.77851e-09 1.8311e-07 4.6073e-08 
scan 600 50 18 2.8166e-06 1.29599e-06 1.15073e-06 8.33189e-08 2.86187e-08 0 2.50258e-08 5.63321e-07 1.72301e-07 
scan 600 50 19 7.52228e-06 2.46024e-06 1.88142e-06 2.08374e-07 1.07244e-07 0 3.93316e-08 1.50446e-06 4.39523e-07 
scan 600 50 20 4.65989e-07 4.87339e-07 4.65989e-07 0 1.61423e-08 0 3.72791e-10 1.39797e-07 2.34499e-08 
scan 600 50 21 9.66318e-07 7.4603e-07 6.83685e-07 1.68282e-08 2.66408e-08 0 4.0214e-10 2.89896e-07 6.4057e-08 
scan 600 50 22 9.22643e-07 7.10625e-07 6.5244e-07 1.5819e-08 1.61423e-08 0 5.30465e-09 2.76793e-07 4.643e-08 
scan 600 50 23 5.00385e-07 5.24282e-07 5.00385e-07 1.00077e-08 1.4153e-08 0 1.76536e-12 1.50116e-07 4.06345e-08 
scan 600 50 24 2.34394e-06 1.27115e-06 1.04882e-06 4.77479e-08 3.34486e-08 0 1.15217e-08 7.03182e-07 1.33383e-07 
scan 600 50 25 0 0 0 0 0 0 0 0 0 
scan 600 50 26 3.26523e-06 3.49685e-06 1.23475e-06 5.73967e-08 7.53347e-08 0 1.73993e-08 3.26523e-06 1.7977e-07 
scan 600 50 27 5.67767e-06 5.922e-06 1.63984e-06 1.37289e-07 7.21266e-08 0 2.84081e-08 5.67767e-06 3.46728e-07 
scan 600 50 28 1.12766e-05 1.1532e-05 2.30268e-06 1.76284e-07 3.08659e-07 0 2.9409e-08 1.12766e-05 6.28923e-07 
scan 600 50 29 4.85566e-05 4.88826e-05 4.76321e-06 1.03545e-06 8.9376e-07 0 2.39878e-07 4.85566e-05 2.67364e-06 
scan 600 50 30 1.71281e-05 4.61127e-06 2.8564e-06 3.95457e-07 3.41167e-07 0 3.84552e-08 3.42563e-06 1.04671e-06 
scan 600 50 31 3.35748e-05 8.11536e-06 3.98645e-06 7.61244e-07 6.97458e-07 0 6.65114e-08 6.71497e-06 1.95092e-06 
scan 600 50 32 4.16975e-05 9.85946e-06 4.44708e-06 9.55409e-07 9.77207e-07 0 7.34171e-08 8.33951e-06 2.45194e-06 
scan 600 50 33 4.14924e-05 9.78846e-06 4.42487e-06 8.98343e-07 1.01826e-06 0 7.51215e-08 8.29848e-06 2.34952e-06 
scan 600 50 34 0.000156455 3.40841e-05 8.60371e-06 3.77387e-06 3.40751e-06 0 3.4043e-07 3.12911e-05 9.08857e-06 
scan 600 50 35 1.92342e-06 1.13092e-06 9.62525e-07 3.99798e-08 4.03032e-08 0 5.30561e-09 5.77025e-07 1.277e-07 
scan 600 50 36 9.85847e-06 3.71303e-06 2.15219e-06 2.7571e-07 1.39782e-07 0 3.80761e-08 2.95754e-06 5.57366e-07 
scan 600 50 37 1.4549e-05 5.16971e-06 2.61398e-06 3.59419e-07 2.86583e-07 0 2.67027e-08 4.3647e-06 7.93938e-07 
scan 600 50 38 1.46427e-05 5.20951e-06 2.63101e-06 3.40451e-07 3.00625e-07 0 3.03895e-08 4.3928e-06 8.44321e-07 
scan 600 50 39 4.9674e-05 1.60143e-05 4.84991e-06 1.17766e-06 1.02906e-06 0 1.02485e-07 1.49022e-05 2.89914e-06 
scan 600 50 40 5.1852e-06 5.42613e-06 1.56403e-06 1.17219e-07 1.07435e-07 0 7.99832e-09 5.1852e-06 2.9178e-07 
scan 600 50 41 3.07781e-05 3.10808e-05 3.81951e-06 6.5675e-07 6.02925e-07 0 8.14001e-08 3.07781e-05 1.82529e-06 
scan 600 50 42 6.59764e-05 6.63477e-05 5.57846e-06 1.43921e-06 1.35962e-06 0 1.51773e-07 6.59764e-05 3.75089e-06 
scan 600 50 43 9.66891e-05 9.71409e-05 6.7734e-06 2.12865e-06 1.9421e-06 0 2.5086e-07 9.66891e-05 5.77343e-06 
scan 600 50 44 0.00062332 0.00062487 1.71575e-05 1.40431e-05 1.24289e-05 0 1.52389e-06 0.00062332 3.58689e-05 
scan 600 50 45 0 0 0 0 0 0 0 0 0 
scan 600 50 46 4.6673e-07 4.76827e-07 4.6673e-07 1.32011e-08 9.33461e-09 0 2.46994e-12 9.33461e-08 2.34872e-08 
scan 600 50 47 4.66735e-07 4.76831e-07 4.66735e-07 9.3347e-09 1.32013e-08 0 2.24126e-13 9.3347e-08 2.34874e-08 
scan 600 50 48 0 0 0 0 0 0 0 0 0 
scan 600 50 49 0 0 0 0 0 0 0 0 0 
scan 600 50 50 0 0 0 0 0 0 0 0 0 
scan 600 50 51 1.43385e-06 9.38861e-07 8.28291e-07 4.0316e-08 3.25436e-08 0 3.41492e-12 4.30156e-07 8.76094e-08 
scan 600 50 52 5.00387e-07 5.24284e-07 5.00387e-07 1.41531e-08 1.00077e-08 0 7.20858e-13 1.50116e-07 4.06347e-08 
scan 600 50 53 0 0 0 0 0 0 0 0 0 
scan 600 50 54 0 0 0 0 0 0 0 0 0 
scan 600 50 55 0 0 0 0 0 0 0 0 0 
scan 600 50 56 0 0 0 0 0 0 0 0 0 
scan 600 50 57 0 0 0 0 0 0 0 0 0 
scan 600 50 58 0 0 0 0 0 0 0 0 0 
scan 600 50 59 2.83289e-06 3.06588e-06 1.15694e-06 8.48154e-08 6.05231e-08 0 5.86036e-10 2.83289e-06 1.58013e-07 
scan 600 50 75 5.00388e-07 5.12206e-07 5.00388e-07 1.00078e-08 1.41531e-08 0 2.40286e-13 1.00078e-07 4.06348e-08 
scan 600 50 76 4.6673e-07 4.76827e-07 4.6673e-07 1.32011e-08 9.33461e-09 0 2.46994e-12 9.33461e-08 2.34872e-08 
scan 600 50 77 0 0 0 0 0 0 0 0 0 
scan 600 50 78 0 0 0 0 0 0 0 0 0 
scan 600 50 79 4.66735e-07 4.76831e-07 4.66735e-07 9.33469e-09 1.32012e-08 0 3.82349e-13 9.33469e-08 2.34874e-08 
scan 600 50 80 0 0 0 0 0 0 0 0 0 
scan 600 50 81 0 0 0 0 0 0 0 0 0 
scan 600 50 82 0 0 0 0 0 0 0 0 0 
scan 600 50 83 0 0 0 0 0 0 0 0 0 
scan 600 50 84 0 0 0 0 0 0 0 0 0 
scan 600 50 85 0 0 0 0 0 0 0 0 0 
scan 600 50 86 5.00388e-07 7.09033e-07 5.00388e-07 1.00078e-08 1.41531e-08 0 4.09918e-13 5.00388e-07 4.06348e-08 
scan 600 50 87 9.33469e-07 1.14467e-06 6.60062e-07 2.25359e-08 2.25359e-08 0 8.96503e-13 9.33469e-07 4.69748e-08 
scan 600 50 88 1.43384e-06 1.65893e-06 8.28285e-07 3.64098e-08 3.28222e-08 0 8.68552e-12 1.43384e-06 8.76089e-08 
scan 600 50 89 1.90012e-06 2.1285e-06 9.5051e-07 4.98769e-08 4.18689e-08 0 2.38542e-10 1.90012e-06 1.11073e-07 
scan 600 50 90 9.48286e-07 7.02989e-07 6.71384e-07 9.95873e-09 2.26965e-08 1.89657e-08 2.37374e-08 1.89657e-07 7.70071e-08 
scan 600 50 91 2.15523e-06 1.0746e-06 9.64821e-07 2.97014e-08 5.2598e-08 7.02484e-08 1.06493e-07 4.31047e-07 1.34729e-07 
scan 600 50 92 8.58793e-07 6.34973e-07 6.07832e-07 1.16171e-08 1.26732e-08 3.06178e-08 3.3605e-08 1.71759e-07 4.32169e-08 
scan 600 50 93 0 0 0 0 0 0 0 0 0 
scan 600 50 94 1.71583e-06 9.38767e-07 8.59395e-07 4.10354e-08 3.13061e-08 3.43166e-08 9.22331e-08 3.43166e-07 1.12308e-07 
scan 600 50 95 0 0 0 0 0 0 0 0 0 
scan 600 50 96 8.58793e-07 6.64058e-07 6.07832e-07 1.16171e-08 1.26732e-08 4.29397e-08 3.3605e-08 2.57638e-07 4.32169e-08 
scan 600 50 97 0 0 0 0 0 0 0 0 0 
scan 600 50 98 0 0 0 0 0 0 0 0 0 
scan 600 50 99 0 0 0 0 0 0 0 0 0 
scan 600 50 100 0 0 0 0 0 0 0 0 0 
scan 600 50 101 8.61174e-07 1.05752e-06 6.10822e-07 2.051e-08 9.28897e-09 1.72235e-08 3.08923e-08 8.61174e-07 4.33367e-08 
scan 600 50 102 9.14798e-07 1.12329e-06 6.46937e-07 9.28897e-09 3.3541e-08 3.22294e-08 2.36554e-08 9.14798e-07 5.99437e-08 
scan 600 50 103 1.32324e-06 1.5315e-06 7.64966e-07 2.09061e-08 2.19622e-08 5.27201e-08 3.47428e-08 1.32324e-06 6.65893e-08 
scan 600 50 104 2.24634e-06 2.46867e-06 1.00671e-06 3.89672e-08 4.00994e-08 8.39722e-08 6.80582e-08 2.24634e-06 1.41477e-07 
scan 600 50 120 1.80956e-06 9.86542e-07 9.08759e-07 3.93617e-08 2.85367e-08 3.61911e-08 3.79408e-08 3.61911e-07 1.0644e-07 
scan 600 50 121 2.37214e-06 1.17541e-06 1.0618e-06 3.84814e-08 5.11546e-08 4.74427e-08 1.40231e-08 4.74427e-07 1.50129e-07 
scan 600 50 122 4.64448e-07 4.74497e-07 4.64448e-07 9.28897e-09 9.28897e-09 9.28897e-09 1.1379e-09 9.28897e-08 2.33724e-08 
scan 600 50 123 0 0 0 0 0 0 0 0 0 
scan 600 50 124 2.29638e-06 1.1433e-06 1.03014e-06 4.93302e-08 3.7713e-08 4.59276e-08 6.01212e-08 4.59276e-07 1.59452e-07 
scan 600 50 125 0 0 0 0 0 0 0 0 0 
scan 600 50 126 4.10727e-07 4.30252e-07 4.10727e-07 1.16171e-08 0 8.21454e-09 2.46436e-08 1.23218e-07 2.0669e-08 
scan 600 50 127 0 0 0 0 0 0 0 0 0 
scan 600 50 128 9.28197e-07 7.15218e-07 6.56334e-07 1.85639e-08 1.85639e-08 1.85639e-08 2.62189e-09 2.78459e-07 4.67095e-08 
scan 600 50 129 4.97937e-07 5.21718e-07 4.97937e-07 9.95873e-09 9.95873e-09 9.95873e-09 1.21994e-09 1.49381e-07 4.04357e-08 
scan 600 50 130 4.10727e-07 5.8192e-07 4.10727e-07 1.16171e-08 0 8.21454e-09 2.46436e-08 4.10727e-07 2.0669e-08 
scan 600 50 131 4.10727e-07 5.8192e-07 4.10727e-07 1.16171e-08 0 8.21454e-09 2.46436e-08 4.10727e-07 2.0669e-08 
scan 600 50 132 3.14401e-06 3.36955e-06 1.19078e-06 5.17594e-08 5.38831e-08 6.28802e-08 8.29907e-08 3.14401e-06 1.86266e-07 
scan 600 50 133 2.70816e-06 2.93131e-06 1.10671e-06 6.12137e-08 3.71419e-08 5.41633e-08 5.59618e-08 2.70816e-06 1.49882e-07 
scan 600 50 134 1.13262e-05 1.15815e-05 2.27012e-06 1.62083e-07 2.30111e-07 2.66386e-07 2.71056e-07 1.13262e-05 6.86547e-07 
scan 600 50 135 2.2148e-06 1.09702e-06 9.92235e-07 4.84033e-08 4.4296e-08 5.66178e-08 5.2701e-08 4.4296e-07 1.11455e-07 
scan 600 50 136 8.21454e-07 6.08186e-07 5.80856e-07 1.64291e-08 2.87509e-08 1.64291e-08 4.92873e-08 1.64291e-07 4.13379e-08 
scan 600 50 137 0 0 0 0 0 0 0 0 0 
scan 600 50 138 0 0 0 0 0 0 0 0 0 
scan 600 50 139 0 0 0 0 0 0 0 0 0 
scan 600 50 140 0 0 0 0 0 0 0 0 0 
scan 600 50 141 4.10727e-07 4.30663e-07 4.10727e-07 8.21454e-09 2.05364e-08 8.21454e-09 2.46436e-08 1.23218e-07 2.0669e-08 
scan 600 50 142 0 0 0 0 0 0 0 0 0 
scan 600 50 143 0 0 0 0 0 0 0 0 0 
scan 600 50 144 4.63748e-07 4.85463e-07 4.63748e-07 9.27497e-09 9.27497e-09 2.31874e-08 1.48399e-09 1.39124e-07 2.33371e-08 
scan 600 50 145 0 0 0 0 0 0 0 0 0 
scan 600 50 146 4.10727e-07 5.81992e-07 4.10727e-07 1.23218e-08 8.21454e-09 8.21454e-09 2.46436e-08 4.10727e-07 2.0669e-08 
scan 600 50 147 1.67252e-06 1.87687e-06 8.36655e-07 3.75577e-08 4.57723e-08 4.66607e-08 1.00351e-07 1.67252e-06 9.77656e-08 
scan 600 50 148 8.74476e-07 1.07359e-06 6.19483e-07 1.74895e-08 2.98113e-08 1.74895e-08 2.61276e-08 8.74476e-07 4.40061e-08 
scan 600 50 149 4.05236e-06 4.28184e-06 1.35373e-06 8.51545e-08 8.10472e-08 1.07302e-07 8.08403e-08 4.05236e-06 2.19305e-07 
scan 600 50 165 4.64448e-07 4.74974e-07 4.64448e-07 9.28897e-09 9.28897e-09 2.32224e-08 1.1379e-09 9.28897e-08 2.33724e-08 
scan 600 50 166 9.95873e-07 7.37081e-07 7.04189e-07 1.99175e-08 1.99175e-08 1.99175e-08 2.43989e-09 1.99175e-07 8.08714e-08 
scan 600 50 167 0 0 0 0 0 0 0 0 0 
scan 600 50 168 1.40198e-06 8.65181e-07 8.10437e-07 2.80395e-08 2.80395e-08 2.80395e-08 2.91494e-08 2.80395e-07 9.95058e-08 
scan 600 50 169 9.60934e-07 7.10189e-07 6.79894e-07 1.92187e-08 1.92187e-08 1.92187e-08 3.07499e-09 1.92187e-07 6.37119e-08 
scan 600 50 170 4.2533e-07 4.46783e-07 4.2533e-07 8.50661e-09 8.50661e-09 8.50661e-09 3.18998e-08 1.27599e-07 3.45396e-08 
scan 600 50 171 4.64448e-07 4.85729e-07 4.64448e-07 9.28897e-09 9.28897e-09 9.28897e-09 1.1379e-09 1.39335e-07 2.33724e-08 
scan 600 50 172 0 0 0 0 0 0 0 0 0 
scan 600 50 173 0 0 0 0 0 0 0 0 0 
scan 600 50 174 0 0 0 0 0 0 0 0 0 
scan 600 50 175 0 0 0 0 0 0 0 0 0 
scan 600 50 176 4.64448e-07 6.57787e-07 4.64448e-07 9.28897e-09 9.28897e-09 2.32224e-08 1.1379e-09 4.64448e-07 2.33724e-08 
scan 600 50 177 2.42271e-06 2.66084e-06 1.08409e-06 4.84541e-08 4.84541e-08 4.84541e-08 5.93563e-09 2.42271e-06 1.68052e-07 
scan 600 50 178 4.97937e-07 7.05561e-07 4.97937e-07 9.95873e-09 9.95873e-09 9.95873e-09 1.21994e-09 4.97937e-07 4.04357e-08 
scan 600 50 179 6.11577e-06 6.36175e-06 1.69724e-06 1.22315e-07 1.35526e-07 1.36249e-07 3.95299e-08 6.11577e-06 3.67497e-07 
