xsec 700 450 0.00185119
scan 700 450 0 8.77114e-07 8.96687e-07 8.77114e-07 3.61643e-08 0 0 7.89403e-09 1.75423e-07 5.07385e-08 
scan 700 450 1 1.94652e-06 1.44618e-06 1.38105e-06 5.5056e-08 7.05307e-08 0 1.14233e-09 3.89305e-07 1.56712e-07 
scan 700 450 2 8.91262e-07 9.11116e-07 8.91262e-07 3.21349e-08 1.78252e-08 0 9.62563e-10 1.78252e-07 5.15569e-08 
scan 700 450 3 1.93122e-06 1.43591e-06 1.3713e-06 6.77874e-08 5.67651e-08 0 8.65298e-09 3.86243e-07 1.55858e-07 
scan 700 450 4 1.18603e-05 4.16136e-06 3.29541e-06 3.08789e-07 3.68787e-07 0 3.72523e-08 2.37205e-06 7.73168e-07 
scan 700 450 5 8.93184e-07 9.3535e-07 8.93184e-07 1.78637e-08 4.80994e-08 0 4.11579e-12 2.67955e-07 5.16681e-08 
scan 700 450 6 8.77114e-07 9.17676e-07 8.77114e-07 3.03841e-08 0 0 7.89403e-09 2.63134e-07 5.07385e-08 
scan 700 450 7 0 0 0 0 0 0 0 0 0 
scan 700 450 8 8.91763e-07 9.32967e-07 8.91763e-07 0 3.08916e-08 0 7.1341e-10 2.67529e-07 5.15859e-08 
scan 700 450 9 8.93189e-07 9.3446e-07 8.93189e-07 2.52632e-08 1.78638e-08 0 1.28673e-12 2.67957e-07 5.16684e-08 
scan 700 450 10 8.93185e-07 1.26459e-06 8.93185e-07 1.78637e-08 2.52631e-08 0 3.15116e-12 8.93185e-07 5.16682e-08 
scan 700 450 11 1.7703e-06 2.17145e-06 1.25184e-06 5.40281e-08 2.52631e-08 0 7.89718e-09 1.7703e-06 1.02407e-07 
scan 700 450 12 2.65063e-06 3.06615e-06 1.53039e-06 6.58544e-08 7.26703e-08 0 1.42356e-08 2.65063e-06 1.53331e-07 
scan 700 450 13 3.73516e-06 4.18881e-06 1.87287e-06 1.12129e-07 8.21025e-08 0 1.91555e-11 3.73516e-06 2.60274e-07 
scan 700 450 14 1.84728e-05 1.89867e-05 4.14268e-06 5.92156e-07 2.60989e-07 0 9.9734e-08 1.84728e-05 1.2874e-06 
scan 700 450 15 5.66614e-06 2.62465e-06 2.32124e-06 1.31598e-07 1.60713e-07 0 8.78927e-09 1.13323e-06 4.16183e-07 
scan 700 450 16 7.58346e-06 3.15184e-06 2.69145e-06 1.74398e-07 1.80307e-07 0 2.42613e-08 1.51669e-06 5.71221e-07 
scan 700 450 17 9.13168e-06 3.4949e-06 2.89551e-06 3.12335e-07 1.19694e-07 0 6.11221e-08 1.82634e-06 6.15858e-07 
scan 700 450 18 1.09813e-05 3.95327e-06 3.17638e-06 2.7005e-07 3.45417e-07 0 3.03966e-08 2.19625e-06 7.22653e-07 
scan 700 450 19 9.46108e-06 3.63418e-06 3.00275e-06 2.46837e-07 1.55543e-07 0 5.91537e-08 1.89222e-06 7.22269e-07 
scan 700 450 20 1.94523e-06 1.50831e-06 1.38048e-06 3.80606e-08 5.19295e-08 0 1.78482e-09 5.83569e-07 1.56732e-07 
scan 700 450 21 2.67671e-06 1.75199e-06 1.5454e-06 1.78637e-08 1.09883e-07 0 1.42997e-09 8.03013e-07 1.5484e-07 
scan 700 450 22 8.89619e-07 9.30726e-07 8.89619e-07 0 3.08173e-08 0 1.77924e-09 2.66886e-07 5.14619e-08 
scan 700 450 23 0 0 0 0 0 0 0 0 0 
scan 700 450 24 2.66277e-06 1.74123e-06 1.53738e-06 5.728e-08 5.607e-08 0 8.3051e-09 7.9883e-07 1.54033e-07 
scan 700 450 25 8.69076e-07 1.23051e-06 8.69076e-07 3.01057e-08 0 0 1.17325e-08 8.69076e-07 5.02735e-08 
scan 700 450 26 3.71488e-06 4.1654e-06 1.86288e-06 8.66906e-08 7.21489e-08 0 1.00028e-08 3.71488e-06 2.58925e-07 
scan 700 450 27 5.30734e-06 5.74354e-06 2.16679e-06 1.47001e-07 9.42316e-08 0 2.54549e-08 5.30734e-06 3.07014e-07 
scan 700 450 28 1.28913e-05 1.33823e-05 3.454e-06 3.35487e-07 2.9364e-07 0 4.93546e-08 1.28913e-05 8.76973e-07 
scan 700 450 29 5.15614e-05 5.21947e-05 6.97439e-06 1.4573e-06 1.00786e-06 0 1.59643e-07 5.15614e-05 3.72876e-06 
scan 700 450 30 3.70367e-06 2.01949e-06 1.85776e-06 9.18977e-08 5.43551e-08 0 1.55253e-08 7.40734e-07 2.58382e-07 
scan 700 450 31 4.7716e-06 2.3769e-06 2.14183e-06 8.55043e-08 1.06377e-07 0 9.4609e-09 9.5432e-07 3.64365e-07 
scan 700 450 32 1.76539e-06 1.30298e-06 1.24839e-06 6.12364e-08 1.78458e-08 0 1.0272e-08 3.53077e-07 1.02122e-07 
scan 700 450 33 5.35363e-06 2.46166e-06 2.18561e-06 9.66638e-08 1.76433e-07 0 2.74896e-09 1.07073e-06 3.09692e-07 
scan 700 450 34 1.47798e-05 4.88119e-06 3.70739e-06 4.60705e-07 2.46598e-07 0 7.8881e-08 2.95596e-06 1.03162e-06 
scan 700 450 35 0 0 0 0 0 0 0 0 0 
scan 700 450 36 0 0 0 0 0 0 0 0 0 
scan 700 450 37 8.89619e-07 9.31619e-07 8.89619e-07 0 5.11047e-08 0 1.77924e-09 2.66886e-07 5.14619e-08 
scan 700 450 38 8.77114e-07 9.17676e-07 8.77114e-07 3.03841e-08 0 0 7.89403e-09 2.63134e-07 5.07385e-08 
scan 700 450 39 0 0 0 0 0 0 0 0 0 
scan 700 450 40 0 0 0 0 0 0 0 0 0 
scan 700 450 41 4.4338e-06 4.86582e-06 1.98294e-06 1.21759e-07 6.83903e-08 0 1.57786e-08 4.4338e-06 2.56482e-07 
scan 700 450 42 4.56237e-06 5.01191e-06 2.04661e-06 1.28473e-07 5.43727e-08 0 3.21281e-08 4.56237e-06 3.08056e-07 
scan 700 450 43 5.64533e-06 6.11776e-06 2.31197e-06 1.45058e-07 1.3818e-07 0 1.90187e-08 5.64533e-06 4.14183e-07 
scan 700 450 44 2.65471e-05 2.70729e-05 4.93961e-06 5.56095e-07 6.36507e-07 0 8.23437e-08 2.65471e-05 1.75383e-06 
scan 700 450 45 0 0 0 0 0 0 0 0 0 
scan 700 450 46 0 0 0 0 0 0 0 0 0 
scan 700 450 47 0 0 0 0 0 0 0 0 0 
scan 700 450 48 0 0 0 0 0 0 0 0 0 
scan 700 450 49 0 0 0 0 0 0 0 0 0 
scan 700 450 50 0 0 0 0 0 0 0 0 0 
scan 700 450 51 0 0 0 0 0 0 0 0 0 
scan 700 450 52 0 0 0 0 0 0 0 0 0 
scan 700 450 53 0 0 0 0 0 0 0 0 0 
scan 700 450 54 0 0 0 0 0 0 0 0 0 
scan 700 450 55 0 0 0 0 0 0 0 0 0 
scan 700 450 56 0 0 0 0 0 0 0 0 0 
scan 700 450 57 0 0 0 0 0 0 0 0 0 
scan 700 450 58 0 0 0 0 0 0 0 0 0 
scan 700 450 59 0 0 0 0 0 0 0 0 0 
scan 700 450 75 0 0 0 0 0 0 0 0 0 
scan 700 450 76 0 0 0 0 0 0 0 0 0 
scan 700 450 77 8.93191e-07 9.12868e-07 8.93191e-07 1.78638e-08 2.52633e-08 0 4.2891e-13 1.78638e-07 5.16685e-08 
scan 700 450 78 0 0 0 0 0 0 0 0 0 
scan 700 450 79 0 0 0 0 0 0 0 0 0 
scan 700 450 80 0 0 0 0 0 0 0 0 0 
scan 700 450 81 0 0 0 0 0 0 0 0 0 
scan 700 450 82 0 0 0 0 0 0 0 0 0 
scan 700 450 83 0 0 0 0 0 0 0 0 0 
scan 700 450 84 0 0 0 0 0 0 0 0 0 
scan 700 450 85 0 0 0 0 0 0 0 0 0 
scan 700 450 86 0 0 0 0 0 0 0 0 0 
scan 700 450 87 0 0 0 0 0 0 0 0 0 
scan 700 450 88 0 0 0 0 0 0 0 0 0 
scan 700 450 89 0 0 0 0 0 0 0 0 0 
scan 700 450 90 0 0 0 0 0 0 0 0 0 
scan 700 450 91 0 0 0 0 0 0 0 0 0 
scan 700 450 92 0 0 0 0 0 0 0 0 0 
scan 700 450 93 0 0 0 0 0 0 0 0 0 
scan 700 450 94 0 0 0 0 0 0 0 0 0 
scan 700 450 95 0 0 0 0 0 0 0 0 0 
scan 700 450 96 0 0 0 0 0 0 0 0 0 
scan 700 450 97 0 0 0 0 0 0 0 0 0 
scan 700 450 98 0 0 0 0 0 0 0 0 0 
scan 700 450 99 0 0 0 0 0 0 0 0 0 
scan 700 450 100 0 0 0 0 0 0 0 0 0 
scan 700 450 101 0 0 0 0 0 0 0 0 0 
scan 700 450 102 0 0 0 0 0 0 0 0 0 
scan 700 450 103 0 0 0 0 0 0 0 0 0 
scan 700 450 104 0 0 0 0 0 0 0 0 0 
scan 700 450 120 0 0 0 0 0 0 0 0 0 
scan 700 450 121 0 0 0 0 0 0 0 0 0 
scan 700 450 122 0 0 0 0 0 0 0 0 0 
scan 700 450 123 0 0 0 0 0 0 0 0 0 
scan 700 450 124 0 0 0 0 0 0 0 0 0 
scan 700 450 125 0 0 0 0 0 0 0 0 0 
scan 700 450 126 0 0 0 0 0 0 0 0 0 
scan 700 450 127 0 0 0 0 0 0 0 0 0 
scan 700 450 128 0 0 0 0 0 0 0 0 0 
scan 700 450 129 0 0 0 0 0 0 0 0 0 
scan 700 450 130 0 0 0 0 0 0 0 0 0 
scan 700 450 131 0 0 0 0 0 0 0 0 0 
scan 700 450 132 0 0 0 0 0 0 0 0 0 
scan 700 450 133 7.86009e-07 1.11385e-06 7.86009e-07 1.57202e-08 1.57202e-08 1.57202e-08 4.71605e-08 7.86009e-07 4.54683e-08 
scan 700 450 134 1.74628e-06 2.1427e-06 1.235e-06 1.77763e-08 4.2029e-08 6.159e-08 1.93269e-08 1.74628e-06 1.01017e-07 
scan 700 450 135 0 0 0 0 0 0 0 0 0 
scan 700 450 136 0 0 0 0 0 0 0 0 0 
scan 700 450 137 0 0 0 0 0 0 0 0 0 
scan 700 450 138 0 0 0 0 0 0 0 0 0 
scan 700 450 139 0 0 0 0 0 0 0 0 0 
scan 700 450 140 0 0 0 0 0 0 0 0 0 
scan 700 450 141 0 0 0 0 0 0 0 0 0 
scan 700 450 142 0 0 0 0 0 0 0 0 0 
scan 700 450 143 8.87475e-07 9.29376e-07 8.87475e-07 1.77495e-08 1.77495e-08 4.43738e-08 2.83992e-09 2.66243e-07 5.13379e-08 
scan 700 450 144 0 0 0 0 0 0 0 0 0 
scan 700 450 145 0 0 0 0 0 0 0 0 0 
scan 700 450 146 0 0 0 0 0 0 0 0 0 
scan 700 450 147 0 0 0 0 0 0 0 0 0 
scan 700 450 148 0 0 0 0 0 0 0 0 0 
scan 700 450 149 2.45949e-06 2.84818e-06 1.4224e-06 4.91899e-08 7.27701e-08 4.91899e-08 9.7161e-08 2.45949e-06 1.42275e-07 
scan 700 450 165 0 0 0 0 0 0 0 0 0 
scan 700 450 166 0 0 0 0 0 0 0 0 0 
scan 700 450 167 0 0 0 0 0 0 0 0 0 
scan 700 450 168 0 0 0 0 0 0 0 0 0 
scan 700 450 169 0 0 0 0 0 0 0 0 0 
scan 700 450 170 0 0 0 0 0 0 0 0 0 
scan 700 450 171 0 0 0 0 0 0 0 0 0 
scan 700 450 172 0 0 0 0 0 0 0 0 0 
scan 700 450 173 0 0 0 0 0 0 0 0 0 
scan 700 450 174 0 0 0 0 0 0 0 0 0 
scan 700 450 175 0 0 0 0 0 0 0 0 0 
scan 700 450 176 0 0 0 0 0 0 0 0 0 
scan 700 450 177 0 0 0 0 0 0 0 0 0 
scan 700 450 178 0 0 0 0 0 0 0 0 0 
scan 700 450 179 0 0 0 0 0 0 0 0 0 
