xsec 700 350 0.00185119
scan 700 350 0 1.09436e-06 5.04894e-07 4.4756e-07 3.46252e-08 1.73749e-08 0 5.08472e-09 2.18872e-07 7.19517e-08 
scan 700 350 1 1.44146e-06 5.95384e-07 5.10166e-07 4.86736e-08 1.33468e-08 0 1.10235e-08 2.88292e-07 9.1823e-08 
scan 700 350 2 2.51488e-06 8.58283e-07 6.72595e-07 6.80636e-08 5.26081e-08 0 1.32168e-08 5.02975e-07 1.53969e-07 
scan 700 350 3 3.40952e-06 1.06503e-06 7.82523e-07 1.00869e-07 6.53519e-08 0 1.49813e-08 6.81905e-07 2.05618e-07 
scan 700 350 4 8.65813e-06 2.24423e-06 1.26517e-06 2.11821e-07 2.18018e-07 0 2.6325e-08 1.73163e-06 5.86781e-07 
scan 700 350 5 2.05641e-07 2.15791e-07 2.05641e-07 0 7.12362e-09 0 4.11282e-10 6.16924e-08 2.05075e-08 
scan 700 350 6 5.60909e-07 3.68665e-07 3.24738e-07 1.97325e-08 7.72222e-09 0 2.36181e-09 1.68273e-07 4.10932e-08 
scan 700 350 7 3.58574e-07 2.76601e-07 2.53551e-07 5.08111e-09 1.38716e-08 0 3.5984e-10 1.07572e-07 2.07425e-08 
scan 700 350 8 5.38224e-07 3.5219e-07 3.10744e-07 8.67413e-09 1.89529e-08 0 3.58896e-10 1.61467e-07 3.11347e-08 
scan 700 350 9 2.23943e-06 9.50638e-07 6.47988e-07 4.3147e-08 6.03359e-08 0 1.1603e-08 6.71828e-07 1.63814e-07 
scan 700 350 10 3.79909e-07 4.66912e-07 2.69317e-07 1.4323e-08 0 0 3.05289e-09 3.79909e-07 3.04984e-08 
scan 700 350 11 5.32475e-07 6.15929e-07 3.07436e-07 1.86996e-08 3.59293e-09 0 3.17641e-09 5.32475e-07 3.08022e-08 
scan 700 350 12 4.69156e-06 4.79188e-06 9.20744e-07 1.00529e-07 1.00388e-07 0 1.62044e-08 4.69156e-06 2.88438e-07 
scan 700 350 13 6.05679e-06 6.16507e-06 1.05618e-06 1.57168e-07 1.18064e-07 0 2.91377e-08 6.05679e-06 4.10205e-07 
scan 700 350 14 2.30947e-05 2.3255e-05 2.06968e-06 6.07876e-07 4.15295e-07 0 1.07814e-07 2.30947e-05 1.60964e-06 
scan 700 350 15 9.44761e-07 4.70588e-07 4.23728e-07 2.88547e-08 1.3562e-08 0 3.4881e-09 1.88952e-07 7.19441e-08 
scan 700 350 16 2.33941e-06 8.16518e-07 6.49289e-07 6.49784e-08 3.43529e-08 0 1.12291e-08 4.67882e-07 1.43819e-07 
scan 700 350 17 4.60035e-06 1.34866e-06 9.21873e-07 1.24687e-07 7.44469e-08 0 2.54037e-08 9.2007e-07 3.1745e-07 
scan 700 350 18 4.49952e-06 1.31329e-06 9.00679e-07 1.29311e-07 9.74799e-08 0 2.22654e-08 8.99904e-07 2.77433e-07 
scan 700 350 19 1.21917e-05 2.99444e-06 1.49136e-06 3.22919e-07 2.54524e-07 0 5.53996e-08 2.43835e-06 7.905e-07 
scan 700 350 20 3.58577e-07 2.76429e-07 2.53553e-07 5.0812e-09 9.79126e-09 0 3.58118e-10 1.07573e-07 2.07427e-08 
scan 700 350 21 8.9436e-07 4.853e-07 3.99975e-07 9.72652e-09 2.77864e-08 0 1.92031e-09 2.68308e-07 5.17361e-08 
scan 700 350 22 3.52829e-07 2.72129e-07 2.49488e-07 1.33849e-08 0 0 3.17546e-09 1.05849e-07 2.04101e-08 
scan 700 350 23 8.94933e-07 4.85716e-07 4.00233e-07 1.97967e-08 2.40341e-08 0 1.63382e-09 2.6848e-07 5.17693e-08 
scan 700 350 24 3.29048e-06 1.27996e-06 7.76865e-07 7.29368e-08 9.01352e-08 0 1.15797e-08 9.87145e-07 2.16235e-07 
scan 700 350 25 2.06465e-07 2.92798e-07 2.06465e-07 5.83971e-09 4.1293e-09 0 1.09261e-12 2.06465e-07 2.05896e-08 
scan 700 350 26 3.1379e-06 3.23788e-06 7.62339e-07 8.21537e-08 5.37607e-08 0 1.15109e-08 3.1379e-06 2.15654e-07 
scan 700 350 27 3.06024e-06 3.15594e-06 7.42711e-07 6.06102e-08 7.0825e-08 0 1.01306e-08 3.06024e-06 1.85638e-07 
scan 700 350 28 5.63899e-06 5.74383e-06 1.01393e-06 1.38143e-07 1.2678e-07 0 1.83639e-08 5.63899e-06 3.60369e-07 
scan 700 350 29 2.49556e-05 2.51154e-05 2.14343e-06 5.70212e-07 5.41862e-07 0 8.54383e-08 2.49556e-05 1.66666e-06 
scan 700 350 30 3.46684e-06 1.08573e-06 7.96561e-07 9.17688e-08 6.09634e-08 0 1.31876e-08 6.93369e-07 2.26347e-07 
scan 700 350 31 9.62391e-06 2.4576e-06 1.33714e-06 2.34476e-07 2.36457e-07 0 1.95012e-08 1.92478e-06 6.60143e-07 
scan 700 350 32 1.51418e-05 3.62695e-06 1.66432e-06 3.86698e-07 3.21747e-07 0 4.45749e-08 3.02837e-06 9.79147e-07 
scan 700 350 33 1.33267e-05 3.26187e-06 1.57338e-06 3.43493e-07 3.17586e-07 0 3.12533e-08 2.66535e-06 9.16707e-07 
scan 700 350 34 4.91247e-05 1.09447e-05 3.01746e-06 1.24904e-06 1.11692e-06 0 1.46077e-07 9.82494e-06 3.36488e-06 
scan 700 350 35 1.1047e-06 5.66214e-07 4.51656e-07 2.96652e-08 2.50705e-08 0 3.61306e-12 3.3141e-07 7.255e-08 
scan 700 350 36 1.3025e-06 6.37351e-07 4.93293e-07 2.7404e-08 2.95135e-08 0 4.26067e-09 3.9075e-07 9.24828e-08 
scan 700 350 37 1.66787e-06 7.59638e-07 5.56996e-07 4.48792e-08 3.85158e-08 0 1.28122e-09 5.00362e-07 1.13774e-07 
scan 700 350 38 5.72433e-06 2.04871e-06 1.03025e-06 1.36712e-07 1.19764e-07 0 1.58726e-08 1.7173e-06 3.9166e-07 
scan 700 350 39 1.03947e-05 3.50969e-06 1.39176e-06 2.52773e-07 2.66721e-07 0 2.01984e-08 3.1184e-06 7.21844e-07 
scan 700 350 40 1.09727e-06 1.18819e-06 4.48724e-07 3.02956e-08 1.78847e-08 0 3.63534e-09 1.09727e-06 7.21201e-08 
scan 700 350 41 6.56835e-06 6.6757e-06 1.09612e-06 1.47052e-07 1.39596e-07 0 1.62911e-08 6.56835e-06 4.22911e-07 
scan 700 350 42 1.23649e-05 1.24912e-05 1.51341e-06 2.81467e-07 2.35806e-07 0 3.6233e-08 1.23649e-05 8.44207e-07 
scan 700 350 43 1.27617e-05 1.289e-05 1.53901e-06 2.97136e-07 2.57912e-07 0 3.10461e-08 1.27617e-05 8.75391e-07 
scan 700 350 44 0.000102323 0.00010269 4.34255e-06 2.38916e-06 2.02983e-06 0 2.60601e-07 0.000102323 6.8131e-06 
scan 700 350 45 0 0 0 0 0 0 0 0 0 
scan 700 350 46 1.79644e-07 1.83646e-07 1.79644e-07 6.47717e-09 3.59289e-09 0 1.98058e-12 3.59289e-08 1.03919e-08 
scan 700 350 47 0 0 0 0 0 0 0 0 0 
scan 700 350 48 0 0 0 0 0 0 0 0 0 
scan 700 350 49 0 0 0 0 0 0 0 0 0 
scan 700 350 50 0 0 0 0 0 0 0 0 0 
scan 700 350 51 0 0 0 0 0 0 0 0 0 
scan 700 350 52 0 0 0 0 0 0 0 0 0 
scan 700 350 53 0 0 0 0 0 0 0 0 0 
scan 700 350 54 0 0 0 0 0 0 0 0 0 
scan 700 350 55 0 0 0 0 0 0 0 0 0 
scan 700 350 56 0 0 0 0 0 0 0 0 0 
scan 700 350 57 0 0 0 0 0 0 0 0 0 
scan 700 350 58 0 0 0 0 0 0 0 0 0 
scan 700 350 59 5.38944e-07 6.23372e-07 3.11159e-07 1.22671e-08 1.37554e-08 0 4.57743e-13 5.38944e-07 3.11763e-08 
scan 700 350 75 0 0 0 0 0 0 0 0 0 
scan 700 350 76 0 0 0 0 0 0 0 0 0 
scan 700 350 77 0 0 0 0 0 0 0 0 0 
scan 700 350 78 0 0 0 0 0 0 0 0 0 
scan 700 350 79 0 0 0 0 0 0 0 0 0 
scan 700 350 80 0 0 0 0 0 0 0 0 0 
scan 700 350 81 0 0 0 0 0 0 0 0 0 
scan 700 350 82 0 0 0 0 0 0 0 0 0 
scan 700 350 83 0 0 0 0 0 0 0 0 0 
scan 700 350 84 0 0 0 0 0 0 0 0 0 
scan 700 350 85 0 0 0 0 0 0 0 0 0 
scan 700 350 86 0 0 0 0 0 0 0 0 0 
scan 700 350 87 0 0 0 0 0 0 0 0 0 
scan 700 350 88 1.79648e-07 2.54349e-07 1.79648e-07 3.59296e-09 5.08121e-09 0 1.47168e-13 1.79648e-07 1.03921e-08 
scan 700 350 89 3.86115e-07 4.74474e-07 2.73682e-07 7.7223e-09 1.0921e-08 0 2.11821e-13 3.86115e-07 3.09819e-08 
scan 700 350 90 5.16083e-07 3.22507e-07 2.98899e-07 1.4597e-08 0 2.58042e-08 3.32555e-08 1.03217e-07 4.50714e-08 
scan 700 350 91 3.10791e-07 2.30304e-07 2.19796e-07 7.48085e-09 3.16181e-09 6.21583e-09 2.0938e-08 6.21583e-08 1.79784e-08 
scan 700 350 92 1.52701e-07 1.56641e-07 1.52701e-07 3.05402e-09 7.63505e-09 3.05402e-09 1.14526e-08 3.05402e-08 8.83331e-09 
scan 700 350 93 0 0 0 0 0 0 0 0 0 
scan 700 350 94 1.61683e-07 1.65609e-07 1.61683e-07 0 8.70692e-09 3.23367e-09 8.08417e-09 3.23367e-08 9.35292e-09 
scan 700 350 95 0 0 0 0 0 0 0 0 0 
scan 700 350 96 0 0 0 0 0 0 0 0 0 
scan 700 350 97 0 0 0 0 0 0 0 0 0 
scan 700 350 98 0 0 0 0 0 0 0 0 0 
scan 700 350 99 0 0 0 0 0 0 0 0 0 
scan 700 350 100 0 0 0 0 0 0 0 0 0 
scan 700 350 101 3.87146e-07 4.7652e-07 2.74269e-07 9.55984e-09 7.74293e-09 1.39066e-08 1.14048e-08 3.87146e-07 3.8608e-08 
scan 700 350 102 3.19774e-07 3.92654e-07 2.26129e-07 4.47147e-09 8.70692e-09 6.39548e-09 1.75696e-08 3.19774e-07 1.8498e-08 
scan 700 350 103 5.03931e-07 5.83635e-07 2.9158e-07 9.08107e-09 8.45333e-09 2.06155e-08 1.53398e-08 5.03931e-07 2.9151e-08 
scan 700 350 104 1.71355e-06 1.80545e-06 5.44755e-07 2.26263e-08 6.07068e-08 4.40258e-08 7.22277e-08 1.71355e-06 1.23637e-07 
scan 700 350 120 0 0 0 0 0 0 0 0 0 
scan 700 350 121 0 0 0 0 0 0 0 0 0 
scan 700 350 122 0 0 0 0 0 0 0 0 0 
scan 700 350 123 0 0 0 0 0 0 0 0 0 
scan 700 350 124 0 0 0 0 0 0 0 0 0 
scan 700 350 125 0 0 0 0 0 0 0 0 0 
scan 700 350 126 0 0 0 0 0 0 0 0 0 
scan 700 350 127 0 0 0 0 0 0 0 0 0 
scan 700 350 128 0 0 0 0 0 0 0 0 0 
scan 700 350 129 0 0 0 0 0 0 0 0 0 
scan 700 350 130 0 0 0 0 0 0 0 0 0 
scan 700 350 131 1.5809e-07 2.24029e-07 1.5809e-07 4.47147e-09 0 3.16181e-09 9.48543e-09 1.5809e-07 9.14507e-09 
scan 700 350 132 0 0 0 0 0 0 0 0 0 
scan 700 350 133 3.16181e-07 3.88382e-07 2.23574e-07 7.63328e-09 3.16181e-09 1.10663e-08 1.89709e-08 3.16181e-07 1.82901e-08 
scan 700 350 134 8.81229e-07 9.67428e-07 3.94158e-07 1.07261e-08 2.0482e-08 2.81615e-08 8.21244e-09 8.81229e-07 5.09765e-08 
scan 700 350 135 1.5809e-07 1.62014e-07 1.5809e-07 3.16181e-09 3.16181e-09 7.90452e-09 9.48543e-09 3.16181e-08 9.14507e-09 
scan 700 350 136 6.94394e-07 3.77882e-07 3.47659e-07 1.38879e-08 1.86306e-08 1.92509e-08 1.07994e-08 1.38879e-07 4.01687e-08 
scan 700 350 137 3.60459e-07 2.67003e-07 2.54891e-07 9.02609e-09 7.20918e-09 7.20918e-09 1.13394e-08 7.20918e-08 2.84602e-08 
scan 700 350 138 0 0 0 0 0 0 0 0 0 
scan 700 350 139 1.5809e-07 1.61851e-07 1.5809e-07 3.16181e-09 3.16181e-09 3.16181e-09 9.48543e-09 3.16181e-08 9.14507e-09 
scan 700 350 140 0 0 0 0 0 0 0 0 0 
scan 700 350 141 1.78498e-07 1.86747e-07 1.78498e-07 3.56997e-09 3.56997e-09 3.56997e-09 5.71195e-10 5.35495e-08 1.03256e-08 
scan 700 350 142 1.78768e-07 1.87029e-07 1.78768e-07 3.57536e-09 3.57536e-09 3.57536e-09 4.37982e-10 5.36304e-08 1.03412e-08 
scan 700 350 143 0 0 0 0 0 0 0 0 0 
scan 700 350 144 0 0 0 0 0 0 0 0 0 
scan 700 350 145 0 0 0 0 0 0 0 0 0 
scan 700 350 146 0 0 0 0 0 0 0 0 0 
scan 700 350 147 0 0 0 0 0 0 0 0 0 
scan 700 350 148 1.5809e-07 2.24056e-07 1.5809e-07 4.74271e-09 3.16181e-09 3.16181e-09 9.48543e-09 1.5809e-07 9.14507e-09 
scan 700 350 149 3.57536e-07 4.38554e-07 2.52816e-07 7.15072e-09 7.15072e-09 7.15072e-09 8.75963e-10 3.57536e-07 2.06824e-08 
scan 700 350 165 0 0 0 0 0 0 0 0 0 
scan 700 350 166 0 0 0 0 0 0 0 0 0 
scan 700 350 167 0 0 0 0 0 0 0 0 0 
scan 700 350 168 1.78768e-07 1.8289e-07 1.78768e-07 3.57536e-09 3.57536e-09 8.9384e-09 4.37982e-10 3.57536e-08 1.03412e-08 
scan 700 350 169 0 0 0 0 0 0 0 0 0 
scan 700 350 170 0 0 0 0 0 0 0 0 0 
scan 700 350 171 0 0 0 0 0 0 0 0 0 
scan 700 350 172 0 0 0 0 0 0 0 0 0 
scan 700 350 173 0 0 0 0 0 0 0 0 0 
scan 700 350 174 0 0 0 0 0 0 0 0 0 
scan 700 350 175 0 0 0 0 0 0 0 0 0 
scan 700 350 176 0 0 0 0 0 0 0 0 0 
scan 700 350 177 0 0 0 0 0 0 0 0 0 
scan 700 350 178 0 0 0 0 0 0 0 0 0 
scan 700 350 179 7.21082e-07 8.09133e-07 3.62106e-07 1.44216e-08 1.91643e-08 1.97847e-08 1.08648e-08 7.21082e-07 5.03164e-08 
