xsec 700 650 0.00185119
scan 700 650 0 1.4935e-07 1.52949e-07 1.4935e-07 0 1.09749e-08 0 9.03565e-10 2.98699e-08 8.63943e-09 
scan 700 650 1 0 0 0 0 0 0 0 0 0 
scan 700 650 2 0 0 0 0 0 0 0 0 0 
scan 700 650 3 0 0 0 0 0 0 0 0 0 
scan 700 650 4 0 0 0 0 0 0 0 0 0 
scan 700 650 5 0 0 0 0 0 0 0 0 0 
scan 700 650 6 0 0 0 0 0 0 0 0 0 
scan 700 650 7 0 0 0 0 0 0 0 0 0 
scan 700 650 8 0 0 0 0 0 0 0 0 0 
scan 700 650 9 0 0 0 0 0 0 0 0 0 
scan 700 650 10 0 0 0 0 0 0 0 0 0 
scan 700 650 11 0 0 0 0 0 0 0 0 0 
scan 700 650 12 0 0 0 0 0 0 0 0 0 
scan 700 650 13 0 0 0 0 0 0 0 0 0 
scan 700 650 14 0 0 0 0 0 0 0 0 0 
scan 700 650 15 0 0 0 0 0 0 0 0 0 
scan 700 650 16 0 0 0 0 0 0 0 0 0 
scan 700 650 17 0 0 0 0 0 0 0 0 0 
scan 700 650 18 0 0 0 0 0 0 0 0 0 
scan 700 650 19 0 0 0 0 0 0 0 0 0 
scan 700 650 20 0 0 0 0 0 0 0 0 0 
scan 700 650 21 0 0 0 0 0 0 0 0 0 
scan 700 650 22 0 0 0 0 0 0 0 0 0 
scan 700 650 23 0 0 0 0 0 0 0 0 0 
scan 700 650 24 0 0 0 0 0 0 0 0 0 
scan 700 650 25 0 0 0 0 0 0 0 0 0 
scan 700 650 26 0 0 0 0 0 0 0 0 0 
scan 700 650 27 0 0 0 0 0 0 0 0 0 
scan 700 650 28 0 0 0 0 0 0 0 0 0 
scan 700 650 29 0 0 0 0 0 0 0 0 0 
scan 700 650 30 1.50937e-07 1.54262e-07 1.50937e-07 0 5.22861e-09 0 1.2075e-10 3.01874e-08 8.73126e-09 
scan 700 650 31 0 0 0 0 0 0 0 0 0 
scan 700 650 32 0 0 0 0 0 0 0 0 0 
scan 700 650 33 0 0 0 0 0 0 0 0 0 
scan 700 650 34 0 0 0 0 0 0 0 0 0 
scan 700 650 35 0 0 0 0 0 0 0 0 0 
scan 700 650 36 0 0 0 0 0 0 0 0 0 
scan 700 650 37 0 0 0 0 0 0 0 0 0 
scan 700 650 38 0 0 0 0 0 0 0 0 0 
scan 700 650 39 0 0 0 0 0 0 0 0 0 
scan 700 650 40 0 0 0 0 0 0 0 0 0 
scan 700 650 41 1.50937e-07 2.13699e-07 1.50937e-07 0 5.22861e-09 0 1.2075e-10 1.50937e-07 8.73126e-09 
scan 700 650 42 0 0 0 0 0 0 0 0 0 
scan 700 650 43 0 0 0 0 0 0 0 0 0 
scan 700 650 44 0 0 0 0 0 0 0 0 0 
scan 700 650 45 0 0 0 0 0 0 0 0 0 
scan 700 650 46 1.51179e-07 1.54509e-07 1.51179e-07 3.02357e-09 4.27598e-09 0 9.48192e-14 3.02357e-08 8.74524e-09 
scan 700 650 47 0 0 0 0 0 0 0 0 0 
scan 700 650 48 0 0 0 0 0 0 0 0 0 
scan 700 650 49 0 0 0 0 0 0 0 0 0 
scan 700 650 50 0 0 0 0 0 0 0 0 0 
scan 700 650 51 0 0 0 0 0 0 0 0 0 
scan 700 650 52 0 0 0 0 0 0 0 0 0 
scan 700 650 53 0 0 0 0 0 0 0 0 0 
scan 700 650 54 0 0 0 0 0 0 0 0 0 
scan 700 650 55 0 0 0 0 0 0 0 0 0 
scan 700 650 56 0 0 0 0 0 0 0 0 0 
scan 700 650 57 0 0 0 0 0 0 0 0 0 
scan 700 650 58 0 0 0 0 0 0 0 0 0 
scan 700 650 59 0 0 0 0 0 0 0 0 0 
scan 700 650 75 1.51179e-07 1.54509e-07 1.51179e-07 3.02357e-09 4.27597e-09 0 1.23845e-13 3.02357e-08 8.74524e-09 
scan 700 650 76 0 0 0 0 0 0 0 0 0 
scan 700 650 77 0 0 0 0 0 0 0 0 0 
scan 700 650 78 0 0 0 0 0 0 0 0 0 
scan 700 650 79 0 0 0 0 0 0 0 0 0 
scan 700 650 80 0 0 0 0 0 0 0 0 0 
scan 700 650 81 0 0 0 0 0 0 0 0 0 
scan 700 650 82 0 0 0 0 0 0 0 0 0 
scan 700 650 83 0 0 0 0 0 0 0 0 0 
scan 700 650 84 0 0 0 0 0 0 0 0 0 
scan 700 650 85 0 0 0 0 0 0 0 0 0 
scan 700 650 86 0 0 0 0 0 0 0 0 0 
scan 700 650 87 0 0 0 0 0 0 0 0 0 
scan 700 650 88 0 0 0 0 0 0 0 0 0 
scan 700 650 89 0 0 0 0 0 0 0 0 0 
scan 700 650 90 2.92195e-07 2.18019e-07 2.06613e-07 7.05422e-09 2.92195e-09 1.46098e-08 1.75317e-08 5.8439e-08 2.9139e-08 
scan 700 650 91 1.50438e-07 1.53907e-07 1.50438e-07 3.00876e-09 3.00876e-09 7.5219e-09 3.68573e-10 3.00876e-08 8.7024e-09 
scan 700 650 92 0 0 0 0 0 0 0 0 0 
scan 700 650 93 0 0 0 0 0 0 0 0 0 
scan 700 650 94 0 0 0 0 0 0 0 0 0 
scan 700 650 95 0 0 0 0 0 0 0 0 0 
scan 700 650 96 0 0 0 0 0 0 0 0 0 
scan 700 650 97 0 0 0 0 0 0 0 0 0 
scan 700 650 98 0 0 0 0 0 0 0 0 0 
scan 700 650 99 0 0 0 0 0 0 0 0 0 
scan 700 650 100 0 0 0 0 0 0 0 0 0 
scan 700 650 101 0 0 0 0 0 0 0 0 0 
scan 700 650 102 0 0 0 0 0 0 0 0 0 
scan 700 650 103 0 0 0 0 0 0 0 0 0 
scan 700 650 104 0 0 0 0 0 0 0 0 0 
scan 700 650 120 0 0 0 0 0 0 0 0 0 
scan 700 650 121 0 0 0 0 0 0 0 0 0 
scan 700 650 122 0 0 0 0 0 0 0 0 0 
scan 700 650 123 0 0 0 0 0 0 0 0 0 
scan 700 650 124 0 0 0 0 0 0 0 0 0 
scan 700 650 125 0 0 0 0 0 0 0 0 0 
scan 700 650 126 0 0 0 0 0 0 0 0 0 
scan 700 650 127 0 0 0 0 0 0 0 0 0 
scan 700 650 128 0 0 0 0 0 0 0 0 0 
scan 700 650 129 0 0 0 0 0 0 0 0 0 
scan 700 650 130 0 0 0 0 0 0 0 0 0 
scan 700 650 131 0 0 0 0 0 0 0 0 0 
scan 700 650 132 0 0 0 0 0 0 0 0 0 
scan 700 650 133 0 0 0 0 0 0 0 0 0 
scan 700 650 134 0 0 0 0 0 0 0 0 0 
scan 700 650 135 3.00876e-07 2.22196e-07 2.12751e-07 6.01752e-09 6.01752e-09 1.05307e-08 7.37146e-10 6.01752e-08 1.74048e-08 
scan 700 650 136 1.65207e-07 1.69379e-07 1.65207e-07 3.30413e-09 3.30413e-09 3.30413e-09 4.04756e-10 3.30413e-08 1.64751e-08 
scan 700 650 137 0 0 0 0 0 0 0 0 0 
scan 700 650 138 0 0 0 0 0 0 0 0 0 
scan 700 650 139 0 0 0 0 0 0 0 0 0 
scan 700 650 140 0 0 0 0 0 0 0 0 0 
scan 700 650 141 0 0 0 0 0 0 0 0 0 
scan 700 650 142 0 0 0 0 0 0 0 0 0 
scan 700 650 143 0 0 0 0 0 0 0 0 0 
scan 700 650 144 0 0 0 0 0 0 0 0 0 
scan 700 650 145 0 0 0 0 0 0 0 0 0 
scan 700 650 146 0 0 0 0 0 0 0 0 0 
scan 700 650 147 0 0 0 0 0 0 0 0 0 
scan 700 650 148 0 0 0 0 0 0 0 0 0 
scan 700 650 149 0 0 0 0 0 0 0 0 0 
scan 700 650 165 0 0 0 0 0 0 0 0 0 
scan 700 650 166 0 0 0 0 0 0 0 0 0 
scan 700 650 167 0 0 0 0 0 0 0 0 0 
scan 700 650 168 0 0 0 0 0 0 0 0 0 
scan 700 650 169 0 0 0 0 0 0 0 0 0 
scan 700 650 170 0 0 0 0 0 0 0 0 0 
scan 700 650 171 0 0 0 0 0 0 0 0 0 
scan 700 650 172 0 0 0 0 0 0 0 0 0 
scan 700 650 173 0 0 0 0 0 0 0 0 0 
scan 700 650 174 0 0 0 0 0 0 0 0 0 
scan 700 650 175 0 0 0 0 0 0 0 0 0 
scan 700 650 176 0 0 0 0 0 0 0 0 0 
scan 700 650 177 0 0 0 0 0 0 0 0 0 
scan 700 650 178 0 0 0 0 0 0 0 0 0 
scan 700 650 179 0 0 0 0 0 0 0 0 0 
