xsec 750 0 0.00112965
scan 750 0 0 8.78114e-08 9.01075e-08 8.78114e-08 0 3.04188e-09 0 7.02491e-11 1.75623e-08 9.52985e-09 
scan 750 0 1 1.6404e-07 1.21674e-07 1.16156e-07 5.6825e-09 0 0 1.33655e-09 3.28079e-08 1.42017e-08 
scan 750 0 2 8.66856e-08 8.89544e-08 8.66856e-08 3.00288e-09 0 0 6.24137e-10 1.73371e-08 9.40767e-09 
scan 750 0 3 1.66757e-07 1.2369e-07 1.18092e-07 4.06376e-09 3.98799e-09 0 1.64546e-13 3.33514e-08 1.4444e-08 
scan 750 0 4 3.89519e-07 1.9264e-07 1.74204e-07 8.55226e-09 5.45106e-09 0 2.21431e-09 7.79038e-08 2.42145e-08 
scan 750 0 5 7.88052e-08 8.2466e-08 7.88052e-08 1.5761e-09 2.22895e-09 0 3.78423e-14 2.36416e-08 4.89895e-09 
scan 750 0 6 7.76705e-08 8.12805e-08 7.76705e-08 2.69059e-09 0 0 5.59228e-10 2.33012e-08 4.82841e-09 
scan 750 0 7 1.56066e-07 1.20335e-07 1.10359e-07 2.68076e-09 2.72553e-09 0 7.59425e-10 4.68198e-08 9.70188e-09 
scan 750 0 8 0 0 0 0 0 0 0 0 0 
scan 750 0 9 2.43152e-07 1.59703e-07 1.40628e-07 5.38117e-09 3.04188e-09 0 1.1887e-09 7.29457e-08 1.91867e-08 
scan 750 0 10 0 0 0 0 0 0 0 0 0 
scan 750 0 11 3.20681e-07 3.59521e-07 1.60476e-07 6.22991e-09 7.23444e-09 0 1.80925e-09 3.20681e-07 2.39149e-08 
scan 750 0 12 3.23975e-07 3.63255e-07 1.62179e-07 2.22894e-09 1.0069e-08 0 1.96249e-10 3.23975e-07 2.4211e-08 
scan 750 0 13 4.87582e-07 5.28317e-07 1.99264e-07 6.56396e-09 1.26855e-08 0 1.74727e-09 4.87582e-07 3.83337e-08 
scan 750 0 14 4.30022e-06 4.3524e-06 5.85779e-07 9.04813e-08 7.02212e-08 0 2.2957e-08 4.30022e-06 3.07664e-07 
scan 750 0 15 0 0 0 0 0 0 0 0 0 
scan 750 0 16 5.58121e-07 2.42452e-07 2.11134e-07 8.53338e-09 1.29508e-08 0 1.31468e-09 1.11624e-07 3.87668e-08 
scan 750 0 17 8.70726e-08 8.94394e-08 8.70726e-08 0 5.00194e-09 0 4.35363e-10 1.74145e-08 9.44967e-09 
scan 750 0 18 7.84901e-08 8.02393e-08 7.84901e-08 0 2.71898e-09 0 1.5698e-10 1.5698e-08 4.87936e-09 
scan 750 0 19 4.10778e-07 2.04645e-07 1.83998e-07 4.26669e-09 1.10382e-08 0 7.62707e-10 8.21556e-08 3.36782e-08 
scan 750 0 20 0 0 0 0 0 0 0 0 0 
scan 750 0 21 8.66856e-08 9.10418e-08 8.66856e-08 3.00288e-09 0 0 6.24137e-10 2.60057e-08 9.40767e-09 
scan 750 0 22 0 0 0 0 0 0 0 0 0 
scan 750 0 23 7.86792e-08 8.23342e-08 7.86792e-08 0 2.72553e-09 0 6.29434e-11 2.36038e-08 4.89111e-09 
scan 750 0 24 7.76705e-08 8.12805e-08 7.76705e-08 2.69059e-09 0 0 5.59228e-10 2.33012e-08 4.82841e-09 
scan 750 0 25 0 0 0 0 0 0 0 0 0 
scan 750 0 26 0 0 0 0 0 0 0 0 0 
scan 750 0 27 1.74497e-07 2.14597e-07 1.23391e-07 3.00288e-09 3.04188e-09 0 6.94386e-10 1.74497e-07 1.89375e-08 
scan 750 0 28 7.21261e-07 7.62479e-07 2.40693e-07 1.65983e-08 1.17372e-08 0 3.08586e-09 7.21261e-07 5.29191e-08 
scan 750 0 29 4.36168e-06 4.4134e-06 5.8857e-07 1.07167e-07 5.90588e-08 0 2.2526e-08 4.36168e-06 3.03267e-07 
scan 750 0 30 2.63208e-06 7.26369e-07 4.58612e-07 5.70887e-08 5.50166e-08 0 6.96132e-09 5.26417e-07 1.83953e-07 
scan 750 0 31 5.15193e-06 1.28353e-06 6.44776e-07 1.18621e-07 1.0227e-07 0 1.41352e-08 1.03039e-06 3.81173e-07 
scan 750 0 32 5.39521e-06 1.33571e-06 6.59826e-07 1.25323e-07 1.08123e-07 0 1.0789e-08 1.07904e-06 3.9613e-07 
scan 750 0 33 6.49025e-06 1.56895e-06 7.21885e-07 1.51923e-07 1.28709e-07 0 1.48451e-08 1.29805e-06 4.64437e-07 
scan 750 0 34 2.95582e-05 6.52622e-06 1.54029e-06 6.71464e-07 6.04531e-07 0 6.58018e-08 5.91163e-06 2.10974e-06 
scan 750 0 35 8.61657e-07 3.7124e-07 2.59812e-07 1.78617e-08 1.73628e-08 0 2.54302e-09 2.58497e-07 5.35651e-08 
scan 750 0 36 2.50118e-06 8.97943e-07 4.4972e-07 5.88688e-08 4.75018e-08 0 7.3222e-09 7.50353e-07 1.87748e-07 
scan 750 0 37 2.54271e-06 9.05346e-07 4.49767e-07 5.71623e-08 5.65297e-08 0 3.1907e-09 7.62814e-07 1.70301e-07 
scan 750 0 38 3.46763e-06 1.19974e-06 5.29326e-07 8.21773e-08 6.85486e-08 0 6.12796e-09 1.04029e-06 2.55931e-07 
scan 750 0 39 7.15539e-06 2.34639e-06 7.59253e-07 1.72961e-07 1.36903e-07 0 1.57754e-08 2.14662e-06 5.21735e-07 
scan 750 0 40 8.62413e-07 9.02688e-07 2.60039e-07 1.20189e-08 2.10815e-08 0 2.17255e-09 8.62413e-07 5.36121e-08 
scan 750 0 41 9.81515e-06 9.8836e-06 8.85758e-07 2.44436e-07 1.5998e-07 0 2.99268e-08 9.81515e-06 6.90966e-07 
scan 750 0 42 1.72824e-05 1.73787e-05 1.18283e-06 3.6383e-07 3.61653e-07 0 3.72985e-08 1.72824e-05 1.29346e-06 
scan 750 0 43 2.79518e-05 2.80782e-05 1.50003e-06 6.24686e-07 5.31457e-07 0 7.33812e-08 2.79518e-05 2.03775e-06 
scan 750 0 44 0.000249189 0.000249988 4.47593e-06 5.52913e-06 4.90198e-06 0 6.06427e-07 0.000249189 1.79979e-05 
scan 750 0 45 0 0 0 0 0 0 0 0 0 
scan 750 0 46 0 0 0 0 0 0 0 0 0 
scan 750 0 47 0 0 0 0 0 0 0 0 0 
scan 750 0 48 8.79519e-08 9.02516e-08 8.79519e-08 2.48766e-09 1.75904e-09 0 1.26704e-13 1.75904e-08 9.54509e-09 
scan 750 0 49 0 0 0 0 0 0 0 0 0 
scan 750 0 50 0 0 0 0 0 0 0 0 0 
scan 750 0 51 0 0 0 0 0 0 0 0 0 
scan 750 0 52 0 0 0 0 0 0 0 0 0 
scan 750 0 53 0 0 0 0 0 0 0 0 0 
scan 750 0 54 0 0 0 0 0 0 0 0 0 
scan 750 0 55 0 0 0 0 0 0 0 0 0 
scan 750 0 56 0 0 0 0 0 0 0 0 0 
scan 750 0 57 0 0 0 0 0 0 0 0 0 
scan 750 0 58 7.88052e-08 1.11588e-07 7.88052e-08 1.5761e-09 2.22895e-09 0 3.78423e-14 7.88052e-08 4.89895e-09 
scan 750 0 59 3.24341e-07 3.63707e-07 1.62364e-07 7.92746e-09 8.52091e-09 0 1.34284e-11 3.24341e-07 2.42403e-08 
scan 750 0 75 7.88051e-08 8.05612e-08 7.88051e-08 2.22894e-09 1.5761e-09 0 1.13527e-13 1.5761e-08 4.89894e-09 
scan 750 0 76 1.66757e-07 1.2369e-07 1.18092e-07 4.06376e-09 3.98799e-09 0 1.7613e-13 3.33514e-08 1.4444e-08 
scan 750 0 77 7.88052e-08 8.05613e-08 7.88052e-08 1.5761e-09 2.22895e-09 0 3.78423e-14 1.5761e-08 4.89895e-09 
scan 750 0 78 7.88052e-08 8.05613e-08 7.88052e-08 1.5761e-09 2.22895e-09 0 6.45572e-14 1.5761e-08 4.89894e-09 
scan 750 0 79 1.5761e-07 1.16358e-07 1.11447e-07 3.80505e-09 3.80505e-09 0 1.78084e-13 3.15221e-08 9.79788e-09 
scan 750 0 80 7.88053e-08 8.24661e-08 7.88053e-08 2.22895e-09 1.57611e-09 0 2.22513e-17 2.36416e-08 4.89895e-09 
scan 750 0 81 7.88051e-08 8.24659e-08 7.88051e-08 2.22894e-09 1.5761e-09 0 1.13527e-13 2.36415e-08 4.89894e-09 
scan 750 0 82 0 0 0 0 0 0 0 0 0 
scan 750 0 83 0 0 0 0 0 0 0 0 0 
scan 750 0 84 0 0 0 0 0 0 0 0 0 
scan 750 0 85 8.79519e-08 1.24786e-07 8.79519e-08 2.48766e-09 1.75904e-09 0 1.26704e-13 8.79519e-08 9.54509e-09 
scan 750 0 86 3.33514e-07 3.74287e-07 1.67007e-07 6.67027e-09 9.43319e-09 0 6.62817e-13 3.33514e-07 2.8888e-08 
scan 750 0 87 2.36416e-07 2.73504e-07 1.36495e-07 5.38115e-09 6.034e-09 0 1.89211e-13 2.36416e-07 1.46968e-08 
scan 750 0 88 7.88051e-08 1.11588e-07 7.88051e-08 2.22894e-09 1.5761e-09 0 1.13527e-13 7.88051e-08 4.89894e-09 
scan 750 0 89 2.58569e-06 2.63418e-06 4.57591e-07 6.2497e-08 6.29637e-08 0 5.27012e-11 2.58569e-06 1.89283e-07 
scan 750 0 90 6.69845e-08 6.86776e-08 6.69845e-08 2.41516e-09 0 1.33969e-09 5.02384e-09 1.33969e-08 4.16411e-09 
scan 750 0 91 3.88137e-07 1.94371e-07 1.74358e-07 6.71493e-09 9.14992e-09 1.01153e-08 1.03724e-08 7.76274e-08 3.1856e-08 
scan 750 0 92 7.56531e-08 7.73538e-08 7.56531e-08 0 2.13979e-09 1.51306e-09 1.51306e-09 1.51306e-08 4.70299e-09 
scan 750 0 93 7.84192e-08 8.02474e-08 7.84192e-08 1.56838e-09 1.56838e-09 3.92096e-09 1.92127e-10 1.56838e-08 4.87495e-09 
scan 750 0 94 1.56838e-07 1.1588e-07 1.10901e-07 3.13677e-09 3.13677e-09 5.48934e-09 3.84254e-10 3.13677e-08 9.74989e-09 
scan 750 0 95 0 0 0 0 0 0 0 0 0 
scan 750 0 96 6.93487e-08 7.26894e-08 6.93487e-08 1.96148e-09 0 1.38697e-09 4.16092e-09 2.08046e-08 4.31108e-09 
scan 750 0 97 1.55817e-07 1.20722e-07 1.10182e-07 3.11634e-09 5.43828e-09 3.11634e-09 4.836e-09 4.67451e-08 1.32747e-08 
scan 750 0 98 0 0 0 0 0 0 0 0 0 
scan 750 0 99 0 0 0 0 0 0 0 0 0 
scan 750 0 100 0 0 0 0 0 0 0 0 0 
scan 750 0 101 0 0 0 0 0 0 0 0 0 
scan 750 0 102 6.93487e-08 9.82861e-08 6.93487e-08 1.38697e-09 1.38697e-09 1.38697e-09 4.16092e-09 6.93487e-08 4.31108e-09 
scan 750 0 103 6.4954e-07 6.87256e-07 2.16896e-07 1.3937e-08 9.87902e-09 1.53434e-08 3.02419e-08 6.4954e-07 4.39671e-08 
scan 750 0 104 1.23181e-06 1.27267e-06 2.99923e-07 2.56986e-08 2.05842e-08 3.31979e-08 5.49795e-08 1.23181e-06 8.45679e-08 
scan 750 0 120 3.80041e-07 1.89584e-07 1.70616e-07 6.66226e-09 8.92103e-09 7.60081e-09 1.03651e-08 7.60081e-08 2.76768e-08 
scan 750 0 121 1.56838e-07 1.15792e-07 1.10901e-07 3.13677e-09 3.13677e-09 3.13677e-09 3.84254e-10 3.13677e-08 9.74989e-09 
scan 750 0 122 4.62099e-07 2.12662e-07 1.88681e-07 4.70279e-09 1.11222e-08 9.24197e-09 5.174e-09 9.24197e-08 2.87265e-08 
scan 750 0 123 2.23421e-07 1.37668e-07 1.2916e-07 3.52986e-09 3.70818e-09 4.46842e-09 5.86611e-09 4.46842e-08 1.3889e-08 
scan 750 0 124 1.16021e-06 3.90015e-07 2.99973e-07 9.98544e-09 2.75305e-08 2.55567e-08 1.8937e-08 2.32041e-07 8.00965e-08 
scan 750 0 125 2.23303e-07 1.46374e-07 1.29088e-07 3.5275e-09 3.70581e-09 4.46606e-09 5.92455e-09 6.69908e-08 1.38817e-08 
scan 750 0 126 1.40273e-07 1.087e-07 9.94946e-08 1.82774e-09 2.13979e-09 2.80547e-09 7.3289e-09 4.2082e-08 8.72013e-09 
scan 750 0 127 1.4765e-07 1.14147e-07 1.04596e-07 3.5275e-09 1.56602e-09 2.95299e-09 4.41148e-09 4.42949e-08 9.17868e-09 
scan 750 0 128 1.5672e-07 1.20895e-07 1.10818e-07 3.1344e-09 3.1344e-09 3.1344e-09 4.4269e-10 4.7016e-08 9.74255e-09 
scan 750 0 129 4.74085e-07 2.43247e-07 1.93792e-07 6.45557e-09 1.07352e-08 9.4817e-09 3.81693e-09 1.42225e-07 3.35292e-08 
scan 750 0 130 7.84192e-08 1.11042e-07 7.84192e-08 1.56838e-09 1.56838e-09 1.56838e-09 1.92127e-10 7.84192e-08 4.87495e-09 
scan 750 0 131 3.16807e-07 3.55217e-07 1.58534e-07 3.1344e-09 7.66235e-09 6.33615e-09 3.64443e-09 3.16807e-07 2.36089e-08 
scan 750 0 132 9.36444e-07 9.78871e-07 2.71266e-07 2.16527e-08 1.30728e-08 2.13545e-08 2.41454e-08 9.36444e-07 7.74411e-08 
scan 750 0 133 1.07568e-06 1.11652e-06 2.88085e-07 1.80843e-08 2.07145e-08 2.15137e-08 1.63258e-08 1.07568e-06 7.09278e-08 
scan 750 0 134 7.17713e-06 7.24056e-06 7.4595e-07 1.21776e-07 1.26302e-07 1.5781e-07 1.55145e-07 7.17713e-06 5.27553e-07 
scan 750 0 135 8.75212e-08 8.98099e-08 8.75212e-08 1.75042e-09 1.75042e-09 1.75042e-09 2.14427e-10 1.75042e-08 9.49835e-09 
scan 750 0 136 2.53462e-07 1.57119e-07 1.46525e-07 5.06923e-09 5.06923e-09 5.06923e-09 6.20981e-10 5.06923e-08 2.38716e-08 
scan 750 0 137 0 0 0 0 0 0 0 0 0 
scan 750 0 138 7.84192e-08 8.01669e-08 7.84192e-08 1.56838e-09 1.56838e-09 1.56838e-09 1.92127e-10 1.56838e-08 4.87495e-09 
scan 750 0 139 7.84192e-08 8.01669e-08 7.84192e-08 1.56838e-09 1.56838e-09 1.56838e-09 1.92127e-10 1.56838e-08 4.87495e-09 
scan 750 0 140 0 0 0 0 0 0 0 0 0 
scan 750 0 141 0 0 0 0 0 0 0 0 0 
scan 750 0 142 0 0 0 0 0 0 0 0 0 
scan 750 0 143 0 0 0 0 0 0 0 0 0 
scan 750 0 144 0 0 0 0 0 0 0 0 0 
scan 750 0 145 0 0 0 0 0 0 0 0 0 
scan 750 0 146 8.75212e-08 1.24175e-07 8.75212e-08 1.75042e-09 1.75042e-09 1.75042e-09 2.14427e-10 8.75212e-08 9.49835e-09 
scan 750 0 147 0 0 0 0 0 0 0 0 0 
scan 750 0 148 7.47593e-08 1.06271e-07 7.47593e-08 1.49519e-09 3.73797e-09 1.49519e-09 5.60695e-09 7.47593e-08 8.11335e-09 
scan 750 0 149 6.18283e-07 6.57402e-07 2.18761e-07 1.30591e-08 1.23657e-08 1.47182e-08 5.50581e-09 6.18283e-07 3.84357e-08 
scan 750 0 165 1.56838e-07 1.15792e-07 1.10901e-07 3.13677e-09 3.13677e-09 3.13677e-09 3.84254e-10 3.13677e-08 9.74989e-09 
scan 750 0 166 7.84192e-08 8.01669e-08 7.84192e-08 1.56838e-09 1.56838e-09 1.56838e-09 1.92127e-10 1.56838e-08 4.87495e-09 
scan 750 0 167 7.84192e-08 8.01669e-08 7.84192e-08 1.56838e-09 1.56838e-09 1.56838e-09 1.92127e-10 1.56838e-08 4.87495e-09 
scan 750 0 168 0 0 0 0 0 0 0 0 0 
scan 750 0 169 2.44109e-07 1.50807e-07 1.41129e-07 4.88219e-09 4.88219e-09 4.88219e-09 7.22336e-10 4.88219e-08 1.92266e-08 
scan 750 0 170 0 0 0 0 0 0 0 0 0 
scan 750 0 171 0 0 0 0 0 0 0 0 0 
scan 750 0 172 0 0 0 0 0 0 0 0 0 
scan 750 0 173 7.84192e-08 8.20622e-08 7.84192e-08 1.56838e-09 1.56838e-09 1.56838e-09 1.92127e-10 2.35258e-08 4.87495e-09 
scan 750 0 174 7.84192e-08 8.20622e-08 7.84192e-08 1.56838e-09 1.56838e-09 1.56838e-09 1.92127e-10 2.35258e-08 4.87495e-09 
scan 750 0 175 7.84192e-08 1.11042e-07 7.84192e-08 1.56838e-09 1.56838e-09 1.56838e-09 1.92127e-10 7.84192e-08 4.87495e-09 
scan 750 0 176 3.13677e-07 3.51412e-07 1.56838e-07 6.27353e-09 6.27353e-09 6.27353e-09 7.68508e-10 3.13677e-07 1.94998e-08 
scan 750 0 177 5.76122e-07 6.18207e-07 2.18082e-07 1.15224e-08 1.15224e-08 1.15224e-08 1.47022e-09 5.76122e-07 4.79875e-08 
scan 750 0 178 2.4436e-07 2.83093e-07 1.41277e-07 4.88719e-09 4.88719e-09 7.23977e-09 5.98681e-10 2.4436e-07 1.92482e-08 
scan 750 0 179 4.38508e-06 4.43873e-06 5.92039e-07 8.77016e-08 8.77016e-08 9.50294e-08 1.91502e-08 4.38508e-06 3.13163e-07 
