xsec 750 700 0.00112965
scan 750 700 0 5.50032e-08 3.42335e-08 3.1812e-08 1.52799e-09 1.74676e-09 0 1.83801e-13 1.10006e-08 5.79052e-09 
scan 750 700 1 8.51217e-08 4.23652e-08 3.81136e-08 2.36781e-09 5.8089e-10 0 5.72844e-10 1.70243e-08 6.78653e-09 
scan 750 700 2 1.1839e-07 5.16081e-08 4.47904e-08 3.29952e-09 1.81987e-09 0 7.28846e-10 2.36781e-08 9.04608e-09 
scan 750 700 3 8.31353e-08 4.12053e-08 3.71819e-08 2.16079e-09 1.48536e-09 0 4.1157e-10 1.66271e-08 5.64641e-09 
scan 750 700 4 2.40243e-07 8.28925e-08 6.43208e-08 5.05959e-09 4.76044e-09 0 8.94302e-10 4.80487e-08 1.93975e-08 
scan 750 700 5 3.33227e-08 2.57093e-08 2.35632e-08 5.73442e-10 5.8089e-10 0 1.32603e-10 9.99681e-09 2.26322e-09 
scan 750 700 6 1.67957e-08 1.75819e-08 1.67957e-08 4.75053e-10 3.35913e-10 0 2.41958e-14 5.0387e-09 1.14073e-09 
scan 750 700 7 0 0 0 0 0 0 0 0 0 
scan 750 700 8 3.58422e-08 2.78231e-08 2.53966e-08 0 1.24161e-09 0 2.86738e-11 1.07527e-08 3.4601e-09 
scan 750 700 9 7.32477e-08 4.35402e-08 3.66685e-08 1.54227e-09 1.24161e-09 0 4.2126e-10 2.19743e-08 8.01227e-09 
scan 750 700 10 1.67955e-08 2.37899e-08 1.67955e-08 6.05572e-10 3.35911e-10 0 8.8882e-14 1.67955e-08 1.14072e-09 
scan 750 700 11 1.85019e-07 1.93816e-07 5.58267e-08 5.00422e-09 2.40077e-09 0 1.00443e-09 1.85019e-07 1.35788e-08 
scan 750 700 12 2.87477e-07 2.9672e-07 6.97934e-08 6.67036e-09 4.15939e-09 0 1.31551e-09 2.87477e-07 2.15649e-08 
scan 750 700 13 3.72739e-07 3.82352e-07 7.95604e-08 9.63157e-09 5.28768e-09 0 1.81462e-09 3.72739e-07 2.83758e-08 
scan 750 700 14 3.00756e-06 3.0274e-06 2.27723e-07 6.0673e-08 5.43942e-08 0 1.40811e-08 3.00756e-06 2.47004e-07 
scan 750 700 15 4.95541e-08 3.04958e-08 2.86121e-08 1.13571e-09 5.8089e-10 0 4.06233e-10 9.91081e-09 3.36563e-09 
scan 750 700 16 8.56812e-08 4.2693e-08 3.83821e-08 2.73319e-09 1.19303e-09 0 2.97336e-10 1.71362e-08 6.8467e-09 
scan 750 700 17 8.5776e-08 4.27225e-08 3.84227e-08 2.02314e-09 1.86744e-09 0 2.51877e-10 1.71552e-08 6.85316e-09 
scan 750 700 18 1.56363e-07 6.25606e-08 5.22363e-08 4.00395e-09 1.78195e-09 0 8.47809e-10 3.12725e-08 1.36856e-08 
scan 750 700 19 5.12949e-07 1.45615e-07 9.37894e-08 1.20042e-08 7.49611e-09 0 2.34538e-09 1.0259e-07 4.0948e-08 
scan 750 700 20 3.81772e-08 2.9717e-08 2.69954e-08 3.82076e-10 1.20106e-09 0 1.53261e-11 1.14532e-08 4.64608e-09 
scan 750 700 21 1.65539e-08 1.73292e-08 1.65539e-08 5.73442e-10 0 0 1.19188e-10 4.96616e-09 1.12431e-09 
scan 750 700 22 3.28658e-08 2.53713e-08 2.32397e-08 1.13851e-09 0 0 3.54951e-10 9.85975e-09 2.23219e-09 
scan 750 700 23 4.92081e-08 3.22469e-08 2.84104e-08 1.81231e-09 0 0 5.75571e-10 1.47624e-08 3.34213e-09 
scan 750 700 24 1.02126e-07 5.25111e-08 4.17546e-08 2.81091e-09 1.9427e-09 0 4.70357e-10 3.06378e-08 7.96215e-09 
scan 750 700 25 1.67688e-08 2.37492e-08 1.67688e-08 0 5.8089e-10 0 1.34151e-11 1.67688e-08 1.13891e-09 
scan 750 700 26 4.95406e-08 5.7334e-08 2.86023e-08 1.82483e-09 0 0 4.16069e-10 4.95406e-08 3.36471e-09 
scan 750 700 27 2.23404e-07 2.32661e-07 6.2067e-08 4.60472e-09 3.84141e-09 0 9.17324e-10 2.23404e-07 1.8239e-08 
scan 750 700 28 4.30043e-07 4.40194e-07 8.61646e-08 1.10271e-08 5.92197e-09 0 1.82121e-09 4.30043e-07 3.53495e-08 
scan 750 700 29 3.08563e-06 3.10537e-06 2.30339e-07 6.16594e-08 5.53004e-08 0 1.35831e-08 3.08563e-06 2.49256e-07 
scan 750 700 30 1.26963e-06 3.12862e-07 1.47791e-07 2.66527e-08 2.71868e-08 0 2.73406e-09 2.53926e-07 1.00524e-07 
scan 750 700 31 2.10895e-06 4.98984e-07 1.9124e-07 4.79741e-08 4.4204e-08 0 4.60734e-09 4.21791e-07 1.73863e-07 
scan 750 700 32 2.53795e-06 5.92597e-07 2.09658e-07 6.08976e-08 5.01557e-08 0 5.7964e-09 5.0759e-07 2.0811e-07 
scan 750 700 33 2.45365e-06 5.74554e-07 2.06247e-07 5.83076e-08 4.84789e-08 0 5.95803e-09 4.90731e-07 2.02416e-07 
scan 750 700 34 1.39171e-05 3.0645e-06 4.89386e-07 3.13477e-07 2.94479e-07 0 3.05117e-08 2.78342e-06 1.10379e-06 
scan 750 700 35 4.9818e-07 1.80936e-07 9.26487e-08 1.21396e-08 8.42036e-09 0 1.35222e-09 1.49454e-07 3.99687e-08 
scan 750 700 36 6.22118e-07 2.20567e-07 1.03857e-07 1.6226e-08 1.08918e-08 0 1.62143e-09 1.86636e-07 5.14406e-08 
scan 750 700 37 1.0561e-06 3.57134e-07 1.35449e-07 2.66956e-08 1.8489e-08 0 2.63918e-09 3.1683e-07 8.80673e-08 
scan 750 700 38 7.35337e-07 2.55011e-07 1.12284e-07 1.71726e-08 1.40971e-08 0 1.49503e-09 2.20601e-07 5.71188e-08 
scan 750 700 39 4.71821e-06 1.50234e-06 2.86027e-07 1.05809e-07 1.03041e-07 0 8.39907e-09 1.41546e-06 3.87019e-07 
scan 750 700 40 4.33759e-07 4.44075e-07 8.69099e-08 9.0243e-09 8.8458e-09 0 1.12633e-09 4.33759e-07 3.66191e-08 
scan 750 700 41 3.02951e-06 3.04926e-06 2.28696e-07 6.43781e-08 6.13686e-08 0 7.00717e-09 3.02951e-06 2.44553e-07 
scan 750 700 42 5.32613e-06 5.35348e-06 3.02436e-07 1.18099e-07 1.00314e-07 0 1.42188e-08 5.32613e-06 4.20013e-07 
scan 750 700 43 7.8502e-06 7.88718e-06 3.67749e-07 1.7235e-07 1.56592e-07 0 1.74774e-08 7.8502e-06 6.26244e-07 
scan 750 700 44 9.03386e-05 9.06757e-05 1.24768e-06 2.0095e-06 1.79575e-06 0 2.09977e-07 9.03386e-05 7.22302e-06 
scan 750 700 45 1.67957e-08 1.71761e-08 1.67957e-08 4.75053e-10 3.35913e-10 0 2.41958e-14 3.35913e-09 1.14073e-09 
scan 750 700 46 0 0 0 0 0 0 0 0 0 
scan 750 700 47 0 0 0 0 0 0 0 0 0 
scan 750 700 48 3.35914e-08 2.4817e-08 2.37527e-08 6.71828e-10 9.50108e-10 0 1.61306e-14 6.71828e-09 2.28147e-09 
scan 750 700 49 1.67745e-08 1.71545e-08 1.67745e-08 4.74456e-10 3.35491e-10 0 1.0568e-11 3.35491e-09 1.1393e-09 
scan 750 700 50 1.67957e-08 1.75819e-08 1.67957e-08 4.75053e-10 3.35913e-10 0 2.41958e-14 5.0387e-09 1.14073e-09 
scan 750 700 51 0 0 0 0 0 0 0 0 0 
scan 750 700 52 0 0 0 0 0 0 0 0 0 
scan 750 700 53 1.67957e-08 1.75819e-08 1.67957e-08 3.35914e-10 4.75054e-10 0 8.06529e-15 5.03871e-09 1.14073e-09 
scan 750 700 54 0 0 0 0 0 0 0 0 0 
scan 750 700 55 0 0 0 0 0 0 0 0 0 
scan 750 700 56 8.62597e-08 9.48444e-08 3.8632e-08 2.30172e-09 3.09434e-09 0 1.3546e-11 8.62597e-08 6.88601e-09 
scan 750 700 57 1.38959e-07 1.47942e-07 4.9211e-08 3.62438e-09 3.21568e-09 0 1.1524e-11 1.38959e-07 1.14927e-08 
scan 750 700 58 6.9479e-08 7.79619e-08 3.47967e-08 1.88759e-09 1.82602e-09 0 6.06138e-12 6.9479e-08 5.74595e-09 
scan 750 700 59 2.39731e-07 2.48981e-07 6.41422e-08 6.02964e-09 5.80664e-09 0 1.26707e-11 2.39731e-07 1.83369e-08 
scan 750 700 75 0 0 0 0 0 0 0 0 0 
scan 750 700 76 6.71827e-08 3.65377e-08 3.35913e-08 1.62193e-09 1.62193e-09 0 7.6867e-14 1.34365e-08 4.56293e-09 
scan 750 700 77 1.67957e-08 1.71761e-08 1.67957e-08 4.75053e-10 3.35913e-10 0 2.41958e-14 3.35913e-09 1.14073e-09 
scan 750 700 78 0 0 0 0 0 0 0 0 0 
scan 750 700 79 5.03871e-08 3.10245e-08 2.9091e-08 1.14688e-09 1.28602e-09 0 4.03264e-14 1.00774e-08 3.4222e-09 
scan 750 700 80 0 0 0 0 0 0 0 0 0 
scan 750 700 81 0 0 0 0 0 0 0 0 0 
scan 750 700 82 0 0 0 0 0 0 0 0 0 
scan 750 700 83 1.91039e-08 2.0091e-08 1.91039e-08 5.4034e-10 3.82078e-10 0 2.75211e-14 5.73117e-09 2.3249e-09 
scan 750 700 84 3.82078e-08 2.97427e-08 2.7017e-08 9.22418e-10 9.22418e-10 0 3.9503e-14 1.14623e-08 4.64981e-09 
scan 750 700 85 1.67956e-08 2.3787e-08 1.67956e-08 3.35912e-10 4.75051e-10 0 5.92549e-14 1.67956e-08 1.14073e-09 
scan 750 700 86 5.26953e-08 6.10778e-08 3.0482e-08 1.05391e-09 1.49045e-09 0 2.53043e-14 5.26953e-08 4.60638e-09 
scan 750 700 87 8.39714e-08 9.22077e-08 3.75532e-08 1.81857e-09 2.23593e-09 0 3.57648e-12 8.39714e-08 5.70319e-09 
scan 750 700 88 1.17569e-07 1.26005e-07 4.44371e-08 2.49052e-09 3.18623e-09 0 2.98406e-13 1.17569e-07 7.98511e-09 
scan 750 700 89 9.56693e-07 9.6846e-07 1.27971e-07 2.23913e-08 2.38019e-08 0 1.23571e-11 9.56693e-07 7.21687e-08 
scan 750 700 90 1.00489e-07 4.68028e-08 4.11239e-08 1.52424e-09 2.31882e-09 2.49349e-09 2.21544e-09 2.00977e-08 8.7515e-09 
scan 750 700 91 1.27514e-07 5.33091e-08 4.52689e-08 2.15469e-09 3.35344e-09 4.01748e-09 4.05111e-09 2.55028e-08 9.6829e-09 
scan 750 700 92 6.33232e-08 3.45374e-08 3.17117e-08 1.08658e-09 1.09609e-09 1.71995e-09 1.72452e-09 1.26646e-08 4.3008e-09 
scan 750 700 93 1.42764e-08 1.46424e-08 1.42764e-08 5.14741e-10 0 2.85527e-10 1.07073e-09 2.85527e-09 9.69625e-10 
scan 750 700 94 6.66279e-08 3.65441e-08 3.34539e-08 1.13252e-09 1.17053e-09 1.90287e-09 1.29681e-09 1.33256e-08 5.54762e-09 
scan 750 700 95 1.42764e-08 1.49864e-08 1.42764e-08 5.14741e-10 0 2.85527e-10 1.07073e-09 4.28291e-09 9.69625e-10 
scan 750 700 96 4.82071e-08 3.16473e-08 2.78771e-08 1.08658e-09 6.68537e-10 1.40755e-09 9.68709e-10 1.44621e-08 3.27414e-09 
scan 750 700 97 0 0 0 0 0 0 0 0 0 
scan 750 700 98 0 0 0 0 0 0 0 0 0 
scan 750 700 99 2.95605e-08 2.29063e-08 2.09024e-08 7.39011e-10 1.03462e-09 5.91209e-10 1.77363e-09 8.86814e-09 2.0077e-09 
scan 750 700 100 0 0 0 0 0 0 0 0 0 
scan 750 700 101 4.46766e-08 5.17798e-08 2.58479e-08 6.85149e-10 7.51657e-10 8.93532e-10 2.44881e-09 4.46766e-08 3.03436e-09 
scan 750 700 102 8.17985e-08 8.98655e-08 3.65871e-08 6.68537e-10 2.03669e-09 3.1048e-09 1.04933e-09 8.17985e-08 5.55561e-09 
scan 750 700 103 1.25819e-07 1.33978e-07 4.4555e-08 2.42702e-09 1.88837e-09 3.51918e-09 4.82931e-09 1.25819e-07 9.44952e-09 
scan 750 700 104 3.12535e-07 3.22194e-07 7.20602e-08 5.63547e-09 5.77883e-09 1.07489e-08 8.0901e-09 3.12535e-07 2.63011e-08 
scan 750 700 120 1.13777e-07 4.98051e-08 4.31954e-08 2.1896e-09 1.83806e-09 2.27554e-09 2.64314e-09 2.27554e-08 8.74989e-09 
scan 750 700 121 7.80782e-08 3.88622e-08 3.50136e-08 1.47563e-09 1.12408e-09 1.56156e-09 2.54316e-09 1.56156e-08 5.30294e-09 
scan 750 700 122 7.14188e-08 3.92184e-08 3.57823e-08 1.42838e-09 1.42838e-09 1.42838e-09 1.89212e-10 1.42838e-08 6.89384e-09 
scan 750 700 123 3.04859e-08 2.26524e-08 2.16569e-08 7.23813e-10 3.34268e-10 6.09718e-10 1.28047e-09 6.09718e-09 2.07055e-09 
scan 750 700 124 2.59738e-07 8.65868e-08 6.51889e-08 5.49646e-09 4.65322e-09 5.19475e-09 6.905e-09 5.19475e-08 2.05574e-08 
scan 750 700 125 0 0 0 0 0 0 0 0 0 
scan 750 700 126 3.22478e-08 2.49001e-08 2.28026e-08 0 9.12105e-10 6.44955e-10 6.44955e-10 9.67433e-09 2.19021e-09 
scan 750 700 127 6.68033e-08 3.92847e-08 3.34016e-08 1.33607e-09 1.33607e-09 1.33607e-09 1.887e-10 2.0041e-08 4.53716e-09 
scan 750 700 128 1.61239e-08 1.68817e-08 1.61239e-08 0 4.56052e-10 3.22478e-10 3.22478e-10 4.83716e-09 1.09511e-09 
scan 750 700 129 6.32828e-08 3.74266e-08 3.16729e-08 1.1954e-09 7.90321e-10 1.26566e-09 2.66011e-09 1.89848e-08 5.14053e-09 
scan 750 700 130 0 0 0 0 0 0 0 0 0 
scan 750 700 131 8.16339e-08 8.9662e-08 3.65487e-08 1.75512e-09 1.33707e-09 1.63268e-09 1.05061e-09 8.16339e-08 5.54443e-09 
scan 750 700 132 1.87618e-07 1.96833e-07 5.67102e-08 3.3248e-09 3.40603e-09 4.19577e-09 2.89512e-09 1.87618e-07 1.66778e-08 
scan 750 700 133 4.14038e-07 4.24072e-07 8.30876e-08 7.69454e-09 6.77942e-09 9.26883e-09 9.74957e-09 4.14038e-07 3.4921e-08 
scan 750 700 134 2.60427e-06 2.62294e-06 2.07115e-07 4.35827e-08 4.62479e-08 5.54664e-08 6.35083e-08 2.60427e-06 2.08731e-07 
scan 750 700 135 1.05213e-07 4.92635e-08 4.31332e-08 2.10426e-09 2.54766e-09 2.67457e-09 1.12089e-09 2.10426e-08 1.0213e-08 
scan 750 700 136 1.34435e-07 5.62692e-08 4.77184e-08 2.6887e-09 2.6887e-09 4.77412e-09 2.03057e-09 2.6887e-08 1.11753e-08 
scan 750 700 137 3.57237e-08 2.6574e-08 2.53127e-08 7.14475e-10 7.14475e-10 1.21588e-09 8.75232e-11 7.14475e-09 3.44866e-09 
scan 750 700 138 3.14936e-08 2.33258e-08 2.23113e-08 6.29873e-10 6.29873e-10 6.29873e-10 9.27761e-10 6.29873e-09 2.13899e-09 
scan 750 700 139 6.49205e-08 3.54045e-08 3.25034e-08 1.29841e-09 1.74182e-09 1.79981e-09 1.00966e-09 1.29841e-08 4.40929e-09 
scan 750 700 140 0 0 0 0 0 0 0 0 0 
scan 750 700 141 5.24372e-08 3.45423e-08 3.03326e-08 1.04874e-09 1.04874e-09 1.55015e-09 1.28471e-10 1.57311e-08 4.58381e-09 
scan 750 700 142 3.34268e-08 2.58019e-08 2.36363e-08 6.68537e-10 6.68537e-10 6.68537e-10 8.18957e-11 1.0028e-08 2.27029e-09 
scan 750 700 143 0 0 0 0 0 0 0 0 0 
scan 750 700 144 0 0 0 0 0 0 0 0 0 
scan 750 700 145 0 0 0 0 0 0 0 0 0 
scan 750 700 146 5.0115e-08 5.7994e-08 2.89339e-08 1.0023e-09 1.0023e-09 1.0023e-09 1.35298e-10 5.0115e-08 3.40373e-09 
scan 750 700 147 6.72174e-08 7.54703e-08 3.3742e-08 1.34435e-09 1.78775e-09 1.34435e-09 1.01528e-09 6.72174e-08 5.58766e-09 
scan 750 700 148 8.16087e-08 8.96475e-08 3.65372e-08 1.63217e-09 1.63217e-09 2.13358e-09 1.06306e-09 8.16087e-08 5.54272e-09 
scan 750 700 149 2.60144e-07 2.69133e-07 6.51946e-08 5.49848e-09 5.64628e-09 5.20287e-09 5.85786e-09 2.60144e-07 1.9595e-08 
scan 750 700 165 1.67134e-08 1.7092e-08 1.67134e-08 3.34268e-10 3.34268e-10 3.34268e-10 4.09479e-11 3.34268e-09 1.13515e-09 
scan 750 700 166 0 0 0 0 0 0 0 0 0 
scan 750 700 167 6.91254e-08 3.77909e-08 3.46203e-08 1.38251e-09 1.38251e-09 1.38251e-09 1.81873e-10 1.38251e-08 5.71724e-09 
scan 750 700 168 6.68537e-08 3.63612e-08 3.34268e-08 1.33707e-09 1.33707e-09 1.33707e-09 1.63791e-10 1.33707e-08 4.54058e-09 
scan 750 700 169 3.23892e-07 1.02751e-07 7.43987e-08 6.64021e-09 6.47783e-09 7.96703e-09 2.0109e-09 6.47783e-08 2.5937e-08 
scan 750 700 170 1.68115e-08 1.77089e-08 1.68115e-08 3.36229e-10 3.36229e-10 3.36229e-10 1.00869e-09 5.04344e-09 2.04592e-09 
scan 750 700 171 3.34268e-08 2.58019e-08 2.36363e-08 6.68537e-10 6.68537e-10 6.68537e-10 8.18957e-11 1.0028e-08 2.27029e-09 
scan 750 700 172 3.34268e-08 2.58019e-08 2.36363e-08 6.68537e-10 6.68537e-10 6.68537e-10 8.18957e-11 1.0028e-08 2.27029e-09 
scan 750 700 173 0 0 0 0 0 0 0 0 0 
scan 750 700 174 6.91002e-08 4.08616e-08 3.46082e-08 1.382e-09 1.382e-09 2.38405e-09 1.94328e-10 2.07301e-08 5.71553e-09 
scan 750 700 175 0 0 0 0 0 0 0 0 0 
scan 750 700 176 1.21534e-07 1.3043e-07 4.60168e-08 2.43068e-09 2.43068e-09 2.43068e-09 3.2451e-10 1.21534e-07 1.02976e-08 
scan 750 700 177 2.38531e-07 2.47733e-07 6.38213e-08 4.77062e-09 4.77062e-09 4.77062e-09 6.09434e-10 2.38531e-07 1.82454e-08 
scan 750 700 178 1.71699e-07 1.80722e-07 5.43728e-08 3.43399e-09 3.43399e-09 3.43399e-09 4.349e-10 1.71699e-07 1.37047e-08 
scan 750 700 179 1.35176e-06 1.36587e-06 1.52453e-07 2.71831e-08 2.70353e-08 3.11146e-08 9.68416e-09 1.35176e-06 1.12135e-07 
