xsec 800 400 0.000724722
scan 800 400 0 0 0 0 0 0 0 0 0 0 
scan 800 400 1 3.50406e-07 2.15843e-07 2.02317e-07 9.65182e-09 9.09935e-09 0 1.53196e-09 7.00811e-08 2.3799e-08 
scan 800 400 2 3.62976e-07 2.24704e-07 2.09823e-07 1.35934e-08 2.35685e-09 0 2.498e-09 7.25952e-08 3.16124e-08 
scan 800 400 3 7.30778e-07 3.39414e-07 2.98782e-07 1.17259e-08 1.90664e-08 0 2.64672e-09 1.46156e-07 6.37334e-08 
scan 800 400 4 4.33227e-06 1.19482e-06 7.23053e-07 1.18027e-07 8.12774e-08 0 2.72243e-08 8.66454e-07 3.64378e-07 
scan 800 400 5 0 0 0 0 0 0 0 0 0 
scan 800 400 6 3.49288e-07 2.28835e-07 2.01669e-07 1.03743e-08 6.34603e-09 0 2.08342e-09 1.04786e-07 2.3723e-08 
scan 800 400 7 0 0 0 0 0 0 0 0 0 
scan 800 400 8 2.35215e-07 1.81864e-07 1.66322e-07 2.35685e-09 1.30885e-08 0 2.35288e-10 7.05645e-08 1.59754e-08 
scan 800 400 9 4.99294e-07 2.9623e-07 2.50074e-07 7.12677e-09 2.0295e-08 0 5.8465e-10 1.49788e-07 4.81223e-08 
scan 800 400 10 2.33095e-07 2.86033e-07 1.64827e-07 4.00875e-09 6.74253e-09 0 1.27625e-09 2.33095e-07 1.58314e-08 
scan 800 400 11 3.65955e-07 4.24193e-07 2.11673e-07 1.27648e-08 5.00464e-09 0 1.04232e-09 3.65955e-07 3.19749e-08 
scan 800 400 12 1.07882e-06 1.14104e-06 3.60008e-07 2.34279e-08 1.79171e-08 0 5.32027e-09 1.07882e-06 8.72807e-08 
scan 800 400 13 2.38249e-06 2.44983e-06 5.33332e-07 6.15771e-08 2.96208e-08 0 1.59558e-08 2.38249e-06 1.89806e-07 
scan 800 400 14 1.28042e-05 1.29106e-05 1.2393e-06 3.22957e-07 2.05403e-07 0 6.1497e-08 1.28042e-05 1.02459e-06 
scan 800 400 15 1.17372e-07 1.20151e-07 1.17372e-07 0 6.74253e-09 0 2.34745e-10 2.34745e-08 7.97173e-09 
scan 800 400 16 5.83326e-07 2.88924e-07 2.60878e-07 1.28182e-08 8.15139e-09 0 2.90226e-09 1.16665e-07 3.96185e-08 
scan 800 400 17 1.5648e-06 5.53299e-07 4.34579e-07 4.57301e-08 3.0974e-08 0 5.30958e-09 3.1296e-07 1.2751e-07 
scan 800 400 18 1.18313e-06 4.53223e-07 3.74436e-07 2.84593e-08 2.7081e-08 0 4.84638e-09 2.36627e-07 8.74649e-08 
scan 800 400 19 4.276e-06 1.19333e-06 7.23984e-07 1.18867e-07 8.93168e-08 0 1.84932e-08 8.552e-07 3.82188e-07 
scan 800 400 20 0 0 0 0 0 0 0 0 0 
scan 800 400 21 2.32317e-07 1.79271e-07 1.64287e-07 4.72763e-09 4.07569e-09 0 1.64206e-09 6.96951e-08 1.57786e-08 
scan 800 400 22 2.35027e-07 1.81555e-07 1.6619e-07 0 1.08182e-08 0 3.28869e-10 7.05082e-08 1.59627e-08 
scan 800 400 23 2.33048e-07 1.79823e-07 1.64794e-07 4.77136e-09 4.06426e-09 0 1.29962e-09 6.99143e-08 1.58282e-08 
scan 800 400 24 2.37767e-06 9.11663e-07 5.32171e-07 6.49693e-08 3.78154e-08 0 1.12043e-08 7.13301e-07 1.82616e-07 
scan 800 400 25 1.3186e-07 1.87224e-07 1.3186e-07 0 4.56778e-09 0 2.63721e-10 1.3186e-07 1.60471e-08 
scan 800 400 26 7.19436e-07 7.79557e-07 2.9403e-07 1.58673e-08 1.6713e-08 0 1.07293e-09 7.19436e-07 5.59827e-08 
scan 800 400 27 1.19692e-06 1.25958e-06 3.7894e-07 2.98283e-08 1.74439e-08 0 5.22101e-09 1.19692e-06 9.53929e-08 
scan 800 400 28 1.57583e-06 1.64169e-06 4.37768e-07 3.6379e-08 2.44583e-08 0 7.0216e-09 1.57583e-06 1.35303e-07 
scan 800 400 29 9.45274e-06 9.54659e-06 1.06469e-06 2.27272e-07 1.93524e-07 0 3.6932e-08 9.45274e-06 7.47772e-07 
scan 800 400 30 1.93976e-06 6.45249e-07 4.85567e-07 4.68994e-08 4.71631e-08 0 1.93846e-09 3.87951e-07 1.60115e-07 
scan 800 400 31 2.87798e-06 8.58567e-07 5.88111e-07 7.26587e-08 6.70978e-08 0 4.16104e-09 5.75597e-07 2.23947e-07 
scan 800 400 32 4.0921e-06 1.13627e-06 7.02637e-07 1.04723e-07 9.62872e-08 0 8.08345e-09 8.1842e-07 3.27574e-07 
scan 800 400 33 5.44842e-06 1.444e-06 8.13274e-07 1.19034e-07 1.45905e-07 0 7.18362e-09 1.08968e-06 4.48111e-07 
scan 800 400 34 2.18439e-05 5.02785e-06 1.62104e-06 5.60319e-07 5.00442e-07 0 5.54233e-08 4.36878e-06 1.73143e-06 
scan 800 400 35 3.8024e-07 2.5127e-07 2.19809e-07 1.14617e-08 8.99383e-09 0 1.17067e-09 1.14072e-07 3.99368e-08 
scan 800 400 36 3.68076e-07 2.42257e-07 2.12841e-07 1.04108e-08 7.36153e-09 0 5.8222e-13 1.10423e-07 3.2119e-08 
scan 800 400 37 1.19258e-06 5.29086e-07 3.77373e-07 2.08074e-08 3.63798e-08 0 2.0094e-10 3.57774e-07 8.81065e-08 
scan 800 400 38 7.16658e-07 3.68399e-07 2.92931e-07 2.17369e-08 9.7184e-09 0 2.42239e-09 2.14997e-07 5.5794e-08 
scan 800 400 39 4.8199e-06 1.68848e-06 7.63028e-07 1.14298e-07 1.08828e-07 0 1.21684e-08 1.44597e-06 3.90976e-07 
scan 800 400 40 5.00089e-07 5.61707e-07 2.50478e-07 6.39233e-09 1.79286e-08 0 1.88906e-10 5.00089e-07 4.82049e-08 
scan 800 400 41 2.63674e-06 2.7054e-06 5.62728e-07 5.97097e-08 5.97794e-08 0 6.89955e-09 2.63674e-06 2.07306e-07 
scan 800 400 42 4.03804e-06 4.10978e-06 6.92932e-07 8.5312e-08 9.84682e-08 0 6.04781e-09 4.03804e-06 2.95514e-07 
scan 800 400 43 6.98083e-06 7.06689e-06 9.17791e-07 1.74997e-07 1.22763e-07 0 2.12303e-08 6.98083e-06 5.66055e-07 
scan 800 400 44 5.17351e-05 5.19815e-05 2.49484e-06 1.21495e-06 1.03403e-06 0 1.2211e-07 5.17351e-05 4.09467e-06 
scan 800 400 45 1.17844e-07 1.20513e-07 1.17844e-07 2.35687e-09 3.33312e-09 0 5.65885e-14 2.35687e-08 8.00373e-09 
scan 800 400 46 0 0 0 0 0 0 0 0 0 
scan 800 400 47 1.17589e-07 1.20402e-07 1.17589e-07 4.23974e-09 5.87946e-09 0 1.26996e-10 2.35178e-08 7.98645e-09 
scan 800 400 48 0 0 0 0 0 0 0 0 0 
scan 800 400 49 0 0 0 0 0 0 0 0 0 
scan 800 400 50 0 0 0 0 0 0 0 0 0 
scan 800 400 51 0 0 0 0 0 0 0 0 0 
scan 800 400 52 0 0 0 0 0 0 0 0 0 
scan 800 400 53 0 0 0 0 0 0 0 0 0 
scan 800 400 54 0 0 0 0 0 0 0 0 0 
scan 800 400 55 0 0 0 0 0 0 0 0 0 
scan 800 400 56 0 0 0 0 0 0 0 0 0 
scan 800 400 57 0 0 0 0 0 0 0 0 0 
scan 800 400 58 0 0 0 0 0 0 0 0 0 
scan 800 400 59 2.35648e-07 2.89189e-07 1.66628e-07 5.891e-09 6.66512e-09 0 1.98477e-11 2.35648e-07 1.60048e-08 
scan 800 400 75 1.17844e-07 1.20513e-07 1.17844e-07 2.35687e-09 3.33312e-09 0 9.65374e-14 2.35687e-08 8.00373e-09 
scan 800 400 76 0 0 0 0 0 0 0 0 0 
scan 800 400 77 0 0 0 0 0 0 0 0 0 
scan 800 400 78 0 0 0 0 0 0 0 0 0 
scan 800 400 79 0 0 0 0 0 0 0 0 0 
scan 800 400 80 0 0 0 0 0 0 0 0 0 
scan 800 400 81 1.17844e-07 1.2336e-07 1.17844e-07 2.35687e-09 3.33312e-09 0 7.39115e-14 3.53531e-08 8.00373e-09 
scan 800 400 82 0 0 0 0 0 0 0 0 0 
scan 800 400 83 0 0 0 0 0 0 0 0 0 
scan 800 400 84 0 0 0 0 0 0 0 0 0 
scan 800 400 85 0 0 0 0 0 0 0 0 0 
scan 800 400 86 0 0 0 0 0 0 0 0 0 
scan 800 400 87 0 0 0 0 0 0 0 0 0 
scan 800 400 88 1.17844e-07 1.66898e-07 1.17844e-07 2.35687e-09 3.33312e-09 0 7.39115e-14 1.17844e-07 8.00373e-09 
scan 800 400 89 1.17844e-07 1.66898e-07 1.17844e-07 2.35687e-09 3.33312e-09 0 5.65885e-14 1.17844e-07 8.00373e-09 
scan 800 400 90 0 0 0 0 0 0 0 0 0 
scan 800 400 91 2.20969e-07 1.63757e-07 1.56543e-07 5.27847e-09 2.34533e-09 7.53045e-09 6.50945e-09 4.41937e-08 1.50078e-08 
scan 800 400 92 0 0 0 0 0 0 0 0 0 
scan 800 400 93 3.39829e-07 2.1074e-07 1.964e-07 5.84042e-09 7.6752e-09 1.03146e-08 1.25805e-08 6.79658e-08 2.93461e-08 
scan 800 400 94 1.03702e-07 1.06234e-07 1.03702e-07 2.93315e-09 0 2.07405e-09 6.22215e-09 2.07405e-08 7.04329e-09 
scan 800 400 95 0 0 0 0 0 0 0 0 0 
scan 800 400 96 0 0 0 0 0 0 0 0 0 
scan 800 400 97 0 0 0 0 0 0 0 0 0 
scan 800 400 98 0 0 0 0 0 0 0 0 0 
scan 800 400 99 0 0 0 0 0 0 0 0 0 
scan 800 400 100 0 0 0 0 0 0 0 0 0 
scan 800 400 101 0 0 0 0 0 0 0 0 0 
scan 800 400 102 1.12532e-07 1.60022e-07 1.12532e-07 4.05738e-09 0 2.25063e-09 8.43986e-09 1.12532e-07 1.36948e-08 
scan 800 400 103 1.17266e-07 1.66168e-07 1.17266e-07 2.34533e-09 2.34533e-09 5.86331e-09 2.87302e-10 1.17266e-07 7.96452e-09 
scan 800 400 104 5.56826e-07 6.12371e-07 2.49337e-07 1.08221e-08 9.76451e-09 1.46545e-08 2.05396e-08 5.56826e-07 4.38706e-08 
scan 800 400 120 0 0 0 0 0 0 0 0 0 
scan 800 400 121 0 0 0 0 0 0 0 0 0 
scan 800 400 122 0 0 0 0 0 0 0 0 0 
scan 800 400 123 0 0 0 0 0 0 0 0 0 
scan 800 400 124 1.03702e-07 1.0634e-07 1.03702e-07 2.07405e-09 5.18512e-09 2.07405e-09 6.22215e-09 2.07405e-08 7.04329e-09 
scan 800 400 125 0 0 0 0 0 0 0 0 0 
scan 800 400 126 0 0 0 0 0 0 0 0 0 
scan 800 400 127 0 0 0 0 0 0 0 0 0 
scan 800 400 128 0 0 0 0 0 0 0 0 0 
scan 800 400 129 0 0 0 0 0 0 0 0 0 
scan 800 400 130 0 0 0 0 0 0 0 0 0 
scan 800 400 131 0 0 0 0 0 0 0 0 0 
scan 800 400 132 0 0 0 0 0 0 0 0 0 
scan 800 400 133 1.03702e-07 1.47002e-07 1.03702e-07 2.93315e-09 0 2.07405e-09 6.22215e-09 1.03702e-07 7.04329e-09 
scan 800 400 134 5.67076e-07 6.23731e-07 2.54291e-07 5.27494e-09 1.48478e-08 1.47354e-08 1.67043e-08 5.67076e-07 4.53499e-08 
scan 800 400 135 0 0 0 0 0 0 0 0 0 
scan 800 400 136 0 0 0 0 0 0 0 0 0 
scan 800 400 137 0 0 0 0 0 0 0 0 0 
scan 800 400 138 0 0 0 0 0 0 0 0 0 
scan 800 400 139 0 0 0 0 0 0 0 0 0 
scan 800 400 140 0 0 0 0 0 0 0 0 0 
scan 800 400 141 1.17266e-07 1.22874e-07 1.17266e-07 2.34533e-09 2.34533e-09 5.86331e-09 2.87302e-10 3.51799e-08 7.96452e-09 
scan 800 400 142 0 0 0 0 0 0 0 0 0 
scan 800 400 143 0 0 0 0 0 0 0 0 0 
scan 800 400 144 0 0 0 0 0 0 0 0 0 
scan 800 400 145 0 0 0 0 0 0 0 0 0 
scan 800 400 146 0 0 0 0 0 0 0 0 0 
scan 800 400 147 0 0 0 0 0 0 0 0 0 
scan 800 400 148 4.41937e-07 4.95866e-07 2.21385e-07 9.87577e-09 1.19498e-08 1.58747e-08 1.30189e-08 4.41937e-07 3.00156e-08 
scan 800 400 149 3.38235e-07 3.91703e-07 1.95594e-07 6.7647e-09 6.7647e-09 1.02827e-08 6.79675e-09 3.38235e-07 2.29723e-08 
scan 800 400 165 0 0 0 0 0 0 0 0 0 
scan 800 400 166 0 0 0 0 0 0 0 0 0 
scan 800 400 167 0 0 0 0 0 0 0 0 0 
scan 800 400 168 1.17266e-07 1.20043e-07 1.17266e-07 2.34533e-09 2.34533e-09 5.86331e-09 2.87302e-10 2.34533e-08 7.96452e-09 
scan 800 400 169 1.03702e-07 1.0634e-07 1.03702e-07 2.07405e-09 2.07405e-09 5.18512e-09 6.22215e-09 2.07405e-08 7.04329e-09 
scan 800 400 170 0 0 0 0 0 0 0 0 0 
scan 800 400 171 0 0 0 0 0 0 0 0 0 
scan 800 400 172 0 0 0 0 0 0 0 0 0 
scan 800 400 173 0 0 0 0 0 0 0 0 0 
scan 800 400 174 0 0 0 0 0 0 0 0 0 
scan 800 400 175 0 0 0 0 0 0 0 0 0 
scan 800 400 176 0 0 0 0 0 0 0 0 0 
scan 800 400 177 2.34533e-07 2.87878e-07 1.6584e-07 4.69065e-09 4.69065e-09 8.20864e-09 5.74605e-10 2.34533e-07 1.5929e-08 
scan 800 400 178 0 0 0 0 0 0 0 0 0 
scan 800 400 179 2.34356e-07 2.87661e-07 1.65715e-07 4.68712e-09 4.68712e-09 8.1998e-09 6.61989e-10 2.34356e-07 1.5917e-08 
