xsec 800 350 0.000724722
scan 800 350 0 3.30223e-07 1.19579e-07 9.54229e-08 1.10673e-08 6.90261e-09 0 1.4399e-09 6.60447e-08 2.56801e-08 
scan 800 350 1 3.80722e-07 1.30857e-07 1.01783e-07 1.24792e-08 7.30346e-09 0 1.96011e-09 7.61444e-08 2.744e-08 
scan 800 350 2 3.57719e-07 1.25958e-07 9.92646e-08 8.66325e-09 7.85529e-09 0 1.32752e-09 7.15438e-08 2.74744e-08 
scan 800 350 3 3.04144e-07 1.13488e-07 9.18135e-08 9.12384e-09 3.51433e-09 0 2.30363e-09 6.08288e-08 2.54689e-08 
scan 800 350 4 3.13901e-06 7.48366e-07 2.9563e-07 8.01527e-08 6.56771e-08 0 1.39104e-08 6.27803e-07 2.59975e-07 
scan 800 350 5 5.41446e-08 4.18003e-08 3.8287e-08 1.91419e-09 5.4537e-10 0 1.93652e-10 1.62434e-08 3.67741e-09 
scan 800 350 6 2.45586e-07 1.12019e-07 8.1924e-08 7.669e-09 3.60484e-09 0 1.36853e-09 7.36757e-08 1.83031e-08 
scan 800 350 7 1.34271e-07 7.29891e-08 6.00497e-08 3.70819e-09 9.43107e-10 0 1.01666e-09 4.02814e-08 9.11948e-09 
scan 800 350 8 2.68761e-08 2.81349e-08 2.68761e-08 9.31015e-10 0 0 1.93508e-10 8.06283e-09 1.82538e-09 
scan 800 350 9 6.32615e-07 2.37306e-07 1.32018e-07 1.76035e-08 1.03913e-08 0 3.15011e-09 1.89785e-07 4.93909e-08 
scan 800 350 10 0 0 0 0 0 0 0 0 0 
scan 800 350 11 6.06346e-07 6.22102e-07 1.29398e-07 1.54512e-08 9.75561e-09 0 2.66844e-09 6.06346e-07 4.76539e-08 
scan 800 350 12 1.15157e-06 1.16906e-06 1.77824e-07 2.84622e-08 1.97947e-08 0 5.64656e-09 1.15157e-06 8.78726e-08 
scan 800 350 13 1.49976e-06 1.51952e-06 2.0433e-07 3.87115e-08 2.17696e-08 0 8.46203e-09 1.49976e-06 1.25986e-07 
scan 800 350 14 1.08833e-05 1.09374e-05 5.48836e-07 2.67593e-07 1.70297e-07 0 5.96951e-08 1.08833e-05 8.80568e-07 
scan 800 350 15 1.35612e-07 6.72086e-08 6.06498e-08 3.18484e-09 2.80364e-09 0 3.58914e-10 2.71224e-08 9.21054e-09 
scan 800 350 16 2.54695e-07 1.02209e-07 8.50156e-08 6.55499e-09 3.99702e-09 0 1.27127e-09 5.0939e-08 2.37402e-08 
scan 800 350 17 7.70561e-07 2.2184e-07 1.45742e-07 1.97927e-08 1.31114e-08 0 3.81787e-09 1.54112e-07 6.03599e-08 
scan 800 350 18 7.28092e-07 2.15337e-07 1.42996e-07 2.1031e-08 1.29123e-08 0 3.71373e-09 1.45618e-07 6.39885e-08 
scan 800 350 19 3.05483e-06 7.30911e-07 2.91612e-07 9.0226e-08 4.55588e-08 0 1.65256e-08 6.10966e-07 2.55782e-07 
scan 800 350 20 0 0 0 0 0 0 0 0 0 
scan 800 350 21 1.10896e-07 6.5461e-08 5.55003e-08 2.13632e-09 3.12041e-09 0 5.64187e-10 3.32687e-08 9.13436e-09 
scan 800 350 22 1.44667e-07 7.94399e-08 6.47731e-08 1.88737e-09 3.53653e-09 0 2.82299e-10 4.34001e-08 1.46774e-08 
scan 800 350 23 1.11266e-07 6.56278e-08 5.56752e-08 1.79974e-09 2.42667e-09 0 3.81395e-10 3.33799e-08 9.1537e-09 
scan 800 350 24 9.46134e-07 3.38141e-07 1.62449e-07 2.2693e-08 2.54175e-08 0 3.78005e-09 2.8384e-07 7.87957e-08 
scan 800 350 25 0 0 0 0 0 0 0 0 0 
scan 800 350 26 3.08389e-07 3.2342e-07 9.30953e-08 8.16174e-09 3.47723e-09 0 1.68583e-09 3.08389e-07 2.73645e-08 
scan 800 350 27 7.96105e-07 8.12429e-07 1.47955e-07 1.94441e-08 1.76445e-08 0 3.2234e-09 7.96105e-07 6.05666e-08 
scan 800 350 28 8.01143e-07 8.1771e-07 1.48897e-07 1.88226e-08 1.34498e-08 0 3.65308e-09 8.01143e-07 6.40365e-08 
scan 800 350 29 7.59913e-06 7.6403e-06 4.5869e-07 1.78683e-07 1.4181e-07 0 2.94277e-08 7.59913e-06 6.03392e-07 
scan 800 350 30 1.11102e-06 2.99221e-07 1.75835e-07 2.66065e-08 2.06683e-08 0 3.15481e-09 2.22203e-07 8.99766e-08 
scan 800 350 31 1.86223e-06 4.658e-07 2.27722e-07 4.54408e-08 4.00889e-08 0 4.52694e-09 3.72447e-07 1.50676e-07 
scan 800 350 32 4.0669e-06 9.50267e-07 3.36935e-07 9.65149e-08 9.34736e-08 0 7.4273e-09 8.1338e-07 3.31344e-07 
scan 800 350 33 4.46167e-06 1.03879e-06 3.53111e-07 1.09798e-07 1.03458e-07 0 9.79719e-09 8.92334e-07 3.67811e-07 
scan 800 350 34 1.93092e-05 4.26733e-06 7.32047e-07 4.74984e-07 4.44216e-07 0 4.63899e-08 3.86185e-06 1.52817e-06 
scan 800 350 35 3.6537e-07 1.53322e-07 1.01471e-07 9.88164e-09 3.93169e-09 0 1.94129e-09 1.09611e-07 3.28618e-08 
scan 800 350 36 4.69535e-07 1.85426e-07 1.13961e-07 1.0847e-08 9.3265e-09 0 1.4408e-09 1.4086e-07 3.67054e-08 
scan 800 350 37 4.93924e-07 1.92677e-07 1.16499e-07 1.33024e-08 7.95356e-09 0 1.38926e-09 1.48177e-07 3.67958e-08 
scan 800 350 38 1.03534e-06 3.66162e-07 1.70405e-07 2.41494e-08 2.20837e-08 0 1.59641e-09 3.10603e-07 8.65404e-08 
scan 800 350 39 6.0052e-06 1.92019e-06 4.09e-07 1.47034e-07 1.35214e-07 0 1.1899e-08 1.80156e-06 4.8394e-07 
scan 800 350 40 3.85435e-07 4.0026e-07 1.03084e-07 9.93578e-09 7.55376e-09 0 1.11256e-09 3.85435e-07 2.94065e-08 
scan 800 350 41 2.36555e-06 2.38844e-06 2.56837e-07 5.83913e-08 4.655e-08 0 5.69003e-09 2.36555e-06 1.92975e-07 
scan 800 350 42 3.30297e-06 3.32894e-06 3.0308e-07 7.52373e-08 6.73782e-08 0 7.93185e-09 3.30297e-06 2.64812e-07 
scan 800 350 43 5.46423e-06 5.49794e-06 3.89669e-07 1.15545e-07 1.19114e-07 0 1.29325e-08 5.46423e-06 4.35786e-07 
scan 800 350 44 5.26255e-05 5.28317e-05 1.20941e-06 1.20248e-06 1.08548e-06 0 1.23294e-07 5.26255e-05 4.20041e-06 
scan 800 350 45 5.74326e-08 4.27527e-08 4.06654e-08 1.67116e-09 2.97651e-09 0 3.48276e-11 1.14865e-08 5.52503e-09 
scan 800 350 46 5.45374e-08 4.02917e-08 3.85637e-08 1.54255e-09 1.09075e-09 0 9.0592e-14 1.09075e-08 3.70408e-09 
scan 800 350 47 3.02335e-08 3.10687e-08 3.02335e-08 6.0467e-10 8.55133e-10 0 1.45181e-14 6.0467e-09 3.67935e-09 
scan 800 350 48 0 0 0 0 0 0 0 0 0 
scan 800 350 49 2.72685e-08 2.78928e-08 2.72685e-08 9.83179e-10 5.4537e-10 0 1.44305e-13 5.4537e-09 1.85203e-09 
scan 800 350 50 0 0 0 0 0 0 0 0 0 
scan 800 350 51 0 0 0 0 0 0 0 0 0 
scan 800 350 52 0 0 0 0 0 0 0 0 0 
scan 800 350 53 0 0 0 0 0 0 0 0 0 
scan 800 350 54 2.68761e-08 2.81349e-08 2.68761e-08 7.60171e-10 5.37522e-10 0 1.93508e-10 8.06283e-09 1.82538e-09 
scan 800 350 55 0 0 0 0 0 0 0 0 0 
scan 800 350 56 2.72687e-08 3.86198e-08 2.72687e-08 5.45375e-10 7.71276e-10 0 1.7103e-14 2.72687e-08 1.85205e-09 
scan 800 350 57 5.45375e-08 6.69238e-08 3.85638e-08 1.09075e-09 1.54255e-09 0 3.01974e-14 5.45375e-08 3.70409e-09 
scan 800 350 58 0 0 0 0 0 0 0 0 0 
scan 800 350 59 1.96726e-07 2.11161e-07 7.4441e-08 5.80743e-09 6.04471e-09 0 4.21913e-11 1.96726e-07 1.66132e-08 
scan 800 350 75 0 0 0 0 0 0 0 0 0 
scan 800 350 76 0 0 0 0 0 0 0 0 0 
scan 800 350 77 2.72687e-08 2.78864e-08 2.72687e-08 5.45375e-10 7.71276e-10 0 2.23385e-14 5.45375e-09 1.85205e-09 
scan 800 350 78 2.68761e-08 2.74921e-08 2.68761e-08 9.69032e-10 5.37522e-10 0 1.93508e-10 5.37522e-09 1.82538e-09 
scan 800 350 79 0 0 0 0 0 0 0 0 0 
scan 800 350 80 0 0 0 0 0 0 0 0 0 
scan 800 350 81 0 0 0 0 0 0 0 0 0 
scan 800 350 82 0 0 0 0 0 0 0 0 0 
scan 800 350 83 0 0 0 0 0 0 0 0 0 
scan 800 350 84 0 0 0 0 0 0 0 0 0 
scan 800 350 85 0 0 0 0 0 0 0 0 0 
scan 800 350 86 0 0 0 0 0 0 0 0 0 
scan 800 350 87 5.45375e-08 6.69238e-08 3.85638e-08 1.09075e-09 1.54255e-09 0 3.94415e-14 5.45375e-08 3.70409e-09 
scan 800 350 88 5.45375e-08 6.69238e-08 3.85638e-08 1.09075e-09 1.54255e-09 0 3.42059e-14 5.45375e-08 3.70409e-09 
scan 800 350 89 3.0288e-07 3.17332e-07 9.13656e-08 7.31317e-09 8.34084e-09 0 2.06107e-11 3.0288e-07 2.2197e-08 
scan 800 350 90 1.32032e-07 6.62399e-08 5.9163e-08 1.7495e-09 2.58399e-09 4.24004e-09 4.5377e-09 2.64065e-08 1.19104e-08 
scan 800 350 91 1.97447e-07 8.27189e-08 6.99585e-08 4.2414e-09 2.7751e-09 6.13781e-09 1.02566e-08 3.94894e-08 1.48411e-08 
scan 800 350 92 1.29002e-07 6.44042e-08 5.77414e-08 1.07481e-09 3.20354e-09 3.36539e-09 4.64056e-09 2.58005e-08 1.01925e-08 
scan 800 350 93 8.43148e-08 5.22139e-08 4.87396e-08 1.6863e-09 1.6863e-09 2.58886e-09 2.26892e-10 1.6863e-08 7.3445e-09 
scan 800 350 94 2.31785e-08 2.37671e-08 2.31785e-08 6.55586e-10 0 4.63569e-10 1.73838e-09 4.63569e-09 1.57424e-09 
scan 800 350 95 0 0 0 0 0 0 0 0 0 
scan 800 350 96 2.39965e-08 2.5161e-08 2.39965e-08 6.78724e-10 0 4.7993e-10 1.43979e-09 7.19896e-09 1.6298e-09 
scan 800 350 97 4.58115e-08 3.5582e-08 3.24304e-08 1.26648e-09 4.7993e-10 9.16231e-10 3.62129e-09 1.37435e-08 3.11144e-09 
scan 800 350 98 2.39965e-08 2.51851e-08 2.39965e-08 6.78724e-10 0 1.19983e-09 1.43979e-09 7.19896e-09 1.6298e-09 
scan 800 350 99 0 0 0 0 0 0 0 0 0 
scan 800 350 100 0 0 0 0 0 0 0 0 0 
scan 800 350 101 1.03874e-07 1.16587e-07 5.19911e-08 1.75272e-09 1.81442e-09 2.79738e-09 3.64638e-09 1.03874e-07 8.4858e-09 
scan 800 350 102 5.72206e-08 7.03734e-08 4.05148e-08 1.14441e-09 1.14441e-09 1.95847e-09 1.4019e-10 5.72206e-08 5.5043e-09 
scan 800 350 103 2.71427e-07 2.86093e-07 8.60814e-08 5.24565e-09 4.70913e-09 8.78684e-09 5.8008e-09 2.71427e-07 2.46138e-08 
scan 800 350 104 4.4956e-07 4.6403e-07 1.06225e-07 7.98156e-09 1.05403e-08 1.4055e-08 2.08411e-08 4.4956e-07 3.36146e-08 
scan 800 350 120 2.71352e-08 2.77498e-08 2.71352e-08 5.42703e-10 5.42703e-10 5.42703e-10 6.64811e-11 5.42703e-09 1.84297e-09 
scan 800 350 121 0 0 0 0 0 0 0 0 0 
scan 800 350 122 2.39965e-08 2.45881e-08 2.39965e-08 7.19896e-10 4.7993e-10 4.7993e-10 1.43979e-09 4.7993e-09 1.6298e-09 
scan 800 350 123 0 0 0 0 0 0 0 0 0 
scan 800 350 124 7.67893e-08 4.76247e-08 4.43886e-08 1.94747e-09 5.41885e-10 1.53579e-09 3.45388e-09 1.53579e-08 6.59745e-09 
scan 800 350 125 0 0 0 0 0 0 0 0 0 
scan 800 350 126 0 0 0 0 0 0 0 0 0 
scan 800 350 127 0 0 0 0 0 0 0 0 0 
scan 800 350 128 0 0 0 0 0 0 0 0 0 
scan 800 350 129 5.11317e-08 3.95842e-08 3.62236e-08 1.02263e-09 1.74253e-09 1.02263e-09 1.50627e-09 1.53395e-08 3.47278e-09 
scan 800 350 130 2.6178e-08 3.70788e-08 2.6178e-08 0 7.40426e-10 5.2356e-10 5.2356e-10 2.6178e-08 1.77797e-09 
scan 800 350 131 7.98778e-08 9.25673e-08 4.6122e-08 1.2944e-09 1.28231e-09 2.41038e-09 2.20659e-09 7.98778e-08 6.85599e-09 
scan 800 350 132 5.0602e-08 6.22989e-08 3.58286e-08 1.23245e-09 1.19983e-09 1.01204e-09 3.03612e-09 5.0602e-08 4.86764e-09 
scan 800 350 133 5.12067e-08 6.30537e-08 3.62798e-08 4.7993e-10 1.96945e-09 1.02413e-09 2.8003e-09 5.12067e-08 4.94122e-09 
scan 800 350 134 4.72291e-07 4.87222e-07 1.11673e-07 6.69762e-09 8.6369e-09 1.50512e-08 1.22501e-08 4.72291e-07 3.68741e-08 
scan 800 350 135 2.71352e-08 2.77777e-08 2.71352e-08 5.42703e-10 5.42703e-10 1.35676e-09 6.64811e-11 5.42703e-09 1.84297e-09 
scan 800 350 136 4.7993e-08 3.56003e-08 3.39362e-08 9.59861e-10 1.67976e-09 9.59861e-10 2.87958e-09 9.59861e-09 3.2596e-09 
scan 800 350 137 2.39965e-08 2.46314e-08 2.39965e-08 4.7993e-10 1.19983e-09 1.19983e-09 1.43979e-09 4.7993e-09 1.6298e-09 
scan 800 350 138 2.66055e-08 2.73935e-08 2.66055e-08 7.98165e-10 5.3211e-10 5.3211e-10 1.59633e-09 5.3211e-09 3.23783e-09 
scan 800 350 139 8.73059e-08 5.43472e-08 5.04636e-08 1.74612e-09 1.74612e-09 3.46274e-09 2.139e-10 1.74612e-08 9.16563e-09 
scan 800 350 140 0 0 0 0 0 0 0 0 0 
scan 800 350 141 0 0 0 0 0 0 0 0 0 
scan 800 350 142 0 0 0 0 0 0 0 0 0 
scan 800 350 143 0 0 0 0 0 0 0 0 0 
scan 800 350 144 2.39965e-08 2.51668e-08 2.39965e-08 7.19896e-10 4.7993e-10 4.7993e-10 1.43979e-09 7.19896e-09 1.6298e-09 
scan 800 350 145 0 0 0 0 0 0 0 0 0 
scan 800 350 146 7.45986e-08 8.65818e-08 4.31221e-08 1.49197e-09 2.29014e-09 1.49197e-09 4.47591e-09 7.45986e-08 6.49744e-09 
scan 800 350 147 1.01404e-07 1.13742e-07 5.0828e-08 2.02809e-09 2.02809e-09 2.02809e-09 3.33136e-09 1.01404e-07 6.88721e-09 
scan 800 350 148 1.31478e-07 1.44716e-07 5.88572e-08 2.62956e-09 3.42772e-09 3.42772e-09 4.76542e-09 1.31478e-07 1.17914e-08 
scan 800 350 149 3.40148e-07 3.54283e-07 9.45821e-08 7.28288e-09 6.80295e-09 1.00632e-08 7.67156e-09 3.40148e-07 2.47202e-08 
scan 800 350 165 0 0 0 0 0 0 0 0 0 
scan 800 350 166 2.71352e-08 2.77777e-08 2.71352e-08 5.42703e-10 5.42703e-10 1.35676e-09 6.64811e-11 5.42703e-09 1.84297e-09 
scan 800 350 167 5.37407e-08 3.99268e-08 3.80022e-08 1.07481e-09 1.07481e-09 1.88887e-09 1.66281e-09 1.07481e-08 5.08081e-09 
scan 800 350 168 0 0 0 0 0 0 0 0 0 
scan 800 350 169 0 0 0 0 0 0 0 0 0 
scan 800 350 170 0 0 0 0 0 0 0 0 0 
scan 800 350 171 0 0 0 0 0 0 0 0 0 
scan 800 350 172 0 0 0 0 0 0 0 0 0 
scan 800 350 173 2.70943e-08 2.83899e-08 2.70943e-08 5.41885e-10 5.41885e-10 1.35471e-09 8.67016e-11 8.12828e-09 1.84019e-09 
scan 800 350 174 0 0 0 0 0 0 0 0 0 
scan 800 350 175 0 0 0 0 0 0 0 0 0 
scan 800 350 176 0 0 0 0 0 0 0 0 0 
scan 800 350 177 2.71352e-08 3.84307e-08 2.71352e-08 5.42703e-10 5.42703e-10 5.42703e-10 6.64811e-11 2.71352e-08 1.84297e-09 
scan 800 350 178 2.71352e-08 3.84508e-08 2.71352e-08 5.42703e-10 5.42703e-10 1.35676e-09 6.64811e-11 2.71352e-08 1.84297e-09 
scan 800 350 179 2.4626e-07 2.61011e-07 8.23642e-08 5.43122e-09 5.6451e-09 9.1566e-09 4.89648e-09 2.4626e-07 2.30103e-08 
