xsec 850 550 0.000467488
scan 850 550 0 5.63303e-08 5.76305e-08 5.63303e-08 1.95134e-09 0 0 5.06973e-10 1.12661e-08 4.1441e-09 
scan 850 550 1 5.20858e-07 2.07777e-07 1.73687e-07 9.67218e-09 1.68871e-08 0 3.63491e-10 1.04172e-07 4.21134e-08 
scan 850 550 2 9.35033e-07 3.13885e-07 2.33977e-07 2.34537e-08 2.34446e-08 0 4.61107e-09 1.87007e-07 8.76699e-08 
scan 850 550 3 1.15104e-06 3.61264e-07 2.57545e-07 3.63473e-08 2.46333e-08 0 5.97105e-09 2.30209e-07 9.60352e-08 
scan 850 550 4 2.19787e-06 6.01759e-07 3.56796e-07 6.15741e-08 4.78572e-08 0 9.39253e-09 4.39574e-07 1.88191e-07 
scan 850 550 5 0 0 0 0 0 0 0 0 0 
scan 850 550 6 1.18918e-07 9.23446e-08 8.41399e-08 4.20057e-09 1.14725e-09 0 5.54304e-10 3.56754e-08 1.24903e-08 
scan 850 550 7 1.13693e-07 8.78168e-08 8.03963e-08 3.46981e-09 1.62246e-09 0 5.07176e-10 3.41078e-08 8.36412e-09 
scan 850 550 8 0 0 0 0 0 0 0 0 0 
scan 850 550 9 4.04732e-07 1.98865e-07 1.53069e-07 1.06368e-08 1.15118e-08 0 1.04656e-09 1.2142e-07 3.35855e-08 
scan 850 550 10 0 0 0 0 0 0 0 0 0 
scan 850 550 11 3.5878e-07 3.89632e-07 1.46603e-07 1.11946e-08 6.78098e-09 0 6.69538e-10 3.5878e-07 3.77571e-08 
scan 850 550 12 9.27636e-07 9.5997e-07 2.32069e-07 1.85888e-08 2.20069e-08 0 3.01389e-09 9.27636e-07 7.96142e-08 
scan 850 550 13 9.18649e-07 9.50262e-07 2.29732e-07 2.40667e-08 2.49853e-08 0 2.20448e-09 9.18649e-07 7.13932e-08 
scan 850 550 14 5.65918e-06 5.71061e-06 5.71974e-07 1.40048e-07 1.31935e-07 0 1.81139e-08 5.65918e-06 4.69311e-07 
scan 850 550 15 6.80117e-07 2.44929e-07 1.96342e-07 1.46208e-08 1.42925e-08 0 4.03912e-09 1.36023e-07 5.00346e-08 
scan 850 550 16 5.85551e-07 2.27e-07 1.85367e-07 1.93131e-08 1.02816e-08 0 1.97854e-09 1.1711e-07 5.45005e-08 
scan 850 550 17 1.19956e-06 3.69441e-07 2.61836e-07 3.5606e-08 2.45661e-08 0 5.099e-09 2.39912e-07 9.20538e-08 
scan 850 550 18 1.67054e-06 4.80432e-07 3.1039e-07 5.12348e-08 3.3372e-08 0 7.00282e-09 3.34108e-07 1.38048e-07 
scan 850 550 19 3.64274e-06 9.2611e-07 4.59253e-07 1.03754e-07 8.24273e-08 0 1.71598e-08 7.28549e-07 3.13257e-07 
scan 850 550 20 5.58141e-08 5.84663e-08 5.58141e-08 2.30127e-09 0 0 7.5349e-10 1.67442e-08 4.10612e-09 
scan 850 550 21 2.28211e-07 1.34409e-07 1.14111e-07 6.78213e-09 5.38357e-09 0 6.06643e-10 6.84634e-08 1.6789e-08 
scan 850 550 22 2.98663e-07 1.64577e-07 1.33673e-07 8.24941e-09 3.7569e-09 0 2.01045e-09 8.95988e-08 3.32087e-08 
scan 850 550 23 1.13899e-07 8.80001e-08 8.05411e-08 3.10574e-09 3.08906e-09 0 4.07268e-10 3.41698e-08 8.37931e-09 
scan 850 550 24 6.41475e-07 2.80098e-07 1.936e-07 1.51149e-08 1.65491e-08 0 2.67692e-09 1.92443e-07 5.85681e-08 
scan 850 550 25 0 0 0 0 0 0 0 0 0 
scan 850 550 26 7.6349e-07 7.9604e-07 2.11951e-07 1.91968e-08 1.93995e-08 0 1.7221e-09 7.6349e-07 7.13547e-08 
scan 850 550 27 1.44103e-06 1.47512e-06 2.88367e-07 3.25684e-08 3.71962e-08 0 4.40611e-09 1.44103e-06 1.17438e-07 
scan 850 550 28 1.41209e-06 1.44821e-06 2.88484e-07 3.67103e-08 2.75257e-08 0 3.53007e-09 1.41209e-06 1.34127e-07 
scan 850 550 29 9.26841e-06 9.3398e-06 7.35633e-07 2.38934e-07 1.86916e-07 0 3.19917e-08 9.26841e-06 8.33242e-07 
scan 850 550 30 8.15261e-07 2.83816e-07 2.18075e-07 2.51204e-08 1.13087e-08 0 4.45604e-09 1.63052e-07 7.50331e-08 
scan 850 550 31 1.80048e-06 5.12333e-07 3.23598e-07 4.49925e-08 4.43284e-08 0 4.76423e-09 3.60095e-07 1.55207e-07 
scan 850 550 32 3.14877e-06 8.2044e-07 4.28889e-07 7.41666e-08 7.64026e-08 0 1.14566e-08 6.29755e-07 2.84807e-07 
scan 850 550 33 2.91362e-06 7.66687e-07 4.12359e-07 7.43183e-08 7.16782e-08 0 9.03433e-09 5.82724e-07 2.59728e-07 
scan 850 550 34 6.61452e-06 1.58967e-06 6.19953e-07 1.87375e-07 1.5366e-07 0 2.57743e-08 1.3229e-06 5.77289e-07 
scan 850 550 35 2.94388e-07 1.61542e-07 1.31797e-07 7.66529e-09 3.3152e-09 0 1.50849e-09 8.83163e-08 2.92172e-08 
scan 850 550 36 3.43258e-07 1.76068e-07 1.40136e-07 7.94367e-09 7.52334e-09 0 4.53812e-10 1.02977e-07 2.52527e-08 
scan 850 550 37 1.13693e-07 8.78133e-08 8.03961e-08 3.57379e-09 1.14725e-09 0 5.07277e-10 3.41078e-08 8.36411e-09 
scan 850 550 38 2.39863e-07 1.42458e-07 1.20055e-07 3.6546e-09 7.14755e-09 0 1.14613e-10 7.1959e-08 2.52669e-08 
scan 850 550 39 8.057e-07 3.31795e-07 2.15448e-07 2.21864e-08 1.66043e-08 0 3.931e-09 2.4171e-07 6.68047e-08 
scan 850 550 40 1.70482e-07 1.97323e-07 9.84336e-08 3.45563e-09 3.60163e-09 0 7.86128e-10 1.70482e-07 1.2542e-08 
scan 850 550 41 1.1022e-06 1.13525e-06 2.53011e-07 1.43936e-08 3.40205e-08 0 1.81026e-09 1.1022e-06 9.24961e-08 
scan 850 550 42 2.50241e-06 2.54238e-06 3.81906e-07 5.85433e-08 5.52169e-08 0 8.5347e-09 2.50241e-06 2.21916e-07 
scan 850 550 43 2.26527e-06 2.30368e-06 3.63e-07 5.47836e-08 4.27921e-08 0 7.1085e-09 2.26527e-06 1.9698e-07 
scan 850 550 44 1.51819e-05 1.52798e-05 9.42308e-07 3.46071e-07 3.24862e-07 0 4.10961e-08 1.51819e-05 1.36705e-06 
scan 850 550 45 5.65369e-08 5.79569e-08 5.65369e-08 1.13074e-09 3.99776e-09 0 4.07065e-10 1.13074e-08 4.15929e-09 
scan 850 550 46 0 0 0 0 0 0 0 0 0 
scan 850 550 47 0 0 0 0 0 0 0 0 0 
scan 850 550 48 0 0 0 0 0 0 0 0 0 
scan 850 550 49 5.73623e-08 5.8698e-08 5.73623e-08 2.06823e-09 1.14725e-09 0 3.03561e-13 1.14725e-08 4.22001e-09 
scan 850 550 50 0 0 0 0 0 0 0 0 0 
scan 850 550 51 0 0 0 0 0 0 0 0 0 
scan 850 550 52 0 0 0 0 0 0 0 0 0 
scan 850 550 53 0 0 0 0 0 0 0 0 0 
scan 850 550 54 0 0 0 0 0 0 0 0 0 
scan 850 550 55 0 0 0 0 0 0 0 0 0 
scan 850 550 56 0 0 0 0 0 0 0 0 0 
scan 850 550 57 0 0 0 0 0 0 0 0 0 
scan 850 550 58 0 0 0 0 0 0 0 0 0 
scan 850 550 59 6.26207e-08 8.90305e-08 6.26207e-08 1.77118e-09 3.13104e-09 0 3.15608e-11 6.26207e-08 8.41339e-09 
scan 850 550 75 0 0 0 0 0 0 0 0 0 
scan 850 550 76 0 0 0 0 0 0 0 0 0 
scan 850 550 77 0 0 0 0 0 0 0 0 0 
scan 850 550 78 0 0 0 0 0 0 0 0 0 
scan 850 550 79 0 0 0 0 0 0 0 0 0 
scan 850 550 80 0 0 0 0 0 0 0 0 0 
scan 850 550 81 0 0 0 0 0 0 0 0 0 
scan 850 550 82 0 0 0 0 0 0 0 0 0 
scan 850 550 83 0 0 0 0 0 0 0 0 0 
scan 850 550 84 0 0 0 0 0 0 0 0 0 
scan 850 550 85 0 0 0 0 0 0 0 0 0 
scan 850 550 86 0 0 0 0 0 0 0 0 0 
scan 850 550 87 5.73628e-08 8.12572e-08 5.73628e-08 1.14726e-09 1.62246e-09 0 4.69916e-14 5.73628e-08 4.22005e-09 
scan 850 550 88 0 0 0 0 0 0 0 0 0 
scan 850 550 89 5.73628e-08 8.12573e-08 5.73628e-08 1.14726e-09 1.62247e-09 0 2.75456e-14 5.73628e-08 4.22005e-09 
scan 850 550 90 5.04793e-08 5.17312e-08 5.04793e-08 1.00959e-09 1.00959e-09 1.00959e-09 3.02876e-09 1.00959e-08 3.71365e-09 
scan 850 550 91 5.70818e-08 5.84557e-08 5.70818e-08 1.14164e-09 1.14164e-09 2.85409e-09 1.3985e-10 1.14164e-08 4.19938e-09 
scan 850 550 92 0 0 0 0 0 0 0 0 0 
scan 850 550 93 0 0 0 0 0 0 0 0 0 
scan 850 550 94 0 0 0 0 0 0 0 0 0 
scan 850 550 95 0 0 0 0 0 0 0 0 0 
scan 850 550 96 1.1215e-07 8.67899e-08 7.93149e-08 1.14164e-09 2.6992e-09 5.60751e-09 1.24122e-09 3.3645e-08 8.25063e-09 
scan 850 550 97 0 0 0 0 0 0 0 0 0 
scan 850 550 98 0 0 0 0 0 0 0 0 0 
scan 850 550 99 5.16266e-08 5.41246e-08 5.16266e-08 0 1.46022e-09 1.03253e-09 2.58133e-09 1.5488e-08 3.79805e-09 
scan 850 550 100 0 0 0 0 0 0 0 0 0 
scan 850 550 101 0 0 0 0 0 0 0 0 0 
scan 850 550 102 5.64155e-08 8.02163e-08 5.64155e-08 0 1.59567e-09 1.12831e-09 2.82078e-09 5.64155e-08 7.5797e-09 
scan 850 550 103 1.52012e-07 1.76277e-07 8.77952e-08 1.75801e-09 5.56035e-09 4.58903e-09 8.81954e-09 1.52012e-07 1.11831e-08 
scan 850 550 104 5.70818e-08 8.09016e-08 5.70818e-08 1.14164e-09 1.14164e-09 2.85409e-09 1.3985e-10 5.70818e-08 4.19938e-09 
scan 850 550 120 0 0 0 0 0 0 0 0 0 
scan 850 550 121 0 0 0 0 0 0 0 0 0 
scan 850 550 122 0 0 0 0 0 0 0 0 0 
scan 850 550 123 0 0 0 0 0 0 0 0 0 
scan 850 550 124 0 0 0 0 0 0 0 0 0 
scan 850 550 125 0 0 0 0 0 0 0 0 0 
scan 850 550 126 0 0 0 0 0 0 0 0 0 
scan 850 550 127 0 0 0 0 0 0 0 0 0 
scan 850 550 128 0 0 0 0 0 0 0 0 0 
scan 850 550 129 0 0 0 0 0 0 0 0 0 
scan 850 550 130 0 0 0 0 0 0 0 0 0 
scan 850 550 131 0 0 0 0 0 0 0 0 0 
scan 850 550 132 5.50684e-08 7.80148e-08 5.50684e-08 0 1.55757e-09 1.10137e-09 1.10137e-09 5.50684e-08 4.05125e-09 
scan 850 550 133 5.50684e-08 7.80556e-08 5.50684e-08 0 1.55757e-09 2.75342e-09 1.10137e-09 5.50684e-08 4.05125e-09 
scan 850 550 134 5.70818e-08 8.08593e-08 5.70818e-08 1.14164e-09 1.14164e-09 1.14164e-09 1.3985e-10 5.70818e-08 4.19938e-09 
scan 850 550 135 0 0 0 0 0 0 0 0 0 
scan 850 550 136 5.70818e-08 5.84557e-08 5.70818e-08 1.14164e-09 1.14164e-09 2.85409e-09 1.3985e-10 1.14164e-08 4.19938e-09 
scan 850 550 137 0 0 0 0 0 0 0 0 0 
scan 850 550 138 0 0 0 0 0 0 0 0 0 
scan 850 550 139 6.23768e-08 6.42619e-08 6.23768e-08 1.24754e-09 1.24754e-09 3.11884e-09 1.52823e-10 1.24754e-08 8.38062e-09 
scan 850 550 140 0 0 0 0 0 0 0 0 0 
scan 850 550 141 0 0 0 0 0 0 0 0 0 
scan 850 550 142 0 0 0 0 0 0 0 0 0 
scan 850 550 143 0 0 0 0 0 0 0 0 0 
scan 850 550 144 0 0 0 0 0 0 0 0 0 
scan 850 550 145 0 0 0 0 0 0 0 0 0 
scan 850 550 146 0 0 0 0 0 0 0 0 0 
scan 850 550 147 0 0 0 0 0 0 0 0 0 
scan 850 550 148 0 0 0 0 0 0 0 0 0 
scan 850 550 149 5.04793e-08 7.1608e-08 5.04793e-08 1.00959e-09 2.52397e-09 1.00959e-09 3.02876e-09 5.04793e-08 3.71365e-09 
scan 850 550 165 0 0 0 0 0 0 0 0 0 
scan 850 550 166 5.04793e-08 5.17435e-08 5.04793e-08 1.51438e-09 1.00959e-09 1.00959e-09 3.02876e-09 1.00959e-08 3.71365e-09 
scan 850 550 167 0 0 0 0 0 0 0 0 0 
scan 850 550 168 5.70818e-08 5.84557e-08 5.70818e-08 1.14164e-09 1.14164e-09 2.85409e-09 1.3985e-10 1.14164e-08 4.19938e-09 
scan 850 550 169 0 0 0 0 0 0 0 0 0 
scan 850 550 170 0 0 0 0 0 0 0 0 0 
scan 850 550 171 0 0 0 0 0 0 0 0 0 
scan 850 550 172 0 0 0 0 0 0 0 0 0 
scan 850 550 173 0 0 0 0 0 0 0 0 0 
scan 850 550 174 0 0 0 0 0 0 0 0 0 
scan 850 550 175 0 0 0 0 0 0 0 0 0 
scan 850 550 176 0 0 0 0 0 0 0 0 0 
scan 850 550 177 5.70818e-08 8.08593e-08 5.70818e-08 1.14164e-09 1.14164e-09 1.14164e-09 1.3985e-10 5.70818e-08 4.19938e-09 
scan 850 550 178 0 0 0 0 0 0 0 0 0 
scan 850 550 179 0 0 0 0 0 0 0 0 0 
