xsec 850 700 0.000467488
scan 850 700 0 3.49424e-07 8.78543e-08 4.24053e-08 9.32491e-09 9.03321e-09 0 1.15211e-09 6.98848e-08 2.94347e-08 
scan 850 700 1 5.68722e-07 1.37558e-07 5.42786e-08 1.63546e-08 1.41579e-08 0 2.24584e-09 1.13744e-07 5.06474e-08 
scan 850 700 2 6.98082e-07 1.65149e-07 5.99078e-08 2.04932e-08 1.50156e-08 0 3.18758e-09 1.39616e-07 5.94721e-08 
scan 850 700 3 5.3804e-07 1.29673e-07 5.25496e-08 1.47837e-08 1.27369e-08 0 2.77881e-09 1.07608e-07 4.567e-08 
scan 850 700 4 1.89446e-06 4.30992e-07 9.8977e-08 4.84593e-08 4.67906e-08 0 7.50841e-09 3.78892e-07 1.66745e-07 
scan 850 700 5 5.13905e-08 2.28807e-08 1.62586e-08 1.33498e-09 1.65079e-09 0 1.03479e-11 1.54171e-08 4.12154e-09 
scan 850 700 6 2.52943e-07 8.73955e-08 3.617e-08 5.96942e-09 7.10723e-09 0 7.92695e-10 7.5883e-08 2.20157e-08 
scan 850 700 7 1.16644e-07 4.37637e-08 2.43294e-08 3.61795e-09 2.43069e-09 0 4.54451e-10 3.49933e-08 8.92213e-09 
scan 850 700 8 8.76556e-08 3.47931e-08 2.12751e-08 2.89444e-09 1.50536e-09 0 2.0514e-10 2.62967e-08 7.46507e-09 
scan 850 700 9 4.43626e-07 1.47472e-07 4.78799e-08 1.22505e-08 9.49077e-09 0 1.66057e-09 1.33088e-07 3.87327e-08 
scan 850 700 10 5.56991e-08 5.83578e-08 1.67944e-08 1.50994e-09 1.44752e-09 0 1.39155e-10 5.56991e-08 4.09766e-09 
scan 850 700 11 4.75334e-07 4.80052e-07 4.96056e-08 1.32905e-08 8.2146e-09 0 2.1024e-09 4.75334e-07 4.24134e-08 
scan 850 700 12 1.07474e-06 1.08212e-06 7.45882e-08 2.79465e-08 2.2915e-08 0 4.02514e-09 1.07474e-06 9.49751e-08 
scan 850 700 13 1.38898e-06 1.39774e-06 8.47701e-08 3.6354e-08 2.76031e-08 0 5.7193e-09 1.38898e-06 1.22857e-07 
scan 850 700 14 7.13534e-06 7.16871e-06 1.91897e-07 1.76214e-07 1.38521e-07 0 3.20092e-08 7.13534e-06 6.23916e-07 
scan 850 700 15 3.72823e-07 9.37932e-08 4.39832e-08 1.02316e-08 7.00686e-09 0 1.6951e-09 7.45646e-08 3.38542e-08 
scan 850 700 16 4.84171e-07 1.17969e-07 4.99814e-08 1.277e-08 8.85731e-09 0 2.25304e-09 9.68341e-08 4.23693e-08 
scan 850 700 17 7.78546e-07 1.83536e-07 6.34096e-08 2.1313e-08 1.65928e-08 0 3.45572e-09 1.55709e-07 6.83941e-08 
scan 850 700 18 8.91691e-07 2.07716e-07 6.76487e-08 2.42429e-08 2.06009e-08 0 4.61054e-09 1.78338e-07 7.57079e-08 
scan 850 700 19 2.11243e-06 4.77172e-07 1.04284e-07 5.60477e-08 4.79073e-08 0 9.15582e-09 4.22485e-07 1.81119e-07 
scan 850 700 20 4.19846e-08 1.99648e-08 1.48621e-08 1.12006e-09 9.65565e-10 0 1.39964e-10 1.25954e-08 4.10638e-09 
scan 850 700 21 1.38402e-07 5.08823e-08 2.66557e-08 3.047e-09 3.42524e-09 0 5.32464e-10 4.15205e-08 1.15426e-08 
scan 850 700 22 9.3791e-08 3.70511e-08 2.21312e-08 2.58744e-09 2.18087e-09 0 4.5302e-10 2.81373e-08 8.92368e-09 
scan 850 700 23 1.29938e-07 4.85799e-08 2.6017e-08 3.37002e-09 3.08709e-09 0 4.52256e-10 3.89815e-08 1.19364e-08 
scan 850 700 24 5.00877e-07 1.64649e-07 5.06282e-08 1.15582e-08 1.12881e-08 0 2.26477e-09 1.50263e-07 4.12427e-08 
scan 850 700 25 5.61951e-08 5.88996e-08 1.69519e-08 1.15163e-09 1.59097e-09 0 1.5049e-10 5.61951e-08 4.475e-09 
scan 850 700 26 3.1639e-07 3.20113e-07 4.02041e-08 8.43886e-09 4.74607e-09 0 1.36458e-09 3.1639e-07 2.56451e-08 
scan 850 700 27 7.83898e-07 7.89562e-07 6.34181e-08 1.97318e-08 1.44036e-08 0 3.28209e-09 7.83898e-07 6.54466e-08 
scan 850 700 28 1.0653e-06 1.07267e-06 7.42958e-08 2.65437e-08 1.94477e-08 0 4.67728e-09 1.0653e-06 9.56165e-08 
scan 850 700 29 5.97091e-06 5.99935e-06 1.75692e-07 1.43803e-07 1.19608e-07 0 2.282e-08 5.97091e-06 5.23477e-07 
scan 850 700 30 5.75303e-07 1.37474e-07 5.4401e-08 1.50866e-08 1.1161e-08 0 1.97468e-09 1.15061e-07 4.8422e-08 
scan 850 700 31 1.23455e-06 2.84895e-07 8.00958e-08 3.03869e-08 2.94654e-08 0 2.56101e-09 2.4691e-07 1.09487e-07 
scan 850 700 32 1.78938e-06 4.06427e-07 9.62774e-08 4.36653e-08 4.20675e-08 0 3.82981e-09 3.57876e-07 1.55395e-07 
scan 850 700 33 2.08314e-06 4.71577e-07 1.03857e-07 5.2183e-08 4.85757e-08 0 5.33693e-09 4.16629e-07 1.81406e-07 
scan 850 700 34 9.24556e-06 2.05331e-06 2.1878e-07 2.31499e-07 2.07114e-07 0 2.6281e-08 1.84911e-06 8.0735e-07 
scan 850 700 35 1.30395e-07 4.87776e-08 2.6106e-08 3.1985e-09 2.42717e-09 0 4.8027e-10 3.91186e-08 1.22928e-08 
scan 850 700 36 2.40429e-07 8.27547e-08 3.50824e-08 4.51641e-09 5.6619e-09 0 4.14441e-10 7.21287e-08 1.90365e-08 
scan 850 700 37 3.47599e-07 1.1728e-07 4.25068e-08 7.96921e-09 8.25414e-09 0 5.68628e-10 1.0428e-07 3.06845e-08 
scan 850 700 38 5.28728e-07 1.74184e-07 5.23956e-08 1.19747e-08 1.18867e-08 0 8.75928e-10 1.58619e-07 4.63622e-08 
scan 850 700 39 2.81968e-06 8.93233e-07 1.20767e-07 6.82034e-08 6.42075e-08 0 6.37718e-09 8.45903e-07 2.42721e-07 
scan 850 700 40 2.07692e-07 2.11193e-07 3.28723e-08 4.27048e-09 4.30022e-09 0 5.23484e-10 2.07692e-07 1.86793e-08 
scan 850 700 41 1.07302e-06 1.08034e-06 7.46486e-08 2.40077e-08 2.15718e-08 0 2.88132e-09 1.07302e-06 9.55484e-08 
scan 850 700 42 1.76348e-06 1.7739e-06 9.57241e-08 4.05704e-08 3.53931e-08 0 4.61296e-09 1.76348e-06 1.57504e-07 
scan 850 700 43 2.56846e-06 2.5823e-06 1.15432e-07 6.1801e-08 4.95809e-08 0 7.07287e-09 2.56846e-06 2.27274e-07 
scan 850 700 44 2.45964e-05 2.47045e-05 3.57003e-07 5.66448e-07 4.9932e-07 0 6.17477e-08 2.45964e-05 2.15142e-06 
scan 850 700 45 2.59536e-08 1.29632e-08 1.16162e-08 7.6664e-10 7.17876e-10 0 5.52887e-12 5.19073e-09 2.25021e-09 
scan 850 700 46 1.51945e-08 9.373e-09 8.77277e-09 3.03891e-10 5.59885e-10 0 3.61697e-11 3.03891e-09 1.11783e-09 
scan 850 700 47 1.5775e-08 9.79459e-09 9.11775e-09 3.99731e-10 6.57672e-10 0 5.53129e-12 3.155e-09 1.50139e-09 
scan 850 700 48 5.0893e-09 5.20656e-09 5.0893e-09 1.01786e-10 1.43947e-10 0 3.19201e-15 1.01786e-09 3.74408e-10 
scan 850 700 49 5.08418e-09 5.20132e-09 5.08418e-09 1.43802e-10 1.01684e-10 0 2.56243e-12 1.01684e-09 3.74031e-10 
scan 850 700 50 0 0 0 0 0 0 0 0 0 
scan 850 700 51 5.0893e-09 5.32948e-09 5.0893e-09 1.01786e-10 1.43947e-10 0 3.19201e-15 1.52679e-09 3.74408e-10 
scan 850 700 52 5.08735e-09 5.32744e-09 5.08735e-09 1.01747e-10 1.43892e-10 0 9.76772e-13 1.52621e-09 3.74265e-10 
scan 850 700 53 0 0 0 0 0 0 0 0 0 
scan 850 700 54 5.0876e-09 5.32769e-09 5.0876e-09 1.01752e-10 1.43899e-10 0 8.54716e-13 1.52628e-09 3.74283e-10 
scan 850 700 55 0 0 0 0 0 0 0 0 0 
scan 850 700 56 5.0876e-09 7.20773e-09 5.0876e-09 1.52628e-10 1.43899e-10 0 8.54716e-13 5.0876e-09 3.74283e-10 
scan 850 700 57 2.59544e-08 2.85414e-08 1.16165e-08 6.03325e-10 7.79983e-10 0 5.16345e-12 2.59544e-08 2.25027e-09 
scan 850 700 58 4.17221e-08 4.44453e-08 1.47647e-08 1.3202e-09 9.18689e-10 0 1.43726e-11 4.17221e-08 3.75078e-09 
scan 850 700 59 6.36512e-08 6.66107e-08 1.83959e-08 1.78665e-09 1.7659e-09 0 5.71713e-12 6.36512e-08 6.38698e-09 
scan 850 700 75 0 0 0 0 0 0 0 0 0 
scan 850 700 76 0 0 0 0 0 0 0 0 0 
scan 850 700 77 5.60744e-09 5.77117e-09 5.60744e-09 1.58602e-10 1.12149e-10 0 2.96746e-14 1.12149e-09 7.53386e-10 
scan 850 700 78 0 0 0 0 0 0 0 0 0 
scan 850 700 79 1.51763e-08 9.35753e-09 8.76236e-09 4.15606e-10 3.87848e-10 0 4.49867e-11 3.03526e-09 1.11649e-09 
scan 850 700 80 0 0 0 0 0 0 0 0 0 
scan 850 700 81 0 0 0 0 0 0 0 0 0 
scan 850 700 82 0 0 0 0 0 0 0 0 0 
scan 850 700 83 0 0 0 0 0 0 0 0 0 
scan 850 700 84 5.08927e-09 5.33455e-09 5.08927e-09 1.01785e-10 2.74066e-10 0 1.79549e-14 1.52678e-09 3.74406e-10 
scan 850 700 85 0 0 0 0 0 0 0 0 0 
scan 850 700 86 0 0 0 0 0 0 0 0 0 
scan 850 700 87 1.57861e-08 1.83031e-08 9.12392e-09 3.15722e-10 4.46498e-10 0 1.08782e-14 1.57861e-08 1.50221e-09 
scan 850 700 88 1.01762e-08 1.24916e-08 7.19563e-09 2.54392e-10 2.87825e-10 0 1.22502e-12 1.01762e-08 7.48637e-10 
scan 850 700 89 1.03855e-07 1.06868e-07 2.32413e-08 2.34308e-09 2.86574e-09 0 1.81397e-12 1.03855e-07 9.00384e-09 
scan 850 700 90 4.11944e-08 1.67081e-08 1.3761e-08 1.07883e-09 2.89551e-10 1.24905e-09 2.43518e-09 8.23888e-09 3.6305e-09 
scan 850 700 91 6.68147e-08 2.33229e-08 1.79104e-08 1.31366e-09 1.55372e-09 1.93656e-09 2.40582e-09 1.33629e-08 5.56138e-09 
scan 850 700 92 3.96769e-08 1.68177e-08 1.40757e-08 6.23016e-10 9.72477e-10 9.60938e-10 1.37632e-09 7.93537e-09 4.19383e-09 
scan 850 700 93 5.22778e-08 2.00193e-08 1.57884e-08 8.84781e-10 1.35362e-09 1.7725e-09 2.77465e-09 1.04556e-08 5.35939e-09 
scan 850 700 94 1.91176e-08 1.05435e-08 9.61669e-09 3.56311e-10 2.4979e-10 5.07548e-10 7.55692e-10 3.82352e-09 1.74563e-09 
scan 850 700 95 9.89752e-09 7.74368e-09 7.05382e-09 2.41209e-10 1.9795e-10 1.9795e-10 3.42272e-10 2.96926e-09 1.06682e-09 
scan 850 700 96 1.39707e-08 9.21553e-09 8.08339e-09 2.31065e-10 3.17358e-10 6.98533e-10 5.6587e-10 4.1912e-09 1.02779e-09 
scan 850 700 97 1.81846e-08 1.09011e-08 9.10294e-09 6.55654e-10 0 4.93469e-10 1.36384e-09 5.45537e-09 1.91726e-09 
scan 850 700 98 9.16075e-09 7.09588e-09 6.47763e-09 0 3.76213e-10 1.83215e-10 4.58038e-10 2.74823e-09 6.73936e-10 
scan 850 700 99 1.80161e-08 1.06645e-08 9.0085e-09 3.05817e-10 4.43054e-10 4.97734e-10 1.03517e-09 5.40484e-09 1.32541e-09 
scan 850 700 100 0 0 0 0 0 0 0 0 0 
scan 850 700 101 1.04658e-08 1.2884e-08 7.41667e-09 1.116e-10 2.4979e-10 3.76716e-10 1.11386e-10 1.04658e-08 1.10913e-09 
scan 850 700 102 7.58524e-08 7.86393e-08 1.90369e-08 1.71899e-09 1.32839e-09 2.26792e-09 3.33964e-09 7.58524e-08 6.86541e-09 
scan 850 700 103 9.84264e-08 1.01465e-07 2.21136e-08 2.05182e-09 1.76041e-09 3.17977e-09 3.06765e-09 9.84264e-08 9.56416e-09 
scan 850 700 104 2.21759e-07 2.25191e-07 3.27816e-08 4.02475e-09 4.53935e-09 7.47454e-09 6.63389e-09 2.21759e-07 1.79591e-08 
scan 850 700 120 0 0 0 0 0 0 0 0 0 
scan 850 700 121 1.49185e-08 9.27123e-09 8.63754e-09 2.35492e-10 3.42966e-10 2.9837e-10 3.92561e-10 2.9837e-09 1.42475e-09 
scan 850 700 122 2.0703e-08 1.14256e-08 1.03913e-08 4.51162e-10 3.24488e-10 4.1406e-10 3.08465e-10 4.1406e-09 2.20146e-09 
scan 850 700 123 1.49443e-08 9.29931e-09 8.66399e-09 2.45958e-10 3.39362e-10 2.98887e-10 3.80101e-10 2.98887e-09 1.43861e-09 
scan 850 700 124 3.28603e-08 1.44627e-08 1.24417e-08 4.10208e-10 1.02358e-09 6.57206e-10 1.45335e-09 6.57206e-09 2.72424e-09 
scan 850 700 125 0 0 0 0 0 0 0 0 0 
scan 850 700 126 4.32591e-09 4.54167e-09 4.32591e-09 8.65182e-11 8.65182e-11 8.65182e-11 3.24443e-10 1.29777e-09 3.18247e-10 
scan 850 700 127 0 0 0 0 0 0 0 0 0 
scan 850 700 128 1.49336e-08 9.90074e-09 8.62255e-09 3.39551e-10 1.99979e-10 4.46709e-10 6.04559e-10 4.48007e-09 1.69855e-09 
scan 850 700 129 4.47859e-09 4.69764e-09 4.47859e-09 1.26674e-10 0 8.95718e-11 2.68715e-10 1.34358e-09 3.2948e-10 
scan 850 700 130 0 0 0 0 0 0 0 0 0 
scan 850 700 131 1.60276e-08 1.86105e-08 9.26084e-09 2.12888e-10 3.65148e-10 3.20552e-10 1.33743e-10 1.60276e-08 1.84553e-09 
scan 850 700 132 3.81469e-08 4.06774e-08 1.35414e-08 3.76189e-10 8.00023e-10 9.09509e-10 1.58435e-09 3.81469e-08 3.46084e-09 
scan 850 700 133 3.95817e-08 4.22267e-08 1.40515e-08 8.28876e-10 5.67554e-10 1.24743e-09 1.15883e-09 3.95817e-08 3.8778e-09 
scan 850 700 134 2.10709e-07 2.14172e-07 3.22449e-08 3.37546e-09 3.84318e-09 5.5099e-09 5.68709e-09 2.10709e-07 1.85143e-08 
scan 850 700 135 1.96717e-08 1.07454e-08 9.84892e-09 3.93434e-10 3.93434e-10 6.97296e-10 3.05939e-10 3.93434e-09 1.4472e-09 
scan 850 700 136 3.01863e-08 1.40992e-08 1.23486e-08 6.03726e-10 7.51764e-10 6.03726e-10 6.15685e-10 6.03726e-09 2.85989e-09 
scan 850 700 137 2.49537e-08 1.25616e-08 1.11897e-08 5.4386e-10 4.99074e-10 7.85363e-10 6.6468e-10 4.99074e-09 2.46472e-09 
scan 850 700 138 1.38689e-08 8.60674e-09 8.02615e-09 2.77377e-10 4.07155e-10 5.59086e-10 6.05566e-10 2.77377e-09 1.0203e-09 
scan 850 700 139 1.34358e-08 8.33548e-09 7.75715e-09 3.13501e-10 2.68715e-10 5.37431e-10 8.06146e-10 2.68715e-09 9.88439e-10 
scan 850 700 140 5.06437e-09 5.30338e-09 5.06437e-09 1.01287e-10 1.01287e-10 1.01287e-10 1.24077e-11 1.51931e-09 3.72574e-10 
scan 850 700 141 8.95718e-09 6.9442e-09 6.33368e-09 1.79144e-10 3.13501e-10 1.79144e-10 5.37431e-10 2.68715e-09 6.58959e-10 
scan 850 700 142 0 0 0 0 0 0 0 0 0 
scan 850 700 143 1.00586e-08 7.85863e-09 7.15502e-09 2.45958e-10 2.01172e-10 3.3553e-10 2.82386e-10 3.01758e-09 1.07918e-09 
scan 850 700 144 9.54296e-09 7.3982e-09 6.76059e-09 1.90859e-10 3.25217e-10 3.4279e-10 2.81123e-10 2.86289e-09 7.02054e-10 
scan 850 700 145 0 0 0 0 0 0 0 0 0 
scan 850 700 146 1.5123e-08 1.75545e-08 8.76597e-09 3.47245e-10 3.0246e-10 4.54391e-10 2.94794e-10 1.5123e-08 1.45176e-09 
scan 850 700 147 2.46659e-08 2.71458e-08 1.10701e-08 5.38105e-10 4.93319e-10 6.60719e-10 5.75917e-10 2.46659e-08 2.15381e-09 
scan 850 700 148 4.02052e-08 4.2851e-08 1.42635e-08 8.47363e-10 8.04104e-10 1.12318e-09 6.78448e-10 4.02052e-08 3.63517e-09 
scan 850 700 149 1.28259e-07 1.31318e-07 2.52155e-08 2.74888e-09 2.56517e-09 3.65574e-09 2.95212e-09 1.28259e-07 1.10527e-08 
scan 850 700 165 0 0 0 0 0 0 0 0 0 
scan 850 700 166 1.06444e-08 7.91914e-09 7.53555e-09 2.12888e-10 2.12888e-10 2.12888e-10 2.60788e-11 2.12888e-09 1.12228e-09 
scan 850 700 167 2.01873e-08 1.10924e-08 1.01237e-08 4.03747e-10 4.03747e-10 7.07609e-10 3.07202e-10 4.03747e-09 1.82433e-09 
scan 850 700 168 0 0 0 0 0 0 0 0 0 
scan 850 700 169 2.07731e-08 1.13883e-08 1.03962e-08 4.15463e-10 4.15463e-10 7.19325e-10 5.08942e-11 4.15463e-09 1.86742e-09 
scan 850 700 170 0 0 0 0 0 0 0 0 0 
scan 850 700 171 0 0 0 0 0 0 0 0 0 
scan 850 700 172 5.06437e-09 5.30338e-09 5.06437e-09 1.01287e-10 1.01287e-10 1.01287e-10 1.24077e-11 1.51931e-09 3.72574e-10 
scan 850 700 173 0 0 0 0 0 0 0 0 0 
scan 850 700 174 1.01287e-08 7.82895e-09 7.1621e-09 2.02575e-10 2.02575e-10 3.54506e-10 2.48154e-11 3.03862e-09 7.45148e-10 
scan 850 700 175 0 0 0 0 0 0 0 0 0 
scan 850 700 176 5.06437e-09 7.17769e-09 5.06437e-09 1.01287e-10 1.01287e-10 2.53218e-10 1.24077e-11 5.06437e-09 3.72574e-10 
scan 850 700 177 1.01287e-08 1.24359e-08 7.1621e-09 2.02575e-10 2.02575e-10 3.54506e-10 2.48154e-11 1.01287e-08 7.45148e-10 
scan 850 700 178 2.50162e-08 2.75127e-08 1.11907e-08 5.47988e-10 5.00324e-10 8.03957e-10 4.10883e-10 2.50162e-08 2.13012e-09 
scan 850 700 179 1.49683e-07 1.53027e-07 2.78414e-08 3.043e-09 2.99366e-09 4.55938e-09 1.16999e-09 1.49683e-07 1.40253e-08 
