xsec 800 300 0.000724722
scan 800 300 0 1.34884e-07 6.6858e-08 6.0323e-08 4.27295e-09 7.71911e-10 0 7.74686e-10 2.69768e-08 9.16109e-09 
scan 800 300 1 1.97923e-07 8.69323e-08 7.48973e-08 4.0916e-09 5.47313e-09 0 8.03566e-10 3.95845e-08 1.82579e-08 
scan 800 300 2 2.1779e-07 8.99778e-08 7.70011e-08 5.17522e-09 4.88684e-09 0 2.67002e-10 4.35579e-08 1.47919e-08 
scan 800 300 3 1.9749e-07 8.67724e-08 7.47189e-08 5.91019e-09 4.39277e-09 0 1.01902e-09 3.94979e-08 1.81987e-08 
scan 800 300 4 9.98085e-07 2.74267e-07 1.66507e-07 2.65821e-08 2.06041e-08 0 3.49295e-09 1.99617e-07 8.06706e-08 
scan 800 300 5 5.69092e-08 4.4154e-08 4.0301e-08 9.31781e-10 1.724e-09 0 2.53689e-10 1.70728e-08 5.47915e-09 
scan 800 300 6 2.67017e-08 2.79531e-08 2.67017e-08 9.24974e-10 0 0 2.88378e-10 8.01051e-09 1.81353e-09 
scan 800 300 7 1.35811e-07 7.38579e-08 6.07381e-08 2.45818e-09 3.82309e-09 0 3.17632e-10 4.07434e-08 9.22408e-09 
scan 800 300 8 2.72475e-08 2.8523e-08 2.72475e-08 0 9.43882e-10 0 2.1798e-11 8.17426e-09 1.85061e-09 
scan 800 300 9 3.30652e-07 1.40577e-07 9.55356e-08 6.61774e-09 9.47578e-09 0 1.23319e-09 9.91955e-08 2.56917e-08 
scan 800 300 10 0 0 0 0 0 0 0 0 0 
scan 800 300 11 3.55871e-07 3.70503e-07 9.87572e-08 1.04681e-08 3.59474e-09 0 2.25739e-09 3.55871e-07 2.7343e-08 
scan 800 300 12 8.47143e-07 8.63433e-07 1.5227e-07 2.05431e-08 1.15687e-08 0 5.03476e-09 8.47143e-07 6.40105e-08 
scan 800 300 13 7.87574e-07 8.03372e-07 1.46291e-07 1.98854e-08 1.01819e-08 0 4.69306e-09 7.87574e-07 5.66577e-08 
scan 800 300 14 7.70664e-06 7.75006e-06 4.6269e-07 1.83942e-07 1.24158e-07 0 4.02746e-08 7.70664e-06 6.37333e-07 
scan 800 300 15 1.62874e-07 7.50396e-08 6.64943e-08 2.95521e-09 4.12934e-09 0 4.3104e-10 3.25747e-08 1.10621e-08 
scan 800 300 16 4.39071e-07 1.45176e-07 1.09825e-07 9.82862e-09 1.06683e-08 0 1.60435e-09 8.78142e-08 3.30165e-08 
scan 800 300 17 1.93449e-07 8.43584e-08 7.31673e-08 5.19044e-09 4.60102e-09 0 2.12127e-10 3.86898e-08 1.47592e-08 
scan 800 300 18 4.13535e-07 1.39668e-07 1.06853e-07 9.29548e-09 8.84025e-09 0 2.13066e-09 8.27071e-08 3.28637e-08 
scan 800 300 19 1.54975e-06 3.96696e-07 2.07274e-07 4.02995e-08 2.77112e-08 0 7.60566e-09 3.0995e-07 1.26042e-07 
scan 800 300 20 0 0 0 0 0 0 0 0 0 
scan 800 300 21 2.9318e-08 3.08354e-08 2.9318e-08 1.0156e-09 0 0 3.95793e-10 8.79539e-09 3.56793e-09 
scan 800 300 22 1.35473e-07 7.36598e-08 6.05879e-08 3.7203e-09 2.08964e-09 0 4.82299e-10 4.06419e-08 9.20109e-09 
scan 800 300 23 5.38838e-08 4.15741e-08 3.81031e-08 9.24974e-10 9.41613e-10 0 3.42743e-10 1.61651e-08 3.65969e-09 
scan 800 300 24 6.31206e-07 2.36404e-07 1.31688e-07 1.31039e-08 1.54034e-08 0 2.46579e-09 1.89362e-07 4.76662e-08 
scan 800 300 25 5.40912e-08 6.6376e-08 3.82498e-08 1.65081e-09 7.71912e-10 0 2.412e-10 5.40912e-08 3.67378e-09 
scan 800 300 26 2.49143e-07 2.6351e-07 8.31272e-08 4.59313e-09 5.24475e-09 0 1.06234e-09 2.49143e-07 2.01389e-08 
scan 800 300 27 7.15091e-07 7.31013e-07 1.40324e-07 1.32504e-08 1.73826e-08 0 1.48283e-09 7.15091e-07 5.34239e-08 
scan 800 300 28 8.33143e-07 8.50111e-07 1.52277e-07 1.89521e-08 1.32167e-08 0 4.08863e-09 8.33143e-07 6.94485e-08 
scan 800 300 29 6.0899e-06 6.12608e-06 4.1095e-07 1.3739e-07 1.05807e-07 0 2.62144e-08 6.0899e-06 4.92219e-07 
scan 800 300 30 1.94089e-06 4.81552e-07 2.32177e-07 4.16599e-08 4.13885e-08 0 4.55009e-09 3.88179e-07 1.54384e-07 
scan 800 300 31 3.06669e-06 7.31454e-07 2.92697e-07 7.3386e-08 6.53948e-08 0 5.90054e-09 6.13339e-07 2.51935e-07 
scan 800 300 32 3.76564e-06 8.80048e-07 3.23177e-07 8.98312e-08 7.7814e-08 0 9.71799e-09 7.53128e-07 2.97693e-07 
scan 800 300 33 4.65886e-06 1.07594e-06 3.59761e-07 1.14192e-07 9.47455e-08 0 1.11273e-08 9.31772e-07 3.7132e-07 
scan 800 300 34 2.21003e-05 4.86654e-06 7.8297e-07 5.14386e-07 4.78566e-07 0 5.12107e-08 4.42005e-06 1.74271e-06 
scan 800 300 35 3.06064e-07 1.33095e-07 9.23836e-08 8.75497e-09 3.7866e-09 0 1.3046e-09 9.18192e-08 2.56137e-08 
scan 800 300 36 1.08192e-06 3.79138e-07 1.73379e-07 2.1152e-08 2.64101e-08 0 1.14573e-09 3.24575e-07 8.47966e-08 
scan 800 300 37 1.36006e-06 4.66766e-07 1.94467e-07 3.22479e-08 2.73855e-08 0 2.75876e-09 4.08017e-07 1.08525e-07 
scan 800 300 38 1.62017e-06 5.49747e-07 2.12951e-07 3.74712e-08 3.4521e-08 0 2.61171e-09 4.86052e-07 1.34253e-07 
scan 800 300 39 7.49826e-06 2.38417e-06 4.5674e-07 1.69681e-07 1.63758e-07 0 1.44536e-08 2.24948e-06 5.9974e-07 
scan 800 300 40 8.55917e-07 8.72544e-07 1.53852e-07 2.16721e-08 1.44014e-08 0 2.12426e-09 8.55917e-07 6.62295e-08 
scan 800 300 41 4.27654e-06 4.30736e-06 3.46102e-07 8.90467e-08 9.19142e-08 0 9.01066e-09 4.27654e-06 3.58249e-07 
scan 800 300 42 8.17905e-06 8.22221e-06 4.76607e-07 1.77932e-07 1.65565e-07 0 1.80064e-08 8.17905e-06 6.49087e-07 
scan 800 300 43 1.16048e-05 1.1661e-05 5.68103e-07 2.58085e-07 2.31065e-07 0 2.60098e-08 1.16048e-05 9.30012e-07 
scan 800 300 44 0.000127331 0.000127809 1.88131e-06 2.86211e-06 2.49277e-06 0 3.09386e-07 0.000127331 1.01929e-05 
scan 800 300 45 8.13231e-08 5.01098e-08 4.69535e-08 2.93215e-09 1.62646e-09 0 2.70755e-10 1.62646e-08 5.52333e-09 
scan 800 300 46 2.68982e-08 2.75147e-08 2.68982e-08 9.69829e-10 5.37964e-10 0 1.93667e-10 5.37964e-09 1.82688e-09 
scan 800 300 47 5.69994e-08 4.23598e-08 4.03682e-08 1.82122e-09 1.13999e-09 0 2.08838e-10 1.13999e-08 5.49012e-09 
scan 800 300 48 0 0 0 0 0 0 0 0 0 
scan 800 300 49 5.41894e-08 4.00683e-08 3.83187e-08 1.08379e-09 2.22042e-09 0 1.9368e-10 1.08379e-08 3.68045e-09 
scan 800 300 50 0 0 0 0 0 0 0 0 0 
scan 800 300 51 0 0 0 0 0 0 0 0 0 
scan 800 300 52 0 0 0 0 0 0 0 0 0 
scan 800 300 53 0 0 0 0 0 0 0 0 0 
scan 800 300 54 0 0 0 0 0 0 0 0 0 
scan 800 300 55 0 0 0 0 0 0 0 0 0 
scan 800 300 56 0 0 0 0 0 0 0 0 0 
scan 800 300 57 2.72797e-08 3.86402e-08 2.72797e-08 8.18392e-10 7.71588e-10 0 5.72875e-12 2.72797e-08 1.85279e-09 
scan 800 300 58 2.72637e-08 3.86329e-08 2.72637e-08 7.71134e-10 1.36318e-09 0 1.37409e-11 2.72637e-08 1.8517e-09 
scan 800 300 59 2.78564e-07 2.93213e-07 8.81631e-08 7.56723e-09 7.39925e-09 0 1.43311e-11 2.78564e-07 2.21605e-08 
scan 800 300 75 0 0 0 0 0 0 0 0 0 
scan 800 300 76 0 0 0 0 0 0 0 0 0 
scan 800 300 77 5.74225e-08 4.26488e-08 4.06535e-08 1.37454e-09 1.39807e-09 0 9.59247e-14 1.14845e-08 5.5205e-09 
scan 800 300 78 0 0 0 0 0 0 0 0 0 
scan 800 300 79 1.09164e-07 5.93696e-08 5.45822e-08 2.63546e-09 2.63546e-09 0 2.17973e-13 2.18329e-08 7.41426e-09 
scan 800 300 80 0 0 0 0 0 0 0 0 0 
scan 800 300 81 8.18732e-08 5.36643e-08 4.72695e-08 1.86355e-09 2.78739e-09 0 2.27158e-13 2.45619e-08 5.56068e-09 
scan 800 300 82 0 0 0 0 0 0 0 0 0 
scan 800 300 83 0 0 0 0 0 0 0 0 0 
scan 800 300 84 0 0 0 0 0 0 0 0 0 
scan 800 300 85 0 0 0 0 0 0 0 0 0 
scan 800 300 86 8.18735e-08 9.47441e-08 4.72697e-08 1.86356e-09 2.08964e-09 0 6.5526e-14 8.18735e-08 5.56071e-09 
scan 800 300 87 1.63747e-07 1.77304e-07 6.68494e-08 3.9532e-09 3.9532e-09 0 1.98985e-13 1.63747e-07 1.11214e-08 
scan 800 300 88 1.12005e-07 1.25648e-07 5.60565e-08 2.46619e-09 2.94189e-09 0 8.44245e-14 1.12005e-07 9.22764e-09 
scan 800 300 89 8.90347e-07 9.07404e-07 1.57518e-07 2.06141e-08 2.23757e-08 0 6.5268e-12 8.90347e-07 7.01936e-08 
scan 800 300 90 1.65579e-07 7.70833e-08 6.76827e-08 1.68507e-09 3.9853e-09 5.86351e-09 1.85538e-09 3.31158e-08 1.44116e-08 
scan 800 300 91 1.23223e-07 6.14541e-08 5.51784e-08 3.06132e-09 1.02347e-09 3.18494e-09 5.83044e-09 2.46445e-08 8.36906e-09 
scan 800 300 92 9.98834e-08 5.50583e-08 5.01625e-08 1.49252e-09 2.14087e-09 3.43046e-09 5.28626e-09 1.99767e-08 8.33955e-09 
scan 800 300 93 2.99839e-08 3.08122e-08 2.99839e-08 5.99677e-10 5.99677e-10 5.99677e-10 7.34605e-11 5.99677e-09 3.64897e-09 
scan 800 300 94 1.27905e-07 6.39388e-08 5.72764e-08 2.65169e-09 1.28418e-09 4.07407e-09 5.06342e-09 2.55811e-08 1.01131e-08 
scan 800 300 95 0 0 0 0 0 0 0 0 0 
scan 800 300 96 5.33179e-08 4.14173e-08 3.77071e-08 0 2.2014e-09 1.87991e-09 1.87991e-09 1.59954e-08 5.07968e-09 
scan 800 300 97 0 0 0 0 0 0 0 0 0 
scan 800 300 98 0 0 0 0 0 0 0 0 0 
scan 800 300 99 5.40001e-08 4.21189e-08 3.84163e-08 1.08e-09 1.80049e-09 1.08e-09 1.51444e-09 1.62e-08 5.28012e-09 
scan 800 300 100 0 0 0 0 0 0 0 0 0 
scan 800 300 101 2.71575e-08 3.84824e-08 2.71575e-08 5.4315e-10 5.4315e-10 1.35787e-09 6.65358e-11 2.71575e-08 1.84449e-09 
scan 800 300 102 1.58531e-07 1.71903e-07 6.49158e-08 3.04454e-09 2.42701e-09 4.80007e-09 3.61247e-09 1.58531e-07 1.23797e-08 
scan 800 300 103 7.123e-08 8.2573e-08 4.11301e-08 1.81573e-09 4.80325e-10 2.14509e-09 4.62177e-09 7.123e-08 4.83782e-09 
scan 800 300 104 6.8188e-07 6.98021e-07 1.34135e-07 1.22223e-08 1.34847e-08 2.15102e-08 1.98942e-08 6.8188e-07 5.55898e-08 
scan 800 300 120 2.61996e-08 2.67981e-08 2.61996e-08 0 7.41035e-10 5.23991e-10 5.23991e-10 5.23991e-09 1.77943e-09 
scan 800 300 121 1.03573e-07 5.64104e-08 5.18377e-08 1.22243e-09 2.02522e-09 2.07146e-09 2.55549e-09 2.07146e-08 7.03449e-09 
scan 800 300 122 2.0625e-07 8.597e-08 7.3166e-08 3.68116e-09 4.22923e-09 4.12499e-09 6.60063e-09 4.12499e-08 1.56206e-08 
scan 800 300 123 1.02985e-07 5.63744e-08 5.15431e-08 1.99079e-09 1.79642e-09 2.0597e-09 3.95239e-09 2.0597e-08 8.37196e-09 
scan 800 300 124 4.45968e-07 1.46371e-07 1.08497e-07 9.0468e-09 6.95096e-09 8.91937e-09 1.28528e-08 8.91937e-08 3.63664e-08 
scan 800 300 125 0 0 0 0 0 0 0 0 0 
scan 800 300 126 0 0 0 0 0 0 0 0 0 
scan 800 300 127 4.95363e-08 3.84382e-08 3.519e-08 1.17612e-09 5.4315e-10 9.90725e-10 2.08063e-09 1.48609e-08 3.36442e-09 
scan 800 300 128 5.4315e-08 4.19253e-08 3.84065e-08 1.0863e-09 1.0863e-09 1.0863e-09 1.33072e-10 1.62945e-08 3.68898e-09 
scan 800 300 129 8.33409e-08 5.48549e-08 4.81973e-08 1.14283e-09 1.88386e-09 1.66682e-09 6.63987e-10 2.50023e-08 7.27289e-09 
scan 800 300 130 2.99839e-08 4.2573e-08 2.99839e-08 5.99677e-10 5.99677e-10 5.99677e-10 7.34605e-11 2.99839e-08 3.64897e-09 
scan 800 300 131 2.12846e-07 2.26543e-07 7.54263e-08 3.93188e-09 3.99364e-09 5.07164e-09 3.74555e-09 2.12846e-07 1.60686e-08 
scan 800 300 132 3.58204e-07 3.72406e-07 9.60397e-08 5.92218e-09 4.87881e-09 7.16408e-09 1.43285e-08 3.58204e-07 2.89228e-08 
scan 800 300 133 4.66023e-07 4.80534e-07 1.10149e-07 8.93581e-09 7.10516e-09 9.32046e-09 1.34942e-08 4.66023e-07 3.469e-08 
scan 800 300 134 3.75513e-06 3.78421e-06 3.16954e-07 6.0373e-08 6.95983e-08 8.14469e-08 8.70846e-08 3.75513e-06 3.09862e-07 
scan 800 300 135 1.05489e-07 5.75068e-08 5.28145e-08 2.34994e-09 2.10977e-09 2.9245e-09 1.64058e-09 2.10977e-08 7.16461e-09 
scan 800 300 136 1.01529e-07 5.55074e-08 5.08917e-08 2.26255e-09 2.75106e-09 2.75106e-09 3.31386e-09 2.03057e-08 6.89566e-09 
scan 800 300 137 5.11737e-08 3.79019e-08 3.62534e-08 1.02347e-09 1.02347e-09 1.02347e-09 1.50751e-09 1.02347e-08 3.47563e-09 
scan 800 300 138 5.71413e-08 4.24415e-08 4.04544e-08 1.14283e-09 1.14283e-09 1.14283e-09 1.39996e-10 1.14283e-08 5.49346e-09 
scan 800 300 139 8.42536e-08 5.2168e-08 4.86968e-08 1.68507e-09 1.68507e-09 2.58323e-09 2.28875e-10 1.68507e-08 7.33245e-09 
scan 800 300 140 0 0 0 0 0 0 0 0 0 
scan 800 300 141 0 0 0 0 0 0 0 0 0 
scan 800 300 142 0 0 0 0 0 0 0 0 0 
scan 800 300 143 2.71575e-08 2.84288e-08 2.71575e-08 5.4315e-10 5.4315e-10 5.4315e-10 6.65358e-11 8.14724e-09 1.84449e-09 
scan 800 300 144 2.99387e-08 3.14858e-08 2.99387e-08 5.98773e-10 5.98773e-10 5.98773e-10 9.58038e-11 8.9816e-09 3.64347e-09 
scan 800 300 145 0 0 0 0 0 0 0 0 0 
scan 800 300 146 5.11737e-08 6.28534e-08 3.62534e-08 1.02347e-09 1.02347e-09 1.02347e-09 1.50751e-09 5.11737e-08 3.47563e-09 
scan 800 300 147 1.32646e-07 1.45717e-07 5.93877e-08 2.89309e-09 2.65292e-09 3.46765e-09 1.70712e-09 1.32646e-07 9.0091e-09 
scan 800 300 148 2.40163e-08 3.40482e-08 2.40163e-08 7.20488e-10 4.80325e-10 4.80325e-10 1.44098e-09 2.40163e-08 1.63114e-09 
scan 800 300 149 4.20638e-07 4.35426e-07 1.0546e-07 8.89309e-09 9.92872e-09 1.17565e-08 1.08718e-08 4.20638e-07 3.32176e-08 
scan 800 300 165 5.4315e-08 4.01276e-08 3.84065e-08 1.0863e-09 1.0863e-09 1.0863e-09 1.33072e-10 1.0863e-08 3.68898e-09 
scan 800 300 166 8.14315e-08 5.01418e-08 4.70145e-08 1.62863e-09 1.62863e-09 1.62863e-09 2.19845e-10 1.62863e-08 5.53069e-09 
scan 800 300 167 2.99839e-08 3.08122e-08 2.99839e-08 5.99677e-10 5.99677e-10 5.99677e-10 7.34605e-11 5.99677e-09 3.64897e-09 
scan 800 300 168 2.71575e-08 2.77727e-08 2.71575e-08 5.4315e-10 5.4315e-10 5.4315e-10 6.65358e-11 5.4315e-09 1.84449e-09 
scan 800 300 169 8.29007e-08 5.16037e-08 4.79729e-08 1.65801e-09 1.65801e-09 1.65801e-09 1.98743e-09 1.65801e-08 8.62833e-09 
scan 800 300 170 0 0 0 0 0 0 0 0 0 
scan 800 300 171 0 0 0 0 0 0 0 0 0 
scan 800 300 172 2.71165e-08 2.8386e-08 2.71165e-08 5.42331e-10 5.42331e-10 5.42331e-10 8.67729e-11 8.13496e-09 1.84171e-09 
scan 800 300 173 2.71575e-08 2.84288e-08 2.71575e-08 5.4315e-10 5.4315e-10 5.4315e-10 6.65358e-11 8.14724e-09 1.84449e-09 
scan 800 300 174 1.11456e-07 6.57947e-08 5.57819e-08 2.22913e-09 2.22913e-09 2.22913e-09 2.73068e-10 3.34369e-08 9.18244e-09 
scan 800 300 175 0 0 0 0 0 0 0 0 0 
scan 800 300 176 8.42988e-08 9.76872e-08 4.87246e-08 1.68598e-09 1.68598e-09 1.68598e-09 2.06532e-10 8.42988e-08 7.33795e-09 
scan 800 300 177 3.61444e-07 3.76472e-07 1.00339e-07 7.22889e-09 7.22889e-09 7.22889e-09 9.26214e-10 3.61444e-07 2.93862e-08 
scan 800 300 178 2.52769e-07 2.6754e-07 8.43512e-08 5.05539e-09 5.05539e-09 5.86888e-09 6.82414e-10 2.52769e-07 2.20028e-08 
scan 800 300 179 1.82404e-06 1.84514e-06 2.24876e-07 3.64809e-08 3.71768e-08 3.9908e-08 1.03914e-08 1.82404e-06 1.49689e-07 
