xsec 850 650 0.000467488
scan 850 650 0 3.71063e-07 1.23923e-07 9.28543e-08 8.66736e-09 1.15334e-08 0 1.16183e-09 7.42127e-08 3.19057e-08 
scan 850 650 1 1.22239e-06 3.17077e-07 1.68025e-07 3.5691e-08 3.34192e-08 0 3.68513e-09 2.44479e-07 1.00656e-07 
scan 850 650 2 9.27387e-07 2.52945e-07 1.46783e-07 2.69873e-08 2.3795e-08 0 4.80517e-09 1.85477e-07 8.19524e-08 
scan 850 650 3 9.73172e-07 2.62813e-07 1.50298e-07 2.8228e-08 2.76288e-08 0 3.61245e-09 1.94634e-07 8.38184e-08 
scan 850 650 4 2.10521e-06 5.21e-07 2.22175e-07 5.87115e-08 5.83164e-08 0 8.4998e-09 4.21043e-07 1.94633e-07 
scan 850 650 5 6.74248e-08 4.42314e-08 3.89277e-08 2.63188e-09 0 0 6.06823e-10 2.02274e-08 4.96029e-09 
scan 850 650 6 1.61819e-07 7.95418e-08 6.12095e-08 3.75297e-09 5.35459e-09 0 3.92302e-10 4.85456e-08 1.34425e-08 
scan 850 650 7 1.83653e-07 8.67688e-08 6.49824e-08 6.23674e-09 2.08877e-09 0 9.07943e-10 5.50959e-08 1.50488e-08 
scan 850 650 8 2.10714e-07 9.669e-08 7.03032e-08 5.78458e-09 5.63979e-09 0 4.64081e-11 6.32142e-08 1.85775e-08 
scan 850 650 9 2.28831e-07 1.01785e-07 7.23953e-08 6.81386e-09 4.68894e-09 0 1.20164e-09 6.86492e-08 1.83447e-08 
scan 850 650 10 9.07233e-08 1.01702e-07 4.53635e-08 2.9584e-09 1.10507e-09 0 4.04681e-10 9.07233e-08 6.67431e-09 
scan 850 650 11 7.7417e-07 7.89649e-07 1.34919e-07 2.09231e-08 1.84916e-08 0 2.56508e-09 7.7417e-07 7.22296e-08 
scan 850 650 12 1.25598e-06 1.27323e-06 1.71088e-07 3.35433e-08 3.08824e-08 0 4.3434e-09 1.25598e-06 1.10751e-07 
scan 850 650 13 1.68056e-06 1.69989e-06 1.9825e-07 4.23932e-08 4.28236e-08 0 4.08323e-09 1.68056e-06 1.49646e-07 
scan 850 650 14 5.48078e-06 5.5177e-06 3.57888e-07 1.46377e-07 1.36771e-07 0 1.48951e-08 5.48078e-06 4.87415e-07 
scan 850 650 15 6.02169e-07 1.78256e-07 1.18214e-07 1.77986e-08 1.06167e-08 0 3.6115e-09 1.20434e-07 5.34228e-08 
scan 850 650 16 1.67169e-06 4.19368e-07 1.97202e-07 4.17657e-08 4.09826e-08 0 7.24743e-09 3.34338e-07 1.47386e-07 
scan 850 650 17 1.902e-06 4.71109e-07 2.10237e-07 5.42123e-08 4.49848e-08 0 8.90434e-09 3.80401e-07 1.67325e-07 
scan 850 650 18 1.3056e-06 3.34035e-07 1.73031e-07 3.33547e-08 3.51314e-08 0 6.5815e-09 2.61121e-07 1.05195e-07 
scan 850 650 19 1.91026e-06 4.70278e-07 2.09851e-07 5.60049e-08 4.68744e-08 0 1.01565e-08 3.82053e-07 1.60383e-07 
scan 850 650 20 7.06174e-08 4.65492e-08 4.08023e-08 2.30727e-09 1.69022e-09 0 2.23836e-10 2.11852e-08 6.70536e-09 
scan 850 650 21 1.13404e-07 6.17841e-08 5.07191e-08 3.59723e-09 2.14795e-09 0 5.03228e-10 3.40212e-08 8.34286e-09 
scan 850 650 22 2.34418e-07 1.04945e-07 7.42161e-08 4.9981e-09 7.57635e-09 0 8.28967e-10 7.03254e-08 2.18309e-08 
scan 850 650 23 6.866e-08 4.50342e-08 3.96409e-08 2.10811e-09 1.5628e-09 0 3.22977e-13 2.0598e-08 5.05116e-09 
scan 850 650 24 1.85827e-07 8.81386e-08 6.57894e-08 6.01476e-09 3.82895e-09 0 1.02306e-09 5.5748e-08 1.67466e-08 
scan 850 650 25 0 0 0 0 0 0 0 0 0 
scan 850 650 26 9.30679e-07 9.46446e-07 1.47291e-07 2.28509e-08 2.47779e-08 0 3.19001e-09 9.30679e-07 8.21935e-08 
scan 850 650 27 1.55465e-06 1.57309e-06 1.90109e-07 4.26737e-08 3.50814e-08 0 6.15174e-09 1.55465e-06 1.3574e-07 
scan 850 650 28 1.91038e-06 1.93063e-06 2.11176e-07 4.98914e-08 4.33709e-08 0 5.99022e-09 1.91038e-06 1.69599e-07 
scan 850 650 29 6.75967e-06 6.80077e-06 3.96618e-07 1.6552e-07 1.64493e-07 0 2.09957e-08 6.75967e-06 5.87492e-07 
scan 850 650 30 1.1632e-07 5.80956e-08 5.20707e-08 2.74666e-09 3.606e-09 0 2.59603e-10 2.3264e-08 1.00953e-08 
scan 850 650 31 2.0383e-07 8.09607e-08 6.79462e-08 5.00142e-09 5.00956e-09 0 1.05633e-09 4.0766e-08 1.49953e-08 
scan 850 650 32 4.86998e-07 1.51165e-07 1.06367e-07 9.67337e-09 1.39283e-08 0 1.6137e-09 9.73996e-08 4.19512e-08 
scan 850 650 33 2.81931e-07 1.03238e-07 8.14773e-08 4.86664e-09 9.76072e-09 0 1.16342e-09 5.63862e-08 2.68308e-08 
scan 850 650 34 4.33232e-07 1.36832e-07 9.94218e-08 1.18661e-08 8.4074e-09 0 1.97622e-09 8.66464e-08 3.33944e-08 
scan 850 650 35 2.27953e-08 2.3894e-08 2.27953e-08 0 1.30949e-09 0 4.55907e-11 6.8386e-09 1.677e-09 
scan 850 650 36 2.28866e-08 2.39722e-08 2.28866e-08 8.2519e-10 4.57733e-10 0 1.21116e-13 6.86599e-09 1.68372e-09 
scan 850 650 37 2.28867e-08 2.39668e-08 2.28867e-08 4.57734e-10 6.47334e-10 0 8.07444e-14 6.86602e-09 1.68372e-09 
scan 850 650 38 0 0 0 0 0 0 0 0 0 
scan 850 650 39 1.83083e-07 8.65098e-08 6.47786e-08 2.59931e-09 6.142e-09 0 1.19045e-09 5.4925e-08 1.50008e-08 
scan 850 650 40 4.49498e-08 5.51839e-08 3.17843e-08 1.85333e-09 0 0 4.04549e-10 4.49498e-08 3.30686e-09 
scan 850 650 41 1.84191e-07 1.9605e-07 6.51522e-08 5.29542e-09 3.00169e-09 0 6.4676e-10 1.84191e-07 1.50607e-08 
scan 850 650 42 1.61819e-07 1.73627e-07 6.12096e-08 3.38614e-09 4.68777e-09 0 3.92199e-10 1.61819e-07 1.34425e-08 
scan 850 650 43 3.4684e-07 3.59552e-07 8.95989e-08 7.38995e-09 9.04755e-09 0 6.32219e-10 3.4684e-07 2.85504e-08 
scan 850 650 44 2.04842e-06 2.06911e-06 2.1858e-07 4.98772e-08 4.48559e-08 0 6.8074e-09 2.04842e-06 1.81279e-07 
scan 850 650 45 0 0 0 0 0 0 0 0 0 
scan 850 650 46 0 0 0 0 0 0 0 0 0 
scan 850 650 47 2.25573e-08 2.31239e-08 2.25573e-08 4.51146e-10 1.59504e-09 0 1.62413e-10 4.51146e-09 1.65949e-09 
scan 850 650 48 0 0 0 0 0 0 0 0 0 
scan 850 650 49 0 0 0 0 0 0 0 0 0 
scan 850 650 50 0 0 0 0 0 0 0 0 0 
scan 850 650 51 0 0 0 0 0 0 0 0 0 
scan 850 650 52 0 0 0 0 0 0 0 0 0 
scan 850 650 53 0 0 0 0 0 0 0 0 0 
scan 850 650 54 0 0 0 0 0 0 0 0 0 
scan 850 650 55 0 0 0 0 0 0 0 0 0 
scan 850 650 56 0 0 0 0 0 0 0 0 0 
scan 850 650 57 0 0 0 0 0 0 0 0 0 
scan 850 650 58 0 0 0 0 0 0 0 0 0 
scan 850 650 59 2.5291e-08 3.5943e-08 2.5291e-08 7.58729e-10 7.15337e-10 0 4.24888e-12 2.5291e-08 3.39796e-09 
scan 850 650 75 0 0 0 0 0 0 0 0 0 
scan 850 650 76 0 0 0 0 0 0 0 0 0 
scan 850 650 77 0 0 0 0 0 0 0 0 0 
scan 850 650 78 0 0 0 0 0 0 0 0 0 
scan 850 650 79 0 0 0 0 0 0 0 0 0 
scan 850 650 80 0 0 0 0 0 0 0 0 0 
scan 850 650 81 0 0 0 0 0 0 0 0 0 
scan 850 650 82 0 0 0 0 0 0 0 0 0 
scan 850 650 83 0 0 0 0 0 0 0 0 0 
scan 850 650 84 2.28868e-08 2.39669e-08 2.28868e-08 4.57737e-10 6.47338e-10 0 1.87489e-14 6.86605e-09 1.68373e-09 
scan 850 650 85 0 0 0 0 0 0 0 0 0 
scan 850 650 86 2.28759e-08 3.24089e-08 2.28759e-08 6.86277e-10 6.47028e-10 0 5.49022e-12 2.28759e-08 1.68293e-09 
scan 850 650 87 0 0 0 0 0 0 0 0 0 
scan 850 650 88 0 0 0 0 0 0 0 0 0 
scan 850 650 89 4.81863e-08 5.92825e-08 3.41155e-08 9.63726e-10 1.36291e-09 0 3.17156e-14 4.81863e-08 5.08284e-09 
scan 850 650 90 0 0 0 0 0 0 0 0 0 
scan 850 650 91 2.01405e-08 2.06605e-08 2.01405e-08 4.02809e-10 4.02809e-10 1.00702e-09 1.20843e-09 4.02809e-09 1.48169e-09 
scan 850 650 92 0 0 0 0 0 0 0 0 0 
scan 850 650 93 0 0 0 0 0 0 0 0 0 
scan 850 650 94 0 0 0 0 0 0 0 0 0 
scan 850 650 95 0 0 0 0 0 0 0 0 0 
scan 850 650 96 2.42875e-08 2.56086e-08 2.42875e-08 0 6.86954e-10 1.21438e-09 4.8575e-10 7.28625e-09 3.26314e-09 
scan 850 650 97 0 0 0 0 0 0 0 0 0 
scan 850 650 98 0 0 0 0 0 0 0 0 0 
scan 850 650 99 0 0 0 0 0 0 0 0 0 
scan 850 650 100 0 0 0 0 0 0 0 0 0 
scan 850 650 101 0 0 0 0 0 0 0 0 0 
scan 850 650 102 4.21943e-08 5.18824e-08 2.99262e-08 1.15623e-09 4.54808e-10 1.5261e-09 1.53181e-09 4.21943e-08 3.10414e-09 
scan 850 650 103 2.15046e-08 3.06044e-08 2.15046e-08 7.75358e-10 0 4.30091e-10 1.61284e-09 2.15046e-08 2.88924e-09 
scan 850 650 104 4.29152e-08 5.27432e-08 3.04027e-08 1.05971e-09 8.58304e-10 1.54155e-09 1.26423e-09 4.29152e-08 3.15717e-09 
scan 850 650 120 4.39428e-08 3.25002e-08 3.10723e-08 0 1.24289e-09 8.78856e-10 8.78856e-10 8.78856e-09 3.23277e-09 
scan 850 650 121 0 0 0 0 0 0 0 0 0 
scan 850 650 122 0 0 0 0 0 0 0 0 0 
scan 850 650 123 0 0 0 0 0 0 0 0 0 
scan 850 650 124 0 0 0 0 0 0 0 0 0 
scan 850 650 125 0 0 0 0 0 0 0 0 0 
scan 850 650 126 0 0 0 0 0 0 0 0 0 
scan 850 650 127 0 0 0 0 0 0 0 0 0 
scan 850 650 128 0 0 0 0 0 0 0 0 0 
scan 850 650 129 0 0 0 0 0 0 0 0 0 
scan 850 650 130 0 0 0 0 0 0 0 0 0 
scan 850 650 131 0 0 0 0 0 0 0 0 0 
scan 850 650 132 0 0 0 0 0 0 0 0 0 
scan 850 650 133 2.19714e-08 3.1143e-08 2.19714e-08 0 6.21445e-10 1.09857e-09 4.39428e-10 2.19714e-08 1.61639e-09 
scan 850 650 134 4.70622e-08 5.79237e-08 3.32952e-08 4.55495e-10 1.14245e-09 2.35311e-09 5.41548e-10 4.70622e-08 4.93863e-09 
scan 850 650 135 0 0 0 0 0 0 0 0 0 
scan 850 650 136 0 0 0 0 0 0 0 0 0 
scan 850 650 137 4.29152e-08 3.18402e-08 3.04027e-08 1.05971e-09 8.58304e-10 1.54155e-09 1.26423e-09 8.58304e-09 3.15717e-09 
scan 850 650 138 0 0 0 0 0 0 0 0 0 
scan 850 650 139 0 0 0 0 0 0 0 0 0 
scan 850 650 140 0 0 0 0 0 0 0 0 0 
scan 850 650 141 0 0 0 0 0 0 0 0 0 
scan 850 650 142 0 0 0 0 0 0 0 0 0 
scan 850 650 143 0 0 0 0 0 0 0 0 0 
scan 850 650 144 0 0 0 0 0 0 0 0 0 
scan 850 650 145 0 0 0 0 0 0 0 0 0 
scan 850 650 146 0 0 0 0 0 0 0 0 0 
scan 850 650 147 0 0 0 0 0 0 0 0 0 
scan 850 650 148 2.01405e-08 2.85591e-08 2.01405e-08 6.04214e-10 4.02809e-10 4.02809e-10 1.20843e-09 2.01405e-08 1.48169e-09 
scan 850 650 149 4.55495e-08 5.59247e-08 3.22083e-08 9.10989e-10 9.10989e-10 1.59423e-09 1.11596e-10 4.55495e-08 3.35097e-09 
scan 850 650 165 0 0 0 0 0 0 0 0 0 
scan 850 650 166 0 0 0 0 0 0 0 0 0 
scan 850 650 167 0 0 0 0 0 0 0 0 0 
scan 850 650 168 1.94539e-08 1.99801e-08 1.94539e-08 5.83616e-10 3.89077e-10 9.72693e-10 1.45904e-09 3.89077e-09 1.43118e-09 
scan 850 650 169 0 0 0 0 0 0 0 0 0 
scan 850 650 170 0 0 0 0 0 0 0 0 0 
scan 850 650 171 0 0 0 0 0 0 0 0 0 
scan 850 650 172 0 0 0 0 0 0 0 0 0 
scan 850 650 173 0 0 0 0 0 0 0 0 0 
scan 850 650 174 2.27747e-08 2.38724e-08 2.27747e-08 4.55495e-10 4.55495e-10 1.13874e-09 5.57981e-11 6.83242e-09 1.67549e-09 
scan 850 650 175 0 0 0 0 0 0 0 0 0 
scan 850 650 176 2.27747e-08 3.22785e-08 2.27747e-08 4.55495e-10 4.55495e-10 1.13874e-09 5.57981e-11 2.27747e-08 1.67549e-09 
scan 850 650 177 2.27747e-08 3.22785e-08 2.27747e-08 4.55495e-10 4.55495e-10 1.13874e-09 5.57981e-11 2.27747e-08 1.67549e-09 
scan 850 650 178 0 0 0 0 0 0 0 0 0 
scan 850 650 179 0 0 0 0 0 0 0 0 0 
