xsec 950 850 0.000189909
scan 950 850 0 0 0 0 0 0 0 0 0 0 
scan 950 850 1 2.64956e-08 1.96523e-08 1.87352e-08 8.75147e-10 9.78051e-10 0 9.60175e-12 5.29912e-09 2.32439e-09 
scan 950 850 2 1.48165e-08 1.5321e-08 1.48165e-08 5.34218e-10 2.96331e-10 0 1.02412e-13 2.96331e-09 2.45949e-09 
scan 950 850 3 0 0 0 0 0 0 0 0 0 
scan 950 850 4 0 0 0 0 0 0 0 0 0 
scan 950 850 5 0 0 0 0 0 0 0 0 0 
scan 950 850 6 1.4793e-08 1.56468e-08 1.4793e-08 0 5.12446e-10 0 1.18344e-11 4.43791e-09 2.45559e-09 
scan 950 850 7 0 0 0 0 0 0 0 0 0 
scan 950 850 8 0 0 0 0 0 0 0 0 0 
scan 950 850 9 0 0 0 0 0 0 0 0 0 
scan 950 850 10 0 0 0 0 0 0 0 0 0 
scan 950 850 11 0 0 0 0 0 0 0 0 0 
scan 950 850 12 0 0 0 0 0 0 0 0 0 
scan 950 850 13 0 0 0 0 0 0 0 0 0 
scan 950 850 14 2.64088e-08 3.24497e-08 1.86738e-08 0 1.21595e-09 0 5.28175e-11 2.64088e-08 2.31677e-09 
scan 950 850 15 0 0 0 0 0 0 0 0 0 
scan 950 850 16 1.30188e-08 1.3337e-08 1.30188e-08 5.36778e-10 0 0 1.17169e-10 2.60375e-09 1.1421e-09 
scan 950 850 17 0 0 0 0 0 0 0 0 0 
scan 950 850 18 0 0 0 0 0 0 0 0 0 
scan 950 850 19 0 0 0 0 0 0 0 0 0 
scan 950 850 20 0 0 0 0 0 0 0 0 0 
scan 950 850 21 0 0 0 0 0 0 0 0 0 
scan 950 850 22 0 0 0 0 0 0 0 0 0 
scan 950 850 23 0 0 0 0 0 0 0 0 0 
scan 950 850 24 0 0 0 0 0 0 0 0 0 
scan 950 850 25 0 0 0 0 0 0 0 0 0 
scan 950 850 26 0 0 0 0 0 0 0 0 0 
scan 950 850 27 0 0 0 0 0 0 0 0 0 
scan 950 850 28 0 0 0 0 0 0 0 0 0 
scan 950 850 29 1.30188e-08 1.84549e-08 1.30188e-08 5.36778e-10 0 0 1.17169e-10 1.30188e-08 1.1421e-09 
scan 950 850 30 1.30188e-08 1.3337e-08 1.30188e-08 5.36778e-10 0 0 1.17169e-10 2.60375e-09 1.1421e-09 
scan 950 850 31 1.28597e-08 1.31749e-08 1.28597e-08 5.30218e-10 0 0 1.92895e-10 2.57194e-09 1.12815e-09 
scan 950 850 32 0 0 0 0 0 0 0 0 0 
scan 950 850 33 0 0 0 0 0 0 0 0 0 
scan 950 850 34 0 0 0 0 0 0 0 0 0 
scan 950 850 35 0 0 0 0 0 0 0 0 0 
scan 950 850 36 0 0 0 0 0 0 0 0 0 
scan 950 850 37 0 0 0 0 0 0 0 0 0 
scan 950 850 38 0 0 0 0 0 0 0 0 0 
scan 950 850 39 0 0 0 0 0 0 0 0 0 
scan 950 850 40 0 0 0 0 0 0 0 0 0 
scan 950 850 41 0 0 0 0 0 0 0 0 0 
scan 950 850 42 0 0 0 0 0 0 0 0 0 
scan 950 850 43 0 0 0 0 0 0 0 0 0 
scan 950 850 44 0 0 0 0 0 0 0 0 0 
scan 950 850 45 0 0 0 0 0 0 0 0 0 
scan 950 850 46 0 0 0 0 0 0 0 0 0 
scan 950 850 47 0 0 0 0 0 0 0 0 0 
scan 950 850 48 0 0 0 0 0 0 0 0 0 
scan 950 850 49 0 0 0 0 0 0 0 0 0 
scan 950 850 50 0 0 0 0 0 0 0 0 0 
scan 950 850 51 0 0 0 0 0 0 0 0 0 
scan 950 850 52 1.32523e-08 1.38953e-08 1.32523e-08 3.97569e-10 3.74832e-10 0 2.54444e-12 3.97569e-09 1.16259e-09 
scan 950 850 53 0 0 0 0 0 0 0 0 0 
scan 950 850 54 0 0 0 0 0 0 0 0 0 
scan 950 850 55 0 0 0 0 0 0 0 0 0 
scan 950 850 56 0 0 0 0 0 0 0 0 0 
scan 950 850 57 0 0 0 0 0 0 0 0 0 
scan 950 850 58 0 0 0 0 0 0 0 0 0 
scan 950 850 59 0 0 0 0 0 0 0 0 0 
scan 950 850 75 0 0 0 0 0 0 0 0 0 
scan 950 850 76 0 0 0 0 0 0 0 0 0 
scan 950 850 77 0 0 0 0 0 0 0 0 0 
scan 950 850 78 0 0 0 0 0 0 0 0 0 
scan 950 850 79 0 0 0 0 0 0 0 0 0 
scan 950 850 80 0 0 0 0 0 0 0 0 0 
scan 950 850 81 0 0 0 0 0 0 0 0 0 
scan 950 850 82 0 0 0 0 0 0 0 0 0 
scan 950 850 83 0 0 0 0 0 0 0 0 0 
scan 950 850 84 0 0 0 0 0 0 0 0 0 
scan 950 850 85 0 0 0 0 0 0 0 0 0 
scan 950 850 86 0 0 0 0 0 0 0 0 0 
scan 950 850 87 0 0 0 0 0 0 0 0 0 
scan 950 850 88 0 0 0 0 0 0 0 0 0 
scan 950 850 89 0 0 0 0 0 0 0 0 0 
scan 950 850 90 0 0 0 0 0 0 0 0 0 
scan 950 850 91 0 0 0 0 0 0 0 0 0 
scan 950 850 92 0 0 0 0 0 0 0 0 0 
scan 950 850 93 0 0 0 0 0 0 0 0 0 
scan 950 850 94 0 0 0 0 0 0 0 0 0 
scan 950 850 95 0 0 0 0 0 0 0 0 0 
scan 950 850 96 0 0 0 0 0 0 0 0 0 
scan 950 850 97 0 0 0 0 0 0 0 0 0 
scan 950 850 98 0 0 0 0 0 0 0 0 0 
scan 950 850 99 0 0 0 0 0 0 0 0 0 
scan 950 850 100 0 0 0 0 0 0 0 0 0 
scan 950 850 101 0 0 0 0 0 0 0 0 0 
scan 950 850 102 1.47441e-08 2.10116e-08 1.47441e-08 2.94883e-10 2.94883e-10 7.37207e-10 3.61232e-11 1.47441e-08 2.44747e-09 
scan 950 850 103 0 0 0 0 0 0 0 0 0 
scan 950 850 104 0 0 0 0 0 0 0 0 0 
scan 950 850 120 0 0 0 0 0 0 0 0 0 
scan 950 850 121 0 0 0 0 0 0 0 0 0 
scan 950 850 122 0 0 0 0 0 0 0 0 0 
scan 950 850 123 0 0 0 0 0 0 0 0 0 
scan 950 850 124 0 0 0 0 0 0 0 0 0 
scan 950 850 125 0 0 0 0 0 0 0 0 0 
scan 950 850 126 0 0 0 0 0 0 0 0 0 
scan 950 850 127 0 0 0 0 0 0 0 0 0 
scan 950 850 128 0 0 0 0 0 0 0 0 0 
scan 950 850 129 0 0 0 0 0 0 0 0 0 
scan 950 850 130 0 0 0 0 0 0 0 0 0 
scan 950 850 131 0 0 0 0 0 0 0 0 0 
scan 950 850 132 0 0 0 0 0 0 0 0 0 
scan 950 850 133 0 0 0 0 0 0 0 0 0 
scan 950 850 134 0 0 0 0 0 0 0 0 0 
scan 950 850 135 0 0 0 0 0 0 0 0 0 
scan 950 850 136 0 0 0 0 0 0 0 0 0 
scan 950 850 137 0 0 0 0 0 0 0 0 0 
scan 950 850 138 0 0 0 0 0 0 0 0 0 
scan 950 850 139 0 0 0 0 0 0 0 0 0 
scan 950 850 140 0 0 0 0 0 0 0 0 0 
scan 950 850 141 0 0 0 0 0 0 0 0 0 
scan 950 850 142 0 0 0 0 0 0 0 0 0 
scan 950 850 143 0 0 0 0 0 0 0 0 0 
scan 950 850 144 0 0 0 0 0 0 0 0 0 
scan 950 850 145 0 0 0 0 0 0 0 0 0 
scan 950 850 146 0 0 0 0 0 0 0 0 0 
scan 950 850 147 0 0 0 0 0 0 0 0 0 
scan 950 850 148 0 0 0 0 0 0 0 0 0 
scan 950 850 149 0 0 0 0 0 0 0 0 0 
scan 950 850 165 0 0 0 0 0 0 0 0 0 
scan 950 850 166 0 0 0 0 0 0 0 0 0 
scan 950 850 167 0 0 0 0 0 0 0 0 0 
scan 950 850 168 0 0 0 0 0 0 0 0 0 
scan 950 850 169 0 0 0 0 0 0 0 0 0 
scan 950 850 170 0 0 0 0 0 0 0 0 0 
scan 950 850 171 0 0 0 0 0 0 0 0 0 
scan 950 850 172 0 0 0 0 0 0 0 0 0 
scan 950 850 173 0 0 0 0 0 0 0 0 0 
scan 950 850 174 0 0 0 0 0 0 0 0 0 
scan 950 850 175 0 0 0 0 0 0 0 0 0 
scan 950 850 176 0 0 0 0 0 0 0 0 0 
scan 950 850 177 0 0 0 0 0 0 0 0 0 
scan 950 850 178 0 0 0 0 0 0 0 0 0 
scan 950 850 179 0 0 0 0 0 0 0 0 0 
