xsec 950 650 0.000189909
scan 950 650 0 0 0 0 0 0 0 0 0 0 
scan 950 650 1 0 0 0 0 0 0 0 0 0 
scan 950 650 2 3.66442e-07 2.00431e-07 1.83225e-07 1.25279e-08 6.27668e-09 0 7.19787e-10 7.32885e-08 3.2147e-08 
scan 950 650 3 7.58324e-07 3.20881e-07 2.68835e-07 2.23925e-08 1.54625e-08 0 4.59704e-09 1.51665e-07 8.32365e-08 
scan 950 650 4 1.47712e-06 4.96313e-07 3.69642e-07 4.07854e-08 4.09399e-08 0 5.11731e-09 2.95424e-07 1.3802e-07 
scan 950 650 5 0 0 0 0 0 0 0 0 0 
scan 950 650 6 9.19747e-08 9.64154e-08 9.19747e-08 1.83949e-09 2.60144e-09 0 3.24487e-13 2.75924e-08 8.0687e-09 
scan 950 650 7 0 0 0 0 0 0 0 0 0 
scan 950 650 8 0 0 0 0 0 0 0 0 0 
scan 950 650 9 3.97753e-07 2.38723e-07 1.9945e-07 1.11239e-08 1.336e-08 0 1.0208e-09 1.19326e-07 5.16383e-08 
scan 950 650 10 0 0 0 0 0 0 0 0 0 
scan 950 650 11 0 0 0 0 0 0 0 0 0 
scan 950 650 12 1.82294e-07 2.23965e-07 1.28907e-07 5.56347e-09 4.95299e-09 0 8.13202e-10 1.82294e-07 1.59922e-08 
scan 950 650 13 1.82294e-07 2.23959e-07 1.28907e-07 7.04016e-09 1.83949e-09 0 8.13365e-10 1.82294e-07 1.59922e-08 
scan 950 650 14 2.51296e-06 2.5724e-06 4.84381e-07 4.47617e-08 7.18687e-08 0 9.00014e-09 2.51296e-06 2.45753e-07 
scan 950 650 15 0 0 0 0 0 0 0 0 0 
scan 950 650 16 5.62582e-07 2.63203e-07 2.30076e-07 1.41336e-08 1.23002e-08 0 2.55713e-09 1.12516e-07 5.76501e-08 
scan 950 650 17 2.75726e-07 1.70755e-07 1.5919e-07 7.75151e-09 1.13813e-08 0 9.993e-11 5.51451e-08 2.41887e-08 
scan 950 650 18 5.81738e-07 2.74891e-07 2.38165e-07 1.02189e-08 2.4493e-08 0 1.01353e-09 1.16348e-07 6.78258e-08 
scan 950 650 19 1.19944e-06 4.27859e-07 3.32986e-07 3.27313e-08 2.53731e-08 0 5.98691e-09 2.39888e-07 1.1352e-07 
scan 950 650 20 1.07508e-07 1.13819e-07 1.07508e-07 0 6.17584e-09 0 2.15015e-10 3.22523e-08 1.78459e-08 
scan 950 650 21 9.06509e-08 9.503e-08 9.06509e-08 3.14024e-09 0 0 6.52686e-10 2.71953e-08 7.95256e-09 
scan 950 650 22 9.03198e-08 9.47056e-08 9.03198e-08 3.72398e-09 0 0 8.12878e-10 2.70959e-08 7.92352e-09 
scan 950 650 23 0 0 0 0 0 0 0 0 0 
scan 950 650 24 1.96647e-07 1.53769e-07 1.39473e-07 7.51059e-09 0 0 1.60665e-09 5.89942e-08 2.55476e-08 
scan 950 650 25 0 0 0 0 0 0 0 0 0 
scan 950 650 26 3.81062e-07 4.28476e-07 1.91087e-07 4.9396e-09 9.51562e-09 0 1.36786e-09 3.81062e-07 4.18644e-08 
scan 950 650 27 4.54395e-07 4.99539e-07 2.03217e-07 9.98151e-09 8.44347e-09 0 2.69531e-09 4.54395e-07 3.98629e-08 
scan 950 650 28 5.77222e-07 6.27699e-07 2.36418e-07 1.5837e-08 1.10751e-08 0 3.22801e-09 5.77222e-07 6.7413e-08 
scan 950 650 29 3.55062e-06 3.62294e-06 5.85445e-07 7.83764e-08 8.15071e-08 0 1.37865e-08 3.55062e-06 4.03818e-07 
scan 950 650 30 3.79686e-07 2.09577e-07 1.9028e-07 1.3943e-08 4.43626e-09 0 2.04853e-09 7.59373e-08 4.16051e-08 
scan 950 650 31 1.99589e-07 1.49678e-07 1.41573e-07 6.48224e-09 7.22297e-09 0 1.62632e-10 3.99178e-08 2.59395e-08 
scan 950 650 32 8.52402e-07 3.45696e-07 2.84921e-07 2.44538e-08 1.58029e-08 0 3.58831e-09 1.7048e-07 9.16607e-08 
scan 950 650 33 1.35428e-06 4.83077e-07 3.63128e-07 3.92779e-08 2.67314e-08 0 6.47891e-09 2.70855e-07 1.60747e-07 
scan 950 650 34 1.85886e-06 5.8988e-07 4.16101e-07 4.59289e-08 4.68072e-08 0 6.18109e-09 3.71771e-07 1.79627e-07 
scan 950 650 35 1.82479e-07 1.41151e-07 1.29035e-07 3.14024e-09 3.18102e-09 0 7.26149e-10 5.47437e-08 1.60084e-08 
scan 950 650 36 1.05997e-07 1.12118e-07 1.05997e-07 3.67183e-09 0 0 9.53969e-10 3.1799e-08 1.7595e-08 
scan 950 650 37 1.97755e-07 1.54664e-07 1.40398e-07 3.1173e-09 3.73315e-09 0 1.05809e-09 5.93266e-08 2.57834e-08 
scan 950 650 38 2.75925e-07 1.81398e-07 1.59306e-07 6.28046e-09 7.0424e-09 0 2.34353e-13 8.27776e-08 2.42062e-08 
scan 950 650 39 2.75793e-07 1.81349e-07 1.59229e-07 7.95818e-09 6.27671e-09 0 6.63919e-11 8.27379e-08 2.41946e-08 
scan 950 650 40 0 0 0 0 0 0 0 0 0 
scan 950 650 41 4.90247e-07 5.40877e-07 2.19878e-07 1.46194e-08 8.43919e-09 0 7.67561e-10 4.90247e-07 5.9783e-08 
scan 950 650 42 4.71204e-07 5.19066e-07 2.11289e-07 1.57243e-08 4.76022e-09 0 2.27907e-09 4.71204e-07 4.97857e-08 
scan 950 650 43 6.73803e-07 7.24893e-07 2.55427e-07 1.45144e-08 1.51205e-08 0 9.6106e-10 6.73803e-07 7.60075e-08 
scan 950 650 44 7.75987e-06 7.8539e-06 8.58825e-07 1.81712e-07 1.81063e-07 0 1.83838e-08 7.75987e-06 8.15121e-07 
scan 950 650 45 0 0 0 0 0 0 0 0 0 
scan 950 650 46 0 0 0 0 0 0 0 0 0 
scan 950 650 47 0 0 0 0 0 0 0 0 0 
scan 950 650 48 0 0 0 0 0 0 0 0 0 
scan 950 650 49 9.06509e-08 9.28651e-08 9.06509e-08 3.26846e-09 1.81302e-09 0 6.52686e-10 1.81302e-08 7.95256e-09 
scan 950 650 50 0 0 0 0 0 0 0 0 0 
scan 950 650 51 0 0 0 0 0 0 0 0 0 
scan 950 650 52 0 0 0 0 0 0 0 0 0 
scan 950 650 53 0 0 0 0 0 0 0 0 0 
scan 950 650 54 0 0 0 0 0 0 0 0 0 
scan 950 650 55 0 0 0 0 0 0 0 0 0 
scan 950 650 56 0 0 0 0 0 0 0 0 0 
scan 950 650 57 0 0 0 0 0 0 0 0 0 
scan 950 650 58 0 0 0 0 0 0 0 0 0 
scan 950 650 59 0 0 0 0 0 0 0 0 0 
scan 950 650 75 0 0 0 0 0 0 0 0 0 
scan 950 650 76 0 0 0 0 0 0 0 0 0 
scan 950 650 77 0 0 0 0 0 0 0 0 0 
scan 950 650 78 0 0 0 0 0 0 0 0 0 
scan 950 650 79 0 0 0 0 0 0 0 0 0 
scan 950 650 80 0 0 0 0 0 0 0 0 0 
scan 950 650 81 0 0 0 0 0 0 0 0 0 
scan 950 650 82 0 0 0 0 0 0 0 0 0 
scan 950 650 83 0 0 0 0 0 0 0 0 0 
scan 950 650 84 0 0 0 0 0 0 0 0 0 
scan 950 650 85 0 0 0 0 0 0 0 0 0 
scan 950 650 86 0 0 0 0 0 0 0 0 0 
scan 950 650 87 0 0 0 0 0 0 0 0 0 
scan 950 650 88 0 0 0 0 0 0 0 0 0 
scan 950 650 89 0 0 0 0 0 0 0 0 0 
scan 950 650 90 0 0 0 0 0 0 0 0 0 
scan 950 650 91 0 0 0 0 0 0 0 0 0 
scan 950 650 92 0 0 0 0 0 0 0 0 0 
scan 950 650 93 0 0 0 0 0 0 0 0 0 
scan 950 650 94 0 0 0 0 0 0 0 0 0 
scan 950 650 95 0 0 0 0 0 0 0 0 0 
scan 950 650 96 0 0 0 0 0 0 0 0 0 
scan 950 650 97 0 0 0 0 0 0 0 0 0 
scan 950 650 98 0 0 0 0 0 0 0 0 0 
scan 950 650 99 0 0 0 0 0 0 0 0 0 
scan 950 650 100 0 0 0 0 0 0 0 0 0 
scan 950 650 101 0 0 0 0 0 0 0 0 0 
scan 950 650 102 0 0 0 0 0 0 0 0 0 
scan 950 650 103 0 0 0 0 0 0 0 0 0 
scan 950 650 104 8.09383e-08 1.14881e-07 8.09383e-08 1.61877e-09 4.04691e-09 1.61877e-09 4.8563e-09 8.09383e-08 7.1005e-09 
scan 950 650 120 0 0 0 0 0 0 0 0 0 
scan 950 650 121 0 0 0 0 0 0 0 0 0 
scan 950 650 122 0 0 0 0 0 0 0 0 0 
scan 950 650 123 0 0 0 0 0 0 0 0 0 
scan 950 650 124 0 0 0 0 0 0 0 0 0 
scan 950 650 125 0 0 0 0 0 0 0 0 0 
scan 950 650 126 0 0 0 0 0 0 0 0 0 
scan 950 650 127 0 0 0 0 0 0 0 0 0 
scan 950 650 128 0 0 0 0 0 0 0 0 0 
scan 950 650 129 0 0 0 0 0 0 0 0 0 
scan 950 650 130 0 0 0 0 0 0 0 0 0 
scan 950 650 131 0 0 0 0 0 0 0 0 0 
scan 950 650 132 0 0 0 0 0 0 0 0 0 
scan 950 650 133 0 0 0 0 0 0 0 0 0 
scan 950 650 134 0 0 0 0 0 0 0 0 0 
scan 950 650 135 0 0 0 0 0 0 0 0 0 
scan 950 650 136 0 0 0 0 0 0 0 0 0 
scan 950 650 137 0 0 0 0 0 0 0 0 0 
scan 950 650 138 0 0 0 0 0 0 0 0 0 
scan 950 650 139 0 0 0 0 0 0 0 0 0 
scan 950 650 140 0 0 0 0 0 0 0 0 0 
scan 950 650 141 0 0 0 0 0 0 0 0 0 
scan 950 650 142 0 0 0 0 0 0 0 0 0 
scan 950 650 143 8.09383e-08 8.50659e-08 8.09383e-08 1.61877e-09 4.04691e-09 1.61877e-09 4.8563e-09 2.42815e-08 7.1005e-09 
scan 950 650 144 0 0 0 0 0 0 0 0 0 
scan 950 650 145 0 0 0 0 0 0 0 0 0 
scan 950 650 146 0 0 0 0 0 0 0 0 0 
scan 950 650 147 0 0 0 0 0 0 0 0 0 
scan 950 650 148 0 0 0 0 0 0 0 0 0 
scan 950 650 149 0 0 0 0 0 0 0 0 0 
scan 950 650 165 0 0 0 0 0 0 0 0 0 
scan 950 650 166 0 0 0 0 0 0 0 0 0 
scan 950 650 167 0 0 0 0 0 0 0 0 0 
scan 950 650 168 0 0 0 0 0 0 0 0 0 
scan 950 650 169 0 0 0 0 0 0 0 0 0 
scan 950 650 170 0 0 0 0 0 0 0 0 0 
scan 950 650 171 0 0 0 0 0 0 0 0 0 
scan 950 650 172 0 0 0 0 0 0 0 0 0 
scan 950 650 173 0 0 0 0 0 0 0 0 0 
scan 950 650 174 0 0 0 0 0 0 0 0 0 
scan 950 650 175 0 0 0 0 0 0 0 0 0 
scan 950 650 176 0 0 0 0 0 0 0 0 0 
scan 950 650 177 0 0 0 0 0 0 0 0 0 
scan 950 650 178 0 0 0 0 0 0 0 0 0 
scan 950 650 179 0 0 0 0 0 0 0 0 0 
