xsec 950 100 0.000189909
scan 950 100 0 3.63345e-08 1.60181e-08 1.37492e-08 1.08477e-09 5.13512e-10 0 1.74358e-10 7.2669e-09 3.64144e-09 
scan 950 100 1 7.77441e-08 2.6692e-08 2.00919e-08 2.24732e-09 1.50372e-09 0 3.81929e-10 1.55488e-08 7.71718e-09 
scan 950 100 2 4.78603e-08 1.95192e-08 1.59788e-08 1.39206e-09 1.14701e-09 0 2.09768e-10 9.57206e-09 5.54569e-09 
scan 950 100 3 4.21196e-08 1.78143e-08 1.49167e-08 1.27222e-09 1.02763e-09 0 1.80651e-10 8.42392e-09 4.60123e-09 
scan 950 100 4 1.00336e-07 3.26733e-08 2.30528e-08 2.26081e-09 2.44094e-09 0 3.62178e-10 2.00672e-08 1.10553e-08 
scan 950 100 5 0 0 0 0 0 0 0 0 0 
scan 950 100 6 1.02964e-08 7.9745e-09 7.28063e-09 2.88584e-10 3.80202e-10 0 4.54069e-14 3.08891e-09 9.03273e-10 
scan 950 100 7 0 0 0 0 0 0 0 0 0 
scan 950 100 8 1.54364e-08 1.01475e-08 8.91219e-09 2.88584e-10 4.26631e-10 0 4.1574e-12 4.63091e-09 1.35419e-09 
scan 950 100 9 3.57965e-08 1.75986e-08 1.35302e-08 1.02383e-09 6.2878e-10 0 1.18622e-10 1.0739e-08 3.14034e-09 
scan 950 100 10 5.14817e-09 7.2977e-09 5.14817e-09 1.8562e-10 1.02963e-10 0 2.72441e-14 5.14817e-09 4.51636e-10 
scan 950 100 11 2.04981e-08 2.29976e-08 1.02492e-08 4.91002e-10 4.40173e-10 0 4.68125e-11 2.04981e-08 1.79825e-09 
scan 950 100 12 7.9394e-08 8.25149e-08 2.0526e-08 2.20501e-09 1.52408e-09 0 2.13906e-10 7.9394e-08 8.76107e-09 
scan 950 100 13 8.5043e-08 8.82449e-08 2.12951e-08 2.0321e-09 1.66255e-09 0 2.88133e-10 8.5043e-08 9.71474e-09 
scan 950 100 14 9.29812e-07 9.3823e-07 6.99867e-08 2.1027e-08 1.65253e-08 0 4.31463e-09 9.29812e-07 1.00457e-07 
scan 950 100 15 3.19785e-08 1.50725e-08 1.30796e-08 7.33727e-10 9.3535e-10 0 1.04742e-10 6.3957e-09 3.7114e-09 
scan 950 100 16 3.56205e-08 1.56006e-08 1.3464e-08 9.53878e-10 7.9317e-10 0 2.04265e-10 7.1241e-09 3.12489e-09 
scan 950 100 17 5.84386e-08 2.2361e-08 1.76483e-08 1.70981e-09 1.03984e-09 0 3.9011e-10 1.16877e-08 6.91308e-09 
scan 950 100 18 1.65851e-08 1.04245e-08 9.58753e-09 2.65896e-10 3.78148e-10 0 7.94398e-11 3.31703e-09 2.35077e-09 
scan 950 100 19 4.1529e-08 1.74153e-08 1.46937e-08 6.52512e-10 1.10419e-09 0 1.52059e-10 8.3058e-09 4.09061e-09 
scan 950 100 20 0 0 0 0 0 0 0 0 0 
scan 950 100 21 0 0 0 0 0 0 0 0 0 
scan 950 100 22 1.53314e-08 1.00762e-08 8.85184e-09 3.6075e-10 2.8059e-10 0 5.57825e-11 4.59941e-09 1.34498e-09 
scan 950 100 23 5.07409e-09 5.31921e-09 5.07409e-09 1.75772e-10 0 0 3.65335e-11 1.52223e-09 4.45137e-10 
scan 950 100 24 3.06381e-08 1.57784e-08 1.25082e-08 6.3028e-10 6.18228e-10 0 1.2397e-10 9.19144e-09 2.6878e-09 
scan 950 100 25 0 0 0 0 0 0 0 0 0 
scan 950 100 26 2.70038e-08 2.97871e-08 1.20971e-08 3.01608e-10 9.54923e-10 0 1.98064e-11 2.70038e-08 3.27498e-09 
scan 950 100 27 1.09185e-07 1.12341e-07 2.38485e-08 2.61609e-09 1.98615e-09 0 4.31607e-10 1.09185e-07 1.09256e-08 
scan 950 100 28 1.24577e-07 1.27801e-07 2.54497e-08 2.1956e-09 3.21446e-09 0 4.58767e-10 1.24577e-07 1.22742e-08 
scan 950 100 29 1.01291e-06 1.02177e-06 7.30131e-08 2.35345e-08 1.77656e-08 0 4.59617e-09 1.01291e-06 1.08673e-07 
scan 950 100 30 2.31262e-07 6.32774e-08 3.49115e-08 5.59425e-09 4.53863e-09 0 5.49559e-10 4.62524e-08 2.43667e-08 
scan 950 100 31 4.08897e-07 1.03843e-07 4.63521e-08 9.05954e-09 9.12182e-09 0 8.75829e-10 8.17795e-08 4.21999e-08 
scan 950 100 32 4.91193e-07 1.23543e-07 5.10037e-08 1.09645e-08 1.10685e-08 0 6.23932e-10 9.82386e-08 5.26065e-08 
scan 950 100 33 5.09718e-07 1.2717e-07 5.18186e-08 1.14925e-08 1.09216e-08 0 9.98318e-10 1.01944e-07 5.33131e-08 
scan 950 100 34 3.41773e-06 7.8359e-07 1.33676e-07 7.89473e-08 6.93574e-08 0 8.29825e-09 6.83546e-07 3.43215e-07 
scan 950 100 35 5.24251e-08 2.35679e-08 1.65988e-08 1.23422e-09 8.71683e-10 0 1.76866e-10 1.57275e-08 5.50041e-09 
scan 950 100 36 1.30012e-07 4.87634e-08 2.60268e-08 3.28697e-09 2.29702e-09 0 3.17631e-10 3.90037e-08 1.27674e-08 
scan 950 100 37 1.30486e-07 4.89612e-08 2.61193e-08 2.96708e-09 3.11613e-09 0 8.5547e-11 3.91458e-08 1.28089e-08 
scan 950 100 38 1.52139e-07 5.61308e-08 2.82829e-08 3.7364e-09 3.14796e-09 0 2.03805e-10 4.56418e-08 1.56098e-08 
scan 950 100 39 1.05059e-06 3.43504e-07 7.43801e-08 2.39101e-08 2.21954e-08 0 2.19027e-09 3.15176e-07 1.09808e-07 
scan 950 100 40 5.67322e-08 5.95269e-08 1.71145e-08 1.38303e-09 7.9295e-10 0 2.70046e-10 5.67322e-08 5.42108e-09 
scan 950 100 41 6.16451e-07 6.22482e-07 5.68094e-08 1.35803e-08 1.14769e-08 0 1.6799e-09 6.16451e-07 6.2657e-08 
scan 950 100 42 1.09291e-06 1.10203e-06 7.5878e-08 2.45147e-08 2.09421e-08 0 2.59196e-09 1.09291e-06 1.14881e-07 
scan 950 100 43 1.9925e-06 2.00626e-06 1.0219e-07 4.28728e-08 3.9649e-08 0 4.59627e-09 1.9925e-06 2.02826e-07 
scan 950 100 44 2.63752e-05 2.65351e-05 3.72804e-07 5.82385e-07 5.24633e-07 0 6.10586e-08 2.63752e-05 2.77569e-06 
scan 950 100 45 5.14822e-09 5.27258e-09 5.14822e-09 1.02964e-10 1.45614e-10 0 2.47218e-15 1.02964e-09 4.5164e-10 
scan 950 100 46 5.14822e-09 5.27258e-09 5.14822e-09 1.02964e-10 1.45614e-10 0 3.22896e-15 1.02964e-09 4.5164e-10 
scan 950 100 47 1.02947e-08 7.6287e-09 7.27945e-09 3.00008e-10 2.48529e-10 0 8.79142e-13 2.05894e-09 9.03127e-10 
scan 950 100 48 0 0 0 0 0 0 0 0 0 
scan 950 100 49 1.09475e-08 8.19168e-09 7.75473e-09 3.5471e-10 2.1895e-10 0 7.13536e-14 2.1895e-09 1.4143e-09 
scan 950 100 50 5.14822e-09 5.39679e-09 5.14822e-09 1.02964e-10 1.45614e-10 0 3.22896e-15 1.54447e-09 4.5164e-10 
scan 950 100 51 5.79939e-09 6.13409e-09 5.79939e-09 1.64032e-10 1.15988e-10 0 8.35461e-15 1.73982e-09 9.62678e-10 
scan 950 100 52 0 0 0 0 0 0 0 0 0 
scan 950 100 53 5.14625e-09 5.39595e-09 5.14625e-09 1.54388e-10 1.45558e-10 0 9.8808e-13 1.54388e-09 4.51467e-10 
scan 950 100 54 0 0 0 0 0 0 0 0 0 
scan 950 100 55 0 0 0 0 0 0 0 0 0 
scan 950 100 56 0 0 0 0 0 0 0 0 0 
scan 950 100 57 5.14821e-09 7.29685e-09 5.14821e-09 1.45613e-10 1.02964e-10 0 7.41652e-15 5.14821e-09 4.51639e-10 
scan 950 100 58 1.02964e-08 1.26478e-08 7.28067e-09 2.91227e-10 2.05929e-10 0 1.4833e-14 1.02964e-08 9.03278e-10 
scan 950 100 59 4.69524e-08 4.97326e-08 1.56625e-08 1.06685e-09 1.20021e-09 0 1.63736e-11 4.69524e-08 4.57203e-09 
scan 950 100 75 5.14821e-09 5.27257e-09 5.14821e-09 1.45613e-10 1.02964e-10 0 7.41652e-15 1.02964e-09 4.51639e-10 
scan 950 100 76 1.09387e-08 8.18931e-09 7.74891e-09 3.09394e-10 3.72954e-10 0 4.45129e-12 2.18774e-09 1.41354e-09 
scan 950 100 77 5.14822e-09 5.27258e-09 5.14822e-09 1.02964e-10 1.45614e-10 0 2.47218e-15 1.02964e-09 4.5164e-10 
scan 950 100 78 0 0 0 0 0 0 0 0 0 
scan 950 100 79 1.6747e-08 1.05341e-08 9.6835e-09 3.82984e-10 4.25633e-10 0 1.55777e-14 3.3494e-09 2.377e-09 
scan 950 100 80 0 0 0 0 0 0 0 0 0 
scan 950 100 81 1.02964e-08 7.96825e-09 7.28069e-09 2.05929e-10 2.91227e-10 0 5.70114e-15 3.08893e-09 9.0328e-10 
scan 950 100 82 0 0 0 0 0 0 0 0 0 
scan 950 100 83 0 0 0 0 0 0 0 0 0 
scan 950 100 84 0 0 0 0 0 0 0 0 0 
scan 950 100 85 5.14822e-09 7.29686e-09 5.14822e-09 1.02964e-10 1.45614e-10 0 2.47218e-15 5.14822e-09 4.5164e-10 
scan 950 100 86 1.09476e-08 1.34956e-08 7.75482e-09 2.18953e-10 3.09646e-10 0 6.01384e-15 1.09476e-08 1.41432e-09 
scan 950 100 87 1.54447e-08 1.78931e-08 8.91697e-09 3.51542e-10 3.94192e-10 0 1.5388e-14 1.54447e-08 1.35492e-09 
scan 950 100 88 1.60958e-08 1.86952e-08 9.30812e-09 4.55259e-10 3.21916e-10 0 2.31876e-14 1.60958e-08 1.86596e-09 
scan 950 100 89 2.89007e-07 2.93277e-07 3.90107e-08 7.0893e-09 6.90521e-09 0 2.96519e-12 2.89007e-07 2.94391e-08 
scan 950 100 90 9.78898e-09 7.39224e-09 6.98697e-09 1.19403e-10 1.57471e-10 1.9578e-10 4.91288e-10 1.9578e-09 1.29452e-09 
scan 950 100 91 2.0358e-08 1.12555e-08 1.02177e-08 3.45846e-10 3.57495e-10 5.43074e-10 4.01663e-10 4.07161e-09 2.23697e-09 
scan 950 100 92 1.38487e-08 8.60258e-09 8.00628e-09 2.85919e-10 1.39789e-10 4.08254e-10 6.98872e-10 2.76975e-09 1.21491e-09 
scan 950 100 93 4.9423e-09 5.06265e-09 4.9423e-09 0 1.39789e-10 9.8846e-11 9.8846e-11 9.8846e-10 4.33575e-10 
scan 950 100 94 8.90643e-09 6.62668e-09 6.29875e-09 2.51912e-10 0 1.78129e-10 6.00026e-10 1.78129e-09 7.81338e-10 
scan 950 100 95 0 0 0 0 0 0 0 0 0 
scan 950 100 96 1.47313e-08 9.81083e-09 8.5434e-09 1.2814e-10 4.06987e-10 4.30539e-10 6.14845e-10 4.41938e-09 1.72809e-09 
scan 950 100 97 1.45957e-08 9.6232e-09 8.43779e-09 2.306e-10 2.42249e-10 5.81518e-10 3.83224e-10 4.37872e-09 1.28045e-09 
scan 950 100 98 4.53044e-09 4.75695e-09 4.53044e-09 9.06088e-11 9.06088e-11 9.06088e-11 2.71826e-10 1.35913e-09 3.97444e-10 
scan 950 100 99 0 0 0 0 0 0 0 0 0 
scan 950 100 100 4.37599e-09 6.21101e-09 4.37599e-09 1.23772e-10 0 8.75199e-11 3.282e-10 4.37599e-09 3.83894e-10 
scan 950 100 101 4.53044e-09 6.42699e-09 4.53044e-09 9.06088e-11 9.06088e-11 9.06088e-11 2.71826e-10 4.53044e-09 3.97444e-10 
scan 950 100 102 5.09371e-08 5.37853e-08 1.61494e-08 9.33662e-10 9.13129e-10 1.17243e-09 1.1244e-09 5.09371e-08 5.75547e-09 
scan 950 100 103 3.21435e-08 3.45582e-08 1.21631e-08 9.00785e-10 1.02306e-10 1.20407e-09 1.7037e-09 3.21435e-08 2.81986e-09 
scan 950 100 104 1.41326e-07 1.44889e-07 2.6785e-08 2.47663e-09 2.77321e-09 3.41949e-09 3.84158e-09 1.41326e-07 1.61901e-08 
scan 950 100 120 1.93573e-08 1.05991e-08 9.68524e-09 1.2814e-10 4.19368e-10 3.87147e-10 5.68364e-10 3.87147e-09 1.69817e-09 
scan 950 100 121 2.00578e-08 1.11103e-08 1.00895e-08 3.37283e-10 3.57669e-10 4.01157e-10 5.05475e-10 4.01157e-09 2.21131e-09 
scan 950 100 122 1.56132e-08 9.82619e-09 9.02597e-09 1.44348e-10 2.9726e-10 3.12264e-10 5.16404e-10 3.12264e-09 2.20491e-09 
scan 950 100 123 2.09919e-08 1.16962e-08 1.0539e-08 3.08489e-10 4.65959e-10 4.19837e-10 4.09865e-10 4.19837e-09 2.72901e-09 
scan 950 100 124 6.50271e-08 2.36493e-08 1.80825e-08 1.17752e-09 1.30328e-09 1.30054e-09 2.00139e-09 1.30054e-08 7.37506e-09 
scan 950 100 125 5.10348e-09 5.40669e-09 5.10348e-09 1.44348e-10 0 1.0207e-10 3.06209e-10 1.53104e-09 8.47159e-10 
scan 950 100 126 1.47764e-08 9.73518e-09 8.54489e-09 3.3306e-10 2.0492e-10 4.31442e-10 2.96929e-10 4.43293e-09 1.2963e-09 
scan 950 100 127 5.11528e-09 5.36228e-09 5.11528e-09 1.02306e-10 1.02306e-10 1.02306e-10 1.63689e-11 1.53458e-09 4.4875e-10 
scan 950 100 128 0 0 0 0 0 0 0 0 0 
scan 950 100 129 1.00979e-08 7.91668e-09 7.17783e-09 1.2814e-10 1.57471e-10 2.01957e-10 3.83175e-10 3.02936e-09 1.32162e-09 
scan 950 100 130 4.11858e-09 5.85201e-09 4.11858e-09 1.16491e-10 0 8.23716e-11 4.11858e-10 4.11858e-09 3.61312e-10 
scan 950 100 131 3.88193e-08 4.1443e-08 1.37467e-08 8.95592e-10 4.88598e-10 7.76386e-10 1.58734e-09 3.88193e-08 4.17717e-09 
scan 950 100 132 6.35312e-08 6.62627e-08 1.76546e-08 1.26278e-09 8.94184e-10 1.27062e-09 1.77844e-09 6.35312e-08 5.97287e-09 
scan 950 100 133 9.01986e-08 9.30485e-08 2.07564e-08 1.56583e-09 1.37583e-09 2.10593e-09 3.59512e-09 9.01986e-08 8.34865e-09 
scan 950 100 134 7.49857e-07 7.57392e-07 6.15904e-08 1.15395e-08 1.39262e-08 1.58996e-08 1.84551e-08 7.49857e-07 8.15132e-08 
scan 950 100 135 3.013e-08 1.40175e-08 1.23123e-08 6.026e-10 7.38513e-10 7.56058e-10 3.42218e-10 6.026e-09 2.64323e-09 
scan 950 100 136 1.53495e-08 9.57519e-09 8.86204e-09 3.0699e-10 3.0699e-10 6.1437e-10 3.31312e-10 3.0699e-09 1.74601e-09 
scan 950 100 137 9.65344e-09 7.1699e-09 6.83886e-09 1.93069e-10 1.93069e-10 1.93069e-10 2.84378e-10 1.93069e-09 8.46871e-10 
scan 950 100 138 5.10348e-09 5.28612e-09 5.10348e-09 1.53104e-10 1.0207e-10 1.0207e-10 3.06209e-10 1.0207e-09 8.47159e-10 
scan 950 100 139 1.0246e-08 7.59675e-09 7.24502e-09 2.0492e-10 2.0492e-10 3.5861e-10 2.51027e-11 2.0492e-09 8.98855e-10 
scan 950 100 140 0 0 0 0 0 0 0 0 0 
scan 950 100 141 1.0894e-08 8.50614e-09 7.71683e-09 2.1788e-10 2.1788e-10 2.1788e-10 2.66903e-11 3.2682e-09 1.40739e-09 
scan 950 100 142 0 0 0 0 0 0 0 0 0 
scan 950 100 143 0 0 0 0 0 0 0 0 0 
scan 950 100 144 1.00525e-08 7.84311e-09 7.10951e-09 2.0105e-10 2.0105e-10 2.0105e-10 3.82264e-10 3.01575e-09 1.26771e-09 
scan 950 100 145 0 0 0 0 0 0 0 0 0 
scan 950 100 146 1.08853e-08 1.34186e-08 7.71033e-09 2.17706e-10 2.17706e-10 2.17706e-10 3.09907e-11 1.08853e-08 1.40595e-09 
scan 950 100 147 1.0246e-08 1.25894e-08 7.24502e-09 2.0492e-10 2.0492e-10 3.5861e-10 2.51027e-11 1.0246e-08 8.98855e-10 
scan 950 100 148 1.1542e-08 1.42747e-08 8.16142e-09 2.3084e-10 2.3084e-10 4.0397e-10 2.82779e-11 1.1542e-08 1.91593e-09 
scan 950 100 149 3.47313e-08 3.73481e-08 1.31763e-08 6.94626e-10 6.94626e-10 1.02145e-09 8.67272e-10 3.47313e-08 3.49858e-09 
scan 950 100 165 2.68946e-08 1.3624e-08 1.20484e-08 5.37891e-10 5.37891e-10 5.37891e-10 7.40499e-11 5.37891e-09 3.26209e-09 
scan 950 100 166 1.53495e-08 9.56039e-09 8.86204e-09 3.0699e-10 3.0699e-10 3.0699e-10 3.31312e-10 3.0699e-09 1.74601e-09 
scan 950 100 167 1.02265e-08 7.64082e-09 7.23123e-09 2.0453e-10 2.0453e-10 2.0453e-10 3.1876e-10 2.0453e-09 1.29659e-09 
scan 950 100 168 1.5369e-08 9.50192e-09 8.8733e-09 3.0738e-10 3.0738e-10 3.0738e-10 3.76541e-11 3.0738e-09 1.34828e-09 
scan 950 100 169 6.34123e-08 2.34434e-08 1.83314e-08 1.26825e-09 1.26825e-09 1.26825e-09 1.59197e-10 1.26825e-08 6.91806e-09 
scan 950 100 170 0 0 0 0 0 0 0 0 0 
scan 950 100 171 0 0 0 0 0 0 0 0 0 
scan 950 100 172 0 0 0 0 0 0 0 0 0 
scan 950 100 173 1.6017e-08 1.06132e-08 9.26254e-09 3.2034e-10 3.2034e-10 3.2034e-10 3.92416e-11 4.8051e-09 1.85682e-09 
scan 950 100 174 2.17706e-08 1.30397e-08 1.09041e-08 4.35412e-10 4.35412e-10 4.35412e-10 6.19814e-11 6.53118e-09 2.81189e-09 
scan 950 100 175 0 0 0 0 0 0 0 0 0 
scan 950 100 176 1.02383e-08 1.25764e-08 7.23956e-09 2.04766e-10 2.04766e-10 2.04766e-10 2.89202e-11 1.02383e-08 8.98178e-10 
scan 950 100 177 4.16166e-08 4.4359e-08 1.47262e-08 8.32331e-10 8.32331e-10 8.32331e-10 1.09633e-10 4.16166e-08 4.1026e-09 
scan 950 100 178 5.76742e-08 6.05785e-08 1.7409e-08 1.15348e-09 1.15348e-09 1.46086e-09 1.28691e-10 5.76742e-08 5.96299e-09 
scan 950 100 179 4.80394e-07 4.85936e-07 5.01666e-08 9.65318e-09 9.73915e-09 1.0876e-08 2.30705e-09 4.80394e-07 5.02714e-08 
