lumi 9200 368
data L4Tau0DY2ZVMET0to30 FedorID:-999 3 3.50479 0.044573 0.959747 0 0 0 0 0 0 0.00312768 0 0.00132772 3.49965 0.0441966 0.396257 0 0 0 
data L4Tau0DY2ZVMET30to50 FedorID:-999 0 0.503932 0.0159818 0.26075 0 0 0 0 0 0 0.000862358 0 0.000269335 0.50263 0.0167495 0.0569116 0 0 0 
data L4Tau0DY2ZVMET50to100 FedorID:-999 2 0.0645389 0.0057584 0.0498212 0.00102121 0.00242113 5.26651e-05 0 0 0 4.50576e-05 0 1.42486e-05 0.0633817 0.00594783 0.00717657 0 0 0 
data L4Tau0DY2ZVMETgt100 FedorID:-999 0 0.022762 0.0112011 0.0120075 0 0 0 0 0 0 0 0 0 0.0118483 0.00257161 0.00134156 0.0108888 0.00996875 0.00544441 
data L4Tau0DY2MET0to30 FedorID:-999 69 67.1743 0.210061 15.4076 0.0278121 0.012635 0.0014343 0 0 0 0.00455291 0 0.00111964 67.1324 0.193572 7.60125 0.00193181 0.00419887 0.000965906 
data L4Tau0DY2MET30to50 FedorID:-999 9 10.8589 0.0841456 4.80782 0.0131543 0.00868947 0.000678379 0 0 0 0.00102661 0 0.000250021 10.7994 0.0776384 1.22279 0.0437368 0.019979 0.0218684 
data L4Tau0DY2MET50to100 FedorID:-999 1 1.44988 0.0476567 0.859187 0.0235759 0.0116331 0.00121584 0 0 0 7.0931e-05 0 1.82624e-05 1.29958 0.0269325 0.147148 0.126492 0.0339767 0.0632459 
data L4Tau0DY2METgt100 FedorID:-999 0 0.18475 0.0282244 0.0895517 0.00505311 0.00538566 0.000260594 0 0 0 0 0 0 0.117216 0.00808853 0.0132721 0.0624807 0.0238794 0.0312404 
data L4Tau0DY1ZVMET0to30 FedorID:-999 1 0.117973 0.00967116 0.0360136 0.00646729 0.00609286 0.000333525 0 0 0 0.00312768 0 0.00132772 0.103349 0.00759503 0.011702 0.00164845 0.00387871 0.000824223 
data L4Tau0DY1ZVMET30to50 FedorID:-999 0 0.0553341 0.00968705 0.0207288 0.0139461 0.00894718 0.000719214 0 0 0 0.000862358 0 0.000269335 0.0396789 0.00470605 0.00449275 0 0 0 
data L4Tau0DY1ZVMET50to100 FedorID:-999 0 0.0888403 0.0258499 0.0252526 0.0264778 0.0123282 0.00136549 0 0 0 4.50576e-05 0 1.42486e-05 0.0308232 0.00414778 0.00349005 0.0312949 0.0169 0.0156474 
data L4Tau0DY1ZVMETgt100 FedorID:-999 0 0.0200592 0.011683 0.0126676 0 0 0 0 0 0 0 0 0 0.00695362 0.00197007 0.000787342 0.0130489 0.0109128 0.00652446 
data L4Tau0DY1MET0to30 FedorID:-999 0 0.976786 0.0411575 0.27478 0.0493219 0.016826 0.00254358 0 0 0 0.00455291 0 0.00111964 0.848389 0.0217608 0.0960611 0.062574 0.0238972 0.031287 
data L4Tau0DY1MET30to50 FedorID:-999 1 0.452189 0.0258222 0.131215 0.0455345 0.016167 0.00234826 0 0 0 0.00102661 0 0.000250021 0.387192 0.0147008 0.0438409 0.0158448 0.0120253 0.00792242 
data L4Tau0DY1MET50to100 FedorID:-999 1 0.552269 0.0518929 0.143197 0.0564553 0.0180016 0.00291146 0 0 0 7.0931e-05 0 1.82624e-05 0.336688 0.0137085 0.0381224 0.158772 0.038066 0.0793859 
data L4Tau0DY1METgt100 FedorID:-999 0 0.210605 0.0329238 0.0616378 0.0269877 0.0124464 0.00139179 0 0 0 0 0 0 0.100104 0.00747483 0.0113345 0.0835137 0.0276076 0.0417569 
data L4Tau0DY0MET0to30 FedorID:-999 0 0.00320664 0.00137069 0.00983421 0 0 0 0 0 0 1.73046e-05 0 4.79873e-06 0.00308388 0.00131197 0.00034918 0 0 0 
data L4Tau0DY0MET30to50 FedorID:-999 0 0.00191733 0.00113486 0.00974441 0 0 0 0 0 0 0 0 0 0.00191733 0.00103449 0.000217094 0 0 0 
data L4Tau0DY0MET50to100 FedorID:-999 0 0.000838931 0.00052138 0.0106911 0 0 0 0 0 0 1.22151e-05 0 3.38736e-06 0.000807735 0.000671446 9.14579e-05 0 0 0 
data L4Tau0DY0METgt100 FedorID:-999 0 0.00729035 0.00729035 0.0108708 0 0 0 0 0 0 0 0 0 0 0 0 0.00729035 0.00841543 0.00364518 
data L4Tau1DY1ZVMET0to30 FedorID:-999 5 2.43397 0.138746 0.857502 0.249087 0.0378125 0.0128457 0 0 0 0 0 0 0.529982 0.0171991 0.0600086 0.0237836 0.0147329 0.0118918 
data L4Tau1DY1ZVMET30to50 FedorID:-999 2 1.32428 0.413945 0.426056 0.284113 0.0403836 0.014652 0.46492 0.386065 0.23246 0 0 0 0.272286 0.0123279 0.0308303 0.0145549 0.0118482 0.00647612 
data L4Tau1DY1ZVMET50to100 FedorID:-999 2 0.964844 0.172797 0.20077 0.350312 0.0448423 0.018066 0.144103 0.214935 0.0720515 0 0 0 0.161687 0.00949978 0.0183074 0.0675329 0.0248492 0.032804 
data L4Tau1DY1ZVMETgt100 FedorID:-999 3 0.256514 0.0504103 0.0608569 0.0726233 0.0204173 0.00374526 0 0 0 0 0 0 0.048677 0.00521241 0.00551158 0.0672601 0.0247759 0.03363 
data L4Tau1DY1MET0to30 FedorID:-999 12 13.4003 0.321623 4.36394 1.62005 0.0964328 0.0835479 0 0 0 0 0 0 3.25781 0.0426422 0.368874 0.0336049 0.0175126 0.0168024 
data L4Tau1DY1MET30to50 FedorID:-999 4 5.46152 0.221449 1.08808 1.96853 0.1063 0.101519 0 0 0 0 0 0 1.78386 0.0315541 0.201982 0.0380999 0.0188724 0.0138685 
data L4Tau1DY1MET50to100 FedorID:-999 6 3.95584 0.170381 0.69956 2.36852 0.1166 0.122147 0 0 0 0 0 0 1.2665 0.0265876 0.143403 0.0799424 0.0273092 0.0295919 
data L4Tau1DY1METgt100 FedorID:-999 1 1.19113 0.0866419 0.204982 0.733485 0.0648867 0.0378266 0 0 0 0 0 0 0.324418 0.0134564 0.0367331 0.107984 0.0315193 0.0477082 
data L4Tau1DY0MET0to30 FedorID:-999 1 0.140471 0.0338645 0.056936 0.00281988 0.00402323 0.000145424 0 0 0 0 0 0 0.0277688 0.0039369 0.00314419 0 0 0 
data L4Tau1DY0MET30to50 FedorID:-999 0 0.0613053 0.0233464 0.0273447 0.00950952 0.00738821 0.000490416 0 0 0 0 0 0 0.0136981 0.00276507 0.001551 0.0257061 0.0158023 0.012853 
data L4Tau1DY0MET50to100 FedorID:-999 1 0.182585 0.0761065 0.0469539 0.0543303 0.0176596 0.00280187 0.0619288 0.140902 0.0309644 0 0 0 0.0147052 0.00286491 0.00166503 0.0156789 0.0123413 0.00783944 
data L4Tau1DY0METgt100 FedorID:-999 0 0.436197 0.401451 0.223766 0 0 0 0.400818 0.358463 0.200409 0 0 0 0.00338898 0.00137534 0.000383727 0.024604 0.0151989 0.00874808 
data L3Tau0DY1ZVZHMET0to50MTW0to120 FedorID:30 85 102.42 1.99371 9.06188 22.8561 0.362211 1.17871 7.61005 1.56194 3.80503 41.1302 0 5.2495 5.18616 0.0538021 0.587217 0.492643 0.0681956 0.174574 
data L3Tau0DY1ZVZHMET0to50MTW120to160 FedorID:35 0 0.869496 0.0945468 0.137819 0.371931 0.0462053 0.0191809 0 0 0 0.330637 0 0.0421997 0.0776888 0.006585 0.00879653 0.00647174 0.00792889 0.00323587 
data L3Tau0DY1ZVZHMET0to50MTWgt160 FedorID:40 1 0.148845 0.0366144 0.0404872 0.05986 0.0185365 0.00308704 0 0 0 0.0506445 0 0.00646383 0.0191154 0.00326639 0.00216439 0 0 0 
data L3Tau0DY1ZVZHMET50to100MTW0to120 FedorID:31 22 18.447 1.4087 3.55224 11.5789 0.257806 0.597136 4.43736 1.19271 2.21868 0.673139 0 0.0859136 0.60063 0.0183096 0.068008 0.471205 0.0668077 0.169161 
data L3Tau0DY1ZVZHMET50to100MTW120to160 FedorID:36 0 2.01025 0.66792 0.546875 0.565332 0.0569655 0.0291548 0.932952 0.546891 0.466476 0.317383 0 0.040508 0.0387669 0.00465165 0.00438949 0.069361 0.025675 0.0254975 
data L3Tau0DY1ZVZHMET50to100MTWgt160 FedorID:41 0 0.792868 0.0911559 0.0986075 0.465589 0.0516965 0.0240109 0 0 0 0.129057 0 0.0164718 0.0254742 0.00377074 0.00288438 0.0663279 0.0253588 0.032117 
data L3Tau0DY1ZVZHMET100to150MTW0to120 FedorID:32 6 4.23801 0.772769 0.952099 2.27322 0.11423 0.117233 1.54806 0.704474 0.77403 0.035019 0 0.00446952 0.0906805 0.00711432 0.0102675 0.210694 0.0448549 0.0813479 
data L3Tau0DY1ZVZHMET100to150MTW120to160 FedorID:37 2 0.479817 0.352211 0.40138 0.0894729 0.0226624 0.00461421 0.350684 0.335296 0.175342 0.0254327 0 0.00324601 0.00319833 0.0013361 0.00036214 0.0110292 0.0103508 0.0055146 
data L3Tau0DY1ZVZHMET100to150MTWgt160 FedorID:42 1 0.833504 0.237715 0.148848 0.188077 0.032857 0.00969932 0.221097 0.266233 0.110548 0.206315 0 0.0263323 0.0113042 0.00251187 0.00127995 0.143574 0.0372052 0.0635049 
data L3Tau0DY1ZVZHMET150to200MTW0to120 FedorID:33 2 0.835952 0.100898 0.0939961 0.600076 0.0586898 0.0309465 0.0623195 0.141346 0.0311597 0.0500445 0 0.00638725 0.0292989 0.00404392 0.00331745 0.0665119 0.0253187 0.0292635 
data L3Tau0DY1ZVZHMET150to200MTW120to160 FedorID:38 0 0.0658269 0.0277626 0.0226453 0.0270656 0.0124643 0.0013958 0 0 0 0 0 0 0 0 0 0.022745 0.0148311 0.0105663 
data L3Tau0DY1ZVZHMET150to200MTWgt160 FedorID:43 0 0.200396 0.0444438 0.0461585 0.082655 0.0217818 0.0042626 0 0 0 0 0 0 0.00344688 0.00138704 0.000390282 0.0809635 0.0280247 0.0395522 
data L3Tau0DY1ZVZHMETgt200MTW0to120 FedorID:34 2 0.432201 0.0554119 0.0576921 0.36097 0.0455193 0.0186156 0 0 0 0 0 0 0.013512 0.00274623 0.00152994 0.0256899 0.0156245 0.00943377 
data L3Tau0DY1ZVZHMETgt200MTW120to160 FedorID:39 0 0.028302 0.0202486 0.0230335 0 0 0 0 0 0 0 0 0 0 0 0 0.028302 0.016581 0.014151 
data L3Tau0DY1ZVZHMETgt200MTWgt160 FedorID:44 0 0.115911 0.0338039 0.024594 0.0420392 0.0155341 0.00216801 0 0 0 0.02501 0 0.00319207 0.00363304 0.00142401 0.000411361 0.0452289 0.0209295 0.0215238 
data L3Tau0DY1ZVZLMET0to50MTW0to120 FedorID:0 265 290.753 2.35395 28.427 54.2169 0.557863 2.79603 7.25246 1.5248 3.62623 90.5813 0 11.561 15.2043 0.0921211 1.72154 0.255769 0.0488937 0.0932202 
data L3Tau0DY1ZVZLMET0to50MTW120to160 FedorID:5 2 1.66122 0.575748 0.49634 0.714056 0.0640215 0.0368246 0.695401 0.472159 0.3477 0.150802 0 0.0192471 0.100957 0.00750663 0.0114311 0 0 0 
data L3Tau0DY1ZVZLMET0to50MTWgt160 FedorID:10 0 0.197142 0.0669365 0.0572041 0.0655243 0.0193937 0.00337916 0.0572217 0.135441 0.0286109 0.0508933 0 0.00649558 0.0235024 0.00362187 0.00266112 0 0 0 
data L3Tau0DY1ZVZLMET50to100MTW0to120 FedorID:1 63 50.6917 2.3951 9.98739 24.7576 0.376976 1.27677 13.9788 2.11693 6.98941 7.84683 0 1.0015 1.33677 0.0273153 0.15136 0.294634 0.052565 0.10524 
data L3Tau0DY1ZVZLMET50to100MTW120to160 FedorID:6 3 3.2339 0.619879 0.773938 1.56835 0.0948814 0.0808813 1.177 0.61427 0.5885 0.274646 0 0.0350534 0.102101 0.00754903 0.0115606 0.0587396 0.0237035 0.0231552 
data L3Tau0DY1ZVZLMET50to100MTWgt160 FedorID:11 4 2.34203 0.732672 0.6934 0.756231 0.0658851 0.0389996 1.28393 0.641567 0.641965 0.13489 0 0.0172161 0.0807658 0.00671414 0.00914493 0.0654709 0.0244441 0.0327355 
data L3Tau0DY1ZVZLMET100to150MTW0to120 FedorID:2 5 5.85819 0.975812 1.76375 3.04268 0.132156 0.156914 2.36816 0.871319 1.18408 0.0348228 0 0.00444449 0.103163 0.00758819 0.0116809 0.193132 0.0423654 0.074389 
data L3Tau0DY1ZVZLMET100to150MTW120to160 FedorID:7 0 1.02249 0.550544 0.698524 0.213866 0.0350373 0.0110293 0.659246 0.459721 0.329623 0.0437624 0 0.00558546 0.0148253 0.0028766 0.00167864 0.0907901 0.029445 0.0350706 
data L3Tau0DY1ZVZLMET100to150MTWgt160 FedorID:12 0 1.75206 0.713521 0.779073 0.588254 0.0581089 0.0303369 1.05657 0.581995 0.528283 0.0231738 0 0.0029577 0.0445876 0.00498865 0.00504855 0.0394769 0.0192424 0.0140914 
data L3Tau0DY1ZVZLMET150to200MTW0to120 FedorID:3 1 1.1798 0.25103 0.340955 0.823121 0.0687372 0.0424492 0.236518 0.275362 0.118259 0.0148081 0 0.00188998 0.0182835 0.00319452 0.0020702 0.0599261 0.0238538 0.0218632 
data L3Tau0DY1ZVZLMET150to200MTW120to160 FedorID:8 0 0.0687424 0.0216586 0.032792 0.0597376 0.0185176 0.00308073 0 0 0 0 0 0 0.000991937 0.000744078 0.000112315 0.00801281 0.00882255 0.0040064 
data L3Tau0DY1ZVZLMET150to200MTWgt160 FedorID:13 1 0.983522 0.578658 0.494071 0.118961 0.0261314 0.00613497 0.806786 0.508569 0.403393 0 0 0 0.0114777 0.00253107 0.00129959 0.0204645 0.0138945 0.00724295 
data L3Tau0DY1ZVZLMETgt200MTW0to120 FedorID:4 1 0.454867 0.060708 0.131927 0.345944 0.0445618 0.0178407 0 0 0 0.0495811 0 0.00632811 0.00833973 0.00215751 0.000944288 0.0259057 0.0156452 0.00920149 
data L3Tau0DY1ZVZLMETgt200MTW120to160 FedorID:9 0 0.0907283 0.0308364 0.0213698 0.0416269 0.0154578 0.00214674 0 0 0 0.0252781 0 0.00322628 0.000782368 0.000660818 8.85857e-05 0.0230409 0.0149607 0.0115205 
data L3Tau0DY1ZVZLMETgt200MTWgt160 FedorID:14 0 0.199163 0.0649603 0.0772592 0.13191 0.0275169 0.00680276 0.057742 0.136056 0.028871 0 0 0 0.00951036 0.00230396 0.00107684 0 0 0 
data L3Tau0DY1MET0to50MTW0to120 FedorID:15 1935 2148.23 4.76787 187.665 539.809 1.76027 27.8385 4.47833 1.1982 2.23916 742.053 0 94.7092 122.862 0.26187 13.9114 1.3539 0.111537 0.609601 
data L3Tau0DY1MET0to50MTW120to160 FedorID:20 11 7.6559 0.23512 1.19455 5.42648 0.17649 0.279849 0 0 0 1.08653 0 0.138676 0.951042 0.0230397 0.107684 0.043029 0.0198167 0.0215145 
data L3Tau0DY1MET0to50MTWgt160 FedorID:25 0 1.45938 0.122273 0.143362 0.817423 0.0684988 0.0421553 0.0606386 0.139427 0.0303193 0.355454 0 0.0453671 0.196738 0.010479 0.0222762 0.0131273 0.0109455 0.00656363 
data L3Tau0DY1MET50to100MTW0to120 FedorID:16 376 378.24 2.37959 52.7093 335.55 1.38784 17.3047 7.93726 1.59517 3.96863 9.49317 0 1.21163 13.1291 0.085604 1.48658 1.94777 0.133693 0.894794 
data L3Tau0DY1MET50to100MTW120to160 FedorID:21 11 10.6897 0.757634 2.51577 8.74559 0.224055 0.45102 1.20835 0.622396 0.604174 0.161467 0 0.0206083 0.403264 0.0150028 0.0456606 0.125932 0.0340501 0.0550508 
data L3Tau0DY1MET50to100MTWgt160 FedorID:26 3 2.88058 0.145663 0.357112 2.33116 0.115677 0.120221 0 0 0 0.267233 0 0.0341073 0.186901 0.0102137 0.0211624 0.0379568 0.0186121 0.0189784 
data L3Tau0DY1MET100to150MTW0to120 FedorID:17 61 62.916 1.24201 9.18726 57.1693 0.57285 2.94828 3.2477 1.02037 1.62385 0.0705377 0 0.00900283 1.63171 0.0301785 0.184755 0.734571 0.0820238 0.347538 
data L3Tau0DY1MET100to150MTW120to160 FedorID:22 0 1.38207 0.111079 0.309482 1.23068 0.084049 0.0634675 0.0606149 0.139399 0.0303075 0 0 0 0.0323565 0.00424969 0.00366365 0.0584206 0.023454 0.0206569 
data L3Tau0DY1MET100to150MTWgt160 FedorID:27 1 1.68709 0.112327 0.161375 1.44362 0.0910304 0.074449 0 0 0 0.0743328 0 0.0094872 0.0637807 0.00596652 0.00722174 0.105355 0.0312784 0.0409486 
data L3Tau0DY1MET150to200MTW0to120 FedorID:18 13 15.3082 0.469237 1.9109 14.1157 0.28465 0.727962 0.568443 0.426888 0.284221 0.00241184 0 0.000307827 0.365715 0.0142872 0.0414091 0.238751 0.046962 0.0994289 
data L3Tau0DY1MET150to200MTW120to160 FedorID:23 1 0.590101 0.389396 0.243811 0.155917 0.0299162 0.00804079 0.387514 0.352464 0.193757 0 0 0 0.00363885 0.00142514 0.000412019 0.0430311 0.0199252 0.0182317 
data L3Tau0DY1MET150to200MTWgt160 FedorID:28 1 0.579218 0.069911 0.0806255 0.421009 0.0491593 0.0217119 0 0 0 0.0509654 0 0.00650478 0.0153723 0.00292918 0.00174057 0.0918712 0.0291248 0.0385115 
data L3Tau0DY1METgt200MTW0to120 FedorID:19 3 9.16311 0.251374 1.14345 8.69457 0.2234 0.448388 0 0 0 0.0305706 0 0.00390176 0.154887 0.00929788 0.0175375 0.229543 0.0457702 0.114772 
data L3Tau0DY1METgt200MTW120to160 FedorID:24 1 0.14231 0.0330646 0.040394 0.127168 0.0270177 0.00655817 0 0 0 0 0 0 0.00138509 0.000879257 0.000156831 0.0137576 0.0112052 0.00687879 
data L3Tau0DY1METgt200MTWgt160 FedorID:29 1 0.63402 0.382451 0.216067 0.191943 0.033193 0.00989872 0.379804 0.34894 0.189902 0 0 0 0.00696777 0.00197208 0.000788945 0.0553054 0.022664 0.0214532 
data L3Tau0DY0SSOFHMET0to50MTW0to120 FedorID:75 2 1.55452 0.413318 0.539203 0.144594 0.0288095 0.00745688 0.633942 0.450813 0.316971 0.450408 0 0.0467156 0.0238317 0.00364715 0.00269841 0.0419576 0.0200262 0.0163921 
data L3Tau0DY0SSOFHMET0to50MTW120to160 FedorID:80 0 0.0197876 0.0113763 0.061905 0 0 0 0 0 0 0.0112062 0 0.00143026 0.00183848 0.00101299 0.000208167 0 0 0 
data L3Tau0DY0SSOFHMET0to50MTWgt160 FedorID:85 0 0.000112286 0.000112286 0.00971449 0 0 0 0 0 0 0 0 0 0.000112286 0.000250346 1.27139e-05 0 0 0 
data L3Tau0DY0SSOFHMET50to100MTW0to120 FedorID:76 0 1.36977 0.680381 0.745456 0.0471722 0.0164552 0.00243272 1.04963 0.580082 0.524815 0.140458 0 0.0182429 0.00214882 0.00109516 0.000243306 0.0641967 0.0249116 0.0296348 
data L3Tau0DY0SSOFHMET50to100MTW120to160 FedorID:81 1 0.114622 0.0334163 0.0302708 0.0605566 0.0186441 0.00312297 0 0 0 0.0224502 0 0.00286534 0.000879114 0.000700486 9.95401e-05 0.0307359 0.0172793 0.015368 
data L3Tau0DY0SSOFHMET50to100MTWgt160 FedorID:86 0 0.72655 0.58912 0.38213 0.0247693 0.0119239 0.00127738 0.587609 0.434025 0.293804 0.0161738 0 0.00206429 0.00120303 0.000819434 0.000136216 0.0870521 0.0289397 0.0372574 
data L3Tau0DY0SSOFHMET100to150MTW0to120 FedorID:77 0 0.0692983 0.0264753 0.062021 0.00424057 0.00493369 0.000218691 0 0 0 0.0256699 0 0.00327629 0 0 0 0.0118021 0.0107073 0.00590106 
data L3Tau0DY0SSOFHMET100to150MTW120to160 FedorID:82 0 0.0331298 0.0160391 0.0114762 0 0 0 0 0 0 0.0248657 0 0.00317365 0 0 0 0.00826412 0.00868457 0.00413206 
data L3Tau0DY0SSOFHMET100to150MTWgt160 FedorID:87 0 0.0644848 0.0247748 0.258015 0.0310173 0.0133433 0.00159959 0 0 0 0.0121483 0 0.0015505 0.00261571 0.00120829 0.00029617 0.0187036 0.0134792 0.00935178 
data L3Tau0DY0SSOFHMET150to200MTW0to120 FedorID:78 0 0.00881648 0.0122481 0.018476 0 0 0 0 0 0 0.00828321 0 0.0010572 0.000110697 0.000248567 1.2534e-05 0 0 0 
data L3Tau0DY0SSOFHMET150to200MTW120to160 FedorID:83 0 0 0 0.00971413 0 0 0 0 0 0 0 0 0 0 0 0 0 0 0 
data L3Tau0DY0SSOFHMET150to200MTWgt160 FedorID:88 0 0.00137208 0.000971672 0.011502 0 0 0 0 0 0 0 0 0 0.00137208 0.000875116 0.000155357 0 0 0 
data L3Tau0DY0SSOFHMETgt200MTW0to120 FedorID:79 0 0.0157468 0.0157468 0.0206259 0 0 0 0 0 0 0 0 0 0 0 0 0.0157468 0.011988 0.00787341 
data L3Tau0DY0SSOFHMETgt200MTW120to160 FedorID:84 0 0 0 0.00971413 0 0 0 0 0 0 0 0 0 0 0 0 0 0 0 
data L3Tau0DY0SSOFHMETgt200MTWgt160 FedorID:89 0 0.0305551 0.0143158 0.00935245 0.0161074 0.00961551 0.000830675 0 0 0 0.0126611 0 0.00161595 0 0 0 0.00178662 0.00416599 0.000893309 
data L3Tau0DY0SSMET0to50MTW0to120 FedorID:45 20 22.2044 1.81657 5.09229 2.93732 0.129848 0.151481 8.42876 1.64381 4.21438 4.47719 0 0.520896 0.561422 0.017702 0.0635685 0.081479 0.0278186 0.029794 
data L3Tau0DY0SSMET0to50MTW120to160 FedorID:50 0 0.170018 0.0345663 0.0257214 0.074574 0.0206897 0.00384586 0 0 0 0.0185777 0 0.0020788 0.0122558 0.00261546 0.0013877 0.0158759 0.0124186 0.00793794 
data L3Tau0DY0SSMET0to50MTWgt160 FedorID:55 1 0.0290611 0.0123051 0.0124785 0.0155532 0.00944866 0.000802097 0 0 0 0.00377792 0 0.00045335 0.000473046 0.000513841 5.3562e-05 0 0 0 
data L3Tau0DY0SSMET50to100MTW0to120 FedorID:46 12 12.9623 1.89705 5.21465 1.54999 0.0943245 0.0799348 9.21309 1.7186 4.60654 1.01427 0 0.128931 0.111767 0.00789828 0.0126551 0.235927 0.0475575 0.0958355 
data L3Tau0DY0SSMET50to100MTW120to160 FedorID:51 1 1.70388 0.621968 0.763831 0.276393 0.0398312 0.0142539 1.04815 0.579673 0.524076 0.0979107 0 0.0128367 0.029484 0.00405667 0.0033384 0.12378 0.0345593 0.0554543 
data L3Tau0DY0SSMET50to100MTWgt160 FedorID:56 1 0.831008 0.49949 0.29106 0.133725 0.0277055 0.00689635 0.496909 0.399126 0.248455 0.0845801 0 0.0104744 0.0258108 0.00379557 0.0029225 0.0149579 0.0120542 0.00747897 
data L3Tau0DY0SSMET100to150MTW0to120 FedorID:47 2 2.59185 0.942253 1.52594 0.27121 0.039456 0.0139866 1.91397 0.783318 0.956983 0.17763 0 0.0226711 0.0101406 0.00237908 0.0011482 0.0750136 0.0269384 0.0350368 
data L3Tau0DY0SSMET100to150MTW120to160 FedorID:52 1 0.631364 0.477226 0.298268 0.0445518 0.0159916 0.00229759 0.533048 0.413384 0.266524 0.0192252 0 0.00245374 0.00421624 0.00153405 0.000477396 0.0282652 0.016098 0.013162 
data L3Tau0DY0SSMET100to150MTWgt160 FedorID:57 0 1.63391 0.833635 0.832707 0.0874847 0.0224092 0.00451168 1.40502 0.67114 0.702512 0.0693103 0 0.00853298 0.0279747 0.00395148 0.00316751 0.0410367 0.0197563 0.0151889 
data L3Tau0DY0SSMET150to200MTW0to120 FedorID:48 0 0.182296 0.062526 0.0658738 0.0803838 0.0214805 0.00414548 0.0523047 0.129492 0.0261523 0.0122092 0 0.0019395 0.00229003 0.00113057 0.000259295 0.0241245 0.0150905 0.00854761 
data L3Tau0DY0SSMET150to200MTW120to160 FedorID:53 1 0.0167026 0.0106701 0.0268452 0.0148503 0.00923268 0.000765846 0 0 0 0 0 0 0 0 0 0.00185229 0.00424187 0.000926147 
data L3Tau0DY0SSMET150to200MTWgt160 FedorID:58 0 0.0758762 0.0232692 0.0186159 0.0380083 0.0147706 0.00196013 0 0 0 0.026431 0 0.00306035 0.00366564 0.00143038 0.000415052 0 0 0 
data L3Tau0DY0SSMETgt200MTW0to120 FedorID:49 0 0.0619767 0.0244281 0.0154763 0.0309531 0.0133294 0.00159628 0 0 0 0.0158319 0 0.00202065 0.000986666 0.000742098 0.000111718 0 0 0 
data L3Tau0DY0SSMETgt200MTW120to160 FedorID:54 0 0.0123231 0.00767711 0.00995301 0.00341169 0.00442532 0.000175944 0 0 0 0 0 0 0 0 0 0 0 0 
data L3Tau0DY0SSMETgt200MTWgt160 FedorID:59 0 0.0842266 0.0290454 0.0210135 0.0378141 0.0147328 0.00195011 0 0 0 0 0 0 0.00433554 0.0015556 0.000490904 0.0378789 0.0188242 0.0137208 
data L3Tau1DY1ZVZHMET0to50MTW0to120 FedorID:-999 860 862.994 207.635 15.262 3.81797 0.148039 0.196897 29.0656 3.05254 14.5328 0 0 0 1.22272 0.026124 0.138445 0.0964865 0.0301285 0.0341439 
data L3Tau1DY1ZVZHMET0to50MTW120to160 FedorID:-999 0 0.575891 0.325959 0.0121054 0.0288054 0.0128587 0.00148552 0 0 0 0 0 0 0.0025568 0.00119461 0.000289501 0 0 0 
data L3Tau1DY1ZVZHMET0to50MTWgt160 FedorID:-999 0 0.00988188 0.00829352 0.200159 0.0082196 0.00686887 0.000423894 0 0 0 0 0 0 0.00166227 0.000963225 0.000188215 0 0 0 
data L3Tau1DY1ZVZHMET50to100MTW0to120 FedorID:-999 82 51.9645 7.67087 13.0968 2.18982 0.112115 0.112931 25.0971 2.8365 12.5485 0 0 0 0.356167 0.0140995 0.040328 0.106635 0.0317582 0.0380147 
data L3Tau1DY1ZVZHMET50to100MTW120to160 FedorID:-999 5 1.66976 0.910178 0.465937 0.105979 0.0246643 0.00546543 0.497596 0.399401 0.248798 0 0 0 0.00525625 0.00171283 0.000595153 0 0 0 
data L3Tau1DY1ZVZHMET50to100MTWgt160 FedorID:-999 1 1.25612 0.632125 0.0666326 0.078967 0.0212903 0.00407241 0.0595072 0.13812 0.0297536 0 0 0 0.00179423 0.00100073 0.000203156 0.00803325 0.00877881 0.00329729 
data L3Tau1DY1ZVZHMET100to150MTW0to120 FedorID:-999 5 12.5512 2.61723 5.90461 0.478144 0.0523889 0.0246584 11.2967 1.90304 5.64836 0 0 0 0.0579938 0.00568941 0.00656651 0.00401306 0.00624367 0.00200653 
data L3Tau1DY1ZVZHMET100to150MTW120to160 FedorID:-999 1 2.61285 1.03149 0.964903 0.062909 0.0190027 0.00324429 1.76147 0.751466 0.880737 0 0 0 0.00255935 0.0011952 0.000289789 0.0132755 0.0110072 0.00663776 
data L3Tau1DY1ZVZHMET100to150MTWgt160 FedorID:-999 1 0.444759 0.240116 0.448842 0.0392139 0.0150031 0.0020223 0.121012 0.196963 0.0605059 0 0 0 0.00213541 0.00109174 0.000241788 0.0205309 0.0138191 0.00783006 
data L3Tau1DY1ZVZHMET150to200MTW0to120 FedorID:-999 2 2.0957 0.90701 1.19076 0.133701 0.027703 0.00689509 1.91908 0.784365 0.959541 0 0 0 0.012854 0.00267852 0.00145543 0.0300624 0.0168353 0.0106323 
data L3Tau1DY1ZVZHMET150to200MTW120to160 FedorID:-999 1 0.0147405 0.00856877 0.225242 0.0147405 0.00919849 0.000760186 0 0 0 0 0 0 0 0 0 0 0 0 
data L3Tau1DY1ZVZHMET150to200MTWgt160 FedorID:-999 1 0.575071 0.385381 0.161299 0.00714465 0.00640399 0.000368457 0.314683 0.31762 0.157341 0 0 0 0.000583509 0.00057069 6.60694e-05 0 0 0 
data L3Tau1DY1ZVZHMETgt200MTW0to120 FedorID:-999 1 0.357398 0.246532 0.0628483 0.0633862 0.0190747 0.00326889 0 0 0 0 0 0 0.00609939 0.0018451 0.00069062 0.0165575 0.0126824 0.00827877 
data L3Tau1DY1ZVZHMETgt200MTW120to160 FedorID:-999 0 0.064907 0.059139 0.033692 0.0187076 0.0103626 0.00096477 0 0 0 0 0 0 0 0 0 0.0259907 0.0158895 0.0129953 
data L3Tau1DY1ZVZHMETgt200MTWgt160 FedorID:-999 0 0.371926 0.353498 0.269554 0.0174474 0.0100075 0.000899781 0.353308 0.336549 0.176654 0 0 0 0.00117091 0.000808423 0.00013258 0 0 0 
data L3Tau1DY1ZVZLMET0to50MTW0to120 FedorID:-999 4875 4152.33 1028.52 15.2382 9.48204 0.233298 0.488999 26.494 2.91437 13.247 0 0 0 3.80137 0.0460624 0.43042 0.106992 0.0316782 0.0381943 
data L3Tau1DY1ZVZLMET0to50MTW120to160 FedorID:-999 1 1.48702 0.650181 0.0308424 0.0588693 0.0183825 0.00303595 0 0 0 0 0 0 0.00837805 0.00216246 0.000948627 0 0 0 
data L3Tau1DY1ZVZLMET0to50MTWgt160 FedorID:-999 1 0.0134524 0.00963389 0.200244 0.0134524 0.00878739 0.000693754 0 0 0 0 0 0 0 0 0 0 0 0 
data L3Tau1DY1ZVZLMET50to100MTW0to120 FedorID:-999 166 142.832 27.5459 16.5637 4.16556 0.154631 0.214822 30.7409 3.13928 15.3705 0 0 0 0.532834 0.0172454 0.0603316 0.158051 0.0384583 0.0571189 
data L3Tau1DY1ZVZLMET50to100MTW120to160 FedorID:-999 11 11.0858 2.55079 2.15161 0.271876 0.0395044 0.0140209 3.40184 1.04431 1.70092 0 0 0 0.0331843 0.00430371 0.00375738 0.0197677 0.0138574 0.00988387 
data L3Tau1DY1ZVZLMET50to100MTWgt160 FedorID:-999 1 1.83603 0.713587 0.0279841 0.126455 0.0269419 0.00652143 0 0 0 0 0 0 0.00961621 0.00231675 0.00108882 0.00211975 0.00453779 0.00105988 
data L3Tau1DY1ZVZLMET100to150MTW0to120 FedorID:-999 16 14.2946 2.71429 4.9433 0.639578 0.0605908 0.0329837 9.08369 1.70648 4.54184 0 0 0 0.0465983 0.0050999 0.00527622 0.0785733 0.027031 0.0300429 
data L3Tau1DY1ZVZLMET100to150MTW120to160 FedorID:-999 2 6.47497 1.68083 2.5273 0.0615222 0.0187921 0.00317277 4.76284 1.23567 2.38142 0 0 0 0.00307236 0.00130952 0.000347876 0.00188331 0.00414583 0.000941656 
data L3Tau1DY1ZVZLMET100to150MTWgt160 FedorID:-999 3 1.43078 0.676701 1.01157 0.0970669 0.0236045 0.00500584 0.470248 0.388271 0.235124 0 0 0 0.00491186 0.00165577 0.000556158 0 0 0 
data L3Tau1DY1ZVZLMET150to200MTW0to120 FedorID:-999 3 3.27402 1.10383 1.44674 0.178883 0.0320438 0.00922517 2.58086 0.909605 1.29043 0 0 0 0.00536828 0.00173099 0.000607838 0.0108506 0.0102667 0.0054253 
data L3Tau1DY1ZVZLMET150to200MTW120to160 FedorID:-999 2 1.12759 0.697247 0.840384 0.0355357 0.0142821 0.00183261 0.97499 0.559076 0.487495 0 0 0 0 0 0 0 0 0 
data L3Tau1DY1ZVZLMET150to200MTWgt160 FedorID:-999 0 1.43682 0.763383 0.808305 0.0398592 0.015126 0.00205558 1.03446 0.575874 0.51723 0 0 0 0.00163243 0.000954538 0.000184836 0.0164026 0.0126229 0.00820128 
data L3Tau1DY1ZVZLMETgt200MTW0to120 FedorID:-999 1 0.501812 0.252798 0.267387 0.109382 0.0250572 0.00564094 0.336578 0.328484 0.168289 0 0 0 0.00356776 0.00141115 0.000403969 0 0 0 
data L3Tau1DY1ZVZLMETgt200MTW120to160 FedorID:-999 0 0.0399287 0.0531395 0.0259957 0.0102529 0.00767156 0.000528754 0 0 0 0 0 0 0 0 0 0 0 0 
data L3Tau1DY1ZVZLMETgt200MTWgt160 FedorID:-999 1 0.137548 0.0958353 0.00999935 0.0155163 0.00943745 0.000800194 0 0 0 0 0 0 0 0 0 0 0 0 
data L3Tau1DY1MET0to50MTW0to120 FedorID:-999 24551 22928.1 5708.96 15.9107 52.8297 0.55068 2.72449 17.8179 2.39001 8.90893 0 0 0 22.7673 0.112728 2.57789 0.421736 0.0621656 0.198026 
data L3Tau1DY1MET0to50MTW120to160 FedorID:-999 8 6.20895 1.74149 0.225895 0.0893443 0.0226461 0.00460758 0.365348 0.342235 0.182674 0 0 0 0.0395777 0.00470004 0.0044813 0 0 0 
data L3Tau1DY1MET0to50MTWgt160 FedorID:-999 0 0.261257 0.113453 0.0352185 0.0540343 0.0176114 0.00278661 0 0 0 0 0 0 0.0076934 0.00207222 0.000871106 0 0 0 
data L3Tau1DY1MET50to100MTW0to120 FedorID:-999 554 467.793 102.664 13.32 32.7125 0.433328 1.68702 20.8545 2.58565 10.4272 0 0 0 5.0457 0.0530686 0.571313 0.323543 0.0547987 0.126539 
data L3Tau1DY1MET50to100MTW120to160 FedorID:-999 12 11.2748 2.68531 1.44878 0.39537 0.0476389 0.0203897 2.63447 0.919004 1.31723 0 0 0 0.0425021 0.00487059 0.00481241 0 0 0 
data L3Tau1DY1MET50to100MTWgt160 FedorID:-999 1 1.35699 0.521628 0.967246 0.0673849 0.0196671 0.00347511 0.127066 0.20183 0.0635332 0 0 0 0.0117058 0.00255609 0.00132542 0 0 0 
data L3Tau1DY1MET100to150MTW0to120 FedorID:-999 16 15.9094 2.01612 3.27192 7.59155 0.208749 0.391504 4.5365 1.20596 2.26825 0 0 0 0.618021 0.0185728 0.0699771 0.107215 0.031436 0.0460777 
data L3Tau1DY1MET100to150MTW120to160 FedorID:-999 4 4.74648 1.43707 2.43358 0.137748 0.0281192 0.00710381 3.75725 1.0975 1.87863 0 0 0 0.00797162 0.00210936 0.000902609 0.0121711 0.0105946 0.00518901 
data L3Tau1DY1MET100to150MTWgt160 FedorID:-999 0 1.63487 0.847549 0.817853 0.109797 0.0251047 0.00566234 1.06227 0.583563 0.531133 0 0 0 0.00734654 0.00202497 0.000831832 0 0 0 
data L3Tau1DY1MET150to200MTW0to120 FedorID:-999 4 3.50168 0.605313 0.688014 2.48521 0.119438 0.128165 0.823968 0.513956 0.411984 0 0 0 0.132535 0.00860086 0.0150066 0.0456862 0.0206484 0.0168619 
data L3Tau1DY1MET150to200MTW120to160 FedorID:-999 0 0.87587 0.444411 0.0212015 0.105193 0.0245727 0.0054249 0 0 0 0 0 0 0.00416474 0.00152465 0.000471564 0 0 0 
data L3Tau1DY1MET150to200MTWgt160 FedorID:-999 0 0.0564647 0.0580131 0.0132274 0.0364863 0.0144719 0.00188163 0 0 0 0 0 0 0.00229949 0.0011329 0.000260366 0 0 0 
data L3Tau1DY1METgt200MTW0to120 FedorID:-999 2 1.63823 0.238698 0.196909 1.39911 0.0896162 0.0721537 0 0 0 0 0 0 0.0558686 0.00558419 0.00632587 0.0170386 0.01247 0.0085193 
data L3Tau1DY1METgt200MTW120to160 FedorID:-999 0 0.439583 0.317196 0.182113 0.0316675 0.0134824 0.00163313 0.307865 0.31416 0.153932 0 0 0 0.000877909 0.000700005 9.94036e-05 0 0 0 
data L3Tau1DY1METgt200MTWgt160 FedorID:-999 0 0.0720424 0.0526342 0.010396 0.0216177 0.0111395 0.00111485 0 0 0 0 0 0 0 0 0 0.00202788 0.004302 0.00101394 
data L3Tau1DY0OFHMET0to50MTW0to120 FedorID:165 20 28.5619 5.26365 6.17251 0.273258 0.0396047 0.0140922 11.1705 1.89238 5.58525 0 0 0 0.0229153 0.00357635 0.00259465 0.0737327 0.026141 0.0293609 
data L3Tau1DY0OFHMET0to50MTW120to160 FedorID:170 1 1.18851 0.772717 0.722388 0.0144762 0.00911563 0.000746551 0.982736 0.561293 0.491368 0 0 0 0 0 0 0.0319666 0.0176218 0.0159833 
data L3Tau1DY0OFHMET0to50MTWgt160 FedorID:175 1 0.537434 0.376834 0.175975 0 0 0 0 0 0 0 0 0 0.000633221 0.000594503 7.16982e-05 0 0 0 
data L3Tau1DY0OFHMET50to100MTW0to120 FedorID:166 12 12.5174 2.68272 4.70902 0.0826391 0.0217797 0.00426179 9.0881 1.7069 4.54405 0 0 0 0.00957124 0.00231132 0.00108373 0.0970176 0.0303287 0.0350264 
data L3Tau1DY0OFHMET50to100MTW120to160 FedorID:171 1 3.82527 1.36864 1.95932 0.0194774 0.0105737 0.00100447 2.90249 0.96462 1.45124 0 0 0 0.000855238 0.000690908 9.68366e-05 0 0 0 
data L3Tau1DY0OFHMET50to100MTWgt160 FedorID:176 0 2.50109 0.931112 0.537136 0.0270802 0.0124677 0.00139656 0.916198 0.541958 0.458099 0 0 0 0.00115972 0.00080455 0.000131312 0.0249404 0.015267 0.00909868 
data L3Tau1DY0OFHMET100to150MTW0to120 FedorID:167 3 2.42352 1.01053 0.753534 0.0281258 0.0127061 0.00145048 0.816678 0.511678 0.408339 0 0 0 0.000726225 0.000636666 8.22287e-05 0 0 0 
data L3Tau1DY0OFHMET100to150MTW120to160 FedorID:172 1 0.320261 0.362941 0.865606 0 0 0 0.154266 0.222386 0.0771332 0 0 0 0 0 0 0 0 0 
data L3Tau1DY0OFHMET100to150MTWgt160 FedorID:177 1 0.979122 0.616696 0.585132 0.0157874 0.00951951 0.000814171 0.207885 0.258156 0.103943 0 0 0 0.000276291 0.000392699 3.12838e-05 0.0320497 0.0176447 0.0160249 
data L3Tau1DY0OFHMET150to200MTW0to120 FedorID:168 0 0.920195 0.615223 0.671269 0.001199 0.00262344 6.18339e-05 0.912923 0.540989 0.456461 0 0 0 0 0 0 0 0 0 
data L3Tau1DY0OFHMET150to200MTW120to160 FedorID:173 0 0 0 0.2 0 0 0 0 0 0 0 0 0 0 0 0 0 0 0 
data L3Tau1DY0OFHMET150to200MTWgt160 FedorID:178 1 0.219918 0.198657 0.273967 0.00701411 0.00634522 0.000361725 0.198009 0.25195 0.0990045 0 0 0 0 0 0 0.014895 0.0116593 0.00744752 
data L3Tau1DY0OFHMETgt200MTW0to120 FedorID:169 0 0.00365868 0.00258708 0.518712 0 0 0 0 0 0 0 0 0 0 0 0 0.00365868 0.00596162 0.00182934 
data L3Tau1DY0OFHMETgt200MTW120to160 FedorID:174 0 0.0524229 0.0524229 0.20206 0 0 0 0.0524229 0.129638 0.0262115 0 0 0 0 0 0 0 0 0 
data L3Tau1DY0OFHMETgt200MTWgt160 FedorID:179 0 0.0742167 0.0798219 0.0106346 0.00883152 0.00711996 0.000455451 0 0 0 0 0 0 0.000788438 0.000663377 8.9273e-05 0 0 0 
data L3Tau1DY0MET0to50MTW0to120 FedorID:135 321 330.273 68.0455 27.7024 7.21549 0.203513 0.37211 52.0575 4.08519 26.0288 0 0 0 1.30595 0.0269986 0.14787 0.133711 0.0357895 0.0537716 
data L3Tau1DY0MET0to50MTW120to160 FedorID:140 1 1.20597 0.816905 0.437284 0.228006 0.0361771 0.0117585 0.454307 0.381633 0.227153 0 0 0 0.0332167 0.00430581 0.00376105 0 0 0 
data L3Tau1DY0MET0to50MTWgt160 FedorID:145 1 1.2655 0.591857 0.120488 0.00457388 0.00512392 0.00023588 0.157369 0.224611 0.0786844 0 0 0 0.0056777 0.00178018 0.000642873 0 0 0 
data L3Tau1DY0MET50to100MTW0to120 FedorID:136 126 121.536 14.2955 35.9255 4.27418 0.156634 0.220424 67.6443 4.65679 33.8221 0 0 0 0.232059 0.0113809 0.0262755 0.279697 0.0513791 0.09907 
data L3Tau1DY0MET50to100MTW120to160 FedorID:141 20 17.1575 3.13147 5.91538 0.712027 0.0639305 0.03672 10.2168 1.80979 5.10842 0 0 0 0.0595784 0.00576662 0.00674593 0.0790476 0.0273507 0.0282471 
data L3Tau1DY0MET50to100MTWgt160 FedorID:146 9 8.41125 2.04338 2.16714 0.408347 0.0484144 0.0210589 4.04843 1.13924 2.02422 0 0 0 0.0425927 0.00487578 0.00482267 0.0361508 0.0187396 0.0180754 
data L3Tau1DY0MET100to150MTW0to120 FedorID:137 27 20.7106 3.37926 9.34257 0.651375 0.061147 0.0335921 17.5288 2.37054 8.76441 0 0 0 0.0263846 0.00383753 0.00298747 0.056516 0.023095 0.0200163 
data L3Tau1DY0MET100to150MTW120to160 FedorID:142 8 6.39274 1.57706 3.17223 0.0763953 0.0209408 0.00393979 6.06975 1.39494 3.03488 0 0 0 0.00610101 0.00184534 0.000690804 0.0197792 0.0136332 0.00701498 
data L3Tau1DY0MET100to150MTWgt160 FedorID:147 7 4.97385 1.67597 1.97486 0.208493 0.0345944 0.0107522 3.40982 1.04553 1.70491 0 0 0 0.0255939 0.00377959 0.00289794 0.0625272 0.0242233 0.0222729 
data L3Tau1DY0MET150to200MTW0to120 FedorID:138 3 3.97957 1.1709 1.9793 0.164919 0.0307677 0.00850504 3.70353 1.08963 1.85177 0 0 0 0.00596308 0.00182437 0.000675186 0.0424979 0.0198895 0.0160762 
data L3Tau1DY0MET150to200MTW120to160 FedorID:143 1 0.216713 0.315375 0.0178439 0.0219698 0.0112298 0.00113301 0 0 0 0 0 0 0.00165368 0.000960733 0.000187243 0.0146727 0.0119387 0.00733635 
data L3Tau1DY0MET150to200MTWgt160 FedorID:148 1 0.384944 0.257517 0.997995 0.0612578 0.0187517 0.00315913 0.316543 0.318557 0.158271 0 0 0 0.00714316 0.00199674 0.000808803 0 0 0 
data L3Tau1DY0METgt200MTW0to120 FedorID:139 1 0.139196 0.0336506 0.424591 0.115782 0.0257798 0.00597099 0 0 0 0 0 0 0.0022255 0.00111453 0.000251988 0.0211892 0.0143469 0.0105946 
data L3Tau1DY0METgt200MTW120to160 FedorID:144 1 0.0182772 0.0122675 0.209002 0.0173005 0.00996527 0.000892204 0 0 0 0 0 0 0.000976717 0.000738348 0.000110591 0 0 0 
data L3Tau1DY0METgt200MTWgt160 FedorID:149 1 0.169622 0.143369 0.213345 0.0450801 0.0160862 0.00232483 0 0 0 0 0 0 0.00588828 0.00181289 0.000666717 0.0164109 0.0122861 0.00727492 
data L3Tau1DY0SSOFHMET0to50MTW0to120 FedorID:120 8 9.62816 2.49472 0.343378 0.356674 0.0452476 0.018394 0.0588127 0.137311 0.0294064 0 0 0 0.0278867 0.00394525 0.00315754 0.0245639 0.0154472 0.012282 
data L3Tau1DY0SSOFHMET0to50MTW120to160 FedorID:125 0 0.562409 0.561643 0.292726 0.0117343 0.00820706 0.000605148 0 0 0 0 0 0 0.000674504 0.000613576 7.63725e-05 0 0 0 
data L3Tau1DY0SSOFHMET0to50MTWgt160 FedorID:130 0 0.00775412 0.00775412 0.100013 0.00775412 0.00667154 0.000399888 0 0 0 0 0 0 0 0 0 0 0 0 
data L3Tau1DY0SSOFHMET50to100MTW0to120 FedorID:121 1 2.71352 1.20565 0.618403 0.200917 0.03396 0.0103615 0.455779 0.382251 0.22789 0 0 0 0.00672409 0.00193728 0.000761353 0.0213615 0.0144052 0.0106808 
data L3Tau1DY0SSOFHMET50to100MTW120to160 FedorID:126 0 0.179851 0.109282 0.0165195 0.0508141 0.0170786 0.00262054 0 0 0 0 0 0 0.00210618 0.00108424 0.000238478 0.00234674 0.00477458 0.00117337 
data L3Tau1DY0SSOFHMET50to100MTWgt160 FedorID:131 1 0.0327855 0.0143542 0.10012 0.0314498 0.013436 0.0016219 0 0 0 0 0 0 0.00133574 0.00086345 0.000151243 0 0 0 
data L3Tau1DY0SSOFHMET100to150MTW0to120 FedorID:122 0 0.262076 0.170217 0.0721386 0.036899 0.0145535 0.00190292 0 0 0 0 0 0 0.00227959 0.00112799 0.000258112 0.0179514 0.0132054 0.00897568 
data L3Tau1DY0SSOFHMET100to150MTW120to160 FedorID:127 0 0.0168172 0.0107384 0.100251 0.014802 0.00921763 0.000763353 0 0 0 0 0 0 0 0 0 0.00201522 0.00442449 0.00100761 
data L3Tau1DY0SSOFHMET100to150MTWgt160 FedorID:132 1 0.0320089 0.0142165 0.101665 0.0290967 0.0129235 0.00150055 0 0 0 0 0 0 0.00291225 0.00127494 0.000329748 0 0 0 
data L3Tau1DY0SSOFHMET150to200MTW0to120 FedorID:123 0 0.0141802 0.00973796 0.100024 0.0133329 0.00874827 0.000687592 0 0 0 0 0 0 0.000847258 0.000687677 9.59331e-05 0 0 0 
data L3Tau1DY0SSOFHMET150to200MTW120to160 FedorID:128 0 0 0 0.100008 0 0 0 0 0 0 0 0 0 0 0 0 0 0 0 
data L3Tau1DY0SSOFHMET150to200MTWgt160 FedorID:133 0 0.0109086 0.010121 0.100664 0 0 0 0 0 0 0 0 0 0.000820983 0.00067693 9.2958e-05 0.0100876 0.00989911 0.00504381 
data L3Tau1DY0SSOFHMETgt200MTW0to120 FedorID:124 0 0.00417334 0.00417334 0.100001 0.00417334 0.00489443 0.000215224 0 0 0 0 0 0 0 0 0 0 0 0 
data L3Tau1DY0SSOFHMETgt200MTW120to160 FedorID:129 0 0.00736724 0.00736724 0.100009 0.00736724 0.00650298 0.000379936 0 0 0 0 0 0 0 0 0 0 0 0 
data L3Tau1DY0SSOFHMETgt200MTWgt160 FedorID:134 0 0 0 0.1 0 0 0 0 0 0 0 0 0 0 0 0 0 0 0 
data L3Tau1DY0SSMET0to50MTW0to120 FedorID:90 89 99.2453 19.5698 4.96924 13.1769 0.275022 0.679549 6.31144 1.42244 3.15572 0 0 0 2.15134 0.0346522 0.243591 0.27604 0.0512015 0.100879 
data L3Tau1DY0SSMET0to50MTW120to160 FedorID:95 0 1.02713 0.582214 0.445702 0.426516 0.0494798 0.0219959 0 0 0 0 0 0 0.0502286 0.00529483 0.00568727 0.0286056 0.0166697 0.0143028 
data L3Tau1DY0SSMET0to50MTWgt160 FedorID:100 0 0.0519296 0.0187896 0.102291 0.0449577 0.0160643 0.00231851 0 0 0 0 0 0 0.00697193 0.00197266 0.000789415 0 0 0 
data L3Tau1DY0SSMET50to100MTW0to120 FedorID:91 25 22.0067 3.29236 3.74231 7.10416 0.201937 0.366369 4.48371 1.19892 2.24185 0 0 0 0.396365 0.0148739 0.0448795 0.205565 0.0438448 0.0746351 
data L3Tau1DY0SSMET50to100MTW120to160 FedorID:96 3 3.10403 0.80015 1.24736 1.09287 0.0792034 0.0563604 1.36862 0.662389 0.684312 0 0 0 0.100306 0.00748239 0.0113574 0.0317172 0.0173371 0.0114191 
data L3Tau1DY0SSMET50to100MTWgt160 FedorID:101 1 1.77862 0.455068 0.367728 0.616016 0.0594643 0.0317686 0.324069 0.322322 0.162034 0 0 0 0.0966609 0.00734517 0.0109447 0.00177596 0.00415354 0.000887978 
data L3Tau1DY0SSMET100to150MTW0to120 FedorID:92 0 2.23166 0.63446 0.687807 0.913726 0.0724216 0.0471218 0.879622 0.53103 0.439811 0 0 0 0.0296522 0.00406822 0.00335745 0.110345 0.0322923 0.0392163 
data L3Tau1DY0SSMET100to150MTW120to160 FedorID:97 1 1.32065 0.705609 0.970508 0.1268 0.0269786 0.00653921 0.969147 0.557399 0.484573 0 0 0 0.00700954 0.00197798 0.000793674 0.0198996 0.0134764 0.00994982 
data L3Tau1DY0SSMET100to150MTWgt160 FedorID:102 0 1.19403 0.565442 0.793398 0.317603 0.0426975 0.0163791 0.527454 0.41121 0.263727 0 0 0 0.042055 0.0048449 0.00476179 0.0429642 0.0202389 0.0162841 
data L3Tau1DY0SSMET150to200MTW0to120 FedorID:93 0 1.07379 0.568247 0.328384 0.365202 0.0457854 0.0188339 0.543577 0.417447 0.271788 0 0 0 0.00452356 0.00158897 0.000512193 0.0109453 0.00999459 0.00547267 
data L3Tau1DY0SSMET150to200MTW120to160 FedorID:98 0 0.0306151 0.0148664 0.100473 0.0292755 0.0129632 0.00150977 0 0 0 0 0 0 0.0013396 0.000864697 0.00015168 0 0 0 
data L3Tau1DY0SSMET150to200MTWgt160 FedorID:103 0 0.367997 0.284658 0.183674 0.0466375 0.0163617 0.00240515 0.283387 0.301413 0.141694 0 0 0 0.00966363 0.00232245 0.00109419 0.0283087 0.0165829 0.0141543 
data L3Tau1DY0SSMETgt200MTW0to120 FedorID:94 0 0.337904 0.113497 0.0547252 0.210966 0.0347989 0.0108797 0 0 0 0 0 0 0.00305982 0.00130685 0.000346457 0 0 0 
data L3Tau1DY0SSMETgt200MTW120to160 FedorID:99 0 0.00655447 0.00655447 0.100004 0.00655447 0.00613379 0.000338021 0 0 0 0 0 0 0 0 0 0 0 0 
data L3Tau1DY0SSMETgt200MTWgt160 FedorID:104 2 0.193033 0.116882 0.0568175 0.0223303 0.0113216 0.0011516 0 0 0 0 0 0 0.00480643 0.0016379 0.000544221 0.00626209 0.00755979 0.00313104 
