xsec 275 0 0.212761
scan 275 0 0 0.00011934 2.94319e-05 1.58077e-05 3.24553e-06 3.18657e-06 0 3.14724e-07 2.38679e-05 5.08819e-06 
scan 275 0 1 0.000152887 3.63953e-05 1.78954e-05 3.8716e-06 3.37242e-06 0 4.12116e-07 3.05774e-05 6.54686e-06 
scan 275 0 2 5.24972e-05 1.51401e-05 1.04999e-05 1.48173e-06 1.16032e-06 0 1.09704e-07 1.04994e-05 2.27661e-06 
scan 275 0 3 1.25608e-05 5.75494e-06 5.12821e-06 3.71001e-07 2.98643e-07 0 2.83946e-08 2.51215e-06 5.31344e-07 
scan 275 0 4 8.35177e-06 4.52604e-06 4.17591e-06 0 3.70002e-07 0 2.04214e-08 1.67035e-06 3.45552e-07 
scan 275 0 5 0 0 0 0 0 0 0 0 0 
scan 275 0 6 2.72343e-05 1.12303e-05 7.55349e-06 6.9062e-07 7.32374e-07 0 3.54581e-08 8.17029e-06 1.13827e-06 
scan 275 0 7 1.46841e-05 7.13338e-06 5.55007e-06 3.87612e-07 3.95381e-07 0 1.73073e-09 4.40523e-06 6.07551e-07 
scan 275 0 8 0 0 0 0 0 0 0 0 0 
scan 275 0 9 0 0 0 0 0 0 0 0 0 
scan 275 0 10 0 0 0 0 0 0 0 0 0 
scan 275 0 11 1.26696e-05 1.37034e-05 5.17247e-06 2.70526e-07 3.3279e-07 0 1.85006e-08 1.26696e-05 5.70699e-07 
scan 275 0 12 6.2472e-06 7.22061e-06 3.60686e-06 1.44015e-07 7.23939e-08 0 3.78735e-08 6.2472e-06 2.69937e-07 
scan 275 0 13 8.41334e-06 9.41957e-06 4.20677e-06 2.83819e-07 1.68267e-07 0 1.88604e-08 8.41334e-06 3.71232e-07 
scan 275 0 14 2.09822e-06 2.96949e-06 2.09822e-06 4.19645e-08 5.93467e-08 0 1.00757e-12 2.09822e-06 8.68134e-08 
scan 275 0 15 4.1874e-05 1.27556e-05 9.36441e-06 9.41928e-07 7.3187e-07 0 1.88022e-07 8.3748e-06 1.84867e-06 
scan 275 0 16 4.80914e-05 1.41221e-05 1.00284e-05 1.10885e-06 8.65128e-07 0 1.97702e-07 9.61827e-06 2.08229e-06 
scan 275 0 17 8.36108e-06 4.52726e-06 4.18121e-06 2.61495e-07 1.02732e-07 0 4.4355e-08 1.67222e-06 3.6928e-07 
scan 275 0 18 6.29394e-06 3.86335e-06 3.63433e-06 1.34748e-07 1.81894e-07 0 2.917e-08 1.25879e-06 2.83702e-07 
scan 275 0 19 0 0 0 0 0 0 0 0 0 
scan 275 0 20 2.06801e-06 2.162e-06 2.06801e-06 7.1638e-08 0 0 1.48897e-08 6.20403e-07 8.55634e-08 
scan 275 0 21 2.09822e-06 2.19353e-06 2.09822e-06 5.93466e-08 4.19644e-08 0 3.02269e-12 6.29466e-07 8.68133e-08 
scan 275 0 22 0 0 0 0 0 0 0 0 0 
scan 275 0 23 0 0 0 0 0 0 0 0 0 
scan 275 0 24 0 0 0 0 0 0 0 0 0 
scan 275 0 25 0 0 0 0 0 0 0 0 0 
scan 275 0 26 6.29052e-06 7.27101e-06 3.63208e-06 1.31817e-07 1.15121e-07 0 1.65686e-08 6.29052e-06 2.7194e-07 
scan 275 0 27 4.20932e-06 5.1609e-06 2.97662e-06 1.14665e-07 6.01785e-08 0 2.24921e-08 4.20932e-06 1.9725e-07 
scan 275 0 28 2.06801e-06 2.92677e-06 2.06801e-06 7.1638e-08 0 0 1.48897e-08 2.06801e-06 8.55634e-08 
scan 275 0 29 0 0 0 0 0 0 0 0 0 
scan 275 0 30 2.10635e-05 7.97228e-06 6.66101e-06 5.63903e-07 5.29356e-07 0 1.79907e-08 4.2127e-06 9.18002e-07 
scan 275 0 31 3.56262e-05 1.13573e-05 8.64105e-06 7.47017e-07 8.44323e-07 0 6.42046e-08 7.12525e-06 1.50881e-06 
scan 275 0 32 1.6868e-05 6.91739e-06 5.96386e-06 3.82838e-07 4.66787e-07 0 3.05538e-09 3.37359e-06 7.32906e-07 
scan 275 0 33 2.09752e-06 2.14256e-06 2.09752e-06 6.29256e-08 5.93268e-08 0 3.52383e-10 4.19504e-07 8.67843e-08 
scan 275 0 34 6.31999e-06 3.87748e-06 3.64891e-06 1.0489e-07 1.9226e-07 0 2.05279e-09 1.264e-06 2.7314e-07 
scan 275 0 35 4.19305e-06 3.22799e-06 2.96493e-06 5.93455e-08 1.14532e-07 0 1.69903e-09 1.25791e-06 1.73486e-07 
scan 275 0 36 0 0 0 0 0 0 0 0 0 
scan 275 0 37 6.29131e-06 4.10697e-06 3.63229e-06 8.39289e-08 1.91262e-07 0 1.67791e-09 1.88739e-06 2.60301e-07 
scan 275 0 38 4.13602e-06 3.18491e-06 2.92461e-06 1.43276e-07 0 0 2.97794e-08 1.24081e-06 1.71127e-07 
scan 275 0 39 0 0 0 0 0 0 0 0 0 
scan 275 0 40 0 0 0 0 0 0 0 0 0 
scan 275 0 41 2.09822e-06 2.96949e-06 2.09822e-06 5.93465e-08 4.19643e-08 0 3.94801e-12 2.09822e-06 8.68132e-08 
scan 275 0 42 0 0 0 0 0 0 0 0 0 
scan 275 0 43 2.09822e-06 2.96949e-06 2.09822e-06 4.19645e-08 5.93467e-08 0 1.00757e-12 2.09822e-06 8.68134e-08 
scan 275 0 44 2.09822e-06 2.96949e-06 2.09822e-06 4.19645e-08 5.93467e-08 0 1.00757e-12 2.09822e-06 8.68134e-08 
scan 275 0 45 7.79969e-05 2.0689e-05 1.28229e-05 2.07066e-06 2.13587e-06 0 9.98071e-09 1.55994e-05 3.37878e-06 
scan 275 0 46 9.87668e-05 2.50954e-05 1.44072e-05 2.61495e-06 2.68404e-06 0 1.14437e-07 1.97534e-05 4.23798e-06 
scan 275 0 47 1.6874e-05 6.92186e-06 5.966e-06 4.24275e-07 4.60655e-07 0 3.15488e-11 3.3748e-06 7.33171e-07 
scan 275 0 48 4.19644e-06 3.09195e-06 2.96733e-06 1.01311e-07 1.01311e-07 0 4.03026e-12 8.39288e-07 1.73627e-07 
scan 275 0 49 0 0 0 0 0 0 0 0 0 
scan 275 0 50 4.19644e-06 3.2312e-06 2.96733e-06 1.01311e-07 1.01311e-07 0 4.03026e-12 1.25893e-06 1.73627e-07 
scan 275 0 51 1.26122e-05 6.43463e-06 5.14898e-06 4.25554e-07 3.3264e-07 0 3.28457e-09 3.78366e-06 5.33493e-07 
scan 275 0 52 8.39282e-06 4.91554e-06 4.19641e-06 2.5369e-07 1.67856e-07 0 4.02815e-11 2.51785e-06 3.47251e-07 
scan 275 0 53 0 0 0 0 0 0 0 0 0 
scan 275 0 54 0 0 0 0 0 0 0 0 0 
scan 275 0 55 0 0 0 0 0 0 0 0 0 
scan 275 0 56 0 0 0 0 0 0 0 0 0 
scan 275 0 57 8.4216e-06 9.42741e-06 4.21088e-06 2.06789e-07 2.20817e-07 0 3.62147e-10 8.4216e-06 3.60113e-07 
scan 275 0 58 2.09821e-06 2.97103e-06 2.09821e-06 4.19642e-08 1.12992e-07 0 7.40249e-12 2.09821e-06 8.68129e-08 
scan 275 0 59 2.12765e-06 3.0115e-06 2.12765e-06 4.2553e-08 6.0179e-08 0 1.0217e-12 2.12765e-06 9.9702e-08 
scan 275 0 75 2.09822e-06 2.14277e-06 2.09822e-06 4.19645e-08 5.93467e-08 0 1.00757e-12 4.19645e-07 8.68134e-08 
scan 275 0 76 2.09822e-06 2.14277e-06 2.09822e-06 4.19645e-08 5.93467e-08 0 1.00757e-12 4.19645e-07 8.68134e-08 
scan 275 0 77 0 0 0 0 0 0 0 0 0 
scan 275 0 78 2.12764e-06 2.17332e-06 2.12764e-06 6.01789e-08 4.25529e-08 0 3.06508e-12 4.25529e-07 9.97018e-08 
scan 275 0 79 0 0 0 0 0 0 0 0 0 
scan 275 0 80 0 0 0 0 0 0 0 0 0 
scan 275 0 81 2.09822e-06 2.19353e-06 2.09822e-06 4.19644e-08 5.93467e-08 0 1.31601e-12 6.29467e-07 8.68134e-08 
scan 275 0 82 0 0 0 0 0 0 0 0 0 
scan 275 0 83 0 0 0 0 0 0 0 0 0 
scan 275 0 84 0 0 0 0 0 0 0 0 0 
scan 275 0 85 0 0 0 0 0 0 0 0 0 
scan 275 0 86 2.12765e-06 3.0115e-06 2.12765e-06 4.2553e-08 6.0179e-08 0 1.33446e-12 2.12765e-06 9.9702e-08 
scan 275 0 87 0 0 0 0 0 0 0 0 0 
scan 275 0 88 0 0 0 0 0 0 0 0 0 
scan 275 0 89 0 0 0 0 0 0 0 0 0 
scan 275 0 90 0.000277265 6.31439e-05 2.32419e-05 5.38194e-06 5.3474e-06 7.847e-06 1.04808e-05 5.5453e-05 1.19561e-05 
scan 275 0 91 0.000283655 6.46671e-05 2.33708e-05 5.64792e-06 5.19391e-06 7.80385e-06 1.22e-05 5.6731e-05 1.21907e-05 
scan 275 0 92 0.000109634 2.74054e-05 1.45476e-05 2.06326e-06 2.24505e-06 2.53765e-06 4.56792e-06 2.19269e-05 4.69389e-06 
scan 275 0 93 2.27686e-05 8.17117e-06 6.5914e-06 5.88474e-07 1.67495e-07 4.55372e-07 1.0459e-06 4.55372e-06 9.53658e-07 
scan 275 0 94 1.50473e-05 6.22528e-06 5.33239e-06 3.74163e-07 1.56116e-07 3.5445e-07 7.5735e-07 3.00945e-06 6.31913e-07 
scan 275 0 95 2.08794e-06 2.18279e-06 2.08794e-06 4.17589e-08 4.17589e-08 4.17589e-08 5.11546e-09 6.26383e-07 8.63881e-08 
scan 275 0 96 3.38078e-05 1.32176e-05 8.21491e-06 6.61463e-07 5.80754e-07 8.53255e-07 8.7659e-07 1.01424e-05 1.44314e-06 
scan 275 0 97 1.94411e-05 8.59391e-06 6.16159e-06 3.88575e-07 4.02835e-07 5.64031e-07 7.24398e-07 5.83232e-06 8.47378e-07 
scan 275 0 98 3.88663e-06 2.99787e-06 2.75009e-06 5.29576e-08 5.69729e-08 7.77326e-08 1.52626e-07 1.16599e-06 1.71079e-07 
scan 275 0 99 0 0 0 0 0 0 0 0 0 
scan 275 0 100 0 0 0 0 0 0 0 0 0 
scan 275 0 101 1.51872e-05 1.61515e-05 5.38782e-06 3.06913e-07 2.15519e-07 3.59137e-07 7.05726e-07 1.51872e-05 6.51594e-07 
scan 275 0 102 5.3065e-05 5.41591e-05 1.02372e-05 1.13082e-06 8.78828e-07 1.6615e-06 1.62478e-06 5.3065e-05 2.25017e-06 
scan 275 0 103 1.61277e-05 1.71373e-05 5.7044e-06 9.46535e-08 3.8593e-07 5.00428e-07 3.62422e-07 1.61277e-05 7.11161e-07 
scan 275 0 104 2.0143e-06 2.851e-06 2.0143e-06 0 5.69729e-08 4.02859e-08 4.02859e-08 2.0143e-06 8.3341e-08 
scan 275 0 120 1.79685e-05 7.07031e-06 5.99493e-06 1.91136e-07 4.0611e-07 4.19799e-07 4.33798e-07 3.5937e-06 7.54646e-07 
scan 275 0 121 2.69484e-05 9.19206e-06 7.22286e-06 6.18323e-07 2.66813e-07 5.38967e-07 1.09194e-06 5.38967e-06 1.15735e-06 
scan 275 0 122 9.96015e-06 4.92678e-06 4.46122e-06 1.73863e-07 1.78677e-07 2.55373e-07 2.77413e-07 1.99203e-06 4.4517e-07 
scan 275 0 123 3.91488e-06 2.89138e-06 2.77085e-06 5.29576e-08 5.77719e-08 7.82975e-08 1.53191e-07 7.82975e-07 1.83452e-07 
scan 275 0 124 2.08794e-06 2.13228e-06 2.08794e-06 4.17589e-08 4.17589e-08 4.17589e-08 5.11546e-09 4.17589e-07 8.63881e-08 
scan 275 0 125 0 0 0 0 0 0 0 0 0 
scan 275 0 126 4.17589e-06 3.21548e-06 2.9528e-06 8.35177e-08 8.35177e-08 8.35177e-08 1.02309e-08 1.25277e-06 1.72776e-07 
scan 275 0 127 7.86876e-06 4.6192e-06 3.94179e-06 1.87968e-07 8.35177e-08 1.57375e-07 2.31803e-07 2.36063e-06 3.25568e-07 
scan 275 0 128 0 0 0 0 0 0 0 0 0 
scan 275 0 129 0 0 0 0 0 0 0 0 0 
scan 275 0 130 0 0 0 0 0 0 0 0 0 
scan 275 0 131 1.87233e-06 2.65251e-06 1.87233e-06 5.29576e-08 0 3.74467e-08 1.1234e-07 1.87233e-06 8.77378e-08 
scan 275 0 132 6.11654e-06 7.07097e-06 3.5319e-06 4.17589e-08 1.55705e-07 1.22331e-07 8.56873e-08 6.11654e-06 2.5307e-07 
scan 275 0 133 2.0143e-06 2.851e-06 2.0143e-06 0 5.69729e-08 4.02859e-08 4.02859e-08 2.0143e-06 8.3341e-08 
scan 275 0 134 6.19018e-06 7.15576e-06 3.57441e-06 8.35177e-08 1.40491e-07 1.23804e-07 5.05168e-08 6.19018e-06 2.56117e-07 
scan 275 0 135 0.000303692 6.8523e-05 2.46023e-05 6.31213e-06 6.8976e-06 8.85285e-06 8.1335e-06 6.07384e-05 1.30008e-05 
scan 275 0 136 0.00026746 6.07557e-05 2.3149e-05 5.64456e-06 5.51539e-06 7.41553e-06 6.60154e-06 5.34921e-05 1.15379e-05 
scan 275 0 137 8.39335e-05 2.19065e-05 1.29772e-05 1.75279e-06 1.79023e-06 2.38916e-06 2.07054e-06 1.67867e-05 3.66341e-06 
scan 275 0 138 2.38659e-05 8.53265e-06 6.90293e-06 4.95783e-07 6.45051e-07 5.39957e-07 6.15894e-07 4.77318e-06 1.0196e-06 
scan 275 0 139 3.71877e-06 2.75509e-06 2.62963e-06 7.43754e-08 1.85939e-07 7.43754e-08 2.23126e-07 7.43754e-07 1.64134e-07 
scan 275 0 140 1.0469e-05 5.66698e-06 4.68195e-06 2.0938e-07 2.0938e-07 2.0938e-07 2.5649e-08 3.1407e-06 4.44766e-07 
scan 275 0 141 7.06262e-05 2.4706e-05 1.19587e-05 1.44971e-06 1.57948e-06 1.60122e-06 1.39762e-06 2.11879e-05 3.05577e-06 
scan 275 0 142 2.83175e-05 1.15013e-05 7.57974e-06 5.84814e-07 5.66349e-07 5.66349e-07 4.97555e-07 8.49524e-06 1.19486e-06 
scan 275 0 143 7.88286e-06 4.63693e-06 3.95036e-06 1.94465e-07 1.57657e-07 2.11912e-07 2.59836e-07 2.36486e-06 3.57956e-07 
scan 275 0 144 3.96366e-06 3.06089e-06 2.80927e-06 7.92733e-08 7.92733e-08 7.92733e-08 1.15973e-07 1.1891e-06 1.75609e-07 
scan 275 0 145 0 0 0 0 0 0 0 0 0 
scan 275 0 146 5.85026e-05 5.96059e-05 1.08818e-05 1.22507e-06 1.22544e-06 1.17005e-06 1.13052e-06 5.85026e-05 2.49912e-06 
scan 275 0 147 5.74713e-05 5.85712e-05 1.06956e-05 1.22227e-06 1.2591e-06 1.21294e-06 1.59797e-06 5.74713e-05 2.478e-06 
scan 275 0 148 1.99275e-05 2.09387e-05 6.31364e-06 3.9855e-07 3.9855e-07 3.9855e-07 5.01871e-07 1.99275e-05 8.563e-07 
scan 275 0 149 1.63052e-05 1.73263e-05 5.77335e-06 3.63033e-07 3.26104e-07 4.52163e-07 2.54058e-07 1.63052e-05 7.09447e-07 
scan 275 0 165 8.40715e-06 4.55203e-06 4.20366e-06 1.68143e-07 1.68143e-07 1.68143e-07 2.2183e-08 1.68143e-06 3.71054e-07 
scan 275 0 166 1.88176e-05 7.39002e-06 6.27261e-06 3.76353e-07 3.76353e-07 4.38991e-07 4.76668e-08 3.76353e-06 7.90188e-07 
scan 275 0 167 1.05244e-05 5.19026e-06 4.70674e-06 2.10487e-07 2.10487e-07 2.10487e-07 2.73702e-08 2.10487e-06 4.70267e-07 
scan 275 0 168 2.08794e-06 2.13228e-06 2.08794e-06 4.17589e-08 4.17589e-08 4.17589e-08 5.11546e-09 4.17589e-07 8.63881e-08 
scan 275 0 169 0 0 0 0 0 0 0 0 0 
scan 275 0 170 2.11403e-06 2.21056e-06 2.11403e-06 4.22807e-08 4.22807e-08 4.22807e-08 6.76491e-09 6.3421e-07 9.9064e-08 
scan 275 0 171 6.28997e-06 4.10742e-06 3.6316e-06 1.25799e-07 1.25799e-07 1.25799e-07 1.6974e-08 1.88699e-06 2.7186e-07 
scan 275 0 172 4.20517e-06 3.23874e-06 2.97358e-06 8.41034e-08 8.41034e-08 8.41034e-08 1.03027e-08 1.26155e-06 1.85602e-07 
scan 275 0 173 0 0 0 0 0 0 0 0 0 
scan 275 0 174 0 0 0 0 0 0 0 0 0 
scan 275 0 175 0 0 0 0 0 0 0 0 0 
scan 275 0 176 2.08794e-06 2.95495e-06 2.08794e-06 4.17589e-08 4.17589e-08 4.17589e-08 5.11546e-09 2.08794e-06 8.63881e-08 
scan 275 0 177 6.02233e-06 6.96541e-06 3.48258e-06 1.20447e-07 1.20447e-07 1.20447e-07 1.21017e-07 6.02233e-06 2.49172e-07 
scan 275 0 178 0 0 0 0 0 0 0 0 0 
scan 275 0 179 2.08794e-06 2.95495e-06 2.08794e-06 4.17589e-08 4.17589e-08 4.17589e-08 5.11546e-09 2.08794e-06 8.63881e-08 
