xsec 350 0 0.073732
scan 350 0 0 4.67564e-05 1.13326e-05 5.84548e-06 1.3543e-06 1.03987e-06 0 1.7054e-07 9.35129e-06 1.96653e-06 
scan 350 0 1 3.73464e-05 9.35532e-06 5.23038e-06 9.66523e-07 9.83959e-07 0 9.10495e-08 7.46927e-06 1.56989e-06 
scan 350 0 2 1.68732e-05 4.96342e-06 3.51879e-06 4.35717e-07 4.0243e-07 0 3.9998e-08 3.37463e-06 7.15635e-07 
scan 350 0 3 5.83943e-06 2.39197e-06 2.06482e-06 1.425e-07 1.24619e-07 0 1.35502e-08 1.16789e-06 2.40908e-07 
scan 350 0 4 2.20447e-06 1.353e-06 1.2731e-06 7.14743e-08 3.58011e-08 0 6.45502e-09 4.40894e-07 9.49253e-08 
scan 350 0 5 7.29876e-07 7.62996e-07 7.29876e-07 1.45975e-08 2.0644e-08 0 3.50487e-13 2.18963e-07 2.93124e-08 
scan 350 0 6 7.30089e-06 3.20669e-06 2.30924e-06 1.98372e-07 1.39e-07 0 2.63059e-08 2.19027e-06 3.05968e-07 
scan 350 0 7 5.08533e-06 2.47091e-06 1.92216e-06 8.90373e-08 1.82938e-07 0 1.1633e-08 1.5256e-06 2.04231e-07 
scan 350 0 8 2.21867e-06 1.44846e-06 1.28109e-06 2.54656e-08 5.13914e-08 0 1.31196e-08 6.65601e-07 1.0167e-07 
scan 350 0 9 0 0 0 0 0 0 0 0 0 
scan 350 0 10 0 0 0 0 0 0 0 0 0 
scan 350 0 11 3.70533e-06 4.06475e-06 1.65736e-06 8.66631e-08 1.10907e-07 0 1.57358e-11 3.70533e-06 1.61593e-07 
scan 350 0 12 8.06254e-06 8.43273e-06 2.4314e-06 2.02071e-07 1.88635e-07 0 2.46421e-08 8.06254e-06 3.42882e-07 
scan 350 0 13 1.46369e-06 1.79471e-06 1.03521e-06 5.07037e-08 0 0 1.18287e-08 1.46369e-06 6.50829e-08 
scan 350 0 14 2.2176e-06 2.56423e-06 1.28053e-06 6.23487e-08 6.90593e-08 0 1.0448e-11 2.2176e-06 9.54524e-08 
scan 350 0 15 1.60742e-05 4.77673e-06 3.42755e-06 4.16079e-07 3.29089e-07 0 4.68045e-08 3.21484e-06 6.71029e-07 
scan 350 0 16 2.71716e-05 7.18305e-06 4.46791e-06 5.63472e-07 6.56478e-07 0 6.98513e-08 5.43432e-06 1.16139e-06 
scan 350 0 17 8.79858e-06 3.12738e-06 2.54058e-06 2.12827e-07 1.982e-07 0 3.51859e-08 1.75972e-06 3.78806e-07 
scan 350 0 18 5.81245e-06 2.38084e-06 2.05553e-06 1.58464e-07 6.74923e-08 0 4.02696e-08 1.16249e-06 2.46091e-07 
scan 350 0 19 2.88905e-06 1.56345e-06 1.44462e-06 9.06872e-08 4.12811e-08 0 1.48897e-08 5.77809e-07 1.16026e-07 
scan 350 0 20 7.46951e-07 7.81131e-07 7.46951e-07 2.58751e-08 0 0 5.37805e-09 2.24085e-07 3.62981e-08 
scan 350 0 21 2.20554e-06 1.43953e-06 1.27345e-06 4.04727e-08 4.58872e-08 0 5.96147e-09 6.61661e-07 9.48761e-08 
scan 350 0 22 7.29875e-07 7.62994e-07 7.29875e-07 2.0644e-08 1.45975e-08 0 1.05146e-12 2.18963e-07 2.93124e-08 
scan 350 0 23 2.2071e-06 1.44145e-06 1.27458e-06 6.6842e-08 3.58011e-08 0 5.18391e-09 6.6213e-07 9.50308e-08 
scan 350 0 24 0 0 0 0 0 0 0 0 0 
scan 350 0 25 0 0 0 0 0 0 0 0 0 
scan 350 0 26 1.43873e-06 1.76376e-06 1.01734e-06 4.98392e-08 0 0 1.03589e-08 1.43873e-06 5.77807e-08 
scan 350 0 27 3.00963e-06 3.36935e-06 1.50485e-06 8.20648e-08 4.28712e-08 0 1.07568e-08 3.00963e-06 1.46253e-07 
scan 350 0 28 2.98861e-06 3.34559e-06 1.49448e-06 6.04399e-08 6.82908e-08 0 7.30404e-09 2.98861e-06 1.39076e-07 
scan 350 0 29 7.16739e-07 1.01448e-06 7.16739e-07 2.95519e-08 0 0 6.45065e-09 7.16739e-07 2.87848e-08 
scan 350 0 30 7.31353e-06 2.76331e-06 2.31316e-06 1.54171e-07 1.6592e-07 0 2.02781e-08 1.46271e-06 3.06491e-07 
scan 350 0 31 1.61624e-05 4.80321e-06 3.44628e-06 3.0959e-07 4.30314e-07 0 1.71885e-08 3.23249e-06 6.80953e-07 
scan 350 0 32 6.5726e-06 2.57764e-06 2.19143e-06 1.52234e-07 1.16042e-07 0 2.55037e-08 1.31452e-06 2.76745e-07 
scan 350 0 33 1.48446e-06 1.09421e-06 1.04983e-06 2.1889e-08 4.67853e-08 0 1.63224e-09 2.96893e-07 6.59837e-08 
scan 350 0 34 1.48629e-06 1.09633e-06 1.05117e-06 3.6004e-08 5.43844e-08 0 7.25158e-10 2.97258e-07 6.60825e-08 
scan 350 0 35 0 0 0 0 0 0 0 0 0 
scan 350 0 36 2.21761e-06 1.44819e-06 1.28054e-06 5.66771e-08 5.03988e-08 0 2.49372e-12 6.65284e-07 9.54531e-08 
scan 350 0 37 4.41036e-06 2.2473e-06 1.80105e-06 1.01179e-07 9.74857e-08 0 1.20519e-08 1.32311e-06 1.89898e-07 
scan 350 0 38 1.47723e-06 1.13783e-06 1.04491e-06 4.00769e-08 2.14356e-08 0 5.17992e-09 4.43169e-07 6.57187e-08 
scan 350 0 39 0 0 0 0 0 0 0 0 0 
scan 350 0 40 0 0 0 0 0 0 0 0 0 
scan 350 0 41 1.4746e-06 1.80802e-06 1.04311e-06 3.99858e-08 2.14356e-08 0 6.45113e-09 1.4746e-06 6.56132e-08 
scan 350 0 42 7.57863e-07 1.07273e-06 7.57863e-07 1.51573e-08 2.14356e-08 0 4.75332e-13 7.57863e-07 3.68284e-08 
scan 350 0 43 1.44662e-06 1.77328e-06 1.02295e-06 3.94261e-08 2.0644e-08 0 6.451e-09 1.44662e-06 5.80973e-08 
scan 350 0 44 7.29876e-07 1.03293e-06 7.29876e-07 1.45975e-08 2.0644e-08 0 3.50487e-13 7.29876e-07 2.93124e-08 
scan 350 0 45 3.67983e-05 9.25724e-06 5.20483e-06 9.60975e-07 1.02986e-06 0 4.30893e-08 7.35966e-06 1.56703e-06 
scan 350 0 46 2.50062e-05 6.74256e-06 4.2891e-06 6.69869e-07 7.00442e-07 0 1.65533e-08 5.00124e-06 1.05531e-06 
scan 350 0 47 8.13818e-06 2.98187e-06 2.45415e-06 2.07869e-07 2.28233e-07 0 1.2067e-09 1.62764e-06 3.5239e-07 
scan 350 0 48 1.45951e-06 1.0753e-06 1.03203e-06 2.91902e-08 4.12811e-08 0 1.22929e-10 2.91902e-07 5.8615e-08 
scan 350 0 49 7.19367e-07 7.34975e-07 7.19367e-07 3.05202e-08 1.43873e-08 0 5.17944e-09 1.43873e-07 2.88904e-08 
scan 350 0 50 0 0 0 0 0 0 0 0 0 
scan 350 0 51 8.08433e-06 3.46802e-06 2.43778e-06 2.09759e-07 2.1081e-07 0 1.47592e-10 2.4253e-06 3.37455e-07 
scan 350 0 52 3.70535e-06 2.00615e-06 1.65736e-06 9.24782e-08 8.64318e-08 0 7.05433e-12 1.1116e-06 1.61594e-07 
scan 350 0 53 7.29876e-07 7.62996e-07 7.29876e-07 1.45975e-08 2.0644e-08 0 3.50487e-13 2.18963e-07 2.93124e-08 
scan 350 0 54 7.29632e-07 7.62915e-07 7.29632e-07 2.1889e-08 2.06371e-08 0 1.22578e-10 2.1889e-07 2.93026e-08 
scan 350 0 55 0 0 0 0 0 0 0 0 0 
scan 350 0 56 4.40382e-06 4.76425e-06 1.79804e-06 1.2041e-07 1.52955e-07 0 1.71147e-09 4.40382e-06 1.83253e-07 
scan 350 0 57 5.16337e-06 5.52855e-06 1.95186e-06 1.46736e-07 1.57073e-07 0 8.70892e-10 5.16337e-06 2.20147e-07 
scan 350 0 58 7.29866e-07 1.03345e-06 7.29866e-07 1.45973e-08 3.93045e-08 0 5.78054e-12 7.29866e-07 2.9312e-08 
scan 350 0 59 2.97547e-06 3.33209e-06 1.488e-06 6.55558e-08 1.1615e-07 0 8.38224e-12 2.97547e-06 1.32281e-07 
scan 350 0 75 2.2176e-06 1.3609e-06 1.28054e-06 6.25663e-08 5.03986e-08 0 7.06939e-12 4.43521e-07 9.54527e-08 
scan 350 0 76 0 0 0 0 0 0 0 0 0 
scan 350 0 77 1.45947e-06 1.07528e-06 1.032e-06 2.91895e-08 4.12801e-08 0 1.40433e-10 2.91895e-07 5.86136e-08 
scan 350 0 78 7.29876e-07 7.45336e-07 7.29876e-07 1.45975e-08 2.0644e-08 0 5.97914e-13 1.45975e-07 2.93124e-08 
scan 350 0 79 0 0 0 0 0 0 0 0 0 
scan 350 0 80 0 0 0 0 0 0 0 0 0 
scan 350 0 81 7.29876e-07 7.62996e-07 7.29876e-07 1.45975e-08 2.0644e-08 0 3.50487e-13 2.18963e-07 2.93124e-08 
scan 350 0 82 7.57863e-07 7.92524e-07 7.57863e-07 1.51573e-08 2.14356e-08 0 6.20841e-13 2.27359e-07 3.68284e-08 
scan 350 0 83 0 0 0 0 0 0 0 0 0 
scan 350 0 84 0 0 0 0 0 0 0 0 0 
scan 350 0 85 0 0 0 0 0 0 0 0 0 
scan 350 0 86 0 0 0 0 0 0 0 0 0 
scan 350 0 87 0 0 0 0 0 0 0 0 0 
scan 350 0 88 0 0 0 0 0 0 0 0 0 
scan 350 0 89 1.45975e-06 1.7895e-06 1.0322e-06 2.9195e-08 4.1288e-08 0 9.48401e-13 1.45975e-06 5.86248e-08 
scan 350 0 90 9.52806e-05 2.1764e-05 8.01548e-06 1.98651e-06 1.54399e-06 2.66437e-06 4.06672e-06 1.90561e-05 4.03988e-06 
scan 350 0 91 9.78262e-05 2.22922e-05 8.14105e-06 1.89669e-06 1.84007e-06 2.75065e-06 3.99609e-06 1.95652e-05 4.16494e-06 
scan 350 0 92 3.28593e-05 8.38908e-06 4.75475e-06 5.85934e-07 6.02575e-07 7.1757e-07 1.1574e-06 6.57186e-06 1.42081e-06 
scan 350 0 93 1.30777e-05 4.06506e-06 3.00601e-06 1.82598e-07 2.43772e-07 3.25641e-07 3.9081e-07 2.61554e-06 5.44059e-07 
scan 350 0 94 6.64476e-06 2.53371e-06 2.10468e-06 1.3219e-07 1.16359e-07 1.70776e-07 2.99104e-07 1.32895e-06 2.72484e-07 
scan 350 0 95 2.79091e-06 1.64061e-06 1.39835e-06 4.76902e-08 6.18455e-08 5.58183e-08 9.49514e-08 8.37274e-07 1.30207e-07 
scan 350 0 96 1.161e-05 4.55493e-06 2.82199e-06 2.27254e-07 2.11943e-07 3.75819e-07 4.1109e-07 3.483e-06 4.95639e-07 
scan 350 0 97 8.65326e-06 3.59691e-06 2.40635e-06 1.93087e-07 9.9306e-08 2.1059e-07 4.18488e-07 2.59598e-06 3.76191e-07 
scan 350 0 98 4.14227e-06 2.11647e-06 1.69438e-06 8.41135e-08 6.33963e-08 1.20726e-07 1.04419e-07 1.24268e-06 1.66357e-07 
scan 350 0 99 2.06818e-06 1.35213e-06 1.19558e-06 3.26709e-08 3.43224e-08 4.13636e-08 5.48718e-08 6.20454e-07 8.30598e-08 
scan 350 0 100 7.54151e-07 1.06804e-06 7.54151e-07 1.5083e-08 1.5083e-08 3.77075e-08 1.84767e-09 7.54151e-07 3.6648e-08 
scan 350 0 101 4.91722e-06 5.26601e-06 1.86165e-06 8.96518e-08 1.10572e-07 1.20101e-07 9.88159e-08 4.91722e-06 2.0384e-07 
scan 350 0 102 1.43893e-05 1.47566e-05 3.14507e-06 2.33745e-07 2.67229e-07 3.52452e-07 4.55452e-07 1.43893e-05 5.95498e-07 
scan 350 0 103 1.4081e-05 1.44525e-05 3.15349e-06 2.00181e-07 3.03797e-07 2.8162e-07 2.96834e-07 1.4081e-05 5.96571e-07 
scan 350 0 104 4.10668e-06 4.44477e-06 1.67877e-06 8.93086e-08 4.88703e-08 1.03154e-07 1.44439e-07 4.10668e-06 1.75986e-07 
scan 350 0 120 7.90707e-06 2.90042e-06 2.38798e-06 1.40756e-07 1.44059e-07 1.79898e-07 1.19003e-07 1.58141e-06 3.49348e-07 
scan 350 0 121 1.22282e-05 3.86641e-06 2.89012e-06 2.14081e-07 2.10253e-07 2.44563e-07 4.46426e-07 2.44563e-06 5.15799e-07 
scan 350 0 122 7.78129e-06 2.85528e-06 2.34951e-06 1.10579e-07 1.83098e-07 1.55626e-07 1.6362e-07 1.55626e-06 3.37272e-07 
scan 350 0 123 7.26301e-07 7.41687e-07 7.26301e-07 1.4526e-08 1.4526e-08 1.4526e-08 1.77944e-09 1.4526e-07 2.91688e-08 
scan 350 0 124 4.08016e-06 1.87396e-06 1.66841e-06 8.46543e-08 6.17161e-08 8.16032e-08 1.33185e-07 8.16032e-07 1.63862e-07 
scan 350 0 125 7.54151e-07 7.88644e-07 7.54151e-07 1.5083e-08 1.5083e-08 1.5083e-08 1.84767e-09 2.26245e-07 3.6648e-08 
scan 350 0 126 5.59487e-06 2.61606e-06 1.9814e-06 1.03205e-07 1.23468e-07 1.11897e-07 1.07978e-07 1.67846e-06 2.24695e-07 
scan 350 0 127 2.15059e-06 1.40818e-06 1.245e-06 4.83328e-08 3.0166e-08 4.30119e-08 4.22329e-08 6.45178e-07 9.90909e-08 
scan 350 0 128 7.54151e-07 7.88644e-07 7.54151e-07 1.5083e-08 1.5083e-08 1.5083e-08 1.84767e-09 2.26245e-07 3.6648e-08 
scan 350 0 129 7.26301e-07 7.5926e-07 7.26301e-07 1.4526e-08 1.4526e-08 1.4526e-08 1.77944e-09 2.1789e-07 2.91688e-08 
scan 350 0 130 0 0 0 0 0 0 0 0 0 
scan 350 0 131 1.45385e-06 1.78248e-06 1.02803e-06 1.4526e-08 3.51042e-08 2.9077e-08 1.63304e-08 1.45385e-06 6.45241e-08 
scan 350 0 132 2.81911e-06 3.15625e-06 1.41038e-06 4.78935e-08 4.88484e-08 5.63822e-08 5.8129e-08 2.81911e-06 1.18843e-07 
scan 350 0 133 7.00682e-07 9.9171e-07 7.00682e-07 0 1.98183e-08 1.40136e-08 1.40136e-08 7.00682e-07 2.814e-08 
scan 350 0 134 3.49024e-06 3.83101e-06 1.56655e-06 6.5166e-08 6.39314e-08 6.98048e-08 7.83516e-08 3.49024e-06 1.46532e-07 
scan 350 0 135 0.000109099 2.46186e-05 8.69909e-06 2.33789e-06 2.56914e-06 2.99251e-06 3.36229e-06 2.18199e-05 4.6869e-06 
scan 350 0 136 9.80029e-05 2.22407e-05 8.27226e-06 2.06959e-06 2.21209e-06 2.75168e-06 2.73554e-06 1.96006e-05 4.21967e-06 
scan 350 0 137 2.64075e-05 7.02866e-06 4.29301e-06 5.67672e-07 6.25971e-07 6.92815e-07 7.57735e-07 5.28149e-06 1.14443e-06 
scan 350 0 138 1.41958e-05 4.33483e-06 3.10594e-06 3.22481e-07 3.23192e-07 4.02966e-07 5.80664e-07 2.83916e-06 6.12432e-07 
scan 350 0 139 6.51435e-06 2.56565e-06 2.17455e-06 1.36491e-07 1.30287e-07 1.95654e-07 6.09699e-08 1.30287e-06 2.80704e-07 
scan 350 0 140 2.71529e-06 1.59518e-06 1.36105e-06 5.43058e-08 5.43058e-08 5.43058e-08 8.86261e-08 8.14587e-07 1.09048e-07 
scan 350 0 141 2.61279e-05 9.08116e-06 4.30348e-06 5.41827e-07 5.41827e-07 5.84459e-07 5.51343e-07 7.83837e-06 1.12904e-06 
scan 350 0 142 1.79901e-05 6.57194e-06 3.60234e-06 3.66226e-07 3.59803e-07 4.25972e-07 2.12583e-07 5.39704e-06 7.71519e-07 
scan 350 0 143 2.79478e-06 1.6452e-06 1.40178e-06 6.87603e-08 5.58956e-08 7.52211e-08 9.05467e-08 8.38433e-07 1.30395e-07 
scan 350 0 144 3.68501e-06 1.99738e-06 1.64829e-06 7.37003e-08 7.37003e-08 1.17213e-07 1.01161e-08 1.1055e-06 1.60714e-07 
scan 350 0 145 1.4526e-06 1.78074e-06 1.02714e-06 2.9052e-08 2.9052e-08 2.9052e-08 3.55887e-09 1.4526e-06 5.83376e-08 
scan 350 0 146 1.91121e-05 1.94972e-05 3.68466e-06 3.95115e-07 4.20123e-07 4.66845e-07 3.24169e-07 1.91121e-05 7.98625e-07 
scan 350 0 147 2.94717e-05 2.98756e-05 4.5563e-06 6.02527e-07 6.28768e-07 6.33013e-07 6.77976e-07 2.94717e-05 1.26076e-06 
scan 350 0 148 1.12169e-05 1.15856e-05 2.80988e-06 2.30762e-07 2.43608e-07 2.65397e-07 2.91025e-07 1.12169e-05 4.92799e-07 
scan 350 0 149 1.24564e-05 1.28228e-05 2.94238e-06 2.74848e-07 2.49129e-07 2.90187e-07 3.37345e-07 1.24564e-05 5.18598e-07 
scan 350 0 165 2.9052e-06 1.57208e-06 1.4526e-06 5.81041e-08 5.81041e-08 5.81041e-08 7.11775e-09 5.81041e-07 1.16675e-07 
scan 350 0 166 9.55331e-06 3.31198e-06 2.65002e-06 1.91066e-07 1.91066e-07 2.34644e-07 2.34056e-08 1.91066e-06 4.09111e-07 
scan 350 0 167 2.8758e-06 1.56169e-06 1.44082e-06 6.39389e-08 5.7516e-08 7.92722e-08 4.45535e-08 5.7516e-07 1.28216e-07 
scan 350 0 168 7.54151e-07 7.70404e-07 7.54151e-07 1.5083e-08 1.5083e-08 1.5083e-08 1.84767e-09 1.5083e-07 3.6648e-08 
scan 350 0 169 7.54151e-07 7.71178e-07 7.54151e-07 1.5083e-08 1.5083e-08 3.77075e-08 1.84767e-09 1.5083e-07 3.6648e-08 
scan 350 0 170 1.45151e-06 1.11759e-06 1.02637e-06 2.90301e-08 2.90301e-08 2.90301e-08 4.1001e-09 4.35452e-07 5.82937e-08 
scan 350 0 171 2.20566e-06 1.44045e-06 1.27365e-06 4.41131e-08 4.41131e-08 4.41131e-08 5.94776e-09 6.61697e-07 9.49417e-08 
scan 350 0 172 2.2346e-06 1.45977e-06 1.29035e-06 4.4692e-08 4.4692e-08 4.4692e-08 5.47477e-09 6.70381e-07 1.02465e-07 
scan 350 0 173 7.26301e-07 7.5926e-07 7.26301e-07 1.4526e-08 1.4526e-08 1.4526e-08 1.77944e-09 2.1789e-07 2.91688e-08 
scan 350 0 174 0 0 0 0 0 0 0 0 0 
scan 350 0 175 0 0 0 0 0 0 0 0 0 
scan 350 0 176 3.65935e-06 4.01364e-06 1.6367e-06 7.31871e-08 7.31871e-08 7.31871e-08 8.96542e-09 3.65935e-06 1.53323e-07 
scan 350 0 177 5.05247e-06 5.40947e-06 1.91185e-06 1.01049e-07 1.01049e-07 1.01049e-07 5.0995e-08 5.05247e-06 2.15623e-07 
scan 350 0 178 7.25206e-07 1.02632e-06 7.25206e-07 1.45041e-08 1.45041e-08 1.45041e-08 2.32066e-09 7.25206e-07 2.91249e-08 
scan 350 0 179 0 0 0 0 0 0 0 0 0 
