xsec 300 0 0.145923
scan 300 0 0 0.000110198 2.6142e-05 1.25595e-05 3.15538e-06 2.27723e-06 0 3.8694e-07 2.20396e-05 4.96288e-06 
scan 300 0 1 0.000127792 2.98649e-05 1.35473e-05 3.09074e-06 3.5082e-06 0 2.74347e-07 2.55585e-05 5.76288e-06 
scan 300 0 2 4.30476e-05 1.19184e-05 7.86008e-06 1.12571e-06 1.04161e-06 0 1.1846e-07 8.60951e-06 1.94383e-06 
scan 300 0 3 1.00472e-05 4.33288e-06 3.79777e-06 2.48976e-07 2.17828e-07 0 1.38284e-08 2.00944e-06 4.50896e-07 
scan 300 0 4 1.15138e-05 4.72095e-06 4.0712e-06 2.78439e-07 2.47538e-07 0 1.72195e-08 2.30275e-06 5.20532e-07 
scan 300 0 5 1.43132e-06 1.49652e-06 1.43132e-06 0 4.95823e-08 0 1.14506e-09 4.29396e-07 6.35963e-08 
scan 300 0 6 1.29618e-05 5.86041e-06 4.32098e-06 3.7337e-07 2.66937e-07 0 1.0223e-08 3.88854e-06 5.84878e-07 
scan 300 0 7 1.00552e-05 4.88624e-06 3.80088e-06 2.58067e-07 2.19588e-07 0 4.92678e-08 3.01657e-06 4.60051e-07 
scan 300 0 8 1.47362e-06 1.54242e-06 1.47362e-06 2.94724e-08 7.93569e-08 0 5.19893e-12 4.42086e-07 6.99557e-08 
scan 300 0 9 0 0 0 0 0 0 0 0 0 
scan 300 0 10 0 0 0 0 0 0 0 0 0 
scan 300 0 11 8.69867e-06 9.409e-06 3.55171e-06 1.89319e-07 2.27993e-07 0 1.138e-08 8.69867e-06 3.99931e-07 
scan 300 0 12 1.72387e-05 1.79692e-05 4.97653e-06 3.58043e-07 4.83053e-07 0 2.33775e-09 1.72387e-05 7.70429e-07 
scan 300 0 13 5.74634e-06 6.43247e-06 2.87356e-06 1.40274e-07 1.07727e-07 0 1.38307e-08 5.74634e-06 2.59801e-07 
scan 300 0 14 0 0 0 0 0 0 0 0 0 
scan 300 0 15 4.15744e-05 1.15797e-05 7.72141e-06 1.07355e-06 7.80525e-07 0 1.57301e-07 8.31488e-06 1.88299e-06 
scan 300 0 16 5.60333e-05 1.46847e-05 8.97329e-06 1.27236e-06 1.18992e-06 0 1.75218e-07 1.12067e-05 2.54284e-06 
scan 300 0 17 2.00222e-05 6.77667e-06 5.35173e-06 5.83255e-07 2.90453e-07 0 8.29303e-08 4.00443e-06 9.02982e-07 
scan 300 0 18 7.14021e-06 3.52284e-06 3.19325e-06 2.0152e-07 1.81258e-07 0 1.37682e-08 1.42804e-06 3.17254e-07 
scan 300 0 19 2.8506e-06 2.1027e-06 2.01569e-06 0 1.31114e-07 0 8.24144e-09 5.70119e-07 1.26658e-07 
scan 300 0 20 0 0 0 0 0 0 0 0 0 
scan 300 0 21 1.00344e-05 4.8759e-06 3.79338e-06 3.0723e-07 1.40373e-07 0 3.96511e-08 3.01033e-06 4.54809e-07 
scan 300 0 22 5.79326e-06 3.39368e-06 2.89682e-06 1.3713e-07 1.22778e-07 0 1.04594e-08 1.73798e-06 2.66301e-07 
scan 300 0 23 1.43361e-06 1.49891e-06 1.43361e-06 4.05486e-08 2.86722e-08 0 2.06526e-12 4.30083e-07 6.36981e-08 
scan 300 0 24 0 0 0 0 0 0 0 0 0 
scan 300 0 25 0 0 0 0 0 0 0 0 0 
scan 300 0 26 4.28838e-06 4.95778e-06 2.47598e-06 1.39441e-07 2.86722e-08 0 2.57469e-08 4.28838e-06 1.94924e-07 
scan 300 0 27 8.75936e-06 9.47444e-06 3.57629e-06 1.70178e-07 2.32689e-07 0 1.19008e-09 8.75936e-06 4.07108e-07 
scan 300 0 28 4.29396e-06 4.96413e-06 2.47912e-06 0 1.48747e-07 0 3.43517e-09 4.29396e-06 1.90789e-07 
scan 300 0 29 4.31733e-06 4.99078e-06 2.49266e-06 1.02002e-07 7.82543e-08 0 1.161e-08 4.31733e-06 1.96243e-07 
scan 300 0 30 2.72662e-05 8.43655e-06 6.25604e-06 6.40154e-07 6.00273e-07 0 8.45529e-08 5.45325e-06 1.23375e-06 
scan 300 0 31 3.02112e-05 9.09863e-06 6.59313e-06 6.48489e-07 7.31738e-07 0 2.7072e-08 6.04224e-06 1.36026e-06 
scan 300 0 32 2.15698e-05 7.14682e-06 5.56983e-06 5.17707e-07 4.80166e-07 0 2.67251e-08 4.31396e-06 9.7183e-07 
scan 300 0 33 1.43361e-06 1.46423e-06 1.43361e-06 4.05486e-08 2.86722e-08 0 2.06526e-12 2.86722e-07 6.36981e-08 
scan 300 0 34 2.89103e-06 2.13205e-06 2.04434e-06 4.05486e-08 1.12395e-07 0 8.01788e-09 5.78206e-07 1.32885e-07 
scan 300 0 35 1.41297e-06 1.47736e-06 1.41297e-06 4.89467e-08 0 0 1.01734e-08 4.23891e-07 6.2781e-08 
scan 300 0 36 4.33849e-06 2.83351e-06 2.50502e-06 5.73444e-08 1.32064e-07 0 1.17861e-09 1.30155e-06 1.97241e-07 
scan 300 0 37 4.33313e-06 2.83005e-06 2.50199e-06 1.07539e-07 8.22292e-08 0 2.31007e-08 1.29994e-06 2.01344e-07 
scan 300 0 38 1.43361e-06 1.49891e-06 1.43361e-06 4.05486e-08 2.86722e-08 0 2.06526e-12 4.30083e-07 6.36981e-08 
scan 300 0 39 1.47363e-06 1.54095e-06 1.47363e-06 2.94726e-08 4.16805e-08 0 7.07637e-13 4.42089e-07 6.99561e-08 
scan 300 0 40 0 0 0 0 0 0 0 0 0 
scan 300 0 41 1.43361e-06 2.02904e-06 1.43361e-06 4.05486e-08 2.86722e-08 0 2.06526e-12 1.43361e-06 6.36981e-08 
scan 300 0 42 5.76988e-06 6.45889e-06 2.88516e-06 7.00212e-08 1.69517e-07 0 2.29288e-09 5.76988e-06 2.60847e-07 
scan 300 0 43 2.86721e-06 3.51532e-06 2.02742e-06 5.73442e-08 8.1097e-08 0 7.29445e-12 2.86721e-06 1.27396e-07 
scan 300 0 44 2.86721e-06 3.51532e-06 2.02743e-06 8.1097e-08 5.73443e-08 0 6.11146e-12 2.86721e-06 1.27396e-07 
scan 300 0 45 9.67132e-05 2.33594e-05 1.18163e-05 2.48944e-06 2.5489e-06 0 4.88867e-08 1.93426e-05 4.3821e-06 
scan 300 0 46 6.20108e-05 1.60186e-05 9.45717e-06 1.654e-06 1.66346e-06 0 1.71973e-08 1.24022e-05 2.79999e-06 
scan 300 0 47 1.30123e-05 5.12295e-06 4.33792e-06 3.42832e-07 4.25267e-07 0 2.475e-08 2.60246e-06 5.96008e-07 
scan 300 0 48 4.34083e-06 2.66407e-06 2.50639e-06 1.22777e-07 8.68166e-08 0 1.17748e-11 8.68166e-07 1.97352e-07 
scan 300 0 49 2.94328e-06 2.17141e-06 2.08121e-06 8.32485e-08 1.02955e-07 0 1.98615e-09 5.88656e-07 1.39723e-07 
scan 300 0 50 4.38087e-06 2.86185e-06 2.52951e-06 8.76174e-08 1.2391e-07 0 2.81988e-12 1.31426e-06 2.0361e-07 
scan 300 0 51 1.43733e-05 6.32112e-06 4.54541e-06 3.6362e-07 3.95702e-07 0 1.39939e-09 4.312e-06 6.43116e-07 
scan 300 0 52 7.16612e-06 3.88294e-06 3.20479e-06 1.69518e-07 2.33789e-07 0 9.69499e-10 2.14984e-06 3.18405e-07 
scan 300 0 53 0 0 0 0 0 0 0 0 0 
scan 300 0 54 0 0 0 0 0 0 0 0 0 
scan 300 0 55 0 0 0 0 0 0 0 0 0 
scan 300 0 56 7.20662e-06 7.90509e-06 3.2231e-06 1.91958e-07 1.56009e-07 0 7.28754e-10 7.20662e-06 3.24684e-07 
scan 300 0 57 7.20752e-06 7.90635e-06 3.2235e-06 1.82565e-07 1.79775e-07 0 2.80025e-10 7.20752e-06 3.24724e-07 
scan 300 0 58 7.20805e-06 7.90661e-06 3.22374e-06 1.67914e-07 1.80122e-07 0 1.67379e-11 7.20805e-06 3.24748e-07 
scan 300 0 59 2.86721e-06 3.51531e-06 2.02742e-06 8.10968e-08 5.73441e-08 0 9.65185e-12 2.86721e-06 1.27396e-07 
scan 300 0 75 4.30083e-06 2.639e-06 2.48308e-06 1.21646e-07 8.60165e-08 0 6.19577e-12 8.60165e-07 1.91094e-07 
scan 300 0 76 5.7739e-06 3.12736e-06 2.88716e-06 1.53893e-07 1.39226e-07 0 2.86375e-10 1.15478e-06 2.61025e-07 
scan 300 0 77 1.4336e-06 1.46422e-06 1.4336e-06 2.8672e-08 4.05483e-08 0 6.60603e-12 2.8672e-07 6.36977e-08 
scan 300 0 78 1.43361e-06 1.46423e-06 1.43361e-06 4.05486e-08 2.86722e-08 0 2.06526e-12 2.86722e-07 6.36981e-08 
scan 300 0 79 1.43361e-06 1.46423e-06 1.43361e-06 4.05486e-08 2.86722e-08 0 2.06526e-12 2.86722e-07 6.36981e-08 
scan 300 0 80 0 0 0 0 0 0 0 0 0 
scan 300 0 81 1.47362e-06 1.54094e-06 1.47362e-06 4.16803e-08 2.94724e-08 0 4.15915e-12 4.42087e-07 6.99558e-08 
scan 300 0 82 0 0 0 0 0 0 0 0 0 
scan 300 0 83 1.47363e-06 1.54095e-06 1.47363e-06 4.16804e-08 2.94725e-08 0 2.12291e-12 4.42088e-07 6.9956e-08 
scan 300 0 84 0 0 0 0 0 0 0 0 0 
scan 300 0 85 0 0 0 0 0 0 0 0 0 
scan 300 0 86 0 0 0 0 0 0 0 0 0 
scan 300 0 87 0 0 0 0 0 0 0 0 0 
scan 300 0 88 0 0 0 0 0 0 0 0 0 
scan 300 0 89 1.4336e-06 2.02903e-06 1.4336e-06 4.05485e-08 2.86721e-08 0 4.04621e-12 1.4336e-06 6.36979e-08 
scan 300 0 90 0.000218454 4.94979e-05 1.70431e-05 4.24403e-06 4.21717e-06 6.23145e-06 8.81328e-06 4.36909e-05 9.91871e-06 
scan 300 0 91 0.000298288 6.62459e-05 1.99773e-05 5.55786e-06 6.00138e-06 7.7763e-06 1.09926e-05 5.96576e-05 1.34977e-05 
scan 300 0 92 8.67769e-05 2.12742e-05 1.07869e-05 1.46809e-06 1.89432e-06 1.93812e-06 3.16374e-06 1.73554e-05 3.93901e-06 
scan 300 0 93 4.26689e-05 1.17535e-05 7.56146e-06 7.48654e-07 8.67238e-07 8.96386e-07 1.52314e-06 8.53378e-06 1.92559e-06 
scan 300 0 94 8.24356e-06 3.7815e-06 3.36812e-06 9.49109e-08 1.99075e-07 1.64871e-07 1.65261e-07 1.64871e-06 3.66278e-07 
scan 300 0 95 6.90571e-06 3.74478e-06 3.09149e-06 9.27464e-08 1.36004e-07 1.75962e-07 1.38504e-07 2.07171e-06 3.11135e-07 
scan 300 0 96 6.09483e-05 2.08224e-05 9.11024e-06 1.1863e-06 1.1024e-06 1.67401e-06 1.78162e-06 1.82845e-05 2.7668e-06 
scan 300 0 97 1.89646e-05 7.71854e-06 5.07612e-06 2.71775e-07 3.98384e-07 4.1714e-07 5.49429e-07 5.68939e-06 8.5518e-07 
scan 300 0 98 7.80448e-06 4.00167e-06 3.19385e-06 2.18402e-07 8.14349e-08 1.5609e-07 3.59415e-07 2.34134e-06 3.50576e-07 
scan 300 0 99 5.02499e-06 2.96612e-06 2.51478e-06 8.37131e-08 8.79757e-08 1.73614e-07 3.23503e-07 1.5075e-06 2.27302e-07 
scan 300 0 100 2.68817e-06 3.29966e-06 1.9044e-06 6.42146e-08 2.85318e-08 9.6561e-08 7.91899e-08 2.68817e-06 1.19441e-07 
scan 300 0 101 2.76235e-05 2.83648e-05 6.18586e-06 4.31089e-07 5.46128e-07 9.2156e-07 5.77742e-07 2.76235e-05 1.25288e-06 
scan 300 0 102 5.33049e-05 5.40985e-05 8.4474e-06 9.97445e-07 1.09344e-06 1.42371e-06 1.95656e-06 5.33049e-05 2.41376e-06 
scan 300 0 103 1.99359e-05 2.06392e-05 5.15697e-06 3.48088e-07 4.42189e-07 5.19141e-07 7.43147e-07 1.99359e-05 8.97931e-07 
scan 300 0 104 9.49324e-06 1.01693e-05 3.59193e-06 9.16107e-08 2.35788e-07 2.73593e-07 2.65754e-07 9.49324e-06 4.26104e-07 
scan 300 0 120 1.4759e-05 5.42679e-06 4.4576e-06 3.01791e-07 1.91981e-07 2.9518e-07 4.65316e-07 2.9518e-06 6.59713e-07 
scan 300 0 121 2.52861e-05 7.88345e-06 5.8168e-06 3.72078e-07 4.3994e-07 5.05723e-07 9.21027e-07 5.05723e-06 1.14103e-06 
scan 300 0 122 1.74619e-05 6.08828e-06 4.85464e-06 3.19755e-07 2.83146e-07 3.49238e-07 6.02811e-07 3.49238e-06 7.96961e-07 
scan 300 0 123 5.36443e-06 2.91365e-06 2.68694e-06 9.98975e-08 6.85451e-08 1.07289e-07 1.83178e-07 1.07289e-06 2.42653e-07 
scan 300 0 124 1.11111e-05 4.56008e-06 3.93077e-06 1.14127e-07 2.66996e-07 2.22221e-07 1.66732e-07 2.22221e-06 4.93687e-07 
scan 300 0 125 1.46641e-06 1.5334e-06 1.46641e-06 2.93282e-08 2.93282e-08 2.93282e-08 3.5927e-09 4.39923e-07 6.96134e-08 
scan 300 0 126 1.25014e-05 5.66111e-06 4.17322e-06 1.76367e-07 2.59638e-07 2.50029e-07 2.70083e-07 3.75043e-06 5.76782e-07 
scan 300 0 127 8.37286e-06 4.27272e-06 3.41853e-06 0 2.3682e-07 1.67457e-07 1.67457e-07 2.51186e-06 3.84925e-07 
scan 300 0 128 1.41469e-06 1.47958e-06 1.41469e-06 0 4.00133e-08 2.82937e-08 2.82937e-08 4.24406e-07 6.71579e-08 
scan 300 0 129 1.41469e-06 1.47958e-06 1.41469e-06 0 4.00133e-08 2.82937e-08 2.82937e-08 4.24406e-07 6.71579e-08 
scan 300 0 130 0 0 0 0 0 0 0 0 0 
scan 300 0 131 1.46641e-06 2.07561e-06 1.46641e-06 2.93282e-08 2.93282e-08 2.93282e-08 3.5927e-09 1.46641e-06 6.96134e-08 
scan 300 0 132 6.87216e-06 7.54112e-06 3.075e-06 0 1.94374e-07 1.37443e-07 1.76151e-07 6.87216e-06 3.13945e-07 
scan 300 0 133 6.86746e-06 7.53832e-06 3.07703e-06 1.31018e-07 9.75831e-08 1.81342e-07 1.88213e-07 6.86746e-06 3.17993e-07 
scan 300 0 134 2.84268e-06 3.48599e-06 2.01109e-06 2.93282e-08 6.82549e-08 5.68536e-08 3.11181e-08 2.84268e-06 1.30764e-07 
scan 300 0 135 0.000232468 5.21496e-05 1.78145e-05 4.86359e-06 5.17876e-06 6.26091e-06 6.35171e-06 4.64937e-05 1.05142e-05 
scan 300 0 136 0.000257382 5.74504e-05 1.87117e-05 5.57585e-06 5.67567e-06 6.97953e-06 7.33221e-06 5.14764e-05 1.16114e-05 
scan 300 0 137 9.54213e-05 2.30973e-05 1.15083e-05 2.02338e-06 1.98518e-06 2.52626e-06 1.91595e-06 1.90843e-05 4.32976e-06 
scan 300 0 138 1.46843e-05 5.42384e-06 4.43856e-06 3.1927e-07 3.30243e-07 3.30243e-07 5.6406e-07 2.93686e-06 6.7371e-07 
scan 300 0 139 2.64301e-06 1.95606e-06 1.87455e-06 6.50459e-08 5.28602e-08 5.28602e-08 9.5951e-08 5.28602e-07 1.17434e-07 
scan 300 0 140 8.10432e-06 4.14727e-06 3.31593e-06 1.87318e-07 1.62086e-07 2.06079e-07 2.37667e-07 2.4313e-06 3.64549e-07 
scan 300 0 141 7.08766e-05 2.38742e-05 9.94092e-06 1.49315e-06 1.49323e-06 1.58616e-06 1.29618e-06 2.1263e-05 3.22238e-06 
scan 300 0 142 1.78248e-05 7.38546e-06 4.95625e-06 3.81297e-07 4.309e-07 4.43221e-07 4.4246e-07 5.34744e-06 8.13764e-07 
scan 300 0 143 8.30455e-06 4.24332e-06 3.39545e-06 1.66091e-07 1.66091e-07 2.10083e-07 1.67581e-07 2.49136e-06 3.77388e-07 
scan 300 0 144 0 0 0 0 0 0 0 0 0 
scan 300 0 145 0 0 0 0 0 0 0 0 0 
scan 300 0 146 3.13808e-05 3.21217e-05 6.55885e-06 6.52417e-07 6.64173e-07 7.14405e-07 7.99094e-07 3.13808e-05 1.41989e-06 
scan 300 0 147 5.3557e-05 5.43491e-05 8.59189e-06 1.08376e-06 1.22464e-06 1.20066e-06 1.26813e-06 5.3557e-05 2.43423e-06 
scan 300 0 148 3.08337e-05 3.15731e-05 6.44659e-06 6.54002e-07 6.9081e-07 7.83907e-07 1.04964e-06 3.08337e-05 1.39939e-06 
scan 300 0 149 1.11577e-05 1.18545e-05 3.94961e-06 2.23154e-07 2.23154e-07 2.23154e-07 1.74571e-07 1.11577e-05 5.0416e-07 
scan 300 0 165 7.13294e-06 3.51749e-06 3.18995e-06 1.42659e-07 1.42659e-07 1.42659e-07 1.74757e-08 1.42659e-06 3.16931e-07 
scan 300 0 166 1.5431e-05 5.65805e-06 4.65683e-06 3.0862e-07 3.0862e-07 3.0862e-07 1.88275e-07 3.0862e-06 6.94022e-07 
scan 300 0 167 1.43434e-05 5.43399e-06 4.53606e-06 2.86867e-07 2.86867e-07 3.73657e-07 3.62096e-08 2.86867e-06 6.4622e-07 
scan 300 0 168 1.42659e-06 1.45706e-06 1.42659e-06 2.85318e-08 2.85318e-08 2.85318e-08 3.49514e-09 2.85318e-07 6.33861e-08 
scan 300 0 169 4.31738e-06 2.64968e-06 2.49283e-06 8.63475e-08 8.63475e-08 8.63475e-08 1.16757e-08 8.63475e-07 1.96281e-07 
scan 300 0 170 2.893e-06 2.2301e-06 2.04585e-06 5.786e-08 5.786e-08 1.00658e-07 7.08784e-09 8.67899e-07 1.33e-07 
scan 300 0 171 8.4232e-06 4.29924e-06 3.44294e-06 1.68464e-07 1.68464e-07 1.68464e-07 1.1258e-07 2.52696e-06 3.82525e-07 
scan 300 0 172 2.85318e-06 2.19746e-06 2.0175e-06 5.70635e-08 5.70635e-08 5.70635e-08 6.99028e-09 8.55953e-07 1.26772e-07 
scan 300 0 173 1.26158e-06 1.32121e-06 1.26158e-06 2.52316e-08 2.52316e-08 2.52316e-08 7.56948e-08 3.78474e-07 5.60545e-08 
scan 300 0 174 0 0 0 0 0 0 0 0 0 
scan 300 0 175 0 0 0 0 0 0 0 0 0 
scan 300 0 176 7.0784e-06 7.76794e-06 3.17099e-06 1.41568e-07 1.41568e-07 1.41568e-07 1.08217e-07 7.0784e-06 3.31689e-07 
scan 300 0 177 9.93523e-06 1.06404e-05 3.76172e-06 1.98705e-07 2.35262e-07 1.98705e-07 1.13817e-07 9.93523e-06 4.59274e-07 
scan 300 0 178 4.31959e-06 4.99405e-06 2.49413e-06 8.63917e-08 8.63917e-08 8.63917e-08 1.0583e-08 4.31959e-06 1.96386e-07 
scan 300 0 179 2.85318e-06 3.49812e-06 2.0175e-06 5.70635e-08 5.70635e-08 5.70635e-08 6.99028e-09 2.85318e-06 1.26772e-07 
