xsec 525 0 0.00964984
scan 525 0 0 5.50552e-06 1.24861e-06 4.84937e-07 1.45459e-07 1.31746e-07 0 1.65375e-08 1.1011e-06 2.69521e-07 
scan 525 0 1 8.37067e-06 1.84992e-06 5.99755e-07 2.17888e-07 1.87586e-07 0 1.94788e-08 1.67413e-06 4.20407e-07 
scan 525 0 2 3.06106e-06 7.37589e-07 3.63494e-07 7.27434e-08 8.63205e-08 0 4.49792e-09 6.12212e-07 1.56022e-07 
scan 525 0 3 1.41825e-06 3.8632e-07 2.47027e-07 3.88651e-08 3.24258e-08 0 3.84846e-09 2.8365e-07 7.20198e-08 
scan 525 0 4 4.69665e-07 1.72311e-07 1.41659e-07 1.33611e-08 9.70098e-09 0 1.23954e-09 9.3933e-08 2.29427e-08 
scan 525 0 5 8.72566e-08 6.73373e-08 6.17574e-08 2.35627e-09 2.45106e-09 0 3.00699e-10 2.6177e-08 4.84259e-09 
scan 525 0 6 2.23839e-06 7.52478e-07 3.10587e-07 5.53771e-08 5.34246e-08 0 4.02143e-09 6.71518e-07 1.13512e-07 
scan 525 0 7 1.19296e-06 4.28946e-07 2.25532e-07 2.99688e-08 2.92314e-08 0 2.71291e-09 3.57888e-07 5.73242e-08 
scan 525 0 8 2.15905e-07 1.17107e-07 9.66283e-08 6.56976e-09 2.10818e-09 0 1.07113e-09 6.47714e-08 1.15343e-08 
scan 525 0 9 2.63345e-07 1.34642e-07 1.07577e-07 5.86143e-09 8.17233e-09 0 1.27392e-10 7.90035e-08 1.45939e-08 
scan 525 0 10 0 0 0 0 0 0 0 0 0 
scan 525 0 11 1.14884e-06 1.17181e-06 2.21139e-07 2.8129e-08 2.74274e-08 0 4.79364e-10 1.14884e-06 5.35223e-08 
scan 525 0 12 2.23826e-06 2.26393e-06 3.1056e-07 5.7957e-08 5.3789e-08 0 4.08256e-09 2.23826e-06 1.13487e-07 
scan 525 0 13 2.19922e-06 2.22469e-06 3.08144e-07 4.87909e-08 5.15582e-08 0 4.00627e-09 2.19922e-06 1.12674e-07 
scan 525 0 14 1.34261e-06 1.36667e-06 2.41279e-07 2.91612e-08 3.39606e-08 0 2.50814e-09 1.34261e-06 7.04358e-08 
scan 525 0 15 2.83879e-06 6.88489e-07 3.49647e-07 6.59813e-08 6.50008e-08 0 6.56324e-09 5.67759e-07 1.44194e-07 
scan 525 0 16 5.4833e-06 1.24233e-06 4.8492e-07 1.37893e-07 1.03219e-07 0 1.75614e-08 1.09666e-06 2.74949e-07 
scan 525 0 17 2.17885e-06 5.46843e-07 3.05233e-07 5.05682e-08 4.36001e-08 0 6.25583e-09 4.35769e-07 1.07134e-07 
scan 525 0 18 1.10413e-06 3.15679e-07 2.16609e-07 2.55441e-08 2.36727e-08 0 3.18712e-09 2.20825e-07 5.2414e-08 
scan 525 0 19 9.09879e-07 2.75183e-07 1.98665e-07 2.04665e-08 1.98564e-08 0 2.35824e-09 1.81976e-07 4.82095e-08 
scan 525 0 20 8.37879e-08 6.45253e-08 5.92505e-08 2.28243e-09 1.19788e-09 0 4.47535e-10 2.51364e-08 3.7698e-09 
scan 525 0 21 7.3589e-07 2.8741e-07 1.78599e-07 1.48627e-08 1.60023e-08 0 1.50987e-09 2.20767e-07 3.8595e-08 
scan 525 0 22 8.14636e-07 3.11315e-07 1.86976e-07 1.48417e-08 1.95963e-08 0 1.32848e-09 2.44391e-07 4.03044e-08 
scan 525 0 23 1.70972e-07 1.00225e-07 8.55453e-08 3.7284e-09 2.77205e-09 0 7.84428e-10 5.12916e-08 8.60766e-09 
scan 525 0 24 2.17461e-07 1.1795e-07 9.73227e-08 4.96035e-09 4.97009e-09 0 3.07715e-10 6.52382e-08 1.16175e-08 
scan 525 0 25 0 0 0 0 0 0 0 0 0 
scan 525 0 26 7.19222e-07 7.41206e-07 1.74474e-07 1.66774e-08 1.66082e-08 0 1.92468e-09 7.19222e-07 3.32761e-08 
scan 525 0 27 1.75004e-06 1.77414e-06 2.73443e-07 4.0851e-08 3.00198e-08 0 7.28241e-09 1.75004e-06 8.69089e-08 
scan 525 0 28 1.87476e-06 1.89898e-06 2.82761e-07 4.62526e-08 3.22099e-08 0 5.33817e-09 1.87476e-06 9.0765e-08 
scan 525 0 29 1.75998e-06 1.78438e-06 2.7501e-07 3.81809e-08 3.9468e-08 0 3.96594e-09 1.75998e-06 8.83154e-08 
scan 525 0 30 2.92916e-06 7.07585e-07 3.55414e-07 6.41475e-08 7.10389e-08 0 3.78224e-09 5.85831e-07 1.4827e-07 
scan 525 0 31 5.85131e-06 1.32101e-06 5.02015e-07 1.35831e-07 1.33549e-07 0 9.44003e-09 1.17026e-06 2.95245e-07 
scan 525 0 32 4.37164e-06 1.01341e-06 4.35257e-07 9.97911e-08 1.07908e-07 0 5.05205e-09 8.74328e-07 2.26875e-07 
scan 525 0 33 1.93422e-06 4.96201e-07 2.88459e-07 4.36135e-08 4.50807e-08 0 3.15353e-09 3.86843e-07 9.70283e-08 
scan 525 0 34 2.02339e-06 5.15788e-07 2.95299e-07 4.42838e-08 5.19403e-08 0 2.51324e-09 4.04678e-07 1.02014e-07 
scan 525 0 35 2.09622e-07 1.13498e-07 9.37494e-08 6.72309e-09 1.69405e-09 0 1.04871e-09 6.28866e-08 9.43135e-09 
scan 525 0 36 1.59858e-06 5.55343e-07 2.62954e-07 3.54414e-08 3.59242e-08 0 1.58963e-09 4.79573e-07 8.19862e-08 
scan 525 0 37 1.97074e-06 6.68964e-07 2.90692e-07 4.64025e-08 4.38278e-08 0 2.89624e-09 5.91221e-07 9.68787e-08 
scan 525 0 38 7.74601e-07 2.99151e-07 1.82661e-07 1.48595e-08 2.05215e-08 0 1.89149e-10 2.3238e-07 3.85164e-08 
scan 525 0 39 7.29991e-07 2.85061e-07 1.77138e-07 1.68459e-08 1.74555e-08 0 1.29455e-09 2.18997e-07 3.64958e-08 
scan 525 0 40 0 0 0 0 0 0 0 0 0 
scan 525 0 41 1.58819e-06 1.61222e-06 2.61222e-07 3.39184e-08 3.63369e-08 0 2.02864e-09 1.58819e-06 7.87737e-08 
scan 525 0 42 2.88238e-06 2.90885e-06 3.52315e-07 6.54318e-08 6.32475e-08 0 2.85435e-09 2.88238e-06 1.44323e-07 
scan 525 0 43 2.35668e-06 2.38197e-06 3.17906e-07 5.25068e-08 5.06825e-08 0 3.6692e-09 2.35668e-06 1.16059e-07 
scan 525 0 44 3.73804e-06 3.7659e-06 4.00965e-07 7.76825e-08 8.41096e-08 0 6.37686e-09 3.73804e-06 1.87363e-07 
scan 525 0 45 5.29248e-06 1.20804e-06 4.77433e-07 1.40293e-07 1.47517e-07 0 2.62958e-09 1.0585e-06 2.63752e-07 
scan 525 0 46 5.45314e-06 1.24047e-06 4.84093e-07 1.39159e-07 1.53754e-07 0 2.26754e-09 1.09063e-06 2.68236e-07 
scan 525 0 47 1.76416e-06 4.60516e-07 2.75645e-07 4.52663e-08 4.33329e-08 0 3.57345e-10 3.52832e-07 8.76239e-08 
scan 525 0 48 6.05573e-07 2.05739e-07 1.61934e-07 1.57043e-08 1.53256e-08 0 1.28027e-12 1.21115e-07 3.09129e-08 
scan 525 0 49 6.44746e-07 2.14235e-07 1.66545e-07 1.47016e-08 1.75123e-08 0 8.3633e-12 1.28949e-07 3.17587e-08 
scan 525 0 50 1.27053e-07 8.29909e-08 7.33543e-08 3.57188e-09 2.89192e-09 0 3.05469e-13 3.8116e-08 5.71641e-09 
scan 525 0 51 1.72852e-06 5.96711e-07 2.73449e-07 4.4274e-08 5.20621e-08 0 1.69023e-10 5.18556e-07 8.78517e-08 
scan 525 0 52 7.74963e-07 2.9941e-07 1.82746e-07 1.94663e-08 1.83059e-08 0 8.66987e-12 2.32489e-07 3.85342e-08 
scan 525 0 53 2.18084e-07 1.18319e-07 9.75917e-08 5.76955e-09 5.08959e-09 0 4.51416e-13 6.54252e-08 1.16455e-08 
scan 525 0 54 1.68551e-07 9.87653e-08 8.42777e-08 5.09645e-09 3.37101e-09 0 4.20459e-10 5.05652e-08 7.58345e-09 
scan 525 0 55 8.78208e-08 1.07765e-07 6.21378e-08 2.48395e-09 3.1205e-09 0 2.29777e-11 8.78208e-08 4.86705e-09 
scan 525 0 56 1.28612e-06 1.30971e-06 2.34901e-07 3.31789e-08 3.27139e-08 0 1.22481e-10 1.28612e-06 6.24483e-08 
scan 525 0 57 2.35422e-06 2.37989e-06 3.17551e-07 6.14514e-08 6.38825e-08 0 2.0854e-10 2.35422e-06 1.13255e-07 
scan 525 0 58 1.41643e-06 1.44032e-06 2.46669e-07 3.58743e-08 3.62122e-08 0 7.37475e-11 1.41643e-06 6.92287e-08 
scan 525 0 59 1.33497e-06 1.35878e-06 2.39882e-07 3.21641e-08 3.34699e-08 0 3.37879e-11 1.33497e-06 6.64804e-08 
scan 525 0 75 9.50711e-07 2.84111e-07 2.028e-07 2.23029e-08 2.46843e-08 0 1.47408e-12 1.90142e-07 4.82749e-08 
scan 525 0 76 8.04673e-07 2.49113e-07 1.84605e-07 1.95802e-08 1.96019e-08 0 1.52527e-12 1.60935e-07 3.6204e-08 
scan 525 0 77 7.42118e-07 2.38108e-07 1.80105e-07 1.88328e-08 1.69999e-08 0 1.61507e-12 1.48424e-07 3.98066e-08 
scan 525 0 78 1.72569e-07 9.35629e-08 8.63278e-08 4.53013e-09 3.80222e-09 0 4.44397e-13 3.45137e-08 8.68096e-09 
scan 525 0 79 2.57272e-07 1.17985e-07 1.0507e-07 6.22419e-09 6.19798e-09 0 3.32078e-13 5.14543e-08 1.24919e-08 
scan 525 0 80 4.55154e-08 4.76379e-08 4.55154e-08 9.10308e-10 1.28737e-09 0 2.18565e-14 1.36546e-08 2.96457e-09 
scan 525 0 81 4.26677e-07 1.87659e-07 1.3496e-07 1.02878e-08 1.0314e-08 0 4.52305e-13 1.28003e-07 2.01138e-08 
scan 525 0 82 2.14921e-07 1.16489e-07 9.6157e-08 4.67547e-09 5.70181e-09 0 1.59369e-13 6.44762e-08 1.05865e-08 
scan 525 0 83 8.47023e-08 6.52386e-08 5.98936e-08 2.39574e-09 1.69405e-09 0 1.80543e-13 2.54107e-08 3.81094e-09 
scan 525 0 84 4.55154e-08 4.76379e-08 4.55154e-08 9.10308e-10 1.28737e-09 0 2.18565e-14 1.36546e-08 2.96457e-09 
scan 525 0 85 0 0 0 0 0 0 0 0 0 
scan 525 0 86 6.41555e-07 6.6368e-07 1.65701e-07 1.56637e-08 1.53133e-08 0 2.19427e-11 6.41555e-07 3.06984e-08 
scan 525 0 87 9.11508e-07 9.34717e-07 1.99024e-07 2.19214e-08 2.25451e-08 0 9.62582e-12 9.11508e-07 4.74275e-08 
scan 525 0 88 6.02393e-07 6.24608e-07 1.6107e-07 1.42316e-08 1.48545e-08 0 8.86294e-12 6.02393e-07 2.98532e-08 
scan 525 0 89 1.08409e-06 1.10766e-06 2.16944e-07 2.49181e-08 2.85093e-08 0 1.70578e-12 1.08409e-06 5.61095e-08 
scan 525 0 90 1.18784e-05 2.61861e-06 6.87545e-07 2.28452e-07 2.13308e-07 3.0525e-07 4.50589e-07 2.37568e-06 5.88764e-07 
scan 525 0 91 1.69066e-05 3.68843e-06 8.21474e-07 3.19724e-07 3.02331e-07 4.15884e-07 6.39378e-07 3.38131e-06 8.49144e-07 
scan 525 0 92 7.1383e-06 1.60839e-06 5.35065e-07 1.39974e-07 1.15921e-07 1.62691e-07 2.64051e-07 1.42766e-06 3.64943e-07 
scan 525 0 93 2.76073e-06 6.75599e-07 3.33027e-07 5.43085e-08 4.77803e-08 6.26105e-08 1.03898e-07 5.52145e-07 1.4393e-07 
scan 525 0 94 2.44406e-06 6.05944e-07 3.13854e-07 4.32406e-08 4.53897e-08 5.5964e-08 8.45415e-08 4.88813e-07 1.24564e-07 
scan 525 0 95 6.62517e-07 2.62974e-07 1.65933e-07 9.24888e-09 1.40665e-08 1.95875e-08 1.51388e-08 1.98755e-07 3.49511e-08 
scan 525 0 96 3.45335e-06 1.12726e-06 3.73366e-07 6.56106e-08 5.64598e-08 8.21987e-08 1.14689e-07 1.03601e-06 1.74932e-07 
scan 525 0 97 3.01133e-06 9.90864e-07 3.48642e-07 5.16264e-08 6.12113e-08 7.36337e-08 9.75388e-08 9.034e-07 1.50934e-07 
scan 525 0 98 1.01021e-06 3.71866e-07 2.02636e-07 1.94722e-08 1.52223e-08 2.02041e-08 3.66977e-08 3.03062e-07 5.48666e-08 
scan 525 0 99 6.7539e-07 2.6494e-07 1.6421e-07 1.14928e-08 1.28219e-08 1.47721e-08 2.39137e-08 2.02617e-07 3.29863e-08 
scan 525 0 100 1.54195e-07 1.72913e-07 7.73009e-08 3.68034e-09 1.64395e-09 3.08389e-09 7.86815e-09 1.54195e-07 7.74428e-09 
scan 525 0 101 2.77813e-06 2.80447e-06 3.32817e-07 4.4341e-08 4.99571e-08 6.75848e-08 9.67546e-08 2.77813e-06 1.33707e-07 
scan 525 0 102 5.89305e-06 5.92733e-06 4.88832e-07 1.03112e-07 1.08067e-07 1.49318e-07 1.8171e-07 5.89305e-06 2.97596e-07 
scan 525 0 103 4.66684e-06 4.69785e-06 4.34352e-07 8.63656e-08 8.58217e-08 1.05414e-07 1.46484e-07 4.66684e-06 2.33141e-07 
scan 525 0 104 5.43213e-06 5.4649e-06 4.66967e-07 1.03083e-07 9.03279e-08 1.22452e-07 1.82522e-07 5.43213e-06 2.68138e-07 
scan 525 0 120 3.33311e-06 7.92617e-07 3.6907e-07 5.48683e-08 5.79949e-08 7.14659e-08 8.98946e-08 6.66621e-07 1.6758e-07 
scan 525 0 121 5.30147e-06 1.20727e-06 4.66112e-07 9.8901e-08 8.69975e-08 1.08451e-07 1.31189e-07 1.06029e-06 2.63998e-07 
scan 525 0 122 4.95562e-06 1.13392e-06 4.49646e-07 8.51177e-08 8.69839e-08 1.02715e-07 1.28062e-07 9.91125e-07 2.43952e-07 
scan 525 0 123 2.32852e-06 5.77942e-07 3.09042e-07 3.56256e-08 4.71651e-08 4.65705e-08 5.37176e-08 4.65705e-07 1.14373e-07 
scan 525 0 124 3.59234e-06 8.46989e-07 3.83696e-07 6.01854e-08 6.63526e-08 7.18468e-08 9.07179e-08 7.18468e-07 1.8043e-07 
scan 525 0 125 1.68719e-07 9.88328e-08 8.43598e-08 3.72523e-09 2.52736e-09 3.37438e-09 3.41223e-10 5.06158e-08 7.59104e-09 
scan 525 0 126 2.28418e-06 7.6428e-07 3.05918e-07 3.89857e-08 4.09431e-08 4.69459e-08 5.4227e-08 6.85253e-07 1.12369e-07 
scan 525 0 127 1.24173e-06 4.43111e-07 2.26969e-07 2.05221e-08 2.21138e-08 2.48345e-08 2.45557e-08 3.72518e-07 6.27102e-08 
scan 525 0 128 5.77942e-07 2.35028e-07 1.54774e-07 8.59396e-09 1.22116e-08 1.15588e-08 9.52087e-09 1.73383e-07 2.7826e-08 
scan 525 0 129 1.25915e-06 4.47532e-07 2.26655e-07 2.30522e-08 2.05695e-08 2.5183e-08 3.04063e-08 3.77745e-07 6.08907e-08 
scan 525 0 130 8.73727e-08 1.07186e-07 6.18236e-08 1.74745e-09 1.74745e-09 1.74745e-09 2.45623e-10 8.73727e-08 4.84333e-09 
scan 525 0 131 2.29094e-06 2.31569e-06 3.06721e-07 3.58097e-08 4.19712e-08 4.70385e-08 4.88562e-08 2.29094e-06 1.10977e-07 
scan 525 0 132 4.30575e-06 4.33518e-06 4.20981e-07 6.84467e-08 7.69959e-08 8.85808e-08 1.04175e-07 4.30575e-06 2.18682e-07 
scan 525 0 133 3.75485e-06 3.7825e-06 3.9213e-07 5.08402e-08 7.27536e-08 7.63168e-08 8.65371e-08 3.75485e-06 1.82831e-07 
scan 525 0 134 5.97689e-06 6.00895e-06 4.95582e-07 9.71251e-08 1.10309e-07 1.23331e-07 1.29509e-07 5.97689e-06 2.91741e-07 
scan 525 0 135 1.35466e-05 2.96045e-06 7.45365e-07 2.85987e-07 3.01302e-07 3.60807e-07 3.31085e-07 2.70933e-06 6.75184e-07 
scan 525 0 136 1.47506e-05 3.20775e-06 7.7908e-07 3.10548e-07 3.19545e-07 3.81129e-07 3.23717e-07 2.95012e-06 7.28616e-07 
scan 525 0 137 5.66856e-06 1.29186e-06 4.85462e-07 1.16396e-07 1.24685e-07 1.46389e-07 1.1477e-07 1.13371e-06 2.90235e-07 
scan 525 0 138 2.35359e-06 5.85826e-07 3.12374e-07 5.00826e-08 4.93079e-08 6.29843e-08 4.21262e-08 4.70717e-07 1.15583e-07 
scan 525 0 139 1.6616e-06 4.35855e-07 2.60105e-07 3.47253e-08 3.65863e-08 4.15408e-08 3.84314e-08 3.32321e-07 7.83012e-08 
scan 525 0 140 8.1998e-07 3.1199e-07 1.8368e-07 1.72007e-08 1.75177e-08 1.76639e-08 2.03071e-08 2.45994e-07 4.1944e-08 
scan 525 0 141 5.49055e-06 1.75309e-06 4.78868e-07 1.14314e-07 1.17687e-07 1.2352e-07 9.83244e-08 1.64716e-06 2.81067e-07 
scan 525 0 142 3.31594e-06 1.08382e-06 3.73706e-07 6.93434e-08 6.86385e-08 7.13742e-08 4.55319e-08 9.94783e-07 1.69483e-07 
scan 525 0 143 1.29944e-06 4.63112e-07 2.33968e-07 2.63894e-08 2.8225e-08 3.09295e-08 2.29071e-08 3.89832e-07 6.91978e-08 
scan 525 0 144 6.14413e-07 2.47279e-07 1.59219e-07 1.30209e-08 1.22883e-08 1.46707e-08 1.59667e-08 1.84324e-07 3.20995e-08 
scan 525 0 145 4.52924e-08 6.41403e-08 4.52924e-08 9.05848e-10 9.05848e-10 9.05848e-10 1.10966e-10 4.52924e-08 2.95004e-09 
scan 525 0 146 4.42251e-06 4.45273e-06 4.26586e-07 9.18626e-08 9.30515e-08 9.36965e-08 1.04271e-07 4.42251e-06 2.22448e-07 
scan 525 0 147 9.83749e-06 9.87927e-06 6.37736e-07 2.08079e-07 2.09345e-07 2.16867e-07 2.0354e-07 9.83749e-06 4.91418e-07 
scan 525 0 148 6.85442e-06 6.88956e-06 5.3478e-07 1.41992e-07 1.4728e-07 1.44769e-07 1.18987e-07 6.85442e-06 3.46402e-07 
scan 525 0 149 7.35296e-06 7.38893e-06 5.52183e-07 1.53068e-07 1.58409e-07 1.58332e-07 1.3664e-07 7.35296e-06 3.64735e-07 
scan 525 0 165 2.64203e-06 6.46925e-07 3.35841e-07 5.28405e-08 5.39205e-08 5.53692e-08 1.42949e-08 5.28405e-07 1.32443e-07 
scan 525 0 166 4.06161e-06 9.47918e-07 4.17082e-07 8.12322e-08 8.23503e-08 9.14392e-08 2.03629e-08 8.12322e-07 2.0632e-07 
scan 525 0 167 2.36604e-06 5.89942e-07 3.1927e-07 4.73208e-08 4.73208e-08 5.24705e-08 8.20119e-09 4.73208e-07 1.21957e-07 
scan 525 0 168 1.74277e-06 4.55556e-07 2.72436e-07 3.52422e-08 3.48553e-08 3.99126e-08 1.14972e-08 3.48553e-07 8.73974e-08 
scan 525 0 169 1.4234e-06 3.88422e-07 2.48003e-07 2.84679e-08 2.84679e-08 3.23534e-08 5.76076e-09 2.84679e-07 7.49871e-08 
scan 525 0 170 5.60337e-07 2.31624e-07 1.55499e-07 1.12067e-08 1.12067e-08 1.12067e-08 1.43595e-09 1.68101e-07 2.88597e-08 
scan 525 0 171 1.24338e-06 4.45642e-07 2.3105e-07 2.52544e-08 2.48675e-08 2.61318e-08 6.11501e-09 3.73013e-07 6.40138e-08 
scan 525 0 172 1.15638e-06 4.18369e-07 2.2265e-07 2.31277e-08 2.31277e-08 2.69206e-08 3.02722e-09 3.46915e-07 5.74989e-08 
scan 525 0 173 4.165e-07 1.8323e-07 1.3179e-07 8.33e-09 8.33e-09 9.59432e-09 3.19683e-09 1.2495e-07 1.87392e-08 
scan 525 0 174 5.57316e-07 2.30476e-07 1.54645e-07 1.11463e-08 1.11463e-08 1.50337e-08 1.36542e-09 1.67195e-07 2.78115e-08 
scan 525 0 175 2.0893e-07 2.29305e-07 9.36128e-08 4.17859e-09 4.17859e-09 4.17859e-09 2.68828e-09 2.0893e-07 1.03124e-08 
scan 525 0 176 2.41861e-06 2.44411e-06 3.20611e-07 4.83722e-08 4.83722e-08 4.9731e-08 1.25834e-08 2.41861e-06 1.1794e-07 
scan 525 0 177 5.14397e-06 5.17501e-06 4.69856e-07 1.0328e-07 1.02879e-07 1.02879e-07 1.74408e-08 5.14397e-06 2.59607e-07 
scan 525 0 178 4.09216e-06 4.12126e-06 4.18062e-07 8.18432e-08 8.40412e-08 8.6993e-08 2.26297e-08 4.09216e-06 2.05876e-07 
scan 525 0 179 5.88583e-06 5.91807e-06 5.01407e-07 1.18462e-07 1.17717e-07 1.21506e-07 2.65747e-08 5.88583e-06 2.92982e-07 
