lumi 4670 0.06
data L4DY0T0STVB 0 0.000948944 0.000454973 0 0.00396938
data L4DY0T0STVA 0 0.00142759 0.000589337 0.014508 0.00926002
data L4DY0T0 0 0.000351141 0.000296258 0.0557253 0.058518
data L4DY0T1STVB 0 0.00850724 0.0016035 0.000558742 0.0874979
data L4DY0T1STVA 0 0.0998168 0.0327025 0.395489 0.117725
data L4DY0T1 0 0.175794 0.0852157 2.94165 0.0951926
data L4DY0T2STVB 0 0.0991613 0.0955768 0.109734 0.0883851
data L4DY0T2STVA 2 0.581863 0.22984 0.849828 0.696597
data L4DY0T2 4 1.59654 0.576291 1.90501 1.12104
data L4DY1T0STVBZV 1 0.00836331 0.00362931 0.00026275 0.00241154
data L4DY1T0STVB 1 0.0850235 0.0126335 0 0.00396938
data L4DY1T0STVAZV 0 0.0640351 0.0208209 0.00026275 0.00241154
data L4DY1T0STVA 0 0.419677 0.104658 0.014508 0.00926002
data L4DY1T0ZV 0 0.0721834 0.037646 0.014867 0.0231177
data L4DY1T0 2 0.715687 0.319117 0.0557253 0.058518
data L4DY1T1STVBZV 0 0.0910299 0.0207031 0 0.0646567
data L4DY1T1STVB 0 0.478392 0.122868 0 0.0736163
data L4DY1T1STVAZV 1 0.766666 0.230514 0.065 0.0776771
data L4DY1T1STVA 5 3.65926 1.10045 0.23315 0.109441
data L4DY1T1ZV 8 2.50092 0.973786 2.58785 1.93087
data L4DY1T1 22 11.94 4.33464 4.91545 1.44686
data L4DY1T2STVBZV 0 0.0534988 0.0368919 0.108636 0.0745622
data L4DY1T2STVB 0 0.124861 0.0493975 0.296399 0.146822
data L4DY1T2STVAZV 1 0.258298 0.102151 0.941362 0.429622
data L4DY1T2STVA 3 0.798494 0.26545 2.66773 0.8425
data L4DY1T2ZV 19 0.840252 0.322195 13.0623 6.53846
data L4DY1T2 96 2.65702 0.983007 57.7245 31.5432
data L4DY2T0 29 27.105 11.3674 0.0389467 0.0528123
data L4DY2T0ZV 1 2.2511 0.989993 0.0113409 0.0211376
data L4DY2T0STVAZV 0 0.190694 0.0815684 0.00021925 0.0020975
data L4DY2T0STVA 3 7.40094 2.95679 0.00545172 0.0043391
data L4DY2T0STVB 0 0.835849 0.317835 0 0.00302896
data L4DY2T0STVBZV 0 0.0171436 0.0103795 0.00021925 0.0020975
data L3DY0T0STVB 2 0.385963 0.0776616 0.476419 0.184552
data L3DY0T0STVA 5 1.30562 0.290926 4.79478 2.39945
data L3DY0T0 17 2.69339 0.916566 8.8044 3.07648
data L3DY0T1STVB 17 3.62274 1.07233 10.6489 2.29665
data L3DY0T1STVA 110 16.8283 5.25975 90.6299 12.5121
data L3DY0T1 533 55.26 19.1245 362.328 56.5239
data L3DY0T2STVB 20 1.41203 0.475075 26.1334 6.80105
data L3DY0T2STVA 158 4.58951 1.41096 202.203 20.923
data L3DY0T2 1628 8.34345 2.71868 2026.44 258.777
data L3DY1T0STVBZV 7 2.56124 0.738429 0.7966 0.41915
data L3DY1T0STVAZV 34 12.6427 3.83785 9.36249 3.7145
data L3DY1T0ZV 130 43.9345 15.1478 104.798 31.569
data L3DY1T0STVB 18 16.1944 5.58395 1.55055 0.501292
data L3DY1T0STVA 88 81.6972 28.3519 18.9293 5.88649
data L3DY1T0 731 271.285 95.3053 536.371 161.924
data L3DY1T1STVBZV 10 1.75329 0.504973 14.2542 2.16723
data L3DY1T1STVAZV 159 7.16002 2.15447 133.108 12.6975
data L3DY1T1ZV 3706 26.5084 8.3452 2956.61 423.17
data L3DY1T1STVB 36 3.60362 1.13491 36.6451 4.92893
data L3DY1T1STVA 442 18.0411 5.72936 442.471 41.1269
data L3DY1T1 17645 62.6082 19.9512 15690.8 2454.92
