model LeptonicRPV_lambda123
parameter LeptonicRPV_lambda123 1
parameter kFactorProcessWeighted true
scan charginogluino 1600 900 LOXSEC 0.007566
scan charginogluino 1600 900 L4DY0T0STVB 7.02198e-05 2.11215e-05 1.99445e-05 5.21447e-07 6.93256e-06 0 0 1.41779e-14
scan charginogluino 1600 900 L4DY0T0STVA 0 1.69181e-08 1.69181e-08 0 0 0 0 0
scan charginogluino 1600 900 L4DY0T0 0 1.69181e-08 1.69181e-08 0 0 0 0 0
scan charginogluino 1600 900 L4DY0T1STVB 0.000322767 4.17762e-05 3.91406e-05 1.80985e-06 1.43659e-05 1.19957e-06 1.47552e-06 4.03645e-09
scan charginogluino 1600 900 L4DY0T1STVA 1.11408e-06 1.11473e-06 1.11426e-06 3.11788e-08 8.03278e-09 3.39165e-09 0 8.04236e-13
scan charginogluino 1600 900 L4DY0T1 0 2.13999e-08 2.13999e-08 0 0 0 0 0
scan charginogluino 1600 900 L4DY0T2STVB 0.000749678 5.84022e-05 5.42607e-05 2.50683e-06 1.90948e-05 5.09007e-06 8.19396e-06 1.62766e-06
scan charginogluino 1600 900 L4DY0T2STVA 0 2.2698e-08 2.2698e-08 0 0 0 0 0
scan charginogluino 1600 900 L4DY0T2 2.03173e-06 2.13681e-06 2.03184e-06 0 6.59709e-07 6.1855e-09 4.47659e-08 1.84703e-08
scan charginogluino 1600 900 L4DY1T0STVBZV 0.000130232 2.39071e-05 2.24001e-05 9.10208e-07 8.30404e-06 0 0 4.52381e-11
scan charginogluino 1600 900 L4DY1T0STVB 0.000106492 2.79978e-05 2.6538e-05 9.83405e-07 8.86827e-06 0 0 6.29365e-15
scan charginogluino 1600 900 L4DY1T0STVAZV 0 1.69181e-08 1.69181e-08 0 0 0 0 0
scan charginogluino 1600 900 L4DY1T0STVA 0 1.69181e-08 1.69181e-08 0 0 0 0 0
scan charginogluino 1600 900 L4DY1T0ZV 0 1.69181e-08 1.69181e-08 0 0 0 0 0
scan charginogluino 1600 900 L4DY1T0 0 1.69181e-08 1.69181e-08 0 0 0 0 0
scan charginogluino 1600 900 L4DY1T1STVBZV 0.000648205 7.72014e-05 5.76626e-05 3.84106e-06 5.09293e-05 1.9539e-06 4.76623e-06 2.94662e-08
scan charginogluino 1600 900 L4DY1T1STVB 0.000231143 4.14451e-05 3.82456e-05 1.57991e-06 1.58337e-05 1.13621e-06 6.8902e-07 2.74749e-09
scan charginogluino 1600 900 L4DY1T1STVAZV 0 2.13999e-08 2.13999e-08 0 0 0 0 0
scan charginogluino 1600 900 L4DY1T1STVA 0 2.13999e-08 2.13999e-08 0 0 0 0 0
scan charginogluino 1600 900 L4DY1T1ZV 0 2.13999e-08 2.13999e-08 0 0 0 0 0
scan charginogluino 1600 900 L4DY1T1 0 2.13999e-08 2.13999e-08 0 0 0 0 0
scan charginogluino 1600 900 L4DY1T2STVBZV 0.000278139 3.48963e-05 3.45563e-05 1.20409e-06 3.1739e-06 2.38412e-06 2.49852e-06 4.02525e-07
scan charginogluino 1600 900 L4DY1T2STVB 1.05172e-05 5.08856e-06 5.03426e-06 3.54546e-08 7.31915e-07 9.31571e-08 5.96217e-08 2.32731e-08
scan charginogluino 1600 900 L4DY1T2STVAZV 0 1.85328e-08 1.85328e-08 0 0 0 0 0
scan charginogluino 1600 900 L4DY1T2STVA 0 1.85328e-08 1.85328e-08 0 0 0 0 0
scan charginogluino 1600 900 L4DY1T2ZV 0 1.85328e-08 1.85328e-08 0 0 0 0 0
scan charginogluino 1600 900 L4DY1T2 0 1.85328e-08 1.85328e-08 0 0 0 0 0
scan charginogluino 1600 900 L4DY2T0 0 1.31047e-08 1.31047e-08 0 0 0 0 0
scan charginogluino 1600 900 L4DY2T0ZV 0 1.31047e-08 1.31047e-08 0 0 0 0 0
scan charginogluino 1600 900 L4DY2T0STVAZV 0 1.31047e-08 1.31047e-08 0 0 0 0 0
scan charginogluino 1600 900 L4DY2T0STVA 0 1.31047e-08 1.31047e-08 0 0 0 0 0
scan charginogluino 1600 900 L4DY2T0STVB 3.94839e-05 1.21381e-05 1.12013e-05 5.38808e-07 4.64478e-06 0 0 5.41721e-13
scan charginogluino 1600 900 L4DY2T0STVBZV 7.46712e-05 1.84793e-05 1.67423e-05 6.36865e-07 7.79562e-06 0 0 4.29246e-15
scan charginogluino 1600 900 L3DY0T0STVB 0.000440731 4.62977e-05 4.16002e-05 2.95382e-06 2.0104e-05 0 0 1.3152e-08
scan charginogluino 1600 900 L3DY0T0STVA 0 1.5132e-08 1.5132e-08 0 0 0 0 0
scan charginogluino 1600 900 L3DY0T0 0 1.5132e-08 1.5132e-08 0 0 0 0 0
scan charginogluino 1600 900 L3DY0T1STVB 0.00271968 0.000136576 0.00010772 9.37558e-06 8.12495e-05 1.06965e-05 1.45821e-05 5.73683e-06
scan charginogluino 1600 900 L3DY0T1STVA 0 2.13999e-08 2.13999e-08 0 0 0 0 0
scan charginogluino 1600 900 L3DY0T1 0 2.13999e-08 2.13999e-08 0 0 0 0 0
scan charginogluino 1600 900 L3DY0T2STVB 0.000696866 5.00793e-05 4.90932e-05 1.47134e-06 1.53986e-06 5.11964e-06 5.6311e-06 5.94434e-06
scan charginogluino 1600 900 L3DY0T2STVA 9.34609e-07 9.34875e-07 9.34823e-07 2.84528e-09 0 5.69669e-09 0 7.51984e-09
scan charginogluino 1600 900 L3DY0T2 0 2.13999e-08 2.13999e-08 0 0 0 0 0
scan charginogluino 1600 900 L3DY1T0STVBZV 0.00138638 0.000107376 8.27755e-05 8.23631e-06 6.78965e-05 0 0 3.581e-08
scan charginogluino 1600 900 L3DY1T0STVAZV 1.07426e-06 1.07439e-06 1.07434e-06 9.83245e-09 0 0 0 4.84225e-13
scan charginogluino 1600 900 L3DY1T0ZV 0 1.5132e-08 1.5132e-08 0 0 0 0 0
scan charginogluino 1600 900 L3DY1T0STVB 0.000367935 4.39392e-05 4.03696e-05 2.67018e-06 1.71413e-05 0 0 4.72845e-09
scan charginogluino 1600 900 L3DY1T0STVA 2.26557e-06 2.37065e-06 2.26561e-06 0 6.97875e-07 0 0 2.30462e-13
scan charginogluino 1600 900 L3DY1T0 0 1.5132e-08 1.5132e-08 0 0 0 0 0
scan charginogluino 1600 900 L3DY1T1STVBZV 0.000908571 6.29473e-05 6.10902e-05 4.14465e-06 1.32901e-05 3.13882e-06 5.04797e-06 1.1003e-06
scan charginogluino 1600 900 L3DY1T1STVAZV 0 1.5132e-08 1.5132e-08 0 0 0 0 0
scan charginogluino 1600 900 L3DY1T1ZV 0 1.5132e-08 1.5132e-08 0 0 0 0 0
scan charginogluino 1600 900 L3DY1T1STVB 0.000100474 1.88719e-05 1.87923e-05 6.53983e-07 1.42128e-06 4.52945e-07 5.39403e-07 2.30836e-07
scan charginogluino 1600 900 L3DY1T1STVA 6.65078e-08 7.05403e-08 6.77866e-08 0 1.95158e-08 2.0248e-10 0 3.93904e-11
scan charginogluino 1600 900 L3DY1T1 0 1.5132e-08 1.5132e-08 0 0 0 0 0
