model LeptonicRPV_lambda123
parameter LeptonicRPV_lambda123 1
parameter kFactorProcessWeighted true
scan charginogluino 1500 1500 LOXSEC 0.0009862
scan charginogluino 1500 1500 L4DY0T0STVB 3.36369e-06 8.21786e-07 7.85099e-07 2.41431e-08 2.41597e-07 0 0 2.98772e-14
scan charginogluino 1500 1500 L4DY0T0STVA 0 2.20521e-09 2.20521e-09 0 0 0 0 0
scan charginogluino 1500 1500 L4DY0T0 0 2.20521e-09 2.20521e-09 0 0 0 0 0
scan charginogluino 1500 1500 L4DY0T1STVB 2.87547e-05 3.14598e-06 2.94297e-06 1.72915e-07 1.07936e-06 9.72003e-08 1.78269e-07 1.6985e-10
scan charginogluino 1500 1500 L4DY0T1STVA 0 2.78939e-09 2.78939e-09 0 0 0 0 0
scan charginogluino 1500 1500 L4DY0T1 1.93122e-08 1.39087e-08 1.38681e-08 3.31707e-10 9.62693e-10 2.99071e-10 0 2.43443e-13
scan charginogluino 1500 1500 L4DY0T2STVB 6.58972e-05 4.75234e-06 4.28199e-06 2.21211e-07 1.90092e-06 4.41644e-07 6.15494e-07 1.13914e-07
scan charginogluino 1500 1500 L4DY0T2STVA 1.23865e-06 5.4699e-07 5.39002e-07 4.49262e-09 9.01727e-08 6.20393e-09 2.19469e-08 1.88717e-09
scan charginogluino 1500 1500 L4DY0T2 0 2.9586e-09 2.9586e-09 0 0 0 0 0
scan charginogluino 1500 1500 L4DY1T0STVBZV 2.18196e-05 3.60475e-06 3.2432e-06 1.50439e-07 1.56629e-06 0 0 4.27029e-13
scan charginogluino 1500 1500 L4DY1T0STVB 5.9597e-06 1.29392e-06 1.21693e-06 5.41147e-08 4.36329e-07 0 0 3.07526e-16
scan charginogluino 1500 1500 L4DY1T0STVAZV 0 2.20521e-09 2.20521e-09 0 0 0 0 0
scan charginogluino 1500 1500 L4DY1T0STVA 9.80589e-08 9.80894e-08 9.80787e-08 1.26514e-09 7.0703e-10 0 0 2.43564e-18
scan charginogluino 1500 1500 L4DY1T0ZV 0 2.20521e-09 2.20521e-09 0 0 0 0 0
scan charginogluino 1500 1500 L4DY1T0 0 2.20521e-09 2.20521e-09 0 0 0 0 0
scan charginogluino 1500 1500 L4DY1T1STVBZV 5.469e-05 4.77069e-06 3.98043e-06 2.81339e-07 2.59202e-06 1.71806e-07 2.97292e-07 7.53412e-09
scan charginogluino 1500 1500 L4DY1T1STVB 1.95811e-05 2.87198e-06 2.71633e-06 1.25355e-07 9.11978e-07 1.12715e-07 9.85106e-08 1.15865e-10
scan charginogluino 1500 1500 L4DY1T1STVAZV 2.51228e-06 2.20441e-06 2.14678e-06 1.17325e-08 4.98407e-07 1.31201e-09 4.66862e-08 7.76856e-12
scan charginogluino 1500 1500 L4DY1T1STVA 1.40671e-07 1.40753e-07 1.40695e-07 8.57425e-10 2.47727e-09 0 3.09945e-09 2.01371e-13
scan charginogluino 1500 1500 L4DY1T1ZV 2.82024e-07 2.82372e-07 2.82036e-07 1.35099e-08 0 2.71475e-09 0 7.57877e-11
scan charginogluino 1500 1500 L4DY1T1 0 2.78939e-09 2.78939e-09 0 0 0 0 0
scan charginogluino 1500 1500 L4DY1T2STVBZV 2.42597e-05 3.06447e-06 2.97647e-06 1.0666e-07 6.81838e-07 1.80236e-07 1.49308e-07 2.40488e-08
scan charginogluino 1500 1500 L4DY1T2STVB 1.63129e-06 6.94726e-07 6.94184e-07 8.96877e-09 1.62846e-08 7.45456e-09 1.86293e-08 2.19141e-09
scan charginogluino 1500 1500 L4DY1T2STVAZV 0 2.41569e-09 2.41569e-09 0 0 0 0 0
scan charginogluino 1500 1500 L4DY1T2STVA 0 2.41569e-09 2.41569e-09 0 0 0 0 0
scan charginogluino 1500 1500 L4DY1T2ZV 0 2.41569e-09 2.41569e-09 0 0 0 0 0
scan charginogluino 1500 1500 L4DY1T2 0 2.41569e-09 2.41569e-09 0 0 0 0 0
scan charginogluino 1500 1500 L4DY2T0 0 1.70815e-09 1.70815e-09 0 0 0 0 0
scan charginogluino 1500 1500 L4DY2T0ZV 0 1.70815e-09 1.70815e-09 0 0 0 0 0
scan charginogluino 1500 1500 L4DY2T0STVAZV 0 1.70815e-09 1.70815e-09 0 0 0 0 0
scan charginogluino 1500 1500 L4DY2T0STVA 2.99133e-07 2.99577e-07 2.99136e-07 4.04491e-09 1.5743e-08 0 0 3.00722e-17
scan charginogluino 1500 1500 L4DY2T0STVB 4.47223e-06 1.13334e-06 1.08783e-06 3.6784e-08 3.15808e-07 0 0 3.28663e-13
scan charginogluino 1500 1500 L4DY2T0STVBZV 7.02447e-06 1.35182e-06 1.33871e-06 5.48012e-08 1.79643e-07 0 0 1.38563e-13
scan charginogluino 1500 1500 L3DY0T0STVB 3.90884e-05 3.99561e-06 3.66865e-06 1.91123e-07 1.57144e-06 0 0 3.2456e-10
scan charginogluino 1500 1500 L3DY0T0STVA 2.95966e-07 2.95986e-07 2.95971e-07 2.00746e-09 2.13399e-09 0 0 2.13654e-13
scan charginogluino 1500 1500 L3DY0T0 5.21706e-07 5.22555e-07 5.21709e-07 1.24244e-08 2.69979e-08 0 0 4.40588e-11
scan charginogluino 1500 1500 L3DY0T1STVB 0.000178526 8.06109e-06 7.15672e-06 6.28042e-07 3.48795e-06 5.58469e-07 9.09306e-07 2.51966e-07
scan charginogluino 1500 1500 L3DY0T1STVA 4.00068e-06 1.24317e-06 1.22676e-06 1.53571e-08 1.98805e-07 2.48428e-08 1.19957e-08 5.14069e-09
scan charginogluino 1500 1500 L3DY0T1 5.61335e-07 3.96988e-07 3.96932e-07 6.34604e-09 0 1.711e-09 0 7.72663e-10
scan charginogluino 1500 1500 L3DY0T2STVB 7.24512e-05 4.70738e-06 4.57745e-06 1.38805e-07 1.89559e-07 4.45512e-07 7.49422e-07 6.25367e-07
scan charginogluino 1500 1500 L3DY0T2STVA 1.16071e-06 5.23889e-07 5.23259e-07 2.6488e-09 0 2.08438e-08 1.10127e-08 9.79819e-09
scan charginogluino 1500 1500 L3DY0T2 2.90503e-07 2.90598e-07 2.90515e-07 8.84396e-10 0 8.85482e-10 6.40078e-09 2.33738e-09
scan charginogluino 1500 1500 L3DY1T0STVBZV 8.82123e-05 5.91288e-06 5.22785e-06 5.44439e-07 2.70835e-06 0 0 9.22644e-09
scan charginogluino 1500 1500 L3DY1T0STVAZV 8.97327e-07 6.00106e-07 5.9956e-07 5.37146e-09 2.50375e-08 0 0 6.49788e-13
scan charginogluino 1500 1500 L3DY1T0ZV 2.76429e-07 2.38323e-07 2.38286e-07 4.15576e-09 6.06372e-10 0 0 7.54756e-11
scan charginogluino 1500 1500 L3DY1T0STVB 1.91499e-05 2.49977e-06 2.19374e-06 1.09736e-07 1.19346e-06 0 0 1.06023e-09
scan charginogluino 1500 1500 L3DY1T0STVA 0 1.9724e-09 1.9724e-09 0 0 0 0 0
scan charginogluino 1500 1500 L3DY1T0 4.05834e-08 4.25796e-08 4.06193e-08 2.47369e-10 1.27684e-08 0 0 5.80953e-14
scan charginogluino 1500 1500 L3DY1T1STVBZV 7.04948e-05 4.72103e-06 4.54534e-06 2.81611e-07 1.15604e-06 2.44383e-07 3.83315e-07 7.43985e-08
scan charginogluino 1500 1500 L3DY1T1STVAZV 3.91489e-07 3.45963e-07 3.45403e-07 2.95521e-10 1.8052e-08 1.11391e-09 7.75249e-09 2.18743e-10
scan charginogluino 1500 1500 L3DY1T1ZV 0 1.9724e-09 1.9724e-09 0 0 0 0 0
scan charginogluino 1500 1500 L3DY1T1STVB 1.04906e-05 1.886e-06 1.81324e-06 3.37883e-08 5.09627e-07 3.7426e-08 7.99427e-08 2.29855e-08
scan charginogluino 1500 1500 L3DY1T1STVA 0 1.9724e-09 1.9724e-09 0 0 0 0 0
scan charginogluino 1500 1500 L3DY1T1 2.35178e-07 2.39181e-07 2.35185e-07 0 4.318e-08 0 5.18179e-09 2.13799e-09
