model LeptonicRPV_lambda123
parameter LeptonicRPV_lambda123 1
parameter kFactorProcessWeighted true
scan charginogluino 2300 1100 LOXSEC 0.0007741
scan charginogluino 2300 1100 L4DY0T0STVB 7.26742e-06 2.09609e-06 1.98855e-06 8.01932e-08 6.57897e-07 0 0 3.67255e-14
scan charginogluino 2300 1100 L4DY0T0STVA 0 1.73094e-09 1.73094e-09 0 0 0 0 0
scan charginogluino 2300 1100 L4DY0T0 0 1.73094e-09 1.73094e-09 0 0 0 0 0
scan charginogluino 2300 1100 L4DY0T1STVB 4.81246e-05 5.99886e-06 5.40306e-06 2.65628e-07 2.5813e-06 1.51892e-07 1.89908e-07 1.87994e-08
scan charginogluino 2300 1100 L4DY0T1STVA 0 2.18949e-09 2.18949e-09 0 0 0 0 0
scan charginogluino 2300 1100 L4DY0T1 0 2.18949e-09 2.18949e-09 0 0 0 0 0
scan charginogluino 2300 1100 L4DY0T2STVB 9.72584e-05 7.45714e-06 7.095e-06 2.99532e-07 1.91193e-06 6.15771e-07 1.06165e-06 1.36302e-07
scan charginogluino 2300 1100 L4DY0T2STVA 1.32724e-07 1.26796e-07 1.26743e-07 4.22811e-10 9.12685e-10 1.94003e-09 2.92436e-09 3.66731e-10
scan charginogluino 2300 1100 L4DY0T2 0 2.3223e-09 2.3223e-09 0 0 0 0 0
scan charginogluino 2300 1100 L4DY1T0STVBZV 3.29921e-05 5.58833e-06 4.15301e-06 2.65781e-07 3.72978e-06 0 0 1.03782e-11
scan charginogluino 2300 1100 L4DY1T0STVB 1.39078e-05 3.10131e-06 3.08024e-06 1.42835e-07 3.31404e-07 0 0 1.7917e-14
scan charginogluino 2300 1100 L4DY1T0STVAZV 0 1.73094e-09 1.73094e-09 0 0 0 0 0
scan charginogluino 2300 1100 L4DY1T0STVA 0 1.73094e-09 1.73094e-09 0 0 0 0 0
scan charginogluino 2300 1100 L4DY1T0ZV 0 1.73094e-09 1.73094e-09 0 0 0 0 0
scan charginogluino 2300 1100 L4DY1T0 0 1.73094e-09 1.73094e-09 0 0 0 0 0
scan charginogluino 2300 1100 L4DY1T1STVBZV 9.37881e-05 7.84535e-06 6.77991e-06 6.0234e-07 3.85091e-06 3.30457e-07 5.29977e-07 1.2157e-09
scan charginogluino 2300 1100 L4DY1T1STVB 2.73795e-05 4.65669e-06 4.21325e-06 1.79498e-07 1.96174e-06 9.413e-08 2.09219e-07 1.97983e-10
scan charginogluino 2300 1100 L4DY1T1STVAZV 1.12264e-07 1.12713e-07 1.12283e-07 2.35406e-09 9.54608e-09 3.52068e-10 0 1.23432e-12
scan charginogluino 2300 1100 L4DY1T1STVA 0 2.18949e-09 2.18949e-09 0 0 0 0 0
scan charginogluino 2300 1100 L4DY1T1ZV 0 2.18949e-09 2.18949e-09 0 0 0 0 0
scan charginogluino 2300 1100 L4DY1T1 0 2.18949e-09 2.18949e-09 0 0 0 0 0
scan charginogluino 2300 1100 L4DY1T2STVBZV 2.63422e-05 3.30174e-06 3.25722e-06 1.39435e-07 3.74909e-07 2.24464e-07 2.8403e-07 3.0851e-08
scan charginogluino 2300 1100 L4DY1T2STVB 1.33123e-06 5.86542e-07 5.86261e-07 1.24961e-08 3.14846e-10 1.16146e-08 6.10435e-09 9.23648e-10
scan charginogluino 2300 1100 L4DY1T2STVAZV 0 1.89615e-09 1.89615e-09 0 0 0 0 0
scan charginogluino 2300 1100 L4DY1T2STVA 0 1.89615e-09 1.89615e-09 0 0 0 0 0
scan charginogluino 2300 1100 L4DY1T2ZV 0 1.89615e-09 1.89615e-09 0 0 0 0 0
scan charginogluino 2300 1100 L4DY1T2 0 1.89615e-09 1.89615e-09 0 0 0 0 0
scan charginogluino 2300 1100 L4DY2T0 0 1.34078e-09 1.34078e-09 0 0 0 0 0
scan charginogluino 2300 1100 L4DY2T0ZV 0 1.34078e-09 1.34078e-09 0 0 0 0 0
scan charginogluino 2300 1100 L4DY2T0STVAZV 0 1.34078e-09 1.34078e-09 0 0 0 0 0
scan charginogluino 2300 1100 L4DY2T0STVA 0 1.34078e-09 1.34078e-09 0 0 0 0 0
scan charginogluino 2300 1100 L4DY2T0STVB 8.29616e-06 2.01076e-06 1.95711e-06 7.89302e-08 4.54582e-07 0 0 1.83373e-15
scan charginogluino 2300 1100 L4DY2T0STVBZV 7.75351e-06 2.26526e-06 2.20165e-06 7.1668e-08 5.28232e-07 0 0 1.20349e-14
scan charginogluino 2300 1100 L3DY0T0STVB 5.64451e-05 5.60355e-06 4.90067e-06 3.64236e-07 2.69267e-06 0 0 5.28739e-09
scan charginogluino 2300 1100 L3DY0T0STVA 6.58342e-09 6.77485e-09 6.71857e-09 4.04325e-11 8.70514e-10 0 0 7.23833e-14
scan charginogluino 2300 1100 L3DY0T0 0 1.5482e-09 1.5482e-09 0 0 0 0 0
scan charginogluino 2300 1100 L3DY0T1STVB 0.000304645 1.53527e-05 1.24802e-05 1.10452e-06 8.59821e-06 9.7027e-07 1.82554e-06 7.26649e-07
scan charginogluino 2300 1100 L3DY0T1STVA 8.77545e-07 3.35029e-07 3.34096e-07 4.46397e-09 2.40701e-08 2.05449e-09 4.47088e-09 1.11748e-09
scan charginogluino 2300 1100 L3DY0T1 0 2.18949e-09 2.18949e-09 0 0 0 0 0
scan charginogluino 2300 1100 L3DY0T2STVB 0.000104245 7.06628e-06 6.86825e-06 2.1001e-07 2.54243e-07 6.58708e-07 1.1903e-06 8.94451e-07
scan charginogluino 2300 1100 L3DY0T2STVA 4.6627e-07 3.07528e-07 3.07324e-07 5.77848e-10 0 1.41951e-09 1.02735e-08 4.18832e-09
scan charginogluino 2300 1100 L3DY0T2 0 2.18949e-09 2.18949e-09 0 0 0 0 0
scan charginogluino 2300 1100 L3DY1T0STVBZV 0.000141193 1.15694e-05 8.14685e-06 8.43704e-07 8.17124e-06 0 0 3.67e-10
scan charginogluino 2300 1100 L3DY1T0STVAZV 6.24496e-07 4.70883e-07 4.70832e-07 3.10296e-09 6.18633e-09 0 0 8.78668e-13
scan charginogluino 2300 1100 L3DY1T0ZV 0 1.5482e-09 1.5482e-09 0 0 0 0 0
scan charginogluino 2300 1100 L3DY1T0STVB 3.06717e-05 4.08674e-06 3.57654e-06 2.06883e-07 1.96648e-06 0 0 4.44546e-11
scan charginogluino 2300 1100 L3DY1T0STVA 6.97e-09 7.09941e-09 7.09779e-09 2.12192e-11 1.50344e-10 0 0 8.414e-16
scan charginogluino 2300 1100 L3DY1T0 0 1.5482e-09 1.5482e-09 0 0 0 0 0
scan charginogluino 2300 1100 L3DY1T1STVBZV 0.00011499 7.90073e-06 7.77214e-06 4.70898e-07 1.14685e-06 3.79576e-07 5.66686e-07 1.15165e-07
scan charginogluino 2300 1100 L3DY1T1STVAZV 3.70947e-07 2.62315e-07 2.62302e-07 2.26102e-09 0 1.27378e-09 0 1.19291e-10
scan charginogluino 2300 1100 L3DY1T1ZV 0 1.5482e-09 1.5482e-09 0 0 0 0 0
scan charginogluino 2300 1100 L3DY1T1STVB 1.68762e-05 3.19327e-06 3.11615e-06 8.93695e-08 6.82598e-07 5.63138e-08 9.40666e-08 2.44102e-08
scan charginogluino 2300 1100 L3DY1T1STVA 7.2247e-09 7.40659e-09 7.34806e-09 0 9.29e-10 2.19953e-11 0 4.27896e-12
scan charginogluino 2300 1100 L3DY1T1 0 1.5482e-09 1.5482e-09 0 0 0 0 0
