model LeptonicRPV_lambda123
parameter LeptonicRPV_lambda123 1
parameter kFactorProcessWeighted true
scan charginogluino 1300 2400 LOXSEC 0.002156
scan charginogluino 1300 2400 L4DY0T0STVB 5.2428e-06 1.363e-06 1.31071e-06 3.34204e-08 3.72418e-07 0 0 6.39581e-17
scan charginogluino 1300 2400 L4DY0T0STVA 0 4.82096e-09 4.82096e-09 0 0 0 0 0
scan charginogluino 1300 2400 L4DY0T0 0 4.82096e-09 4.82096e-09 0 0 0 0 0
scan charginogluino 1300 2400 L4DY0T1STVB 5.15659e-05 5.6238e-06 5.10122e-06 2.64243e-07 2.33143e-06 1.45828e-07 2.79398e-07 9.78721e-10
scan charginogluino 1300 2400 L4DY0T1STVA 7.67429e-07 7.68056e-07 7.6745e-07 2.14775e-08 1.35148e-08 0 1.69091e-08 8.43772e-12
scan charginogluino 1300 2400 L4DY0T1 0 6.09809e-09 6.09809e-09 0 0 0 0 0
scan charginogluino 1300 2400 L4DY0T2STVB 0.000123755 8.86617e-06 8.24179e-06 4.39743e-07 2.83927e-06 6.44139e-07 1.40509e-06 1.94852e-07
scan charginogluino 1300 2400 L4DY0T2STVA 1.81511e-06 8.78524e-07 8.749e-07 7.3322e-09 6.92391e-08 9.63911e-09 3.7598e-08 5.30749e-10
scan charginogluino 1300 2400 L4DY0T2 0 6.468e-09 6.468e-09 0 0 0 0 0
scan charginogluino 1300 2400 L4DY1T0STVBZV 1.48293e-05 2.62452e-06 2.27222e-06 1.09467e-07 1.30887e-06 0 0 1.33063e-15
scan charginogluino 1300 2400 L4DY1T0STVB 5.64687e-06 1.74759e-06 1.64228e-06 7.0676e-08 5.93268e-07 0 0 2.43915e-16
scan charginogluino 1300 2400 L4DY1T0STVAZV 1.56729e-06 9.62442e-07 9.39281e-07 1.25534e-08 2.09497e-07 0 0 1.05056e-17
scan charginogluino 1300 2400 L4DY1T0STVA 0 4.82096e-09 4.82096e-09 0 0 0 0 0
scan charginogluino 1300 2400 L4DY1T0ZV 0 4.82096e-09 4.82096e-09 0 0 0 0 0
scan charginogluino 1300 2400 L4DY1T0 0 4.82096e-09 4.82096e-09 0 0 0 0 0
scan charginogluino 1300 2400 L4DY1T1STVBZV 9.93089e-05 7.52288e-06 6.55947e-06 5.81929e-07 3.59325e-06 2.95171e-07 4.79416e-07 5.75891e-10
scan charginogluino 1300 2400 L4DY1T1STVB 2.8842e-05 4.20467e-06 3.75764e-06 1.62116e-07 1.87108e-06 1.04501e-07 1.45868e-07 4.53145e-11
scan charginogluino 1300 2400 L4DY1T1STVAZV 3.19923e-07 2.55252e-07 2.45548e-07 1.2563e-09 6.95242e-08 4.93382e-09 0 1.59923e-13
scan charginogluino 1300 2400 L4DY1T1STVA 0 6.09809e-09 6.09809e-09 0 0 0 0 0
scan charginogluino 1300 2400 L4DY1T1ZV 5.811e-07 5.86414e-07 5.81128e-07 1.62765e-08 7.68377e-08 1.76908e-09 0 6.38907e-12
scan charginogluino 1300 2400 L4DY1T1 0 6.09809e-09 6.09809e-09 0 0 0 0 0
scan charginogluino 1300 2400 L4DY1T2STVBZV 3.6373e-05 3.8263e-06 3.72979e-06 1.60943e-07 7.2039e-07 3.02525e-07 3.02898e-07 3.29658e-08
scan charginogluino 1300 2400 L4DY1T2STVB 7.44593e-06 1.89917e-06 1.89694e-06 3.04621e-08 6.55833e-08 4.01903e-08 3.75183e-08 1.49052e-08
scan charginogluino 1300 2400 L4DY1T2STVAZV 1.23749e-06 9.49245e-07 9.48024e-07 2.19938e-09 4.61377e-08 1.35126e-08 0 6.35255e-10
scan charginogluino 1300 2400 L4DY1T2STVA 0 5.2811e-09 5.2811e-09 0 0 0 0 0
scan charginogluino 1300 2400 L4DY1T2ZV 0 5.2811e-09 5.2811e-09 0 0 0 0 0
scan charginogluino 1300 2400 L4DY1T2 0 5.2811e-09 5.2811e-09 0 0 0 0 0
scan charginogluino 1300 2400 L4DY2T0 0 3.7343e-09 3.7343e-09 0 0 0 0 0
scan charginogluino 1300 2400 L4DY2T0ZV 0 3.7343e-09 3.7343e-09 0 0 0 0 0
scan charginogluino 1300 2400 L4DY2T0STVAZV 0 3.7343e-09 3.7343e-09 0 0 0 0 0
scan charginogluino 1300 2400 L4DY2T0STVA 0 3.7343e-09 3.7343e-09 0 0 0 0 0
scan charginogluino 1300 2400 L4DY2T0STVB 7.24871e-06 1.84647e-06 1.81534e-06 6.48413e-08 3.3136e-07 0 0 4.30848e-13
scan charginogluino 1300 2400 L4DY2T0STVBZV 8.46886e-06 1.77075e-06 1.69993e-06 1.00578e-07 4.85439e-07 0 0 5.40983e-13
scan charginogluino 1300 2400 L3DY0T0STVB 6.38631e-05 6.59955e-06 5.47673e-06 3.12473e-07 3.66905e-06 0 0 3.31541e-10
scan charginogluino 1300 2400 L3DY0T0STVA 9.17735e-07 8.19719e-07 8.06244e-07 3.15022e-09 1.4799e-07 0 0 1.44005e-13
scan charginogluino 1300 2400 L3DY0T0 0 4.312e-09 4.312e-09 0 0 0 0 0
scan charginogluino 1300 2400 L3DY0T1STVB 0.000330692 1.53689e-05 1.25752e-05 1.09219e-06 8.5221e-06 9.66817e-07 1.76509e-06 4.45507e-07
scan charginogluino 1300 2400 L3DY0T1STVA 5.37918e-06 1.72578e-06 1.72501e-06 2.19936e-08 3.10454e-08 1.75188e-08 2.94273e-08 7.42685e-09
scan charginogluino 1300 2400 L3DY0T1 1.01067e-06 8.13993e-07 8.13967e-07 5.45907e-09 1.65726e-09 3.07976e-09 0 2.9489e-10
scan charginogluino 1300 2400 L3DY0T2STVB 0.000111436 7.10885e-06 6.95879e-06 2.07843e-07 3.1079e-07 6.68293e-07 7.70608e-07 9.648e-07
scan charginogluino 1300 2400 L3DY0T2STVA 5.35048e-07 5.35111e-07 5.35079e-07 1.62888e-09 0 3.6291e-09 0 4.30499e-09
scan charginogluino 1300 2400 L3DY0T2 7.32351e-07 5.17939e-07 5.17882e-07 2.22954e-09 0 4.46388e-09 0 5.89248e-09
scan charginogluino 1300 2400 L3DY1T0STVBZV 0.000156374 1.03901e-05 9.01231e-06 8.6637e-07 5.09714e-06 0 0 8.81036e-09
scan charginogluino 1300 2400 L3DY1T0STVAZV 2.00386e-06 1.16332e-06 1.15291e-06 3.51399e-08 1.51267e-07 0 0 9.36301e-12
scan charginogluino 1300 2400 L3DY1T0ZV 0 4.312e-09 4.312e-09 0 0 0 0 0
scan charginogluino 1300 2400 L3DY1T0STVB 4.01819e-05 5.31192e-06 5.00893e-06 2.34656e-07 1.75271e-06 0 0 4.43038e-11
scan charginogluino 1300 2400 L3DY1T0STVA 0 4.312e-09 4.312e-09 0 0 0 0 0
scan charginogluino 1300 2400 L3DY1T0 0 4.312e-09 4.312e-09 0 0 0 0 0
scan charginogluino 1300 2400 L3DY1T1STVBZV 9.48177e-05 6.77681e-06 6.44201e-06 3.65308e-07 2.00585e-06 2.75957e-07 4.29331e-07 9.11275e-08
scan charginogluino 1300 2400 L3DY1T1STVAZV 1.07834e-06 5.8094e-07 5.80654e-07 5.06961e-10 1.43923e-08 6.10111e-09 9.33539e-09 2.46601e-10
scan charginogluino 1300 2400 L3DY1T1ZV 0 4.312e-09 4.312e-09 0 0 0 0 0
scan charginogluino 1300 2400 L3DY1T1STVB 1.07395e-05 2.09499e-06 2.0828e-06 6.34298e-08 1.96979e-07 2.25898e-08 8.43039e-08 2.12957e-08
scan charginogluino 1300 2400 L3DY1T1STVA 0 4.312e-09 4.312e-09 0 0 0 0 0
scan charginogluino 1300 2400 L3DY1T1 8.54509e-07 8.54537e-07 8.54517e-07 5.20846e-09 0 2.60143e-09 0 2.74797e-10
