model LeptonicRPV_lambda123
parameter LeptonicRPV_lambda123 1
parameter kFactorProcessWeighted true
scan charginogluino 1000 900 LOXSEC 0.07058
scan charginogluino 1000 900 L4DY0T0STVB 0.000103965 5.43099e-05 4.64946e-05 6.62956e-07 2.80602e-05 0 0 4.52422e-14
scan charginogluino 1000 900 L4DY0T0STVA 0 1.57822e-07 1.57822e-07 0 0 0 0 0
scan charginogluino 1000 900 L4DY0T0 0 1.57822e-07 1.57822e-07 0 0 0 0 0
scan charginogluino 1000 900 L4DY0T1STVB 0.00130498 0.000189823 0.000164957 8.13402e-06 9.32133e-05 3.99901e-06 7.1568e-06 6.48978e-08
scan charginogluino 1000 900 L4DY0T1STVA 2.12485e-05 2.13265e-05 2.12494e-05 1.29516e-07 1.80681e-06 6.46882e-08 0 3.04174e-11
scan charginogluino 1000 900 L4DY0T1 0 1.9963e-07 1.9963e-07 0 0 0 0 0
scan charginogluino 1000 900 L4DY0T2STVB 0.00353009 0.000308592 0.000271147 1.32449e-05 0.000140544 2.04356e-05 3.60264e-05 8.03697e-06
scan charginogluino 1000 900 L4DY0T2STVA 0 2.1174e-07 2.1174e-07 0 0 0 0 0
scan charginogluino 1000 900 L4DY0T2 0 2.1174e-07 2.1174e-07 0 0 0 0 0
scan charginogluino 1000 900 L4DY1T0STVBZV 0.00103083 0.00016946 0.000162675 9.02567e-06 4.66031e-05 0 0 4.3399e-11
scan charginogluino 1000 900 L4DY1T0STVB 0.000390013 9.78827e-05 9.38475e-05 4.31407e-06 2.7478e-05 0 0 1.53843e-13
scan charginogluino 1000 900 L4DY1T0STVAZV 0 1.57822e-07 1.57822e-07 0 0 0 0 0
scan charginogluino 1000 900 L4DY1T0STVA 0 1.57822e-07 1.57822e-07 0 0 0 0 0
scan charginogluino 1000 900 L4DY1T0ZV 0 1.57822e-07 1.57822e-07 0 0 0 0 0
scan charginogluino 1000 900 L4DY1T0 0 1.57822e-07 1.57822e-07 0 0 0 0 0
scan charginogluino 1000 900 L4DY1T1STVBZV 0.00344406 0.000353535 0.000285187 1.98718e-05 0.000206834 1.1598e-05 1.8588e-05 1.35588e-07
scan charginogluino 1000 900 L4DY1T1STVB 0.000889564 0.000141603 0.000131255 5.14239e-06 5.25766e-05 2.90993e-06 4.92849e-06 1.00385e-09
scan charginogluino 1000 900 L4DY1T1STVAZV 0 1.9963e-07 1.9963e-07 0 0 0 0 0
scan charginogluino 1000 900 L4DY1T1STVA 0 1.9963e-07 1.9963e-07 0 0 0 0 0
scan charginogluino 1000 900 L4DY1T1ZV 0 1.9963e-07 1.9963e-07 0 0 0 0 0
scan charginogluino 1000 900 L4DY1T1 0 1.9963e-07 1.9963e-07 0 0 0 0 0
scan charginogluino 1000 900 L4DY1T2STVBZV 0.00140937 0.000191491 0.000188358 5.5859e-06 2.54886e-05 1.49499e-05 1.68597e-05 1.27141e-06
scan charginogluino 1000 900 L4DY1T2STVB 0.000189952 5.67523e-05 5.66908e-05 1.78204e-06 1.35198e-07 1.31723e-06 1.3452e-06 4.94002e-07
scan charginogluino 1000 900 L4DY1T2STVAZV 0 1.72885e-07 1.72885e-07 0 0 0 0 0
scan charginogluino 1000 900 L4DY1T2STVA 0 1.72885e-07 1.72885e-07 0 0 0 0 0
scan charginogluino 1000 900 L4DY1T2ZV 0 1.72885e-07 1.72885e-07 0 0 0 0 0
scan charginogluino 1000 900 L4DY1T2 0 1.72885e-07 1.72885e-07 0 0 0 0 0
scan charginogluino 1000 900 L4DY2T0 0 1.22248e-07 1.22248e-07 0 0 0 0 0
scan charginogluino 1000 900 L4DY2T0ZV 0 1.22248e-07 1.22248e-07 0 0 0 0 0
scan charginogluino 1000 900 L4DY2T0STVAZV 0 1.22248e-07 1.22248e-07 0 0 0 0 0
scan charginogluino 1000 900 L4DY2T0STVA 0 1.22248e-07 1.22248e-07 0 0 0 0 0
scan charginogluino 1000 900 L4DY2T0STVB 0.000226255 9.46278e-05 8.55165e-05 2.10412e-06 4.0459e-05 0 0 2.63897e-14
scan charginogluino 1000 900 L4DY2T0STVBZV 0.000301739 7.99274e-05 7.61063e-05 1.59899e-06 2.43652e-05 0 0 5.02244e-15
scan charginogluino 1000 900 L3DY0T0STVB 0.00252426 0.000256749 0.000243379 1.4346e-05 8.05021e-05 0 0 3.38896e-08
scan charginogluino 1000 900 L3DY0T0STVA 0 1.4116e-07 1.4116e-07 0 0 0 0 0
scan charginogluino 1000 900 L3DY0T0 0 1.4116e-07 1.4116e-07 0 0 0 0 0
scan charginogluino 1000 900 L3DY0T1STVB 0.0131157 0.000620516 0.000534017 4.91004e-05 0.000297105 5.21236e-05 7.57213e-05 2.70773e-05
scan charginogluino 1000 900 L3DY0T1STVA 0 1.9963e-07 1.9963e-07 0 0 0 0 0
scan charginogluino 1000 900 L3DY0T1 0 1.9963e-07 1.9963e-07 0 0 0 0 0
scan charginogluino 1000 900 L3DY0T2STVB 0.00599238 0.000419107 0.000412447 1.319e-05 1.18338e-05 3.80092e-05 3.45701e-05 5.08365e-05
scan charginogluino 1000 900 L3DY0T2STVA 0 1.9963e-07 1.9963e-07 0 0 0 0 0
scan charginogluino 1000 900 L3DY0T2 0 1.9963e-07 1.9963e-07 0 0 0 0 0
scan charginogluino 1000 900 L3DY1T0STVBZV 0.0054509 0.000503194 0.000344224 3.20443e-05 0.000365632 0 0 1.54849e-07
scan charginogluino 1000 900 L3DY1T0STVAZV 0 1.4116e-07 1.4116e-07 0 0 0 0 0
scan charginogluino 1000 900 L3DY1T0ZV 0 1.4116e-07 1.4116e-07 0 0 0 0 0
scan charginogluino 1000 900 L3DY1T0STVB 0.00159986 0.000203744 0.000192125 1.13071e-05 6.68717e-05 0 0 7.12927e-09
scan charginogluino 1000 900 L3DY1T0STVA 0 1.4116e-07 1.4116e-07 0 0 0 0 0
scan charginogluino 1000 900 L3DY1T0 0 1.4116e-07 1.4116e-07 0 0 0 0 0
scan charginogluino 1000 900 L3DY1T1STVBZV 0.00472429 0.000351669 0.000327478 1.71206e-05 0.000122106 1.39353e-05 3.1588e-05 5.86871e-06
scan charginogluino 1000 900 L3DY1T1STVAZV 0 1.4116e-07 1.4116e-07 0 0 0 0 0
scan charginogluino 1000 900 L3DY1T1ZV 0 1.4116e-07 1.4116e-07 0 0 0 0 0
scan charginogluino 1000 900 L3DY1T1STVB 0.000647325 0.000117131 0.000109401 2.17296e-06 4.14398e-05 1.96271e-06 4.56209e-06 2.05822e-06
scan charginogluino 1000 900 L3DY1T1STVA 0 1.4116e-07 1.4116e-07 0 0 0 0 0
scan charginogluino 1000 900 L3DY1T1 0 1.4116e-07 1.4116e-07 0 0 0 0 0
