model LeptonicRPV_lambda123
parameter LeptonicRPV_lambda123 1
parameter kFactorProcessWeighted true
scan charginogluino 1400 2000 LOXSEC 0.00128
scan charginogluino 1400 2000 L4DY0T0STVB 1.54296e-06 5.63461e-07 4.87933e-07 1.74712e-08 2.81255e-07 0 0 4.39402e-17
scan charginogluino 1400 2000 L4DY0T0STVA 0 2.86217e-09 2.86217e-09 0 0 0 0 0
scan charginogluino 1400 2000 L4DY0T0 0 2.86217e-09 2.86217e-09 0 0 0 0 0
scan charginogluino 1400 2000 L4DY0T1STVB 2.66642e-05 2.8283e-06 2.69916e-06 1.65216e-07 8.17622e-07 8.13106e-08 1.06825e-07 3.27707e-10
scan charginogluino 1400 2000 L4DY0T1STVA 9.82321e-07 6.30994e-07 6.30677e-07 7.46463e-09 1.02677e-08 1.52496e-08 2.59524e-09 8.49435e-13
scan charginogluino 1400 2000 L4DY0T1 0 3.62039e-09 3.62039e-09 0 0 0 0 0
scan charginogluino 1400 2000 L4DY0T2STVB 7.28435e-05 5.03724e-06 4.56051e-06 2.67759e-07 1.94349e-06 4.23078e-07 7.30086e-07 1.21127e-07
scan charginogluino 1400 2000 L4DY0T2STVA 9.88183e-07 8.20018e-07 8.19962e-07 3.59024e-09 5.74994e-09 5.44138e-09 4.20213e-09 2.13259e-10
scan charginogluino 1400 2000 L4DY0T2 0 3.84e-09 3.84e-09 0 0 0 0 0
scan charginogluino 1400 2000 L4DY1T0STVBZV 1.39809e-05 2.30157e-06 2.15021e-06 1.30119e-07 8.10481e-07 0 0 7.22233e-14
scan charginogluino 1400 2000 L4DY1T0STVB 1.18067e-05 2.66788e-06 2.3079e-06 7.97979e-08 1.33596e-06 0 0 3.71456e-14
scan charginogluino 1400 2000 L4DY1T0STVAZV 4.89099e-07 3.45906e-07 3.45855e-07 4.4766e-09 3.95882e-09 0 0 2.41657e-17
scan charginogluino 1400 2000 L4DY1T0STVA 0 2.86217e-09 2.86217e-09 0 0 0 0 0
scan charginogluino 1400 2000 L4DY1T0ZV 0 2.86217e-09 2.86217e-09 0 0 0 0 0
scan charginogluino 1400 2000 L4DY1T0 0 2.86217e-09 2.86217e-09 0 0 0 0 0
scan charginogluino 1400 2000 L4DY1T1STVBZV 5.39989e-05 4.2374e-06 3.83122e-06 3.31055e-07 1.74004e-06 2.07753e-07 3.11105e-07 4.1963e-09
scan charginogluino 1400 2000 L4DY1T1STVB 2.37751e-05 3.02239e-06 2.86516e-06 1.8185e-07 9.36359e-07 5.86506e-08 1.11385e-07 1.08543e-09
scan charginogluino 1400 2000 L4DY1T1STVAZV 6.28232e-07 6.28271e-07 6.28241e-07 5.75005e-09 0 1.91256e-09 0 2.83177e-13
scan charginogluino 1400 2000 L4DY1T1STVA 5.47387e-08 5.48459e-08 5.48433e-08 5.0101e-10 0 1.66644e-10 0 2.46735e-14
scan charginogluino 1400 2000 L4DY1T1ZV 0 3.62039e-09 3.62039e-09 0 0 0 0 0
scan charginogluino 1400 2000 L4DY1T1 0 3.62039e-09 3.62039e-09 0 0 0 0 0
scan charginogluino 1400 2000 L4DY1T2STVBZV 2.22641e-05 2.54341e-06 2.48731e-06 7.65339e-08 4.92876e-07 1.37395e-07 1.2003e-07 1.25844e-08
scan charginogluino 1400 2000 L4DY1T2STVB 3.06987e-06 1.11884e-06 1.09097e-06 6.65525e-09 2.46445e-07 1.56182e-08 2.32589e-08 5.24703e-09
scan charginogluino 1400 2000 L4DY1T2STVAZV 4.27092e-07 4.27118e-07 4.27102e-07 2.60324e-09 0 2.60324e-09 0 1.37346e-10
scan charginogluino 1400 2000 L4DY1T2STVA 0 3.13535e-09 3.13535e-09 0 0 0 0 0
scan charginogluino 1400 2000 L4DY1T2ZV 0 3.13535e-09 3.13535e-09 0 0 0 0 0
scan charginogluino 1400 2000 L4DY1T2 0 3.13535e-09 3.13535e-09 0 0 0 0 0
scan charginogluino 1400 2000 L4DY2T0 1.23353e-07 1.25509e-07 1.23366e-07 4.37952e-09 2.2673e-08 0 0 1.75092e-12
scan charginogluino 1400 2000 L4DY2T0ZV 0 2.21703e-09 2.21703e-09 0 0 0 0 0
scan charginogluino 1400 2000 L4DY2T0STVAZV 0 2.21703e-09 2.21703e-09 0 0 0 0 0
scan charginogluino 1400 2000 L4DY2T0STVA 0 2.21703e-09 2.21703e-09 0 0 0 0 0
scan charginogluino 1400 2000 L4DY2T0STVB 6.73701e-06 1.73266e-06 1.68619e-06 6.0303e-08 3.94009e-07 0 0 4.45603e-15
scan charginogluino 1400 2000 L4DY2T0STVBZV 8.55384e-06 1.74367e-06 1.58186e-06 5.56909e-08 7.31427e-07 0 0 4.08517e-13
scan charginogluino 1400 2000 L3DY0T0STVB 3.49662e-05 3.41278e-06 3.12827e-06 2.03762e-07 1.34886e-06 0 0 9.82415e-10
scan charginogluino 1400 2000 L3DY0T0STVA 0 2.56e-09 2.56e-09 0 0 0 0 0
scan charginogluino 1400 2000 L3DY0T0 5.56411e-08 5.57607e-08 5.56852e-08 3.39147e-10 2.87938e-09 0 0 7.96505e-14
scan charginogluino 1400 2000 L3DY0T1STVB 0.000227022 1.02879e-05 8.82222e-06 7.48364e-07 5.05189e-06 7.09011e-07 1.14173e-06 3.48176e-07
scan charginogluino 1400 2000 L3DY0T1STVA 1.64721e-06 8.35573e-07 8.35173e-07 6.93381e-09 1.72855e-08 1.65567e-08 6.6661e-09 1.76632e-09
scan charginogluino 1400 2000 L3DY0T1 6.48606e-07 4.84507e-07 4.84448e-07 1.32311e-09 6.26849e-09 3.38303e-09 0 2.02822e-09
scan charginogluino 1400 2000 L3DY0T2STVB 7.01889e-05 4.56331e-06 4.47102e-06 1.28366e-07 1.94815e-07 4.11855e-07 4.90717e-07 6.0742e-07
scan charginogluino 1400 2000 L3DY0T2STVA 4.29541e-07 3.47307e-07 3.4725e-07 2.91574e-10 2.40654e-09 3.71761e-09 2.11026e-09 3.98333e-09
scan charginogluino 1400 2000 L3DY0T2 2.58283e-07 2.58407e-07 2.58305e-07 7.8633e-10 0 3.92043e-09 5.69085e-09 2.07814e-09
scan charginogluino 1400 2000 L3DY1T0STVBZV 8.99538e-05 5.96417e-06 5.03739e-06 5.40887e-07 3.14698e-06 0 0 1.63819e-09
scan charginogluino 1400 2000 L3DY1T0STVAZV 1.67639e-06 6.60707e-07 6.5585e-07 1.01908e-08 7.93057e-08 0 0 2.74191e-10
scan charginogluino 1400 2000 L3DY1T0ZV 2.10271e-07 2.10301e-07 2.10282e-07 2.82611e-09 0 0 0 5.50644e-12
scan charginogluino 1400 2000 L3DY1T0STVB 2.78914e-05 3.35189e-06 2.94821e-06 1.66975e-07 1.58597e-06 0 0 4.10827e-10
scan charginogluino 1400 2000 L3DY1T0STVA 1.12279e-07 1.13053e-07 1.123e-07 3.41816e-10 1.30199e-08 0 0 2.13905e-11
scan charginogluino 1400 2000 L3DY1T0 0 2.56e-09 2.56e-09 0 0 0 0 0
scan charginogluino 1400 2000 L3DY1T1STVBZV 6.61824e-05 4.26646e-06 4.08794e-06 2.82338e-07 1.11618e-06 1.84265e-07 3.57478e-07 6.35561e-08
scan charginogluino 1400 2000 L3DY1T1STVAZV 7.75574e-07 3.88584e-07 3.88493e-07 3.42232e-09 7.00551e-09 2.36113e-09 0 2.12695e-09
scan charginogluino 1400 2000 L3DY1T1ZV 0 2.56e-09 2.56e-09 0 0 0 0 0
scan charginogluino 1400 2000 L3DY1T1STVB 6.69517e-06 1.33812e-06 1.32883e-06 3.16572e-08 1.43851e-07 1.44046e-08 5.30262e-08 7.52438e-09
scan charginogluino 1400 2000 L3DY1T1STVA 0 2.56e-09 2.56e-09 0 0 0 0 0
scan charginogluino 1400 2000 L3DY1T1 2.64578e-07 2.64594e-07 2.64587e-07 1.61268e-09 0 8.05471e-10 0 8.50843e-11
