model LeptonicRPV_lambda123
parameter LeptonicRPV_lambda123 1
parameter kFactorProcessWeighted true
scan charginogluino 1700 1000 LOXSEC 0.002681
scan charginogluino 1700 1000 L4DY0T0STVB 3.02196e-05 8.14059e-06 7.52634e-06 1.80835e-07 3.09689e-06 0 0 5.01807e-15
scan charginogluino 1700 1000 L4DY0T0STVA 0 5.9949e-09 5.9949e-09 0 0 0 0 0
scan charginogluino 1700 1000 L4DY0T0 0 5.9949e-09 5.9949e-09 0 0 0 0 0
scan charginogluino 1700 1000 L4DY0T1STVB 0.00012371 1.60155e-05 1.38383e-05 7.10857e-07 7.9916e-06 6.64253e-07 4.30166e-07 1.97827e-10
scan charginogluino 1700 1000 L4DY0T1STVA 1.31981e-06 1.32021e-06 1.31983e-06 8.04464e-09 9.58677e-09 0 2.90799e-08 1.88931e-12
scan charginogluino 1700 1000 L4DY0T1 0 7.58301e-09 7.58301e-09 0 0 0 0 0
scan charginogluino 1700 1000 L4DY0T2STVB 0.000355095 2.84622e-05 2.69938e-05 1.68003e-06 7.82871e-06 3.04641e-06 2.76406e-06 6.3175e-07
scan charginogluino 1700 1000 L4DY0T2STVA 0 8.043e-09 8.043e-09 0 0 0 0 0
scan charginogluino 1700 1000 L4DY0T2 0 8.043e-09 8.043e-09 0 0 0 0 0
scan charginogluino 1700 1000 L4DY1T0STVBZV 5.93997e-05 1.00187e-05 9.32317e-06 5.04291e-07 3.63306e-06 0 0 3.68236e-11
scan charginogluino 1700 1000 L4DY1T0STVB 4.09036e-05 1.03608e-05 1.02357e-05 3.35268e-07 1.56972e-06 0 0 9.74537e-15
scan charginogluino 1700 1000 L4DY1T0STVAZV 0 5.9949e-09 5.9949e-09 0 0 0 0 0
scan charginogluino 1700 1000 L4DY1T0STVA 4.6131e-07 4.6144e-07 4.61342e-07 9.53981e-09 0 0 0 1.34606e-15
scan charginogluino 1700 1000 L4DY1T0ZV 0 5.9949e-09 5.9949e-09 0 0 0 0 0
scan charginogluino 1700 1000 L4DY1T0 0 5.9949e-09 5.9949e-09 0 0 0 0 0
scan charginogluino 1700 1000 L4DY1T1STVBZV 0.000203472 1.78382e-05 1.6137e-05 1.56909e-06 7.30506e-06 7.52014e-07 1.18524e-06 5.51308e-09
scan charginogluino 1700 1000 L4DY1T1STVB 9.27002e-05 1.39171e-05 1.21802e-05 6.64839e-07 6.66304e-06 3.87543e-07 5.82385e-07 5.29848e-09
scan charginogluino 1700 1000 L4DY1T1STVAZV 1.13447e-06 1.13523e-06 1.1345e-06 3.24138e-08 0 0 2.49963e-08 3.89794e-12
scan charginogluino 1700 1000 L4DY1T1STVA 3.92478e-07 3.92562e-07 3.92542e-07 2.39226e-09 2.83373e-09 1.19484e-09 0 5.61835e-13
scan charginogluino 1700 1000 L4DY1T1ZV 0 7.58301e-09 7.58301e-09 0 0 0 0 0
scan charginogluino 1700 1000 L4DY1T1 0 7.58301e-09 7.58301e-09 0 0 0 0 0
scan charginogluino 1700 1000 L4DY1T2STVBZV 8.44048e-05 1.0767e-05 1.06926e-05 4.30384e-07 4.09284e-07 6.80277e-07 8.80814e-07 7.77081e-08
scan charginogluino 1700 1000 L4DY1T2STVB 8.8239e-06 3.38781e-06 3.34376e-06 2.3628e-08 5.38193e-07 6.85869e-08 2.70475e-08 2.92706e-08
scan charginogluino 1700 1000 L4DY1T2STVAZV 0 6.56708e-09 6.56708e-09 0 0 0 0 0
scan charginogluino 1700 1000 L4DY1T2STVA 0 6.56708e-09 6.56708e-09 0 0 0 0 0
scan charginogluino 1700 1000 L4DY1T2ZV 0 6.56708e-09 6.56708e-09 0 0 0 0 0
scan charginogluino 1700 1000 L4DY1T2 0 6.56708e-09 6.56708e-09 0 0 0 0 0
scan charginogluino 1700 1000 L4DY2T0 0 4.64363e-09 4.64363e-09 0 0 0 0 0
scan charginogluino 1700 1000 L4DY2T0ZV 0 4.64363e-09 4.64363e-09 0 0 0 0 0
scan charginogluino 1700 1000 L4DY2T0STVAZV 0 4.64363e-09 4.64363e-09 0 0 0 0 0
scan charginogluino 1700 1000 L4DY2T0STVA 0 4.64363e-09 4.64363e-09 0 0 0 0 0
scan charginogluino 1700 1000 L4DY2T0STVB 2.12224e-05 6.51146e-06 6.16535e-06 1.66636e-07 2.08799e-06 0 0 3.68398e-12
scan charginogluino 1700 1000 L4DY2T0STVBZV 3.14287e-05 7.38826e-06 7.08817e-06 5.65201e-07 2.00617e-06 0 0 8.0878e-15
scan charginogluino 1700 1000 L3DY0T0STVB 0.000155126 1.53337e-05 1.41164e-05 8.0855e-07 5.93267e-06 0 0 5.09936e-09
scan charginogluino 1700 1000 L3DY0T0STVA 8.28774e-06 7.83472e-06 7.77017e-06 2.68664e-08 1.00333e-06 0 0 1.43663e-11
scan charginogluino 1700 1000 L3DY0T0 0 5.362e-09 5.362e-09 0 0 0 0 0
scan charginogluino 1700 1000 L3DY0T1STVB 0.000932399 4.34274e-05 3.83479e-05 3.46629e-06 1.90516e-05 3.29073e-06 5.13758e-06 1.78141e-06
scan charginogluino 1700 1000 L3DY0T1STVA 1.86199e-06 1.02747e-06 1.02595e-06 7.49429e-09 5.50999e-08 5.3876e-09 2.03336e-09 3.00657e-09
scan charginogluino 1700 1000 L3DY0T1 2.65296e-07 2.66352e-07 2.65391e-07 8.07657e-10 2.25588e-08 8.07657e-10 0 7.64498e-10
scan charginogluino 1700 1000 L3DY0T2STVB 0.000311487 2.08477e-05 2.03366e-05 5.73445e-07 8.87754e-07 2.03238e-06 2.91708e-06 2.70071e-06
scan charginogluino 1700 1000 L3DY0T2STVA 4.20172e-07 4.20412e-07 4.20231e-07 0 3.02955e-09 6.37771e-09 9.25782e-09 4.04443e-09
scan charginogluino 1700 1000 L3DY0T2 0 7.58301e-09 7.58301e-09 0 0 0 0 0
scan charginogluino 1700 1000 L3DY1T0STVBZV 0.000466381 3.46817e-05 2.8379e-05 2.78504e-06 1.97407e-05 0 0 1.82057e-08
scan charginogluino 1700 1000 L3DY1T0STVAZV 5.81726e-07 5.82057e-07 5.81745e-07 1.77098e-09 1.89859e-08 0 0 1.07434e-12
scan charginogluino 1700 1000 L3DY1T0ZV 0 5.362e-09 5.362e-09 0 0 0 0 0
scan charginogluino 1700 1000 L3DY1T0STVB 0.000125006 1.48491e-05 1.41025e-05 1.0474e-06 4.52981e-06 0 0 6.5512e-10
scan charginogluino 1700 1000 L3DY1T0STVA 1.65592e-06 1.17116e-06 1.17092e-06 2.34889e-08 0 0 0 3.21799e-12
scan charginogluino 1700 1000 L3DY1T0 0 5.362e-09 5.362e-09 0 0 0 0 0
scan charginogluino 1700 1000 L3DY1T1STVBZV 0.000375704 2.71294e-05 2.59737e-05 1.79086e-06 6.97747e-06 1.27864e-06 2.74986e-06 5.32571e-07
scan charginogluino 1700 1000 L3DY1T1STVAZV 4.94628e-07 4.94821e-07 4.9465e-07 0 7.15336e-09 0 1.08983e-08 1.92491e-11
scan charginogluino 1700 1000 L3DY1T1ZV 0 5.362e-09 5.362e-09 0 0 0 0 0
scan charginogluino 1700 1000 L3DY1T1STVB 4.42078e-05 8.91841e-06 8.00801e-06 2.14946e-07 3.90438e-06 2.18707e-07 2.26315e-07 1.42728e-07
scan charginogluino 1700 1000 L3DY1T1STVA 0 5.362e-09 5.362e-09 0 0 0 0 0
scan charginogluino 1700 1000 L3DY1T1 0 5.362e-09 5.362e-09 0 0 0 0 0
