model LeptonicRPV_lambda123
parameter LeptonicRPV_lambda123 1
parameter kFactorProcessWeighted true
scan charginogluino 1400 2200 LOXSEC 0.001176
scan charginogluino 1400 2200 L4DY0T0STVB 2.95305e-06 8.18277e-07 7.8924e-07 1.95104e-08 2.15167e-07 0 0 1.84112e-17
scan charginogluino 1400 2200 L4DY0T0STVA 0 2.62962e-09 2.62962e-09 0 0 0 0 0
scan charginogluino 1400 2200 L4DY0T0 0 2.62962e-09 2.62962e-09 0 0 0 0 0
scan charginogluino 1400 2200 L4DY0T1STVB 2.47186e-05 2.64551e-06 2.48883e-06 1.49018e-07 8.74875e-07 6.97964e-08 1.09357e-07 3.01125e-11
scan charginogluino 1400 2200 L4DY0T1STVA 1.28544e-06 6.45773e-07 6.45546e-07 1.12282e-08 1.22949e-08 3.91335e-09 0 9.21483e-13
scan charginogluino 1400 2200 L4DY0T1 1.1201e-07 1.12233e-07 1.12053e-07 6.82733e-10 5.79644e-09 0 2.46797e-09 1.60343e-13
scan charginogluino 1400 2200 L4DY0T2STVB 6.09398e-05 4.17667e-06 3.8118e-06 2.18255e-07 1.56487e-06 3.8683e-07 5.08569e-07 9.98946e-08
scan charginogluino 1400 2200 L4DY0T2STVA 1.66604e-06 9.71509e-07 9.70909e-07 1.91445e-09 2.25664e-08 1.62936e-08 1.89118e-08 5.55857e-09
scan charginogluino 1400 2200 L4DY0T2 4.61974e-08 4.6348e-08 4.6317e-08 1.40642e-10 3.33097e-10 1.29824e-09 1.01789e-09 1.33126e-10
scan charginogluino 1400 2200 L4DY1T0STVBZV 8.63539e-06 1.38716e-06 1.29684e-06 6.81383e-08 4.87605e-07 0 0 6.6131e-15
scan charginogluino 1400 2200 L4DY1T0STVB 6.84083e-06 1.61273e-06 1.57461e-06 5.70485e-08 3.43865e-07 0 0 3.21765e-16
scan charginogluino 1400 2200 L4DY1T0STVAZV 2.02467e-07 2.04058e-07 2.0248e-07 1.85313e-09 2.52537e-08 0 0 9.12622e-14
scan charginogluino 1400 2200 L4DY1T0STVA 0 2.62962e-09 2.62962e-09 0 0 0 0 0
scan charginogluino 1400 2200 L4DY1T0ZV 0 2.62962e-09 2.62962e-09 0 0 0 0 0
scan charginogluino 1400 2200 L4DY1T0 0 2.62962e-09 2.62962e-09 0 0 0 0 0
scan charginogluino 1400 2200 L4DY1T1STVBZV 4.60505e-05 3.78018e-06 3.19101e-06 2.77133e-07 1.99399e-06 1.39075e-07 1.87419e-07 1.91621e-09
scan charginogluino 1400 2200 L4DY1T1STVB 1.79149e-05 2.29611e-06 2.21763e-06 1.04865e-07 5.77114e-07 9.00695e-08 4.54248e-08 3.01102e-11
scan charginogluino 1400 2200 L4DY1T1STVAZV 6.85374e-07 4.85529e-07 4.85172e-07 0 1.68193e-08 3.45316e-09 7.197e-09 4.54943e-15
scan charginogluino 1400 2200 L4DY1T1STVA 0 3.32623e-09 3.32623e-09 0 0 0 0 0
scan charginogluino 1400 2200 L4DY1T1ZV 3.34297e-07 3.44891e-07 3.34312e-07 5.03394e-09 8.46035e-08 1.42377e-09 0 8.09898e-11
scan charginogluino 1400 2200 L4DY1T1 0 3.32623e-09 3.32623e-09 0 0 0 0 0
scan charginogluino 1400 2200 L4DY1T2STVBZV 2.44278e-05 2.61167e-06 2.52055e-06 1.02093e-07 6.15402e-07 1.81044e-07 2.1271e-07 2.21552e-08
scan charginogluino 1400 2200 L4DY1T2STVB 1.25048e-05 4.65798e-06 4.63569e-06 8.63698e-09 4.48122e-07 7.61396e-08 2.79672e-09 2.20661e-08
scan charginogluino 1400 2200 L4DY1T2STVAZV 6.3595e-07 4.49726e-07 4.49692e-07 3.87629e-09 0 3.89057e-09 0 2.04512e-10
scan charginogluino 1400 2200 L4DY1T2STVA 0 2.8806e-09 2.8806e-09 0 0 0 0 0
scan charginogluino 1400 2200 L4DY1T2ZV 0 2.8806e-09 2.8806e-09 0 0 0 0 0
scan charginogluino 1400 2200 L4DY1T2 0 2.8806e-09 2.8806e-09 0 0 0 0 0
scan charginogluino 1400 2200 L4DY2T0 0 2.03689e-09 2.03689e-09 0 0 0 0 0
scan charginogluino 1400 2200 L4DY2T0ZV 0 2.03689e-09 2.03689e-09 0 0 0 0 0
scan charginogluino 1400 2200 L4DY2T0STVAZV 0 2.03689e-09 2.03689e-09 0 0 0 0 0
scan charginogluino 1400 2200 L4DY2T0STVA 0 2.03689e-09 2.03689e-09 0 0 0 0 0
scan charginogluino 1400 2200 L4DY2T0STVB 2.05239e-05 4.99141e-06 4.96818e-06 1.32724e-07 4.62303e-07 0 0 1.11578e-13
scan charginogluino 1400 2200 L4DY2T0STVBZV 9.16474e-06 1.87137e-06 1.81331e-06 8.31586e-08 4.54999e-07 0 0 2.62367e-12
scan charginogluino 1400 2200 L3DY0T0STVB 3.30311e-05 3.45503e-06 2.96089e-06 1.79551e-07 1.77147e-06 0 0 5.90156e-09
scan charginogluino 1400 2200 L3DY0T0STVA 8.65851e-07 6.33647e-07 6.33543e-07 5.15019e-09 1.02177e-08 0 0 2.33712e-13
scan charginogluino 1400 2200 L3DY0T0 0 2.352e-09 2.352e-09 0 0 0 0 0
scan charginogluino 1400 2200 L3DY0T1STVB 0.000167239 7.83694e-06 6.68074e-06 5.58872e-07 3.93624e-06 4.9813e-07 8.23013e-07 2.31298e-07
scan charginogluino 1400 2200 L3DY0T1STVA 1.50314e-06 5.13967e-07 5.04173e-07 3.48019e-09 9.86933e-08 5.43092e-09 1.3674e-08 1.64022e-09
scan charginogluino 1400 2200 L3DY0T1 4.64825e-06 4.24377e-06 4.24359e-06 1.45218e-08 3.26416e-08 1.32529e-08 6.50266e-09 1.69572e-09
scan charginogluino 1400 2200 L3DY0T2STVB 5.79846e-05 3.67862e-06 3.60329e-06 1.14777e-07 1.46246e-07 3.46558e-07 3.81127e-07 4.98584e-07
scan charginogluino 1400 2200 L3DY0T2STVA 3.74157e-07 2.66855e-07 2.668e-07 6.43383e-10 1.17398e-09 1.99139e-09 3.58751e-09 3.26767e-09
scan charginogluino 1400 2200 L3DY0T2 6.90173e-07 6.90218e-07 6.9018e-07 2.10113e-09 0 4.20679e-09 0 5.55312e-09
scan charginogluino 1400 2200 L3DY1T0STVBZV 8.72402e-05 6.00725e-06 4.9817e-06 5.1083e-07 3.31794e-06 0 0 5.15102e-10
scan charginogluino 1400 2200 L3DY1T0STVAZV 1.95067e-06 7.66987e-07 7.61911e-07 1.60534e-08 8.66178e-08 0 0 5.27476e-10
scan charginogluino 1400 2200 L3DY1T0ZV 1.1484e-06 8.1223e-07 8.12043e-07 1.73941e-08 0 0 0 1.99691e-10
scan charginogluino 1400 2200 L3DY1T0STVB 2.32235e-05 2.56024e-06 2.48258e-06 1.62268e-07 6.04403e-07 0 0 1.20868e-10
scan charginogluino 1400 2200 L3DY1T0STVA 5.27009e-07 3.89358e-07 3.87367e-07 2.75727e-09 3.92265e-08 0 0 1.25908e-13
scan charginogluino 1400 2200 L3DY1T0 0 2.352e-09 2.352e-09 0 0 0 0 0
scan charginogluino 1400 2200 L3DY1T1STVBZV 5.72992e-05 3.91218e-06 3.67295e-06 2.55943e-07 1.24873e-06 1.6139e-07 3.98689e-07 6.88858e-08
scan charginogluino 1400 2200 L3DY1T1STVAZV 4.31702e-07 3.05294e-07 3.05266e-07 3.86067e-09 0 1.36311e-09 0 5.94226e-10
scan charginogluino 1400 2200 L3DY1T1ZV 1.86767e-07 1.86783e-07 1.86778e-07 1.26679e-09 0 5.68585e-10 0 4.54097e-10
scan charginogluino 1400 2200 L3DY1T1STVB 6.59384e-06 1.55317e-06 1.45981e-06 2.25191e-08 5.27663e-07 2.91815e-08 3.81445e-08 7.11207e-09
scan charginogluino 1400 2200 L3DY1T1STVA 0 2.352e-09 2.352e-09 0 0 0 0 0
scan charginogluino 1400 2200 L3DY1T1 5.68363e-07 4.14534e-07 4.10943e-07 2.10176e-09 5.41276e-08 1.04975e-09 4.92544e-09 2.14311e-09
