model LeptonicRPV_lambda123
parameter LeptonicRPV_lambda123 1
parameter kFactorProcessWeighted true
scan charginogluino 2400 1100 LOXSEC 0.000787
scan charginogluino 2400 1100 L4DY0T0STVB 4.29261e-06 1.40889e-06 1.40674e-06 4.22634e-08 6.55142e-08 0 0 4.15274e-17
scan charginogluino 2400 1100 L4DY0T0STVA 0 1.75979e-09 1.75979e-09 0 0 0 0 0
scan charginogluino 2400 1100 L4DY0T0 0 1.75979e-09 1.75979e-09 0 0 0 0 0
scan charginogluino 2400 1100 L4DY0T1STVB 5.29771e-05 6.09188e-06 5.27796e-06 2.98113e-07 3.01202e-06 1.56851e-07 2.61581e-07 3.27785e-10
scan charginogluino 2400 1100 L4DY0T1STVA 1.04473e-07 1.0453e-07 1.04493e-07 3.18052e-10 1.51089e-09 0 2.30189e-09 8.24312e-16
scan charginogluino 2400 1100 L4DY0T1 2.87261e-08 3.00108e-08 2.88014e-08 8.74525e-11 8.43265e-09 9.0087e-11 0 5.30519e-14
scan charginogluino 2400 1100 L4DY0T2STVB 8.17507e-05 6.45432e-06 5.96667e-06 3.08037e-07 2.20767e-06 6.08404e-07 8.27755e-07 1.81695e-07
scan charginogluino 2400 1100 L4DY0T2STVA 0 2.361e-09 2.361e-09 0 0 0 0 0
scan charginogluino 2400 1100 L4DY0T2 0 2.361e-09 2.361e-09 0 0 0 0 0
scan charginogluino 2400 1100 L4DY1T0STVBZV 2.94688e-05 4.94334e-06 3.83077e-06 2.31546e-07 3.11579e-06 0 0 6.18725e-14
scan charginogluino 2400 1100 L4DY1T0STVB 1.35833e-05 3.73308e-06 2.83945e-06 8.45798e-08 2.42204e-06 0 0 8.12778e-14
scan charginogluino 2400 1100 L4DY1T0STVAZV 0 1.75979e-09 1.75979e-09 0 0 0 0 0
scan charginogluino 2400 1100 L4DY1T0STVA 0 1.75979e-09 1.75979e-09 0 0 0 0 0
scan charginogluino 2400 1100 L4DY1T0ZV 0 1.75979e-09 1.75979e-09 0 0 0 0 0
scan charginogluino 2400 1100 L4DY1T0 0 1.75979e-09 1.75979e-09 0 0 0 0 0
scan charginogluino 2400 1100 L4DY1T1STVBZV 8.86411e-05 7.29836e-06 6.78524e-06 6.02096e-07 2.56835e-06 2.88928e-07 4.29128e-07 1.73585e-09
scan charginogluino 2400 1100 L4DY1T1STVB 1.7344e-05 2.83817e-06 2.54029e-06 1.5115e-07 1.24947e-06 1.18685e-07 6.34093e-08 1.51067e-10
scan charginogluino 2400 1100 L4DY1T1STVAZV 0 2.22597e-09 2.22597e-09 0 0 0 0 0
scan charginogluino 2400 1100 L4DY1T1STVA 0 2.22597e-09 2.22597e-09 0 0 0 0 0
scan charginogluino 2400 1100 L4DY1T1ZV 0 2.22597e-09 2.22597e-09 0 0 0 0 0
scan charginogluino 2400 1100 L4DY1T1 1.74353e-07 1.74774e-07 1.74366e-07 1.67832e-09 1.18151e-08 5.30793e-10 0 2.47483e-12
scan charginogluino 2400 1100 L4DY1T2STVBZV 4.38225e-05 5.10018e-06 5.05961e-06 2.78896e-07 3.98414e-07 3.13248e-07 2.7443e-07 4.70012e-08
scan charginogluino 2400 1100 L4DY1T2STVB 5.07335e-06 1.61332e-06 1.59869e-06 2.94587e-08 2.06631e-07 3.71284e-08 4.12771e-08 1.92229e-08
scan charginogluino 2400 1100 L4DY1T2STVAZV 2.82003e-07 2.82019e-07 2.82008e-07 1.71888e-09 0 1.73194e-09 0 9.06878e-11
scan charginogluino 2400 1100 L4DY1T2STVA 0 1.92775e-09 1.92775e-09 0 0 0 0 0
scan charginogluino 2400 1100 L4DY1T2ZV 0 1.92775e-09 1.92775e-09 0 0 0 0 0
scan charginogluino 2400 1100 L4DY1T2 0 1.92775e-09 1.92775e-09 0 0 0 0 0
scan charginogluino 2400 1100 L4DY2T0 0 1.36312e-09 1.36312e-09 0 0 0 0 0
scan charginogluino 2400 1100 L4DY2T0ZV 0 1.36312e-09 1.36312e-09 0 0 0 0 0
scan charginogluino 2400 1100 L4DY2T0STVAZV 0 1.36312e-09 1.36312e-09 0 0 0 0 0
scan charginogluino 2400 1100 L4DY2T0STVA 0 1.36312e-09 1.36312e-09 0 0 0 0 0
scan charginogluino 2400 1100 L4DY2T0STVB 9.43167e-06 2.92352e-06 2.90153e-06 8.94171e-08 3.46498e-07 0 0 5.49722e-14
scan charginogluino 2400 1100 L4DY2T0STVBZV 1.29642e-05 2.92162e-06 2.5367e-06 9.96746e-08 1.44606e-06 0 0 2.14846e-13
scan charginogluino 2400 1100 L3DY0T0STVB 6.35058e-05 7.4068e-06 5.79693e-06 4.74659e-07 4.58594e-06 0 0 3.69072e-10
scan charginogluino 2400 1100 L3DY0T0STVA 0 1.574e-09 1.574e-09 0 0 0 0 0
scan charginogluino 2400 1100 L3DY0T0 0 1.574e-09 1.574e-09 0 0 0 0 0
scan charginogluino 2400 1100 L3DY0T1STVB 0.000310707 1.4234e-05 1.24125e-05 1.05331e-06 6.64358e-06 9.97021e-07 1.38188e-06 6.21378e-07
scan charginogluino 2400 1100 L3DY0T1STVA 1.48952e-07 8.60555e-08 8.60229e-08 4.53465e-10 1.07399e-09 2.05831e-09 0 2.83774e-11
scan charginogluino 2400 1100 L3DY0T1 0 2.22597e-09 2.22597e-09 0 0 0 0 0
scan charginogluino 2400 1100 L3DY0T2STVB 9.43369e-05 6.34093e-06 6.17912e-06 1.84717e-07 2.42711e-07 6.19084e-07 9.43285e-07 8.12208e-07
scan charginogluino 2400 1100 L3DY0T2STVA 0 2.22597e-09 2.22597e-09 0 0 0 0 0
scan charginogluino 2400 1100 L3DY0T2 0 2.22597e-09 2.22597e-09 0 0 0 0 0
scan charginogluino 2400 1100 L3DY1T0STVBZV 0.000125264 1.01797e-05 7.51961e-06 7.82272e-07 6.81682e-06 0 0 3.79815e-09
scan charginogluino 2400 1100 L3DY1T0STVAZV 6.69022e-07 3.92476e-07 3.91747e-07 3.13802e-09 2.36928e-08 0 0 6.24911e-13
scan charginogluino 2400 1100 L3DY1T0ZV 0 1.574e-09 1.574e-09 0 0 0 0 0
scan charginogluino 2400 1100 L3DY1T0STVB 3.75202e-05 4.83353e-06 4.22116e-06 1.84679e-07 2.34749e-06 0 0 1.08832e-09
scan charginogluino 2400 1100 L3DY1T0STVA 0 1.574e-09 1.574e-09 0 0 0 0 0
scan charginogluino 2400 1100 L3DY1T0 0 1.574e-09 1.574e-09 0 0 0 0 0
scan charginogluino 2400 1100 L3DY1T1STVBZV 0.000115174 7.77347e-06 7.52028e-06 5.34591e-07 1.75607e-06 4.79018e-07 5.09366e-07 1.16832e-07
scan charginogluino 2400 1100 L3DY1T1STVAZV 0 1.574e-09 1.574e-09 0 0 0 0 0
scan charginogluino 2400 1100 L3DY1T1ZV 0 1.574e-09 1.574e-09 0 0 0 0 0
scan charginogluino 2400 1100 L3DY1T1STVB 1.52815e-05 2.73811e-06 2.73104e-06 7.6391e-08 1.6671e-07 4.86285e-08 4.47195e-08 2.61867e-08
scan charginogluino 2400 1100 L3DY1T1STVA 0 1.574e-09 1.574e-09 0 0 0 0 0
scan charginogluino 2400 1100 L3DY1T1 0 1.574e-09 1.574e-09 0 0 0 0 0
