model LeptonicRPV_lambda123
parameter LeptonicRPV_lambda123 1
parameter kFactorProcessWeighted true
scan charginogluino 1500 1100 LOXSEC 0.002443
scan charginogluino 1500 1100 L4DY0T0STVB 1.04384e-05 3.8021e-06 3.79757e-06 7.57456e-08 1.69352e-07 0 0 9.03466e-14
scan charginogluino 1500 1100 L4DY0T0STVA 0 5.46271e-09 5.46271e-09 0 0 0 0 0
scan charginogluino 1500 1100 L4DY0T0 0 5.46271e-09 5.46271e-09 0 0 0 0 0
scan charginogluino 1500 1100 L4DY0T1STVB 5.94502e-05 9.2722e-06 8.14908e-06 4.80518e-07 4.36955e-06 3.13992e-07 3.79081e-07 3.15278e-09
scan charginogluino 1500 1100 L4DY0T1STVA 0 6.90985e-09 6.90985e-09 0 0 0 0 0
scan charginogluino 1500 1100 L4DY0T1 0 6.90985e-09 6.90985e-09 0 0 0 0 0
scan charginogluino 1500 1100 L4DY0T2STVB 0.000200628 1.65976e-05 1.518e-05 7.8341e-07 6.11522e-06 1.65411e-06 2.02667e-06 4.39386e-07
scan charginogluino 1500 1100 L4DY0T2STVA 1.25972e-06 8.91298e-07 8.90785e-07 3.83505e-09 1.05723e-08 3.83505e-09 2.7756e-08 1.93505e-09
scan charginogluino 1500 1100 L4DY0T2 0 7.329e-09 7.329e-09 0 0 0 0 0
scan charginogluino 1500 1100 L4DY1T0STVBZV 4.39782e-05 7.40062e-06 6.63133e-06 3.34371e-07 3.26846e-06 0 0 2.92148e-12
scan charginogluino 1500 1100 L4DY1T0STVB 2.15595e-05 7.19675e-06 7.00592e-06 4.07494e-07 1.59504e-06 0 0 3.53449e-12
scan charginogluino 1500 1100 L4DY1T0STVAZV 6.73997e-07 6.74069e-07 6.74015e-07 6.48641e-09 5.60577e-09 0 0 2.55915e-16
scan charginogluino 1500 1100 L4DY1T0STVA 0 5.46271e-09 5.46271e-09 0 0 0 0 0
scan charginogluino 1500 1100 L4DY1T0ZV 0 5.46271e-09 5.46271e-09 0 0 0 0 0
scan charginogluino 1500 1100 L4DY1T0 0 5.46271e-09 5.46271e-09 0 0 0 0 0
scan charginogluino 1500 1100 L4DY1T1STVBZV 0.00016886 1.86017e-05 1.41217e-05 7.94863e-07 1.20264e-05 9.77702e-07 6.16546e-07 2.97251e-08
scan charginogluino 1500 1100 L4DY1T1STVB 5.02601e-05 8.97119e-06 8.3746e-06 2.45099e-07 3.19364e-06 2.2093e-07 2.00187e-07 1.15868e-10
scan charginogluino 1500 1100 L4DY1T1STVAZV 0 6.90985e-09 6.90985e-09 0 0 0 0 0
scan charginogluino 1500 1100 L4DY1T1STVA 0 6.90985e-09 6.90985e-09 0 0 0 0 0
scan charginogluino 1500 1100 L4DY1T1ZV 0 6.90985e-09 6.90985e-09 0 0 0 0 0
scan charginogluino 1500 1100 L4DY1T1 0 6.90985e-09 6.90985e-09 0 0 0 0 0
scan charginogluino 1500 1100 L4DY1T2STVBZV 6.41737e-05 8.4377e-06 8.30149e-06 3.26805e-07 9.02916e-07 4.49379e-07 1.07022e-06 1.0381e-07
scan charginogluino 1500 1100 L4DY1T2STVB 1.1051e-05 3.40489e-06 3.32665e-06 5.5448e-08 6.88032e-07 7.91795e-08 2.07491e-07 3.03885e-08
scan charginogluino 1500 1100 L4DY1T2STVAZV 0 5.9841e-09 5.9841e-09 0 0 0 0 0
scan charginogluino 1500 1100 L4DY1T2STVA 0 5.9841e-09 5.9841e-09 0 0 0 0 0
scan charginogluino 1500 1100 L4DY1T2ZV 0 5.9841e-09 5.9841e-09 0 0 0 0 0
scan charginogluino 1500 1100 L4DY1T2 0 5.9841e-09 5.9841e-09 0 0 0 0 0
scan charginogluino 1500 1100 L4DY2T0 0 4.2314e-09 4.2314e-09 0 0 0 0 0
scan charginogluino 1500 1100 L4DY2T0ZV 0 4.2314e-09 4.2314e-09 0 0 0 0 0
scan charginogluino 1500 1100 L4DY2T0STVAZV 0 4.2314e-09 4.2314e-09 0 0 0 0 0
scan charginogluino 1500 1100 L4DY2T0STVA 0 4.2314e-09 4.2314e-09 0 0 0 0 0
scan charginogluino 1500 1100 L4DY2T0STVB 2.94437e-05 7.45274e-06 7.43648e-06 3.10714e-07 3.8154e-07 0 0 4.92081e-13
scan charginogluino 1500 1100 L4DY2T0STVBZV 2.63544e-05 5.69853e-06 5.5549e-06 1.99986e-07 1.25555e-06 0 0 1.50277e-13
scan charginogluino 1500 1100 L3DY0T0STVB 0.000133319 1.38213e-05 1.17972e-05 8.10973e-07 7.15524e-06 0 0 2.23467e-08
scan charginogluino 1500 1100 L3DY0T0STVA 2.5092e-06 2.50933e-06 2.5092e-06 1.79273e-08 1.8092e-08 0 0 1.39125e-11
scan charginogluino 1500 1100 L3DY0T0 2.3956e-07 2.40371e-07 2.39597e-07 7.29307e-10 1.92554e-08 0 0 4.42424e-13
scan charginogluino 1500 1100 L3DY0T1STVB 0.000675759 3.25378e-05 2.76074e-05 2.44358e-06 1.6115e-05 2.14463e-06 5.00652e-06 1.10017e-06
scan charginogluino 1500 1100 L3DY0T1STVA 1.49867e-06 7.52066e-07 7.51905e-07 6.66048e-09 1.2845e-08 5.26442e-09 0 2.19236e-09
scan charginogluino 1500 1100 L3DY0T1 5.87685e-07 4.15668e-07 4.15607e-07 1.79064e-09 6.61121e-09 1.7892e-09 0 9.0274e-10
scan charginogluino 1500 1100 L3DY0T2STVB 0.000249953 1.86133e-05 1.80774e-05 4.68446e-07 6.92762e-07 1.45043e-06 3.49029e-06 2.1629e-06
scan charginogluino 1500 1100 L3DY0T2STVA 2.2307e-07 2.04874e-07 2.04833e-07 5.85411e-11 1.46974e-09 3.18669e-09 0 2.11682e-09
scan charginogluino 1500 1100 L3DY0T2 0 6.90985e-09 6.90985e-09 0 0 0 0 0
scan charginogluino 1500 1100 L3DY1T0STVBZV 0.000332101 2.43957e-05 1.93216e-05 2.02908e-06 1.4755e-05 0 0 4.81905e-09
scan charginogluino 1500 1100 L3DY1T0STVAZV 1.48887e-06 1.00225e-06 1.00204e-06 1.43894e-08 1.50612e-08 0 0 4.2029e-10
scan charginogluino 1500 1100 L3DY1T0ZV 1.45549e-05 1.45585e-05 1.45549e-05 3.05206e-07 1.04945e-07 0 0 1.0507e-11
scan charginogluino 1500 1100 L3DY1T0STVB 7.77989e-05 1.09265e-05 9.2393e-06 4.94534e-07 5.81192e-06 0 0 7.45612e-10
scan charginogluino 1500 1100 L3DY1T0STVA 8.27213e-07 5.86874e-07 5.84943e-07 9.57018e-09 4.65965e-08 0 0 1.14761e-12
scan charginogluino 1500 1100 L3DY1T0 0 4.886e-09 4.886e-09 0 0 0 0 0
scan charginogluino 1500 1100 L3DY1T1STVBZV 0.000232108 1.69098e-05 1.58868e-05 1.03286e-06 5.54636e-06 7.43503e-07 1.04673e-06 2.69008e-07
scan charginogluino 1500 1100 L3DY1T1STVAZV 5.78248e-07 5.78282e-07 5.78264e-07 3.92211e-09 0 1.7604e-09 0 1.40593e-09
scan charginogluino 1500 1100 L3DY1T1ZV 0 4.886e-09 4.886e-09 0 0 0 0 0
scan charginogluino 1500 1100 L3DY1T1STVB 5.01338e-05 9.32596e-06 9.00689e-06 1.94643e-07 2.39006e-06 1.97427e-07 2.0483e-07 1.34949e-07
scan charginogluino 1500 1100 L3DY1T1STVA 0 4.886e-09 4.886e-09 0 0 0 0 0
scan charginogluino 1500 1100 L3DY1T1 0 4.886e-09 4.886e-09 0 0 0 0 0
