model LeptonicRPV_lambda123
parameter LeptonicRPV_lambda123 1
parameter kFactorProcessWeighted true
scan charginogluino 1500 2100 LOXSEC 0.0006054
scan charginogluino 1500 2100 L4DY0T0STVB 3.01059e-06 8.73913e-07 8.69084e-07 2.11259e-08 8.92762e-08 0 0 1.99859e-17
scan charginogluino 1500 2100 L4DY0T0STVA 0 1.35372e-09 1.35372e-09 0 0 0 0 0
scan charginogluino 1500 2100 L4DY0T0 0 1.35372e-09 1.35372e-09 0 0 0 0 0
scan charginogluino 1500 2100 L4DY0T1STVB 1.38277e-05 1.55962e-06 1.36865e-06 8.41376e-08 7.38885e-07 4.2123e-08 6.63849e-08 7.38657e-11
scan charginogluino 1500 2100 L4DY0T1STVA 1.92164e-07 1.37924e-07 1.3589e-07 5.8503e-10 2.3585e-08 5.85018e-10 0 2.31976e-14
scan charginogluino 1500 2100 L4DY0T1 6.19189e-09 6.39623e-09 6.3957e-09 3.77415e-11 6.83656e-11 2.63711e-11 0 8.86372e-15
scan charginogluino 1500 2100 L4DY0T2STVB 3.35048e-05 2.25418e-06 2.07911e-06 1.31314e-07 7.65772e-07 2.14561e-07 3.25923e-07 5.2216e-08
scan charginogluino 1500 2100 L4DY0T2STVA 7.40348e-07 4.14927e-07 3.97647e-07 1.74585e-09 1.17769e-07 3.74046e-09 9.95902e-09 7.43371e-09
scan charginogluino 1500 2100 L4DY0T2 5.51266e-07 2.56654e-07 2.54995e-07 1.30229e-09 2.77482e-08 5.90257e-09 5.85817e-09 2.82812e-09
scan charginogluino 1500 2100 L4DY1T0STVBZV 7.2566e-06 1.11121e-06 1.00238e-06 5.47059e-08 4.76485e-07 0 0 3.78633e-13
scan charginogluino 1500 2100 L4DY1T0STVB 2.17521e-06 5.81451e-07 5.51447e-07 2.95705e-08 1.8198e-07 0 0 1.27225e-15
scan charginogluino 1500 2100 L4DY1T0STVAZV 4.50025e-07 3.21604e-07 3.18218e-07 4.74201e-09 4.63064e-08 0 0 9.10257e-17
scan charginogluino 1500 2100 L4DY1T0STVA 2.0824e-07 2.083e-07 2.08244e-07 4.57953e-09 1.50147e-09 0 0 5.17239e-18
scan charginogluino 1500 2100 L4DY1T0ZV 0 1.35372e-09 1.35372e-09 0 0 0 0 0
scan charginogluino 1500 2100 L4DY1T0 6.70321e-08 6.70934e-08 6.70431e-08 2.04076e-10 2.59097e-09 0 0 6.07745e-19
scan charginogluino 1500 2100 L4DY1T1STVBZV 2.86753e-05 2.36465e-06 1.97092e-06 1.86406e-07 1.28177e-06 9.60656e-08 1.41834e-07 6.6039e-10
scan charginogluino 1500 2100 L4DY1T1STVB 6.37114e-06 9.56999e-07 9.35099e-07 5.45993e-08 1.93427e-07 2.49805e-08 2.04239e-08 6.19069e-11
scan charginogluino 1500 2100 L4DY1T1STVAZV 3.0133e-07 2.44668e-07 2.4436e-07 6.78497e-09 1.01944e-08 9.23416e-10 0 2.9186e-13
scan charginogluino 1500 2100 L4DY1T1STVA 2.89212e-07 2.06951e-07 2.06892e-07 1.2541e-09 4.47973e-09 1.6865e-09 0 3.16393e-14
scan charginogluino 1500 2100 L4DY1T1ZV 0 1.71233e-09 1.71233e-09 0 0 0 0 0
scan charginogluino 1500 2100 L4DY1T1 0 1.71233e-09 1.71233e-09 0 0 0 0 0
scan charginogluino 1500 2100 L4DY1T2STVBZV 8.5153e-06 1.02964e-06 1.00649e-06 3.09961e-08 1.95477e-07 6.31733e-08 6.27596e-08 5.99295e-09
scan charginogluino 1500 2100 L4DY1T2STVB 9.52485e-07 3.87421e-07 3.8709e-07 3.80942e-09 1.11535e-08 6.92489e-09 8.09367e-09 1.99399e-09
scan charginogluino 1500 2100 L4DY1T2STVAZV 5.0126e-07 2.75859e-07 2.75769e-07 2.37755e-09 1.63398e-09 2.50074e-09 5.8531e-09 6.88872e-10
scan charginogluino 1500 2100 L4DY1T2STVA 0 1.48292e-09 1.48292e-09 0 0 0 0 0
scan charginogluino 1500 2100 L4DY1T2ZV 0 1.48292e-09 1.48292e-09 0 0 0 0 0
scan charginogluino 1500 2100 L4DY1T2 0 1.48292e-09 1.48292e-09 0 0 0 0 0
scan charginogluino 1500 2100 L4DY2T0 2.06385e-07 2.06402e-07 2.06387e-07 2.52137e-09 0 0 0 8.67732e-18
scan charginogluino 1500 2100 L4DY2T0ZV 0 1.04858e-09 1.04858e-09 0 0 0 0 0
scan charginogluino 1500 2100 L4DY2T0STVAZV 0 1.04858e-09 1.04858e-09 0 0 0 0 0
scan charginogluino 1500 2100 L4DY2T0STVA 0 1.04858e-09 1.04858e-09 0 0 0 0 0
scan charginogluino 1500 2100 L4DY2T0STVB 3.15638e-06 6.96459e-07 6.50522e-07 2.25481e-08 2.47724e-07 0 0 1.18672e-15
scan charginogluino 1500 2100 L4DY2T0STVBZV 4.90441e-06 9.17642e-07 9.01029e-07 3.75186e-08 1.69722e-07 0 0 1.09018e-13
scan charginogluino 1500 2100 L3DY0T0STVB 2.14588e-05 2.00018e-06 1.72702e-06 1.09767e-07 1.00302e-06 0 0 1.20095e-10
scan charginogluino 1500 2100 L3DY0T0STVA 8.00933e-07 4.21842e-07 4.10315e-07 2.82702e-09 9.78966e-08 0 0 4.58256e-13
scan charginogluino 1500 2100 L3DY0T0 0 1.2108e-09 1.2108e-09 0 0 0 0 0
scan charginogluino 1500 2100 L3DY0T1STVB 9.0511e-05 4.13521e-06 3.59695e-06 3.24102e-07 1.94981e-06 2.42722e-07 4.26996e-07 1.17863e-07
scan charginogluino 1500 2100 L3DY0T1STVA 3.01908e-06 1.14872e-06 1.14797e-06 9.71056e-09 1.34705e-08 1.01466e-08 3.62573e-08 4.76271e-09
scan charginogluino 1500 2100 L3DY0T1 3.41876e-07 2.96381e-07 2.96283e-07 8.98376e-10 6.49123e-09 8.90232e-10 1.09759e-09 3.62974e-09
scan charginogluino 1500 2100 L3DY0T2STVB 3.19765e-05 2.00996e-06 1.96355e-06 6.36783e-08 7.9228e-08 2.19288e-07 2.2488e-07 2.74641e-07
scan charginogluino 1500 2100 L3DY0T2STVA 1.13589e-06 5.17183e-07 5.15875e-07 1.94557e-09 3.5822e-09 3.45102e-08 6.70675e-09 9.92419e-09
scan charginogluino 1500 2100 L3DY0T2 0 1.71233e-09 1.71233e-09 0 0 0 0 0
scan charginogluino 1500 2100 L3DY1T0STVBZV 4.37305e-05 2.86019e-06 2.4928e-06 2.49178e-07 1.38005e-06 0 0 7.53196e-10
scan charginogluino 1500 2100 L3DY1T0STVAZV 2.80614e-06 9.11373e-07 8.81713e-07 1.1572e-08 2.30324e-07 0 0 4.09764e-11
scan charginogluino 1500 2100 L3DY1T0ZV 0 1.2108e-09 1.2108e-09 0 0 0 0 0
scan charginogluino 1500 2100 L3DY1T0STVB 1.24264e-05 1.66882e-06 1.46029e-06 6.24227e-08 8.05357e-07 0 0 1.36972e-11
scan charginogluino 1500 2100 L3DY1T0STVA 4.01105e-07 2.69157e-07 2.6899e-07 2.21268e-09 9.21082e-09 0 0 5.84634e-13
scan charginogluino 1500 2100 L3DY1T0 0 1.2108e-09 1.2108e-09 0 0 0 0 0
scan charginogluino 1500 2100 L3DY1T1STVBZV 3.93879e-05 3.01102e-06 2.91717e-06 1.74153e-07 6.44675e-07 9.33669e-08 3.16489e-07 3.88433e-08
scan charginogluino 1500 2100 L3DY1T1STVAZV 6.75624e-07 3.01378e-07 3.01169e-07 2.77057e-09 4.9136e-09 7.56254e-10 9.4193e-09 2.15598e-09
scan charginogluino 1500 2100 L3DY1T1ZV 0 1.2108e-09 1.2108e-09 0 0 0 0 0
scan charginogluino 1500 2100 L3DY1T1STVB 2.28216e-06 5.3633e-07 5.24459e-07 9.13668e-09 1.08736e-07 3.5762e-09 2.53301e-08 5.56349e-09
scan charginogluino 1500 2100 L3DY1T1STVA 4.36919e-07 3.22635e-07 3.22559e-07 6.01094e-09 0 8.64635e-10 3.36905e-09 1.06231e-09
scan charginogluino 1500 2100 L3DY1T1 0 1.2108e-09 1.2108e-09 0 0 0 0 0
