model LeptonicRPV_lambda123
parameter LeptonicRPV_lambda123 1
parameter kFactorProcessWeighted true
scan charginogluino 2000 800 LOXSEC 0.01965
scan charginogluino 2000 800 L4DY0T0STVB 5.67643e-05 1.98312e-05 1.80881e-05 4.79565e-07 8.11586e-06 0 0 3.90566e-14
scan charginogluino 2000 800 L4DY0T0STVA 0 4.39387e-08 4.39387e-08 0 0 0 0 0
scan charginogluino 2000 800 L4DY0T0 0 4.39387e-08 4.39387e-08 0 0 0 0 0
scan charginogluino 2000 800 L4DY0T1STVB 0.000695619 0.000102009 8.98396e-05 4.71613e-06 4.76791e-05 2.39611e-06 5.78348e-06 6.52057e-08
scan charginogluino 2000 800 L4DY0T1STVA 0 5.55786e-08 5.55786e-08 0 0 0 0 0
scan charginogluino 2000 800 L4DY0T1 0 5.55786e-08 5.55786e-08 0 0 0 0 0
scan charginogluino 2000 800 L4DY0T2STVB 0.00131473 0.000117898 0.000109189 4.47582e-06 3.96729e-05 8.44018e-06 1.74473e-05 2.84219e-06
scan charginogluino 2000 800 L4DY0T2STVA 0 5.895e-08 5.895e-08 0 0 0 0 0
scan charginogluino 2000 800 L4DY0T2 0 5.895e-08 5.895e-08 0 0 0 0 0
scan charginogluino 2000 800 L4DY1T0STVBZV 0.000321349 6.08004e-05 5.93454e-05 2.80555e-06 1.29193e-05 0 0 1.95343e-07
scan charginogluino 2000 800 L4DY1T0STVB 0.000201248 5.01315e-05 4.83958e-05 2.38609e-06 1.28577e-05 0 0 2.00698e-11
scan charginogluino 2000 800 L4DY1T0STVAZV 0 4.39387e-08 4.39387e-08 0 0 0 0 0
scan charginogluino 2000 800 L4DY1T0STVA 0 4.39387e-08 4.39387e-08 0 0 0 0 0
scan charginogluino 2000 800 L4DY1T0ZV 0 4.39387e-08 4.39387e-08 0 0 0 0 0
scan charginogluino 2000 800 L4DY1T0 0 4.39387e-08 4.39387e-08 0 0 0 0 0
scan charginogluino 2000 800 L4DY1T1STVBZV 0.00153022 0.000164747 0.000127304 9.04197e-06 0.000103594 5.41849e-06 9.62549e-06 1.56619e-07
scan charginogluino 2000 800 L4DY1T1STVB 0.000543562 8.81329e-05 8.21622e-05 3.78923e-06 3.1257e-05 4.10367e-06 2.92789e-06 5.76633e-08
scan charginogluino 2000 800 L4DY1T1STVAZV 0 5.55786e-08 5.55786e-08 0 0 0 0 0
scan charginogluino 2000 800 L4DY1T1STVA 0 5.55786e-08 5.55786e-08 0 0 0 0 0
scan charginogluino 2000 800 L4DY1T1ZV 0 5.55786e-08 5.55786e-08 0 0 0 0 0
scan charginogluino 2000 800 L4DY1T1 0 5.55786e-08 5.55786e-08 0 0 0 0 0
scan charginogluino 2000 800 L4DY1T2STVBZV 0.000581218 7.59465e-05 7.28943e-05 2.5125e-06 1.92215e-05 2.57001e-06 8.42556e-06 9.52476e-07
scan charginogluino 2000 800 L4DY1T2STVB 0.000181126 4.43359e-05 4.32529e-05 7.71094e-07 9.18331e-06 1.34535e-06 2.80586e-06 4.95955e-07
scan charginogluino 2000 800 L4DY1T2STVAZV 0 4.81325e-08 4.81325e-08 0 0 0 0 0
scan charginogluino 2000 800 L4DY1T2STVA 0 4.81325e-08 4.81325e-08 0 0 0 0 0
scan charginogluino 2000 800 L4DY1T2ZV 0 4.81325e-08 4.81325e-08 0 0 0 0 0
scan charginogluino 2000 800 L4DY1T2 0 4.81325e-08 4.81325e-08 0 0 0 0 0
scan charginogluino 2000 800 L4DY2T0 0 3.40348e-08 3.40348e-08 0 0 0 0 0
scan charginogluino 2000 800 L4DY2T0ZV 0 3.40348e-08 3.40348e-08 0 0 0 0 0
scan charginogluino 2000 800 L4DY2T0STVAZV 0 3.40348e-08 3.40348e-08 0 0 0 0 0
scan charginogluino 2000 800 L4DY2T0STVA 0 3.40348e-08 3.40348e-08 0 0 0 0 0
scan charginogluino 2000 800 L4DY2T0STVB 0.000122567 3.54038e-05 3.41162e-05 1.6367e-06 9.3186e-06 0 0 3.11918e-11
scan charginogluino 2000 800 L4DY2T0STVBZV 0.00012059 3.55455e-05 3.53493e-05 1.2213e-06 3.52319e-06 0 0 3.90868e-13
scan charginogluino 2000 800 L3DY0T0STVB 0.00175668 0.000179401 0.000160234 1.06936e-05 7.99705e-05 0 0 1.54535e-07
scan charginogluino 2000 800 L3DY0T0STVA 0 3.93e-08 3.93e-08 0 0 0 0 0
scan charginogluino 2000 800 L3DY0T0 0 3.93e-08 3.93e-08 0 0 0 0 0
scan charginogluino 2000 800 L3DY0T1STVB 0.00620027 0.000290976 0.000244763 2.34224e-05 0.000147912 2.21405e-05 4.10988e-05 1.23363e-05
scan charginogluino 2000 800 L3DY0T1STVA 9.93601e-06 9.9396e-06 9.93615e-06 0 1.43697e-07 0 2.18924e-07 5.88478e-09
scan charginogluino 2000 800 L3DY0T1 1.6068e-07 1.69125e-07 1.68882e-07 4.89169e-10 8.31508e-09 0 3.54034e-09 4.63029e-10
scan charginogluino 2000 800 L3DY0T2STVB 0.00232091 0.000156595 0.000151909 4.87475e-06 5.11719e-06 1.55341e-05 2.76069e-05 1.98109e-05
scan charginogluino 2000 800 L3DY0T2STVA 0 5.55786e-08 5.55786e-08 0 0 0 0 0
scan charginogluino 2000 800 L3DY0T2 0 5.55786e-08 5.55786e-08 0 0 0 0 0
scan charginogluino 2000 800 L3DY1T0STVBZV 0.00247473 0.000195206 0.000150755 1.58196e-05 0.000122997 0 0 2.62513e-08
scan charginogluino 2000 800 L3DY1T0STVAZV 0 3.93e-08 3.93e-08 0 0 0 0 0
scan charginogluino 2000 800 L3DY1T0ZV 0 3.93e-08 3.93e-08 0 0 0 0 0
scan charginogluino 2000 800 L3DY1T0STVB 0.000903975 0.000115909 9.90967e-05 6.50252e-06 5.97708e-05 0 0 3.32018e-08
scan charginogluino 2000 800 L3DY1T0STVA 0 3.93e-08 3.93e-08 0 0 0 0 0
scan charginogluino 2000 800 L3DY1T0 0 3.93e-08 3.93e-08 0 0 0 0 0
scan charginogluino 2000 800 L3DY1T1STVBZV 0.00224291 0.000161451 0.000146471 1.02222e-05 6.50589e-05 8.42919e-06 1.39165e-05 3.29282e-06
scan charginogluino 2000 800 L3DY1T1STVAZV 1.82498e-06 1.82557e-06 1.82529e-06 0 2.63945e-08 1.75672e-08 0 1.08087e-09
scan charginogluino 2000 800 L3DY1T1ZV 0 3.93e-08 3.93e-08 0 0 0 0 0
scan charginogluino 2000 800 L3DY1T1STVB 0.000273151 5.21589e-05 5.02893e-05 1.39821e-06 1.35515e-05 1.57507e-06 1.73888e-06 6.63024e-07
scan charginogluino 2000 800 L3DY1T1STVA 0 3.93e-08 3.93e-08 0 0 0 0 0
scan charginogluino 2000 800 L3DY1T1 0 3.93e-08 3.93e-08 0 0 0 0 0
