model LeptonicRPV_lambda123
parameter LeptonicRPV_lambda123 1
parameter kFactorProcessWeighted true
scan charginogluino 2100 1200 LOXSEC 0.0003093
scan charginogluino 2100 1200 L4DY0T0STVB 1.88856e-06 5.51214e-07 5.23458e-07 1.32978e-08 1.72197e-07 0 0 2.12477e-13
scan charginogluino 2100 1200 L4DY0T0STVA 0 6.91616e-10 6.91616e-10 0 0 0 0 0
scan charginogluino 2100 1200 L4DY0T0 0 6.91616e-10 6.91616e-10 0 0 0 0 0
scan charginogluino 2100 1200 L4DY0T1STVB 1.65534e-05 2.18663e-06 1.8816e-06 8.27747e-08 1.10458e-06 4.30211e-08 1.09887e-07 5.56011e-09
scan charginogluino 2100 1200 L4DY0T1STVA 1.76765e-07 1.76775e-07 1.76766e-07 1.07743e-09 1.27626e-09 5.38135e-10 0 2.53039e-13
scan charginogluino 2100 1200 L4DY0T1 1.14162e-07 8.56753e-08 8.39687e-08 1.36273e-09 1.69348e-08 2.23505e-10 8.97783e-10 1.26445e-13
scan charginogluino 2100 1200 L4DY0T2STVB 3.45375e-05 3.01083e-06 2.60966e-06 1.21779e-07 1.43886e-06 2.37428e-07 3.26876e-07 7.98703e-08
scan charginogluino 2100 1200 L4DY0T2STVA 1.1874e-07 8.62955e-08 8.6212e-08 4.84678e-10 2.7989e-09 2.31643e-09 9.31948e-10 3.24259e-10
scan charginogluino 2100 1200 L4DY0T2 0 9.279e-10 9.279e-10 0 0 0 0 0
scan charginogluino 2100 1200 L4DY1T0STVBZV 1.06002e-05 1.738e-06 1.40715e-06 7.34246e-08 1.01743e-06 0 0 2.63998e-13
scan charginogluino 2100 1200 L4DY1T0STVB 5.77197e-06 1.33206e-06 1.19113e-06 5.59435e-08 5.93688e-07 0 0 7.34535e-15
scan charginogluino 2100 1200 L4DY1T0STVAZV 0 6.91616e-10 6.91616e-10 0 0 0 0 0
scan charginogluino 2100 1200 L4DY1T0STVA 1.67305e-07 1.30543e-07 1.24482e-07 8.53038e-10 3.93058e-08 0 0 2.78436e-18
scan charginogluino 2100 1200 L4DY1T0ZV 0 6.91616e-10 6.91616e-10 0 0 0 0 0
scan charginogluino 2100 1200 L4DY1T0 0 6.91616e-10 6.91616e-10 0 0 0 0 0
scan charginogluino 2100 1200 L4DY1T1STVBZV 3.79573e-05 3.40557e-06 2.91593e-06 2.19816e-07 1.71745e-06 2.09094e-07 2.31484e-07 1.64008e-09
scan charginogluino 2100 1200 L4DY1T1STVB 1.1279e-05 1.59678e-06 1.55568e-06 7.26498e-08 3.48187e-07 4.84864e-08 2.67037e-08 6.76492e-10
scan charginogluino 2100 1200 L4DY1T1STVAZV 2.13188e-07 1.57775e-07 1.52718e-07 9.88918e-10 3.95617e-08 3.77133e-10 1.96778e-09 5.10139e-13
scan charginogluino 2100 1200 L4DY1T1STVA 1.40592e-07 1.08454e-07 1.08416e-07 1.11148e-09 2.48103e-09 3.07117e-10 8.75058e-10 2.93393e-14
scan charginogluino 2100 1200 L4DY1T1ZV 0 8.74833e-10 8.74833e-10 0 0 0 0 0
scan charginogluino 2100 1200 L4DY1T1 2.59051e-08 2.73837e-08 2.5918e-08 1.75708e-10 8.81835e-09 0 5.70779e-10 2.84821e-13
scan charginogluino 2100 1200 L4DY1T2STVBZV 2.15723e-05 2.66873e-06 2.63695e-06 9.79447e-08 2.99051e-07 2.29773e-07 1.28168e-07 1.92554e-08
scan charginogluino 2100 1200 L4DY1T2STVB 3.53585e-06 1.2392e-06 1.23728e-06 5.9079e-08 2.49036e-08 2.47428e-08 5.01991e-09 4.84063e-09
scan charginogluino 2100 1200 L4DY1T2STVAZV 7.3153e-08 7.3159e-08 7.31563e-08 4.45887e-10 0 4.45887e-10 0 2.35249e-11
scan charginogluino 2100 1200 L4DY1T2STVA 1.05645e-07 1.05652e-07 1.05647e-07 7.16562e-10 0 7.16562e-10 0 2.56861e-10
scan charginogluino 2100 1200 L4DY1T2ZV 8.39384e-08 7.40427e-08 7.39635e-08 4.46011e-10 1.97528e-09 2.76008e-09 0 1.21397e-10
scan charginogluino 2100 1200 L4DY1T2 0 7.57627e-10 7.57627e-10 0 0 0 0 0
scan charginogluino 2100 1200 L4DY2T0 0 5.35723e-10 5.35723e-10 0 0 0 0 0
scan charginogluino 2100 1200 L4DY2T0ZV 0 5.35723e-10 5.35723e-10 0 0 0 0 0
scan charginogluino 2100 1200 L4DY2T0STVAZV 0 5.35723e-10 5.35723e-10 0 0 0 0 0
scan charginogluino 2100 1200 L4DY2T0STVA 4.37417e-08 4.37817e-08 4.37439e-08 1.81783e-09 0 0 0 1.23259e-15
scan charginogluino 2100 1200 L4DY2T0STVB 3.47612e-06 8.21727e-07 8.15353e-07 3.76774e-08 9.49446e-08 0 0 1.09131e-13
scan charginogluino 2100 1200 L4DY2T0STVBZV 6.41531e-06 1.25218e-06 1.20077e-06 5.10517e-08 3.51397e-07 0 0 1.80855e-13
scan charginogluino 2100 1200 L3DY0T0STVB 2.61011e-05 2.74007e-06 2.41095e-06 1.28861e-07 1.29565e-06 0 0 8.19353e-10
scan charginogluino 2100 1200 L3DY0T0STVA 8.98264e-08 5.65236e-08 5.65085e-08 4.82059e-10 1.21481e-09 0 0 2.00307e-13
scan charginogluino 2100 1200 L3DY0T0 0 6.186e-10 6.186e-10 0 0 0 0 0
scan charginogluino 2100 1200 L3DY0T1STVB 0.000132945 6.31874e-06 5.36732e-06 4.66995e-07 3.17553e-06 5.12192e-07 7.00468e-07 2.51563e-07
scan charginogluino 2100 1200 L3DY0T1STVA 8.17627e-07 2.72584e-07 2.72415e-07 4.29087e-09 5.16261e-09 3.14458e-09 5.28385e-09 2.99569e-09
scan charginogluino 2100 1200 L3DY0T1 1.14951e-07 8.59774e-08 8.46844e-08 2.21095e-09 1.45485e-08 2.26107e-10 8.96376e-10 1.8069e-09
scan charginogluino 2100 1200 L3DY0T2STVB 4.39634e-05 2.87152e-06 2.79742e-06 9.50288e-08 8.88803e-08 2.655e-07 4.39164e-07 3.73868e-07
scan charginogluino 2100 1200 L3DY0T2STVA 5.0021e-08 3.53843e-08 3.53797e-08 1.52282e-10 0 3.77519e-10 0 4.02468e-10
scan charginogluino 2100 1200 L3DY0T2 8.37245e-08 8.37553e-08 8.37285e-08 0 6.03676e-10 2.54895e-10 1.84474e-09 8.05904e-10
scan charginogluino 2100 1200 L3DY1T0STVBZV 4.57794e-05 3.54048e-06 2.77343e-06 2.86473e-07 2.18197e-06 0 0 2.46172e-09
scan charginogluino 2100 1200 L3DY1T0STVAZV 3.00727e-07 2.68532e-07 2.55279e-07 1.06101e-09 8.33141e-08 0 0 6.69182e-14
scan charginogluino 2100 1200 L3DY1T0ZV 1.72476e-07 1.34951e-07 1.2196e-07 1.05129e-09 5.7761e-08 0 0 1.31555e-13
scan charginogluino 2100 1200 L3DY1T0STVB 1.87997e-05 2.26126e-06 2.02415e-06 1.44711e-07 9.97575e-07 0 0 1.16132e-09
scan charginogluino 2100 1200 L3DY1T0STVA 1.99228e-07 1.04905e-07 1.04694e-07 1.21548e-09 6.54717e-09 0 0 2.19726e-13
scan charginogluino 2100 1200 L3DY1T0 0 6.186e-10 6.186e-10 0 0 0 0 0
scan charginogluino 2100 1200 L3DY1T1STVBZV 5.07649e-05 3.62982e-06 3.55572e-06 2.16193e-07 6.40785e-07 2.12919e-07 1.56836e-07 7.16739e-08
scan charginogluino 2100 1200 L3DY1T1STVAZV 3.55525e-07 2.43588e-07 2.43532e-07 7.01152e-11 5.1006e-09 1.08235e-09 0 2.07452e-10
scan charginogluino 2100 1200 L3DY1T1ZV 0 6.186e-10 6.186e-10 0 0 0 0 0
scan charginogluino 2100 1200 L3DY1T1STVB 6.86539e-06 1.31958e-06 1.27763e-06 3.29806e-08 3.23866e-07 5.00075e-08 1.82335e-08 1.27236e-08
scan charginogluino 2100 1200 L3DY1T1STVA 0 6.186e-10 6.186e-10 0 0 0 0 0
scan charginogluino 2100 1200 L3DY1T1 0 6.186e-10 6.186e-10 0 0 0 0 0
