model LeptonicRPV_lambda123
parameter LeptonicRPV_lambda123 1
parameter kFactorProcessWeighted true
scan charginogluino 1300 1900 LOXSEC 0.00267
scan charginogluino 1300 1900 L4DY0T0STVB 5.11611e-06 1.55596e-06 1.54257e-06 4.69488e-08 1.98209e-07 0 0 7.4662e-17
scan charginogluino 1300 1900 L4DY0T0STVA 0 5.9703e-09 5.9703e-09 0 0 0 0 0
scan charginogluino 1300 1900 L4DY0T0 0 5.9703e-09 5.9703e-09 0 0 0 0 0
scan charginogluino 1300 1900 L4DY0T1STVB 5.97956e-05 6.92936e-06 5.90946e-06 3.06286e-07 3.59594e-06 1.72156e-07 2.00138e-07 1.98704e-09
scan charginogluino 1300 1900 L4DY0T1STVA 1.21918e-06 8.62202e-07 8.62117e-07 7.43121e-09 8.79058e-09 3.72672e-09 0 1.14586e-13
scan charginogluino 1300 1900 L4DY0T1 0 7.5519e-09 7.5519e-09 0 0 0 0 0
scan charginogluino 1300 1900 L4DY0T2STVB 0.000168683 1.13216e-05 1.03627e-05 7.34509e-07 4.06463e-06 9.75877e-07 1.63477e-06 3.28459e-07
scan charginogluino 1300 1900 L4DY0T2STVA 9.65897e-07 8.6884e-07 8.68269e-07 5.57043e-09 7.49111e-10 3.09208e-08 2.28917e-09 2.97e-10
scan charginogluino 1300 1900 L4DY0T2 0 8.01e-09 8.01e-09 0 0 0 0 0
scan charginogluino 1300 1900 L4DY1T0STVBZV 3.00376e-05 6.2386e-06 5.04832e-06 3.27152e-07 3.65069e-06 0 0 3.89618e-14
scan charginogluino 1300 1900 L4DY1T0STVB 1.30733e-05 3.23689e-06 2.75417e-06 1.0548e-07 1.69732e-06 0 0 8.50468e-16
scan charginogluino 1300 1900 L4DY1T0STVAZV 4.6448e-06 3.54645e-06 3.52771e-06 6.00005e-08 3.59114e-07 0 0 8.07161e-17
scan charginogluino 1300 1900 L4DY1T0STVA 0 5.9703e-09 5.9703e-09 0 0 0 0 0
scan charginogluino 1300 1900 L4DY1T0ZV 0 5.9703e-09 5.9703e-09 0 0 0 0 0
scan charginogluino 1300 1900 L4DY1T0 0 5.9703e-09 5.9703e-09 0 0 0 0 0
scan charginogluino 1300 1900 L4DY1T1STVBZV 0.000116927 1.00579e-05 8.07845e-06 7.32284e-07 5.88207e-06 3.10747e-07 8.18035e-07 4.7882e-10
scan charginogluino 1300 1900 L4DY1T1STVB 3.51799e-05 4.69705e-06 4.29954e-06 2.33284e-07 1.8676e-06 9.78976e-08 1.55653e-07 5.53857e-10
scan charginogluino 1300 1900 L4DY1T1STVAZV 2.53667e-06 2.18689e-06 2.18531e-06 1.23559e-08 8.17687e-08 7.72397e-09 0 1.11163e-09
scan charginogluino 1300 1900 L4DY1T1STVA 9.15144e-07 8.07874e-07 8.07737e-07 5.26184e-09 1.36091e-08 2.78902e-09 0 7.90867e-13
scan charginogluino 1300 1900 L4DY1T1ZV 6.80477e-07 6.80801e-07 6.80513e-07 1.90442e-08 4.9131e-09 2.07162e-09 0 7.4817e-12
scan charginogluino 1300 1900 L4DY1T1 0 7.5519e-09 7.5519e-09 0 0 0 0 0
scan charginogluino 1300 1900 L4DY1T2STVBZV 4.27899e-05 4.76768e-06 4.67705e-06 1.63856e-07 7.25504e-07 3.08821e-07 4.54251e-07 3.20699e-08
scan charginogluino 1300 1900 L4DY1T2STVB 5.92902e-06 1.85628e-06 1.85326e-06 3.08722e-08 7.30016e-08 6.44499e-08 2.7262e-08 4.44688e-09
scan charginogluino 1300 1900 L4DY1T2STVAZV 9.60752e-08 9.67862e-08 9.62606e-08 0 9.70037e-09 1.45831e-09 2.11687e-09 8.73411e-10
scan charginogluino 1300 1900 L4DY1T2STVA 0 6.54014e-09 6.54014e-09 0 0 0 0 0
scan charginogluino 1300 1900 L4DY1T2ZV 0 6.54014e-09 6.54014e-09 0 0 0 0 0
scan charginogluino 1300 1900 L4DY1T2 0 6.54014e-09 6.54014e-09 0 0 0 0 0
scan charginogluino 1300 1900 L4DY2T0 8.81627e-07 9.07595e-07 8.81635e-07 3.13012e-08 2.13236e-07 0 0 1.25141e-11
scan charginogluino 1300 1900 L4DY2T0ZV 0 4.62458e-09 4.62458e-09 0 0 0 0 0
scan charginogluino 1300 1900 L4DY2T0STVAZV 0 4.62458e-09 4.62458e-09 0 0 0 0 0
scan charginogluino 1300 1900 L4DY2T0STVA 0 4.62458e-09 4.62458e-09 0 0 0 0 0
scan charginogluino 1300 1900 L4DY2T0STVB 5.20219e-06 1.48059e-06 1.38233e-06 5.27842e-08 5.27742e-07 0 0 1.93291e-14
scan charginogluino 1300 1900 L4DY2T0STVBZV 1.18778e-05 2.69531e-06 2.50262e-06 1.34036e-07 9.91793e-07 0 0 3.81693e-13
scan charginogluino 1300 1900 L3DY0T0STVB 7.10401e-05 7.30431e-06 6.28623e-06 4.00145e-07 3.69812e-06 0 0 8.89863e-10
scan charginogluino 1300 1900 L3DY0T0STVA 3.68992e-06 2.13203e-06 2.13038e-06 2.3344e-08 8.05092e-08 0 0 2.47965e-10
scan charginogluino 1300 1900 L3DY0T0 1.41046e-06 1.45306e-06 1.41047e-06 4.4233e-09 3.49215e-07 0 0 2.00205e-11
scan charginogluino 1300 1900 L3DY0T1STVB 0.000414162 1.86317e-05 1.5775e-05 1.38907e-06 9.51741e-06 1.25278e-06 1.96393e-06 5.92915e-07
scan charginogluino 1300 1900 L3DY0T1STVA 2.87777e-06 1.43088e-06 1.42651e-06 8.76096e-09 1.10565e-07 1.25305e-08 5.55528e-10 2.46742e-09
scan charginogluino 1300 1900 L3DY0T1 0 7.5519e-09 7.5519e-09 0 0 0 0 0
scan charginogluino 1300 1900 L3DY0T2STVB 0.000179589 4.02627e-05 4.02047e-05 2.96871e-07 3.08938e-07 1.10413e-06 8.89078e-07 1.57462e-06
scan charginogluino 1300 1900 L3DY0T2STVA 1.21003e-07 8.59077e-08 8.58532e-08 0 8.72464e-10 3.68377e-10 2.66611e-09 1.16474e-09
scan charginogluino 1300 1900 L3DY0T2 3.61174e-07 3.61263e-07 3.61243e-07 1.09954e-09 0 2.20146e-09 0 2.906e-09
scan charginogluino 1300 1900 L3DY1T0STVBZV 0.000191895 1.29387e-05 1.07005e-05 1.20951e-06 7.17259e-06 0 0 2.62999e-09
scan charginogluino 1300 1900 L3DY1T0STVAZV 4.79054e-07 4.38862e-07 4.25815e-07 1.70987e-09 1.06198e-07 0 0 1.03155e-13
scan charginogluino 1300 1900 L3DY1T0ZV 0 5.34e-09 5.34e-09 0 0 0 0 0
scan charginogluino 1300 1900 L3DY1T0STVB 4.5806e-05 5.97918e-06 5.62101e-06 2.42538e-07 2.02386e-06 0 0 6.54119e-10
scan charginogluino 1300 1900 L3DY1T0STVA 7.00064e-07 7.00111e-07 7.00079e-07 4.26839e-09 5.04782e-09 0 0 1.00215e-12
scan charginogluino 1300 1900 L3DY1T0 0 5.34e-09 5.34e-09 0 0 0 0 0
scan charginogluino 1300 1900 L3DY1T1STVBZV 0.000131398 8.6768e-06 8.51345e-06 5.02524e-07 1.42961e-06 5.03948e-07 4.88696e-07 1.3767e-07
scan charginogluino 1300 1900 L3DY1T1STVAZV 4.11885e-06 1.89267e-06 1.89235e-06 1.2937e-08 2.91134e-08 1.25874e-08 0 7.15223e-09
scan charginogluino 1300 1900 L3DY1T1ZV 0 5.34e-09 5.34e-09 0 0 0 0 0
scan charginogluino 1300 1900 L3DY1T1STVB 2.03984e-05 3.47945e-06 3.41432e-06 1.15023e-07 6.49169e-07 5.10829e-08 1.03909e-07 3.0421e-08
scan charginogluino 1300 1900 L3DY1T1STVA 3.99755e-07 3.78087e-07 3.77988e-07 2.43663e-09 0 6.83561e-11 8.31325e-09 1.28555e-10
scan charginogluino 1300 1900 L3DY1T1 6.89556e-07 6.89588e-07 6.89572e-07 4.20303e-09 0 2.09926e-09 0 2.21751e-10
