model LeptonicRPV_lambda123
parameter LeptonicRPV_lambda123 1
parameter kFactorProcessWeighted true
scan charginogluino 1400 1300 LOXSEC 0.002324
scan charginogluino 1400 1300 L4DY0T0STVB 1.10684e-05 3.0143e-06 2.94929e-06 8.88579e-08 6.16281e-07 0 0 2.98214e-13
scan charginogluino 1400 1300 L4DY0T0STVA 0 5.19662e-09 5.19662e-09 0 0 0 0 0
scan charginogluino 1400 1300 L4DY0T0 0 5.19662e-09 5.19662e-09 0 0 0 0 0
scan charginogluino 1400 1300 L4DY0T1STVB 5.17988e-05 7.53766e-06 6.94731e-06 2.56706e-07 2.88009e-06 1.91806e-07 3.91785e-07 6.10981e-11
scan charginogluino 1400 1300 L4DY0T1STVA 4.12968e-07 3.91321e-07 3.91136e-07 6.06379e-09 5.80905e-09 7.06322e-11 8.60285e-09 2.57948e-14
scan charginogluino 1400 1300 L4DY0T1 5.95704e-07 6.01278e-07 5.95735e-07 2.53709e-09 8.12131e-08 5.73422e-09 0 8.45562e-12
scan charginogluino 1400 1300 L4DY0T2STVB 0.000132567 9.78437e-06 9.29092e-06 4.58375e-07 2.40466e-06 8.26821e-07 1.63198e-06 2.7036e-07
scan charginogluino 1400 1300 L4DY0T2STVA 0 6.972e-09 6.972e-09 0 0 0 0 0
scan charginogluino 1400 1300 L4DY0T2 0 6.972e-09 6.972e-09 0 0 0 0 0
scan charginogluino 1400 1300 L4DY1T0STVBZV 2.74287e-05 4.42453e-06 3.97089e-06 1.97879e-07 1.94148e-06 0 0 6.25592e-14
scan charginogluino 1400 1300 L4DY1T0STVB 1.71641e-05 4.66414e-06 4.36729e-06 1.70935e-07 1.62844e-06 0 0 5.92714e-15
scan charginogluino 1400 1300 L4DY1T0STVAZV 0 5.19662e-09 5.19662e-09 0 0 0 0 0
scan charginogluino 1400 1300 L4DY1T0STVA 0 5.19662e-09 5.19662e-09 0 0 0 0 0
scan charginogluino 1400 1300 L4DY1T0ZV 0 5.19662e-09 5.19662e-09 0 0 0 0 0
scan charginogluino 1400 1300 L4DY1T0 0 5.19662e-09 5.19662e-09 0 0 0 0 0
scan charginogluino 1400 1300 L4DY1T1STVBZV 0.000135305 1.23679e-05 1.11582e-05 7.25695e-07 5.23694e-06 4.23755e-07 5.74229e-07 2.88949e-09
scan charginogluino 1400 1300 L4DY1T1STVB 3.48126e-05 5.74525e-06 5.24353e-06 3.10289e-07 2.3078e-06 1.66763e-07 2.51519e-07 9.90602e-10
scan charginogluino 1400 1300 L4DY1T1STVAZV 0 6.57326e-09 6.57326e-09 0 0 0 0 0
scan charginogluino 1400 1300 L4DY1T1STVA 0 6.57326e-09 6.57326e-09 0 0 0 0 0
scan charginogluino 1400 1300 L4DY1T1ZV 0 6.57326e-09 6.57326e-09 0 0 0 0 0
scan charginogluino 1400 1300 L4DY1T1 0 6.57326e-09 6.57326e-09 0 0 0 0 0
scan charginogluino 1400 1300 L4DY1T2STVBZV 6.29663e-05 1.29918e-05 1.28647e-05 4.53775e-07 3.51681e-07 2.27527e-07 1.70283e-06 7.54833e-08
scan charginogluino 1400 1300 L4DY1T2STVB 7.05043e-06 2.53871e-06 2.4899e-06 2.90018e-08 4.87315e-07 6.48439e-08 4.93706e-08 2.16937e-08
scan charginogluino 1400 1300 L4DY1T2STVAZV 9.26666e-08 9.28157e-08 9.28122e-08 5.64828e-10 0 5.64828e-10 0 2.98002e-11
scan charginogluino 1400 1300 L4DY1T2STVA 0 5.69261e-09 5.69261e-09 0 0 0 0 0
scan charginogluino 1400 1300 L4DY1T2ZV 8.43339e-08 8.45162e-08 8.44938e-08 5.14042e-10 0 2.57058e-10 1.85816e-09 2.71205e-11
scan charginogluino 1400 1300 L4DY1T2 0 5.69261e-09 5.69261e-09 0 0 0 0 0
scan charginogluino 1400 1300 L4DY2T0 0 4.02529e-09 4.02529e-09 0 0 0 0 0
scan charginogluino 1400 1300 L4DY2T0ZV 0 4.02529e-09 4.02529e-09 0 0 0 0 0
scan charginogluino 1400 1300 L4DY2T0STVAZV 0 4.02529e-09 4.02529e-09 0 0 0 0 0
scan charginogluino 1400 1300 L4DY2T0STVA 0 4.02529e-09 4.02529e-09 0 0 0 0 0
scan charginogluino 1400 1300 L4DY2T0STVB 5.7432e-06 1.67253e-06 1.65157e-06 5.2527e-08 2.58672e-07 0 0 5.6035e-13
scan charginogluino 1400 1300 L4DY2T0STVBZV 1.47799e-05 3.36983e-06 3.17905e-06 9.07574e-08 1.11407e-06 0 0 6.73085e-14
scan charginogluino 1400 1300 L3DY0T0STVB 0.000108659 1.05204e-05 9.91802e-06 8.11881e-07 3.41373e-06 0 0 5.00877e-10
scan charginogluino 1400 1300 L3DY0T0STVA 0 4.648e-09 4.648e-09 0 0 0 0 0
scan charginogluino 1400 1300 L3DY0T0 0 4.648e-09 4.648e-09 0 0 0 0 0
scan charginogluino 1400 1300 L3DY0T1STVB 0.000450605 2.16744e-05 1.88875e-05 1.60417e-06 1.01226e-05 1.45633e-06 2.29497e-06 7.81823e-07
scan charginogluino 1400 1300 L3DY0T1STVA 2.22764e-06 1.10954e-06 1.10896e-06 1.37113e-09 2.89721e-08 1.04491e-08 1.79955e-08 8.72661e-10
scan charginogluino 1400 1300 L3DY0T1 5.21998e-07 5.47343e-07 5.22034e-07 0 1.64042e-07 0 1.15014e-08 4.74544e-09
scan charginogluino 1400 1300 L3DY0T2STVB 0.000183813 1.18679e-05 1.15692e-05 3.26628e-07 5.51749e-07 1.20172e-06 1.608e-06 1.59983e-06
scan charginogluino 1400 1300 L3DY0T2STVA 9.34694e-07 7.75491e-07 7.75144e-07 5.51027e-10 5.43434e-09 2.84554e-09 2.05945e-08 8.71113e-09
scan charginogluino 1400 1300 L3DY0T2 0 6.57326e-09 6.57326e-09 0 0 0 0 0
scan charginogluino 1400 1300 L3DY1T0STVBZV 0.000230463 1.57997e-05 1.33303e-05 1.43543e-06 8.35902e-06 0 0 1.18454e-08
scan charginogluino 1400 1300 L3DY1T0STVAZV 9.28899e-08 9.29812e-08 9.29771e-08 5.66189e-10 6.69761e-10 0 0 8.7304e-15
scan charginogluino 1400 1300 L3DY1T0ZV 0 4.648e-09 4.648e-09 0 0 0 0 0
scan charginogluino 1400 1300 L3DY1T0STVB 4.76935e-05 6.20487e-06 5.96078e-06 3.6917e-07 1.68321e-06 0 0 3.84612e-09
scan charginogluino 1400 1300 L3DY1T0STVA 5.81667e-07 5.81705e-07 5.81681e-07 5.32387e-09 0 0 0 2.62187e-13
scan charginogluino 1400 1300 L3DY1T0 0 4.648e-09 4.648e-09 0 0 0 0 0
scan charginogluino 1400 1300 L3DY1T1STVBZV 0.00017298 1.21291e-05 1.18268e-05 9.21226e-07 2.38353e-06 5.56429e-07 5.97206e-07 2.10871e-07
scan charginogluino 1400 1300 L3DY1T1STVAZV 9.38835e-07 7.07945e-07 6.99674e-07 0 1.07615e-07 1.90475e-09 6.9002e-09 3.21756e-09
scan charginogluino 1400 1300 L3DY1T1ZV 0 4.648e-09 4.648e-09 0 0 0 0 0
scan charginogluino 1400 1300 L3DY1T1STVB 2.50481e-05 5.87988e-06 5.86404e-06 7.3701e-08 4.14568e-07 7.31609e-08 2.18104e-08 5.42206e-08
scan charginogluino 1400 1300 L3DY1T1STVA 5.55938e-07 4.02754e-07 3.93128e-07 0 8.74668e-08 1.90185e-09 0 2.69162e-09
scan charginogluino 1400 1300 L3DY1T1 0 4.648e-09 4.648e-09 0 0 0 0 0
