model LeptonicRPV_lambda123
parameter LeptonicRPV_lambda123 1
parameter kFactorProcessWeighted true
scan charginogluino 1300 1100 LOXSEC 0.006709
scan charginogluino 1300 1100 L4DY0T0STVB 5.57282e-05 1.8824e-05 1.87171e-05 3.26704e-07 1.97633e-06 0 0 3.93638e-13
scan charginogluino 1300 1100 L4DY0T0STVA 0 1.50018e-08 1.50018e-08 0 0 0 0 0
scan charginogluino 1300 1100 L4DY0T0 0 1.50018e-08 1.50018e-08 0 0 0 0 0
scan charginogluino 1300 1100 L4DY0T1STVB 0.000137432 1.78559e-05 1.60173e-05 7.73029e-07 7.78059e-06 4.16831e-07 9.85129e-07 4.60816e-10
scan charginogluino 1300 1100 L4DY0T1STVA 1.71183e-06 1.71226e-06 1.71192e-06 1.6478e-08 2.47567e-08 1.6478e-08 0 1.03811e-13
scan charginogluino 1300 1100 L4DY0T1 0 1.89759e-08 1.89759e-08 0 0 0 0 0
scan charginogluino 1300 1100 L4DY0T2STVB 0.000541944 4.8644e-05 4.56072e-05 1.63982e-06 1.49479e-05 3.33322e-06 6.92721e-06 9.99602e-07
scan charginogluino 1300 1100 L4DY0T2STVA 1.23622e-06 1.27697e-06 1.23637e-06 3.7635e-09 3.17509e-07 3.45973e-08 0 3.56239e-09
scan charginogluino 1300 1100 L4DY0T2 0 2.0127e-08 2.0127e-08 0 0 0 0 0
scan charginogluino 1300 1100 L4DY1T0STVBZV 9.68803e-05 1.88817e-05 1.73437e-05 8.35754e-07 7.41735e-06 0 0 2.41854e-12
scan charginogluino 1300 1100 L4DY1T0STVB 4.97616e-05 1.2673e-05 1.25787e-05 5.00501e-07 1.46055e-06 0 0 2.29511e-14
scan charginogluino 1300 1100 L4DY1T0STVAZV 0 1.50018e-08 1.50018e-08 0 0 0 0 0
scan charginogluino 1300 1100 L4DY1T0STVA 0 1.50018e-08 1.50018e-08 0 0 0 0 0
scan charginogluino 1300 1100 L4DY1T0ZV 0 1.50018e-08 1.50018e-08 0 0 0 0 0
scan charginogluino 1300 1100 L4DY1T0 0 1.50018e-08 1.50018e-08 0 0 0 0 0
scan charginogluino 1300 1100 L4DY1T1STVBZV 0.000385562 4.02019e-05 3.5959e-05 3.13219e-06 1.75523e-05 1.65967e-06 1.58017e-06 1.35399e-08
scan charginogluino 1300 1100 L4DY1T1STVB 8.44858e-05 1.50408e-05 1.36709e-05 6.64463e-07 6.20667e-06 3.28879e-07 5.10153e-07 1.59287e-10
scan charginogluino 1300 1100 L4DY1T1STVAZV 0 1.89759e-08 1.89759e-08 0 0 0 0 0
scan charginogluino 1300 1100 L4DY1T1STVA 0 1.89759e-08 1.89759e-08 0 0 0 0 0
scan charginogluino 1300 1100 L4DY1T1ZV 0 1.89759e-08 1.89759e-08 0 0 0 0 0
scan charginogluino 1300 1100 L4DY1T1 0 1.89759e-08 1.89759e-08 0 0 0 0 0
scan charginogluino 1300 1100 L4DY1T2STVBZV 0.000107831 1.40932e-05 1.40163e-05 4.60829e-07 7.25712e-07 9.09163e-07 7.56097e-07 1.5666e-07
scan charginogluino 1300 1100 L4DY1T2STVB 1.65646e-05 8.07173e-06 7.9262e-06 1.96198e-08 1.51628e-06 1.67358e-07 2.43345e-08 8.93936e-09
scan charginogluino 1300 1100 L4DY1T2STVAZV 0 1.64336e-08 1.64336e-08 0 0 0 0 0
scan charginogluino 1300 1100 L4DY1T2STVA 0 1.64336e-08 1.64336e-08 0 0 0 0 0
scan charginogluino 1300 1100 L4DY1T2ZV 0 1.64336e-08 1.64336e-08 0 0 0 0 0
scan charginogluino 1300 1100 L4DY1T2 0 1.64336e-08 1.64336e-08 0 0 0 0 0
scan charginogluino 1300 1100 L4DY2T0 0 1.16203e-08 1.16203e-08 0 0 0 0 0
scan charginogluino 1300 1100 L4DY2T0ZV 0 1.16203e-08 1.16203e-08 0 0 0 0 0
scan charginogluino 1300 1100 L4DY2T0STVAZV 1.6828e-06 1.87684e-06 1.68283e-06 1.02571e-08 8.30965e-07 0 0 4.38746e-17
scan charginogluino 1300 1100 L4DY2T0STVA 0 1.16203e-08 1.16203e-08 0 0 0 0 0
scan charginogluino 1300 1100 L4DY2T0STVB 2.39308e-05 6.96824e-06 6.65061e-06 2.34852e-07 2.06656e-06 0 0 5.57906e-15
scan charginogluino 1300 1100 L4DY2T0STVBZV 4.87979e-05 1.27357e-05 1.18191e-05 4.42279e-07 4.72354e-06 0 0 3.95705e-11
scan charginogluino 1300 1100 L3DY0T0STVB 0.000292081 3.0837e-05 2.66842e-05 1.54658e-06 1.53781e-05 0 0 2.82282e-09
scan charginogluino 1300 1100 L3DY0T0STVA 1.07458e-06 1.07476e-06 1.07464e-06 3.27141e-09 1.55407e-08 0 0 1.29721e-13
scan charginogluino 1300 1100 L3DY0T0 0 1.3418e-08 1.3418e-08 0 0 0 0 0
scan charginogluino 1300 1100 L3DY0T1STVB 0.00138913 6.96859e-05 5.72914e-05 4.91139e-06 3.82623e-05 4.06143e-06 7.86868e-06 2.69876e-06
scan charginogluino 1300 1100 L3DY0T1STVA 1.12106e-06 1.0577e-06 1.05751e-06 3.21282e-09 1.95355e-08 3.41292e-09 0 3.04369e-09
scan charginogluino 1300 1100 L3DY0T1 0 1.89759e-08 1.89759e-08 0 0 0 0 0
scan charginogluino 1300 1100 L3DY0T2STVB 0.000553467 3.49043e-05 3.38254e-05 1.10105e-06 1.38252e-06 3.74768e-06 5.86221e-06 4.75617e-06
scan charginogluino 1300 1100 L3DY0T2STVA 1.45407e-06 1.45426e-06 1.45418e-06 4.42672e-09 0 8.86297e-09 0 1.16994e-08
scan charginogluino 1300 1100 L3DY0T2 0 1.89759e-08 1.89759e-08 0 0 0 0 0
scan charginogluino 1300 1100 L3DY1T0STVBZV 0.000594005 4.29795e-05 3.77005e-05 4.15737e-06 2.02143e-05 0 0 7.84365e-08
scan charginogluino 1300 1100 L3DY1T0STVAZV 1.28545e-06 1.28557e-06 1.28551e-06 7.83525e-09 9.604e-09 0 0 1.84013e-12
scan charginogluino 1300 1100 L3DY1T0ZV 1.07394e-06 1.08695e-06 1.074e-06 4.57389e-09 1.67226e-07 0 0 1.52439e-11
scan charginogluino 1300 1100 L3DY1T0STVB 0.000183477 2.32342e-05 2.17331e-05 1.05664e-06 8.14757e-06 0 0 2.75805e-09
scan charginogluino 1300 1100 L3DY1T0STVA 0 1.3418e-08 1.3418e-08 0 0 0 0 0
scan charginogluino 1300 1100 L3DY1T0 0 1.3418e-08 1.3418e-08 0 0 0 0 0
scan charginogluino 1300 1100 L3DY1T1STVBZV 0.000536349 3.66366e-05 3.5399e-05 2.05144e-06 8.58571e-06 2.10072e-06 2.55067e-06 5.51963e-07
scan charginogluino 1300 1100 L3DY1T1STVAZV 0 1.3418e-08 1.3418e-08 0 0 0 0 0
scan charginogluino 1300 1100 L3DY1T1ZV 0 1.3418e-08 1.3418e-08 0 0 0 0 0
scan charginogluino 1300 1100 L3DY1T1STVB 0.000103007 1.91996e-05 1.90525e-05 5.20903e-07 2.22605e-06 2.96389e-07 5.19124e-07 2.05461e-07
scan charginogluino 1300 1100 L3DY1T1STVA 0 1.3418e-08 1.3418e-08 0 0 0 0 0
scan charginogluino 1300 1100 L3DY1T1 0 1.3418e-08 1.3418e-08 0 0 0 0 0
