model LeptonicRPV_lambda123
parameter LeptonicRPV_lambda123 1
parameter kFactorProcessWeighted true
scan charginogluino 1500 1800 LOXSEC 0.0006974
scan charginogluino 1500 1800 L4DY0T0STVB 5.5227e-06 1.25269e-06 1.23491e-06 3.36331e-08 2.07556e-07 0 0 1.56217e-15
scan charginogluino 1500 1800 L4DY0T0STVA 0 1.55943e-09 1.55943e-09 0 0 0 0 0
scan charginogluino 1500 1800 L4DY0T0 6.5716e-08 6.58269e-08 6.57308e-08 2.83706e-09 2.14261e-09 0 0 1.25369e-15
scan charginogluino 1500 1800 L4DY0T1STVB 1.6532e-05 1.74073e-06 1.62844e-06 9.60922e-08 5.99529e-07 4.98457e-08 8.46605e-08 1.14994e-10
scan charginogluino 1500 1800 L4DY0T1STVA 0 1.97255e-09 1.97255e-09 0 0 0 0 0
scan charginogluino 1500 1800 L4DY0T1 0 1.97255e-09 1.97255e-09 0 0 0 0 0
scan charginogluino 1500 1800 L4DY0T2STVB 3.70052e-05 2.53262e-06 2.41396e-06 1.2586e-07 6.28437e-07 2.88809e-07 3.01965e-07 4.04233e-08
scan charginogluino 1500 1800 L4DY0T2STVA 1.11996e-06 5.12283e-07 4.74276e-07 3.51314e-09 1.93201e-07 1.1739e-08 3.60419e-09 2.46138e-09
scan charginogluino 1500 1800 L4DY0T2 2.41689e-07 2.4183e-07 2.41697e-07 1.02935e-09 2.01017e-09 7.35788e-10 5.32523e-09 5.49861e-09
scan charginogluino 1500 1800 L4DY1T0STVBZV 5.51618e-06 9.65043e-07 9.08741e-07 4.02187e-08 3.22306e-07 0 0 1.27835e-14
scan charginogluino 1500 1800 L4DY1T0STVB 3.89103e-06 8.23869e-07 7.63659e-07 3.13744e-08 3.07572e-07 0 0 1.12073e-13
scan charginogluino 1500 1800 L4DY1T0STVAZV 7.14029e-09 7.30546e-09 7.27525e-09 2.17376e-11 6.63287e-10 0 0 6.47373e-20
scan charginogluino 1500 1800 L4DY1T0STVA 0 1.55943e-09 1.55943e-09 0 0 0 0 0
scan charginogluino 1500 1800 L4DY1T0ZV 0 1.55943e-09 1.55943e-09 0 0 0 0 0
scan charginogluino 1500 1800 L4DY1T0 0 1.55943e-09 1.55943e-09 0 0 0 0 0
scan charginogluino 1500 1800 L4DY1T1STVBZV 2.97875e-05 2.45522e-06 2.15143e-06 1.70099e-07 1.14941e-06 1.07423e-07 1.94558e-07 1.23122e-10
scan charginogluino 1500 1800 L4DY1T1STVB 1.09281e-05 1.56582e-06 1.48672e-06 7.39702e-08 4.8306e-07 2.84242e-08 4.26599e-08 8.2812e-11
scan charginogluino 1500 1800 L4DY1T1STVAZV 8.02561e-07 4.25676e-07 4.03431e-07 1.9345e-09 1.35547e-07 1.32737e-09 8.07639e-09 4.22048e-13
scan charginogluino 1500 1800 L4DY1T1STVA 1.89064e-07 1.37047e-07 1.36866e-07 2.12361e-09 6.07126e-09 1.78613e-10 2.87303e-09 5.45972e-13
scan charginogluino 1500 1800 L4DY1T1ZV 8.4075e-07 8.40993e-07 8.40752e-07 5.1246e-09 6.06223e-09 0 1.85246e-08 1.20354e-12
scan charginogluino 1500 1800 L4DY1T1 0 1.97255e-09 1.97255e-09 0 0 0 0 0
scan charginogluino 1500 1800 L4DY1T2STVBZV 1.97679e-05 2.1771e-06 2.13755e-06 9.93555e-08 3.69541e-07 1.18962e-07 9.89531e-08 1.66279e-08
scan charginogluino 1500 1800 L4DY1T2STVB 1.21641e-06 3.97881e-07 3.92129e-07 5.86387e-09 6.53067e-08 7.01904e-09 1.33359e-08 4.20415e-09
scan charginogluino 1500 1800 L4DY1T2STVAZV 6.71656e-07 5.84161e-07 5.83904e-07 1.67079e-08 0 3.80214e-09 2.10727e-09 1.63304e-09
scan charginogluino 1500 1800 L4DY1T2STVA 0 1.70827e-09 1.70827e-09 0 0 0 0 0
scan charginogluino 1500 1800 L4DY1T2ZV 0 1.70827e-09 1.70827e-09 0 0 0 0 0
scan charginogluino 1500 1800 L4DY1T2 0 1.70827e-09 1.70827e-09 0 0 0 0 0
scan charginogluino 1500 1800 L4DY2T0 0 1.20793e-09 1.20793e-09 0 0 0 0 0
scan charginogluino 1500 1800 L4DY2T0ZV 0 1.20793e-09 1.20793e-09 0 0 0 0 0
scan charginogluino 1500 1800 L4DY2T0STVAZV 2.05281e-07 2.05335e-07 2.05283e-07 1.25124e-09 4.43692e-09 0 0 5.35215e-18
scan charginogluino 1500 1800 L4DY2T0STVA 1.06166e-07 1.07984e-07 1.06171e-07 2.9712e-09 1.94782e-08 0 0 1.38825e-18
scan charginogluino 1500 1800 L4DY2T0STVB 2.56086e-06 7.26941e-07 6.84796e-07 1.41515e-08 2.4351e-07 0 0 3.04997e-16
scan charginogluino 1500 1800 L4DY2T0STVBZV 3.78985e-06 7.50505e-07 7.35137e-07 4.10167e-08 1.45424e-07 0 0 6.16121e-13
scan charginogluino 1500 1800 L3DY0T0STVB 2.15476e-05 2.1022e-06 1.89207e-06 1.40238e-07 9.05356e-07 0 0 6.46342e-10
scan charginogluino 1500 1800 L3DY0T0STVA 4.95081e-07 3.52548e-07 3.5228e-07 2.34811e-09 1.35493e-08 0 0 2.29744e-13
scan charginogluino 1500 1800 L3DY0T0 0 1.3948e-09 1.3948e-09 0 0 0 0 0
scan charginogluino 1500 1800 L3DY0T1STVB 0.000101164 4.54736e-06 4.04086e-06 3.32357e-07 1.96785e-06 3.40688e-07 4.80529e-07 1.41618e-07
scan charginogluino 1500 1800 L3DY0T1STVA 2.1797e-06 5.89984e-07 5.87447e-07 5.96436e-09 4.7117e-08 1.54273e-08 2.0915e-08 7.45509e-09
scan charginogluino 1500 1800 L3DY0T1 2.07205e-07 1.46535e-07 1.46528e-07 1.26298e-09 0 6.31376e-10 0 2.85212e-10
scan charginogluino 1500 1800 L3DY0T2STVB 4.50327e-05 3.16488e-06 3.11492e-06 7.24845e-08 1.53025e-07 2.78166e-07 2.25905e-07 3.95858e-07
scan charginogluino 1500 1800 L3DY0T2STVA 1.40876e-06 4.92013e-07 4.91646e-07 2.09721e-09 5.19052e-09 7.72843e-09 1.06989e-08 1.24721e-08
scan charginogluino 1500 1800 L3DY0T2 0 1.97255e-09 1.97255e-09 0 0 0 0 0
scan charginogluino 1500 1800 L3DY1T0STVBZV 4.78947e-05 3.13418e-06 2.80357e-06 2.93676e-07 1.36998e-06 0 0 8.7666e-10
scan charginogluino 1500 1800 L3DY1T0STVAZV 1.4732e-06 5.70595e-07 5.28313e-07 1.02416e-08 2.15311e-07 0 0 3.41844e-11
scan charginogluino 1500 1800 L3DY1T0ZV 0 1.3948e-09 1.3948e-09 0 0 0 0 0
scan charginogluino 1500 1800 L3DY1T0STVB 1.48482e-05 1.81748e-06 1.67605e-06 1.10116e-07 6.94253e-07 0 0 1.0098e-10
scan charginogluino 1500 1800 L3DY1T0STVA 2.86551e-07 1.65563e-07 1.65445e-07 6.26914e-09 0 0 0 9.8456e-13
scan charginogluino 1500 1800 L3DY1T0 0 1.3948e-09 1.3948e-09 0 0 0 0 0
scan charginogluino 1500 1800 L3DY1T1STVBZV 4.25365e-05 2.96317e-06 2.76518e-06 1.66164e-07 1.02531e-06 1.19033e-07 1.96846e-07 4.87224e-08
scan charginogluino 1500 1800 L3DY1T1STVAZV 8.57691e-07 3.95765e-07 3.95608e-07 2.49235e-09 9.83012e-09 3.87189e-09 0 2.59332e-09
scan charginogluino 1500 1800 L3DY1T1ZV 2.57292e-07 1.92849e-07 1.92768e-07 1.71306e-09 5.94319e-10 2.38463e-10 3.94334e-09 3.5287e-09
scan charginogluino 1500 1800 L3DY1T1STVB 5.97949e-06 1.0923e-06 1.07134e-06 4.88118e-08 2.04388e-07 1.41087e-08 2.97037e-08 1.09866e-08
scan charginogluino 1500 1800 L3DY1T1STVA 1.66273e-07 1.67108e-07 1.59375e-07 0 5.01212e-08 2.14849e-11 3.50807e-09 9.84783e-11
scan charginogluino 1500 1800 L3DY1T1 0 1.3948e-09 1.3948e-09 0 0 0 0 0
