model LeptonicRPV_lambda123
parameter LeptonicRPV_lambda123 1
parameter kFactorProcessWeighted true
scan charginogluino 1600 2200 LOXSEC 0.0002901
scan charginogluino 1600 2200 L4DY0T0STVB 1.2159e-06 2.97171e-07 2.90629e-07 9.19516e-09 6.13278e-08 0 0 1.48367e-17
scan charginogluino 1600 2200 L4DY0T0STVA 0 6.48683e-10 6.48683e-10 0 0 0 0 0
scan charginogluino 1600 2200 L4DY0T0 0 6.48683e-10 6.48683e-10 0 0 0 0 0
scan charginogluino 1600 2200 L4DY0T1STVB 8.59653e-06 8.69929e-07 8.02399e-07 3.97857e-08 3.30415e-07 3.90332e-08 2.55032e-08 3.66333e-11
scan charginogluino 1600 2200 L4DY0T1STVA 2.10377e-07 1.3168e-07 1.25697e-07 1.38486e-09 3.92053e-08 9.71125e-10 0 1.49952e-13
scan charginogluino 1600 2200 L4DY0T1 0 8.20527e-10 8.20527e-10 0 0 0 0 0
scan charginogluino 1600 2200 L4DY0T2STVB 1.58875e-05 1.0763e-06 1.02381e-06 5.14894e-08 2.4804e-07 9.28164e-08 1.92408e-07 2.05467e-08
scan charginogluino 1600 2200 L4DY0T2STVA 5.43029e-07 1.80022e-07 1.79704e-07 2.87108e-09 4.00911e-09 2.16944e-09 8.32788e-09 3.9992e-09
scan charginogluino 1600 2200 L4DY0T2 2.76783e-08 2.76985e-08 2.76905e-08 8.42627e-11 2.06793e-10 1.17881e-10 6.09848e-10 7.97599e-11
scan charginogluino 1600 2200 L4DY1T0STVBZV 8.31421e-06 8.32156e-07 7.70367e-07 5.85582e-08 3.09174e-07 0 0 1.29017e-15
scan charginogluino 1600 2200 L4DY1T0STVB 2.01453e-06 3.63649e-07 3.47666e-07 1.644e-08 1.05352e-07 0 0 1.27192e-11
scan charginogluino 1600 2200 L4DY1T0STVAZV 8.7187e-08 8.71948e-08 8.71889e-08 7.98001e-10 6.28641e-10 0 0 2.81798e-19
scan charginogluino 1600 2200 L4DY1T0STVA 9.18573e-08 9.61201e-08 9.18591e-08 2.58137e-09 2.81837e-08 0 0 7.74388e-19
scan charginogluino 1600 2200 L4DY1T0ZV 4.57214e-08 4.59223e-08 4.57251e-08 1.39192e-10 4.24879e-09 0 0 4.14532e-19
scan charginogluino 1600 2200 L4DY1T0 0 6.48683e-10 6.48683e-10 0 0 0 0 0
scan charginogluino 1600 2200 L4DY1T1STVBZV 1.63046e-05 1.21998e-06 1.06518e-06 1.12535e-07 5.79389e-07 5.06433e-08 5.31124e-08 5.26235e-10
scan charginogluino 1600 2200 L4DY1T1STVB 3.8207e-06 5.30313e-07 4.87423e-07 2.54436e-08 2.06795e-07 1.15904e-08 1.0244e-08 2.81549e-11
scan charginogluino 1600 2200 L4DY1T1STVAZV 7.12963e-07 2.11266e-07 2.08252e-07 3.96043e-09 3.51266e-08 3.82796e-09 0 3.90825e-13
scan charginogluino 1600 2200 L4DY1T1STVA 2.22616e-07 1.65769e-07 1.65161e-07 3.22518e-09 1.37872e-08 6.77722e-10 0 5.11621e-13
scan charginogluino 1600 2200 L4DY1T1ZV 4.13367e-08 4.15321e-08 4.13438e-08 8.45726e-10 3.80749e-09 6.27443e-10 0 5.86747e-13
scan charginogluino 1600 2200 L4DY1T1 1.03344e-07 1.04274e-07 1.03346e-07 3.14625e-10 1.36858e-08 0 2.27701e-09 1.90857e-13
scan charginogluino 1600 2200 L4DY1T2STVBZV 7.17858e-06 7.13473e-07 7.011e-07 2.62633e-08 1.09135e-07 3.83188e-08 5.82271e-08 6.53763e-09
scan charginogluino 1600 2200 L4DY1T2STVB 2.24572e-07 8.97805e-08 8.80847e-08 5.60684e-10 1.73026e-08 1.31442e-09 4.09393e-10 1.54494e-10
scan charginogluino 1600 2200 L4DY1T2STVAZV 1.65308e-07 1.16902e-07 1.16892e-07 1.0076e-09 0 1.05504e-09 0 5.31607e-11
scan charginogluino 1600 2200 L4DY1T2STVA 6.40307e-08 6.1423e-08 6.14063e-08 3.90399e-10 0 2.27201e-10 1.35164e-09 1.50015e-10
scan charginogluino 1600 2200 L4DY1T2ZV 0 7.10597e-10 7.10597e-10 0 0 0 0 0
scan charginogluino 1600 2200 L4DY1T2 0 7.10597e-10 7.10597e-10 0 0 0 0 0
scan charginogluino 1600 2200 L4DY2T0 0 5.02468e-10 5.02468e-10 0 0 0 0 0
scan charginogluino 1600 2200 L4DY2T0ZV 0 5.02468e-10 5.02468e-10 0 0 0 0 0
scan charginogluino 1600 2200 L4DY2T0STVAZV 2.23318e-07 1.11724e-07 1.1166e-07 1.7294e-09 3.3584e-09 0 0 1.30602e-17
scan charginogluino 1600 2200 L4DY2T0STVA 0 5.02468e-10 5.02468e-10 0 0 0 0 0
scan charginogluino 1600 2200 L4DY2T0STVB 2.02148e-06 3.86461e-07 3.63782e-07 1.91456e-08 1.29029e-07 0 0 7.29936e-14
scan charginogluino 1600 2200 L4DY2T0STVBZV 2.30023e-06 3.61428e-07 3.39463e-07 1.71786e-08 1.2288e-07 0 0 8.35814e-17
scan charginogluino 1600 2200 L3DY0T0STVB 1.13488e-05 1.03122e-06 9.19539e-07 5.38394e-08 4.63649e-07 0 0 1.97355e-11
scan charginogluino 1600 2200 L3DY0T0STVA 5.84743e-07 2.11878e-07 1.98423e-07 4.00906e-09 7.41928e-08 0 0 1.22194e-12
scan charginogluino 1600 2200 L3DY0T0 2.9508e-09 3.21457e-09 2.99328e-09 8.9833e-12 1.17204e-09 0 0 5.4496e-15
scan charginogluino 1600 2200 L3DY0T1STVB 4.10615e-05 1.93236e-06 1.68132e-06 1.36587e-07 9.12208e-07 1.26487e-07 1.94108e-07 5.22699e-08
scan charginogluino 1600 2200 L3DY0T1STVA 2.67859e-06 4.6981e-07 4.68693e-07 1.08735e-08 2.73499e-08 1.10272e-08 6.75598e-09 3.91643e-09
scan charginogluino 1600 2200 L3DY0T1 6.24111e-07 2.05368e-07 2.0103e-07 2.37331e-09 4.13492e-08 3.776e-09 3.9333e-09 4.23835e-09
scan charginogluino 1600 2200 L3DY0T2STVB 1.38166e-05 9.20346e-07 9.02042e-07 2.69921e-08 3.56934e-08 9.22128e-08 9.32342e-08 1.18988e-07
scan charginogluino 1600 2200 L3DY0T2STVA 5.96284e-07 2.09805e-07 2.0965e-07 1.37565e-09 1.04129e-09 4.29819e-09 4.2754e-09 5.02582e-09
scan charginogluino 1600 2200 L3DY0T2 2.17654e-08 2.18059e-08 2.17789e-08 6.62617e-11 0 0 1.06721e-09 1.75124e-10
scan charginogluino 1600 2200 L3DY1T0STVBZV 2.01857e-05 1.47023e-06 1.17022e-06 1.12988e-07 8.82835e-07 0 0 5.3691e-10
scan charginogluino 1600 2200 L3DY1T0STVAZV 1.38437e-06 3.78274e-07 3.22425e-07 1.37987e-08 1.97339e-07 0 0 3.11232e-11
scan charginogluino 1600 2200 L3DY1T0ZV 0 5.802e-10 5.802e-10 0 0 0 0 0
scan charginogluino 1600 2200 L3DY1T0STVB 5.38732e-06 6.7221e-07 6.22086e-07 4.18945e-08 2.51236e-07 0 0 5.74104e-11
scan charginogluino 1600 2200 L3DY1T0STVA 1.61117e-07 1.11881e-07 1.11872e-07 1.46561e-09 2.13655e-11 0 0 7.34273e-14
scan charginogluino 1600 2200 L3DY1T0 9.68335e-08 9.73472e-08 9.68348e-08 1.98116e-09 9.77692e-09 0 0 1.37449e-12
scan charginogluino 1600 2200 L3DY1T1STVBZV 1.45364e-05 1.0379e-06 9.76715e-07 5.24374e-08 3.35886e-07 4.02926e-08 7.70732e-08 1.10854e-08
scan charginogluino 1600 2200 L3DY1T1STVAZV 7.50863e-07 2.36408e-07 2.3462e-07 2.95783e-09 2.61828e-08 7.00088e-10 1.21172e-08 7.24066e-10
scan charginogluino 1600 2200 L3DY1T1ZV 2.40485e-07 1.22834e-07 1.2143e-07 1.9901e-09 1.8095e-08 3.21515e-09 0 1.08277e-09
scan charginogluino 1600 2200 L3DY1T1STVB 1.05107e-06 2.30493e-07 2.25402e-07 5.47694e-09 4.75595e-08 3.13735e-09 4.24958e-09 9.71685e-10
scan charginogluino 1600 2200 L3DY1T1STVA 0 5.802e-10 5.802e-10 0 0 0 0 0
scan charginogluino 1600 2200 L3DY1T1 0 5.802e-10 5.802e-10 0 0 0 0 0
