model LeptonicRPV_lambda123
parameter LeptonicRPV_lambda123 1
parameter kFactorProcessWeighted true
scan charginogluino 1900 800 LOXSEC 0.0198
scan charginogluino 1900 800 L4DY0T0STVB 9.94722e-05 3.12585e-05 3.00506e-05 8.44501e-07 8.56413e-06 0 0 2.40874e-15
scan charginogluino 1900 800 L4DY0T0STVA 0 4.42741e-08 4.42741e-08 0 0 0 0 0
scan charginogluino 1900 800 L4DY0T0 0 4.42741e-08 4.42741e-08 0 0 0 0 0
scan charginogluino 1900 800 L4DY0T1STVB 0.000764408 0.000111018 9.35948e-05 4.18996e-06 5.9453e-05 2.74642e-06 2.28922e-06 3.70224e-08
scan charginogluino 1900 800 L4DY0T1STVA 0 5.60029e-08 5.60029e-08 0 0 0 0 0
scan charginogluino 1900 800 L4DY0T1 0 5.60029e-08 5.60029e-08 0 0 0 0 0
scan charginogluino 1900 800 L4DY0T2STVB 0.00166691 0.00012793 0.00012052 5.55724e-06 3.41158e-05 1.35066e-05 2.13828e-05 2.59181e-06
scan charginogluino 1900 800 L4DY0T2STVA 0 5.94e-08 5.94e-08 0 0 0 0 0
scan charginogluino 1900 800 L4DY0T2 0 5.94e-08 5.94e-08 0 0 0 0 0
scan charginogluino 1900 800 L4DY1T0STVBZV 0.000437852 7.46873e-05 6.69544e-05 3.96626e-06 3.28568e-05 0 0 3.07179e-11
scan charginogluino 1900 800 L4DY1T0STVB 0.000174606 4.74348e-05 4.0107e-05 1.47879e-06 2.52844e-05 0 0 7.77086e-14
scan charginogluino 1900 800 L4DY1T0STVAZV 0 4.42741e-08 4.42741e-08 0 0 0 0 0
scan charginogluino 1900 800 L4DY1T0STVA 0 4.42741e-08 4.42741e-08 0 0 0 0 0
scan charginogluino 1900 800 L4DY1T0ZV 0 4.42741e-08 4.42741e-08 0 0 0 0 0
scan charginogluino 1900 800 L4DY1T0 0 4.42741e-08 4.42741e-08 0 0 0 0 0
scan charginogluino 1900 800 L4DY1T1STVBZV 0.00163222 0.000152338 0.000134375 1.13497e-05 6.98855e-05 4.51968e-06 1.08203e-05 5.53079e-08
scan charginogluino 1900 800 L4DY1T1STVB 0.000483178 7.10952e-05 6.36945e-05 3.75833e-06 3.1207e-05 2.24228e-06 2.12123e-06 6.02441e-08
scan charginogluino 1900 800 L4DY1T1STVAZV 0 5.60029e-08 5.60029e-08 0 0 0 0 0
scan charginogluino 1900 800 L4DY1T1STVA 0 5.60029e-08 5.60029e-08 0 0 0 0 0
scan charginogluino 1900 800 L4DY1T1ZV 0 5.60029e-08 5.60029e-08 0 0 0 0 0
scan charginogluino 1900 800 L4DY1T1 3.47636e-06 3.56735e-06 3.47675e-06 0 7.95185e-07 0 7.65961e-08 5.41911e-12
scan charginogluino 1900 800 L4DY1T2STVBZV 0.000446919 6.33222e-05 6.16192e-05 2.87399e-06 1.22704e-05 5.21442e-06 5.1544e-06 4.39859e-07
scan charginogluino 1900 800 L4DY1T2STVB 0.000201002 5.14104e-05 5.06928e-05 1.14106e-06 7.69792e-06 1.19544e-06 3.32469e-06 4.67655e-07
scan charginogluino 1900 800 L4DY1T2STVAZV 3.75652e-07 3.96322e-07 3.78252e-07 0 1.18014e-07 1.14362e-09 8.27689e-09 2.22486e-10
scan charginogluino 1900 800 L4DY1T2STVA 0 4.84999e-08 4.84999e-08 0 0 0 0 0
scan charginogluino 1900 800 L4DY1T2ZV 0 4.84999e-08 4.84999e-08 0 0 0 0 0
scan charginogluino 1900 800 L4DY1T2 0 4.84999e-08 4.84999e-08 0 0 0 0 0
scan charginogluino 1900 800 L4DY2T0 0 3.42946e-08 3.42946e-08 0 0 0 0 0
scan charginogluino 1900 800 L4DY2T0ZV 0 3.42946e-08 3.42946e-08 0 0 0 0 0
scan charginogluino 1900 800 L4DY2T0STVAZV 0 3.42946e-08 3.42946e-08 0 0 0 0 0
scan charginogluino 1900 800 L4DY2T0STVA 0 3.42946e-08 3.42946e-08 0 0 0 0 0
scan charginogluino 1900 800 L4DY2T0STVB 0.000121954 4.35367e-05 4.09505e-05 1.67506e-06 1.46867e-05 0 0 4.00757e-13
scan charginogluino 1900 800 L4DY2T0STVBZV 0.000129435 3.78438e-05 3.64583e-05 1.15857e-06 1.00797e-05 0 0 2.69562e-14
scan charginogluino 1900 800 L3DY0T0STVB 0.00117842 0.000128957 0.000108358 8.54781e-06 6.93925e-05 0 0 1.2144e-08
scan charginogluino 1900 800 L3DY0T0STVA 1.82286e-05 1.32504e-05 1.28896e-05 1.67686e-07 3.06645e-06 0 0 1.96267e-11
scan charginogluino 1900 800 L3DY0T0 0 3.96e-08 3.96e-08 0 0 0 0 0
scan charginogluino 1900 800 L3DY0T1STVB 0.00688779 0.000322536 0.000272015 2.29264e-05 0.000164283 2.19926e-05 4.21324e-05 1.6229e-05
scan charginogluino 1900 800 L3DY0T1STVA 1.16385e-05 8.23075e-06 8.22983e-06 3.54318e-08 1.06863e-07 3.54318e-08 0 3.35384e-08
scan charginogluino 1900 800 L3DY0T1 0 5.60029e-08 5.60029e-08 0 0 0 0 0
scan charginogluino 1900 800 L3DY0T2STVB 0.00173647 0.000125066 0.000122332 3.31425e-06 4.67097e-06 1.33412e-05 1.55215e-05 1.4995e-05
scan charginogluino 1900 800 L3DY0T2STVA 0 5.60029e-08 5.60029e-08 0 0 0 0 0
scan charginogluino 1900 800 L3DY0T2 0 5.60029e-08 5.60029e-08 0 0 0 0 0
scan charginogluino 1900 800 L3DY1T0STVBZV 0.00301786 0.000219448 0.000178968 1.97542e-05 0.000125449 0 0 3.68199e-07
scan charginogluino 1900 800 L3DY1T0STVAZV 1.11452e-05 1.15709e-05 1.11452e-05 0 3.10948e-06 0 0 1.13373e-12
scan charginogluino 1900 800 L3DY1T0ZV 0 3.96e-08 3.96e-08 0 0 0 0 0
scan charginogluino 1900 800 L3DY1T0STVB 0.000784238 9.75626e-05 8.6357e-05 5.7313e-06 4.50344e-05 0 0 3.69094e-08
scan charginogluino 1900 800 L3DY1T0STVA 4.20578e-07 4.21991e-07 4.21974e-07 3.84944e-09 0 0 0 1.89576e-13
scan charginogluino 1900 800 L3DY1T0 0 3.96e-08 3.96e-08 0 0 0 0 0
scan charginogluino 1900 800 L3DY1T1STVBZV 0.00253253 0.00019133 0.000186035 1.19445e-05 3.73453e-05 6.59309e-06 2.01087e-05 3.61516e-06
scan charginogluino 1900 800 L3DY1T1STVAZV 4.14241e-06 4.143e-06 4.14255e-06 0 5.99084e-08 1.2611e-08 0 2.45341e-09
scan charginogluino 1900 800 L3DY1T1ZV 0 3.96e-08 3.96e-08 0 0 0 0 0
scan charginogluino 1900 800 L3DY1T1STVB 0.000449953 8.41404e-05 8.17463e-05 2.2688e-06 1.95732e-05 1.06015e-06 2.34082e-06 1.51575e-06
scan charginogluino 1900 800 L3DY1T1STVA 0 3.96e-08 3.96e-08 0 0 0 0 0
scan charginogluino 1900 800 L3DY1T1 0 3.96e-08 3.96e-08 0 0 0 0 0
