model LeptonicRPV_lambda123
parameter LeptonicRPV_lambda123 1
parameter kFactorProcessWeighted true
scan charginogluino 1600 1000 LOXSEC 0.003289
scan charginogluino 1600 1000 L4DY0T0STVB 1.95393e-05 6.26647e-06 5.58895e-06 1.39316e-07 2.8307e-06 0 0 2.40524e-12
scan charginogluino 1600 1000 L4DY0T0STVA 0 7.35443e-09 7.35443e-09 0 0 0 0 0
scan charginogluino 1600 1000 L4DY0T0 0 7.35443e-09 7.35443e-09 0 0 0 0 0
scan charginogluino 1600 1000 L4DY0T1STVB 0.000149213 2.00319e-05 1.72862e-05 8.13296e-07 1.0023e-05 4.81004e-07 1.05381e-06 4.80987e-10
scan charginogluino 1600 1000 L4DY0T1STVA 0 9.3027e-09 9.3027e-09 0 0 0 0 0
scan charginogluino 1600 1000 L4DY0T1 0 9.3027e-09 9.3027e-09 0 0 0 0 0
scan charginogluino 1600 1000 L4DY0T2STVB 0.000300114 2.47179e-05 2.22473e-05 1.16509e-06 1.00021e-05 2.24562e-06 3.00578e-06 7.43046e-07
scan charginogluino 1600 1000 L4DY0T2STVA 1.41734e-07 1.21635e-07 1.18522e-07 4.31492e-10 2.72045e-08 8.29537e-10 2.53783e-09 4.08432e-10
scan charginogluino 1600 1000 L4DY0T2 0 9.867e-09 9.867e-09 0 0 0 0 0
scan charginogluino 1600 1000 L4DY1T0STVBZV 0.000118795 2.14238e-05 1.84761e-05 1.07571e-06 1.07916e-05 0 0 5.41414e-12
scan charginogluino 1600 1000 L4DY1T0STVB 2.70363e-05 7.05076e-06 6.41668e-06 2.38105e-07 2.91251e-06 0 0 2.36253e-12
scan charginogluino 1600 1000 L4DY1T0STVAZV 3.80599e-06 3.68135e-06 3.68083e-06 2.3588e-08 5.6903e-08 0 0 1.02203e-16
scan charginogluino 1600 1000 L4DY1T0STVA 0 7.35443e-09 7.35443e-09 0 0 0 0 0
scan charginogluino 1600 1000 L4DY1T0ZV 0 7.35443e-09 7.35443e-09 0 0 0 0 0
scan charginogluino 1600 1000 L4DY1T0 0 7.35443e-09 7.35443e-09 0 0 0 0 0
scan charginogluino 1600 1000 L4DY1T1STVBZV 0.000210295 1.98564e-05 1.85084e-05 1.23764e-06 6.91571e-06 7.07567e-07 1.36282e-06 2.7091e-09
scan charginogluino 1600 1000 L4DY1T1STVB 7.80907e-05 1.32421e-05 1.25417e-05 7.54426e-07 4.14414e-06 5.12894e-07 2.26555e-07 4.47444e-09
scan charginogluino 1600 1000 L4DY1T1STVAZV 9.40198e-07 9.40325e-07 9.40238e-07 5.73076e-09 7.0245e-09 9.05031e-09 0 1.3459e-12
scan charginogluino 1600 1000 L4DY1T1STVA 2.58386e-08 2.79311e-08 2.72645e-08 7.86619e-11 6.03852e-09 0 5.69312e-10 4.77192e-14
scan charginogluino 1600 1000 L4DY1T1ZV 0 9.3027e-09 9.3027e-09 0 0 0 0 0
scan charginogluino 1600 1000 L4DY1T1 0 9.3027e-09 9.3027e-09 0 0 0 0 0
scan charginogluino 1600 1000 L4DY1T2STVBZV 0.000135012 1.77027e-05 1.74882e-05 5.55524e-07 2.03845e-06 9.72751e-07 1.45355e-06 1.56222e-07
scan charginogluino 1600 1000 L4DY1T2STVB 1.50888e-05 6.33155e-06 6.06607e-06 1.54661e-08 1.8052e-06 1.00566e-07 1.48721e-07 1.12398e-08
scan charginogluino 1600 1000 L4DY1T2STVAZV 6.55056e-07 6.55979e-07 6.55097e-07 9.864e-09 0 0 3.21191e-08 5.27056e-09
scan charginogluino 1600 1000 L4DY1T2STVA 0 8.05637e-09 8.05637e-09 0 0 0 0 0
scan charginogluino 1600 1000 L4DY1T2ZV 0 8.05637e-09 8.05637e-09 0 0 0 0 0
scan charginogluino 1600 1000 L4DY1T2 0 8.05637e-09 8.05637e-09 0 0 0 0 0
scan charginogluino 1600 1000 L4DY2T0 0 5.69672e-09 5.69672e-09 0 0 0 0 0
scan charginogluino 1600 1000 L4DY2T0ZV 0 5.69672e-09 5.69672e-09 0 0 0 0 0
scan charginogluino 1600 1000 L4DY2T0STVAZV 0 5.69672e-09 5.69672e-09 0 0 0 0 0
scan charginogluino 1600 1000 L4DY2T0STVA 0 5.69672e-09 5.69672e-09 0 0 0 0 0
scan charginogluino 1600 1000 L4DY2T0STVB 1.42718e-05 4.44724e-06 4.35261e-06 9.56812e-08 9.07473e-07 0 0 1.24063e-13
scan charginogluino 1600 1000 L4DY2T0STVBZV 4.3426e-05 9.40305e-06 8.48706e-06 3.85685e-07 4.02969e-06 0 0 4.3941e-12
scan charginogluino 1600 1000 L3DY0T0STVB 0.000273756 2.79734e-05 2.58523e-05 1.67807e-06 1.05523e-05 0 0 5.26688e-09
scan charginogluino 1600 1000 L3DY0T0STVA 2.91546e-07 3.0108e-07 2.91602e-07 3.19511e-09 7.48801e-08 0 0 3.20549e-12
scan charginogluino 1600 1000 L3DY0T0 0 6.578e-09 6.578e-09 0 0 0 0 0
scan charginogluino 1600 1000 L3DY0T1STVB 0.00123512 6.24059e-05 4.88419e-05 4.58877e-06 3.73623e-05 4.70157e-06 7.85562e-06 2.85515e-06
scan charginogluino 1600 1000 L3DY0T1STVA 3.12979e-06 1.59399e-06 1.59344e-06 1.28247e-08 1.02607e-08 4.30096e-09 3.83352e-08 1.1156e-09
scan charginogluino 1600 1000 L3DY0T1 0 9.3027e-09 9.3027e-09 0 0 0 0 0
scan charginogluino 1600 1000 L3DY0T2STVB 0.000352622 2.44547e-05 2.38794e-05 6.47808e-07 9.74843e-07 2.5477e-06 3.26133e-06 3.05076e-06
scan charginogluino 1600 1000 L3DY0T2STVA 5.79057e-07 4.09593e-07 4.09548e-07 1.76286e-09 0 3.5375e-09 0 4.65908e-09
scan charginogluino 1600 1000 L3DY0T2 0 9.3027e-09 9.3027e-09 0 0 0 0 0
scan charginogluino 1600 1000 L3DY1T0STVBZV 0.000528583 4.13772e-05 3.18082e-05 3.40491e-06 2.62433e-05 0 0 3.35811e-08
scan charginogluino 1600 1000 L3DY1T0STVAZV 7.66952e-07 5.4244e-07 5.42347e-07 7.48132e-09 6.68379e-09 0 0 4.49307e-12
scan charginogluino 1600 1000 L3DY1T0ZV 2.91896e-06 2.06561e-06 2.06402e-06 8.10288e-08 0 0 0 2.9202e-10
scan charginogluino 1600 1000 L3DY1T0STVB 0.000120044 1.74582e-05 1.53588e-05 7.23024e-07 8.26871e-06 0 0 7.53377e-09
scan charginogluino 1600 1000 L3DY1T0STVA 1.27698e-07 1.27831e-07 1.27825e-07 7.78355e-10 9.20737e-10 0 0 1.20019e-14
scan charginogluino 1600 1000 L3DY1T0 0 6.578e-09 6.578e-09 0 0 0 0 0
scan charginogluino 1600 1000 L3DY1T1STVBZV 0.000342458 2.43534e-05 2.34738e-05 1.49797e-06 5.98399e-06 1.07858e-06 1.63547e-06 4.25029e-07
scan charginogluino 1600 1000 L3DY1T1STVAZV 3.08489e-07 3.08696e-07 3.08541e-07 0 4.50204e-09 8.66915e-09 0 1.82708e-10
scan charginogluino 1600 1000 L3DY1T1ZV 0 6.578e-09 6.578e-09 0 0 0 0 0
scan charginogluino 1600 1000 L3DY1T1STVB 6.41474e-05 1.32857e-05 1.23315e-05 2.84414e-07 4.90876e-06 1.36794e-07 4.6172e-07 1.9037e-07
scan charginogluino 1600 1000 L3DY1T1STVA 0 6.578e-09 6.578e-09 0 0 0 0 0
scan charginogluino 1600 1000 L3DY1T1 0 6.578e-09 6.578e-09 0 0 0 0 0
