model LeptonicRPV_lambda123
parameter LeptonicRPV_lambda123 1
parameter kFactorProcessWeighted true
scan charginogluino 2200 1300 LOXSEC 0.0001252
scan charginogluino 2200 1300 L4DY0T0STVB 1.52332e-06 3.64867e-07 3.33518e-07 1.38857e-08 1.47313e-07 0 0 6.81378e-13
scan charginogluino 2200 1300 L4DY0T0STVA 0 2.79956e-10 2.79956e-10 0 0 0 0 0
scan charginogluino 2200 1300 L4DY0T0 0 2.79956e-10 2.79956e-10 0 0 0 0 0
scan charginogluino 2200 1300 L4DY0T1STVB 5.87827e-06 7.73102e-07 6.35504e-07 3.55784e-08 4.35985e-07 1.34846e-08 4.78644e-08 1.99241e-10
scan charginogluino 2200 1300 L4DY0T1STVA 8.05152e-08 4.02673e-08 4.0259e-08 5.01113e-10 5.88039e-10 2.74025e-10 0 2.5391e-13
scan charginogluino 2200 1300 L4DY0T1 0 3.54119e-10 3.54119e-10 0 0 0 0 0
scan charginogluino 2200 1300 L4DY0T2STVB 1.65275e-05 1.3486e-06 1.22068e-06 4.88167e-08 5.37093e-07 1.02456e-07 1.62604e-07 2.94357e-08
scan charginogluino 2200 1300 L4DY0T2STVA 1.99552e-07 9.07765e-08 9.06575e-08 7.7822e-10 4.03664e-09 1.66516e-09 1.38226e-09 1.46556e-10
scan charginogluino 2200 1300 L4DY0T2 0 3.756e-10 3.756e-10 0 0 0 0 0
scan charginogluino 2200 1300 L4DY1T0STVBZV 3.88346e-06 5.26484e-07 4.68289e-07 2.52866e-08 2.39272e-07 0 0 2.37015e-16
scan charginogluino 2200 1300 L4DY1T0STVB 2.75099e-06 5.32342e-07 5.13071e-07 2.54426e-08 1.39639e-07 0 0 8.0993e-16
scan charginogluino 2200 1300 L4DY1T0STVAZV 1.08647e-07 5.56074e-08 5.53877e-08 1.06242e-09 4.82161e-09 0 0 2.1619e-17
scan charginogluino 2200 1300 L4DY1T0STVA 3.11489e-08 3.1152e-08 3.11499e-08 2.8606e-10 2.24642e-10 0 0 1.18272e-17
scan charginogluino 2200 1300 L4DY1T0ZV 0 2.79956e-10 2.79956e-10 0 0 0 0 0
scan charginogluino 2200 1300 L4DY1T0 0 2.79956e-10 2.79956e-10 0 0 0 0 0
scan charginogluino 2200 1300 L4DY1T1STVBZV 1.60937e-05 1.42827e-06 1.17435e-06 9.05936e-08 8.00319e-07 5.00131e-08 9.81736e-08 1.25218e-09
scan charginogluino 2200 1300 L4DY1T1STVB 5.10089e-06 1.05108e-06 1.03487e-06 3.18855e-08 1.76672e-07 1.11061e-08 3.81867e-08 1.34136e-10
scan charginogluino 2200 1300 L4DY1T1STVAZV 3.54417e-08 3.13492e-08 3.12239e-08 4.82715e-10 2.75291e-09 1.31554e-10 1.00318e-10 1.83028e-11
scan charginogluino 2200 1300 L4DY1T1STVA 3.96714e-08 2.84343e-08 2.81364e-08 1.20774e-10 4.05847e-09 3.7461e-10 4.70667e-10 7.32659e-14
scan charginogluino 2200 1300 L4DY1T1ZV 7.58811e-08 4.59168e-08 4.48378e-08 6.28469e-10 9.8299e-09 1.00718e-10 9.42982e-10 4.42784e-13
scan charginogluino 2200 1300 L4DY1T1 3.65779e-08 3.58175e-08 3.5425e-08 9.9493e-10 5.1925e-09 1.11356e-10 0 5.04369e-13
scan charginogluino 2200 1300 L4DY1T2STVBZV 6.48214e-06 7.24006e-07 6.95534e-07 2.01817e-08 1.85273e-07 4.52911e-08 5.9488e-08 9.67509e-09
scan charginogluino 2200 1300 L4DY1T2STVB 5.96423e-07 1.79634e-07 1.75613e-07 3.95797e-09 3.73024e-08 3.34926e-09 3.13802e-09 6.17207e-10
scan charginogluino 2200 1300 L4DY1T2STVAZV 9.27283e-08 4.93241e-08 4.92946e-08 5.65204e-10 0 1.38021e-09 8.30222e-10 2.982e-11
scan charginogluino 2200 1300 L4DY1T2STVA 0 3.06676e-10 3.06676e-10 0 0 0 0 0
scan charginogluino 2200 1300 L4DY1T2ZV 0 3.06676e-10 3.06676e-10 0 0 0 0 0
scan charginogluino 2200 1300 L4DY1T2 0 3.06676e-10 3.06676e-10 0 0 0 0 0
scan charginogluino 2200 1300 L4DY2T0 1.78225e-08 1.78283e-08 1.78234e-08 4.19264e-10 0 0 0 4.39299e-17
scan charginogluino 2200 1300 L4DY2T0ZV 0 2.16853e-10 2.16853e-10 0 0 0 0 0
scan charginogluino 2200 1300 L4DY2T0STVAZV 0 2.16853e-10 2.16853e-10 0 0 0 0 0
scan charginogluino 2200 1300 L4DY2T0STVA 5.00842e-09 5.01281e-09 5.01155e-09 3.05277e-11 1.08113e-10 0 0 1.30581e-19
scan charginogluino 2200 1300 L4DY2T0STVB 2.67204e-06 5.84616e-07 5.08162e-07 2.08214e-08 2.88295e-07 0 0 1.91694e-16
scan charginogluino 2200 1300 L4DY2T0STVBZV 1.4331e-06 3.27988e-07 3.09914e-07 1.39876e-08 1.06461e-07 0 0 8.62995e-15
scan charginogluino 2200 1300 L3DY0T0STVB 1.01658e-05 9.74121e-07 8.90184e-07 6.05265e-08 3.90925e-07 0 0 5.98059e-10
scan charginogluino 2200 1300 L3DY0T0STVA 1.64622e-07 8.48604e-08 8.47889e-08 9.32807e-10 3.35329e-09 0 0 6.51909e-13
scan charginogluino 2200 1300 L3DY0T0 0 2.504e-10 2.504e-10 0 0 0 0 0
scan charginogluino 2200 1300 L3DY0T1STVB 4.51757e-05 2.21927e-06 1.93127e-06 1.64643e-07 1.04127e-06 1.52303e-07 2.30574e-07 8.74824e-08
scan charginogluino 2200 1300 L3DY0T1STVA 9.86617e-07 2.72974e-07 2.62831e-07 3.10262e-09 7.32512e-08 3.1478e-09 6.33607e-09 3.07556e-09
scan charginogluino 2200 1300 L3DY0T1 1.34847e-07 5.66638e-08 5.63448e-08 5.82465e-10 5.47894e-09 1.24492e-10 2.07014e-09 1.17735e-09
scan charginogluino 2200 1300 L3DY0T2STVB 1.76904e-05 1.27399e-06 1.24239e-06 3.12998e-08 5.3422e-08 9.96121e-08 2.05002e-07 1.54041e-07
scan charginogluino 2200 1300 L3DY0T2STVA 4.28979e-07 2.64616e-07 2.64526e-07 4.36965e-10 2.05814e-09 5.22165e-09 8.23678e-10 3.90247e-09
scan charginogluino 2200 1300 L3DY0T2 0 3.54119e-10 3.54119e-10 0 0 0 0 0
scan charginogluino 2200 1300 L3DY1T0STVBZV 2.57579e-05 1.87794e-06 1.52003e-06 1.59649e-07 1.09118e-06 0 0 6.92268e-10
scan charginogluino 2200 1300 L3DY1T0STVAZV 3.25193e-07 9.07854e-08 8.89199e-08 3.06058e-09 1.80523e-08 0 0 1.31177e-12
scan charginogluino 2200 1300 L3DY1T0ZV 1.14557e-09 1.17574e-09 1.16592e-09 6.98257e-12 1.51477e-10 0 0 1.63989e-15
scan charginogluino 2200 1300 L3DY1T0STVB 6.31363e-06 8.37992e-07 8.15511e-07 4.55433e-08 1.87348e-07 0 0 7.02266e-11
scan charginogluino 2200 1300 L3DY1T0STVA 1.20851e-07 6.16657e-08 5.9914e-08 3.17249e-10 1.45899e-08 0 0 8.52692e-15
scan charginogluino 2200 1300 L3DY1T0 0 2.504e-10 2.504e-10 0 0 0 0 0
scan charginogluino 2200 1300 L3DY1T1STVBZV 2.71026e-05 1.94708e-06 1.89825e-06 8.12581e-08 3.96513e-07 9.22254e-08 1.20991e-07 2.83611e-08
scan charginogluino 2200 1300 L3DY1T1STVAZV 2.97352e-07 8.18402e-08 8.15659e-08 1.41413e-09 5.71251e-09 1.1065e-09 2.98306e-09 2.38099e-10
scan charginogluino 2200 1300 L3DY1T1ZV 0 2.504e-10 2.504e-10 0 0 0 0 0
scan charginogluino 2200 1300 L3DY1T1STVB 1.63129e-06 3.86695e-07 3.59876e-07 5.78328e-09 1.41079e-07 5.5914e-09 5.97575e-09 4.31374e-09
scan charginogluino 2200 1300 L3DY1T1STVA 0 2.504e-10 2.504e-10 0 0 0 0 0
scan charginogluino 2200 1300 L3DY1T1 0 2.504e-10 2.504e-10 0 0 0 0 0
