model LeptonicRPV_lambda123
parameter LeptonicRPV_lambda123 1
parameter kFactorProcessWeighted true
scan charginogluino 2000 600 LOXSEC 0.2405
scan charginogluino 2000 600 L4DY0T0STVB 0.000516542 0.000236111 0.000231005 3.4313e-06 4.87151e-05 0 0 6.92185e-15
scan charginogluino 2000 600 L4DY0T0STVA 0 5.37774e-07 5.37774e-07 0 0 0 0 0
scan charginogluino 2000 600 L4DY0T0 0 5.37774e-07 5.37774e-07 0 0 0 0 0
scan charginogluino 2000 600 L4DY0T1STVB 0.00474078 0.000811382 0.000708375 2.53589e-05 0.000393699 1.8695e-05 2.35326e-05 4.85688e-07
scan charginogluino 2000 600 L4DY0T1STVA 6.34534e-05 3.68979e-05 3.67677e-05 1.00302e-06 2.75818e-06 5.67679e-08 9.8724e-07 6.36146e-10
scan charginogluino 2000 600 L4DY0T1 0 6.80237e-07 6.80237e-07 0 0 0 0 0
scan charginogluino 2000 600 L4DY0T2STVB 0.0177196 0.00141052 0.00133049 6.85351e-05 0.000360505 0.000124268 0.000260038 4.05537e-05
scan charginogluino 2000 600 L4DY0T2STVA 0.000686569 0.000262673 0.000261958 1.02334e-05 4.93891e-06 6.60364e-06 1.19521e-05 7.72435e-06
scan charginogluino 2000 600 L4DY0T2 0 7.215e-07 7.215e-07 0 0 0 0 0
scan charginogluino 2000 600 L4DY1T0STVBZV 0.00124384 0.000295389 0.00029318 1.55156e-05 3.25439e-05 0 0 7.29326e-12
scan charginogluino 2000 600 L4DY1T0STVB 0.000797078 0.000243049 0.000230149 4.51725e-06 7.80003e-05 0 0 8.86564e-12
scan charginogluino 2000 600 L4DY1T0STVAZV 0.000406426 0.000241819 0.000238972 2.70751e-06 3.68949e-05 0 0 6.6768e-14
scan charginogluino 2000 600 L4DY1T0STVA 0.00017199 0.000179189 0.00017199 5.23598e-07 5.02763e-05 0 0 1.55934e-15
scan charginogluino 2000 600 L4DY1T0ZV 0 5.37774e-07 5.37774e-07 0 0 0 0 0
scan charginogluino 2000 600 L4DY1T0 0 5.37774e-07 5.37774e-07 0 0 0 0 0
scan charginogluino 2000 600 L4DY1T1STVBZV 0.0135143 0.00134542 0.00117158 8.84723e-05 0.000645563 4.44429e-05 0.000104861 4.46255e-07
scan charginogluino 2000 600 L4DY1T1STVB 0.0058687 0.000881257 0.00083188 4.47551e-05 0.000285132 2.85032e-05 2.17765e-05 8.74768e-07
scan charginogluino 2000 600 L4DY1T1STVAZV 0.000273918 0.000182385 0.000182368 2.17774e-06 7.82954e-07 8.34522e-07 0 7.48464e-10
scan charginogluino 2000 600 L4DY1T1STVA 0.000221752 0.000156882 0.000156803 3.29702e-06 3.63773e-06 6.82487e-07 0 1.37778e-09
scan charginogluino 2000 600 L4DY1T1ZV 0 6.80237e-07 6.80237e-07 0 0 0 0 0
scan charginogluino 2000 600 L4DY1T1 0 6.80237e-07 6.80237e-07 0 0 0 0 0
scan charginogluino 2000 600 L4DY1T2STVBZV 0.0055426 0.000764089 0.000742274 1.80856e-05 0.000154236 3.70803e-05 8.56841e-05 5.41363e-06
scan charginogluino 2000 600 L4DY1T2STVB 0.00122761 0.000337566 0.00033585 7.14663e-06 2.94607e-05 1.00405e-05 1.14728e-05 2.02214e-06
scan charginogluino 2000 600 L4DY1T2STVAZV 0.000171263 0.000156588 0.000154216 1.10421e-07 2.68982e-05 5.76657e-07 3.37437e-06 1.39808e-06
scan charginogluino 2000 600 L4DY1T2STVA 0 5.89102e-07 5.89102e-07 0 0 0 0 0
scan charginogluino 2000 600 L4DY1T2ZV 0 5.89102e-07 5.89102e-07 0 0 0 0 0
scan charginogluino 2000 600 L4DY1T2 0 5.89102e-07 5.89102e-07 0 0 0 0 0
scan charginogluino 2000 600 L4DY2T0 0 4.16558e-07 4.16558e-07 0 0 0 0 0
scan charginogluino 2000 600 L4DY2T0ZV 0 4.16558e-07 4.16558e-07 0 0 0 0 0
scan charginogluino 2000 600 L4DY2T0STVAZV 0 4.16558e-07 4.16558e-07 0 0 0 0 0
scan charginogluino 2000 600 L4DY2T0STVA 8.88381e-05 8.88453e-05 8.88387e-05 1.08533e-06 0 0 0 3.73514e-15
scan charginogluino 2000 600 L4DY2T0STVB 0.000705514 0.000223513 0.000221675 4.53575e-06 2.82471e-05 0 0 9.46578e-14
scan charginogluino 2000 600 L4DY2T0STVBZV 0.00117849 0.000423575 0.00036274 9.70058e-06 0.000218498 0 0 3.55224e-13
scan charginogluino 2000 600 L3DY0T0STVB 0.0107896 0.00126335 0.00106187 6.49077e-05 0.00068137 0 0 1.24199e-07
scan charginogluino 2000 600 L3DY0T0STVA 0.000663142 0.000299751 0.000296566 4.0459e-06 4.33902e-05 0 0 1.49481e-09
scan charginogluino 2000 600 L3DY0T0 0 4.81e-07 4.81e-07 0 0 0 0 0
scan charginogluino 2000 600 L3DY0T1STVB 0.0636158 0.00320921 0.00258889 0.000243248 0.00182495 0.000256149 0.00034762 0.000143534
scan charginogluino 2000 600 L3DY0T1STVA 0.00274288 0.000730431 0.00072366 1.4026e-05 9.1349e-05 1.58782e-05 2.9465e-05 1.35706e-05
scan charginogluino 2000 600 L3DY0T1 0 6.80237e-07 6.80237e-07 0 0 0 0 0
scan charginogluino 2000 600 L3DY0T2STVB 0.0209922 0.00148397 0.00144716 3.94995e-05 5.78088e-05 0.000130166 0.000230425 0.000181568
scan charginogluino 2000 600 L3DY0T2STVA 0.000628998 0.000269916 0.000269674 1.9149e-06 0 2.99087e-06 9.61183e-06 5.0609e-06
scan charginogluino 2000 600 L3DY0T2 0 6.80237e-07 6.80237e-07 0 0 0 0 0
scan charginogluino 2000 600 L3DY1T0STVBZV 0.0309485 0.00267105 0.00186837 0.000181827 0.00190018 0 0 4.6088e-07
scan charginogluino 2000 600 L3DY1T0STVAZV 0.000647996 0.000215492 0.000210721 4.63442e-06 4.48554e-05 0 0 1.75644e-07
scan charginogluino 2000 600 L3DY1T0ZV 0 4.81e-07 4.81e-07 0 0 0 0 0
scan charginogluino 2000 600 L3DY1T0STVB 0.00965442 0.00122735 0.00103679 8.40968e-05 0.000651447 0 0 5.1297e-07
scan charginogluino 2000 600 L3DY1T0STVA 0.000219903 0.000170923 0.000167182 4.51245e-07 3.55626e-05 0 0 2.87113e-10
scan charginogluino 2000 600 L3DY1T0 0 4.81e-07 4.81e-07 0 0 0 0 0
scan charginogluino 2000 600 L3DY1T1STVBZV 0.0227623 0.00156284 0.00144268 7.7097e-05 0.000575525 8.87812e-05 0.00012087 3.83556e-05
scan charginogluino 2000 600 L3DY1T1STVAZV 0.000647822 0.000336059 0.000335957 5.31106e-06 1.3158e-06 3.05669e-06 4.70698e-06 2.65335e-06
scan charginogluino 2000 600 L3DY1T1ZV 0 4.81e-07 4.81e-07 0 0 0 0 0
scan charginogluino 2000 600 L3DY1T1STVB 0.00485739 0.000782762 0.000744492 2.37086e-05 0.000238273 1.69313e-05 2.42006e-05 1.54807e-05
scan charginogluino 2000 600 L3DY1T1STVA 4.0054e-05 4.00666e-05 4.00562e-05 2.4414e-07 0 0 8.82527e-07 1.28808e-08
scan charginogluino 2000 600 L3DY1T1 0 4.81e-07 4.81e-07 0 0 0 0 0
