model LeptonicRPV_lambda123
parameter LeptonicRPV_lambda123 1
parameter kFactorProcessWeighted true
scan charginogluino 1900 1200 LOXSEC 0.0003907
scan charginogluino 1900 1200 L4DY0T0STVB 7.00706e-06 1.59199e-06 1.54533e-06 4.43385e-08 3.80014e-07 0 0 1.43575e-16
scan charginogluino 1900 1200 L4DY0T0STVA 9.42202e-08 9.42791e-08 9.42234e-08 2.91216e-09 1.4174e-09 0 0 9.47209e-18
scan charginogluino 1900 1200 L4DY0T0 0 8.73632e-10 8.73632e-10 0 0 0 0 0
scan charginogluino 1900 1200 L4DY0T1STVB 1.56013e-05 2.02339e-06 1.82616e-06 7.92998e-08 8.61942e-07 5.11242e-08 8.6022e-08 4.85469e-11
scan charginogluino 1900 1200 L4DY0T1STVA 3.22407e-07 1.90219e-07 1.89486e-07 2.44673e-09 1.64507e-08 1.34288e-09 0 2.68429e-13
scan charginogluino 1900 1200 L4DY0T1 0 1.10507e-09 1.10507e-09 0 0 0 0 0
scan charginogluino 1900 1200 L4DY0T2STVB 4.29353e-05 3.40218e-06 3.10571e-06 1.61253e-07 1.27951e-06 2.76819e-07 4.26589e-07 8.73584e-08
scan charginogluino 1900 1200 L4DY0T2STVA 4.06968e-07 1.74534e-07 1.74106e-07 1.1471e-09 4.79236e-09 1.07611e-09 1.08305e-08 2.56726e-09
scan charginogluino 1900 1200 L4DY0T2 0 1.1721e-09 1.1721e-09 0 0 0 0 0
scan charginogluino 1900 1200 L4DY1T0STVBZV 1.68494e-05 2.79481e-06 2.42427e-06 1.23337e-07 1.38515e-06 0 0 4.10969e-12
scan charginogluino 1900 1200 L4DY1T0STVB 9.99553e-06 2.04704e-06 1.92816e-06 1.42777e-07 6.72455e-07 0 0 5.89017e-13
scan charginogluino 1900 1200 L4DY1T0STVAZV 0 8.73632e-10 8.73632e-10 0 0 0 0 0
scan charginogluino 1900 1200 L4DY1T0STVA 0 8.73632e-10 8.73632e-10 0 0 0 0 0
scan charginogluino 1900 1200 L4DY1T0ZV 0 8.73632e-10 8.73632e-10 0 0 0 0 0
scan charginogluino 1900 1200 L4DY1T0 0 8.73632e-10 8.73632e-10 0 0 0 0 0
scan charginogluino 1900 1200 L4DY1T1STVBZV 4.82241e-05 4.56512e-06 3.60699e-06 3.19225e-07 2.76718e-06 1.52601e-07 2.17912e-07 1.79879e-09
scan charginogluino 1900 1200 L4DY1T1STVB 1.1251e-05 2.0242e-06 1.85491e-06 7.58968e-08 8.03343e-07 3.07729e-08 6.80803e-08 1.02024e-10
scan charginogluino 1900 1200 L4DY1T1STVAZV 1.55444e-08 1.55825e-08 1.55787e-08 0 3.38196e-10 4.73227e-11 0 1.58124e-15
scan charginogluino 1900 1200 L4DY1T1STVA 2.66979e-07 2.00668e-07 2.00569e-07 6.00622e-09 0 5.522e-10 1.88594e-09 9.17314e-13
scan charginogluino 1900 1200 L4DY1T1ZV 3.65883e-08 3.66046e-08 3.66029e-08 3.34884e-10 0 1.11391e-10 0 1.64922e-14
scan charginogluino 1900 1200 L4DY1T1 0 1.10507e-09 1.10507e-09 0 0 0 0 0
scan charginogluino 1900 1200 L4DY1T2STVBZV 2.06738e-05 2.35775e-06 2.26243e-06 1.08645e-07 6.18107e-07 1.39577e-07 1.63539e-07 1.85206e-08
scan charginogluino 1900 1200 L4DY1T2STVB 1.43838e-06 5.18862e-07 5.14373e-07 7.7463e-09 6.66083e-08 8.81921e-09 7.68029e-09 2.07197e-09
scan charginogluino 1900 1200 L4DY1T2STVAZV 1.38626e-07 1.00482e-07 1.00373e-07 0 2.00482e-09 8.14156e-10 4.14667e-09 3.53069e-11
scan charginogluino 1900 1200 L4DY1T2STVA 0 9.57016e-10 9.57016e-10 0 0 0 0 0
scan charginogluino 1900 1200 L4DY1T2ZV 0 9.57016e-10 9.57016e-10 0 0 0 0 0
scan charginogluino 1900 1200 L4DY1T2 0 9.57016e-10 9.57016e-10 0 0 0 0 0
scan charginogluino 1900 1200 L4DY2T0 0 6.76712e-10 6.76712e-10 0 0 0 0 0
scan charginogluino 1900 1200 L4DY2T0ZV 0 6.76712e-10 6.76712e-10 0 0 0 0 0
scan charginogluino 1900 1200 L4DY2T0STVAZV 0 6.76712e-10 6.76712e-10 0 0 0 0 0
scan charginogluino 1900 1200 L4DY2T0STVA 1.86338e-07 1.87946e-07 1.86339e-07 5.21492e-09 2.3962e-08 0 0 2.4366e-18
scan charginogluino 1900 1200 L4DY2T0STVB 5.27666e-06 1.24128e-06 1.19046e-06 4.98201e-08 3.47998e-07 0 0 2.41744e-16
scan charginogluino 1900 1200 L4DY2T0STVBZV 6.56484e-06 2.04777e-06 1.3853e-06 4.23075e-08 1.50749e-06 0 0 2.96288e-13
scan charginogluino 1900 1200 L3DY0T0STVB 3.55445e-05 3.45711e-06 3.02934e-06 2.24902e-07 1.65049e-06 0 0 2.5126e-10
scan charginogluino 1900 1200 L3DY0T0STVA 3.3831e-07 1.66201e-07 1.62136e-07 1.44844e-09 3.65065e-08 0 0 7.7684e-13
scan charginogluino 1900 1200 L3DY0T0 0 7.814e-10 7.814e-10 0 0 0 0 0
scan charginogluino 1900 1200 L3DY0T1STVB 0.000151721 7.42065e-06 6.34275e-06 5.51385e-07 3.70773e-06 5.30759e-07 6.37379e-07 3.10156e-07
scan charginogluino 1900 1200 L3DY0T1STVA 1.18388e-06 3.18315e-07 3.17955e-07 5.00428e-09 1.17593e-08 4.7701e-09 6.51667e-09 7.93001e-10
scan charginogluino 1900 1200 L3DY0T1 1.03926e-07 6.01085e-08 6.00864e-08 4.25225e-10 5.1112e-10 1.16388e-10 1.47212e-09 1.84082e-10
scan charginogluino 1900 1200 L3DY0T2STVB 6.15255e-05 4.36606e-06 4.26286e-06 1.37263e-07 1.16587e-07 3.64833e-07 6.73433e-07 5.21e-07
scan charginogluino 1900 1200 L3DY0T2STVA 1.18374e-07 7.52299e-08 7.51857e-08 1.6872e-10 1.02161e-10 4.72482e-10 2.296e-09 1.05188e-09
scan charginogluino 1900 1200 L3DY0T2 1.78886e-07 1.26567e-07 1.26495e-07 5.44592e-10 0 5.44592e-10 3.94146e-09 1.43931e-09
scan charginogluino 1900 1200 L3DY1T0STVBZV 9.12661e-05 6.91232e-06 6.04946e-06 5.99683e-07 3.29009e-06 0 0 2.59407e-09
scan charginogluino 1900 1200 L3DY1T0STVAZV 6.75582e-07 2.99089e-07 2.81568e-07 3.54586e-09 1.00804e-07 0 0 2.67513e-13
scan charginogluino 1900 1200 L3DY1T0ZV 0 7.814e-10 7.814e-10 0 0 0 0 0
scan charginogluino 1900 1200 L3DY1T0STVB 1.81532e-05 2.7971e-06 2.43427e-06 1.14378e-07 1.37295e-06 0 0 5.06308e-10
scan charginogluino 1900 1200 L3DY1T0STVA 2.26532e-07 1.43205e-07 1.43192e-07 1.75735e-09 7.67762e-10 0 0 1.66848e-13
scan charginogluino 1900 1200 L3DY1T0 0 7.814e-10 7.814e-10 0 0 0 0 0
scan charginogluino 1900 1200 L3DY1T1STVBZV 5.69674e-05 3.85812e-06 3.70958e-06 2.29117e-07 9.76211e-07 2.38508e-07 2.42641e-07 5.35128e-08
scan charginogluino 1900 1200 L3DY1T1STVAZV 1.98764e-07 1.15864e-07 1.15807e-07 4.81843e-10 2.00044e-09 1.81856e-09 1.73965e-09 1.61574e-09
scan charginogluino 1900 1200 L3DY1T1ZV 0 7.814e-10 7.814e-10 0 0 0 0 0
scan charginogluino 1900 1200 L3DY1T1STVB 5.0786e-06 1.22475e-06 1.21184e-06 1.88699e-08 1.74148e-07 2.03109e-08 1.61197e-08 1.07499e-08
scan charginogluino 1900 1200 L3DY1T1STVA 1.40144e-07 9.92264e-08 9.91961e-08 1.2131e-09 0 1.49731e-09 1.47535e-09 3.40741e-10
scan charginogluino 1900 1200 L3DY1T1 1.49339e-08 1.49496e-08 1.49492e-08 9.10262e-11 0 4.54642e-11 0 4.80252e-12
