model LeptonicRPV_lambda123
parameter LeptonicRPV_lambda123 1
parameter kFactorProcessWeighted true
scan charginogluino 1400 1900 LOXSEC 0.001321
scan charginogluino 1400 1900 L4DY0T0STVB 2.00451e-06 6.02322e-07 5.78659e-07 2.01438e-08 1.65951e-07 0 0 4.69132e-17
scan charginogluino 1400 1900 L4DY0T0STVA 0 2.95385e-09 2.95385e-09 0 0 0 0 0
scan charginogluino 1400 1900 L4DY0T0 0 2.95385e-09 2.95385e-09 0 0 0 0 0
scan charginogluino 1400 1900 L4DY0T1STVB 2.74737e-05 3.06048e-06 2.79279e-06 1.75256e-07 1.22876e-06 6.95607e-08 1.46517e-07 3.53598e-10
scan charginogluino 1400 1900 L4DY0T1STVA 1.12271e-07 1.12368e-07 1.12326e-07 1.69061e-09 8.09505e-10 0 2.47372e-09 8.1047e-14
scan charginogluino 1400 1900 L4DY0T1 0 3.73635e-09 3.73635e-09 0 0 0 0 0
scan charginogluino 1400 1900 L4DY0T2STVB 6.61224e-05 4.67018e-06 4.21057e-06 2.48941e-07 1.88301e-06 4.1616e-07 5.38886e-07 1.01904e-07
scan charginogluino 1400 1900 L4DY0T2STVA 8.41547e-07 6.01567e-07 6.01257e-07 4.03126e-09 2.59539e-09 2.56197e-09 1.85422e-08 2.23448e-10
scan charginogluino 1400 1900 L4DY0T2 0 3.963e-09 3.963e-09 0 0 0 0 0
scan charginogluino 1400 1900 L4DY1T0STVBZV 1.53731e-05 2.60716e-06 2.3727e-06 1.51588e-07 1.06986e-06 0 0 2.96781e-13
scan charginogluino 1400 1900 L4DY1T0STVB 8.4578e-06 1.74595e-06 1.72682e-06 9.2439e-08 2.40605e-07 0 0 4.42525e-16
scan charginogluino 1400 1900 L4DY1T0STVAZV 1.15491e-06 7.398e-07 7.32512e-07 1.1097e-08 1.02988e-07 0 0 2.18399e-16
scan charginogluino 1400 1900 L4DY1T0STVA 5.7753e-08 6.4204e-08 5.78134e-08 1.75821e-10 2.79236e-08 0 0 3.41216e-20
scan charginogluino 1400 1900 L4DY1T0ZV 0 2.95385e-09 2.95385e-09 0 0 0 0 0
scan charginogluino 1400 1900 L4DY1T0 0 2.95385e-09 2.95385e-09 0 0 0 0 0
scan charginogluino 1400 1900 L4DY1T1STVBZV 6.13276e-05 4.93843e-06 4.2074e-06 3.65331e-07 2.53371e-06 1.64019e-07 3.25234e-07 2.77714e-09
scan charginogluino 1400 1900 L4DY1T1STVB 1.80372e-05 2.68834e-06 2.61079e-06 1.22819e-07 6.20299e-07 6.45356e-08 8.32891e-08 2.78221e-11
scan charginogluino 1400 1900 L4DY1T1STVAZV 2.56504e-07 2.61309e-07 2.56528e-07 7.17859e-09 4.92334e-08 7.8089e-10 0 2.82021e-12
scan charginogluino 1400 1900 L4DY1T1STVA 1.37439e-07 1.37814e-07 1.37483e-07 0 9.53096e-09 4.18413e-10 0 1.39808e-14
scan charginogluino 1400 1900 L4DY1T1ZV 1.00285e-07 1.01149e-07 1.00345e-07 7.16496e-10 1.25085e-08 0 2.20961e-09 8.46918e-12
scan charginogluino 1400 1900 L4DY1T1 0 3.73635e-09 3.73635e-09 0 0 0 0 0
scan charginogluino 1400 1900 L4DY1T2STVBZV 2.3983e-05 2.65917e-06 2.62527e-06 7.95752e-08 3.21149e-07 1.33286e-07 2.27356e-07 1.41776e-08
scan charginogluino 1400 1900 L4DY1T2STVB 3.04363e-06 9.14516e-07 9.05543e-07 1.11309e-08 1.20806e-07 3.12482e-08 2.39463e-08 8.01999e-09
scan charginogluino 1400 1900 L4DY1T2STVAZV 0 3.23578e-09 3.23578e-09 0 0 0 0 0
scan charginogluino 1400 1900 L4DY1T2STVA 0 3.23578e-09 3.23578e-09 0 0 0 0 0
scan charginogluino 1400 1900 L4DY1T2ZV 0 3.23578e-09 3.23578e-09 0 0 0 0 0
scan charginogluino 1400 1900 L4DY1T2 0 3.23578e-09 3.23578e-09 0 0 0 0 0
scan charginogluino 1400 1900 L4DY2T0 0 2.28804e-09 2.28804e-09 0 0 0 0 0
scan charginogluino 1400 1900 L4DY2T0ZV 0 2.28804e-09 2.28804e-09 0 0 0 0 0
scan charginogluino 1400 1900 L4DY2T0STVAZV 0 2.28804e-09 2.28804e-09 0 0 0 0 0
scan charginogluino 1400 1900 L4DY2T0STVA 0 2.28804e-09 2.28804e-09 0 0 0 0 0
scan charginogluino 1400 1900 L4DY2T0STVB 4.9226e-06 1.42984e-06 1.40732e-06 6.51069e-08 2.44211e-07 0 0 1.52353e-16
scan charginogluino 1400 1900 L4DY2T0STVBZV 1.20063e-05 2.19436e-06 2.1241e-06 1.03299e-07 5.4105e-07 0 0 3.82354e-13
scan charginogluino 1400 1900 L3DY0T0STVB 4.50402e-05 4.17696e-06 3.91065e-06 2.49711e-07 1.44618e-06 0 0 1.57766e-10
scan charginogluino 1400 1900 L3DY0T0STVA 9.62837e-07 5.56176e-07 5.55899e-07 7.90775e-09 1.56731e-08 0 0 4.4476e-12
scan charginogluino 1400 1900 L3DY0T0 0 2.642e-09 2.642e-09 0 0 0 0 0
scan charginogluino 1400 1900 L3DY0T1STVB 0.00020016 8.62917e-06 7.67875e-06 6.29721e-07 3.67674e-06 6.02556e-07 1.06887e-06 2.80724e-07
scan charginogluino 1400 1900 L3DY0T1STVA 1.72003e-06 6.73361e-07 6.72202e-07 3.073e-09 3.76522e-08 8.88846e-09 4.95478e-09 5.39957e-09
scan charginogluino 1400 1900 L3DY0T1 1.60047e-06 9.62471e-07 9.61398e-07 7.16118e-09 4.37129e-08 9.93714e-09 0 1.54737e-09
scan charginogluino 1400 1900 L3DY0T2STVB 6.45053e-05 4.1658e-06 4.07327e-06 1.29286e-07 1.57033e-07 3.47071e-07 5.42463e-07 5.53413e-07
scan charginogluino 1400 1900 L3DY0T2STVA 0 3.73635e-09 3.73635e-09 0 0 0 0 0
scan charginogluino 1400 1900 L3DY0T2 0 3.73635e-09 3.73635e-09 0 0 0 0 0
scan charginogluino 1400 1900 L3DY1T0STVBZV 0.000102254 7.3632e-06 5.57912e-06 6.11866e-07 4.76611e-06 0 0 3.25037e-09
scan charginogluino 1400 1900 L3DY1T0STVAZV 2.51434e-06 8.28392e-07 8.17021e-07 1.37312e-08 1.36095e-07 0 0 1.02089e-12
scan charginogluino 1400 1900 L3DY1T0ZV 9.60023e-07 5.61083e-07 5.58856e-07 9.87686e-09 4.89413e-08 0 0 1.24493e-09
scan charginogluino 1400 1900 L3DY1T0STVB 2.87569e-05 3.28532e-06 3.04687e-06 1.68751e-07 1.21714e-06 0 0 1.20643e-10
scan charginogluino 1400 1900 L3DY1T0STVA 6.122e-07 4.49353e-07 4.49328e-07 3.58092e-09 3.19555e-09 0 0 1.78095e-13
scan charginogluino 1400 1900 L3DY1T0 0 2.642e-09 2.642e-09 0 0 0 0 0
scan charginogluino 1400 1900 L3DY1T1STVBZV 7.85803e-05 5.43572e-06 5.2281e-06 2.59613e-07 1.39965e-06 2.55213e-07 3.43825e-07 6.46067e-08
scan charginogluino 1400 1900 L3DY1T1STVAZV 1.44192e-07 1.32619e-07 1.32615e-07 8.79135e-10 0 4.0199e-10 2.67655e-10 4.63699e-11
scan charginogluino 1400 1900 L3DY1T1ZV 0 2.642e-09 2.642e-09 0 0 0 0 0
scan charginogluino 1400 1900 L3DY1T1STVB 9.60944e-06 1.82823e-06 1.81758e-06 5.43534e-08 1.79688e-07 5.48285e-08 2.17267e-08 1.16441e-08
scan charginogluino 1400 1900 L3DY1T1STVA 5.30553e-07 5.3057e-07 5.30558e-07 3.23386e-09 0 1.61519e-09 0 1.70618e-10
scan charginogluino 1400 1900 L3DY1T1 0 2.642e-09 2.642e-09 0 0 0 0 0
