model LeptonicRPV_lambda123
parameter LeptonicRPV_lambda123 1
parameter kFactorProcessWeighted true
scan charginogluino 1200 1100 LOXSEC 0.01222
scan charginogluino 1200 1100 L4DY0T0STVB 2.159e-05 7.22059e-06 7.19671e-06 2.69606e-07 5.21131e-07 0 0 1.01559e-15
scan charginogluino 1200 1100 L4DY0T0STVA 0 2.73248e-08 2.73248e-08 0 0 0 0 0
scan charginogluino 1200 1100 L4DY0T0 0 2.73248e-08 2.73248e-08 0 0 0 0 0
scan charginogluino 1200 1100 L4DY0T1STVB 0.000315419 4.19369e-05 3.80199e-05 1.97291e-06 1.74497e-05 1.49018e-06 1.60665e-06 9.24541e-08
scan charginogluino 1200 1100 L4DY0T1STVA 0 3.45634e-08 3.45634e-08 0 0 0 0 0
scan charginogluino 1200 1100 L4DY0T1 0 3.45634e-08 3.45634e-08 0 0 0 0 0
scan charginogluino 1200 1100 L4DY0T2STVB 0.000755406 5.51752e-05 5.3076e-05 3.28327e-06 1.13319e-05 5.09794e-06 7.72017e-06 1.56715e-06
scan charginogluino 1200 1100 L4DY0T2STVA 3.20688e-06 3.20724e-06 3.20707e-06 9.7629e-09 2.31232e-08 1.95528e-08 0 9.24119e-09
scan charginogluino 1200 1100 L4DY0T2 0 3.666e-08 3.666e-08 0 0 0 0 0
scan charginogluino 1200 1100 L4DY1T0STVBZV 0.00019053 3.1721e-05 2.86222e-05 1.59573e-06 1.35812e-05 0 0 1.7164e-11
scan charginogluino 1200 1100 L4DY1T0STVB 8.50795e-05 2.46462e-05 2.32848e-05 5.62238e-07 8.05842e-06 0 0 5.78505e-15
scan charginogluino 1200 1100 L4DY1T0STVAZV 0 2.73248e-08 2.73248e-08 0 0 0 0 0
scan charginogluino 1200 1100 L4DY1T0STVA 0 2.73248e-08 2.73248e-08 0 0 0 0 0
scan charginogluino 1200 1100 L4DY1T0ZV 0 2.73248e-08 2.73248e-08 0 0 0 0 0
scan charginogluino 1200 1100 L4DY1T0 0 2.73248e-08 2.73248e-08 0 0 0 0 0
scan charginogluino 1200 1100 L4DY1T1STVBZV 0.000526473 4.70289e-05 4.23925e-05 3.45085e-06 1.98144e-05 2.20234e-06 2.28426e-06 1.94481e-08
scan charginogluino 1200 1100 L4DY1T1STVB 0.0001666 2.79467e-05 2.67337e-05 1.25108e-06 7.96535e-06 8.25802e-07 7.94911e-07 2.97916e-09
scan charginogluino 1200 1100 L4DY1T1STVAZV 8.97002e-06 7.02455e-06 6.8771e-06 5.46747e-08 1.4282e-06 6.1262e-08 5.74143e-08 1.28406e-11
scan charginogluino 1200 1100 L4DY1T1STVA 0 3.45634e-08 3.45634e-08 0 0 0 0 0
scan charginogluino 1200 1100 L4DY1T1ZV 0 3.45634e-08 3.45634e-08 0 0 0 0 0
scan charginogluino 1200 1100 L4DY1T1 0 3.45634e-08 3.45634e-08 0 0 0 0 0
scan charginogluino 1200 1100 L4DY1T2STVBZV 0.000256715 3.14742e-05 3.04172e-05 1.44967e-06 7.29892e-06 1.56026e-06 2.69275e-06 5.96015e-07
scan charginogluino 1200 1100 L4DY1T2STVB 3.51937e-05 1.07744e-05 1.07286e-05 1.81069e-07 6.15986e-07 1.84271e-07 7.33855e-07 2.82226e-08
scan charginogluino 1200 1100 L4DY1T2STVAZV 0 2.99328e-08 2.99328e-08 0 0 0 0 0
scan charginogluino 1200 1100 L4DY1T2STVA 0 2.99328e-08 2.99328e-08 0 0 0 0 0
scan charginogluino 1200 1100 L4DY1T2ZV 0 2.99328e-08 2.99328e-08 0 0 0 0 0
scan charginogluino 1200 1100 L4DY1T2 0 2.99328e-08 2.99328e-08 0 0 0 0 0
scan charginogluino 1200 1100 L4DY2T0 0 2.11657e-08 2.11657e-08 0 0 0 0 0
scan charginogluino 1200 1100 L4DY2T0ZV 0 2.11657e-08 2.11657e-08 0 0 0 0 0
scan charginogluino 1200 1100 L4DY2T0STVAZV 0 2.11657e-08 2.11657e-08 0 0 0 0 0
scan charginogluino 1200 1100 L4DY2T0STVA 0 2.11657e-08 2.11657e-08 0 0 0 0 0
scan charginogluino 1200 1100 L4DY2T0STVB 6.54229e-05 1.62082e-05 1.40325e-05 2.85844e-07 8.10649e-06 0 0 7.23318e-14
scan charginogluino 1200 1100 L4DY2T0STVBZV 4.63127e-05 1.22918e-05 1.21331e-05 4.48147e-07 1.91755e-06 0 0 2.72647e-12
scan charginogluino 1200 1100 L3DY0T0STVB 0.000472624 4.48162e-05 4.18729e-05 2.91986e-06 1.57043e-05 0 0 3.04363e-09
scan charginogluino 1200 1100 L3DY0T0STVA 5.17317e-07 5.26218e-07 5.1775e-07 0 9.40231e-08 0 0 8.06418e-13
scan charginogluino 1200 1100 L3DY0T0 0 2.444e-08 2.444e-08 0 0 0 0 0
scan charginogluino 1200 1100 L3DY0T1STVB 0.00207572 9.6826e-05 8.71588e-05 7.22948e-06 3.91156e-05 7.58499e-06 1.11771e-05 3.72157e-06
scan charginogluino 1200 1100 L3DY0T1STVA 2.69729e-05 1.36263e-05 1.36194e-05 9.76733e-08 1.58887e-07 3.90089e-07 0 4.50503e-08
scan charginogluino 1200 1100 L3DY0T1 0 3.45634e-08 3.45634e-08 0 0 0 0 0
scan charginogluino 1200 1100 L3DY0T2STVB 0.000825854 5.52e-05 5.37157e-05 1.68612e-06 1.96122e-06 4.69924e-06 9.10208e-06 7.07448e-06
scan charginogluino 1200 1100 L3DY0T2STVA 8.18207e-07 8.19858e-07 8.18846e-07 2.49092e-09 0 0 4.01189e-08 6.58327e-09
scan charginogluino 1200 1100 L3DY0T2 0 3.45634e-08 3.45634e-08 0 0 0 0 0
scan charginogluino 1200 1100 L3DY1T0STVBZV 0.00103314 8.6322e-05 6.63721e-05 5.62715e-06 5.4905e-05 0 0 2.84613e-08
scan charginogluino 1200 1100 L3DY1T0STVAZV 0 2.444e-08 2.444e-08 0 0 0 0 0
scan charginogluino 1200 1100 L3DY1T0ZV 0 2.444e-08 2.444e-08 0 0 0 0 0
scan charginogluino 1200 1100 L3DY1T0STVB 0.000279126 3.59742e-05 3.22908e-05 1.77094e-06 1.57578e-05 0 0 2.87928e-09
scan charginogluino 1200 1100 L3DY1T0STVA 0 2.444e-08 2.444e-08 0 0 0 0 0
scan charginogluino 1200 1100 L3DY1T0 0 2.444e-08 2.444e-08 0 0 0 0 0
scan charginogluino 1200 1100 L3DY1T1STVBZV 0.000781279 5.73569e-05 5.61921e-05 3.45887e-06 9.44768e-06 2.43772e-06 4.93491e-06 8.61324e-07
scan charginogluino 1200 1100 L3DY1T1STVAZV 0 2.444e-08 2.444e-08 0 0 0 0 0
scan charginogluino 1200 1100 L3DY1T1ZV 1.16645e-06 1.16677e-06 1.16664e-06 0 1.68753e-08 3.5511e-09 0 6.90851e-10
scan charginogluino 1200 1100 L3DY1T1STVB 9.89032e-05 1.98219e-05 1.97754e-05 4.78891e-07 9.63413e-07 4.2883e-07 6.99701e-07 9.27908e-08
scan charginogluino 1200 1100 L3DY1T1STVA 0 2.444e-08 2.444e-08 0 0 0 0 0
scan charginogluino 1200 1100 L3DY1T1 0 2.444e-08 2.444e-08 0 0 0 0 0
