model LeptonicRPV_lambda123
parameter LeptonicRPV_lambda123 1
parameter kFactorProcessWeighted true
scan charginogluino 2200 1000 LOXSEC 0.002196
scan charginogluino 2200 1000 L4DY0T0STVB 3.10486e-05 7.49762e-06 7.32785e-06 2.17677e-07 1.57149e-06 0 0 2.98316e-13
scan charginogluino 2200 1000 L4DY0T0STVA 0 4.91041e-09 4.91041e-09 0 0 0 0 0
scan charginogluino 2200 1000 L4DY0T0 0 4.91041e-09 4.91041e-09 0 0 0 0 0
scan charginogluino 2200 1000 L4DY0T1STVB 9.3221e-05 1.24907e-05 1.13052e-05 5.04949e-07 5.24696e-06 4.92982e-07 4.23293e-07 7.93643e-10
scan charginogluino 2200 1000 L4DY0T1STVA 2.00954e-08 2.09453e-08 2.09185e-08 0 1.0576e-09 6.11777e-11 0 2.42587e-15
scan charginogluino 2200 1000 L4DY0T1 0 6.21123e-09 6.21123e-09 0 0 0 0 0
scan charginogluino 2200 1000 L4DY0T2STVB 0.000247569 1.91667e-05 1.81097e-05 8.43832e-07 5.3253e-06 1.65463e-06 2.72928e-06 3.75445e-07
scan charginogluino 2200 1000 L4DY0T2STVA 7.8778e-07 7.88876e-07 7.87804e-07 0 4.0767e-08 4.8032e-09 0 2.27013e-09
scan charginogluino 2200 1000 L4DY0T2 0 6.588e-09 6.588e-09 0 0 0 0 0
scan charginogluino 2200 1000 L4DY1T0STVBZV 5.41792e-05 7.95166e-06 7.74284e-06 4.47314e-07 1.75419e-06 0 0 1.64671e-12
scan charginogluino 2200 1000 L4DY1T0STVB 3.52895e-05 7.53544e-06 7.46004e-06 3.17361e-07 1.01488e-06 0 0 4.13336e-12
scan charginogluino 2200 1000 L4DY1T0STVAZV 0 4.91041e-09 4.91041e-09 0 0 0 0 0
scan charginogluino 2200 1000 L4DY1T0STVA 0 4.91041e-09 4.91041e-09 0 0 0 0 0
scan charginogluino 2200 1000 L4DY1T0ZV 0 4.91041e-09 4.91041e-09 0 0 0 0 0
scan charginogluino 2200 1000 L4DY1T0 0 4.91041e-09 4.91041e-09 0 0 0 0 0
scan charginogluino 2200 1000 L4DY1T1STVBZV 0.0001712 1.67885e-05 1.43562e-05 1.02715e-06 8.54502e-06 6.63795e-07 1.11438e-06 2.92979e-09
scan charginogluino 2200 1000 L4DY1T1STVB 4.67742e-05 7.97663e-06 7.29124e-06 3.50789e-07 3.20021e-06 2.23193e-07 2.23923e-07 7.80371e-09
scan charginogluino 2200 1000 L4DY1T1STVAZV 0 6.21123e-09 6.21123e-09 0 0 0 0 0
scan charginogluino 2200 1000 L4DY1T1STVA 4.82633e-07 4.82694e-07 4.82668e-07 2.96557e-09 3.47991e-09 2.05553e-09 0 3.48406e-13
scan charginogluino 2200 1000 L4DY1T1ZV 0 6.21123e-09 6.21123e-09 0 0 0 0 0
scan charginogluino 2200 1000 L4DY1T1 0 6.21123e-09 6.21123e-09 0 0 0 0 0
scan charginogluino 2200 1000 L4DY1T2STVBZV 8.74762e-05 1.10162e-05 1.08815e-05 3.47111e-07 1.12621e-06 9.82324e-07 7.68881e-07 6.72345e-08
scan charginogluino 2200 1000 L4DY1T2STVB 1.22153e-05 3.56147e-06 3.54156e-06 6.60531e-08 3.50869e-07 9.01447e-08 7.02214e-08 3.06099e-08
scan charginogluino 2200 1000 L4DY1T2STVAZV 0 5.37908e-09 5.37908e-09 0 0 0 0 0
scan charginogluino 2200 1000 L4DY1T2STVA 0 5.37908e-09 5.37908e-09 0 0 0 0 0
scan charginogluino 2200 1000 L4DY1T2ZV 0 5.37908e-09 5.37908e-09 0 0 0 0 0
scan charginogluino 2200 1000 L4DY1T2 0 5.37908e-09 5.37908e-09 0 0 0 0 0
scan charginogluino 2200 1000 L4DY2T0 0 3.80358e-09 3.80358e-09 0 0 0 0 0
scan charginogluino 2200 1000 L4DY2T0ZV 0 3.80358e-09 3.80358e-09 0 0 0 0 0
scan charginogluino 2200 1000 L4DY2T0STVAZV 0 3.80358e-09 3.80358e-09 0 0 0 0 0
scan charginogluino 2200 1000 L4DY2T0STVA 0 3.80358e-09 3.80358e-09 0 0 0 0 0
scan charginogluino 2200 1000 L4DY2T0STVB 1.45143e-05 3.70677e-06 3.66664e-06 2.19345e-07 4.97781e-07 0 0 4.2845e-12
scan charginogluino 2200 1000 L4DY2T0STVBZV 3.20544e-05 6.28129e-06 6.1386e-06 3.91943e-07 1.27227e-06 0 0 4.5445e-14
scan charginogluino 2200 1000 L3DY0T0STVB 0.00015634 1.68158e-05 1.4491e-05 7.90573e-07 8.49445e-06 0 0 8.56725e-09
scan charginogluino 2200 1000 L3DY0T0STVA 1.9652e-08 2.00168e-08 2.00167e-08 5.98277e-11 0 0 0 1.55058e-16
scan charginogluino 2200 1000 L3DY0T0 0 4.392e-09 4.392e-09 0 0 0 0 0
scan charginogluino 2200 1000 L3DY0T1STVB 0.000846472 4.25667e-05 3.38658e-05 3.15547e-06 2.49558e-05 3.06392e-06 4.44947e-06 1.75923e-06
scan charginogluino 2200 1000 L3DY0T1STVA 1.80337e-08 1.89512e-08 1.89465e-08 5.49009e-11 1.30027e-10 0 3.97343e-10 3.43565e-12
scan charginogluino 2200 1000 L3DY0T1 0 6.21123e-09 6.21123e-09 0 0 0 0 0
scan charginogluino 2200 1000 L3DY0T2STVB 0.000350973 2.27266e-05 2.22059e-05 6.31771e-07 1.03396e-06 2.2184e-06 2.77522e-06 3.05053e-06
scan charginogluino 2200 1000 L3DY0T2STVA 0 6.21123e-09 6.21123e-09 0 0 0 0 0
scan charginogluino 2200 1000 L3DY0T2 0 6.21123e-09 6.21123e-09 0 0 0 0 0
scan charginogluino 2200 1000 L3DY1T0STVBZV 0.000332535 2.51323e-05 2.0723e-05 1.88789e-06 1.40934e-05 0 0 5.40916e-09
scan charginogluino 2200 1000 L3DY1T0STVAZV 0 4.392e-09 4.392e-09 0 0 0 0 0
scan charginogluino 2200 1000 L3DY1T0ZV 0 4.392e-09 4.392e-09 0 0 0 0 0
scan charginogluino 2200 1000 L3DY1T0STVB 0.000151904 1.81397e-05 1.72959e-05 1.12029e-06 5.35222e-06 0 0 9.44327e-09
scan charginogluino 2200 1000 L3DY1T0STVA 0 4.392e-09 4.392e-09 0 0 0 0 0
scan charginogluino 2200 1000 L3DY1T0 0 4.392e-09 4.392e-09 0 0 0 0 0
scan charginogluino 2200 1000 L3DY1T1STVBZV 0.00026433 1.95969e-05 1.88128e-05 1.11754e-06 4.88639e-06 9.75762e-07 1.95611e-06 4.61007e-07
scan charginogluino 2200 1000 L3DY1T1STVAZV 1.19513e-06 1.19516e-06 1.19514e-06 7.28465e-09 0 3.63841e-09 0 3.84336e-10
scan charginogluino 2200 1000 L3DY1T1ZV 0 4.392e-09 4.392e-09 0 0 0 0 0
scan charginogluino 2200 1000 L3DY1T1STVB 4.96686e-05 9.65265e-06 9.58741e-06 3.07087e-07 9.91013e-07 2.79296e-07 3.03967e-07 9.22637e-08
scan charginogluino 2200 1000 L3DY1T1STVA 0 4.392e-09 4.392e-09 0 0 0 0 0
scan charginogluino 2200 1000 L3DY1T1 0 4.392e-09 4.392e-09 0 0 0 0 0
