xsec 280 170 0.196518
scan 280 170 0 0.00015723 0 5.55893e-05 4.71691e-06 4.71691e-06 4.71691e-06 7.86151e-06 9.43382e-06 0.000111232
scan 280 170 1 0.000196538 0 6.21507e-05 5.89613e-06 5.89613e-06 5.89613e-06 9.82689e-06 1.17923e-05 0.00013904
scan 280 170 2 3.93076e-05 0 2.77946e-05 1.17923e-06 1.17923e-06 1.17923e-06 1.96538e-06 2.35845e-06 2.78081e-05
scan 280 170 3 0.000117923 0 4.81417e-05 3.53768e-06 3.53768e-06 3.53768e-06 5.89613e-06 7.07536e-06 8.34243e-05
scan 280 170 4 0 0 0 0 0 0 0 0 0
scan 280 170 5 0 0 0 0 0 0 0 0 0
scan 280 170 6 5.89613e-05 0 3.40413e-05 1.76884e-06 1.76884e-06 1.76884e-06 2.94807e-06 3.53768e-06 4.17121e-05
scan 280 170 7 1.96538e-05 0 1.96538e-05 5.89613e-07 5.89613e-07 5.89613e-07 9.82689e-07 1.17923e-06 1.3904e-05
scan 280 170 8 0 0 0 0 0 0 0 0 0
scan 280 170 9 1.96538e-05 0 1.96538e-05 5.89613e-07 5.89613e-07 5.89613e-07 9.82689e-07 1.17923e-06 1.3904e-05
scan 280 170 10 0 0 0 0 0 0 0 0 0
scan 280 170 11 0 0 0 0 0 0 0 0 0
scan 280 170 12 1.96538e-05 0 1.96538e-05 5.89613e-07 5.89613e-07 5.89613e-07 9.82689e-07 1.17923e-06 1.3904e-05
scan 280 170 13 1.96538e-05 0 1.96538e-05 5.89613e-07 5.89613e-07 5.89613e-07 9.82689e-07 1.17923e-06 1.3904e-05
scan 280 170 14 0 0 0 0 0 0 0 0 0
scan 280 170 15 0.00454002 0 0.000298712 0.000136201 0.000136201 0.000136201 0.000227001 0.000272401 0.00321183
scan 280 170 16 0.00469725 0 0.00030384 0.000140918 0.000140918 0.000140918 0.000234863 0.000281835 0.00332307
scan 280 170 17 0.00190642 0 0.000193567 5.71925e-05 5.71925e-05 5.71925e-05 9.53208e-05 0.000114385 0.00134869
scan 280 170 18 0.000412729 0 9.00649e-05 1.23819e-05 1.23819e-05 1.23819e-05 2.06365e-05 2.47638e-05 0.000291985
scan 280 170 19 0.000373422 0 8.56689e-05 1.12027e-05 1.12027e-05 1.12027e-05 1.86711e-05 2.24053e-05 0.000264177
scan 280 170 20 9.82689e-05 0 4.39472e-05 2.94807e-06 2.94807e-06 2.94807e-06 4.91345e-06 5.89613e-06 6.95202e-05
scan 280 170 21 0.00119888 0 0.000153501 3.59664e-05 3.59664e-05 3.59664e-05 5.9944e-05 7.19328e-05 0.000848147
scan 280 170 22 0.000648575 0 0.000112902 1.94572e-05 1.94572e-05 1.94572e-05 3.24287e-05 3.89145e-05 0.000458834
scan 280 170 23 0.000176884 0 5.89613e-05 5.30652e-06 5.30652e-06 5.30652e-06 8.8442e-06 1.0613e-05 0.000125136
scan 280 170 24 1.96538e-05 0 1.96538e-05 5.89613e-07 5.89613e-07 5.89613e-07 9.82689e-07 1.17923e-06 1.3904e-05
scan 280 170 25 3.93076e-05 0 2.77946e-05 1.17923e-06 1.17923e-06 1.17923e-06 1.96538e-06 2.35845e-06 2.78081e-05
scan 280 170 26 0.000589613 0 0.000107648 1.76884e-05 1.76884e-05 1.76884e-05 2.94807e-05 3.53768e-05 0.000417121
scan 280 170 27 0.000314461 0 7.86151e-05 9.43382e-06 9.43382e-06 9.43382e-06 1.5723e-05 1.88676e-05 0.000222465
scan 280 170 28 0.00015723 0 5.55893e-05 4.71691e-06 4.71691e-06 4.71691e-06 7.86151e-06 9.43382e-06 0.000111232
scan 280 170 29 0.000117923 0 4.81417e-05 3.53768e-06 3.53768e-06 3.53768e-06 5.89613e-06 7.07536e-06 8.34243e-05
scan 280 170 30 0 0 0 0 0 0 0 0 0
scan 280 170 31 5.89613e-05 0 3.40413e-05 1.76884e-06 1.76884e-06 1.76884e-06 2.94807e-06 3.53768e-06 4.17121e-05
scan 280 170 32 1.96538e-05 0 1.96538e-05 5.89613e-07 5.89613e-07 5.89613e-07 9.82689e-07 1.17923e-06 1.3904e-05
scan 280 170 33 0 0 0 0 0 0 0 0 0
scan 280 170 34 0 0 0 0 0 0 0 0 0
scan 280 170 35 0 0 0 0 0 0 0 0 0
scan 280 170 36 0 0 0 0 0 0 0 0 0
scan 280 170 37 0 0 0 0 0 0 0 0 0
scan 280 170 38 0 0 0 0 0 0 0 0 0
scan 280 170 39 0 0 0 0 0 0 0 0 0
scan 280 170 40 0 0 0 0 0 0 0 0 0
scan 280 170 41 0 0 0 0 0 0 0 0 0
scan 280 170 42 0 0 0 0 0 0 0 0 0
scan 280 170 43 0 0 0 0 0 0 0 0 0
scan 280 170 44 0 0 0 0 0 0 0 0 0
scan 280 170 45 0 0 0 0 0 0 0 0 0
scan 280 170 46 9.82689e-05 0 4.39472e-05 2.94807e-06 2.94807e-06 2.94807e-06 4.91345e-06 5.89613e-06 6.95202e-05
scan 280 170 47 0 0 0 0 0 0 0 0 0
scan 280 170 48 0 0 0 0 0 0 0 0 0
scan 280 170 49 1.96538e-05 0 1.96538e-05 5.89613e-07 5.89613e-07 5.89613e-07 9.82689e-07 1.17923e-06 1.3904e-05
scan 280 170 50 0 0 0 0 0 0 0 0 0
scan 280 170 51 0 0 0 0 0 0 0 0 0
scan 280 170 52 0 0 0 0 0 0 0 0 0
scan 280 170 53 0 0 0 0 0 0 0 0 0
scan 280 170 54 0 0 0 0 0 0 0 0 0
scan 280 170 55 0 0 0 0 0 0 0 0 0
scan 280 170 56 0 0 0 0 0 0 0 0 0
scan 280 170 57 0 0 0 0 0 0 0 0 0
scan 280 170 58 0 0 0 0 0 0 0 0 0
scan 280 170 59 0 0 0 0 0 0 0 0 0
scan 280 170 60 0 0 0 0 0 0 0 0 0
scan 280 170 61 0 0 0 0 0 0 0 0 0
scan 280 170 62 0 0 0 0 0 0 0 0 0
scan 280 170 63 0 0 0 0 0 0 0 0 0
scan 280 170 64 0 0 0 0 0 0 0 0 0
scan 280 170 65 0 0 0 0 0 0 0 0 0
scan 280 170 66 0 0 0 0 0 0 0 0 0
scan 280 170 67 0 0 0 0 0 0 0 0 0
scan 280 170 68 0 0 0 0 0 0 0 0 0
scan 280 170 69 0 0 0 0 0 0 0 0 0
scan 280 170 70 0 0 0 0 0 0 0 0 0
scan 280 170 71 0 0 0 0 0 0 0 0 0
scan 280 170 72 0 0 0 0 0 0 0 0 0
scan 280 170 73 0 0 0 0 0 0 0 0 0
scan 280 170 74 0 0 0 0 0 0 0 0 0
scan 280 170 75 0 0 0 0 0 0 0 0 0
scan 280 170 76 0 0 0 0 0 0 0 0 0
scan 280 170 77 0 0 0 0 0 0 0 0 0
scan 280 170 78 0 0 0 0 0 0 0 0 0
scan 280 170 79 0 0 0 0 0 0 0 0 0
scan 280 170 80 0 0 0 0 0 0 0 0 0
scan 280 170 81 0 0 0 0 0 0 0 0 0
scan 280 170 82 0 0 0 0 0 0 0 0 0
scan 280 170 83 0 0 0 0 0 0 0 0 0
scan 280 170 84 0 0 0 0 0 0 0 0 0
scan 280 170 85 0 0 0 0 0 0 0 0 0
scan 280 170 86 0 0 0 0 0 0 0 0 0
scan 280 170 87 0 0 0 0 0 0 0 0 0
scan 280 170 88 0 0 0 0 0 0 0 0 0
scan 280 170 89 0 0 0 0 0 0 0 0 0
scan 280 170 90 0.00015723 0 5.55893e-05 4.71691e-06 4.71691e-06 4.71691e-06 7.86151e-06 9.43382e-06 0.000111232
scan 280 170 91 0.000176884 0 5.89613e-05 5.30652e-06 5.30652e-06 5.30652e-06 8.8442e-06 1.0613e-05 0.000125136
scan 280 170 92 0 0 0 0 0 0 0 0 0
scan 280 170 93 1.96538e-05 0 1.96538e-05 5.89613e-07 5.89613e-07 5.89613e-07 9.82689e-07 1.17923e-06 1.3904e-05
scan 280 170 94 0 0 0 0 0 0 0 0 0
scan 280 170 95 0 0 0 0 0 0 0 0 0
scan 280 170 96 3.93076e-05 0 2.77946e-05 1.17923e-06 1.17923e-06 1.17923e-06 1.96538e-06 2.35845e-06 2.78081e-05
scan 280 170 97 3.93076e-05 0 2.77946e-05 1.17923e-06 1.17923e-06 1.17923e-06 1.96538e-06 2.35845e-06 2.78081e-05
scan 280 170 98 0 0 0 0 0 0 0 0 0
scan 280 170 99 0 0 0 0 0 0 0 0 0
scan 280 170 100 0 0 0 0 0 0 0 0 0
scan 280 170 101 3.93076e-05 0 2.77946e-05 1.17923e-06 1.17923e-06 1.17923e-06 1.96538e-06 2.35845e-06 2.78081e-05
scan 280 170 102 1.96538e-05 0 1.96538e-05 5.89613e-07 5.89613e-07 5.89613e-07 9.82689e-07 1.17923e-06 1.3904e-05
scan 280 170 103 0 0 0 0 0 0 0 0 0
scan 280 170 104 0 0 0 0 0 0 0 0 0
scan 280 170 60 0 0 0 0 0 0 0 0 0
scan 280 170 61 0 0 0 0 0 0 0 0 0
scan 280 170 62 0 0 0 0 0 0 0 0 0
scan 280 170 63 0 0 0 0 0 0 0 0 0
scan 280 170 64 0 0 0 0 0 0 0 0 0
scan 280 170 65 0 0 0 0 0 0 0 0 0
scan 280 170 66 0 0 0 0 0 0 0 0 0
scan 280 170 67 0 0 0 0 0 0 0 0 0
scan 280 170 68 0 0 0 0 0 0 0 0 0
scan 280 170 69 0 0 0 0 0 0 0 0 0
scan 280 170 70 0 0 0 0 0 0 0 0 0
scan 280 170 71 0 0 0 0 0 0 0 0 0
scan 280 170 72 0 0 0 0 0 0 0 0 0
scan 280 170 73 0 0 0 0 0 0 0 0 0
scan 280 170 74 0 0 0 0 0 0 0 0 0
scan 280 170 120 0 0 0 0 0 0 0 0 0
scan 280 170 121 0 0 0 0 0 0 0 0 0
scan 280 170 122 0 0 0 0 0 0 0 0 0
scan 280 170 123 0 0 0 0 0 0 0 0 0
scan 280 170 124 0 0 0 0 0 0 0 0 0
scan 280 170 125 0 0 0 0 0 0 0 0 0
scan 280 170 126 0 0 0 0 0 0 0 0 0
scan 280 170 127 0 0 0 0 0 0 0 0 0
scan 280 170 128 0 0 0 0 0 0 0 0 0
scan 280 170 129 0 0 0 0 0 0 0 0 0
scan 280 170 130 0 0 0 0 0 0 0 0 0
scan 280 170 131 0 0 0 0 0 0 0 0 0
scan 280 170 132 0 0 0 0 0 0 0 0 0
scan 280 170 133 0 0 0 0 0 0 0 0 0
scan 280 170 134 0 0 0 0 0 0 0 0 0
scan 280 170 135 5.89613e-05 0 3.40413e-05 1.76884e-06 1.76884e-06 1.76884e-06 2.94807e-06 3.53768e-06 4.17121e-05
scan 280 170 136 5.89613e-05 0 3.40413e-05 1.76884e-06 1.76884e-06 1.76884e-06 2.94807e-06 3.53768e-06 4.17121e-05
scan 280 170 137 1.96538e-05 0 1.96538e-05 5.89613e-07 5.89613e-07 5.89613e-07 9.82689e-07 1.17923e-06 1.3904e-05
scan 280 170 138 0 0 0 0 0 0 0 0 0
scan 280 170 139 0 0 0 0 0 0 0 0 0
scan 280 170 140 0 0 0 0 0 0 0 0 0
scan 280 170 141 0 0 0 0 0 0 0 0 0
scan 280 170 142 0 0 0 0 0 0 0 0 0
scan 280 170 143 0 0 0 0 0 0 0 0 0
scan 280 170 144 0 0 0 0 0 0 0 0 0
scan 280 170 145 0 0 0 0 0 0 0 0 0
scan 280 170 146 0 0 0 0 0 0 0 0 0
scan 280 170 147 1.96538e-05 0 1.96538e-05 5.89613e-07 5.89613e-07 5.89613e-07 9.82689e-07 1.17923e-06 1.3904e-05
scan 280 170 148 0 0 0 0 0 0 0 0 0
scan 280 170 149 0 0 0 0 0 0 0 0 0
scan 280 170 60 0 0 0 0 0 0 0 0 0
scan 280 170 61 0 0 0 0 0 0 0 0 0
scan 280 170 62 0 0 0 0 0 0 0 0 0
scan 280 170 63 0 0 0 0 0 0 0 0 0
scan 280 170 64 0 0 0 0 0 0 0 0 0
scan 280 170 65 0 0 0 0 0 0 0 0 0
scan 280 170 66 0 0 0 0 0 0 0 0 0
scan 280 170 67 0 0 0 0 0 0 0 0 0
scan 280 170 68 0 0 0 0 0 0 0 0 0
scan 280 170 69 0 0 0 0 0 0 0 0 0
scan 280 170 70 0 0 0 0 0 0 0 0 0
scan 280 170 71 0 0 0 0 0 0 0 0 0
scan 280 170 72 0 0 0 0 0 0 0 0 0
scan 280 170 73 0 0 0 0 0 0 0 0 0
scan 280 170 74 0 0 0 0 0 0 0 0 0
scan 280 170 165 0 0 0 0 0 0 0 0 0
scan 280 170 166 0 0 0 0 0 0 0 0 0
scan 280 170 167 0 0 0 0 0 0 0 0 0
scan 280 170 168 0 0 0 0 0 0 0 0 0
scan 280 170 169 0 0 0 0 0 0 0 0 0
scan 280 170 170 0 0 0 0 0 0 0 0 0
scan 280 170 171 0 0 0 0 0 0 0 0 0
scan 280 170 172 0 0 0 0 0 0 0 0 0
scan 280 170 173 0 0 0 0 0 0 0 0 0
scan 280 170 174 0 0 0 0 0 0 0 0 0
scan 280 170 175 0 0 0 0 0 0 0 0 0
scan 280 170 176 0 0 0 0 0 0 0 0 0
scan 280 170 177 0 0 0 0 0 0 0 0 0
scan 280 170 178 0 0 0 0 0 0 0 0 0
scan 280 170 179 0 0 0 0 0 0 0 0 0
