xsec 340 40 0.0836754
scan 340 40 0 1.67418e-05 0 1.18382e-05 5.02254e-07 5.02254e-07 5.02254e-07 8.37089e-07 1.00451e-06 1.20871e-05
scan 340 40 1 7.5338e-05 0 2.51127e-05 2.26014e-06 2.26014e-06 2.26014e-06 3.7669e-06 4.52028e-06 5.43918e-05
scan 340 40 2 1.67418e-05 0 1.18382e-05 5.02254e-07 5.02254e-07 5.02254e-07 8.37089e-07 1.00451e-06 1.20871e-05
scan 340 40 3 1.67418e-05 0 1.18382e-05 5.02254e-07 5.02254e-07 5.02254e-07 8.37089e-07 1.00451e-06 1.20871e-05
scan 340 40 4 1.67418e-05 0 1.18382e-05 5.02254e-07 5.02254e-07 5.02254e-07 8.37089e-07 1.00451e-06 1.20871e-05
scan 340 40 5 8.37089e-06 0 8.37089e-06 2.51127e-07 2.51127e-07 2.51127e-07 4.18545e-07 5.02254e-07 6.04353e-06
scan 340 40 6 4.18545e-05 0 1.87179e-05 1.25563e-06 1.25563e-06 1.25563e-06 2.09272e-06 2.51127e-06 3.02177e-05
scan 340 40 7 8.37089e-06 0 8.37089e-06 2.51127e-07 2.51127e-07 2.51127e-07 4.18545e-07 5.02254e-07 6.04353e-06
scan 340 40 8 0 0 0 0 0 0 0 0 0
scan 340 40 9 1.67418e-05 0 1.18382e-05 5.02254e-07 5.02254e-07 5.02254e-07 8.37089e-07 1.00451e-06 1.20871e-05
scan 340 40 10 0 0 0 0 0 0 0 0 0
scan 340 40 11 8.37089e-06 0 8.37089e-06 2.51127e-07 2.51127e-07 2.51127e-07 4.18545e-07 5.02254e-07 6.04353e-06
scan 340 40 12 1.67418e-05 0 1.18382e-05 5.02254e-07 5.02254e-07 5.02254e-07 8.37089e-07 1.00451e-06 1.20871e-05
scan 340 40 13 3.34836e-05 0 1.67418e-05 1.00451e-06 1.00451e-06 1.00451e-06 1.67418e-06 2.00901e-06 2.41741e-05
scan 340 40 14 5.85962e-05 0 2.21473e-05 1.75789e-06 1.75789e-06 1.75789e-06 2.92981e-06 3.51577e-06 4.23047e-05
scan 340 40 15 0.000309723 0 5.09182e-05 9.29169e-06 9.29169e-06 9.29169e-06 1.54862e-05 1.85834e-05 0.000223611
scan 340 40 16 0.000602704 0 7.10294e-05 1.80811e-05 1.80811e-05 1.80811e-05 3.01352e-05 3.61623e-05 0.000435134
scan 340 40 17 0.00065293 0 7.39297e-05 1.95879e-05 1.95879e-05 1.95879e-05 3.26465e-05 3.91758e-05 0.000471395
scan 340 40 18 0.000493883 0 6.4298e-05 1.48165e-05 1.48165e-05 1.48165e-05 2.46941e-05 2.9633e-05 0.000356568
scan 340 40 19 0.000778493 0 8.0726e-05 2.33548e-05 2.33548e-05 2.33548e-05 3.89247e-05 4.67096e-05 0.000562048
scan 340 40 20 2.51127e-05 0 1.44988e-05 7.5338e-07 7.5338e-07 7.5338e-07 1.25563e-06 1.50676e-06 1.81306e-05
scan 340 40 21 0.000142305 0 3.45141e-05 4.26916e-06 4.26916e-06 4.26916e-06 7.11526e-06 8.53831e-06 0.00010274
scan 340 40 22 0.000175789 0 3.83602e-05 5.27366e-06 5.27366e-06 5.27366e-06 8.78944e-06 1.05473e-05 0.000126914
scan 340 40 23 0.000200901 0 4.10088e-05 6.02704e-06 6.02704e-06 6.02704e-06 1.00451e-05 1.20541e-05 0.000145045
scan 340 40 24 0.000251127 0 4.58493e-05 7.5338e-06 7.5338e-06 7.5338e-06 1.25563e-05 1.50676e-05 0.000181306
scan 340 40 25 0 0 0 0 0 0 0 0 0
scan 340 40 26 0.000150676 0 3.55147e-05 4.52028e-06 4.52028e-06 4.52028e-06 7.5338e-06 9.04056e-06 0.000108784
scan 340 40 27 0.000619446 0 7.20091e-05 1.85834e-05 1.85834e-05 1.85834e-05 3.09723e-05 3.71668e-05 0.000447221
scan 340 40 28 0.000954282 0 8.93767e-05 2.86285e-05 2.86285e-05 2.86285e-05 4.77141e-05 5.72569e-05 0.000688962
scan 340 40 29 0.00146491 0 0.000110737 4.39472e-05 4.39472e-05 4.39472e-05 7.32453e-05 8.78944e-05 0.00105762
scan 340 40 30 8.37089e-06 0 8.37089e-06 2.51127e-07 2.51127e-07 2.51127e-07 4.18545e-07 5.02254e-07 6.04353e-06
scan 340 40 31 8.37089e-06 0 8.37089e-06 2.51127e-07 2.51127e-07 2.51127e-07 4.18545e-07 5.02254e-07 6.04353e-06
scan 340 40 32 8.37089e-06 0 8.37089e-06 2.51127e-07 2.51127e-07 2.51127e-07 4.18545e-07 5.02254e-07 6.04353e-06
scan 340 40 33 8.37089e-06 0 8.37089e-06 2.51127e-07 2.51127e-07 2.51127e-07 4.18545e-07 5.02254e-07 6.04353e-06
scan 340 40 34 8.37089e-06 0 8.37089e-06 2.51127e-07 2.51127e-07 2.51127e-07 4.18545e-07 5.02254e-07 6.04353e-06
scan 340 40 35 0 0 0 0 0 0 0 0 0
scan 340 40 36 0 0 0 0 0 0 0 0 0
scan 340 40 37 0 0 0 0 0 0 0 0 0
scan 340 40 38 0 0 0 0 0 0 0 0 0
scan 340 40 39 8.37089e-06 0 8.37089e-06 2.51127e-07 2.51127e-07 2.51127e-07 4.18545e-07 5.02254e-07 6.04353e-06
scan 340 40 40 0 0 0 0 0 0 0 0 0
scan 340 40 41 0 0 0 0 0 0 0 0 0
scan 340 40 42 2.51127e-05 0 1.44988e-05 7.5338e-07 7.5338e-07 7.5338e-07 1.25563e-06 1.50676e-06 1.81306e-05
scan 340 40 43 1.67418e-05 0 1.18382e-05 5.02254e-07 5.02254e-07 5.02254e-07 8.37089e-07 1.00451e-06 1.20871e-05
scan 340 40 44 3.34836e-05 0 1.67418e-05 1.00451e-06 1.00451e-06 1.00451e-06 1.67418e-06 2.00901e-06 2.41741e-05
scan 340 40 45 0 0 0 0 0 0 0 0 0
scan 340 40 46 8.37089e-06 0 8.37089e-06 2.51127e-07 2.51127e-07 2.51127e-07 4.18545e-07 5.02254e-07 6.04353e-06
scan 340 40 47 8.37089e-06 0 8.37089e-06 2.51127e-07 2.51127e-07 2.51127e-07 4.18545e-07 5.02254e-07 6.04353e-06
scan 340 40 48 0 0 0 0 0 0 0 0 0
scan 340 40 49 0 0 0 0 0 0 0 0 0
scan 340 40 50 0 0 0 0 0 0 0 0 0
scan 340 40 51 0 0 0 0 0 0 0 0 0
scan 340 40 52 8.37089e-06 0 8.37089e-06 2.51127e-07 2.51127e-07 2.51127e-07 4.18545e-07 5.02254e-07 6.04353e-06
scan 340 40 53 0 0 0 0 0 0 0 0 0
scan 340 40 54 0 0 0 0 0 0 0 0 0
scan 340 40 55 0 0 0 0 0 0 0 0 0
scan 340 40 56 0 0 0 0 0 0 0 0 0
scan 340 40 57 0 0 0 0 0 0 0 0 0
scan 340 40 58 0 0 0 0 0 0 0 0 0
scan 340 40 59 0 0 0 0 0 0 0 0 0
scan 340 40 60 0 0 0 0 0 0 0 0 0
scan 340 40 61 0 0 0 0 0 0 0 0 0
scan 340 40 62 0 0 0 0 0 0 0 0 0
scan 340 40 63 0 0 0 0 0 0 0 0 0
scan 340 40 64 0 0 0 0 0 0 0 0 0
scan 340 40 65 0 0 0 0 0 0 0 0 0
scan 340 40 66 0 0 0 0 0 0 0 0 0
scan 340 40 67 0 0 0 0 0 0 0 0 0
scan 340 40 68 0 0 0 0 0 0 0 0 0
scan 340 40 69 0 0 0 0 0 0 0 0 0
scan 340 40 70 0 0 0 0 0 0 0 0 0
scan 340 40 71 0 0 0 0 0 0 0 0 0
scan 340 40 72 0 0 0 0 0 0 0 0 0
scan 340 40 73 0 0 0 0 0 0 0 0 0
scan 340 40 74 0 0 0 0 0 0 0 0 0
scan 340 40 75 0 0 0 0 0 0 0 0 0
scan 340 40 76 0 0 0 0 0 0 0 0 0
scan 340 40 77 0 0 0 0 0 0 0 0 0
scan 340 40 78 0 0 0 0 0 0 0 0 0
scan 340 40 79 0 0 0 0 0 0 0 0 0
scan 340 40 80 0 0 0 0 0 0 0 0 0
scan 340 40 81 0 0 0 0 0 0 0 0 0
scan 340 40 82 0 0 0 0 0 0 0 0 0
scan 340 40 83 0 0 0 0 0 0 0 0 0
scan 340 40 84 0 0 0 0 0 0 0 0 0
scan 340 40 85 0 0 0 0 0 0 0 0 0
scan 340 40 86 0 0 0 0 0 0 0 0 0
scan 340 40 87 0 0 0 0 0 0 0 0 0
scan 340 40 88 0 0 0 0 0 0 0 0 0
scan 340 40 89 0 0 0 0 0 0 0 0 0
scan 340 40 90 3.34836e-05 0 1.67418e-05 1.00451e-06 1.00451e-06 1.00451e-06 1.67418e-06 2.00901e-06 2.41741e-05
scan 340 40 91 3.34836e-05 0 1.67418e-05 1.00451e-06 1.00451e-06 1.00451e-06 1.67418e-06 2.00901e-06 2.41741e-05
scan 340 40 92 2.51127e-05 0 1.44988e-05 7.5338e-07 7.5338e-07 7.5338e-07 1.25563e-06 1.50676e-06 1.81306e-05
scan 340 40 93 0 0 0 0 0 0 0 0 0
scan 340 40 94 0 0 0 0 0 0 0 0 0
scan 340 40 95 0 0 0 0 0 0 0 0 0
scan 340 40 96 2.51127e-05 0 1.44988e-05 7.5338e-07 7.5338e-07 7.5338e-07 1.25563e-06 1.50676e-06 1.81306e-05
scan 340 40 97 8.37089e-06 0 8.37089e-06 2.51127e-07 2.51127e-07 2.51127e-07 4.18545e-07 5.02254e-07 6.04353e-06
scan 340 40 98 8.37089e-06 0 8.37089e-06 2.51127e-07 2.51127e-07 2.51127e-07 4.18545e-07 5.02254e-07 6.04353e-06
scan 340 40 99 0 0 0 0 0 0 0 0 0
scan 340 40 100 8.37089e-06 0 8.37089e-06 2.51127e-07 2.51127e-07 2.51127e-07 4.18545e-07 5.02254e-07 6.04353e-06
scan 340 40 101 0 0 0 0 0 0 0 0 0
scan 340 40 102 2.51127e-05 0 1.44988e-05 7.5338e-07 7.5338e-07 7.5338e-07 1.25563e-06 1.50676e-06 1.81306e-05
scan 340 40 103 1.67418e-05 0 1.18382e-05 5.02254e-07 5.02254e-07 5.02254e-07 8.37089e-07 1.00451e-06 1.20871e-05
scan 340 40 104 1.67418e-05 0 1.18382e-05 5.02254e-07 5.02254e-07 5.02254e-07 8.37089e-07 1.00451e-06 1.20871e-05
scan 340 40 60 0 0 0 0 0 0 0 0 0
scan 340 40 61 0 0 0 0 0 0 0 0 0
scan 340 40 62 0 0 0 0 0 0 0 0 0
scan 340 40 63 0 0 0 0 0 0 0 0 0
scan 340 40 64 0 0 0 0 0 0 0 0 0
scan 340 40 65 0 0 0 0 0 0 0 0 0
scan 340 40 66 0 0 0 0 0 0 0 0 0
scan 340 40 67 0 0 0 0 0 0 0 0 0
scan 340 40 68 0 0 0 0 0 0 0 0 0
scan 340 40 69 0 0 0 0 0 0 0 0 0
scan 340 40 70 0 0 0 0 0 0 0 0 0
scan 340 40 71 0 0 0 0 0 0 0 0 0
scan 340 40 72 0 0 0 0 0 0 0 0 0
scan 340 40 73 0 0 0 0 0 0 0 0 0
scan 340 40 74 0 0 0 0 0 0 0 0 0
scan 340 40 120 0 0 0 0 0 0 0 0 0
scan 340 40 121 0 0 0 0 0 0 0 0 0
scan 340 40 122 0 0 0 0 0 0 0 0 0
scan 340 40 123 0 0 0 0 0 0 0 0 0
scan 340 40 124 0 0 0 0 0 0 0 0 0
scan 340 40 125 0 0 0 0 0 0 0 0 0
scan 340 40 126 0 0 0 0 0 0 0 0 0
scan 340 40 127 0 0 0 0 0 0 0 0 0
scan 340 40 128 0 0 0 0 0 0 0 0 0
scan 340 40 129 0 0 0 0 0 0 0 0 0
scan 340 40 130 0 0 0 0 0 0 0 0 0
scan 340 40 131 0 0 0 0 0 0 0 0 0
scan 340 40 132 0 0 0 0 0 0 0 0 0
scan 340 40 133 0 0 0 0 0 0 0 0 0
scan 340 40 134 0 0 0 0 0 0 0 0 0
scan 340 40 135 1.67418e-05 0 1.18382e-05 5.02254e-07 5.02254e-07 5.02254e-07 8.37089e-07 1.00451e-06 1.20871e-05
scan 340 40 136 3.34836e-05 0 1.67418e-05 1.00451e-06 1.00451e-06 1.00451e-06 1.67418e-06 2.00901e-06 2.41741e-05
scan 340 40 137 2.51127e-05 0 1.44988e-05 7.5338e-07 7.5338e-07 7.5338e-07 1.25563e-06 1.50676e-06 1.81306e-05
scan 340 40 138 8.37089e-06 0 8.37089e-06 2.51127e-07 2.51127e-07 2.51127e-07 4.18545e-07 5.02254e-07 6.04353e-06
scan 340 40 139 0 0 0 0 0 0 0 0 0
scan 340 40 140 8.37089e-06 0 8.37089e-06 2.51127e-07 2.51127e-07 2.51127e-07 4.18545e-07 5.02254e-07 6.04353e-06
scan 340 40 141 8.37089e-06 0 8.37089e-06 2.51127e-07 2.51127e-07 2.51127e-07 4.18545e-07 5.02254e-07 6.04353e-06
scan 340 40 142 8.37089e-06 0 8.37089e-06 2.51127e-07 2.51127e-07 2.51127e-07 4.18545e-07 5.02254e-07 6.04353e-06
scan 340 40 143 8.37089e-06 0 8.37089e-06 2.51127e-07 2.51127e-07 2.51127e-07 4.18545e-07 5.02254e-07 6.04353e-06
scan 340 40 144 0 0 0 0 0 0 0 0 0
scan 340 40 145 0 0 0 0 0 0 0 0 0
scan 340 40 146 8.37089e-06 0 8.37089e-06 2.51127e-07 2.51127e-07 2.51127e-07 4.18545e-07 5.02254e-07 6.04353e-06
scan 340 40 147 8.37089e-06 0 8.37089e-06 2.51127e-07 2.51127e-07 2.51127e-07 4.18545e-07 5.02254e-07 6.04353e-06
scan 340 40 148 8.37089e-06 0 8.37089e-06 2.51127e-07 2.51127e-07 2.51127e-07 4.18545e-07 5.02254e-07 6.04353e-06
scan 340 40 149 8.37089e-06 0 8.37089e-06 2.51127e-07 2.51127e-07 2.51127e-07 4.18545e-07 5.02254e-07 6.04353e-06
scan 340 40 60 0 0 0 0 0 0 0 0 0
scan 340 40 61 0 0 0 0 0 0 0 0 0
scan 340 40 62 0 0 0 0 0 0 0 0 0
scan 340 40 63 0 0 0 0 0 0 0 0 0
scan 340 40 64 0 0 0 0 0 0 0 0 0
scan 340 40 65 0 0 0 0 0 0 0 0 0
scan 340 40 66 0 0 0 0 0 0 0 0 0
scan 340 40 67 0 0 0 0 0 0 0 0 0
scan 340 40 68 0 0 0 0 0 0 0 0 0
scan 340 40 69 0 0 0 0 0 0 0 0 0
scan 340 40 70 0 0 0 0 0 0 0 0 0
scan 340 40 71 0 0 0 0 0 0 0 0 0
scan 340 40 72 0 0 0 0 0 0 0 0 0
scan 340 40 73 0 0 0 0 0 0 0 0 0
scan 340 40 74 0 0 0 0 0 0 0 0 0
scan 340 40 165 0 0 0 0 0 0 0 0 0
scan 340 40 166 8.37089e-06 0 8.37089e-06 2.51127e-07 2.51127e-07 2.51127e-07 4.18545e-07 5.02254e-07 6.04353e-06
scan 340 40 167 0 0 0 0 0 0 0 0 0
scan 340 40 168 0 0 0 0 0 0 0 0 0
scan 340 40 169 0 0 0 0 0 0 0 0 0
scan 340 40 170 0 0 0 0 0 0 0 0 0
scan 340 40 171 0 0 0 0 0 0 0 0 0
scan 340 40 172 0 0 0 0 0 0 0 0 0
scan 340 40 173 0 0 0 0 0 0 0 0 0
scan 340 40 174 0 0 0 0 0 0 0 0 0
scan 340 40 175 0 0 0 0 0 0 0 0 0
scan 340 40 176 0 0 0 0 0 0 0 0 0
scan 340 40 177 0 0 0 0 0 0 0 0 0
scan 340 40 178 0 0 0 0 0 0 0 0 0
scan 340 40 179 0 0 0 0 0 0 0 0 0
