xsec 250 30 0.317895
scan 250 30 0 9.53875e-05 0 5.5072e-05 2.86162e-06 2.86162e-06 2.86162e-06 4.76937e-06 5.72325e-06 6.66273e-05
scan 250 30 1 0.000158979 0 7.10976e-05 4.76937e-06 4.76937e-06 4.76937e-06 7.94895e-06 9.53875e-06 0.000111046
scan 250 30 2 0.000190775 0 7.78835e-05 5.72325e-06 5.72325e-06 5.72325e-06 9.53875e-06 1.14465e-05 0.000133255
scan 250 30 3 3.17958e-05 0 3.17958e-05 9.53875e-07 9.53875e-07 9.53875e-07 1.58979e-06 1.90775e-06 2.22091e-05
scan 250 30 4 0.000127183 0 6.35916e-05 3.8155e-06 3.8155e-06 3.8155e-06 6.35916e-06 7.631e-06 8.88364e-05
scan 250 30 5 3.17958e-05 0 3.17958e-05 9.53875e-07 9.53875e-07 9.53875e-07 1.58979e-06 1.90775e-06 2.22091e-05
scan 250 30 6 0.000127183 0 6.35916e-05 3.8155e-06 3.8155e-06 3.8155e-06 6.35916e-06 7.631e-06 8.88364e-05
scan 250 30 7 9.53875e-05 0 5.5072e-05 2.86162e-06 2.86162e-06 2.86162e-06 4.76937e-06 5.72325e-06 6.66273e-05
scan 250 30 8 3.17958e-05 0 3.17958e-05 9.53875e-07 9.53875e-07 9.53875e-07 1.58979e-06 1.90775e-06 2.22091e-05
scan 250 30 9 6.35916e-05 0 4.49661e-05 1.90775e-06 1.90775e-06 1.90775e-06 3.17958e-06 3.8155e-06 4.44182e-05
scan 250 30 10 3.17958e-05 0 3.17958e-05 9.53875e-07 9.53875e-07 9.53875e-07 1.58979e-06 1.90775e-06 2.22091e-05
scan 250 30 11 9.53875e-05 0 5.5072e-05 2.86162e-06 2.86162e-06 2.86162e-06 4.76937e-06 5.72325e-06 6.66273e-05
scan 250 30 12 0.000254367 0 8.99322e-05 7.631e-06 7.631e-06 7.631e-06 1.27183e-05 1.5262e-05 0.000177673
scan 250 30 13 3.17958e-05 0 3.17958e-05 9.53875e-07 9.53875e-07 9.53875e-07 1.58979e-06 1.90775e-06 2.22091e-05
scan 250 30 14 3.17958e-05 0 3.17958e-05 9.53875e-07 9.53875e-07 9.53875e-07 1.58979e-06 1.90775e-06 2.22091e-05
scan 250 30 15 0.00213032 0 0.00026026 6.39096e-05 6.39096e-05 6.39096e-05 0.000106516 0.000127819 0.00148801
scan 250 30 16 0.00496015 0 0.00039713 0.000148804 0.000148804 0.000148804 0.000248007 0.000297609 0.00346462
scan 250 30 17 0.00244828 0 0.000279007 7.34483e-05 7.34483e-05 7.34483e-05 0.000122414 0.000146897 0.0017101
scan 250 30 18 0.0022893 0 0.000269796 6.8679e-05 6.8679e-05 6.8679e-05 0.000114465 0.000137358 0.00159906
scan 250 30 19 0.00181236 0 0.000240053 5.43708e-05 5.43708e-05 5.43708e-05 9.06181e-05 0.000108742 0.00126592
scan 250 30 20 9.53875e-05 0 5.5072e-05 2.86162e-06 2.86162e-06 2.86162e-06 4.76937e-06 5.72325e-06 6.66273e-05
scan 250 30 21 0.00124004 0 0.000198565 3.72011e-05 3.72011e-05 3.72011e-05 6.20018e-05 7.44022e-05 0.000866155
scan 250 30 22 0.0015262 0 0.000220288 4.5786e-05 4.5786e-05 4.5786e-05 7.631e-05 9.1572e-05 0.00106604
scan 250 30 23 0.000667712 0 0.000145707 2.00314e-05 2.00314e-05 2.00314e-05 3.33856e-05 4.00627e-05 0.000466391
scan 250 30 24 0.000508733 0 0.000127183 1.5262e-05 1.5262e-05 1.5262e-05 2.54367e-05 3.0524e-05 0.000355346
scan 250 30 25 0 0 0 0 0 0 0 0 0
scan 250 30 26 0.00114465 0 0.000190775 3.43395e-05 3.43395e-05 3.43395e-05 5.72325e-05 6.8679e-05 0.000799528
scan 250 30 27 0.00327497 0 0.000322692 9.82491e-05 9.82491e-05 9.82491e-05 0.000163748 0.000196498 0.00228754
scan 250 30 28 0.00314779 0 0.000316364 9.44336e-05 9.44336e-05 9.44336e-05 0.000157389 0.000188867 0.0021987
scan 250 30 29 0.00127183 0 0.000201094 3.8155e-05 3.8155e-05 3.8155e-05 6.35916e-05 7.631e-05 0.000888364
scan 250 30 30 6.35916e-05 0 4.49661e-05 1.90775e-06 1.90775e-06 1.90775e-06 3.17958e-06 3.8155e-06 4.44182e-05
scan 250 30 31 6.35916e-05 0 4.49661e-05 1.90775e-06 1.90775e-06 1.90775e-06 3.17958e-06 3.8155e-06 4.44182e-05
scan 250 30 32 3.17958e-05 0 3.17958e-05 9.53875e-07 9.53875e-07 9.53875e-07 1.58979e-06 1.90775e-06 2.22091e-05
scan 250 30 33 6.35916e-05 0 4.49661e-05 1.90775e-06 1.90775e-06 1.90775e-06 3.17958e-06 3.8155e-06 4.44182e-05
scan 250 30 34 0 0 0 0 0 0 0 0 0
scan 250 30 35 0 0 0 0 0 0 0 0 0
scan 250 30 36 3.17958e-05 0 3.17958e-05 9.53875e-07 9.53875e-07 9.53875e-07 1.58979e-06 1.90775e-06 2.22091e-05
scan 250 30 37 6.35916e-05 0 4.49661e-05 1.90775e-06 1.90775e-06 1.90775e-06 3.17958e-06 3.8155e-06 4.44182e-05
scan 250 30 38 0 0 0 0 0 0 0 0 0
scan 250 30 39 0 0 0 0 0 0 0 0 0
scan 250 30 40 0 0 0 0 0 0 0 0 0
scan 250 30 41 0 0 0 0 0 0 0 0 0
scan 250 30 42 3.17958e-05 0 3.17958e-05 9.53875e-07 9.53875e-07 9.53875e-07 1.58979e-06 1.90775e-06 2.22091e-05
scan 250 30 43 0.000127183 0 6.35916e-05 3.8155e-06 3.8155e-06 3.8155e-06 6.35916e-06 7.631e-06 8.88364e-05
scan 250 30 44 0 0 0 0 0 0 0 0 0
scan 250 30 45 3.17958e-05 0 3.17958e-05 9.53875e-07 9.53875e-07 9.53875e-07 1.58979e-06 1.90775e-06 2.22091e-05
scan 250 30 46 0 0 0 0 0 0 0 0 0
scan 250 30 47 6.35916e-05 0 4.49661e-05 1.90775e-06 1.90775e-06 1.90775e-06 3.17958e-06 3.8155e-06 4.44182e-05
scan 250 30 48 0 0 0 0 0 0 0 0 0
scan 250 30 49 0 0 0 0 0 0 0 0 0
scan 250 30 50 0 0 0 0 0 0 0 0 0
scan 250 30 51 0 0 0 0 0 0 0 0 0
scan 250 30 52 0 0 0 0 0 0 0 0 0
scan 250 30 53 0 0 0 0 0 0 0 0 0
scan 250 30 54 0 0 0 0 0 0 0 0 0
scan 250 30 55 0 0 0 0 0 0 0 0 0
scan 250 30 56 3.17958e-05 0 3.17958e-05 9.53875e-07 9.53875e-07 9.53875e-07 1.58979e-06 1.90775e-06 2.22091e-05
scan 250 30 57 0 0 0 0 0 0 0 0 0
scan 250 30 58 3.17958e-05 0 3.17958e-05 9.53875e-07 9.53875e-07 9.53875e-07 1.58979e-06 1.90775e-06 2.22091e-05
scan 250 30 59 0 0 0 0 0 0 0 0 0
scan 250 30 60 0 0 0 0 0 0 0 0 0
scan 250 30 61 0 0 0 0 0 0 0 0 0
scan 250 30 62 0 0 0 0 0 0 0 0 0
scan 250 30 63 0 0 0 0 0 0 0 0 0
scan 250 30 64 0 0 0 0 0 0 0 0 0
scan 250 30 65 0 0 0 0 0 0 0 0 0
scan 250 30 66 0 0 0 0 0 0 0 0 0
scan 250 30 67 0 0 0 0 0 0 0 0 0
scan 250 30 68 0 0 0 0 0 0 0 0 0
scan 250 30 69 0 0 0 0 0 0 0 0 0
scan 250 30 70 0 0 0 0 0 0 0 0 0
scan 250 30 71 0 0 0 0 0 0 0 0 0
scan 250 30 72 0 0 0 0 0 0 0 0 0
scan 250 30 73 0 0 0 0 0 0 0 0 0
scan 250 30 74 0 0 0 0 0 0 0 0 0
scan 250 30 75 0 0 0 0 0 0 0 0 0
scan 250 30 76 0 0 0 0 0 0 0 0 0
scan 250 30 77 3.17958e-05 0 3.17958e-05 9.53875e-07 9.53875e-07 9.53875e-07 1.58979e-06 1.90775e-06 2.22091e-05
scan 250 30 78 0 0 0 0 0 0 0 0 0
scan 250 30 79 0 0 0 0 0 0 0 0 0
scan 250 30 80 0 0 0 0 0 0 0 0 0
scan 250 30 81 0 0 0 0 0 0 0 0 0
scan 250 30 82 0 0 0 0 0 0 0 0 0
scan 250 30 83 0 0 0 0 0 0 0 0 0
scan 250 30 84 0 0 0 0 0 0 0 0 0
scan 250 30 85 0 0 0 0 0 0 0 0 0
scan 250 30 86 3.17958e-05 0 3.17958e-05 9.53875e-07 9.53875e-07 9.53875e-07 1.58979e-06 1.90775e-06 2.22091e-05
scan 250 30 87 0 0 0 0 0 0 0 0 0
scan 250 30 88 0 0 0 0 0 0 0 0 0
scan 250 30 89 0 0 0 0 0 0 0 0 0
scan 250 30 90 9.53875e-05 0 5.5072e-05 2.86162e-06 2.86162e-06 2.86162e-06 4.76937e-06 5.72325e-06 6.66273e-05
scan 250 30 91 0.000158979 0 7.10976e-05 4.76937e-06 4.76937e-06 4.76937e-06 7.94895e-06 9.53875e-06 0.000111046
scan 250 30 92 3.17958e-05 0 3.17958e-05 9.53875e-07 9.53875e-07 9.53875e-07 1.58979e-06 1.90775e-06 2.22091e-05
scan 250 30 93 3.17958e-05 0 3.17958e-05 9.53875e-07 9.53875e-07 9.53875e-07 1.58979e-06 1.90775e-06 2.22091e-05
scan 250 30 94 0 0 0 0 0 0 0 0 0
scan 250 30 95 0 0 0 0 0 0 0 0 0
scan 250 30 96 6.35916e-05 0 4.49661e-05 1.90775e-06 1.90775e-06 1.90775e-06 3.17958e-06 3.8155e-06 4.44182e-05
scan 250 30 97 0 0 0 0 0 0 0 0 0
scan 250 30 98 0 0 0 0 0 0 0 0 0
scan 250 30 99 0 0 0 0 0 0 0 0 0
scan 250 30 100 0 0 0 0 0 0 0 0 0
scan 250 30 101 6.35916e-05 0 4.49661e-05 1.90775e-06 1.90775e-06 1.90775e-06 3.17958e-06 3.8155e-06 4.44182e-05
scan 250 30 102 6.35916e-05 0 4.49661e-05 1.90775e-06 1.90775e-06 1.90775e-06 3.17958e-06 3.8155e-06 4.44182e-05
scan 250 30 103 6.35916e-05 0 4.49661e-05 1.90775e-06 1.90775e-06 1.90775e-06 3.17958e-06 3.8155e-06 4.44182e-05
scan 250 30 104 3.17958e-05 0 3.17958e-05 9.53875e-07 9.53875e-07 9.53875e-07 1.58979e-06 1.90775e-06 2.22091e-05
scan 250 30 60 0 0 0 0 0 0 0 0 0
scan 250 30 61 0 0 0 0 0 0 0 0 0
scan 250 30 62 0 0 0 0 0 0 0 0 0
scan 250 30 63 0 0 0 0 0 0 0 0 0
scan 250 30 64 0 0 0 0 0 0 0 0 0
scan 250 30 65 0 0 0 0 0 0 0 0 0
scan 250 30 66 0 0 0 0 0 0 0 0 0
scan 250 30 67 0 0 0 0 0 0 0 0 0
scan 250 30 68 0 0 0 0 0 0 0 0 0
scan 250 30 69 0 0 0 0 0 0 0 0 0
scan 250 30 70 0 0 0 0 0 0 0 0 0
scan 250 30 71 0 0 0 0 0 0 0 0 0
scan 250 30 72 0 0 0 0 0 0 0 0 0
scan 250 30 73 0 0 0 0 0 0 0 0 0
scan 250 30 74 0 0 0 0 0 0 0 0 0
scan 250 30 120 0 0 0 0 0 0 0 0 0
scan 250 30 121 0 0 0 0 0 0 0 0 0
scan 250 30 122 0 0 0 0 0 0 0 0 0
scan 250 30 123 0 0 0 0 0 0 0 0 0
scan 250 30 124 0 0 0 0 0 0 0 0 0
scan 250 30 125 0 0 0 0 0 0 0 0 0
scan 250 30 126 0 0 0 0 0 0 0 0 0
scan 250 30 127 0 0 0 0 0 0 0 0 0
scan 250 30 128 0 0 0 0 0 0 0 0 0
scan 250 30 129 0 0 0 0 0 0 0 0 0
scan 250 30 130 0 0 0 0 0 0 0 0 0
scan 250 30 131 0 0 0 0 0 0 0 0 0
scan 250 30 132 0 0 0 0 0 0 0 0 0
scan 250 30 133 0 0 0 0 0 0 0 0 0
scan 250 30 134 0 0 0 0 0 0 0 0 0
scan 250 30 135 0 0 0 0 0 0 0 0 0
scan 250 30 136 0.000222571 0 8.41238e-05 6.67712e-06 6.67712e-06 6.67712e-06 1.11285e-05 1.33542e-05 0.000155464
scan 250 30 137 9.53875e-05 0 5.5072e-05 2.86162e-06 2.86162e-06 2.86162e-06 4.76937e-06 5.72325e-06 6.66273e-05
scan 250 30 138 3.17958e-05 0 3.17958e-05 9.53875e-07 9.53875e-07 9.53875e-07 1.58979e-06 1.90775e-06 2.22091e-05
scan 250 30 139 0 0 0 0 0 0 0 0 0
scan 250 30 140 0 0 0 0 0 0 0 0 0
scan 250 30 141 0 0 0 0 0 0 0 0 0
scan 250 30 142 0 0 0 0 0 0 0 0 0
scan 250 30 143 0 0 0 0 0 0 0 0 0
scan 250 30 144 0 0 0 0 0 0 0 0 0
scan 250 30 145 0 0 0 0 0 0 0 0 0
scan 250 30 146 6.35916e-05 0 4.49661e-05 1.90775e-06 1.90775e-06 1.90775e-06 3.17958e-06 3.8155e-06 4.44182e-05
scan 250 30 147 6.35916e-05 0 4.49661e-05 1.90775e-06 1.90775e-06 1.90775e-06 3.17958e-06 3.8155e-06 4.44182e-05
scan 250 30 148 0 0 0 0 0 0 0 0 0
scan 250 30 149 0 0 0 0 0 0 0 0 0
scan 250 30 60 0 0 0 0 0 0 0 0 0
scan 250 30 61 0 0 0 0 0 0 0 0 0
scan 250 30 62 0 0 0 0 0 0 0 0 0
scan 250 30 63 0 0 0 0 0 0 0 0 0
scan 250 30 64 0 0 0 0 0 0 0 0 0
scan 250 30 65 0 0 0 0 0 0 0 0 0
scan 250 30 66 0 0 0 0 0 0 0 0 0
scan 250 30 67 0 0 0 0 0 0 0 0 0
scan 250 30 68 0 0 0 0 0 0 0 0 0
scan 250 30 69 0 0 0 0 0 0 0 0 0
scan 250 30 70 0 0 0 0 0 0 0 0 0
scan 250 30 71 0 0 0 0 0 0 0 0 0
scan 250 30 72 0 0 0 0 0 0 0 0 0
scan 250 30 73 0 0 0 0 0 0 0 0 0
scan 250 30 74 0 0 0 0 0 0 0 0 0
scan 250 30 165 0 0 0 0 0 0 0 0 0
scan 250 30 166 3.17958e-05 0 3.17958e-05 9.53875e-07 9.53875e-07 9.53875e-07 1.58979e-06 1.90775e-06 2.22091e-05
scan 250 30 167 0 0 0 0 0 0 0 0 0
scan 250 30 168 0 0 0 0 0 0 0 0 0
scan 250 30 169 0 0 0 0 0 0 0 0 0
scan 250 30 170 0 0 0 0 0 0 0 0 0
scan 250 30 171 0 0 0 0 0 0 0 0 0
scan 250 30 172 0 0 0 0 0 0 0 0 0
scan 250 30 173 0 0 0 0 0 0 0 0 0
scan 250 30 174 0 0 0 0 0 0 0 0 0
scan 250 30 175 0 0 0 0 0 0 0 0 0
scan 250 30 176 0 0 0 0 0 0 0 0 0
scan 250 30 177 0 0 0 0 0 0 0 0 0
scan 250 30 178 0 0 0 0 0 0 0 0 0
scan 250 30 179 0 0 0 0 0 0 0 0 0
