xsec 340 90 0.0836754
scan 340 90 0 2.51051e-05 0 1.44945e-05 7.53154e-07 7.53154e-07 7.53154e-07 1.25526e-06 1.50631e-06 1.81252e-05
scan 340 90 1 5.85787e-05 0 2.21407e-05 1.75736e-06 1.75736e-06 1.75736e-06 2.92893e-06 3.51472e-06 4.2292e-05
scan 340 90 2 1.67368e-05 0 1.18347e-05 5.02103e-07 5.02103e-07 5.02103e-07 8.36838e-07 1.00421e-06 1.20834e-05
scan 340 90 3 8.36838e-06 0 8.36838e-06 2.51051e-07 2.51051e-07 2.51051e-07 4.18419e-07 5.02103e-07 6.04172e-06
scan 340 90 4 1.67368e-05 0 1.18347e-05 5.02103e-07 5.02103e-07 5.02103e-07 8.36838e-07 1.00421e-06 1.20834e-05
scan 340 90 5 0 0 0 0 0 0 0 0 0
scan 340 90 6 0 0 0 0 0 0 0 0 0
scan 340 90 7 0 0 0 0 0 0 0 0 0
scan 340 90 8 8.36838e-06 0 8.36838e-06 2.51051e-07 2.51051e-07 2.51051e-07 4.18419e-07 5.02103e-07 6.04172e-06
scan 340 90 9 8.36838e-06 0 8.36838e-06 2.51051e-07 2.51051e-07 2.51051e-07 4.18419e-07 5.02103e-07 6.04172e-06
scan 340 90 10 0 0 0 0 0 0 0 0 0
scan 340 90 11 0 0 0 0 0 0 0 0 0
scan 340 90 12 2.51051e-05 0 1.44945e-05 7.53154e-07 7.53154e-07 7.53154e-07 1.25526e-06 1.50631e-06 1.81252e-05
scan 340 90 13 0 0 0 0 0 0 0 0 0
scan 340 90 14 3.34735e-05 0 1.67368e-05 1.00421e-06 1.00421e-06 1.00421e-06 1.67368e-06 2.00841e-06 2.41669e-05
scan 340 90 15 0.000334735 0 5.29263e-05 1.00421e-05 1.00421e-05 1.00421e-05 1.67368e-05 2.00841e-05 0.000241669
scan 340 90 16 0.000820101 0 8.28427e-05 2.4603e-05 2.4603e-05 2.4603e-05 4.10051e-05 4.92061e-05 0.000592088
scan 340 90 17 0.000811733 0 8.2419e-05 2.4352e-05 2.4352e-05 2.4352e-05 4.05866e-05 4.8704e-05 0.000586047
scan 340 90 18 0.000493734 0 6.42788e-05 1.4812e-05 1.4812e-05 1.4812e-05 2.46867e-05 2.96241e-05 0.000356461
scan 340 90 19 0.000661102 0 7.43798e-05 1.98331e-05 1.98331e-05 1.98331e-05 3.30551e-05 3.96661e-05 0.000477296
scan 340 90 20 6.69471e-05 0 2.36694e-05 2.00841e-06 2.00841e-06 2.00841e-06 3.34735e-06 4.01682e-06 4.83337e-05
scan 340 90 21 0.000217578 0 4.26705e-05 6.52734e-06 6.52734e-06 6.52734e-06 1.08789e-05 1.30547e-05 0.000157085
scan 340 90 22 0.000267788 0 4.73387e-05 8.03365e-06 8.03365e-06 8.03365e-06 1.33894e-05 1.60673e-05 0.000193335
scan 340 90 23 0.000234315 0 4.42813e-05 7.02944e-06 7.02944e-06 7.02944e-06 1.17157e-05 1.40589e-05 0.000169168
scan 340 90 24 0.000267788 0 4.73387e-05 8.03365e-06 8.03365e-06 8.03365e-06 1.33894e-05 1.60673e-05 0.000193335
scan 340 90 25 8.36838e-06 0 8.36838e-06 2.51051e-07 2.51051e-07 2.51051e-07 4.18419e-07 5.02103e-07 6.04172e-06
scan 340 90 26 0.000167368 0 3.74245e-05 5.02103e-06 5.02103e-06 5.02103e-06 8.36838e-06 1.00421e-05 0.000120834
scan 340 90 27 0.000577418 0 6.9513e-05 1.73225e-05 1.73225e-05 1.73225e-05 2.88709e-05 3.46451e-05 0.000416878
scan 340 90 28 0.000803365 0 8.19931e-05 2.41009e-05 2.41009e-05 2.41009e-05 4.01682e-05 4.82019e-05 0.000580005
scan 340 90 29 0.00127199 0 0.000103172 3.81598e-05 3.81598e-05 3.81598e-05 6.35997e-05 7.63196e-05 0.000918341
scan 340 90 30 8.36838e-06 0 8.36838e-06 2.51051e-07 2.51051e-07 2.51051e-07 4.18419e-07 5.02103e-07 6.04172e-06
scan 340 90 31 0 0 0 0 0 0 0 0 0
scan 340 90 32 2.51051e-05 0 1.44945e-05 7.53154e-07 7.53154e-07 7.53154e-07 1.25526e-06 1.50631e-06 1.81252e-05
scan 340 90 33 1.67368e-05 0 1.18347e-05 5.02103e-07 5.02103e-07 5.02103e-07 8.36838e-07 1.00421e-06 1.20834e-05
scan 340 90 34 8.36838e-06 0 8.36838e-06 2.51051e-07 2.51051e-07 2.51051e-07 4.18419e-07 5.02103e-07 6.04172e-06
scan 340 90 35 0 0 0 0 0 0 0 0 0
scan 340 90 36 1.67368e-05 0 1.18347e-05 5.02103e-07 5.02103e-07 5.02103e-07 8.36838e-07 1.00421e-06 1.20834e-05
scan 340 90 37 8.36838e-06 0 8.36838e-06 2.51051e-07 2.51051e-07 2.51051e-07 4.18419e-07 5.02103e-07 6.04172e-06
scan 340 90 38 0 0 0 0 0 0 0 0 0
scan 340 90 39 0 0 0 0 0 0 0 0 0
scan 340 90 40 0 0 0 0 0 0 0 0 0
scan 340 90 41 8.36838e-06 0 8.36838e-06 2.51051e-07 2.51051e-07 2.51051e-07 4.18419e-07 5.02103e-07 6.04172e-06
scan 340 90 42 0 0 0 0 0 0 0 0 0
scan 340 90 43 2.51051e-05 0 1.44945e-05 7.53154e-07 7.53154e-07 7.53154e-07 1.25526e-06 1.50631e-06 1.81252e-05
scan 340 90 44 4.18419e-05 0 1.87123e-05 1.25526e-06 1.25526e-06 1.25526e-06 2.0921e-06 2.51051e-06 3.02086e-05
scan 340 90 45 8.36838e-06 0 8.36838e-06 2.51051e-07 2.51051e-07 2.51051e-07 4.18419e-07 5.02103e-07 6.04172e-06
scan 340 90 46 0 0 0 0 0 0 0 0 0
scan 340 90 47 8.36838e-06 0 8.36838e-06 2.51051e-07 2.51051e-07 2.51051e-07 4.18419e-07 5.02103e-07 6.04172e-06
scan 340 90 48 0 0 0 0 0 0 0 0 0
scan 340 90 49 0 0 0 0 0 0 0 0 0
scan 340 90 50 0 0 0 0 0 0 0 0 0
scan 340 90 51 0 0 0 0 0 0 0 0 0
scan 340 90 52 0 0 0 0 0 0 0 0 0
scan 340 90 53 0 0 0 0 0 0 0 0 0
scan 340 90 54 0 0 0 0 0 0 0 0 0
scan 340 90 55 0 0 0 0 0 0 0 0 0
scan 340 90 56 0 0 0 0 0 0 0 0 0
scan 340 90 57 0 0 0 0 0 0 0 0 0
scan 340 90 58 8.36838e-06 0 8.36838e-06 2.51051e-07 2.51051e-07 2.51051e-07 4.18419e-07 5.02103e-07 6.04172e-06
scan 340 90 59 0 0 0 0 0 0 0 0 0
scan 340 90 60 0 0 0 0 0 0 0 0 0
scan 340 90 61 0 0 0 0 0 0 0 0 0
scan 340 90 62 0 0 0 0 0 0 0 0 0
scan 340 90 63 0 0 0 0 0 0 0 0 0
scan 340 90 64 0 0 0 0 0 0 0 0 0
scan 340 90 65 0 0 0 0 0 0 0 0 0
scan 340 90 66 0 0 0 0 0 0 0 0 0
scan 340 90 67 0 0 0 0 0 0 0 0 0
scan 340 90 68 0 0 0 0 0 0 0 0 0
scan 340 90 69 0 0 0 0 0 0 0 0 0
scan 340 90 70 0 0 0 0 0 0 0 0 0
scan 340 90 71 0 0 0 0 0 0 0 0 0
scan 340 90 72 0 0 0 0 0 0 0 0 0
scan 340 90 73 0 0 0 0 0 0 0 0 0
scan 340 90 74 0 0 0 0 0 0 0 0 0
scan 340 90 75 0 0 0 0 0 0 0 0 0
scan 340 90 76 8.36838e-06 0 8.36838e-06 2.51051e-07 2.51051e-07 2.51051e-07 4.18419e-07 5.02103e-07 6.04172e-06
scan 340 90 77 0 0 0 0 0 0 0 0 0
scan 340 90 78 0 0 0 0 0 0 0 0 0
scan 340 90 79 0 0 0 0 0 0 0 0 0
scan 340 90 80 0 0 0 0 0 0 0 0 0
scan 340 90 81 0 0 0 0 0 0 0 0 0
scan 340 90 82 0 0 0 0 0 0 0 0 0
scan 340 90 83 0 0 0 0 0 0 0 0 0
scan 340 90 84 0 0 0 0 0 0 0 0 0
scan 340 90 85 0 0 0 0 0 0 0 0 0
scan 340 90 86 0 0 0 0 0 0 0 0 0
scan 340 90 87 0 0 0 0 0 0 0 0 0
scan 340 90 88 0 0 0 0 0 0 0 0 0
scan 340 90 89 0 0 0 0 0 0 0 0 0
scan 340 90 90 8.36838e-06 0 8.36838e-06 2.51051e-07 2.51051e-07 2.51051e-07 4.18419e-07 5.02103e-07 6.04172e-06
scan 340 90 91 2.51051e-05 0 1.44945e-05 7.53154e-07 7.53154e-07 7.53154e-07 1.25526e-06 1.50631e-06 1.81252e-05
scan 340 90 92 1.67368e-05 0 1.18347e-05 5.02103e-07 5.02103e-07 5.02103e-07 8.36838e-07 1.00421e-06 1.20834e-05
scan 340 90 93 0 0 0 0 0 0 0 0 0
scan 340 90 94 0 0 0 0 0 0 0 0 0
scan 340 90 95 0 0 0 0 0 0 0 0 0
scan 340 90 96 0 0 0 0 0 0 0 0 0
scan 340 90 97 8.36838e-06 0 8.36838e-06 2.51051e-07 2.51051e-07 2.51051e-07 4.18419e-07 5.02103e-07 6.04172e-06
scan 340 90 98 0 0 0 0 0 0 0 0 0
scan 340 90 99 0 0 0 0 0 0 0 0 0
scan 340 90 100 0 0 0 0 0 0 0 0 0
scan 340 90 101 8.36838e-06 0 8.36838e-06 2.51051e-07 2.51051e-07 2.51051e-07 4.18419e-07 5.02103e-07 6.04172e-06
scan 340 90 102 1.67368e-05 0 1.18347e-05 5.02103e-07 5.02103e-07 5.02103e-07 8.36838e-07 1.00421e-06 1.20834e-05
scan 340 90 103 3.34735e-05 0 1.67368e-05 1.00421e-06 1.00421e-06 1.00421e-06 1.67368e-06 2.00841e-06 2.41669e-05
scan 340 90 104 3.34735e-05 0 1.67368e-05 1.00421e-06 1.00421e-06 1.00421e-06 1.67368e-06 2.00841e-06 2.41669e-05
scan 340 90 60 0 0 0 0 0 0 0 0 0
scan 340 90 61 0 0 0 0 0 0 0 0 0
scan 340 90 62 0 0 0 0 0 0 0 0 0
scan 340 90 63 0 0 0 0 0 0 0 0 0
scan 340 90 64 0 0 0 0 0 0 0 0 0
scan 340 90 65 0 0 0 0 0 0 0 0 0
scan 340 90 66 0 0 0 0 0 0 0 0 0
scan 340 90 67 0 0 0 0 0 0 0 0 0
scan 340 90 68 0 0 0 0 0 0 0 0 0
scan 340 90 69 0 0 0 0 0 0 0 0 0
scan 340 90 70 0 0 0 0 0 0 0 0 0
scan 340 90 71 0 0 0 0 0 0 0 0 0
scan 340 90 72 0 0 0 0 0 0 0 0 0
scan 340 90 73 0 0 0 0 0 0 0 0 0
scan 340 90 74 0 0 0 0 0 0 0 0 0
scan 340 90 120 0 0 0 0 0 0 0 0 0
scan 340 90 121 0 0 0 0 0 0 0 0 0
scan 340 90 122 0 0 0 0 0 0 0 0 0
scan 340 90 123 0 0 0 0 0 0 0 0 0
scan 340 90 124 0 0 0 0 0 0 0 0 0
scan 340 90 125 0 0 0 0 0 0 0 0 0
scan 340 90 126 0 0 0 0 0 0 0 0 0
scan 340 90 127 0 0 0 0 0 0 0 0 0
scan 340 90 128 0 0 0 0 0 0 0 0 0
scan 340 90 129 0 0 0 0 0 0 0 0 0
scan 340 90 130 0 0 0 0 0 0 0 0 0
scan 340 90 131 0 0 0 0 0 0 0 0 0
scan 340 90 132 0 0 0 0 0 0 0 0 0
scan 340 90 133 0 0 0 0 0 0 0 0 0
scan 340 90 134 0 0 0 0 0 0 0 0 0
scan 340 90 135 0 0 0 0 0 0 0 0 0
scan 340 90 136 4.18419e-05 0 1.87123e-05 1.25526e-06 1.25526e-06 1.25526e-06 2.0921e-06 2.51051e-06 3.02086e-05
scan 340 90 137 1.67368e-05 0 1.18347e-05 5.02103e-07 5.02103e-07 5.02103e-07 8.36838e-07 1.00421e-06 1.20834e-05
scan 340 90 138 8.36838e-06 0 8.36838e-06 2.51051e-07 2.51051e-07 2.51051e-07 4.18419e-07 5.02103e-07 6.04172e-06
scan 340 90 139 0 0 0 0 0 0 0 0 0
scan 340 90 140 8.36838e-06 0 8.36838e-06 2.51051e-07 2.51051e-07 2.51051e-07 4.18419e-07 5.02103e-07 6.04172e-06
scan 340 90 141 0 0 0 0 0 0 0 0 0
scan 340 90 142 8.36838e-06 0 8.36838e-06 2.51051e-07 2.51051e-07 2.51051e-07 4.18419e-07 5.02103e-07 6.04172e-06
scan 340 90 143 8.36838e-06 0 8.36838e-06 2.51051e-07 2.51051e-07 2.51051e-07 4.18419e-07 5.02103e-07 6.04172e-06
scan 340 90 144 0 0 0 0 0 0 0 0 0
scan 340 90 145 0 0 0 0 0 0 0 0 0
scan 340 90 146 0 0 0 0 0 0 0 0 0
scan 340 90 147 8.36838e-06 0 8.36838e-06 2.51051e-07 2.51051e-07 2.51051e-07 4.18419e-07 5.02103e-07 6.04172e-06
scan 340 90 148 1.67368e-05 0 1.18347e-05 5.02103e-07 5.02103e-07 5.02103e-07 8.36838e-07 1.00421e-06 1.20834e-05
scan 340 90 149 8.36838e-06 0 8.36838e-06 2.51051e-07 2.51051e-07 2.51051e-07 4.18419e-07 5.02103e-07 6.04172e-06
scan 340 90 60 0 0 0 0 0 0 0 0 0
scan 340 90 61 0 0 0 0 0 0 0 0 0
scan 340 90 62 0 0 0 0 0 0 0 0 0
scan 340 90 63 0 0 0 0 0 0 0 0 0
scan 340 90 64 0 0 0 0 0 0 0 0 0
scan 340 90 65 0 0 0 0 0 0 0 0 0
scan 340 90 66 0 0 0 0 0 0 0 0 0
scan 340 90 67 0 0 0 0 0 0 0 0 0
scan 340 90 68 0 0 0 0 0 0 0 0 0
scan 340 90 69 0 0 0 0 0 0 0 0 0
scan 340 90 70 0 0 0 0 0 0 0 0 0
scan 340 90 71 0 0 0 0 0 0 0 0 0
scan 340 90 72 0 0 0 0 0 0 0 0 0
scan 340 90 73 0 0 0 0 0 0 0 0 0
scan 340 90 74 0 0 0 0 0 0 0 0 0
scan 340 90 165 0 0 0 0 0 0 0 0 0
scan 340 90 166 0 0 0 0 0 0 0 0 0
scan 340 90 167 0 0 0 0 0 0 0 0 0
scan 340 90 168 0 0 0 0 0 0 0 0 0
scan 340 90 169 0 0 0 0 0 0 0 0 0
scan 340 90 170 0 0 0 0 0 0 0 0 0
scan 340 90 171 0 0 0 0 0 0 0 0 0
scan 340 90 172 0 0 0 0 0 0 0 0 0
scan 340 90 173 0 0 0 0 0 0 0 0 0
scan 340 90 174 0 0 0 0 0 0 0 0 0
scan 340 90 175 0 0 0 0 0 0 0 0 0
scan 340 90 176 0 0 0 0 0 0 0 0 0
scan 340 90 177 0 0 0 0 0 0 0 0 0
scan 340 90 178 0 0 0 0 0 0 0 0 0
scan 340 90 179 0 0 0 0 0 0 0 0 0
