xsec 260 70 0.268225
scan 260 70 0 8.04837e-05 0 4.64673e-05 2.41451e-06 2.41451e-06 2.41451e-06 4.02419e-06 4.82902e-06 5.64232e-05
scan 260 70 1 0.000107312 0 5.36558e-05 3.21935e-06 3.21935e-06 3.21935e-06 5.36558e-06 6.4387e-06 7.5231e-05
scan 260 70 2 0.000187795 0 7.098e-05 5.63386e-06 5.63386e-06 5.63386e-06 9.38977e-06 1.12677e-05 0.000131654
scan 260 70 3 2.68279e-05 0 2.68279e-05 8.04837e-07 8.04837e-07 8.04837e-07 1.3414e-06 1.60967e-06 1.88077e-05
scan 260 70 4 0 0 0 0 0 0 0 0 0
scan 260 70 5 2.68279e-05 0 2.68279e-05 8.04837e-07 8.04837e-07 8.04837e-07 1.3414e-06 1.60967e-06 1.88077e-05
scan 260 70 6 0.000107312 0 5.36558e-05 3.21935e-06 3.21935e-06 3.21935e-06 5.36558e-06 6.4387e-06 7.5231e-05
scan 260 70 7 5.36558e-05 0 3.79404e-05 1.60967e-06 1.60967e-06 1.60967e-06 2.68279e-06 3.21935e-06 3.76155e-05
scan 260 70 8 2.68279e-05 0 2.68279e-05 8.04837e-07 8.04837e-07 8.04837e-07 1.3414e-06 1.60967e-06 1.88077e-05
scan 260 70 9 0 0 0 0 0 0 0 0 0
scan 260 70 10 0 0 0 0 0 0 0 0 0
scan 260 70 11 5.36558e-05 0 3.79404e-05 1.60967e-06 1.60967e-06 1.60967e-06 2.68279e-06 3.21935e-06 3.76155e-05
scan 260 70 12 5.36558e-05 0 3.79404e-05 1.60967e-06 1.60967e-06 1.60967e-06 2.68279e-06 3.21935e-06 3.76155e-05
scan 260 70 13 8.04837e-05 0 4.64673e-05 2.41451e-06 2.41451e-06 2.41451e-06 4.02419e-06 4.82902e-06 5.64232e-05
scan 260 70 14 8.04837e-05 0 4.64673e-05 2.41451e-06 2.41451e-06 2.41451e-06 4.02419e-06 4.82902e-06 5.64232e-05
scan 260 70 15 0.00260231 0 0.000264224 7.80692e-05 7.80692e-05 7.80692e-05 0.000130115 0.000156138 0.00182435
scan 260 70 16 0.0036486 0 0.000312865 0.000109458 0.000109458 0.000109458 0.00018243 0.000218916 0.00255785
scan 260 70 17 0.00332666 0 0.000298743 9.97998e-05 9.97998e-05 9.97998e-05 0.000166333 0.0001996 0.00233216
scan 260 70 18 0.00155602 0 0.000204315 4.66806e-05 4.66806e-05 4.66806e-05 7.7801e-05 9.33611e-05 0.00109085
scan 260 70 19 0.00139505 0 0.000193459 4.18515e-05 4.18515e-05 4.18515e-05 6.97526e-05 8.37031e-05 0.000978003
scan 260 70 20 8.04837e-05 0 4.64673e-05 2.41451e-06 2.41451e-06 2.41451e-06 4.02419e-06 4.82902e-06 5.64232e-05
scan 260 70 21 0.000885321 0 0.000154115 2.65596e-05 2.65596e-05 2.65596e-05 4.42661e-05 5.31193e-05 0.000620656
scan 260 70 22 0.00107312 0 0.000169675 3.21935e-05 3.21935e-05 3.21935e-05 5.36558e-05 6.4387e-05 0.00075231
scan 260 70 23 0.000563386 0 0.000122941 1.69016e-05 1.69016e-05 1.69016e-05 2.81693e-05 3.38032e-05 0.000394963
scan 260 70 24 0.000321935 0 9.29346e-05 9.65805e-06 9.65805e-06 9.65805e-06 1.60967e-05 1.93161e-05 0.000225693
scan 260 70 25 0 0 0 0 0 0 0 0 0
scan 260 70 26 0.000885321 0 0.000154115 2.65596e-05 2.65596e-05 2.65596e-05 4.42661e-05 5.31193e-05 0.000620656
scan 260 70 27 0.00241451 0 0.000254512 7.24354e-05 7.24354e-05 7.24354e-05 0.000120726 0.000144871 0.0016927
scan 260 70 28 0.00166333 0 0.000211243 4.98999e-05 4.98999e-05 4.98999e-05 8.31665e-05 9.97998e-05 0.00116608
scan 260 70 29 0.00126091 0 0.000183923 3.78274e-05 3.78274e-05 3.78274e-05 6.30456e-05 7.56547e-05 0.000883964
scan 260 70 30 0.000107312 0 5.36558e-05 3.21935e-06 3.21935e-06 3.21935e-06 5.36558e-06 6.4387e-06 7.5231e-05
scan 260 70 31 8.04837e-05 0 4.64673e-05 2.41451e-06 2.41451e-06 2.41451e-06 4.02419e-06 4.82902e-06 5.64232e-05
scan 260 70 32 0 0 0 0 0 0 0 0 0
scan 260 70 33 8.04837e-05 0 4.64673e-05 2.41451e-06 2.41451e-06 2.41451e-06 4.02419e-06 4.82902e-06 5.64232e-05
scan 260 70 34 2.68279e-05 0 2.68279e-05 8.04837e-07 8.04837e-07 8.04837e-07 1.3414e-06 1.60967e-06 1.88077e-05
scan 260 70 35 0 0 0 0 0 0 0 0 0
scan 260 70 36 2.68279e-05 0 2.68279e-05 8.04837e-07 8.04837e-07 8.04837e-07 1.3414e-06 1.60967e-06 1.88077e-05
scan 260 70 37 2.68279e-05 0 2.68279e-05 8.04837e-07 8.04837e-07 8.04837e-07 1.3414e-06 1.60967e-06 1.88077e-05
scan 260 70 38 2.68279e-05 0 2.68279e-05 8.04837e-07 8.04837e-07 8.04837e-07 1.3414e-06 1.60967e-06 1.88077e-05
scan 260 70 39 0 0 0 0 0 0 0 0 0
scan 260 70 40 0 0 0 0 0 0 0 0 0
scan 260 70 41 5.36558e-05 0 3.79404e-05 1.60967e-06 1.60967e-06 1.60967e-06 2.68279e-06 3.21935e-06 3.76155e-05
scan 260 70 42 0 0 0 0 0 0 0 0 0
scan 260 70 43 2.68279e-05 0 2.68279e-05 8.04837e-07 8.04837e-07 8.04837e-07 1.3414e-06 1.60967e-06 1.88077e-05
scan 260 70 44 5.36558e-05 0 3.79404e-05 1.60967e-06 1.60967e-06 1.60967e-06 2.68279e-06 3.21935e-06 3.76155e-05
scan 260 70 45 0 0 0 0 0 0 0 0 0
scan 260 70 46 0 0 0 0 0 0 0 0 0
scan 260 70 47 2.68279e-05 0 2.68279e-05 8.04837e-07 8.04837e-07 8.04837e-07 1.3414e-06 1.60967e-06 1.88077e-05
scan 260 70 48 0 0 0 0 0 0 0 0 0
scan 260 70 49 0 0 0 0 0 0 0 0 0
scan 260 70 50 0 0 0 0 0 0 0 0 0
scan 260 70 51 0 0 0 0 0 0 0 0 0
scan 260 70 52 2.68279e-05 0 2.68279e-05 8.04837e-07 8.04837e-07 8.04837e-07 1.3414e-06 1.60967e-06 1.88077e-05
scan 260 70 53 0 0 0 0 0 0 0 0 0
scan 260 70 54 0 0 0 0 0 0 0 0 0
scan 260 70 55 0 0 0 0 0 0 0 0 0
scan 260 70 56 2.68279e-05 0 2.68279e-05 8.04837e-07 8.04837e-07 8.04837e-07 1.3414e-06 1.60967e-06 1.88077e-05
scan 260 70 57 2.68279e-05 0 2.68279e-05 8.04837e-07 8.04837e-07 8.04837e-07 1.3414e-06 1.60967e-06 1.88077e-05
scan 260 70 58 0 0 0 0 0 0 0 0 0
scan 260 70 59 0 0 0 0 0 0 0 0 0
scan 260 70 60 0 0 0 0 0 0 0 0 0
scan 260 70 61 0 0 0 0 0 0 0 0 0
scan 260 70 62 0 0 0 0 0 0 0 0 0
scan 260 70 63 0 0 0 0 0 0 0 0 0
scan 260 70 64 0 0 0 0 0 0 0 0 0
scan 260 70 65 0 0 0 0 0 0 0 0 0
scan 260 70 66 0 0 0 0 0 0 0 0 0
scan 260 70 67 0 0 0 0 0 0 0 0 0
scan 260 70 68 0 0 0 0 0 0 0 0 0
scan 260 70 69 0 0 0 0 0 0 0 0 0
scan 260 70 70 0 0 0 0 0 0 0 0 0
scan 260 70 71 0 0 0 0 0 0 0 0 0
scan 260 70 72 0 0 0 0 0 0 0 0 0
scan 260 70 73 0 0 0 0 0 0 0 0 0
scan 260 70 74 0 0 0 0 0 0 0 0 0
scan 260 70 75 0 0 0 0 0 0 0 0 0
scan 260 70 76 0 0 0 0 0 0 0 0 0
scan 260 70 77 0 0 0 0 0 0 0 0 0
scan 260 70 78 0 0 0 0 0 0 0 0 0
scan 260 70 79 0 0 0 0 0 0 0 0 0
scan 260 70 80 0 0 0 0 0 0 0 0 0
scan 260 70 81 0 0 0 0 0 0 0 0 0
scan 260 70 82 0 0 0 0 0 0 0 0 0
scan 260 70 83 0 0 0 0 0 0 0 0 0
scan 260 70 84 0 0 0 0 0 0 0 0 0
scan 260 70 85 0 0 0 0 0 0 0 0 0
scan 260 70 86 0 0 0 0 0 0 0 0 0
scan 260 70 87 0 0 0 0 0 0 0 0 0
scan 260 70 88 0 0 0 0 0 0 0 0 0
scan 260 70 89 0 0 0 0 0 0 0 0 0
scan 260 70 90 0.00013414 0 5.9989e-05 4.02419e-06 4.02419e-06 4.02419e-06 6.70698e-06 8.04837e-06 9.40387e-05
scan 260 70 91 0.00013414 0 5.9989e-05 4.02419e-06 4.02419e-06 4.02419e-06 6.70698e-06 8.04837e-06 9.40387e-05
scan 260 70 92 0.000160967 0 6.57147e-05 4.82902e-06 4.82902e-06 4.82902e-06 8.04837e-06 9.65805e-06 0.000112846
scan 260 70 93 0 0 0 0 0 0 0 0 0
scan 260 70 94 0 0 0 0 0 0 0 0 0
scan 260 70 95 0 0 0 0 0 0 0 0 0
scan 260 70 96 2.68279e-05 0 2.68279e-05 8.04837e-07 8.04837e-07 8.04837e-07 1.3414e-06 1.60967e-06 1.88077e-05
scan 260 70 97 8.04837e-05 0 4.64673e-05 2.41451e-06 2.41451e-06 2.41451e-06 4.02419e-06 4.82902e-06 5.64232e-05
scan 260 70 98 0 0 0 0 0 0 0 0 0
scan 260 70 99 0 0 0 0 0 0 0 0 0
scan 260 70 100 0 0 0 0 0 0 0 0 0
scan 260 70 101 5.36558e-05 0 3.79404e-05 1.60967e-06 1.60967e-06 1.60967e-06 2.68279e-06 3.21935e-06 3.76155e-05
scan 260 70 102 0.000107312 0 5.36558e-05 3.21935e-06 3.21935e-06 3.21935e-06 5.36558e-06 6.4387e-06 7.5231e-05
scan 260 70 103 8.04837e-05 0 4.64673e-05 2.41451e-06 2.41451e-06 2.41451e-06 4.02419e-06 4.82902e-06 5.64232e-05
scan 260 70 104 0 0 0 0 0 0 0 0 0
scan 260 70 60 0 0 0 0 0 0 0 0 0
scan 260 70 61 0 0 0 0 0 0 0 0 0
scan 260 70 62 0 0 0 0 0 0 0 0 0
scan 260 70 63 0 0 0 0 0 0 0 0 0
scan 260 70 64 0 0 0 0 0 0 0 0 0
scan 260 70 65 0 0 0 0 0 0 0 0 0
scan 260 70 66 0 0 0 0 0 0 0 0 0
scan 260 70 67 0 0 0 0 0 0 0 0 0
scan 260 70 68 0 0 0 0 0 0 0 0 0
scan 260 70 69 0 0 0 0 0 0 0 0 0
scan 260 70 70 0 0 0 0 0 0 0 0 0
scan 260 70 71 0 0 0 0 0 0 0 0 0
scan 260 70 72 0 0 0 0 0 0 0 0 0
scan 260 70 73 0 0 0 0 0 0 0 0 0
scan 260 70 74 0 0 0 0 0 0 0 0 0
scan 260 70 120 0 0 0 0 0 0 0 0 0
scan 260 70 121 0 0 0 0 0 0 0 0 0
scan 260 70 122 0 0 0 0 0 0 0 0 0
scan 260 70 123 0 0 0 0 0 0 0 0 0
scan 260 70 124 0 0 0 0 0 0 0 0 0
scan 260 70 125 0 0 0 0 0 0 0 0 0
scan 260 70 126 0 0 0 0 0 0 0 0 0
scan 260 70 127 0 0 0 0 0 0 0 0 0
scan 260 70 128 0 0 0 0 0 0 0 0 0
scan 260 70 129 0 0 0 0 0 0 0 0 0
scan 260 70 130 0 0 0 0 0 0 0 0 0
scan 260 70 131 0 0 0 0 0 0 0 0 0
scan 260 70 132 0 0 0 0 0 0 0 0 0
scan 260 70 133 0 0 0 0 0 0 0 0 0
scan 260 70 134 0 0 0 0 0 0 0 0 0
scan 260 70 135 8.04837e-05 0 4.64673e-05 2.41451e-06 2.41451e-06 2.41451e-06 4.02419e-06 4.82902e-06 5.64232e-05
scan 260 70 136 5.36558e-05 0 3.79404e-05 1.60967e-06 1.60967e-06 1.60967e-06 2.68279e-06 3.21935e-06 3.76155e-05
scan 260 70 137 0 0 0 0 0 0 0 0 0
scan 260 70 138 0 0 0 0 0 0 0 0 0
scan 260 70 139 0 0 0 0 0 0 0 0 0
scan 260 70 140 2.68279e-05 0 2.68279e-05 8.04837e-07 8.04837e-07 8.04837e-07 1.3414e-06 1.60967e-06 1.88077e-05
scan 260 70 141 2.68279e-05 0 2.68279e-05 8.04837e-07 8.04837e-07 8.04837e-07 1.3414e-06 1.60967e-06 1.88077e-05
scan 260 70 142 5.36558e-05 0 3.79404e-05 1.60967e-06 1.60967e-06 1.60967e-06 2.68279e-06 3.21935e-06 3.76155e-05
scan 260 70 143 0 0 0 0 0 0 0 0 0
scan 260 70 144 2.68279e-05 0 2.68279e-05 8.04837e-07 8.04837e-07 8.04837e-07 1.3414e-06 1.60967e-06 1.88077e-05
scan 260 70 145 0 0 0 0 0 0 0 0 0
scan 260 70 146 0 0 0 0 0 0 0 0 0
scan 260 70 147 0 0 0 0 0 0 0 0 0
scan 260 70 148 0 0 0 0 0 0 0 0 0
scan 260 70 149 0 0 0 0 0 0 0 0 0
scan 260 70 60 0 0 0 0 0 0 0 0 0
scan 260 70 61 0 0 0 0 0 0 0 0 0
scan 260 70 62 0 0 0 0 0 0 0 0 0
scan 260 70 63 0 0 0 0 0 0 0 0 0
scan 260 70 64 0 0 0 0 0 0 0 0 0
scan 260 70 65 0 0 0 0 0 0 0 0 0
scan 260 70 66 0 0 0 0 0 0 0 0 0
scan 260 70 67 0 0 0 0 0 0 0 0 0
scan 260 70 68 0 0 0 0 0 0 0 0 0
scan 260 70 69 0 0 0 0 0 0 0 0 0
scan 260 70 70 0 0 0 0 0 0 0 0 0
scan 260 70 71 0 0 0 0 0 0 0 0 0
scan 260 70 72 0 0 0 0 0 0 0 0 0
scan 260 70 73 0 0 0 0 0 0 0 0 0
scan 260 70 74 0 0 0 0 0 0 0 0 0
scan 260 70 165 0 0 0 0 0 0 0 0 0
scan 260 70 166 0 0 0 0 0 0 0 0 0
scan 260 70 167 2.68279e-05 0 2.68279e-05 8.04837e-07 8.04837e-07 8.04837e-07 1.3414e-06 1.60967e-06 1.88077e-05
scan 260 70 168 0 0 0 0 0 0 0 0 0
scan 260 70 169 0 0 0 0 0 0 0 0 0
scan 260 70 170 0 0 0 0 0 0 0 0 0
scan 260 70 171 0 0 0 0 0 0 0 0 0
scan 260 70 172 0 0 0 0 0 0 0 0 0
scan 260 70 173 0 0 0 0 0 0 0 0 0
scan 260 70 174 0 0 0 0 0 0 0 0 0
scan 260 70 175 0 0 0 0 0 0 0 0 0
scan 260 70 176 0 0 0 0 0 0 0 0 0
scan 260 70 177 0 0 0 0 0 0 0 0 0
scan 260 70 178 0 0 0 0 0 0 0 0 0
scan 260 70 179 0 0 0 0 0 0 0 0 0
