xsec 220 40 0.535834
scan 220 40 0 0.000267944 0 0.000119828 8.03831e-06 8.03831e-06 8.03831e-06 1.33972e-05 1.60766e-05 0.00018456
scan 220 40 1 0.000535887 0 0.000169462 1.60766e-05 1.60766e-05 1.60766e-05 2.67944e-05 3.21532e-05 0.000369119
scan 220 40 2 0.000267944 0 0.000119828 8.03831e-06 8.03831e-06 8.03831e-06 1.33972e-05 1.60766e-05 0.00018456
scan 220 40 3 0.000214355 0 0.000107177 6.43065e-06 6.43065e-06 6.43065e-06 1.07177e-05 1.28613e-05 0.000147648
scan 220 40 4 5.35887e-05 0 5.35887e-05 1.60766e-06 1.60766e-06 1.60766e-06 2.67944e-06 3.21532e-06 3.69119e-05
scan 220 40 5 0 0 0 0 0 0 0 0 0
scan 220 40 6 0.000160766 0 9.28184e-05 4.82299e-06 4.82299e-06 4.82299e-06 8.03831e-06 9.64597e-06 0.000110736
scan 220 40 7 0.000160766 0 9.28184e-05 4.82299e-06 4.82299e-06 4.82299e-06 8.03831e-06 9.64597e-06 0.000110736
scan 220 40 8 0 0 0 0 0 0 0 0 0
scan 220 40 9 0 0 0 0 0 0 0 0 0
scan 220 40 10 0 0 0 0 0 0 0 0 0
scan 220 40 11 0.000160766 0 9.28184e-05 4.82299e-06 4.82299e-06 4.82299e-06 8.03831e-06 9.64597e-06 0.000110736
scan 220 40 12 0.000214355 0 0.000107177 6.43065e-06 6.43065e-06 6.43065e-06 1.07177e-05 1.28613e-05 0.000147648
scan 220 40 13 0.000107177 0 7.57859e-05 3.21532e-06 3.21532e-06 3.21532e-06 5.35887e-06 6.43065e-06 7.38238e-05
scan 220 40 14 5.35887e-05 0 5.35887e-05 1.60766e-06 1.60766e-06 1.60766e-06 2.67944e-06 3.21532e-06 3.69119e-05
scan 220 40 15 0.00589476 0 0.000562043 0.000176843 0.000176843 0.000176843 0.000294738 0.000353686 0.00406031
scan 220 40 16 0.00943162 0 0.000710935 0.000282948 0.000282948 0.000282948 0.000471581 0.000565897 0.0064965
scan 220 40 17 0.00498375 0 0.000516791 0.000149513 0.000149513 0.000149513 0.000249188 0.000299025 0.00343281
scan 220 40 18 0.00208996 0 0.000334662 6.26988e-05 6.26988e-05 6.26988e-05 0.000104498 0.000125398 0.00143957
scan 220 40 19 0.00133972 0 0.000267944 4.01915e-05 4.01915e-05 4.01915e-05 6.69859e-05 8.03831e-05 0.000922798
scan 220 40 20 0.000214355 0 0.000107177 6.43065e-06 6.43065e-06 6.43065e-06 1.07177e-05 1.28613e-05 0.000147648
scan 220 40 21 0.00192919 0 0.000321532 5.78758e-05 5.78758e-05 5.78758e-05 9.64597e-05 0.000115752 0.00132883
scan 220 40 22 0.00225073 0 0.000347295 6.75218e-05 6.75218e-05 6.75218e-05 0.000112536 0.000135044 0.0015503
scan 220 40 23 0.000750242 0 0.000200511 2.25073e-05 2.25073e-05 2.25073e-05 3.75121e-05 4.50145e-05 0.000516767
scan 220 40 24 0.000107177 0 7.57859e-05 3.21532e-06 3.21532e-06 3.21532e-06 5.35887e-06 6.43065e-06 7.38238e-05
scan 220 40 25 0.000160766 0 9.28184e-05 4.82299e-06 4.82299e-06 4.82299e-06 8.03831e-06 9.64597e-06 0.000110736
scan 220 40 26 0.00166125 0 0.000298369 4.98375e-05 4.98375e-05 4.98375e-05 8.30625e-05 9.9675e-05 0.00114427
scan 220 40 27 0.00305456 0 0.000404586 9.16367e-05 9.16367e-05 9.16367e-05 0.000152728 0.000183273 0.00210398
scan 220 40 28 0.00289379 0 0.000393795 8.68137e-05 8.68137e-05 8.68137e-05 0.00014469 0.000173627 0.00199324
scan 220 40 29 0.000696653 0 0.000193217 2.08996e-05 2.08996e-05 2.08996e-05 3.48327e-05 4.17992e-05 0.000479855
scan 220 40 30 0.000107177 0 7.57859e-05 3.21532e-06 3.21532e-06 3.21532e-06 5.35887e-06 6.43065e-06 7.38238e-05
scan 220 40 31 0.000375121 0 0.000141782 1.12536e-05 1.12536e-05 1.12536e-05 1.87561e-05 2.25073e-05 0.000258383
scan 220 40 32 0.000214355 0 0.000107177 6.43065e-06 6.43065e-06 6.43065e-06 1.07177e-05 1.28613e-05 0.000147648
scan 220 40 33 0 0 0 0 0 0 0 0 0
scan 220 40 34 0 0 0 0 0 0 0 0 0
scan 220 40 35 5.35887e-05 0 5.35887e-05 1.60766e-06 1.60766e-06 1.60766e-06 2.67944e-06 3.21532e-06 3.69119e-05
scan 220 40 36 0.000107177 0 7.57859e-05 3.21532e-06 3.21532e-06 3.21532e-06 5.35887e-06 6.43065e-06 7.38238e-05
scan 220 40 37 0.000214355 0 0.000107177 6.43065e-06 6.43065e-06 6.43065e-06 1.07177e-05 1.28613e-05 0.000147648
scan 220 40 38 5.35887e-05 0 5.35887e-05 1.60766e-06 1.60766e-06 1.60766e-06 2.67944e-06 3.21532e-06 3.69119e-05
scan 220 40 39 5.35887e-05 0 5.35887e-05 1.60766e-06 1.60766e-06 1.60766e-06 2.67944e-06 3.21532e-06 3.69119e-05
scan 220 40 40 5.35887e-05 0 5.35887e-05 1.60766e-06 1.60766e-06 1.60766e-06 2.67944e-06 3.21532e-06 3.69119e-05
scan 220 40 41 0 0 0 0 0 0 0 0 0
scan 220 40 42 0.000214355 0 0.000107177 6.43065e-06 6.43065e-06 6.43065e-06 1.07177e-05 1.28613e-05 0.000147648
scan 220 40 43 0 0 0 0 0 0 0 0 0
scan 220 40 44 0 0 0 0 0 0 0 0 0
scan 220 40 45 5.35887e-05 0 5.35887e-05 1.60766e-06 1.60766e-06 1.60766e-06 2.67944e-06 3.21532e-06 3.69119e-05
scan 220 40 46 0.000107177 0 7.57859e-05 3.21532e-06 3.21532e-06 3.21532e-06 5.35887e-06 6.43065e-06 7.38238e-05
scan 220 40 47 0 0 0 0 0 0 0 0 0
scan 220 40 48 0 0 0 0 0 0 0 0 0
scan 220 40 49 0 0 0 0 0 0 0 0 0
scan 220 40 50 0 0 0 0 0 0 0 0 0
scan 220 40 51 0.000107177 0 7.57859e-05 3.21532e-06 3.21532e-06 3.21532e-06 5.35887e-06 6.43065e-06 7.38238e-05
scan 220 40 52 0 0 0 0 0 0 0 0 0
scan 220 40 53 0 0 0 0 0 0 0 0 0
scan 220 40 54 0 0 0 0 0 0 0 0 0
scan 220 40 55 0 0 0 0 0 0 0 0 0
scan 220 40 56 0 0 0 0 0 0 0 0 0
scan 220 40 57 0.000107177 0 7.57859e-05 3.21532e-06 3.21532e-06 3.21532e-06 5.35887e-06 6.43065e-06 7.38238e-05
scan 220 40 58 5.35887e-05 0 5.35887e-05 1.60766e-06 1.60766e-06 1.60766e-06 2.67944e-06 3.21532e-06 3.69119e-05
scan 220 40 59 0 0 0 0 0 0 0 0 0
scan 220 40 60 0 0 0 0 0 0 0 0 0
scan 220 40 61 0 0 0 0 0 0 0 0 0
scan 220 40 62 0 0 0 0 0 0 0 0 0
scan 220 40 63 0 0 0 0 0 0 0 0 0
scan 220 40 64 0 0 0 0 0 0 0 0 0
scan 220 40 65 0 0 0 0 0 0 0 0 0
scan 220 40 66 0 0 0 0 0 0 0 0 0
scan 220 40 67 0 0 0 0 0 0 0 0 0
scan 220 40 68 0 0 0 0 0 0 0 0 0
scan 220 40 69 0 0 0 0 0 0 0 0 0
scan 220 40 70 0 0 0 0 0 0 0 0 0
scan 220 40 71 0 0 0 0 0 0 0 0 0
scan 220 40 72 0 0 0 0 0 0 0 0 0
scan 220 40 73 0 0 0 0 0 0 0 0 0
scan 220 40 74 0 0 0 0 0 0 0 0 0
scan 220 40 75 0 0 0 0 0 0 0 0 0
scan 220 40 76 0 0 0 0 0 0 0 0 0
scan 220 40 77 0 0 0 0 0 0 0 0 0
scan 220 40 78 0 0 0 0 0 0 0 0 0
scan 220 40 79 0 0 0 0 0 0 0 0 0
scan 220 40 80 0 0 0 0 0 0 0 0 0
scan 220 40 81 0 0 0 0 0 0 0 0 0
scan 220 40 82 0 0 0 0 0 0 0 0 0
scan 220 40 83 0 0 0 0 0 0 0 0 0
scan 220 40 84 0 0 0 0 0 0 0 0 0
scan 220 40 85 0 0 0 0 0 0 0 0 0
scan 220 40 86 0 0 0 0 0 0 0 0 0
scan 220 40 87 0 0 0 0 0 0 0 0 0
scan 220 40 88 0 0 0 0 0 0 0 0 0
scan 220 40 89 0 0 0 0 0 0 0 0 0
scan 220 40 90 0.000321532 0 0.000131265 9.64597e-06 9.64597e-06 9.64597e-06 1.60766e-05 1.92919e-05 0.000221472
scan 220 40 91 0.000160766 0 9.28184e-05 4.82299e-06 4.82299e-06 4.82299e-06 8.03831e-06 9.64597e-06 0.000110736
scan 220 40 92 5.35887e-05 0 5.35887e-05 1.60766e-06 1.60766e-06 1.60766e-06 2.67944e-06 3.21532e-06 3.69119e-05
scan 220 40 93 5.35887e-05 0 5.35887e-05 1.60766e-06 1.60766e-06 1.60766e-06 2.67944e-06 3.21532e-06 3.69119e-05
scan 220 40 94 0 0 0 0 0 0 0 0 0
scan 220 40 95 5.35887e-05 0 5.35887e-05 1.60766e-06 1.60766e-06 1.60766e-06 2.67944e-06 3.21532e-06 3.69119e-05
scan 220 40 96 0.000160766 0 9.28184e-05 4.82299e-06 4.82299e-06 4.82299e-06 8.03831e-06 9.64597e-06 0.000110736
scan 220 40 97 0 0 0 0 0 0 0 0 0
scan 220 40 98 0 0 0 0 0 0 0 0 0
scan 220 40 99 0 0 0 0 0 0 0 0 0
scan 220 40 100 0 0 0 0 0 0 0 0 0
scan 220 40 101 5.35887e-05 0 5.35887e-05 1.60766e-06 1.60766e-06 1.60766e-06 2.67944e-06 3.21532e-06 3.69119e-05
scan 220 40 102 0.000160766 0 9.28184e-05 4.82299e-06 4.82299e-06 4.82299e-06 8.03831e-06 9.64597e-06 0.000110736
scan 220 40 103 5.35887e-05 0 5.35887e-05 1.60766e-06 1.60766e-06 1.60766e-06 2.67944e-06 3.21532e-06 3.69119e-05
scan 220 40 104 0 0 0 0 0 0 0 0 0
scan 220 40 60 0 0 0 0 0 0 0 0 0
scan 220 40 61 0 0 0 0 0 0 0 0 0
scan 220 40 62 0 0 0 0 0 0 0 0 0
scan 220 40 63 0 0 0 0 0 0 0 0 0
scan 220 40 64 0 0 0 0 0 0 0 0 0
scan 220 40 65 0 0 0 0 0 0 0 0 0
scan 220 40 66 0 0 0 0 0 0 0 0 0
scan 220 40 67 0 0 0 0 0 0 0 0 0
scan 220 40 68 0 0 0 0 0 0 0 0 0
scan 220 40 69 0 0 0 0 0 0 0 0 0
scan 220 40 70 0 0 0 0 0 0 0 0 0
scan 220 40 71 0 0 0 0 0 0 0 0 0
scan 220 40 72 0 0 0 0 0 0 0 0 0
scan 220 40 73 0 0 0 0 0 0 0 0 0
scan 220 40 74 0 0 0 0 0 0 0 0 0
scan 220 40 120 0 0 0 0 0 0 0 0 0
scan 220 40 121 0 0 0 0 0 0 0 0 0
scan 220 40 122 0 0 0 0 0 0 0 0 0
scan 220 40 123 0 0 0 0 0 0 0 0 0
scan 220 40 124 0 0 0 0 0 0 0 0 0
scan 220 40 125 0 0 0 0 0 0 0 0 0
scan 220 40 126 0 0 0 0 0 0 0 0 0
scan 220 40 127 0 0 0 0 0 0 0 0 0
scan 220 40 128 0 0 0 0 0 0 0 0 0
scan 220 40 129 0 0 0 0 0 0 0 0 0
scan 220 40 130 0 0 0 0 0 0 0 0 0
scan 220 40 131 0 0 0 0 0 0 0 0 0
scan 220 40 132 0 0 0 0 0 0 0 0 0
scan 220 40 133 0 0 0 0 0 0 0 0 0
scan 220 40 134 0 0 0 0 0 0 0 0 0
scan 220 40 135 0.000160766 0 9.28184e-05 4.82299e-06 4.82299e-06 4.82299e-06 8.03831e-06 9.64597e-06 0.000110736
scan 220 40 136 0.000160766 0 9.28184e-05 4.82299e-06 4.82299e-06 4.82299e-06 8.03831e-06 9.64597e-06 0.000110736
scan 220 40 137 5.35887e-05 0 5.35887e-05 1.60766e-06 1.60766e-06 1.60766e-06 2.67944e-06 3.21532e-06 3.69119e-05
scan 220 40 138 0 0 0 0 0 0 0 0 0
scan 220 40 139 0 0 0 0 0 0 0 0 0
scan 220 40 140 0 0 0 0 0 0 0 0 0
scan 220 40 141 0 0 0 0 0 0 0 0 0
scan 220 40 142 0 0 0 0 0 0 0 0 0
scan 220 40 143 0 0 0 0 0 0 0 0 0
scan 220 40 144 0 0 0 0 0 0 0 0 0
scan 220 40 145 0 0 0 0 0 0 0 0 0
scan 220 40 146 5.35887e-05 0 5.35887e-05 1.60766e-06 1.60766e-06 1.60766e-06 2.67944e-06 3.21532e-06 3.69119e-05
scan 220 40 147 5.35887e-05 0 5.35887e-05 1.60766e-06 1.60766e-06 1.60766e-06 2.67944e-06 3.21532e-06 3.69119e-05
scan 220 40 148 0 0 0 0 0 0 0 0 0
scan 220 40 149 0 0 0 0 0 0 0 0 0
scan 220 40 60 0 0 0 0 0 0 0 0 0
scan 220 40 61 0 0 0 0 0 0 0 0 0
scan 220 40 62 0 0 0 0 0 0 0 0 0
scan 220 40 63 0 0 0 0 0 0 0 0 0
scan 220 40 64 0 0 0 0 0 0 0 0 0
scan 220 40 65 0 0 0 0 0 0 0 0 0
scan 220 40 66 0 0 0 0 0 0 0 0 0
scan 220 40 67 0 0 0 0 0 0 0 0 0
scan 220 40 68 0 0 0 0 0 0 0 0 0
scan 220 40 69 0 0 0 0 0 0 0 0 0
scan 220 40 70 0 0 0 0 0 0 0 0 0
scan 220 40 71 0 0 0 0 0 0 0 0 0
scan 220 40 72 0 0 0 0 0 0 0 0 0
scan 220 40 73 0 0 0 0 0 0 0 0 0
scan 220 40 74 0 0 0 0 0 0 0 0 0
scan 220 40 165 0 0 0 0 0 0 0 0 0
scan 220 40 166 0 0 0 0 0 0 0 0 0
scan 220 40 167 0 0 0 0 0 0 0 0 0
scan 220 40 168 0 0 0 0 0 0 0 0 0
scan 220 40 169 0 0 0 0 0 0 0 0 0
scan 220 40 170 0 0 0 0 0 0 0 0 0
scan 220 40 171 5.35887e-05 0 5.35887e-05 1.60766e-06 1.60766e-06 1.60766e-06 2.67944e-06 3.21532e-06 3.69119e-05
scan 220 40 172 0 0 0 0 0 0 0 0 0
scan 220 40 173 0 0 0 0 0 0 0 0 0
scan 220 40 174 0 0 0 0 0 0 0 0 0
scan 220 40 175 0 0 0 0 0 0 0 0 0
scan 220 40 176 0 0 0 0 0 0 0 0 0
scan 220 40 177 0 0 0 0 0 0 0 0 0
scan 220 40 178 0 0 0 0 0 0 0 0 0
scan 220 40 179 0 0 0 0 0 0 0 0 0
