xsec 400 160 0.0393429
scan 400 160 0 1.57387e-05 0 7.86936e-06 4.72162e-07 4.72162e-07 4.72162e-07 7.86936e-07 9.44323e-07 1.15632e-05
scan 400 160 1 2.75428e-05 0 1.04102e-05 8.26283e-07 8.26283e-07 8.26283e-07 1.37714e-06 1.65257e-06 2.02356e-05
scan 400 160 2 3.93468e-06 0 3.93468e-06 1.1804e-07 1.1804e-07 1.1804e-07 1.96734e-07 2.36081e-07 2.89079e-06
scan 400 160 3 3.93468e-06 0 3.93468e-06 1.1804e-07 1.1804e-07 1.1804e-07 1.96734e-07 2.36081e-07 2.89079e-06
scan 400 160 4 2.75428e-05 0 1.04102e-05 8.26283e-07 8.26283e-07 8.26283e-07 1.37714e-06 1.65257e-06 2.02356e-05
scan 400 160 5 7.86936e-06 0 5.56448e-06 2.36081e-07 2.36081e-07 2.36081e-07 3.93468e-07 4.72162e-07 5.78159e-06
scan 400 160 6 1.57387e-05 0 7.86936e-06 4.72162e-07 4.72162e-07 4.72162e-07 7.86936e-07 9.44323e-07 1.15632e-05
scan 400 160 7 0 0 0 0 0 0 0 0 0
scan 400 160 8 3.93468e-06 0 3.93468e-06 1.1804e-07 1.1804e-07 1.1804e-07 1.96734e-07 2.36081e-07 2.89079e-06
scan 400 160 9 0 0 0 0 0 0 0 0 0
scan 400 160 10 0 0 0 0 0 0 0 0 0
scan 400 160 11 7.86936e-06 0 5.56448e-06 2.36081e-07 2.36081e-07 2.36081e-07 3.93468e-07 4.72162e-07 5.78159e-06
scan 400 160 12 1.1804e-05 0 6.81506e-06 3.54121e-07 3.54121e-07 3.54121e-07 5.90202e-07 7.08242e-07 8.67238e-06
scan 400 160 13 7.86936e-06 0 5.56448e-06 2.36081e-07 2.36081e-07 2.36081e-07 3.93468e-07 4.72162e-07 5.78159e-06
scan 400 160 14 1.1804e-05 0 6.81506e-06 3.54121e-07 3.54121e-07 3.54121e-07 5.90202e-07 7.08242e-07 8.67238e-06
scan 400 160 15 0.000157387 0 2.48851e-05 4.72162e-06 4.72162e-06 4.72162e-06 7.86936e-06 9.44323e-06 0.000115632
scan 400 160 16 0.000354121 0 3.73276e-05 1.06236e-05 1.06236e-05 1.06236e-05 1.77061e-05 2.12473e-05 0.000260172
scan 400 160 17 0.000405272 0 3.99326e-05 1.21582e-05 1.21582e-05 1.21582e-05 2.02636e-05 2.43163e-05 0.000297752
scan 400 160 18 0.000283297 0 3.33869e-05 8.49891e-06 8.49891e-06 8.49891e-06 1.41648e-05 1.69978e-05 0.000208137
scan 400 160 19 0.000291166 0 3.38474e-05 8.73499e-06 8.73499e-06 8.73499e-06 1.45583e-05 1.747e-05 0.000213919
scan 400 160 20 2.75428e-05 0 1.04102e-05 8.26283e-07 8.26283e-07 8.26283e-07 1.37714e-06 1.65257e-06 2.02356e-05
scan 400 160 21 8.65629e-05 0 1.84553e-05 2.59689e-06 2.59689e-06 2.59689e-06 4.32815e-06 5.19378e-06 6.35975e-05
scan 400 160 22 0.000141648 0 2.36081e-05 4.24945e-06 4.24945e-06 4.24945e-06 7.08242e-06 8.49891e-06 0.000104069
scan 400 160 23 0.00012591 0 2.22579e-05 3.77729e-06 3.77729e-06 3.77729e-06 6.29549e-06 7.55458e-06 9.25054e-05
scan 400 160 24 0.000137714 0 2.32779e-05 4.13141e-06 4.13141e-06 4.13141e-06 6.88569e-06 8.26283e-06 0.000101178
scan 400 160 25 7.86936e-06 0 5.56448e-06 2.36081e-07 2.36081e-07 2.36081e-07 3.93468e-07 4.72162e-07 5.78159e-06
scan 400 160 26 9.44323e-05 0 1.92759e-05 2.83297e-06 2.83297e-06 2.83297e-06 4.72162e-06 5.66594e-06 6.93791e-05
scan 400 160 27 0.000263624 0 3.22067e-05 7.90871e-06 7.90871e-06 7.90871e-06 1.31812e-05 1.58174e-05 0.000193683
scan 400 160 28 0.000330513 0 3.60619e-05 9.91539e-06 9.91539e-06 9.91539e-06 1.65257e-05 1.98308e-05 0.000242827
scan 400 160 29 0.00073185 0 5.36619e-05 2.19555e-05 2.19555e-05 2.19555e-05 3.65925e-05 4.3911e-05 0.000537688
scan 400 160 30 3.93468e-06 0 3.93468e-06 1.1804e-07 1.1804e-07 1.1804e-07 1.96734e-07 2.36081e-07 2.89079e-06
scan 400 160 31 2.36081e-05 0 9.63796e-06 7.08242e-07 7.08242e-07 7.08242e-07 1.1804e-06 1.41648e-06 1.73448e-05
scan 400 160 32 1.57387e-05 0 7.86936e-06 4.72162e-07 4.72162e-07 4.72162e-07 7.86936e-07 9.44323e-07 1.15632e-05
scan 400 160 33 7.86936e-06 0 5.56448e-06 2.36081e-07 2.36081e-07 2.36081e-07 3.93468e-07 4.72162e-07 5.78159e-06
scan 400 160 34 1.1804e-05 0 6.81506e-06 3.54121e-07 3.54121e-07 3.54121e-07 5.90202e-07 7.08242e-07 8.67238e-06
scan 400 160 35 0 0 0 0 0 0 0 0 0
scan 400 160 36 3.93468e-06 0 3.93468e-06 1.1804e-07 1.1804e-07 1.1804e-07 1.96734e-07 2.36081e-07 2.89079e-06
scan 400 160 37 3.93468e-06 0 3.93468e-06 1.1804e-07 1.1804e-07 1.1804e-07 1.96734e-07 2.36081e-07 2.89079e-06
scan 400 160 38 0 0 0 0 0 0 0 0 0
scan 400 160 39 3.93468e-06 0 3.93468e-06 1.1804e-07 1.1804e-07 1.1804e-07 1.96734e-07 2.36081e-07 2.89079e-06
scan 400 160 40 0 0 0 0 0 0 0 0 0
scan 400 160 41 0 0 0 0 0 0 0 0 0
scan 400 160 42 3.93468e-06 0 3.93468e-06 1.1804e-07 1.1804e-07 1.1804e-07 1.96734e-07 2.36081e-07 2.89079e-06
scan 400 160 43 3.93468e-06 0 3.93468e-06 1.1804e-07 1.1804e-07 1.1804e-07 1.96734e-07 2.36081e-07 2.89079e-06
scan 400 160 44 2.36081e-05 0 9.63796e-06 7.08242e-07 7.08242e-07 7.08242e-07 1.1804e-06 1.41648e-06 1.73448e-05
scan 400 160 45 3.93468e-06 0 3.93468e-06 1.1804e-07 1.1804e-07 1.1804e-07 1.96734e-07 2.36081e-07 2.89079e-06
scan 400 160 46 0 0 0 0 0 0 0 0 0
scan 400 160 47 0 0 0 0 0 0 0 0 0
scan 400 160 48 0 0 0 0 0 0 0 0 0
scan 400 160 49 0 0 0 0 0 0 0 0 0
scan 400 160 50 3.93468e-06 0 3.93468e-06 1.1804e-07 1.1804e-07 1.1804e-07 1.96734e-07 2.36081e-07 2.89079e-06
scan 400 160 51 0 0 0 0 0 0 0 0 0
scan 400 160 52 0 0 0 0 0 0 0 0 0
scan 400 160 53 0 0 0 0 0 0 0 0 0
scan 400 160 54 0 0 0 0 0 0 0 0 0
scan 400 160 55 0 0 0 0 0 0 0 0 0
scan 400 160 56 0 0 0 0 0 0 0 0 0
scan 400 160 57 0 0 0 0 0 0 0 0 0
scan 400 160 58 0 0 0 0 0 0 0 0 0
scan 400 160 59 0 0 0 0 0 0 0 0 0
scan 400 160 60 0 0 0 0 0 0 0 0 0
scan 400 160 61 0 0 0 0 0 0 0 0 0
scan 400 160 62 0 0 0 0 0 0 0 0 0
scan 400 160 63 0 0 0 0 0 0 0 0 0
scan 400 160 64 0 0 0 0 0 0 0 0 0
scan 400 160 65 0 0 0 0 0 0 0 0 0
scan 400 160 66 0 0 0 0 0 0 0 0 0
scan 400 160 67 0 0 0 0 0 0 0 0 0
scan 400 160 68 0 0 0 0 0 0 0 0 0
scan 400 160 69 0 0 0 0 0 0 0 0 0
scan 400 160 70 0 0 0 0 0 0 0 0 0
scan 400 160 71 0 0 0 0 0 0 0 0 0
scan 400 160 72 0 0 0 0 0 0 0 0 0
scan 400 160 73 0 0 0 0 0 0 0 0 0
scan 400 160 74 0 0 0 0 0 0 0 0 0
scan 400 160 75 0 0 0 0 0 0 0 0 0
scan 400 160 76 0 0 0 0 0 0 0 0 0
scan 400 160 77 0 0 0 0 0 0 0 0 0
scan 400 160 78 0 0 0 0 0 0 0 0 0
scan 400 160 79 0 0 0 0 0 0 0 0 0
scan 400 160 80 0 0 0 0 0 0 0 0 0
scan 400 160 81 0 0 0 0 0 0 0 0 0
scan 400 160 82 0 0 0 0 0 0 0 0 0
scan 400 160 83 0 0 0 0 0 0 0 0 0
scan 400 160 84 0 0 0 0 0 0 0 0 0
scan 400 160 85 0 0 0 0 0 0 0 0 0
scan 400 160 86 0 0 0 0 0 0 0 0 0
scan 400 160 87 0 0 0 0 0 0 0 0 0
scan 400 160 88 0 0 0 0 0 0 0 0 0
scan 400 160 89 0 0 0 0 0 0 0 0 0
scan 400 160 90 1.1804e-05 0 6.81506e-06 3.54121e-07 3.54121e-07 3.54121e-07 5.90202e-07 7.08242e-07 8.67238e-06
scan 400 160 91 0 0 0 0 0 0 0 0 0
scan 400 160 92 7.86936e-06 0 5.56448e-06 2.36081e-07 2.36081e-07 2.36081e-07 3.93468e-07 4.72162e-07 5.78159e-06
scan 400 160 93 0 0 0 0 0 0 0 0 0
scan 400 160 94 3.93468e-06 0 3.93468e-06 1.1804e-07 1.1804e-07 1.1804e-07 1.96734e-07 2.36081e-07 2.89079e-06
scan 400 160 95 0 0 0 0 0 0 0 0 0
scan 400 160 96 7.86936e-06 0 5.56448e-06 2.36081e-07 2.36081e-07 2.36081e-07 3.93468e-07 4.72162e-07 5.78159e-06
scan 400 160 97 3.93468e-06 0 3.93468e-06 1.1804e-07 1.1804e-07 1.1804e-07 1.96734e-07 2.36081e-07 2.89079e-06
scan 400 160 98 0 0 0 0 0 0 0 0 0
scan 400 160 99 0 0 0 0 0 0 0 0 0
scan 400 160 100 0 0 0 0 0 0 0 0 0
scan 400 160 101 1.1804e-05 0 6.81506e-06 3.54121e-07 3.54121e-07 3.54121e-07 5.90202e-07 7.08242e-07 8.67238e-06
scan 400 160 102 7.86936e-06 0 5.56448e-06 2.36081e-07 2.36081e-07 2.36081e-07 3.93468e-07 4.72162e-07 5.78159e-06
scan 400 160 103 1.57387e-05 0 7.86936e-06 4.72162e-07 4.72162e-07 4.72162e-07 7.86936e-07 9.44323e-07 1.15632e-05
scan 400 160 104 7.86936e-06 0 5.56448e-06 2.36081e-07 2.36081e-07 2.36081e-07 3.93468e-07 4.72162e-07 5.78159e-06
scan 400 160 60 0 0 0 0 0 0 0 0 0
scan 400 160 61 0 0 0 0 0 0 0 0 0
scan 400 160 62 0 0 0 0 0 0 0 0 0
scan 400 160 63 0 0 0 0 0 0 0 0 0
scan 400 160 64 0 0 0 0 0 0 0 0 0
scan 400 160 65 0 0 0 0 0 0 0 0 0
scan 400 160 66 0 0 0 0 0 0 0 0 0
scan 400 160 67 0 0 0 0 0 0 0 0 0
scan 400 160 68 0 0 0 0 0 0 0 0 0
scan 400 160 69 0 0 0 0 0 0 0 0 0
scan 400 160 70 0 0 0 0 0 0 0 0 0
scan 400 160 71 0 0 0 0 0 0 0 0 0
scan 400 160 72 0 0 0 0 0 0 0 0 0
scan 400 160 73 0 0 0 0 0 0 0 0 0
scan 400 160 74 0 0 0 0 0 0 0 0 0
scan 400 160 120 0 0 0 0 0 0 0 0 0
scan 400 160 121 0 0 0 0 0 0 0 0 0
scan 400 160 122 0 0 0 0 0 0 0 0 0
scan 400 160 123 0 0 0 0 0 0 0 0 0
scan 400 160 124 0 0 0 0 0 0 0 0 0
scan 400 160 125 0 0 0 0 0 0 0 0 0
scan 400 160 126 0 0 0 0 0 0 0 0 0
scan 400 160 127 0 0 0 0 0 0 0 0 0
scan 400 160 128 0 0 0 0 0 0 0 0 0
scan 400 160 129 0 0 0 0 0 0 0 0 0
scan 400 160 130 0 0 0 0 0 0 0 0 0
scan 400 160 131 0 0 0 0 0 0 0 0 0
scan 400 160 132 0 0 0 0 0 0 0 0 0
scan 400 160 133 0 0 0 0 0 0 0 0 0
scan 400 160 134 0 0 0 0 0 0 0 0 0
scan 400 160 135 1.57387e-05 0 7.86936e-06 4.72162e-07 4.72162e-07 4.72162e-07 7.86936e-07 9.44323e-07 1.15632e-05
scan 400 160 136 1.1804e-05 0 6.81506e-06 3.54121e-07 3.54121e-07 3.54121e-07 5.90202e-07 7.08242e-07 8.67238e-06
scan 400 160 137 7.86936e-06 0 5.56448e-06 2.36081e-07 2.36081e-07 2.36081e-07 3.93468e-07 4.72162e-07 5.78159e-06
scan 400 160 138 7.86936e-06 0 5.56448e-06 2.36081e-07 2.36081e-07 2.36081e-07 3.93468e-07 4.72162e-07 5.78159e-06
scan 400 160 139 0 0 0 0 0 0 0 0 0
scan 400 160 140 0 0 0 0 0 0 0 0 0
scan 400 160 141 0 0 0 0 0 0 0 0 0
scan 400 160 142 3.93468e-06 0 3.93468e-06 1.1804e-07 1.1804e-07 1.1804e-07 1.96734e-07 2.36081e-07 2.89079e-06
scan 400 160 143 0 0 0 0 0 0 0 0 0
scan 400 160 144 3.93468e-06 0 3.93468e-06 1.1804e-07 1.1804e-07 1.1804e-07 1.96734e-07 2.36081e-07 2.89079e-06
scan 400 160 145 0 0 0 0 0 0 0 0 0
scan 400 160 146 0 0 0 0 0 0 0 0 0
scan 400 160 147 0 0 0 0 0 0 0 0 0
scan 400 160 148 7.86936e-06 0 5.56448e-06 2.36081e-07 2.36081e-07 2.36081e-07 3.93468e-07 4.72162e-07 5.78159e-06
scan 400 160 149 3.93468e-06 0 3.93468e-06 1.1804e-07 1.1804e-07 1.1804e-07 1.96734e-07 2.36081e-07 2.89079e-06
scan 400 160 60 0 0 0 0 0 0 0 0 0
scan 400 160 61 0 0 0 0 0 0 0 0 0
scan 400 160 62 0 0 0 0 0 0 0 0 0
scan 400 160 63 0 0 0 0 0 0 0 0 0
scan 400 160 64 0 0 0 0 0 0 0 0 0
scan 400 160 65 0 0 0 0 0 0 0 0 0
scan 400 160 66 0 0 0 0 0 0 0 0 0
scan 400 160 67 0 0 0 0 0 0 0 0 0
scan 400 160 68 0 0 0 0 0 0 0 0 0
scan 400 160 69 0 0 0 0 0 0 0 0 0
scan 400 160 70 0 0 0 0 0 0 0 0 0
scan 400 160 71 0 0 0 0 0 0 0 0 0
scan 400 160 72 0 0 0 0 0 0 0 0 0
scan 400 160 73 0 0 0 0 0 0 0 0 0
scan 400 160 74 0 0 0 0 0 0 0 0 0
scan 400 160 165 0 0 0 0 0 0 0 0 0
scan 400 160 166 0 0 0 0 0 0 0 0 0
scan 400 160 167 0 0 0 0 0 0 0 0 0
scan 400 160 168 0 0 0 0 0 0 0 0 0
scan 400 160 169 0 0 0 0 0 0 0 0 0
scan 400 160 170 0 0 0 0 0 0 0 0 0
scan 400 160 171 0 0 0 0 0 0 0 0 0
scan 400 160 172 0 0 0 0 0 0 0 0 0
scan 400 160 173 0 0 0 0 0 0 0 0 0
scan 400 160 174 0 0 0 0 0 0 0 0 0
scan 400 160 175 0 0 0 0 0 0 0 0 0
scan 400 160 176 0 0 0 0 0 0 0 0 0
scan 400 160 177 0 0 0 0 0 0 0 0 0
scan 400 160 178 3.93468e-06 0 3.93468e-06 1.1804e-07 1.1804e-07 1.1804e-07 1.96734e-07 2.36081e-07 2.89079e-06
scan 400 160 179 0 0 0 0 0 0 0 0 0
