xsec 410 160 0.0350132
scan 410 160 0 1.40067e-05 0 7.00335e-06 4.20201e-07 4.20201e-07 4.20201e-07 7.00335e-07 8.40401e-07 1.03229e-05
scan 410 160 1 2.45117e-05 0 9.26456e-06 7.35351e-07 7.35351e-07 7.35351e-07 1.22559e-06 1.4707e-06 1.80651e-05
scan 410 160 2 1.0505e-05 0 6.06507e-06 3.15151e-07 3.15151e-07 3.15151e-07 5.25251e-07 6.30301e-07 7.74219e-06
scan 410 160 3 7.00335e-06 0 4.95211e-06 2.101e-07 2.101e-07 2.101e-07 3.50167e-07 4.20201e-07 5.16146e-06
scan 410 160 4 1.40067e-05 0 7.00335e-06 4.20201e-07 4.20201e-07 4.20201e-07 7.00335e-07 8.40401e-07 1.03229e-05
scan 410 160 5 0 0 0 0 0 0 0 0 0
scan 410 160 6 7.00335e-06 0 4.95211e-06 2.101e-07 2.101e-07 2.101e-07 3.50167e-07 4.20201e-07 5.16146e-06
scan 410 160 7 1.0505e-05 0 6.06507e-06 3.15151e-07 3.15151e-07 3.15151e-07 5.25251e-07 6.30301e-07 7.74219e-06
scan 410 160 8 0 0 0 0 0 0 0 0 0
scan 410 160 9 0 0 0 0 0 0 0 0 0
scan 410 160 10 0 0 0 0 0 0 0 0 0
scan 410 160 11 0 0 0 0 0 0 0 0 0
scan 410 160 12 1.75084e-05 0 7.82998e-06 5.25251e-07 5.25251e-07 5.25251e-07 8.75418e-07 1.0505e-06 1.29037e-05
scan 410 160 13 2.80134e-05 0 9.90423e-06 8.40401e-07 8.40401e-07 8.40401e-07 1.40067e-06 1.6808e-06 2.06458e-05
scan 410 160 14 3.85184e-05 0 1.16137e-05 1.15555e-06 1.15555e-06 1.15555e-06 1.92592e-06 2.3111e-06 2.8388e-05
scan 410 160 15 0.000108552 0 1.94965e-05 3.25656e-06 3.25656e-06 3.25656e-06 5.42759e-06 6.51311e-06 8.00026e-05
scan 410 160 16 0.000297642 0 3.22838e-05 8.92927e-06 8.92927e-06 8.92927e-06 1.48821e-05 1.78585e-05 0.000219362
scan 410 160 17 0.000325656 0 3.37689e-05 9.76967e-06 9.76967e-06 9.76967e-06 1.62828e-05 1.95393e-05 0.000240008
scan 410 160 18 0.000245117 0 2.92971e-05 7.35351e-06 7.35351e-06 7.35351e-06 1.22559e-05 1.4707e-05 0.000180651
scan 410 160 19 0.000343164 0 3.46648e-05 1.02949e-05 1.02949e-05 1.02949e-05 1.71582e-05 2.05898e-05 0.000252912
scan 410 160 20 1.40067e-05 0 7.00335e-06 4.20201e-07 4.20201e-07 4.20201e-07 7.00335e-07 8.40401e-07 1.03229e-05
scan 410 160 21 0.000101549 0 1.88571e-05 3.04646e-06 3.04646e-06 3.04646e-06 5.07743e-06 6.09291e-06 7.48412e-05
scan 410 160 22 0.000136565 0 2.18679e-05 4.09696e-06 4.09696e-06 4.09696e-06 6.82826e-06 8.19391e-06 0.000100648
scan 410 160 23 0.000108552 0 1.94965e-05 3.25656e-06 3.25656e-06 3.25656e-06 5.42759e-06 6.51311e-06 8.00026e-05
scan 410 160 24 8.75418e-05 0 1.75084e-05 2.62625e-06 2.62625e-06 2.62625e-06 4.37709e-06 5.25251e-06 6.45183e-05
scan 410 160 25 7.00335e-06 0 4.95211e-06 2.101e-07 2.101e-07 2.101e-07 3.50167e-07 4.20201e-07 5.16146e-06
scan 410 160 26 6.65318e-05 0 1.52634e-05 1.99595e-06 1.99595e-06 1.99595e-06 3.32659e-06 3.99191e-06 4.90339e-05
scan 410 160 27 0.00025212 0 2.97127e-05 7.56361e-06 7.56361e-06 7.56361e-06 1.2606e-05 1.51272e-05 0.000185813
scan 410 160 28 0.000290639 0 3.19018e-05 8.71916e-06 8.71916e-06 8.71916e-06 1.45319e-05 1.74383e-05 0.000214201
scan 410 160 29 0.00071084 0 4.98912e-05 2.13252e-05 2.13252e-05 2.13252e-05 3.5542e-05 4.26504e-05 0.000523888
scan 410 160 30 1.40067e-05 0 7.00335e-06 4.20201e-07 4.20201e-07 4.20201e-07 7.00335e-07 8.40401e-07 1.03229e-05
scan 410 160 31 3.50167e-06 0 3.50167e-06 1.0505e-07 1.0505e-07 1.0505e-07 1.75084e-07 2.101e-07 2.58073e-06
scan 410 160 32 1.0505e-05 0 6.06507e-06 3.15151e-07 3.15151e-07 3.15151e-07 5.25251e-07 6.30301e-07 7.74219e-06
scan 410 160 33 0 0 0 0 0 0 0 0 0
scan 410 160 34 3.50167e-06 0 3.50167e-06 1.0505e-07 1.0505e-07 1.0505e-07 1.75084e-07 2.101e-07 2.58073e-06
scan 410 160 35 0 0 0 0 0 0 0 0 0
scan 410 160 36 0 0 0 0 0 0 0 0 0
scan 410 160 37 3.50167e-06 0 3.50167e-06 1.0505e-07 1.0505e-07 1.0505e-07 1.75084e-07 2.101e-07 2.58073e-06
scan 410 160 38 7.00335e-06 0 4.95211e-06 2.101e-07 2.101e-07 2.101e-07 3.50167e-07 4.20201e-07 5.16146e-06
scan 410 160 39 1.0505e-05 0 6.06507e-06 3.15151e-07 3.15151e-07 3.15151e-07 5.25251e-07 6.30301e-07 7.74219e-06
scan 410 160 40 0 0 0 0 0 0 0 0 0
scan 410 160 41 0 0 0 0 0 0 0 0 0
scan 410 160 42 1.0505e-05 0 6.06507e-06 3.15151e-07 3.15151e-07 3.15151e-07 5.25251e-07 6.30301e-07 7.74219e-06
scan 410 160 43 1.75084e-05 0 7.82998e-06 5.25251e-07 5.25251e-07 5.25251e-07 8.75418e-07 1.0505e-06 1.29037e-05
scan 410 160 44 1.0505e-05 0 6.06507e-06 3.15151e-07 3.15151e-07 3.15151e-07 5.25251e-07 6.30301e-07 7.74219e-06
scan 410 160 45 3.50167e-06 0 3.50167e-06 1.0505e-07 1.0505e-07 1.0505e-07 1.75084e-07 2.101e-07 2.58073e-06
scan 410 160 46 3.50167e-06 0 3.50167e-06 1.0505e-07 1.0505e-07 1.0505e-07 1.75084e-07 2.101e-07 2.58073e-06
scan 410 160 47 1.0505e-05 0 6.06507e-06 3.15151e-07 3.15151e-07 3.15151e-07 5.25251e-07 6.30301e-07 7.74219e-06
scan 410 160 48 0 0 0 0 0 0 0 0 0
scan 410 160 49 3.50167e-06 0 3.50167e-06 1.0505e-07 1.0505e-07 1.0505e-07 1.75084e-07 2.101e-07 2.58073e-06
scan 410 160 50 0 0 0 0 0 0 0 0 0
scan 410 160 51 0 0 0 0 0 0 0 0 0
scan 410 160 52 0 0 0 0 0 0 0 0 0
scan 410 160 53 0 0 0 0 0 0 0 0 0
scan 410 160 54 0 0 0 0 0 0 0 0 0
scan 410 160 55 0 0 0 0 0 0 0 0 0
scan 410 160 56 3.50167e-06 0 3.50167e-06 1.0505e-07 1.0505e-07 1.0505e-07 1.75084e-07 2.101e-07 2.58073e-06
scan 410 160 57 7.00335e-06 0 4.95211e-06 2.101e-07 2.101e-07 2.101e-07 3.50167e-07 4.20201e-07 5.16146e-06
scan 410 160 58 3.50167e-06 0 3.50167e-06 1.0505e-07 1.0505e-07 1.0505e-07 1.75084e-07 2.101e-07 2.58073e-06
scan 410 160 59 0 0 0 0 0 0 0 0 0
scan 410 160 60 0 0 0 0 0 0 0 0 0
scan 410 160 61 0 0 0 0 0 0 0 0 0
scan 410 160 62 0 0 0 0 0 0 0 0 0
scan 410 160 63 0 0 0 0 0 0 0 0 0
scan 410 160 64 0 0 0 0 0 0 0 0 0
scan 410 160 65 0 0 0 0 0 0 0 0 0
scan 410 160 66 0 0 0 0 0 0 0 0 0
scan 410 160 67 0 0 0 0 0 0 0 0 0
scan 410 160 68 0 0 0 0 0 0 0 0 0
scan 410 160 69 0 0 0 0 0 0 0 0 0
scan 410 160 70 0 0 0 0 0 0 0 0 0
scan 410 160 71 0 0 0 0 0 0 0 0 0
scan 410 160 72 0 0 0 0 0 0 0 0 0
scan 410 160 73 0 0 0 0 0 0 0 0 0
scan 410 160 74 0 0 0 0 0 0 0 0 0
scan 410 160 75 0 0 0 0 0 0 0 0 0
scan 410 160 76 0 0 0 0 0 0 0 0 0
scan 410 160 77 0 0 0 0 0 0 0 0 0
scan 410 160 78 0 0 0 0 0 0 0 0 0
scan 410 160 79 0 0 0 0 0 0 0 0 0
scan 410 160 80 0 0 0 0 0 0 0 0 0
scan 410 160 81 0 0 0 0 0 0 0 0 0
scan 410 160 82 0 0 0 0 0 0 0 0 0
scan 410 160 83 0 0 0 0 0 0 0 0 0
scan 410 160 84 0 0 0 0 0 0 0 0 0
scan 410 160 85 0 0 0 0 0 0 0 0 0
scan 410 160 86 0 0 0 0 0 0 0 0 0
scan 410 160 87 0 0 0 0 0 0 0 0 0
scan 410 160 88 0 0 0 0 0 0 0 0 0
scan 410 160 89 0 0 0 0 0 0 0 0 0
scan 410 160 90 7.00335e-06 0 4.95211e-06 2.101e-07 2.101e-07 2.101e-07 3.50167e-07 4.20201e-07 5.16146e-06
scan 410 160 91 1.0505e-05 0 6.06507e-06 3.15151e-07 3.15151e-07 3.15151e-07 5.25251e-07 6.30301e-07 7.74219e-06
scan 410 160 92 3.50167e-06 0 3.50167e-06 1.0505e-07 1.0505e-07 1.0505e-07 1.75084e-07 2.101e-07 2.58073e-06
scan 410 160 93 3.50167e-06 0 3.50167e-06 1.0505e-07 1.0505e-07 1.0505e-07 1.75084e-07 2.101e-07 2.58073e-06
scan 410 160 94 3.50167e-06 0 3.50167e-06 1.0505e-07 1.0505e-07 1.0505e-07 1.75084e-07 2.101e-07 2.58073e-06
scan 410 160 95 0 0 0 0 0 0 0 0 0
scan 410 160 96 3.50167e-06 0 3.50167e-06 1.0505e-07 1.0505e-07 1.0505e-07 1.75084e-07 2.101e-07 2.58073e-06
scan 410 160 97 7.00335e-06 0 4.95211e-06 2.101e-07 2.101e-07 2.101e-07 3.50167e-07 4.20201e-07 5.16146e-06
scan 410 160 98 0 0 0 0 0 0 0 0 0
scan 410 160 99 0 0 0 0 0 0 0 0 0
scan 410 160 100 0 0 0 0 0 0 0 0 0
scan 410 160 101 3.50167e-06 0 3.50167e-06 1.0505e-07 1.0505e-07 1.0505e-07 1.75084e-07 2.101e-07 2.58073e-06
scan 410 160 102 3.50167e-06 0 3.50167e-06 1.0505e-07 1.0505e-07 1.0505e-07 1.75084e-07 2.101e-07 2.58073e-06
scan 410 160 103 3.50167e-06 0 3.50167e-06 1.0505e-07 1.0505e-07 1.0505e-07 1.75084e-07 2.101e-07 2.58073e-06
scan 410 160 104 1.0505e-05 0 6.06507e-06 3.15151e-07 3.15151e-07 3.15151e-07 5.25251e-07 6.30301e-07 7.74219e-06
scan 410 160 60 0 0 0 0 0 0 0 0 0
scan 410 160 61 0 0 0 0 0 0 0 0 0
scan 410 160 62 0 0 0 0 0 0 0 0 0
scan 410 160 63 0 0 0 0 0 0 0 0 0
scan 410 160 64 0 0 0 0 0 0 0 0 0
scan 410 160 65 0 0 0 0 0 0 0 0 0
scan 410 160 66 0 0 0 0 0 0 0 0 0
scan 410 160 67 0 0 0 0 0 0 0 0 0
scan 410 160 68 0 0 0 0 0 0 0 0 0
scan 410 160 69 0 0 0 0 0 0 0 0 0
scan 410 160 70 0 0 0 0 0 0 0 0 0
scan 410 160 71 0 0 0 0 0 0 0 0 0
scan 410 160 72 0 0 0 0 0 0 0 0 0
scan 410 160 73 0 0 0 0 0 0 0 0 0
scan 410 160 74 0 0 0 0 0 0 0 0 0
scan 410 160 120 0 0 0 0 0 0 0 0 0
scan 410 160 121 0 0 0 0 0 0 0 0 0
scan 410 160 122 0 0 0 0 0 0 0 0 0
scan 410 160 123 0 0 0 0 0 0 0 0 0
scan 410 160 124 0 0 0 0 0 0 0 0 0
scan 410 160 125 0 0 0 0 0 0 0 0 0
scan 410 160 126 0 0 0 0 0 0 0 0 0
scan 410 160 127 0 0 0 0 0 0 0 0 0
scan 410 160 128 0 0 0 0 0 0 0 0 0
scan 410 160 129 0 0 0 0 0 0 0 0 0
scan 410 160 130 0 0 0 0 0 0 0 0 0
scan 410 160 131 3.50167e-06 0 3.50167e-06 1.0505e-07 1.0505e-07 1.0505e-07 1.75084e-07 2.101e-07 2.58073e-06
scan 410 160 132 0 0 0 0 0 0 0 0 0
scan 410 160 133 0 0 0 0 0 0 0 0 0
scan 410 160 134 0 0 0 0 0 0 0 0 0
scan 410 160 135 7.00335e-06 0 4.95211e-06 2.101e-07 2.101e-07 2.101e-07 3.50167e-07 4.20201e-07 5.16146e-06
scan 410 160 136 7.00335e-06 0 4.95211e-06 2.101e-07 2.101e-07 2.101e-07 3.50167e-07 4.20201e-07 5.16146e-06
scan 410 160 137 3.50167e-06 0 3.50167e-06 1.0505e-07 1.0505e-07 1.0505e-07 1.75084e-07 2.101e-07 2.58073e-06
scan 410 160 138 0 0 0 0 0 0 0 0 0
scan 410 160 139 0 0 0 0 0 0 0 0 0
scan 410 160 140 0 0 0 0 0 0 0 0 0
scan 410 160 141 3.50167e-06 0 3.50167e-06 1.0505e-07 1.0505e-07 1.0505e-07 1.75084e-07 2.101e-07 2.58073e-06
scan 410 160 142 3.50167e-06 0 3.50167e-06 1.0505e-07 1.0505e-07 1.0505e-07 1.75084e-07 2.101e-07 2.58073e-06
scan 410 160 143 0 0 0 0 0 0 0 0 0
scan 410 160 144 0 0 0 0 0 0 0 0 0
scan 410 160 145 0 0 0 0 0 0 0 0 0
scan 410 160 146 7.00335e-06 0 4.95211e-06 2.101e-07 2.101e-07 2.101e-07 3.50167e-07 4.20201e-07 5.16146e-06
scan 410 160 147 3.50167e-06 0 3.50167e-06 1.0505e-07 1.0505e-07 1.0505e-07 1.75084e-07 2.101e-07 2.58073e-06
scan 410 160 148 0 0 0 0 0 0 0 0 0
scan 410 160 149 0 0 0 0 0 0 0 0 0
scan 410 160 60 0 0 0 0 0 0 0 0 0
scan 410 160 61 0 0 0 0 0 0 0 0 0
scan 410 160 62 0 0 0 0 0 0 0 0 0
scan 410 160 63 0 0 0 0 0 0 0 0 0
scan 410 160 64 0 0 0 0 0 0 0 0 0
scan 410 160 65 0 0 0 0 0 0 0 0 0
scan 410 160 66 0 0 0 0 0 0 0 0 0
scan 410 160 67 0 0 0 0 0 0 0 0 0
scan 410 160 68 0 0 0 0 0 0 0 0 0
scan 410 160 69 0 0 0 0 0 0 0 0 0
scan 410 160 70 0 0 0 0 0 0 0 0 0
scan 410 160 71 0 0 0 0 0 0 0 0 0
scan 410 160 72 0 0 0 0 0 0 0 0 0
scan 410 160 73 0 0 0 0 0 0 0 0 0
scan 410 160 74 0 0 0 0 0 0 0 0 0
scan 410 160 165 0 0 0 0 0 0 0 0 0
scan 410 160 166 0 0 0 0 0 0 0 0 0
scan 410 160 167 0 0 0 0 0 0 0 0 0
scan 410 160 168 0 0 0 0 0 0 0 0 0
scan 410 160 169 0 0 0 0 0 0 0 0 0
scan 410 160 170 0 0 0 0 0 0 0 0 0
scan 410 160 171 0 0 0 0 0 0 0 0 0
scan 410 160 172 0 0 0 0 0 0 0 0 0
scan 410 160 173 0 0 0 0 0 0 0 0 0
scan 410 160 174 0 0 0 0 0 0 0 0 0
scan 410 160 175 0 0 0 0 0 0 0 0 0
scan 410 160 176 0 0 0 0 0 0 0 0 0
scan 410 160 177 0 0 0 0 0 0 0 0 0
scan 410 160 178 0 0 0 0 0 0 0 0 0
scan 410 160 179 0 0 0 0 0 0 0 0 0
