xsec 300 100 0.145923
scan 300 100 0 0 0 0 0 0 0 0 0 0
scan 300 100 1 8.7554e-05 0 3.57438e-05 2.62662e-06 2.62662e-06 2.62662e-06 4.3777e-06 5.25324e-06 6.24114e-05
scan 300 100 2 4.3777e-05 0 2.52747e-05 1.31331e-06 1.31331e-06 1.31331e-06 2.18885e-06 2.62662e-06 3.12057e-05
scan 300 100 3 2.91847e-05 0 2.06367e-05 8.7554e-07 8.7554e-07 8.7554e-07 1.45923e-06 1.75108e-06 2.08038e-05
scan 300 100 4 2.91847e-05 0 2.06367e-05 8.7554e-07 8.7554e-07 8.7554e-07 1.45923e-06 1.75108e-06 2.08038e-05
scan 300 100 5 0 0 0 0 0 0 0 0 0
scan 300 100 6 2.91847e-05 0 2.06367e-05 8.7554e-07 8.7554e-07 8.7554e-07 1.45923e-06 1.75108e-06 2.08038e-05
scan 300 100 7 4.3777e-05 0 2.52747e-05 1.31331e-06 1.31331e-06 1.31331e-06 2.18885e-06 2.62662e-06 3.12057e-05
scan 300 100 8 0 0 0 0 0 0 0 0 0
scan 300 100 9 0 0 0 0 0 0 0 0 0
scan 300 100 10 0 0 0 0 0 0 0 0 0
scan 300 100 11 1.45923e-05 0 1.45923e-05 4.3777e-07 4.3777e-07 4.3777e-07 7.29617e-07 8.7554e-07 1.04019e-05
scan 300 100 12 2.91847e-05 0 2.06367e-05 8.7554e-07 8.7554e-07 8.7554e-07 1.45923e-06 1.75108e-06 2.08038e-05
scan 300 100 13 8.7554e-05 0 3.57438e-05 2.62662e-06 2.62662e-06 2.62662e-06 4.3777e-06 5.25324e-06 6.24114e-05
scan 300 100 14 1.45923e-05 0 1.45923e-05 4.3777e-07 4.3777e-07 4.3777e-07 7.29617e-07 8.7554e-07 1.04019e-05
scan 300 100 15 0.00102146 0 0.000122088 3.06439e-05 3.06439e-05 3.06439e-05 5.10732e-05 6.12878e-05 0.000728133
scan 300 100 16 0.00205752 0 0.000173274 6.17256e-05 6.17256e-05 6.17256e-05 0.000102876 0.000123451 0.00146667
scan 300 100 17 0.00129872 0 0.000137664 3.89615e-05 3.89615e-05 3.89615e-05 6.49359e-05 7.79231e-05 0.000925769
scan 300 100 18 0.00107983 0 0.000125528 3.2395e-05 3.2395e-05 3.2395e-05 5.39916e-05 6.479e-05 0.000769741
scan 300 100 19 0.000612878 0 9.45691e-05 1.83863e-05 1.83863e-05 1.83863e-05 3.06439e-05 3.67727e-05 0.00043688
scan 300 100 20 0.000102146 0 3.86077e-05 3.06439e-06 3.06439e-06 3.06439e-06 5.10732e-06 6.12878e-06 7.28133e-05
scan 300 100 21 0.000510732 0 8.63294e-05 1.53219e-05 1.53219e-05 1.53219e-05 2.55366e-05 3.06439e-05 0.000364067
scan 300 100 22 0.000569101 0 9.11291e-05 1.7073e-05 1.7073e-05 1.7073e-05 2.8455e-05 3.41461e-05 0.000405674
scan 300 100 23 0.000321031 0 6.84441e-05 9.63094e-06 9.63094e-06 9.63094e-06 1.60516e-05 1.92619e-05 0.000228842
scan 300 100 24 0.000233477 0 5.83693e-05 7.00432e-06 7.00432e-06 7.00432e-06 1.16739e-05 1.40086e-05 0.00016643
scan 300 100 25 1.45923e-05 0 1.45923e-05 4.3777e-07 4.3777e-07 4.3777e-07 7.29617e-07 8.7554e-07 1.04019e-05
scan 300 100 26 0.000466955 0 8.25467e-05 1.40086e-05 1.40086e-05 1.40086e-05 2.33477e-05 2.80173e-05 0.000332861
scan 300 100 27 0.000919317 0 0.000115823 2.75795e-05 2.75795e-05 2.75795e-05 4.59658e-05 5.5159e-05 0.00065532
scan 300 100 28 0.00110902 0 0.000127213 3.32705e-05 3.32705e-05 3.32705e-05 5.54509e-05 6.6541e-05 0.000790545
scan 300 100 29 0.00103606 0 0.000122957 3.10817e-05 3.10817e-05 3.10817e-05 5.18028e-05 6.21633e-05 0.000738535
scan 300 100 30 4.3777e-05 0 2.52747e-05 1.31331e-06 1.31331e-06 1.31331e-06 2.18885e-06 2.62662e-06 3.12057e-05
scan 300 100 31 4.3777e-05 0 2.52747e-05 1.31331e-06 1.31331e-06 1.31331e-06 2.18885e-06 2.62662e-06 3.12057e-05
scan 300 100 32 7.29617e-05 0 3.26294e-05 2.18885e-06 2.18885e-06 2.18885e-06 3.64808e-06 4.3777e-06 5.20095e-05
scan 300 100 33 0 0 0 0 0 0 0 0 0
scan 300 100 34 1.45923e-05 0 1.45923e-05 4.3777e-07 4.3777e-07 4.3777e-07 7.29617e-07 8.7554e-07 1.04019e-05
scan 300 100 35 1.45923e-05 0 1.45923e-05 4.3777e-07 4.3777e-07 4.3777e-07 7.29617e-07 8.7554e-07 1.04019e-05
scan 300 100 36 0 0 0 0 0 0 0 0 0
scan 300 100 37 1.45923e-05 0 1.45923e-05 4.3777e-07 4.3777e-07 4.3777e-07 7.29617e-07 8.7554e-07 1.04019e-05
scan 300 100 38 1.45923e-05 0 1.45923e-05 4.3777e-07 4.3777e-07 4.3777e-07 7.29617e-07 8.7554e-07 1.04019e-05
scan 300 100 39 1.45923e-05 0 1.45923e-05 4.3777e-07 4.3777e-07 4.3777e-07 7.29617e-07 8.7554e-07 1.04019e-05
scan 300 100 40 0 0 0 0 0 0 0 0 0
scan 300 100 41 1.45923e-05 0 1.45923e-05 4.3777e-07 4.3777e-07 4.3777e-07 7.29617e-07 8.7554e-07 1.04019e-05
scan 300 100 42 2.91847e-05 0 2.06367e-05 8.7554e-07 8.7554e-07 8.7554e-07 1.45923e-06 1.75108e-06 2.08038e-05
scan 300 100 43 4.3777e-05 0 2.52747e-05 1.31331e-06 1.31331e-06 1.31331e-06 2.18885e-06 2.62662e-06 3.12057e-05
scan 300 100 44 1.45923e-05 0 1.45923e-05 4.3777e-07 4.3777e-07 4.3777e-07 7.29617e-07 8.7554e-07 1.04019e-05
scan 300 100 45 0 0 0 0 0 0 0 0 0
scan 300 100 46 2.91847e-05 0 2.06367e-05 8.7554e-07 8.7554e-07 8.7554e-07 1.45923e-06 1.75108e-06 2.08038e-05
scan 300 100 47 0 0 0 0 0 0 0 0 0
scan 300 100 48 1.45923e-05 0 1.45923e-05 4.3777e-07 4.3777e-07 4.3777e-07 7.29617e-07 8.7554e-07 1.04019e-05
scan 300 100 49 0 0 0 0 0 0 0 0 0
scan 300 100 50 0 0 0 0 0 0 0 0 0
scan 300 100 51 1.45923e-05 0 1.45923e-05 4.3777e-07 4.3777e-07 4.3777e-07 7.29617e-07 8.7554e-07 1.04019e-05
scan 300 100 52 0 0 0 0 0 0 0 0 0
scan 300 100 53 0 0 0 0 0 0 0 0 0
scan 300 100 54 0 0 0 0 0 0 0 0 0
scan 300 100 55 0 0 0 0 0 0 0 0 0
scan 300 100 56 0 0 0 0 0 0 0 0 0
scan 300 100 57 1.45923e-05 0 1.45923e-05 4.3777e-07 4.3777e-07 4.3777e-07 7.29617e-07 8.7554e-07 1.04019e-05
scan 300 100 58 1.45923e-05 0 1.45923e-05 4.3777e-07 4.3777e-07 4.3777e-07 7.29617e-07 8.7554e-07 1.04019e-05
scan 300 100 59 0 0 0 0 0 0 0 0 0
scan 300 100 60 0 0 0 0 0 0 0 0 0
scan 300 100 61 0 0 0 0 0 0 0 0 0
scan 300 100 62 0 0 0 0 0 0 0 0 0
scan 300 100 63 0 0 0 0 0 0 0 0 0
scan 300 100 64 0 0 0 0 0 0 0 0 0
scan 300 100 65 0 0 0 0 0 0 0 0 0
scan 300 100 66 0 0 0 0 0 0 0 0 0
scan 300 100 67 0 0 0 0 0 0 0 0 0
scan 300 100 68 0 0 0 0 0 0 0 0 0
scan 300 100 69 0 0 0 0 0 0 0 0 0
scan 300 100 70 0 0 0 0 0 0 0 0 0
scan 300 100 71 0 0 0 0 0 0 0 0 0
scan 300 100 72 0 0 0 0 0 0 0 0 0
scan 300 100 73 0 0 0 0 0 0 0 0 0
scan 300 100 74 0 0 0 0 0 0 0 0 0
scan 300 100 75 0 0 0 0 0 0 0 0 0
scan 300 100 76 0 0 0 0 0 0 0 0 0
scan 300 100 77 0 0 0 0 0 0 0 0 0
scan 300 100 78 0 0 0 0 0 0 0 0 0
scan 300 100 79 0 0 0 0 0 0 0 0 0
scan 300 100 80 0 0 0 0 0 0 0 0 0
scan 300 100 81 0 0 0 0 0 0 0 0 0
scan 300 100 82 0 0 0 0 0 0 0 0 0
scan 300 100 83 0 0 0 0 0 0 0 0 0
scan 300 100 84 0 0 0 0 0 0 0 0 0
scan 300 100 85 0 0 0 0 0 0 0 0 0
scan 300 100 86 0 0 0 0 0 0 0 0 0
scan 300 100 87 0 0 0 0 0 0 0 0 0
scan 300 100 88 0 0 0 0 0 0 0 0 0
scan 300 100 89 0 0 0 0 0 0 0 0 0
scan 300 100 90 0 0 0 0 0 0 0 0 0
scan 300 100 91 2.91847e-05 0 2.06367e-05 8.7554e-07 8.7554e-07 8.7554e-07 1.45923e-06 1.75108e-06 2.08038e-05
scan 300 100 92 2.91847e-05 0 2.06367e-05 8.7554e-07 8.7554e-07 8.7554e-07 1.45923e-06 1.75108e-06 2.08038e-05
scan 300 100 93 1.45923e-05 0 1.45923e-05 4.3777e-07 4.3777e-07 4.3777e-07 7.29617e-07 8.7554e-07 1.04019e-05
scan 300 100 94 0 0 0 0 0 0 0 0 0
scan 300 100 95 0 0 0 0 0 0 0 0 0
scan 300 100 96 1.45923e-05 0 1.45923e-05 4.3777e-07 4.3777e-07 4.3777e-07 7.29617e-07 8.7554e-07 1.04019e-05
scan 300 100 97 0 0 0 0 0 0 0 0 0
scan 300 100 98 0 0 0 0 0 0 0 0 0
scan 300 100 99 0 0 0 0 0 0 0 0 0
scan 300 100 100 0 0 0 0 0 0 0 0 0
scan 300 100 101 0 0 0 0 0 0 0 0 0
scan 300 100 102 2.91847e-05 0 2.06367e-05 8.7554e-07 8.7554e-07 8.7554e-07 1.45923e-06 1.75108e-06 2.08038e-05
scan 300 100 103 0 0 0 0 0 0 0 0 0
scan 300 100 104 1.45923e-05 0 1.45923e-05 4.3777e-07 4.3777e-07 4.3777e-07 7.29617e-07 8.7554e-07 1.04019e-05
scan 300 100 60 0 0 0 0 0 0 0 0 0
scan 300 100 61 0 0 0 0 0 0 0 0 0
scan 300 100 62 0 0 0 0 0 0 0 0 0
scan 300 100 63 0 0 0 0 0 0 0 0 0
scan 300 100 64 0 0 0 0 0 0 0 0 0
scan 300 100 65 0 0 0 0 0 0 0 0 0
scan 300 100 66 0 0 0 0 0 0 0 0 0
scan 300 100 67 0 0 0 0 0 0 0 0 0
scan 300 100 68 0 0 0 0 0 0 0 0 0
scan 300 100 69 0 0 0 0 0 0 0 0 0
scan 300 100 70 0 0 0 0 0 0 0 0 0
scan 300 100 71 0 0 0 0 0 0 0 0 0
scan 300 100 72 0 0 0 0 0 0 0 0 0
scan 300 100 73 0 0 0 0 0 0 0 0 0
scan 300 100 74 0 0 0 0 0 0 0 0 0
scan 300 100 120 0 0 0 0 0 0 0 0 0
scan 300 100 121 0 0 0 0 0 0 0 0 0
scan 300 100 122 0 0 0 0 0 0 0 0 0
scan 300 100 123 0 0 0 0 0 0 0 0 0
scan 300 100 124 0 0 0 0 0 0 0 0 0
scan 300 100 125 0 0 0 0 0 0 0 0 0
scan 300 100 126 0 0 0 0 0 0 0 0 0
scan 300 100 127 0 0 0 0 0 0 0 0 0
scan 300 100 128 0 0 0 0 0 0 0 0 0
scan 300 100 129 0 0 0 0 0 0 0 0 0
scan 300 100 130 0 0 0 0 0 0 0 0 0
scan 300 100 131 0 0 0 0 0 0 0 0 0
scan 300 100 132 0 0 0 0 0 0 0 0 0
scan 300 100 133 0 0 0 0 0 0 0 0 0
scan 300 100 134 0 0 0 0 0 0 0 0 0
scan 300 100 135 1.45923e-05 0 1.45923e-05 4.3777e-07 4.3777e-07 4.3777e-07 7.29617e-07 8.7554e-07 1.04019e-05
scan 300 100 136 4.3777e-05 0 2.52747e-05 1.31331e-06 1.31331e-06 1.31331e-06 2.18885e-06 2.62662e-06 3.12057e-05
scan 300 100 137 0 0 0 0 0 0 0 0 0
scan 300 100 138 1.45923e-05 0 1.45923e-05 4.3777e-07 4.3777e-07 4.3777e-07 7.29617e-07 8.7554e-07 1.04019e-05
scan 300 100 139 0 0 0 0 0 0 0 0 0
scan 300 100 140 0 0 0 0 0 0 0 0 0
scan 300 100 141 0 0 0 0 0 0 0 0 0
scan 300 100 142 2.91847e-05 0 2.06367e-05 8.7554e-07 8.7554e-07 8.7554e-07 1.45923e-06 1.75108e-06 2.08038e-05
scan 300 100 143 0 0 0 0 0 0 0 0 0
scan 300 100 144 0 0 0 0 0 0 0 0 0
scan 300 100 145 0 0 0 0 0 0 0 0 0
scan 300 100 146 0 0 0 0 0 0 0 0 0
scan 300 100 147 1.45923e-05 0 1.45923e-05 4.3777e-07 4.3777e-07 4.3777e-07 7.29617e-07 8.7554e-07 1.04019e-05
scan 300 100 148 1.45923e-05 0 1.45923e-05 4.3777e-07 4.3777e-07 4.3777e-07 7.29617e-07 8.7554e-07 1.04019e-05
scan 300 100 149 0 0 0 0 0 0 0 0 0
scan 300 100 60 0 0 0 0 0 0 0 0 0
scan 300 100 61 0 0 0 0 0 0 0 0 0
scan 300 100 62 0 0 0 0 0 0 0 0 0
scan 300 100 63 0 0 0 0 0 0 0 0 0
scan 300 100 64 0 0 0 0 0 0 0 0 0
scan 300 100 65 0 0 0 0 0 0 0 0 0
scan 300 100 66 0 0 0 0 0 0 0 0 0
scan 300 100 67 0 0 0 0 0 0 0 0 0
scan 300 100 68 0 0 0 0 0 0 0 0 0
scan 300 100 69 0 0 0 0 0 0 0 0 0
scan 300 100 70 0 0 0 0 0 0 0 0 0
scan 300 100 71 0 0 0 0 0 0 0 0 0
scan 300 100 72 0 0 0 0 0 0 0 0 0
scan 300 100 73 0 0 0 0 0 0 0 0 0
scan 300 100 74 0 0 0 0 0 0 0 0 0
scan 300 100 165 1.45923e-05 0 1.45923e-05 4.3777e-07 4.3777e-07 4.3777e-07 7.29617e-07 8.7554e-07 1.04019e-05
scan 300 100 166 0 0 0 0 0 0 0 0 0
scan 300 100 167 1.45923e-05 0 1.45923e-05 4.3777e-07 4.3777e-07 4.3777e-07 7.29617e-07 8.7554e-07 1.04019e-05
scan 300 100 168 0 0 0 0 0 0 0 0 0
scan 300 100 169 0 0 0 0 0 0 0 0 0
scan 300 100 170 0 0 0 0 0 0 0 0 0
scan 300 100 171 0 0 0 0 0 0 0 0 0
scan 300 100 172 0 0 0 0 0 0 0 0 0
scan 300 100 173 0 0 0 0 0 0 0 0 0
scan 300 100 174 0 0 0 0 0 0 0 0 0
scan 300 100 175 0 0 0 0 0 0 0 0 0
scan 300 100 176 0 0 0 0 0 0 0 0 0
scan 300 100 177 0 0 0 0 0 0 0 0 0
scan 300 100 178 0 0 0 0 0 0 0 0 0
scan 300 100 179 0 0 0 0 0 0 0 0 0
