xsec 210 110 0.646755
scan 210 110 0 0.00122896 0 0.000281942 3.68687e-05 3.68687e-05 3.68687e-05 6.14479e-05 7.37375e-05 0.000841994
scan 210 110 1 0.000905548 0 0.000242018 2.71664e-05 2.71664e-05 2.71664e-05 4.52774e-05 5.43329e-05 0.000620417
scan 210 110 2 0.000452774 0 0.000171133 1.35832e-05 1.35832e-05 1.35832e-05 2.26387e-05 2.71664e-05 0.000310208
scan 210 110 3 6.4682e-05 0 6.4682e-05 1.94046e-06 1.94046e-06 1.94046e-06 3.2341e-06 3.88092e-06 4.43155e-05
scan 210 110 4 6.4682e-05 0 6.4682e-05 1.94046e-06 1.94046e-06 1.94046e-06 3.2341e-06 3.88092e-06 4.43155e-05
scan 210 110 5 6.4682e-05 0 6.4682e-05 1.94046e-06 1.94046e-06 1.94046e-06 3.2341e-06 3.88092e-06 4.43155e-05
scan 210 110 6 0.000194046 0 0.000112033 5.82138e-06 5.82138e-06 5.82138e-06 9.7023e-06 1.16428e-05 0.000132946
scan 210 110 7 6.4682e-05 0 6.4682e-05 1.94046e-06 1.94046e-06 1.94046e-06 3.2341e-06 3.88092e-06 4.43155e-05
scan 210 110 8 0 0 0 0 0 0 0 0 0
scan 210 110 9 0 0 0 0 0 0 0 0 0
scan 210 110 10 0 0 0 0 0 0 0 0 0
scan 210 110 11 0.000194046 0 0.000112033 5.82138e-06 5.82138e-06 5.82138e-06 9.7023e-06 1.16428e-05 0.000132946
scan 210 110 12 6.4682e-05 0 6.4682e-05 1.94046e-06 1.94046e-06 1.94046e-06 3.2341e-06 3.88092e-06 4.43155e-05
scan 210 110 13 6.4682e-05 0 6.4682e-05 1.94046e-06 1.94046e-06 1.94046e-06 3.2341e-06 3.88092e-06 4.43155e-05
scan 210 110 14 0 0 0 0 0 0 0 0 0
scan 210 110 15 0.0162352 0 0.00102476 0.000487056 0.000487056 0.000487056 0.000811759 0.000974111 0.0111232
scan 210 110 16 0.0177229 0 0.00107068 0.000531686 0.000531686 0.000531686 0.000886144 0.00106337 0.0121424
scan 210 110 17 0.00620947 0 0.000633752 0.000186284 0.000186284 0.000186284 0.000310474 0.000372568 0.00425429
scan 210 110 18 0.00155237 0 0.000316876 4.65711e-05 4.65711e-05 4.65711e-05 7.76184e-05 9.31421e-05 0.00106357
scan 210 110 19 0.000388092 0 0.000158438 1.16428e-05 1.16428e-05 1.16428e-05 1.94046e-05 2.32855e-05 0.000265893
scan 210 110 20 0.000258728 0 0.000129364 7.76184e-06 7.76184e-06 7.76184e-06 1.29364e-05 1.55237e-05 0.000177262
scan 210 110 21 0.00316942 0 0.000452774 9.50826e-05 9.50826e-05 9.50826e-05 0.000158471 0.000190165 0.00217146
scan 210 110 22 0.000840866 0 0.000233214 2.5226e-05 2.5226e-05 2.5226e-05 4.20433e-05 5.0452e-05 0.000576101
scan 210 110 23 0.000258728 0 0.000129364 7.76184e-06 7.76184e-06 7.76184e-06 1.29364e-05 1.55237e-05 0.000177262
scan 210 110 24 0 0 0 0 0 0 0 0 0
scan 210 110 25 0.000129364 0 9.14742e-05 3.88092e-06 3.88092e-06 3.88092e-06 6.4682e-06 7.76184e-06 8.86309e-05
scan 210 110 26 0.00135832 0 0.00029641 4.07497e-05 4.07497e-05 4.07497e-05 6.79161e-05 8.14993e-05 0.000930625
scan 210 110 27 0.00032341 0 0.000144633 9.7023e-06 9.7023e-06 9.7023e-06 1.61705e-05 1.94046e-05 0.000221577
scan 210 110 28 0.000194046 0 0.000112033 5.82138e-06 5.82138e-06 5.82138e-06 9.7023e-06 1.16428e-05 0.000132946
scan 210 110 29 0 0 0 0 0 0 0 0 0
scan 210 110 30 0 0 0 0 0 0 0 0 0
scan 210 110 31 0.000258728 0 0.000129364 7.76184e-06 7.76184e-06 7.76184e-06 1.29364e-05 1.55237e-05 0.000177262
scan 210 110 32 6.4682e-05 0 6.4682e-05 1.94046e-06 1.94046e-06 1.94046e-06 3.2341e-06 3.88092e-06 4.43155e-05
scan 210 110 33 0 0 0 0 0 0 0 0 0
scan 210 110 34 0 0 0 0 0 0 0 0 0
scan 210 110 35 0 0 0 0 0 0 0 0 0
scan 210 110 36 0 0 0 0 0 0 0 0 0
scan 210 110 37 0 0 0 0 0 0 0 0 0
scan 210 110 38 0 0 0 0 0 0 0 0 0
scan 210 110 39 0 0 0 0 0 0 0 0 0
scan 210 110 40 0 0 0 0 0 0 0 0 0
scan 210 110 41 0 0 0 0 0 0 0 0 0
scan 210 110 42 0 0 0 0 0 0 0 0 0
scan 210 110 43 0 0 0 0 0 0 0 0 0
scan 210 110 44 0 0 0 0 0 0 0 0 0
scan 210 110 45 0.000129364 0 9.14742e-05 3.88092e-06 3.88092e-06 3.88092e-06 6.4682e-06 7.76184e-06 8.86309e-05
scan 210 110 46 6.4682e-05 0 6.4682e-05 1.94046e-06 1.94046e-06 1.94046e-06 3.2341e-06 3.88092e-06 4.43155e-05
scan 210 110 47 0.000129364 0 9.14742e-05 3.88092e-06 3.88092e-06 3.88092e-06 6.4682e-06 7.76184e-06 8.86309e-05
scan 210 110 48 0 0 0 0 0 0 0 0 0
scan 210 110 49 0 0 0 0 0 0 0 0 0
scan 210 110 50 0 0 0 0 0 0 0 0 0
scan 210 110 51 6.4682e-05 0 6.4682e-05 1.94046e-06 1.94046e-06 1.94046e-06 3.2341e-06 3.88092e-06 4.43155e-05
scan 210 110 52 0 0 0 0 0 0 0 0 0
scan 210 110 53 0 0 0 0 0 0 0 0 0
scan 210 110 54 0 0 0 0 0 0 0 0 0
scan 210 110 55 0 0 0 0 0 0 0 0 0
scan 210 110 56 0 0 0 0 0 0 0 0 0
scan 210 110 57 0 0 0 0 0 0 0 0 0
scan 210 110 58 0 0 0 0 0 0 0 0 0
scan 210 110 59 0 0 0 0 0 0 0 0 0
scan 210 110 60 0 0 0 0 0 0 0 0 0
scan 210 110 61 0 0 0 0 0 0 0 0 0
scan 210 110 62 0 0 0 0 0 0 0 0 0
scan 210 110 63 0 0 0 0 0 0 0 0 0
scan 210 110 64 0 0 0 0 0 0 0 0 0
scan 210 110 65 0 0 0 0 0 0 0 0 0
scan 210 110 66 0 0 0 0 0 0 0 0 0
scan 210 110 67 0 0 0 0 0 0 0 0 0
scan 210 110 68 0 0 0 0 0 0 0 0 0
scan 210 110 69 0 0 0 0 0 0 0 0 0
scan 210 110 70 0 0 0 0 0 0 0 0 0
scan 210 110 71 0 0 0 0 0 0 0 0 0
scan 210 110 72 0 0 0 0 0 0 0 0 0
scan 210 110 73 0 0 0 0 0 0 0 0 0
scan 210 110 74 0 0 0 0 0 0 0 0 0
scan 210 110 75 0 0 0 0 0 0 0 0 0
scan 210 110 76 0 0 0 0 0 0 0 0 0
scan 210 110 77 0 0 0 0 0 0 0 0 0
scan 210 110 78 0 0 0 0 0 0 0 0 0
scan 210 110 79 0 0 0 0 0 0 0 0 0
scan 210 110 80 0 0 0 0 0 0 0 0 0
scan 210 110 81 0 0 0 0 0 0 0 0 0
scan 210 110 82 0 0 0 0 0 0 0 0 0
scan 210 110 83 0 0 0 0 0 0 0 0 0
scan 210 110 84 0 0 0 0 0 0 0 0 0
scan 210 110 85 0 0 0 0 0 0 0 0 0
scan 210 110 86 0 0 0 0 0 0 0 0 0
scan 210 110 87 0 0 0 0 0 0 0 0 0
scan 210 110 88 0 0 0 0 0 0 0 0 0
scan 210 110 89 0 0 0 0 0 0 0 0 0
scan 210 110 90 0.00032341 0 0.000144633 9.7023e-06 9.7023e-06 9.7023e-06 1.61705e-05 1.94046e-05 0.000221577
scan 210 110 91 0.000258728 0 0.000129364 7.76184e-06 7.76184e-06 7.76184e-06 1.29364e-05 1.55237e-05 0.000177262
scan 210 110 92 0 0 0 0 0 0 0 0 0
scan 210 110 93 0 0 0 0 0 0 0 0 0
scan 210 110 94 0 0 0 0 0 0 0 0 0
scan 210 110 95 0 0 0 0 0 0 0 0 0
scan 210 110 96 0 0 0 0 0 0 0 0 0
scan 210 110 97 0 0 0 0 0 0 0 0 0
scan 210 110 98 0 0 0 0 0 0 0 0 0
scan 210 110 99 0 0 0 0 0 0 0 0 0
scan 210 110 100 0 0 0 0 0 0 0 0 0
scan 210 110 101 6.4682e-05 0 6.4682e-05 1.94046e-06 1.94046e-06 1.94046e-06 3.2341e-06 3.88092e-06 4.43155e-05
scan 210 110 102 0 0 0 0 0 0 0 0 0
scan 210 110 103 0 0 0 0 0 0 0 0 0
scan 210 110 104 0 0 0 0 0 0 0 0 0
scan 210 110 60 0 0 0 0 0 0 0 0 0
scan 210 110 61 0 0 0 0 0 0 0 0 0
scan 210 110 62 0 0 0 0 0 0 0 0 0
scan 210 110 63 0 0 0 0 0 0 0 0 0
scan 210 110 64 0 0 0 0 0 0 0 0 0
scan 210 110 65 0 0 0 0 0 0 0 0 0
scan 210 110 66 0 0 0 0 0 0 0 0 0
scan 210 110 67 0 0 0 0 0 0 0 0 0
scan 210 110 68 0 0 0 0 0 0 0 0 0
scan 210 110 69 0 0 0 0 0 0 0 0 0
scan 210 110 70 0 0 0 0 0 0 0 0 0
scan 210 110 71 0 0 0 0 0 0 0 0 0
scan 210 110 72 0 0 0 0 0 0 0 0 0
scan 210 110 73 0 0 0 0 0 0 0 0 0
scan 210 110 74 0 0 0 0 0 0 0 0 0
scan 210 110 120 0 0 0 0 0 0 0 0 0
scan 210 110 121 0 0 0 0 0 0 0 0 0
scan 210 110 122 0 0 0 0 0 0 0 0 0
scan 210 110 123 0 0 0 0 0 0 0 0 0
scan 210 110 124 0 0 0 0 0 0 0 0 0
scan 210 110 125 0 0 0 0 0 0 0 0 0
scan 210 110 126 0 0 0 0 0 0 0 0 0
scan 210 110 127 0 0 0 0 0 0 0 0 0
scan 210 110 128 0 0 0 0 0 0 0 0 0
scan 210 110 129 0 0 0 0 0 0 0 0 0
scan 210 110 130 0 0 0 0 0 0 0 0 0
scan 210 110 131 0 0 0 0 0 0 0 0 0
scan 210 110 132 0 0 0 0 0 0 0 0 0
scan 210 110 133 0 0 0 0 0 0 0 0 0
scan 210 110 134 0 0 0 0 0 0 0 0 0
scan 210 110 135 0.000129364 0 9.14742e-05 3.88092e-06 3.88092e-06 3.88092e-06 6.4682e-06 7.76184e-06 8.86309e-05
scan 210 110 136 6.4682e-05 0 6.4682e-05 1.94046e-06 1.94046e-06 1.94046e-06 3.2341e-06 3.88092e-06 4.43155e-05
scan 210 110 137 0 0 0 0 0 0 0 0 0
scan 210 110 138 0 0 0 0 0 0 0 0 0
scan 210 110 139 0 0 0 0 0 0 0 0 0
scan 210 110 140 0 0 0 0 0 0 0 0 0
scan 210 110 141 0 0 0 0 0 0 0 0 0
scan 210 110 142 0 0 0 0 0 0 0 0 0
scan 210 110 143 0 0 0 0 0 0 0 0 0
scan 210 110 144 0 0 0 0 0 0 0 0 0
scan 210 110 145 0 0 0 0 0 0 0 0 0
scan 210 110 146 0 0 0 0 0 0 0 0 0
scan 210 110 147 0 0 0 0 0 0 0 0 0
scan 210 110 148 0 0 0 0 0 0 0 0 0
scan 210 110 149 0 0 0 0 0 0 0 0 0
scan 210 110 60 0 0 0 0 0 0 0 0 0
scan 210 110 61 0 0 0 0 0 0 0 0 0
scan 210 110 62 0 0 0 0 0 0 0 0 0
scan 210 110 63 0 0 0 0 0 0 0 0 0
scan 210 110 64 0 0 0 0 0 0 0 0 0
scan 210 110 65 0 0 0 0 0 0 0 0 0
scan 210 110 66 0 0 0 0 0 0 0 0 0
scan 210 110 67 0 0 0 0 0 0 0 0 0
scan 210 110 68 0 0 0 0 0 0 0 0 0
scan 210 110 69 0 0 0 0 0 0 0 0 0
scan 210 110 70 0 0 0 0 0 0 0 0 0
scan 210 110 71 0 0 0 0 0 0 0 0 0
scan 210 110 72 0 0 0 0 0 0 0 0 0
scan 210 110 73 0 0 0 0 0 0 0 0 0
scan 210 110 74 0 0 0 0 0 0 0 0 0
scan 210 110 165 0 0 0 0 0 0 0 0 0
scan 210 110 166 6.4682e-05 0 6.4682e-05 1.94046e-06 1.94046e-06 1.94046e-06 3.2341e-06 3.88092e-06 4.43155e-05
scan 210 110 167 0 0 0 0 0 0 0 0 0
scan 210 110 168 0 0 0 0 0 0 0 0 0
scan 210 110 169 0 0 0 0 0 0 0 0 0
scan 210 110 170 0 0 0 0 0 0 0 0 0
scan 210 110 171 0 0 0 0 0 0 0 0 0
scan 210 110 172 0 0 0 0 0 0 0 0 0
scan 210 110 173 0 0 0 0 0 0 0 0 0
scan 210 110 174 0 0 0 0 0 0 0 0 0
scan 210 110 175 0 0 0 0 0 0 0 0 0
scan 210 110 176 0 0 0 0 0 0 0 0 0
scan 210 110 177 0 0 0 0 0 0 0 0 0
scan 210 110 178 0 0 0 0 0 0 0 0 0
scan 210 110 179 0 0 0 0 0 0 0 0 0
