xsec 410 250 0.0350132
scan 410 250 0 2.45117e-05 0 9.26456e-06 7.35351e-07 7.35351e-07 7.35351e-07 1.22559e-06 1.4707e-06 1.80651e-05
scan 410 250 1 7.00335e-06 0 4.95211e-06 2.101e-07 2.101e-07 2.101e-07 3.50167e-07 4.20201e-07 5.16146e-06
scan 410 250 2 1.0505e-05 0 6.06507e-06 3.15151e-07 3.15151e-07 3.15151e-07 5.25251e-07 6.30301e-07 7.74219e-06
scan 410 250 3 1.0505e-05 0 6.06507e-06 3.15151e-07 3.15151e-07 3.15151e-07 5.25251e-07 6.30301e-07 7.74219e-06
scan 410 250 4 7.00335e-06 0 4.95211e-06 2.101e-07 2.101e-07 2.101e-07 3.50167e-07 4.20201e-07 5.16146e-06
scan 410 250 5 0 0 0 0 0 0 0 0 0
scan 410 250 6 1.75084e-05 0 7.82998e-06 5.25251e-07 5.25251e-07 5.25251e-07 8.75418e-07 1.0505e-06 1.29037e-05
scan 410 250 7 7.00335e-06 0 4.95211e-06 2.101e-07 2.101e-07 2.101e-07 3.50167e-07 4.20201e-07 5.16146e-06
scan 410 250 8 0 0 0 0 0 0 0 0 0
scan 410 250 9 0 0 0 0 0 0 0 0 0
scan 410 250 10 0 0 0 0 0 0 0 0 0
scan 410 250 11 1.0505e-05 0 6.06507e-06 3.15151e-07 3.15151e-07 3.15151e-07 5.25251e-07 6.30301e-07 7.74219e-06
scan 410 250 12 1.75084e-05 0 7.82998e-06 5.25251e-07 5.25251e-07 5.25251e-07 8.75418e-07 1.0505e-06 1.29037e-05
scan 410 250 13 1.75084e-05 0 7.82998e-06 5.25251e-07 5.25251e-07 5.25251e-07 8.75418e-07 1.0505e-06 1.29037e-05
scan 410 250 14 1.40067e-05 0 7.00335e-06 4.20201e-07 4.20201e-07 4.20201e-07 7.00335e-07 8.40401e-07 1.03229e-05
scan 410 250 15 0.000304646 0 3.26614e-05 9.13937e-06 9.13937e-06 9.13937e-06 1.52323e-05 1.82787e-05 0.000224524
scan 410 250 16 0.000528753 0 4.30293e-05 1.58626e-05 1.58626e-05 1.58626e-05 2.64376e-05 3.17252e-05 0.00038969
scan 410 250 17 0.000395689 0 3.72233e-05 1.18707e-05 1.18707e-05 1.18707e-05 1.97845e-05 2.37413e-05 0.000291623
scan 410 250 18 0.000182087 0 2.52509e-05 5.46261e-06 5.46261e-06 5.46261e-06 9.10435e-06 1.09252e-05 0.000134198
scan 410 250 19 0.000178585 0 2.50069e-05 5.35756e-06 5.35756e-06 5.35756e-06 8.92927e-06 1.07151e-05 0.000131617
scan 410 250 20 3.15151e-05 0 1.0505e-05 9.45452e-07 9.45452e-07 9.45452e-07 1.57575e-06 1.8909e-06 2.32266e-05
scan 410 250 21 0.000154074 0 2.32275e-05 4.62221e-06 4.62221e-06 4.62221e-06 7.70368e-06 9.24442e-06 0.000113552
scan 410 250 22 0.000129562 0 2.12998e-05 3.88686e-06 3.88686e-06 3.88686e-06 6.47809e-06 7.77371e-06 9.5487e-05
scan 410 250 23 9.10435e-05 0 1.78551e-05 2.7313e-06 2.7313e-06 2.7313e-06 4.55217e-06 5.46261e-06 6.7099e-05
scan 410 250 24 5.60268e-05 0 1.40067e-05 1.6808e-06 1.6808e-06 1.6808e-06 2.80134e-06 3.36161e-06 4.12917e-05
scan 410 250 25 7.00335e-06 0 4.95211e-06 2.101e-07 2.101e-07 2.101e-07 3.50167e-07 4.20201e-07 5.16146e-06
scan 410 250 26 0.000101549 0 1.88571e-05 3.04646e-06 3.04646e-06 3.04646e-06 5.07743e-06 6.09291e-06 7.48412e-05
scan 410 250 27 0.000304646 0 3.26614e-05 9.13937e-06 9.13937e-06 9.13937e-06 1.52323e-05 1.82787e-05 0.000224524
scan 410 250 28 0.000245117 0 2.92971e-05 7.35351e-06 7.35351e-06 7.35351e-06 1.22559e-05 1.4707e-05 0.000180651
scan 410 250 29 0.000199595 0 2.6437e-05 5.98786e-06 5.98786e-06 5.98786e-06 9.97977e-06 1.19757e-05 0.000147102
scan 410 250 30 0 0 0 0 0 0 0 0 0
scan 410 250 31 7.00335e-06 0 4.95211e-06 2.101e-07 2.101e-07 2.101e-07 3.50167e-07 4.20201e-07 5.16146e-06
scan 410 250 32 7.00335e-06 0 4.95211e-06 2.101e-07 2.101e-07 2.101e-07 3.50167e-07 4.20201e-07 5.16146e-06
scan 410 250 33 0 0 0 0 0 0 0 0 0
scan 410 250 34 7.00335e-06 0 4.95211e-06 2.101e-07 2.101e-07 2.101e-07 3.50167e-07 4.20201e-07 5.16146e-06
scan 410 250 35 3.50167e-06 0 3.50167e-06 1.0505e-07 1.0505e-07 1.0505e-07 1.75084e-07 2.101e-07 2.58073e-06
scan 410 250 36 0 0 0 0 0 0 0 0 0
scan 410 250 37 3.50167e-06 0 3.50167e-06 1.0505e-07 1.0505e-07 1.0505e-07 1.75084e-07 2.101e-07 2.58073e-06
scan 410 250 38 0 0 0 0 0 0 0 0 0
scan 410 250 39 0 0 0 0 0 0 0 0 0
scan 410 250 40 0 0 0 0 0 0 0 0 0
scan 410 250 41 0 0 0 0 0 0 0 0 0
scan 410 250 42 1.0505e-05 0 6.06507e-06 3.15151e-07 3.15151e-07 3.15151e-07 5.25251e-07 6.30301e-07 7.74219e-06
scan 410 250 43 3.50167e-06 0 3.50167e-06 1.0505e-07 1.0505e-07 1.0505e-07 1.75084e-07 2.101e-07 2.58073e-06
scan 410 250 44 0 0 0 0 0 0 0 0 0
scan 410 250 45 3.50167e-06 0 3.50167e-06 1.0505e-07 1.0505e-07 1.0505e-07 1.75084e-07 2.101e-07 2.58073e-06
scan 410 250 46 0 0 0 0 0 0 0 0 0
scan 410 250 47 0 0 0 0 0 0 0 0 0
scan 410 250 48 0 0 0 0 0 0 0 0 0
scan 410 250 49 0 0 0 0 0 0 0 0 0
scan 410 250 50 0 0 0 0 0 0 0 0 0
scan 410 250 51 0 0 0 0 0 0 0 0 0
scan 410 250 52 0 0 0 0 0 0 0 0 0
scan 410 250 53 0 0 0 0 0 0 0 0 0
scan 410 250 54 0 0 0 0 0 0 0 0 0
scan 410 250 55 0 0 0 0 0 0 0 0 0
scan 410 250 56 3.50167e-06 0 3.50167e-06 1.0505e-07 1.0505e-07 1.0505e-07 1.75084e-07 2.101e-07 2.58073e-06
scan 410 250 57 0 0 0 0 0 0 0 0 0
scan 410 250 58 0 0 0 0 0 0 0 0 0
scan 410 250 59 0 0 0 0 0 0 0 0 0
scan 410 250 60 0 0 0 0 0 0 0 0 0
scan 410 250 61 0 0 0 0 0 0 0 0 0
scan 410 250 62 0 0 0 0 0 0 0 0 0
scan 410 250 63 0 0 0 0 0 0 0 0 0
scan 410 250 64 0 0 0 0 0 0 0 0 0
scan 410 250 65 0 0 0 0 0 0 0 0 0
scan 410 250 66 0 0 0 0 0 0 0 0 0
scan 410 250 67 0 0 0 0 0 0 0 0 0
scan 410 250 68 0 0 0 0 0 0 0 0 0
scan 410 250 69 0 0 0 0 0 0 0 0 0
scan 410 250 70 0 0 0 0 0 0 0 0 0
scan 410 250 71 0 0 0 0 0 0 0 0 0
scan 410 250 72 0 0 0 0 0 0 0 0 0
scan 410 250 73 0 0 0 0 0 0 0 0 0
scan 410 250 74 0 0 0 0 0 0 0 0 0
scan 410 250 75 0 0 0 0 0 0 0 0 0
scan 410 250 76 0 0 0 0 0 0 0 0 0
scan 410 250 77 0 0 0 0 0 0 0 0 0
scan 410 250 78 0 0 0 0 0 0 0 0 0
scan 410 250 79 0 0 0 0 0 0 0 0 0
scan 410 250 80 0 0 0 0 0 0 0 0 0
scan 410 250 81 0 0 0 0 0 0 0 0 0
scan 410 250 82 0 0 0 0 0 0 0 0 0
scan 410 250 83 0 0 0 0 0 0 0 0 0
scan 410 250 84 0 0 0 0 0 0 0 0 0
scan 410 250 85 0 0 0 0 0 0 0 0 0
scan 410 250 86 0 0 0 0 0 0 0 0 0
scan 410 250 87 0 0 0 0 0 0 0 0 0
scan 410 250 88 0 0 0 0 0 0 0 0 0
scan 410 250 89 0 0 0 0 0 0 0 0 0
scan 410 250 90 1.0505e-05 0 6.06507e-06 3.15151e-07 3.15151e-07 3.15151e-07 5.25251e-07 6.30301e-07 7.74219e-06
scan 410 250 91 2.101e-05 0 8.57731e-06 6.30301e-07 6.30301e-07 6.30301e-07 1.0505e-06 1.2606e-06 1.54844e-05
scan 410 250 92 3.50167e-06 0 3.50167e-06 1.0505e-07 1.0505e-07 1.0505e-07 1.75084e-07 2.101e-07 2.58073e-06
scan 410 250 93 0 0 0 0 0 0 0 0 0
scan 410 250 94 0 0 0 0 0 0 0 0 0
scan 410 250 95 0 0 0 0 0 0 0 0 0
scan 410 250 96 7.00335e-06 0 4.95211e-06 2.101e-07 2.101e-07 2.101e-07 3.50167e-07 4.20201e-07 5.16146e-06
scan 410 250 97 0 0 0 0 0 0 0 0 0
scan 410 250 98 0 0 0 0 0 0 0 0 0
scan 410 250 99 0 0 0 0 0 0 0 0 0
scan 410 250 100 0 0 0 0 0 0 0 0 0
scan 410 250 101 3.50167e-06 0 3.50167e-06 1.0505e-07 1.0505e-07 1.0505e-07 1.75084e-07 2.101e-07 2.58073e-06
scan 410 250 102 7.00335e-06 0 4.95211e-06 2.101e-07 2.101e-07 2.101e-07 3.50167e-07 4.20201e-07 5.16146e-06
scan 410 250 103 3.50167e-06 0 3.50167e-06 1.0505e-07 1.0505e-07 1.0505e-07 1.75084e-07 2.101e-07 2.58073e-06
scan 410 250 104 3.50167e-06 0 3.50167e-06 1.0505e-07 1.0505e-07 1.0505e-07 1.75084e-07 2.101e-07 2.58073e-06
scan 410 250 60 0 0 0 0 0 0 0 0 0
scan 410 250 61 0 0 0 0 0 0 0 0 0
scan 410 250 62 0 0 0 0 0 0 0 0 0
scan 410 250 63 0 0 0 0 0 0 0 0 0
scan 410 250 64 0 0 0 0 0 0 0 0 0
scan 410 250 65 0 0 0 0 0 0 0 0 0
scan 410 250 66 0 0 0 0 0 0 0 0 0
scan 410 250 67 0 0 0 0 0 0 0 0 0
scan 410 250 68 0 0 0 0 0 0 0 0 0
scan 410 250 69 0 0 0 0 0 0 0 0 0
scan 410 250 70 0 0 0 0 0 0 0 0 0
scan 410 250 71 0 0 0 0 0 0 0 0 0
scan 410 250 72 0 0 0 0 0 0 0 0 0
scan 410 250 73 0 0 0 0 0 0 0 0 0
scan 410 250 74 0 0 0 0 0 0 0 0 0
scan 410 250 120 0 0 0 0 0 0 0 0 0
scan 410 250 121 0 0 0 0 0 0 0 0 0
scan 410 250 122 0 0 0 0 0 0 0 0 0
scan 410 250 123 0 0 0 0 0 0 0 0 0
scan 410 250 124 0 0 0 0 0 0 0 0 0
scan 410 250 125 0 0 0 0 0 0 0 0 0
scan 410 250 126 0 0 0 0 0 0 0 0 0
scan 410 250 127 0 0 0 0 0 0 0 0 0
scan 410 250 128 0 0 0 0 0 0 0 0 0
scan 410 250 129 0 0 0 0 0 0 0 0 0
scan 410 250 130 0 0 0 0 0 0 0 0 0
scan 410 250 131 0 0 0 0 0 0 0 0 0
scan 410 250 132 0 0 0 0 0 0 0 0 0
scan 410 250 133 0 0 0 0 0 0 0 0 0
scan 410 250 134 0 0 0 0 0 0 0 0 0
scan 410 250 135 7.00335e-06 0 4.95211e-06 2.101e-07 2.101e-07 2.101e-07 3.50167e-07 4.20201e-07 5.16146e-06
scan 410 250 136 1.0505e-05 0 6.06507e-06 3.15151e-07 3.15151e-07 3.15151e-07 5.25251e-07 6.30301e-07 7.74219e-06
scan 410 250 137 0 0 0 0 0 0 0 0 0
scan 410 250 138 3.50167e-06 0 3.50167e-06 1.0505e-07 1.0505e-07 1.0505e-07 1.75084e-07 2.101e-07 2.58073e-06
scan 410 250 139 0 0 0 0 0 0 0 0 0
scan 410 250 140 0 0 0 0 0 0 0 0 0
scan 410 250 141 3.50167e-06 0 3.50167e-06 1.0505e-07 1.0505e-07 1.0505e-07 1.75084e-07 2.101e-07 2.58073e-06
scan 410 250 142 0 0 0 0 0 0 0 0 0
scan 410 250 143 0 0 0 0 0 0 0 0 0
scan 410 250 144 0 0 0 0 0 0 0 0 0
scan 410 250 145 0 0 0 0 0 0 0 0 0
scan 410 250 146 0 0 0 0 0 0 0 0 0
scan 410 250 147 0 0 0 0 0 0 0 0 0
scan 410 250 148 7.00335e-06 0 4.95211e-06 2.101e-07 2.101e-07 2.101e-07 3.50167e-07 4.20201e-07 5.16146e-06
scan 410 250 149 7.00335e-06 0 4.95211e-06 2.101e-07 2.101e-07 2.101e-07 3.50167e-07 4.20201e-07 5.16146e-06
scan 410 250 60 0 0 0 0 0 0 0 0 0
scan 410 250 61 0 0 0 0 0 0 0 0 0
scan 410 250 62 0 0 0 0 0 0 0 0 0
scan 410 250 63 0 0 0 0 0 0 0 0 0
scan 410 250 64 0 0 0 0 0 0 0 0 0
scan 410 250 65 0 0 0 0 0 0 0 0 0
scan 410 250 66 0 0 0 0 0 0 0 0 0
scan 410 250 67 0 0 0 0 0 0 0 0 0
scan 410 250 68 0 0 0 0 0 0 0 0 0
scan 410 250 69 0 0 0 0 0 0 0 0 0
scan 410 250 70 0 0 0 0 0 0 0 0 0
scan 410 250 71 0 0 0 0 0 0 0 0 0
scan 410 250 72 0 0 0 0 0 0 0 0 0
scan 410 250 73 0 0 0 0 0 0 0 0 0
scan 410 250 74 0 0 0 0 0 0 0 0 0
scan 410 250 165 0 0 0 0 0 0 0 0 0
scan 410 250 166 0 0 0 0 0 0 0 0 0
scan 410 250 167 0 0 0 0 0 0 0 0 0
scan 410 250 168 0 0 0 0 0 0 0 0 0
scan 410 250 169 0 0 0 0 0 0 0 0 0
scan 410 250 170 0 0 0 0 0 0 0 0 0
scan 410 250 171 0 0 0 0 0 0 0 0 0
scan 410 250 172 0 0 0 0 0 0 0 0 0
scan 410 250 173 0 0 0 0 0 0 0 0 0
scan 410 250 174 0 0 0 0 0 0 0 0 0
scan 410 250 175 0 0 0 0 0 0 0 0 0
scan 410 250 176 0 0 0 0 0 0 0 0 0
scan 410 250 177 0 0 0 0 0 0 0 0 0
scan 410 250 178 0 0 0 0 0 0 0 0 0
scan 410 250 179 0 0 0 0 0 0 0 0 0
