xsec 380 10 0.0498016
scan 380 10 0 2.49008e-05 0 1.1136e-05 7.47023e-07 7.47023e-07 7.47023e-07 1.24504e-06 1.49405e-06 1.82033e-05
scan 380 10 1 2.98809e-05 0 1.21988e-05 8.96428e-07 8.96428e-07 8.96428e-07 1.49405e-06 1.79286e-06 2.1844e-05
scan 380 10 2 9.96031e-06 0 7.043e-06 2.98809e-07 2.98809e-07 2.98809e-07 4.98016e-07 5.97619e-07 7.28133e-06
scan 380 10 3 4.98016e-06 0 4.98016e-06 1.49405e-07 1.49405e-07 1.49405e-07 2.49008e-07 2.98809e-07 3.64066e-06
scan 380 10 4 4.98016e-06 0 4.98016e-06 1.49405e-07 1.49405e-07 1.49405e-07 2.49008e-07 2.98809e-07 3.64066e-06
scan 380 10 5 0 0 0 0 0 0 0 0 0
scan 380 10 6 4.98016e-06 0 4.98016e-06 1.49405e-07 1.49405e-07 1.49405e-07 2.49008e-07 2.98809e-07 3.64066e-06
scan 380 10 7 1.49405e-05 0 8.62588e-06 4.48214e-07 4.48214e-07 4.48214e-07 7.47023e-07 8.96428e-07 1.0922e-05
scan 380 10 8 4.98016e-06 0 4.98016e-06 1.49405e-07 1.49405e-07 1.49405e-07 2.49008e-07 2.98809e-07 3.64066e-06
scan 380 10 9 2.49008e-05 0 1.1136e-05 7.47023e-07 7.47023e-07 7.47023e-07 1.24504e-06 1.49405e-06 1.82033e-05
scan 380 10 10 0 0 0 0 0 0 0 0 0
scan 380 10 11 4.98016e-06 0 4.98016e-06 1.49405e-07 1.49405e-07 1.49405e-07 2.49008e-07 2.98809e-07 3.64066e-06
scan 380 10 12 4.98016e-06 0 4.98016e-06 1.49405e-07 1.49405e-07 1.49405e-07 2.49008e-07 2.98809e-07 3.64066e-06
scan 380 10 13 1.99206e-05 0 9.96031e-06 5.97619e-07 5.97619e-07 5.97619e-07 9.96031e-07 1.19524e-06 1.45627e-05
scan 380 10 14 3.98412e-05 0 1.4086e-05 1.19524e-06 1.19524e-06 1.19524e-06 1.99206e-06 2.39047e-06 2.91253e-05
scan 380 10 15 0.000134464 0 2.58777e-05 4.03393e-06 4.03393e-06 4.03393e-06 6.72321e-06 8.06785e-06 9.82979e-05
scan 380 10 16 0.000338651 0 4.10674e-05 1.01595e-05 1.01595e-05 1.01595e-05 1.69325e-05 2.0319e-05 0.000247565
scan 380 10 17 0.000348611 0 4.1667e-05 1.04583e-05 1.04583e-05 1.04583e-05 1.74305e-05 2.09167e-05 0.000254846
scan 380 10 18 0.000239047 0 3.45035e-05 7.17142e-06 7.17142e-06 7.17142e-06 1.19524e-05 1.43428e-05 0.000174752
scan 380 10 19 0.000463155 0 4.80269e-05 1.38946e-05 1.38946e-05 1.38946e-05 2.31577e-05 2.77893e-05 0.000338582
scan 380 10 20 1.99206e-05 0 9.96031e-06 5.97619e-07 5.97619e-07 5.97619e-07 9.96031e-07 1.19524e-06 1.45627e-05
scan 380 10 21 8.46627e-05 0 2.05337e-05 2.53988e-06 2.53988e-06 2.53988e-06 4.23313e-06 5.07976e-06 6.18913e-05
scan 380 10 22 0.000124504 0 2.49008e-05 3.73512e-06 3.73512e-06 3.73512e-06 6.2252e-06 7.47023e-06 9.10166e-05
scan 380 10 23 0.000109563 0 2.3359e-05 3.2869e-06 3.2869e-06 3.2869e-06 5.47817e-06 6.57381e-06 8.00946e-05
scan 380 10 24 0.000119524 0 2.43977e-05 3.58571e-06 3.58571e-06 3.58571e-06 5.97619e-06 7.17142e-06 8.73759e-05
scan 380 10 25 4.98016e-06 0 4.98016e-06 1.49405e-07 1.49405e-07 1.49405e-07 2.49008e-07 2.98809e-07 3.64066e-06
scan 380 10 26 0.000129484 0 2.53939e-05 3.88452e-06 3.88452e-06 3.88452e-06 6.4742e-06 7.76904e-06 9.46573e-05
scan 380 10 27 0.000338651 0 4.10674e-05 1.01595e-05 1.01595e-05 1.01595e-05 1.69325e-05 2.0319e-05 0.000247565
scan 380 10 28 0.000537857 0 5.17553e-05 1.61357e-05 1.61357e-05 1.61357e-05 2.68928e-05 3.22714e-05 0.000393192
scan 380 10 29 0.00129982 0 8.04569e-05 3.89946e-05 3.89946e-05 3.89946e-05 6.4991e-05 7.79892e-05 0.000950213
scan 380 10 30 4.98016e-06 0 4.98016e-06 1.49405e-07 1.49405e-07 1.49405e-07 2.49008e-07 2.98809e-07 3.64066e-06
scan 380 10 31 4.98016e-06 0 4.98016e-06 1.49405e-07 1.49405e-07 1.49405e-07 2.49008e-07 2.98809e-07 3.64066e-06
scan 380 10 32 9.96031e-06 0 7.043e-06 2.98809e-07 2.98809e-07 2.98809e-07 4.98016e-07 5.97619e-07 7.28133e-06
scan 380 10 33 9.96031e-06 0 7.043e-06 2.98809e-07 2.98809e-07 2.98809e-07 4.98016e-07 5.97619e-07 7.28133e-06
scan 380 10 34 1.99206e-05 0 9.96031e-06 5.97619e-07 5.97619e-07 5.97619e-07 9.96031e-07 1.19524e-06 1.45627e-05
scan 380 10 35 0 0 0 0 0 0 0 0 0
scan 380 10 36 0 0 0 0 0 0 0 0 0
scan 380 10 37 0 0 0 0 0 0 0 0 0
scan 380 10 38 9.96031e-06 0 7.043e-06 2.98809e-07 2.98809e-07 2.98809e-07 4.98016e-07 5.97619e-07 7.28133e-06
scan 380 10 39 0 0 0 0 0 0 0 0 0
scan 380 10 40 0 0 0 0 0 0 0 0 0
scan 380 10 41 0 0 0 0 0 0 0 0 0
scan 380 10 42 4.98016e-06 0 4.98016e-06 1.49405e-07 1.49405e-07 1.49405e-07 2.49008e-07 2.98809e-07 3.64066e-06
scan 380 10 43 0 0 0 0 0 0 0 0 0
scan 380 10 44 1.49405e-05 0 8.62588e-06 4.48214e-07 4.48214e-07 4.48214e-07 7.47023e-07 8.96428e-07 1.0922e-05
scan 380 10 45 4.98016e-06 0 4.98016e-06 1.49405e-07 1.49405e-07 1.49405e-07 2.49008e-07 2.98809e-07 3.64066e-06
scan 380 10 46 4.98016e-06 0 4.98016e-06 1.49405e-07 1.49405e-07 1.49405e-07 2.49008e-07 2.98809e-07 3.64066e-06
scan 380 10 47 0 0 0 0 0 0 0 0 0
scan 380 10 48 9.96031e-06 0 7.043e-06 2.98809e-07 2.98809e-07 2.98809e-07 4.98016e-07 5.97619e-07 7.28133e-06
scan 380 10 49 0 0 0 0 0 0 0 0 0
scan 380 10 50 0 0 0 0 0 0 0 0 0
scan 380 10 51 4.98016e-06 0 4.98016e-06 1.49405e-07 1.49405e-07 1.49405e-07 2.49008e-07 2.98809e-07 3.64066e-06
scan 380 10 52 0 0 0 0 0 0 0 0 0
scan 380 10 53 0 0 0 0 0 0 0 0 0
scan 380 10 54 0 0 0 0 0 0 0 0 0
scan 380 10 55 0 0 0 0 0 0 0 0 0
scan 380 10 56 0 0 0 0 0 0 0 0 0
scan 380 10 57 4.98016e-06 0 4.98016e-06 1.49405e-07 1.49405e-07 1.49405e-07 2.49008e-07 2.98809e-07 3.64066e-06
scan 380 10 58 9.96031e-06 0 7.043e-06 2.98809e-07 2.98809e-07 2.98809e-07 4.98016e-07 5.97619e-07 7.28133e-06
scan 380 10 59 0 0 0 0 0 0 0 0 0
scan 380 10 60 0 0 0 0 0 0 0 0 0
scan 380 10 61 0 0 0 0 0 0 0 0 0
scan 380 10 62 0 0 0 0 0 0 0 0 0
scan 380 10 63 0 0 0 0 0 0 0 0 0
scan 380 10 64 0 0 0 0 0 0 0 0 0
scan 380 10 65 0 0 0 0 0 0 0 0 0
scan 380 10 66 0 0 0 0 0 0 0 0 0
scan 380 10 67 0 0 0 0 0 0 0 0 0
scan 380 10 68 0 0 0 0 0 0 0 0 0
scan 380 10 69 0 0 0 0 0 0 0 0 0
scan 380 10 70 0 0 0 0 0 0 0 0 0
scan 380 10 71 0 0 0 0 0 0 0 0 0
scan 380 10 72 0 0 0 0 0 0 0 0 0
scan 380 10 73 0 0 0 0 0 0 0 0 0
scan 380 10 74 0 0 0 0 0 0 0 0 0
scan 380 10 75 0 0 0 0 0 0 0 0 0
scan 380 10 76 0 0 0 0 0 0 0 0 0
scan 380 10 77 0 0 0 0 0 0 0 0 0
scan 380 10 78 0 0 0 0 0 0 0 0 0
scan 380 10 79 0 0 0 0 0 0 0 0 0
scan 380 10 80 0 0 0 0 0 0 0 0 0
scan 380 10 81 0 0 0 0 0 0 0 0 0
scan 380 10 82 0 0 0 0 0 0 0 0 0
scan 380 10 83 0 0 0 0 0 0 0 0 0
scan 380 10 84 0 0 0 0 0 0 0 0 0
scan 380 10 85 0 0 0 0 0 0 0 0 0
scan 380 10 86 0 0 0 0 0 0 0 0 0
scan 380 10 87 0 0 0 0 0 0 0 0 0
scan 380 10 88 9.96031e-06 0 7.043e-06 2.98809e-07 2.98809e-07 2.98809e-07 4.98016e-07 5.97619e-07 7.28133e-06
scan 380 10 89 4.98016e-06 0 4.98016e-06 1.49405e-07 1.49405e-07 1.49405e-07 2.49008e-07 2.98809e-07 3.64066e-06
scan 380 10 90 4.98016e-06 0 4.98016e-06 1.49405e-07 1.49405e-07 1.49405e-07 2.49008e-07 2.98809e-07 3.64066e-06
scan 380 10 91 1.99206e-05 0 9.96031e-06 5.97619e-07 5.97619e-07 5.97619e-07 9.96031e-07 1.19524e-06 1.45627e-05
scan 380 10 92 9.96031e-06 0 7.043e-06 2.98809e-07 2.98809e-07 2.98809e-07 4.98016e-07 5.97619e-07 7.28133e-06
scan 380 10 93 4.98016e-06 0 4.98016e-06 1.49405e-07 1.49405e-07 1.49405e-07 2.49008e-07 2.98809e-07 3.64066e-06
scan 380 10 94 4.98016e-06 0 4.98016e-06 1.49405e-07 1.49405e-07 1.49405e-07 2.49008e-07 2.98809e-07 3.64066e-06
scan 380 10 95 0 0 0 0 0 0 0 0 0
scan 380 10 96 4.98016e-06 0 4.98016e-06 1.49405e-07 1.49405e-07 1.49405e-07 2.49008e-07 2.98809e-07 3.64066e-06
scan 380 10 97 9.96031e-06 0 7.043e-06 2.98809e-07 2.98809e-07 2.98809e-07 4.98016e-07 5.97619e-07 7.28133e-06
scan 380 10 98 0 0 0 0 0 0 0 0 0
scan 380 10 99 4.98016e-06 0 4.98016e-06 1.49405e-07 1.49405e-07 1.49405e-07 2.49008e-07 2.98809e-07 3.64066e-06
scan 380 10 100 0 0 0 0 0 0 0 0 0
scan 380 10 101 0 0 0 0 0 0 0 0 0
scan 380 10 102 9.96031e-06 0 7.043e-06 2.98809e-07 2.98809e-07 2.98809e-07 4.98016e-07 5.97619e-07 7.28133e-06
scan 380 10 103 4.98016e-06 0 4.98016e-06 1.49405e-07 1.49405e-07 1.49405e-07 2.49008e-07 2.98809e-07 3.64066e-06
scan 380 10 104 9.96031e-06 0 7.043e-06 2.98809e-07 2.98809e-07 2.98809e-07 4.98016e-07 5.97619e-07 7.28133e-06
scan 380 10 60 0 0 0 0 0 0 0 0 0
scan 380 10 61 0 0 0 0 0 0 0 0 0
scan 380 10 62 0 0 0 0 0 0 0 0 0
scan 380 10 63 0 0 0 0 0 0 0 0 0
scan 380 10 64 0 0 0 0 0 0 0 0 0
scan 380 10 65 0 0 0 0 0 0 0 0 0
scan 380 10 66 0 0 0 0 0 0 0 0 0
scan 380 10 67 0 0 0 0 0 0 0 0 0
scan 380 10 68 0 0 0 0 0 0 0 0 0
scan 380 10 69 0 0 0 0 0 0 0 0 0
scan 380 10 70 0 0 0 0 0 0 0 0 0
scan 380 10 71 0 0 0 0 0 0 0 0 0
scan 380 10 72 0 0 0 0 0 0 0 0 0
scan 380 10 73 0 0 0 0 0 0 0 0 0
scan 380 10 74 0 0 0 0 0 0 0 0 0
scan 380 10 120 4.98016e-06 0 4.98016e-06 1.49405e-07 1.49405e-07 1.49405e-07 2.49008e-07 2.98809e-07 3.64066e-06
scan 380 10 121 0 0 0 0 0 0 0 0 0
scan 380 10 122 0 0 0 0 0 0 0 0 0
scan 380 10 123 0 0 0 0 0 0 0 0 0
scan 380 10 124 0 0 0 0 0 0 0 0 0
scan 380 10 125 0 0 0 0 0 0 0 0 0
scan 380 10 126 0 0 0 0 0 0 0 0 0
scan 380 10 127 0 0 0 0 0 0 0 0 0
scan 380 10 128 0 0 0 0 0 0 0 0 0
scan 380 10 129 0 0 0 0 0 0 0 0 0
scan 380 10 130 0 0 0 0 0 0 0 0 0
scan 380 10 131 0 0 0 0 0 0 0 0 0
scan 380 10 132 0 0 0 0 0 0 0 0 0
scan 380 10 133 0 0 0 0 0 0 0 0 0
scan 380 10 134 0 0 0 0 0 0 0 0 0
scan 380 10 135 9.96031e-06 0 7.043e-06 2.98809e-07 2.98809e-07 2.98809e-07 4.98016e-07 5.97619e-07 7.28133e-06
scan 380 10 136 9.96031e-06 0 7.043e-06 2.98809e-07 2.98809e-07 2.98809e-07 4.98016e-07 5.97619e-07 7.28133e-06
scan 380 10 137 1.49405e-05 0 8.62588e-06 4.48214e-07 4.48214e-07 4.48214e-07 7.47023e-07 8.96428e-07 1.0922e-05
scan 380 10 138 0 0 0 0 0 0 0 0 0
scan 380 10 139 0 0 0 0 0 0 0 0 0
scan 380 10 140 0 0 0 0 0 0 0 0 0
scan 380 10 141 4.98016e-06 0 4.98016e-06 1.49405e-07 1.49405e-07 1.49405e-07 2.49008e-07 2.98809e-07 3.64066e-06
scan 380 10 142 4.98016e-06 0 4.98016e-06 1.49405e-07 1.49405e-07 1.49405e-07 2.49008e-07 2.98809e-07 3.64066e-06
scan 380 10 143 0 0 0 0 0 0 0 0 0
scan 380 10 144 0 0 0 0 0 0 0 0 0
scan 380 10 145 0 0 0 0 0 0 0 0 0
scan 380 10 146 4.98016e-06 0 4.98016e-06 1.49405e-07 1.49405e-07 1.49405e-07 2.49008e-07 2.98809e-07 3.64066e-06
scan 380 10 147 4.98016e-06 0 4.98016e-06 1.49405e-07 1.49405e-07 1.49405e-07 2.49008e-07 2.98809e-07 3.64066e-06
scan 380 10 148 1.49405e-05 0 8.62588e-06 4.48214e-07 4.48214e-07 4.48214e-07 7.47023e-07 8.96428e-07 1.0922e-05
scan 380 10 149 1.49405e-05 0 8.62588e-06 4.48214e-07 4.48214e-07 4.48214e-07 7.47023e-07 8.96428e-07 1.0922e-05
scan 380 10 60 0 0 0 0 0 0 0 0 0
scan 380 10 61 0 0 0 0 0 0 0 0 0
scan 380 10 62 0 0 0 0 0 0 0 0 0
scan 380 10 63 0 0 0 0 0 0 0 0 0
scan 380 10 64 0 0 0 0 0 0 0 0 0
scan 380 10 65 0 0 0 0 0 0 0 0 0
scan 380 10 66 0 0 0 0 0 0 0 0 0
scan 380 10 67 0 0 0 0 0 0 0 0 0
scan 380 10 68 0 0 0 0 0 0 0 0 0
scan 380 10 69 0 0 0 0 0 0 0 0 0
scan 380 10 70 0 0 0 0 0 0 0 0 0
scan 380 10 71 0 0 0 0 0 0 0 0 0
scan 380 10 72 0 0 0 0 0 0 0 0 0
scan 380 10 73 0 0 0 0 0 0 0 0 0
scan 380 10 74 0 0 0 0 0 0 0 0 0
scan 380 10 165 0 0 0 0 0 0 0 0 0
scan 380 10 166 0 0 0 0 0 0 0 0 0
scan 380 10 167 0 0 0 0 0 0 0 0 0
scan 380 10 168 0 0 0 0 0 0 0 0 0
scan 380 10 169 4.98016e-06 0 4.98016e-06 1.49405e-07 1.49405e-07 1.49405e-07 2.49008e-07 2.98809e-07 3.64066e-06
scan 380 10 170 0 0 0 0 0 0 0 0 0
scan 380 10 171 0 0 0 0 0 0 0 0 0
scan 380 10 172 0 0 0 0 0 0 0 0 0
scan 380 10 173 0 0 0 0 0 0 0 0 0
scan 380 10 174 0 0 0 0 0 0 0 0 0
scan 380 10 175 0 0 0 0 0 0 0 0 0
scan 380 10 176 0 0 0 0 0 0 0 0 0
scan 380 10 177 0 0 0 0 0 0 0 0 0
scan 380 10 178 0 0 0 0 0 0 0 0 0
scan 380 10 179 0 0 0 0 0 0 0 0 0
