xsec 350 10 0.073732
scan 350 10 0 3.6866e-05 0 1.6487e-05 1.10598e-06 1.10598e-06 1.10598e-06 1.8433e-06 2.21196e-06 2.67046e-05
scan 350 10 1 4.42392e-05 0 1.80606e-05 1.32718e-06 1.32718e-06 1.32718e-06 2.21196e-06 2.65435e-06 3.20455e-05
scan 350 10 2 1.47464e-05 0 1.04273e-05 4.42392e-07 4.42392e-07 4.42392e-07 7.3732e-07 8.84784e-07 1.06818e-05
scan 350 10 3 7.3732e-06 0 7.3732e-06 2.21196e-07 2.21196e-07 2.21196e-07 3.6866e-07 4.42392e-07 5.34091e-06
scan 350 10 4 7.3732e-06 0 7.3732e-06 2.21196e-07 2.21196e-07 2.21196e-07 3.6866e-07 4.42392e-07 5.34091e-06
scan 350 10 5 7.3732e-06 0 7.3732e-06 2.21196e-07 2.21196e-07 2.21196e-07 3.6866e-07 4.42392e-07 5.34091e-06
scan 350 10 6 1.47464e-05 0 1.04273e-05 4.42392e-07 4.42392e-07 4.42392e-07 7.3732e-07 8.84784e-07 1.06818e-05
scan 350 10 7 7.3732e-06 0 7.3732e-06 2.21196e-07 2.21196e-07 2.21196e-07 3.6866e-07 4.42392e-07 5.34091e-06
scan 350 10 8 0 0 0 0 0 0 0 0 0
scan 350 10 9 0 0 0 0 0 0 0 0 0
scan 350 10 10 0 0 0 0 0 0 0 0 0
scan 350 10 11 2.21196e-05 0 1.27708e-05 6.63588e-07 6.63588e-07 6.63588e-07 1.10598e-06 1.32718e-06 1.60227e-05
scan 350 10 12 0 0 0 0 0 0 0 0 0
scan 350 10 13 5.16124e-05 0 1.95076e-05 1.54837e-06 1.54837e-06 1.54837e-06 2.58062e-06 3.09674e-06 3.73864e-05
scan 350 10 14 5.89856e-05 0 2.08546e-05 1.76957e-06 1.76957e-06 1.76957e-06 2.94928e-06 3.53914e-06 4.27273e-05
scan 350 10 15 0.000287555 0 4.60456e-05 8.62664e-06 8.62664e-06 8.62664e-06 1.43777e-05 1.72533e-05 0.000208296
scan 350 10 16 0.00055299 0 6.38538e-05 1.65897e-05 1.65897e-05 1.65897e-05 2.76495e-05 3.31794e-05 0.000400569
scan 350 10 17 0.000626722 0 6.79775e-05 1.88017e-05 1.88017e-05 1.88017e-05 3.13361e-05 3.76033e-05 0.000453978
scan 350 10 18 0.000471885 0 5.89856e-05 1.41565e-05 1.41565e-05 1.41565e-05 2.35942e-05 2.83131e-05 0.000341818
scan 350 10 19 0.000744693 0 7.40997e-05 2.23408e-05 2.23408e-05 2.23408e-05 3.72347e-05 4.46816e-05 0.000539432
scan 350 10 20 2.94928e-05 0 1.47464e-05 8.84784e-07 8.84784e-07 8.84784e-07 1.47464e-06 1.76957e-06 2.13637e-05
scan 350 10 21 0.000132718 0 3.12818e-05 3.98153e-06 3.98153e-06 3.98153e-06 6.63588e-06 7.96305e-06 9.61364e-05
scan 350 10 22 0.000191703 0 3.75961e-05 5.75109e-06 5.75109e-06 5.75109e-06 9.58516e-06 1.15022e-05 0.000138864
scan 350 10 23 0.000154837 0 3.37882e-05 4.64511e-06 4.64511e-06 4.64511e-06 7.74186e-06 9.29023e-06 0.000112159
scan 350 10 24 0.000243316 0 4.23558e-05 7.29947e-06 7.29947e-06 7.29947e-06 1.21658e-05 1.45989e-05 0.00017625
scan 350 10 25 2.21196e-05 0 1.27708e-05 6.63588e-07 6.63588e-07 6.63588e-07 1.10598e-06 1.32718e-06 1.60227e-05
scan 350 10 26 0.000147464 0 3.29739e-05 4.42392e-06 4.42392e-06 4.42392e-06 7.3732e-06 8.84784e-06 0.000106818
scan 350 10 27 0.000486631 0 5.99001e-05 1.45989e-05 1.45989e-05 1.45989e-05 2.43316e-05 2.91979e-05 0.0003525
scan 350 10 28 0.000862664 0 7.97533e-05 2.58799e-05 2.58799e-05 2.58799e-05 4.31332e-05 5.17599e-05 0.000624887
scan 350 10 29 0.00147464 0 0.000104273 4.42392e-05 4.42392e-05 4.42392e-05 7.3732e-05 8.84784e-05 0.00106818
scan 350 10 30 2.21196e-05 0 1.27708e-05 6.63588e-07 6.63588e-07 6.63588e-07 1.10598e-06 1.32718e-06 1.60227e-05
scan 350 10 31 1.47464e-05 0 1.04273e-05 4.42392e-07 4.42392e-07 4.42392e-07 7.3732e-07 8.84784e-07 1.06818e-05
scan 350 10 32 4.42392e-05 0 1.80606e-05 1.32718e-06 1.32718e-06 1.32718e-06 2.21196e-06 2.65435e-06 3.20455e-05
scan 350 10 33 0 0 0 0 0 0 0 0 0
scan 350 10 34 2.21196e-05 0 1.27708e-05 6.63588e-07 6.63588e-07 6.63588e-07 1.10598e-06 1.32718e-06 1.60227e-05
scan 350 10 35 0 0 0 0 0 0 0 0 0
scan 350 10 36 7.3732e-06 0 7.3732e-06 2.21196e-07 2.21196e-07 2.21196e-07 3.6866e-07 4.42392e-07 5.34091e-06
scan 350 10 37 1.47464e-05 0 1.04273e-05 4.42392e-07 4.42392e-07 4.42392e-07 7.3732e-07 8.84784e-07 1.06818e-05
scan 350 10 38 1.47464e-05 0 1.04273e-05 4.42392e-07 4.42392e-07 4.42392e-07 7.3732e-07 8.84784e-07 1.06818e-05
scan 350 10 39 0 0 0 0 0 0 0 0 0
scan 350 10 40 0 0 0 0 0 0 0 0 0
scan 350 10 41 1.47464e-05 0 1.04273e-05 4.42392e-07 4.42392e-07 4.42392e-07 7.3732e-07 8.84784e-07 1.06818e-05
scan 350 10 42 2.21196e-05 0 1.27708e-05 6.63588e-07 6.63588e-07 6.63588e-07 1.10598e-06 1.32718e-06 1.60227e-05
scan 350 10 43 1.47464e-05 0 1.04273e-05 4.42392e-07 4.42392e-07 4.42392e-07 7.3732e-07 8.84784e-07 1.06818e-05
scan 350 10 44 2.94928e-05 0 1.47464e-05 8.84784e-07 8.84784e-07 8.84784e-07 1.47464e-06 1.76957e-06 2.13637e-05
scan 350 10 45 7.3732e-06 0 7.3732e-06 2.21196e-07 2.21196e-07 2.21196e-07 3.6866e-07 4.42392e-07 5.34091e-06
scan 350 10 46 1.47464e-05 0 1.04273e-05 4.42392e-07 4.42392e-07 4.42392e-07 7.3732e-07 8.84784e-07 1.06818e-05
scan 350 10 47 0 0 0 0 0 0 0 0 0
scan 350 10 48 0 0 0 0 0 0 0 0 0
scan 350 10 49 0 0 0 0 0 0 0 0 0
scan 350 10 50 0 0 0 0 0 0 0 0 0
scan 350 10 51 0 0 0 0 0 0 0 0 0
scan 350 10 52 0 0 0 0 0 0 0 0 0
scan 350 10 53 0 0 0 0 0 0 0 0 0
scan 350 10 54 0 0 0 0 0 0 0 0 0
scan 350 10 55 0 0 0 0 0 0 0 0 0
scan 350 10 56 7.3732e-06 0 7.3732e-06 2.21196e-07 2.21196e-07 2.21196e-07 3.6866e-07 4.42392e-07 5.34091e-06
scan 350 10 57 0 0 0 0 0 0 0 0 0
scan 350 10 58 0 0 0 0 0 0 0 0 0
scan 350 10 59 7.3732e-06 0 7.3732e-06 2.21196e-07 2.21196e-07 2.21196e-07 3.6866e-07 4.42392e-07 5.34091e-06
scan 350 10 60 0 0 0 0 0 0 0 0 0
scan 350 10 61 0 0 0 0 0 0 0 0 0
scan 350 10 62 0 0 0 0 0 0 0 0 0
scan 350 10 63 0 0 0 0 0 0 0 0 0
scan 350 10 64 0 0 0 0 0 0 0 0 0
scan 350 10 65 0 0 0 0 0 0 0 0 0
scan 350 10 66 0 0 0 0 0 0 0 0 0
scan 350 10 67 0 0 0 0 0 0 0 0 0
scan 350 10 68 0 0 0 0 0 0 0 0 0
scan 350 10 69 0 0 0 0 0 0 0 0 0
scan 350 10 70 0 0 0 0 0 0 0 0 0
scan 350 10 71 0 0 0 0 0 0 0 0 0
scan 350 10 72 0 0 0 0 0 0 0 0 0
scan 350 10 73 0 0 0 0 0 0 0 0 0
scan 350 10 74 0 0 0 0 0 0 0 0 0
scan 350 10 75 0 0 0 0 0 0 0 0 0
scan 350 10 76 0 0 0 0 0 0 0 0 0
scan 350 10 77 0 0 0 0 0 0 0 0 0
scan 350 10 78 0 0 0 0 0 0 0 0 0
scan 350 10 79 0 0 0 0 0 0 0 0 0
scan 350 10 80 0 0 0 0 0 0 0 0 0
scan 350 10 81 0 0 0 0 0 0 0 0 0
scan 350 10 82 0 0 0 0 0 0 0 0 0
scan 350 10 83 0 0 0 0 0 0 0 0 0
scan 350 10 84 0 0 0 0 0 0 0 0 0
scan 350 10 85 0 0 0 0 0 0 0 0 0
scan 350 10 86 0 0 0 0 0 0 0 0 0
scan 350 10 87 0 0 0 0 0 0 0 0 0
scan 350 10 88 0 0 0 0 0 0 0 0 0
scan 350 10 89 0 0 0 0 0 0 0 0 0
scan 350 10 90 0 0 0 0 0 0 0 0 0
scan 350 10 91 2.94928e-05 0 1.47464e-05 8.84784e-07 8.84784e-07 8.84784e-07 1.47464e-06 1.76957e-06 2.13637e-05
scan 350 10 92 1.47464e-05 0 1.04273e-05 4.42392e-07 4.42392e-07 4.42392e-07 7.3732e-07 8.84784e-07 1.06818e-05
scan 350 10 93 0 0 0 0 0 0 0 0 0
scan 350 10 94 7.3732e-06 0 7.3732e-06 2.21196e-07 2.21196e-07 2.21196e-07 3.6866e-07 4.42392e-07 5.34091e-06
scan 350 10 95 0 0 0 0 0 0 0 0 0
scan 350 10 96 2.21196e-05 0 1.27708e-05 6.63588e-07 6.63588e-07 6.63588e-07 1.10598e-06 1.32718e-06 1.60227e-05
scan 350 10 97 0 0 0 0 0 0 0 0 0
scan 350 10 98 7.3732e-06 0 7.3732e-06 2.21196e-07 2.21196e-07 2.21196e-07 3.6866e-07 4.42392e-07 5.34091e-06
scan 350 10 99 7.3732e-06 0 7.3732e-06 2.21196e-07 2.21196e-07 2.21196e-07 3.6866e-07 4.42392e-07 5.34091e-06
scan 350 10 100 0 0 0 0 0 0 0 0 0
scan 350 10 101 1.47464e-05 0 1.04273e-05 4.42392e-07 4.42392e-07 4.42392e-07 7.3732e-07 8.84784e-07 1.06818e-05
scan 350 10 102 1.47464e-05 0 1.04273e-05 4.42392e-07 4.42392e-07 4.42392e-07 7.3732e-07 8.84784e-07 1.06818e-05
scan 350 10 103 2.21196e-05 0 1.27708e-05 6.63588e-07 6.63588e-07 6.63588e-07 1.10598e-06 1.32718e-06 1.60227e-05
scan 350 10 104 2.21196e-05 0 1.27708e-05 6.63588e-07 6.63588e-07 6.63588e-07 1.10598e-06 1.32718e-06 1.60227e-05
scan 350 10 60 0 0 0 0 0 0 0 0 0
scan 350 10 61 0 0 0 0 0 0 0 0 0
scan 350 10 62 0 0 0 0 0 0 0 0 0
scan 350 10 63 0 0 0 0 0 0 0 0 0
scan 350 10 64 0 0 0 0 0 0 0 0 0
scan 350 10 65 0 0 0 0 0 0 0 0 0
scan 350 10 66 0 0 0 0 0 0 0 0 0
scan 350 10 67 0 0 0 0 0 0 0 0 0
scan 350 10 68 0 0 0 0 0 0 0 0 0
scan 350 10 69 0 0 0 0 0 0 0 0 0
scan 350 10 70 0 0 0 0 0 0 0 0 0
scan 350 10 71 0 0 0 0 0 0 0 0 0
scan 350 10 72 0 0 0 0 0 0 0 0 0
scan 350 10 73 0 0 0 0 0 0 0 0 0
scan 350 10 74 0 0 0 0 0 0 0 0 0
scan 350 10 120 0 0 0 0 0 0 0 0 0
scan 350 10 121 0 0 0 0 0 0 0 0 0
scan 350 10 122 0 0 0 0 0 0 0 0 0
scan 350 10 123 0 0 0 0 0 0 0 0 0
scan 350 10 124 0 0 0 0 0 0 0 0 0
scan 350 10 125 0 0 0 0 0 0 0 0 0
scan 350 10 126 0 0 0 0 0 0 0 0 0
scan 350 10 127 0 0 0 0 0 0 0 0 0
scan 350 10 128 0 0 0 0 0 0 0 0 0
scan 350 10 129 0 0 0 0 0 0 0 0 0
scan 350 10 130 0 0 0 0 0 0 0 0 0
scan 350 10 131 0 0 0 0 0 0 0 0 0
scan 350 10 132 0 0 0 0 0 0 0 0 0
scan 350 10 133 0 0 0 0 0 0 0 0 0
scan 350 10 134 0 0 0 0 0 0 0 0 0
scan 350 10 135 7.3732e-06 0 7.3732e-06 2.21196e-07 2.21196e-07 2.21196e-07 3.6866e-07 4.42392e-07 5.34091e-06
scan 350 10 136 7.3732e-06 0 7.3732e-06 2.21196e-07 2.21196e-07 2.21196e-07 3.6866e-07 4.42392e-07 5.34091e-06
scan 350 10 137 0 0 0 0 0 0 0 0 0
scan 350 10 138 7.3732e-06 0 7.3732e-06 2.21196e-07 2.21196e-07 2.21196e-07 3.6866e-07 4.42392e-07 5.34091e-06
scan 350 10 139 0 0 0 0 0 0 0 0 0
scan 350 10 140 0 0 0 0 0 0 0 0 0
scan 350 10 141 7.3732e-06 0 7.3732e-06 2.21196e-07 2.21196e-07 2.21196e-07 3.6866e-07 4.42392e-07 5.34091e-06
scan 350 10 142 7.3732e-06 0 7.3732e-06 2.21196e-07 2.21196e-07 2.21196e-07 3.6866e-07 4.42392e-07 5.34091e-06
scan 350 10 143 7.3732e-06 0 7.3732e-06 2.21196e-07 2.21196e-07 2.21196e-07 3.6866e-07 4.42392e-07 5.34091e-06
scan 350 10 144 7.3732e-06 0 7.3732e-06 2.21196e-07 2.21196e-07 2.21196e-07 3.6866e-07 4.42392e-07 5.34091e-06
scan 350 10 145 0 0 0 0 0 0 0 0 0
scan 350 10 146 7.3732e-06 0 7.3732e-06 2.21196e-07 2.21196e-07 2.21196e-07 3.6866e-07 4.42392e-07 5.34091e-06
scan 350 10 147 2.21196e-05 0 1.27708e-05 6.63588e-07 6.63588e-07 6.63588e-07 1.10598e-06 1.32718e-06 1.60227e-05
scan 350 10 148 7.3732e-06 0 7.3732e-06 2.21196e-07 2.21196e-07 2.21196e-07 3.6866e-07 4.42392e-07 5.34091e-06
scan 350 10 149 1.47464e-05 0 1.04273e-05 4.42392e-07 4.42392e-07 4.42392e-07 7.3732e-07 8.84784e-07 1.06818e-05
scan 350 10 60 0 0 0 0 0 0 0 0 0
scan 350 10 61 0 0 0 0 0 0 0 0 0
scan 350 10 62 0 0 0 0 0 0 0 0 0
scan 350 10 63 0 0 0 0 0 0 0 0 0
scan 350 10 64 0 0 0 0 0 0 0 0 0
scan 350 10 65 0 0 0 0 0 0 0 0 0
scan 350 10 66 0 0 0 0 0 0 0 0 0
scan 350 10 67 0 0 0 0 0 0 0 0 0
scan 350 10 68 0 0 0 0 0 0 0 0 0
scan 350 10 69 0 0 0 0 0 0 0 0 0
scan 350 10 70 0 0 0 0 0 0 0 0 0
scan 350 10 71 0 0 0 0 0 0 0 0 0
scan 350 10 72 0 0 0 0 0 0 0 0 0
scan 350 10 73 0 0 0 0 0 0 0 0 0
scan 350 10 74 0 0 0 0 0 0 0 0 0
scan 350 10 165 0 0 0 0 0 0 0 0 0
scan 350 10 166 0 0 0 0 0 0 0 0 0
scan 350 10 167 0 0 0 0 0 0 0 0 0
scan 350 10 168 0 0 0 0 0 0 0 0 0
scan 350 10 169 0 0 0 0 0 0 0 0 0
scan 350 10 170 0 0 0 0 0 0 0 0 0
scan 350 10 171 0 0 0 0 0 0 0 0 0
scan 350 10 172 0 0 0 0 0 0 0 0 0
scan 350 10 173 0 0 0 0 0 0 0 0 0
scan 350 10 174 0 0 0 0 0 0 0 0 0
scan 350 10 175 0 0 0 0 0 0 0 0 0
scan 350 10 176 0 0 0 0 0 0 0 0 0
scan 350 10 177 0 0 0 0 0 0 0 0 0
scan 350 10 178 0 0 0 0 0 0 0 0 0
scan 350 10 179 0 0 0 0 0 0 0 0 0
