xsec 390 250 0.0445121
scan 390 250 0 1.78084e-05 0 8.9042e-06 5.34252e-07 5.34252e-07 5.34252e-07 8.9042e-07 1.0685e-06 1.30453e-05
scan 390 250 1 3.56168e-05 0 1.25924e-05 1.0685e-06 1.0685e-06 1.0685e-06 1.78084e-06 2.13701e-06 2.60905e-05
scan 390 250 2 1.78084e-05 0 8.9042e-06 5.34252e-07 5.34252e-07 5.34252e-07 8.9042e-07 1.0685e-06 1.30453e-05
scan 390 250 3 0 0 0 0 0 0 0 0 0
scan 390 250 4 8.9042e-06 0 6.29622e-06 2.67126e-07 2.67126e-07 2.67126e-07 4.4521e-07 5.34252e-07 6.52263e-06
scan 390 250 5 0 0 0 0 0 0 0 0 0
scan 390 250 6 0 0 0 0 0 0 0 0 0
scan 390 250 7 4.4521e-06 0 4.4521e-06 1.33563e-07 1.33563e-07 1.33563e-07 2.22605e-07 2.67126e-07 3.26131e-06
scan 390 250 8 8.9042e-06 0 6.29622e-06 2.67126e-07 2.67126e-07 2.67126e-07 4.4521e-07 5.34252e-07 6.52263e-06
scan 390 250 9 0 0 0 0 0 0 0 0 0
scan 390 250 10 0 0 0 0 0 0 0 0 0
scan 390 250 11 4.4521e-06 0 4.4521e-06 1.33563e-07 1.33563e-07 1.33563e-07 2.22605e-07 2.67126e-07 3.26131e-06
scan 390 250 12 4.4521e-06 0 4.4521e-06 1.33563e-07 1.33563e-07 1.33563e-07 2.22605e-07 2.67126e-07 3.26131e-06
scan 390 250 13 8.9042e-06 0 6.29622e-06 2.67126e-07 2.67126e-07 2.67126e-07 4.4521e-07 5.34252e-07 6.52263e-06
scan 390 250 14 8.9042e-06 0 6.29622e-06 2.67126e-07 2.67126e-07 2.67126e-07 4.4521e-07 5.34252e-07 6.52263e-06
scan 390 250 15 0.000560965 0 4.99747e-05 1.68289e-05 1.68289e-05 1.68289e-05 2.80482e-05 3.36579e-05 0.000410925
scan 390 250 16 0.000796926 0 5.9565e-05 2.39078e-05 2.39078e-05 2.39078e-05 3.98463e-05 4.78156e-05 0.000583775
scan 390 250 17 0.000467471 0 4.56205e-05 1.40241e-05 1.40241e-05 1.40241e-05 2.33735e-05 2.80482e-05 0.000342438
scan 390 250 18 0.000178084 0 2.81576e-05 5.34252e-06 5.34252e-06 5.34252e-06 8.9042e-06 1.0685e-05 0.000130453
scan 390 250 19 0.000115755 0 2.27013e-05 3.47264e-06 3.47264e-06 3.47264e-06 5.78773e-06 6.94528e-06 8.47941e-05
scan 390 250 20 3.56168e-05 0 1.25924e-05 1.0685e-06 1.0685e-06 1.0685e-06 1.78084e-06 2.13701e-06 2.60905e-05
scan 390 250 21 0.000240413 0 3.27161e-05 7.2124e-06 7.2124e-06 7.2124e-06 1.20207e-05 1.44248e-05 0.000176111
scan 390 250 22 0.000240413 0 3.27161e-05 7.2124e-06 7.2124e-06 7.2124e-06 1.20207e-05 1.44248e-05 0.000176111
scan 390 250 23 7.12336e-05 0 1.78084e-05 2.13701e-06 2.13701e-06 2.13701e-06 3.56168e-06 4.27402e-06 5.2181e-05
scan 390 250 24 3.56168e-05 0 1.25924e-05 1.0685e-06 1.0685e-06 1.0685e-06 1.78084e-06 2.13701e-06 2.60905e-05
scan 390 250 25 4.4521e-06 0 4.4521e-06 1.33563e-07 1.33563e-07 1.33563e-07 2.22605e-07 2.67126e-07 3.26131e-06
scan 390 250 26 0.000115755 0 2.27013e-05 3.47264e-06 3.47264e-06 3.47264e-06 5.78773e-06 6.94528e-06 8.47941e-05
scan 390 250 27 0.000351716 0 3.95711e-05 1.05515e-05 1.05515e-05 1.05515e-05 1.75858e-05 2.1103e-05 0.000257644
scan 390 250 28 0.00027603 0 3.50559e-05 8.28091e-06 8.28091e-06 8.28091e-06 1.38015e-05 1.65618e-05 0.000202201
scan 390 250 29 0.000124659 0 2.35583e-05 3.73976e-06 3.73976e-06 3.73976e-06 6.23294e-06 7.47953e-06 9.13168e-05
scan 390 250 30 2.22605e-05 0 9.9552e-06 6.67815e-07 6.67815e-07 6.67815e-07 1.11303e-06 1.33563e-06 1.63066e-05
scan 390 250 31 1.33563e-05 0 7.71126e-06 4.00689e-07 4.00689e-07 4.00689e-07 6.67815e-07 8.01378e-07 9.78394e-06
scan 390 250 32 4.4521e-06 0 4.4521e-06 1.33563e-07 1.33563e-07 1.33563e-07 2.22605e-07 2.67126e-07 3.26131e-06
scan 390 250 33 4.4521e-06 0 4.4521e-06 1.33563e-07 1.33563e-07 1.33563e-07 2.22605e-07 2.67126e-07 3.26131e-06
scan 390 250 34 0 0 0 0 0 0 0 0 0
scan 390 250 35 0 0 0 0 0 0 0 0 0
scan 390 250 36 1.33563e-05 0 7.71126e-06 4.00689e-07 4.00689e-07 4.00689e-07 6.67815e-07 8.01378e-07 9.78394e-06
scan 390 250 37 4.4521e-06 0 4.4521e-06 1.33563e-07 1.33563e-07 1.33563e-07 2.22605e-07 2.67126e-07 3.26131e-06
scan 390 250 38 0 0 0 0 0 0 0 0 0
scan 390 250 39 0 0 0 0 0 0 0 0 0
scan 390 250 40 0 0 0 0 0 0 0 0 0
scan 390 250 41 0 0 0 0 0 0 0 0 0
scan 390 250 42 1.33563e-05 0 7.71126e-06 4.00689e-07 4.00689e-07 4.00689e-07 6.67815e-07 8.01378e-07 9.78394e-06
scan 390 250 43 0 0 0 0 0 0 0 0 0
scan 390 250 44 0 0 0 0 0 0 0 0 0
scan 390 250 45 8.9042e-06 0 6.29622e-06 2.67126e-07 2.67126e-07 2.67126e-07 4.4521e-07 5.34252e-07 6.52263e-06
scan 390 250 46 8.9042e-06 0 6.29622e-06 2.67126e-07 2.67126e-07 2.67126e-07 4.4521e-07 5.34252e-07 6.52263e-06
scan 390 250 47 4.4521e-06 0 4.4521e-06 1.33563e-07 1.33563e-07 1.33563e-07 2.22605e-07 2.67126e-07 3.26131e-06
scan 390 250 48 0 0 0 0 0 0 0 0 0
scan 390 250 49 0 0 0 0 0 0 0 0 0
scan 390 250 50 0 0 0 0 0 0 0 0 0
scan 390 250 51 4.4521e-06 0 4.4521e-06 1.33563e-07 1.33563e-07 1.33563e-07 2.22605e-07 2.67126e-07 3.26131e-06
scan 390 250 52 0 0 0 0 0 0 0 0 0
scan 390 250 53 0 0 0 0 0 0 0 0 0
scan 390 250 54 0 0 0 0 0 0 0 0 0
scan 390 250 55 0 0 0 0 0 0 0 0 0
scan 390 250 56 0 0 0 0 0 0 0 0 0
scan 390 250 57 0 0 0 0 0 0 0 0 0
scan 390 250 58 0 0 0 0 0 0 0 0 0
scan 390 250 59 0 0 0 0 0 0 0 0 0
scan 390 250 60 0 0 0 0 0 0 0 0 0
scan 390 250 61 0 0 0 0 0 0 0 0 0
scan 390 250 62 0 0 0 0 0 0 0 0 0
scan 390 250 63 0 0 0 0 0 0 0 0 0
scan 390 250 64 0 0 0 0 0 0 0 0 0
scan 390 250 65 0 0 0 0 0 0 0 0 0
scan 390 250 66 0 0 0 0 0 0 0 0 0
scan 390 250 67 0 0 0 0 0 0 0 0 0
scan 390 250 68 0 0 0 0 0 0 0 0 0
scan 390 250 69 0 0 0 0 0 0 0 0 0
scan 390 250 70 0 0 0 0 0 0 0 0 0
scan 390 250 71 0 0 0 0 0 0 0 0 0
scan 390 250 72 0 0 0 0 0 0 0 0 0
scan 390 250 73 0 0 0 0 0 0 0 0 0
scan 390 250 74 0 0 0 0 0 0 0 0 0
scan 390 250 75 0 0 0 0 0 0 0 0 0
scan 390 250 76 0 0 0 0 0 0 0 0 0
scan 390 250 77 0 0 0 0 0 0 0 0 0
scan 390 250 78 4.4521e-06 0 4.4521e-06 1.33563e-07 1.33563e-07 1.33563e-07 2.22605e-07 2.67126e-07 3.26131e-06
scan 390 250 79 0 0 0 0 0 0 0 0 0
scan 390 250 80 0 0 0 0 0 0 0 0 0
scan 390 250 81 0 0 0 0 0 0 0 0 0
scan 390 250 82 0 0 0 0 0 0 0 0 0
scan 390 250 83 0 0 0 0 0 0 0 0 0
scan 390 250 84 0 0 0 0 0 0 0 0 0
scan 390 250 85 0 0 0 0 0 0 0 0 0
scan 390 250 86 0 0 0 0 0 0 0 0 0
scan 390 250 87 4.4521e-06 0 4.4521e-06 1.33563e-07 1.33563e-07 1.33563e-07 2.22605e-07 2.67126e-07 3.26131e-06
scan 390 250 88 0 0 0 0 0 0 0 0 0
scan 390 250 89 0 0 0 0 0 0 0 0 0
scan 390 250 90 8.9042e-06 0 6.29622e-06 2.67126e-07 2.67126e-07 2.67126e-07 4.4521e-07 5.34252e-07 6.52263e-06
scan 390 250 91 3.11647e-05 0 1.17792e-05 9.34941e-07 9.34941e-07 9.34941e-07 1.55824e-06 1.86988e-06 2.28292e-05
scan 390 250 92 1.33563e-05 0 7.71126e-06 4.00689e-07 4.00689e-07 4.00689e-07 6.67815e-07 8.01378e-07 9.78394e-06
scan 390 250 93 4.4521e-06 0 4.4521e-06 1.33563e-07 1.33563e-07 1.33563e-07 2.22605e-07 2.67126e-07 3.26131e-06
scan 390 250 94 0 0 0 0 0 0 0 0 0
scan 390 250 95 0 0 0 0 0 0 0 0 0
scan 390 250 96 8.9042e-06 0 6.29622e-06 2.67126e-07 2.67126e-07 2.67126e-07 4.4521e-07 5.34252e-07 6.52263e-06
scan 390 250 97 0 0 0 0 0 0 0 0 0
scan 390 250 98 0 0 0 0 0 0 0 0 0
scan 390 250 99 0 0 0 0 0 0 0 0 0
scan 390 250 100 0 0 0 0 0 0 0 0 0
scan 390 250 101 8.9042e-06 0 6.29622e-06 2.67126e-07 2.67126e-07 2.67126e-07 4.4521e-07 5.34252e-07 6.52263e-06
scan 390 250 102 8.9042e-06 0 6.29622e-06 2.67126e-07 2.67126e-07 2.67126e-07 4.4521e-07 5.34252e-07 6.52263e-06
scan 390 250 103 8.9042e-06 0 6.29622e-06 2.67126e-07 2.67126e-07 2.67126e-07 4.4521e-07 5.34252e-07 6.52263e-06
scan 390 250 104 0 0 0 0 0 0 0 0 0
scan 390 250 60 0 0 0 0 0 0 0 0 0
scan 390 250 61 0 0 0 0 0 0 0 0 0
scan 390 250 62 0 0 0 0 0 0 0 0 0
scan 390 250 63 0 0 0 0 0 0 0 0 0
scan 390 250 64 0 0 0 0 0 0 0 0 0
scan 390 250 65 0 0 0 0 0 0 0 0 0
scan 390 250 66 0 0 0 0 0 0 0 0 0
scan 390 250 67 0 0 0 0 0 0 0 0 0
scan 390 250 68 0 0 0 0 0 0 0 0 0
scan 390 250 69 0 0 0 0 0 0 0 0 0
scan 390 250 70 0 0 0 0 0 0 0 0 0
scan 390 250 71 0 0 0 0 0 0 0 0 0
scan 390 250 72 0 0 0 0 0 0 0 0 0
scan 390 250 73 0 0 0 0 0 0 0 0 0
scan 390 250 74 0 0 0 0 0 0 0 0 0
scan 390 250 120 0 0 0 0 0 0 0 0 0
scan 390 250 121 0 0 0 0 0 0 0 0 0
scan 390 250 122 0 0 0 0 0 0 0 0 0
scan 390 250 123 0 0 0 0 0 0 0 0 0
scan 390 250 124 0 0 0 0 0 0 0 0 0
scan 390 250 125 0 0 0 0 0 0 0 0 0
scan 390 250 126 0 0 0 0 0 0 0 0 0
scan 390 250 127 0 0 0 0 0 0 0 0 0
scan 390 250 128 0 0 0 0 0 0 0 0 0
scan 390 250 129 0 0 0 0 0 0 0 0 0
scan 390 250 130 0 0 0 0 0 0 0 0 0
scan 390 250 131 0 0 0 0 0 0 0 0 0
scan 390 250 132 0 0 0 0 0 0 0 0 0
scan 390 250 133 0 0 0 0 0 0 0 0 0
scan 390 250 134 0 0 0 0 0 0 0 0 0
scan 390 250 135 4.4521e-06 0 4.4521e-06 1.33563e-07 1.33563e-07 1.33563e-07 2.22605e-07 2.67126e-07 3.26131e-06
scan 390 250 136 1.78084e-05 0 8.9042e-06 5.34252e-07 5.34252e-07 5.34252e-07 8.9042e-07 1.0685e-06 1.30453e-05
scan 390 250 137 8.9042e-06 0 6.29622e-06 2.67126e-07 2.67126e-07 2.67126e-07 4.4521e-07 5.34252e-07 6.52263e-06
scan 390 250 138 0 0 0 0 0 0 0 0 0
scan 390 250 139 4.4521e-06 0 4.4521e-06 1.33563e-07 1.33563e-07 1.33563e-07 2.22605e-07 2.67126e-07 3.26131e-06
scan 390 250 140 0 0 0 0 0 0 0 0 0
scan 390 250 141 0 0 0 0 0 0 0 0 0
scan 390 250 142 0 0 0 0 0 0 0 0 0
scan 390 250 143 4.4521e-06 0 4.4521e-06 1.33563e-07 1.33563e-07 1.33563e-07 2.22605e-07 2.67126e-07 3.26131e-06
scan 390 250 144 0 0 0 0 0 0 0 0 0
scan 390 250 145 0 0 0 0 0 0 0 0 0
scan 390 250 146 0 0 0 0 0 0 0 0 0
scan 390 250 147 4.4521e-06 0 4.4521e-06 1.33563e-07 1.33563e-07 1.33563e-07 2.22605e-07 2.67126e-07 3.26131e-06
scan 390 250 148 0 0 0 0 0 0 0 0 0
scan 390 250 149 4.4521e-06 0 4.4521e-06 1.33563e-07 1.33563e-07 1.33563e-07 2.22605e-07 2.67126e-07 3.26131e-06
scan 390 250 60 0 0 0 0 0 0 0 0 0
scan 390 250 61 0 0 0 0 0 0 0 0 0
scan 390 250 62 0 0 0 0 0 0 0 0 0
scan 390 250 63 0 0 0 0 0 0 0 0 0
scan 390 250 64 0 0 0 0 0 0 0 0 0
scan 390 250 65 0 0 0 0 0 0 0 0 0
scan 390 250 66 0 0 0 0 0 0 0 0 0
scan 390 250 67 0 0 0 0 0 0 0 0 0
scan 390 250 68 0 0 0 0 0 0 0 0 0
scan 390 250 69 0 0 0 0 0 0 0 0 0
scan 390 250 70 0 0 0 0 0 0 0 0 0
scan 390 250 71 0 0 0 0 0 0 0 0 0
scan 390 250 72 0 0 0 0 0 0 0 0 0
scan 390 250 73 0 0 0 0 0 0 0 0 0
scan 390 250 74 0 0 0 0 0 0 0 0 0
scan 390 250 165 0 0 0 0 0 0 0 0 0
scan 390 250 166 0 0 0 0 0 0 0 0 0
scan 390 250 167 4.4521e-06 0 4.4521e-06 1.33563e-07 1.33563e-07 1.33563e-07 2.22605e-07 2.67126e-07 3.26131e-06
scan 390 250 168 0 0 0 0 0 0 0 0 0
scan 390 250 169 0 0 0 0 0 0 0 0 0
scan 390 250 170 0 0 0 0 0 0 0 0 0
scan 390 250 171 0 0 0 0 0 0 0 0 0
scan 390 250 172 0 0 0 0 0 0 0 0 0
scan 390 250 173 0 0 0 0 0 0 0 0 0
scan 390 250 174 0 0 0 0 0 0 0 0 0
scan 390 250 175 0 0 0 0 0 0 0 0 0
scan 390 250 176 0 0 0 0 0 0 0 0 0
scan 390 250 177 0 0 0 0 0 0 0 0 0
scan 390 250 178 0 0 0 0 0 0 0 0 0
scan 390 250 179 0 0 0 0 0 0 0 0 0
