xsec 400 20 0.0393429
scan 400 20 0 1.1804e-05 0 6.81506e-06 3.54121e-07 3.54121e-07 3.54121e-07 5.90202e-07 7.08242e-07 8.67238e-06
scan 400 20 1 7.86936e-06 0 5.56448e-06 2.36081e-07 2.36081e-07 2.36081e-07 3.93468e-07 4.72162e-07 5.78159e-06
scan 400 20 2 1.96734e-05 0 8.79821e-06 5.90202e-07 5.90202e-07 5.90202e-07 9.8367e-07 1.1804e-06 1.4454e-05
scan 400 20 3 3.93468e-06 0 3.93468e-06 1.1804e-07 1.1804e-07 1.1804e-07 1.96734e-07 2.36081e-07 2.89079e-06
scan 400 20 4 1.1804e-05 0 6.81506e-06 3.54121e-07 3.54121e-07 3.54121e-07 5.90202e-07 7.08242e-07 8.67238e-06
scan 400 20 5 0 0 0 0 0 0 0 0 0
scan 400 20 6 3.93468e-06 0 3.93468e-06 1.1804e-07 1.1804e-07 1.1804e-07 1.96734e-07 2.36081e-07 2.89079e-06
scan 400 20 7 7.86936e-06 0 5.56448e-06 2.36081e-07 2.36081e-07 2.36081e-07 3.93468e-07 4.72162e-07 5.78159e-06
scan 400 20 8 3.93468e-06 0 3.93468e-06 1.1804e-07 1.1804e-07 1.1804e-07 1.96734e-07 2.36081e-07 2.89079e-06
scan 400 20 9 7.86936e-06 0 5.56448e-06 2.36081e-07 2.36081e-07 2.36081e-07 3.93468e-07 4.72162e-07 5.78159e-06
scan 400 20 10 0 0 0 0 0 0 0 0 0
scan 400 20 11 1.1804e-05 0 6.81506e-06 3.54121e-07 3.54121e-07 3.54121e-07 5.90202e-07 7.08242e-07 8.67238e-06
scan 400 20 12 7.86936e-06 0 5.56448e-06 2.36081e-07 2.36081e-07 2.36081e-07 3.93468e-07 4.72162e-07 5.78159e-06
scan 400 20 13 3.93468e-06 0 3.93468e-06 1.1804e-07 1.1804e-07 1.1804e-07 1.96734e-07 2.36081e-07 2.89079e-06
scan 400 20 14 1.57387e-05 0 7.86936e-06 4.72162e-07 4.72162e-07 4.72162e-07 7.86936e-07 9.44323e-07 1.15632e-05
scan 400 20 15 7.47589e-05 0 1.71509e-05 2.24277e-06 2.24277e-06 2.24277e-06 3.73795e-06 4.48553e-06 5.49251e-05
scan 400 20 16 0.000271493 0 3.26839e-05 8.14479e-06 8.14479e-06 8.14479e-06 1.35746e-05 1.62896e-05 0.000199465
scan 400 20 17 0.000271493 0 3.26839e-05 8.14479e-06 8.14479e-06 8.14479e-06 1.35746e-05 1.62896e-05 0.000199465
scan 400 20 18 0.000192799 0 2.75428e-05 5.78398e-06 5.78398e-06 5.78398e-06 9.63996e-06 1.1568e-05 0.000141649
scan 400 20 19 0.000346252 0 3.69106e-05 1.03876e-05 1.03876e-05 1.03876e-05 1.73126e-05 2.07751e-05 0.00025439
scan 400 20 20 1.1804e-05 0 6.81506e-06 3.54121e-07 3.54121e-07 3.54121e-07 5.90202e-07 7.08242e-07 8.67238e-06
scan 400 20 21 6.29549e-05 0 1.57387e-05 1.88865e-06 1.88865e-06 1.88865e-06 3.14774e-06 3.77729e-06 4.62527e-05
scan 400 20 22 9.8367e-05 0 1.96734e-05 2.95101e-06 2.95101e-06 2.95101e-06 4.91835e-06 5.90202e-06 7.22699e-05
scan 400 20 23 9.44323e-05 0 1.92759e-05 2.83297e-06 2.83297e-06 2.83297e-06 4.72162e-06 5.66594e-06 6.93791e-05
scan 400 20 24 0.000110171 0 2.08204e-05 3.30513e-06 3.30513e-06 3.30513e-06 5.50855e-06 6.61026e-06 8.09423e-05
scan 400 20 25 0 0 0 0 0 0 0 0 0
scan 400 20 26 0.000121975 0 2.19074e-05 3.65925e-06 3.65925e-06 3.65925e-06 6.09875e-06 7.3185e-06 8.96146e-05
scan 400 20 27 0.000236081 0 3.04779e-05 7.08242e-06 7.08242e-06 7.08242e-06 1.1804e-05 1.41648e-05 0.000173448
scan 400 20 28 0.000365925 0 3.79447e-05 1.09778e-05 1.09778e-05 1.09778e-05 1.82963e-05 2.19555e-05 0.000268844
scan 400 20 29 0.00107023 0 6.48924e-05 3.2107e-05 3.2107e-05 3.2107e-05 5.35116e-05 6.4214e-05 0.000786296
scan 400 20 30 7.86936e-06 0 5.56448e-06 2.36081e-07 2.36081e-07 2.36081e-07 3.93468e-07 4.72162e-07 5.78159e-06
scan 400 20 31 3.93468e-06 0 3.93468e-06 1.1804e-07 1.1804e-07 1.1804e-07 1.96734e-07 2.36081e-07 2.89079e-06
scan 400 20 32 3.93468e-06 0 3.93468e-06 1.1804e-07 1.1804e-07 1.1804e-07 1.96734e-07 2.36081e-07 2.89079e-06
scan 400 20 33 3.93468e-06 0 3.93468e-06 1.1804e-07 1.1804e-07 1.1804e-07 1.96734e-07 2.36081e-07 2.89079e-06
scan 400 20 34 1.1804e-05 0 6.81506e-06 3.54121e-07 3.54121e-07 3.54121e-07 5.90202e-07 7.08242e-07 8.67238e-06
scan 400 20 35 0 0 0 0 0 0 0 0 0
scan 400 20 36 3.93468e-06 0 3.93468e-06 1.1804e-07 1.1804e-07 1.1804e-07 1.96734e-07 2.36081e-07 2.89079e-06
scan 400 20 37 3.93468e-06 0 3.93468e-06 1.1804e-07 1.1804e-07 1.1804e-07 1.96734e-07 2.36081e-07 2.89079e-06
scan 400 20 38 3.93468e-06 0 3.93468e-06 1.1804e-07 1.1804e-07 1.1804e-07 1.96734e-07 2.36081e-07 2.89079e-06
scan 400 20 39 3.93468e-06 0 3.93468e-06 1.1804e-07 1.1804e-07 1.1804e-07 1.96734e-07 2.36081e-07 2.89079e-06
scan 400 20 40 0 0 0 0 0 0 0 0 0
scan 400 20 41 3.93468e-06 0 3.93468e-06 1.1804e-07 1.1804e-07 1.1804e-07 1.96734e-07 2.36081e-07 2.89079e-06
scan 400 20 42 1.57387e-05 0 7.86936e-06 4.72162e-07 4.72162e-07 4.72162e-07 7.86936e-07 9.44323e-07 1.15632e-05
scan 400 20 43 3.93468e-06 0 3.93468e-06 1.1804e-07 1.1804e-07 1.1804e-07 1.96734e-07 2.36081e-07 2.89079e-06
scan 400 20 44 3.54121e-05 0 1.1804e-05 1.06236e-06 1.06236e-06 1.06236e-06 1.77061e-06 2.12473e-06 2.60172e-05
scan 400 20 45 0 0 0 0 0 0 0 0 0
scan 400 20 46 0 0 0 0 0 0 0 0 0
scan 400 20 47 3.93468e-06 0 3.93468e-06 1.1804e-07 1.1804e-07 1.1804e-07 1.96734e-07 2.36081e-07 2.89079e-06
scan 400 20 48 3.93468e-06 0 3.93468e-06 1.1804e-07 1.1804e-07 1.1804e-07 1.96734e-07 2.36081e-07 2.89079e-06
scan 400 20 49 3.93468e-06 0 3.93468e-06 1.1804e-07 1.1804e-07 1.1804e-07 1.96734e-07 2.36081e-07 2.89079e-06
scan 400 20 50 0 0 0 0 0 0 0 0 0
scan 400 20 51 7.86936e-06 0 5.56448e-06 2.36081e-07 2.36081e-07 2.36081e-07 3.93468e-07 4.72162e-07 5.78159e-06
scan 400 20 52 0 0 0 0 0 0 0 0 0
scan 400 20 53 0 0 0 0 0 0 0 0 0
scan 400 20 54 0 0 0 0 0 0 0 0 0
scan 400 20 55 0 0 0 0 0 0 0 0 0
scan 400 20 56 3.93468e-06 0 3.93468e-06 1.1804e-07 1.1804e-07 1.1804e-07 1.96734e-07 2.36081e-07 2.89079e-06
scan 400 20 57 3.93468e-06 0 3.93468e-06 1.1804e-07 1.1804e-07 1.1804e-07 1.96734e-07 2.36081e-07 2.89079e-06
scan 400 20 58 3.93468e-06 0 3.93468e-06 1.1804e-07 1.1804e-07 1.1804e-07 1.96734e-07 2.36081e-07 2.89079e-06
scan 400 20 59 0 0 0 0 0 0 0 0 0
scan 400 20 60 0 0 0 0 0 0 0 0 0
scan 400 20 61 0 0 0 0 0 0 0 0 0
scan 400 20 62 0 0 0 0 0 0 0 0 0
scan 400 20 63 0 0 0 0 0 0 0 0 0
scan 400 20 64 0 0 0 0 0 0 0 0 0
scan 400 20 65 0 0 0 0 0 0 0 0 0
scan 400 20 66 0 0 0 0 0 0 0 0 0
scan 400 20 67 0 0 0 0 0 0 0 0 0
scan 400 20 68 0 0 0 0 0 0 0 0 0
scan 400 20 69 0 0 0 0 0 0 0 0 0
scan 400 20 70 0 0 0 0 0 0 0 0 0
scan 400 20 71 0 0 0 0 0 0 0 0 0
scan 400 20 72 0 0 0 0 0 0 0 0 0
scan 400 20 73 0 0 0 0 0 0 0 0 0
scan 400 20 74 0 0 0 0 0 0 0 0 0
scan 400 20 75 0 0 0 0 0 0 0 0 0
scan 400 20 76 0 0 0 0 0 0 0 0 0
scan 400 20 77 0 0 0 0 0 0 0 0 0
scan 400 20 78 0 0 0 0 0 0 0 0 0
scan 400 20 79 0 0 0 0 0 0 0 0 0
scan 400 20 80 0 0 0 0 0 0 0 0 0
scan 400 20 81 0 0 0 0 0 0 0 0 0
scan 400 20 82 0 0 0 0 0 0 0 0 0
scan 400 20 83 0 0 0 0 0 0 0 0 0
scan 400 20 84 0 0 0 0 0 0 0 0 0
scan 400 20 85 0 0 0 0 0 0 0 0 0
scan 400 20 86 0 0 0 0 0 0 0 0 0
scan 400 20 87 0 0 0 0 0 0 0 0 0
scan 400 20 88 3.93468e-06 0 3.93468e-06 1.1804e-07 1.1804e-07 1.1804e-07 1.96734e-07 2.36081e-07 2.89079e-06
scan 400 20 89 3.93468e-06 0 3.93468e-06 1.1804e-07 1.1804e-07 1.1804e-07 1.96734e-07 2.36081e-07 2.89079e-06
scan 400 20 90 1.57387e-05 0 7.86936e-06 4.72162e-07 4.72162e-07 4.72162e-07 7.86936e-07 9.44323e-07 1.15632e-05
scan 400 20 91 3.93468e-06 0 3.93468e-06 1.1804e-07 1.1804e-07 1.1804e-07 1.96734e-07 2.36081e-07 2.89079e-06
scan 400 20 92 1.57387e-05 0 7.86936e-06 4.72162e-07 4.72162e-07 4.72162e-07 7.86936e-07 9.44323e-07 1.15632e-05
scan 400 20 93 7.86936e-06 0 5.56448e-06 2.36081e-07 2.36081e-07 2.36081e-07 3.93468e-07 4.72162e-07 5.78159e-06
scan 400 20 94 0 0 0 0 0 0 0 0 0
scan 400 20 95 3.93468e-06 0 3.93468e-06 1.1804e-07 1.1804e-07 1.1804e-07 1.96734e-07 2.36081e-07 2.89079e-06
scan 400 20 96 7.86936e-06 0 5.56448e-06 2.36081e-07 2.36081e-07 2.36081e-07 3.93468e-07 4.72162e-07 5.78159e-06
scan 400 20 97 3.93468e-06 0 3.93468e-06 1.1804e-07 1.1804e-07 1.1804e-07 1.96734e-07 2.36081e-07 2.89079e-06
scan 400 20 98 3.93468e-06 0 3.93468e-06 1.1804e-07 1.1804e-07 1.1804e-07 1.96734e-07 2.36081e-07 2.89079e-06
scan 400 20 99 0 0 0 0 0 0 0 0 0
scan 400 20 100 0 0 0 0 0 0 0 0 0
scan 400 20 101 0 0 0 0 0 0 0 0 0
scan 400 20 102 7.86936e-06 0 5.56448e-06 2.36081e-07 2.36081e-07 2.36081e-07 3.93468e-07 4.72162e-07 5.78159e-06
scan 400 20 103 1.96734e-05 0 8.79821e-06 5.90202e-07 5.90202e-07 5.90202e-07 9.8367e-07 1.1804e-06 1.4454e-05
scan 400 20 104 1.1804e-05 0 6.81506e-06 3.54121e-07 3.54121e-07 3.54121e-07 5.90202e-07 7.08242e-07 8.67238e-06
scan 400 20 60 0 0 0 0 0 0 0 0 0
scan 400 20 61 0 0 0 0 0 0 0 0 0
scan 400 20 62 0 0 0 0 0 0 0 0 0
scan 400 20 63 0 0 0 0 0 0 0 0 0
scan 400 20 64 0 0 0 0 0 0 0 0 0
scan 400 20 65 0 0 0 0 0 0 0 0 0
scan 400 20 66 0 0 0 0 0 0 0 0 0
scan 400 20 67 0 0 0 0 0 0 0 0 0
scan 400 20 68 0 0 0 0 0 0 0 0 0
scan 400 20 69 0 0 0 0 0 0 0 0 0
scan 400 20 70 0 0 0 0 0 0 0 0 0
scan 400 20 71 0 0 0 0 0 0 0 0 0
scan 400 20 72 0 0 0 0 0 0 0 0 0
scan 400 20 73 0 0 0 0 0 0 0 0 0
scan 400 20 74 0 0 0 0 0 0 0 0 0
scan 400 20 120 0 0 0 0 0 0 0 0 0
scan 400 20 121 0 0 0 0 0 0 0 0 0
scan 400 20 122 0 0 0 0 0 0 0 0 0
scan 400 20 123 0 0 0 0 0 0 0 0 0
scan 400 20 124 0 0 0 0 0 0 0 0 0
scan 400 20 125 0 0 0 0 0 0 0 0 0
scan 400 20 126 0 0 0 0 0 0 0 0 0
scan 400 20 127 0 0 0 0 0 0 0 0 0
scan 400 20 128 0 0 0 0 0 0 0 0 0
scan 400 20 129 0 0 0 0 0 0 0 0 0
scan 400 20 130 0 0 0 0 0 0 0 0 0
scan 400 20 131 0 0 0 0 0 0 0 0 0
scan 400 20 132 0 0 0 0 0 0 0 0 0
scan 400 20 133 0 0 0 0 0 0 0 0 0
scan 400 20 134 3.93468e-06 0 3.93468e-06 1.1804e-07 1.1804e-07 1.1804e-07 1.96734e-07 2.36081e-07 2.89079e-06
scan 400 20 135 3.93468e-06 0 3.93468e-06 1.1804e-07 1.1804e-07 1.1804e-07 1.96734e-07 2.36081e-07 2.89079e-06
scan 400 20 136 1.1804e-05 0 6.81506e-06 3.54121e-07 3.54121e-07 3.54121e-07 5.90202e-07 7.08242e-07 8.67238e-06
scan 400 20 137 0 0 0 0 0 0 0 0 0
scan 400 20 138 3.93468e-06 0 3.93468e-06 1.1804e-07 1.1804e-07 1.1804e-07 1.96734e-07 2.36081e-07 2.89079e-06
scan 400 20 139 0 0 0 0 0 0 0 0 0
scan 400 20 140 0 0 0 0 0 0 0 0 0
scan 400 20 141 3.93468e-06 0 3.93468e-06 1.1804e-07 1.1804e-07 1.1804e-07 1.96734e-07 2.36081e-07 2.89079e-06
scan 400 20 142 0 0 0 0 0 0 0 0 0
scan 400 20 143 3.93468e-06 0 3.93468e-06 1.1804e-07 1.1804e-07 1.1804e-07 1.96734e-07 2.36081e-07 2.89079e-06
scan 400 20 144 0 0 0 0 0 0 0 0 0
scan 400 20 145 0 0 0 0 0 0 0 0 0
scan 400 20 146 1.1804e-05 0 6.81506e-06 3.54121e-07 3.54121e-07 3.54121e-07 5.90202e-07 7.08242e-07 8.67238e-06
scan 400 20 147 0 0 0 0 0 0 0 0 0
scan 400 20 148 7.86936e-06 0 5.56448e-06 2.36081e-07 2.36081e-07 2.36081e-07 3.93468e-07 4.72162e-07 5.78159e-06
scan 400 20 149 3.93468e-06 0 3.93468e-06 1.1804e-07 1.1804e-07 1.1804e-07 1.96734e-07 2.36081e-07 2.89079e-06
scan 400 20 60 0 0 0 0 0 0 0 0 0
scan 400 20 61 0 0 0 0 0 0 0 0 0
scan 400 20 62 0 0 0 0 0 0 0 0 0
scan 400 20 63 0 0 0 0 0 0 0 0 0
scan 400 20 64 0 0 0 0 0 0 0 0 0
scan 400 20 65 0 0 0 0 0 0 0 0 0
scan 400 20 66 0 0 0 0 0 0 0 0 0
scan 400 20 67 0 0 0 0 0 0 0 0 0
scan 400 20 68 0 0 0 0 0 0 0 0 0
scan 400 20 69 0 0 0 0 0 0 0 0 0
scan 400 20 70 0 0 0 0 0 0 0 0 0
scan 400 20 71 0 0 0 0 0 0 0 0 0
scan 400 20 72 0 0 0 0 0 0 0 0 0
scan 400 20 73 0 0 0 0 0 0 0 0 0
scan 400 20 74 0 0 0 0 0 0 0 0 0
scan 400 20 165 0 0 0 0 0 0 0 0 0
scan 400 20 166 3.93468e-06 0 3.93468e-06 1.1804e-07 1.1804e-07 1.1804e-07 1.96734e-07 2.36081e-07 2.89079e-06
scan 400 20 167 0 0 0 0 0 0 0 0 0
scan 400 20 168 0 0 0 0 0 0 0 0 0
scan 400 20 169 0 0 0 0 0 0 0 0 0
scan 400 20 170 0 0 0 0 0 0 0 0 0
scan 400 20 171 0 0 0 0 0 0 0 0 0
scan 400 20 172 0 0 0 0 0 0 0 0 0
scan 400 20 173 0 0 0 0 0 0 0 0 0
scan 400 20 174 0 0 0 0 0 0 0 0 0
scan 400 20 175 0 0 0 0 0 0 0 0 0
scan 400 20 176 0 0 0 0 0 0 0 0 0
scan 400 20 177 0 0 0 0 0 0 0 0 0
scan 400 20 178 0 0 0 0 0 0 0 0 0
scan 400 20 179 0 0 0 0 0 0 0 0 0
