xsec 340 20 0.0836754
scan 340 20 0 2.51051e-05 0 1.44945e-05 7.53154e-07 7.53154e-07 7.53154e-07 1.25526e-06 1.50631e-06 1.81252e-05
scan 340 20 1 1.67368e-05 0 1.18347e-05 5.02103e-07 5.02103e-07 5.02103e-07 8.36838e-07 1.00421e-06 1.20834e-05
scan 340 20 2 3.34735e-05 0 1.67368e-05 1.00421e-06 1.00421e-06 1.00421e-06 1.67368e-06 2.00841e-06 2.41669e-05
scan 340 20 3 8.36838e-06 0 8.36838e-06 2.51051e-07 2.51051e-07 2.51051e-07 4.18419e-07 5.02103e-07 6.04172e-06
scan 340 20 4 3.34735e-05 0 1.67368e-05 1.00421e-06 1.00421e-06 1.00421e-06 1.67368e-06 2.00841e-06 2.41669e-05
scan 340 20 5 0 0 0 0 0 0 0 0 0
scan 340 20 6 1.67368e-05 0 1.18347e-05 5.02103e-07 5.02103e-07 5.02103e-07 8.36838e-07 1.00421e-06 1.20834e-05
scan 340 20 7 8.36838e-06 0 8.36838e-06 2.51051e-07 2.51051e-07 2.51051e-07 4.18419e-07 5.02103e-07 6.04172e-06
scan 340 20 8 0 0 0 0 0 0 0 0 0
scan 340 20 9 1.67368e-05 0 1.18347e-05 5.02103e-07 5.02103e-07 5.02103e-07 8.36838e-07 1.00421e-06 1.20834e-05
scan 340 20 10 8.36838e-06 0 8.36838e-06 2.51051e-07 2.51051e-07 2.51051e-07 4.18419e-07 5.02103e-07 6.04172e-06
scan 340 20 11 0 0 0 0 0 0 0 0 0
scan 340 20 12 2.51051e-05 0 1.44945e-05 7.53154e-07 7.53154e-07 7.53154e-07 1.25526e-06 1.50631e-06 1.81252e-05
scan 340 20 13 1.67368e-05 0 1.18347e-05 5.02103e-07 5.02103e-07 5.02103e-07 8.36838e-07 1.00421e-06 1.20834e-05
scan 340 20 14 5.02103e-05 0 2.04983e-05 1.50631e-06 1.50631e-06 1.50631e-06 2.51051e-06 3.01262e-06 3.62503e-05
scan 340 20 15 0.000326367 0 5.22605e-05 9.79101e-06 9.79101e-06 9.79101e-06 1.63183e-05 1.9582e-05 0.000235627
scan 340 20 16 0.000686207 0 7.57789e-05 2.05862e-05 2.05862e-05 2.05862e-05 3.43104e-05 4.11724e-05 0.000495421
scan 340 20 17 0.000694576 0 7.62396e-05 2.08373e-05 2.08373e-05 2.08373e-05 3.47288e-05 4.16745e-05 0.000501463
scan 340 20 18 0.000493734 0 6.42788e-05 1.4812e-05 1.4812e-05 1.4812e-05 2.46867e-05 2.96241e-05 0.000356461
scan 340 20 19 0.000811733 0 8.2419e-05 2.4352e-05 2.4352e-05 2.4352e-05 4.05866e-05 4.8704e-05 0.000586047
scan 340 20 20 4.18419e-05 0 1.87123e-05 1.25526e-06 1.25526e-06 1.25526e-06 2.0921e-06 2.51051e-06 3.02086e-05
scan 340 20 21 0.000200841 0 4.09965e-05 6.02523e-06 6.02523e-06 6.02523e-06 1.00421e-05 1.20505e-05 0.000145001
scan 340 20 22 0.000267788 0 4.73387e-05 8.03365e-06 8.03365e-06 8.03365e-06 1.33894e-05 1.60673e-05 0.000193335
scan 340 20 23 0.000200841 0 4.09965e-05 6.02523e-06 6.02523e-06 6.02523e-06 1.00421e-05 1.20505e-05 0.000145001
scan 340 20 24 0.000301262 0 5.02103e-05 9.03785e-06 9.03785e-06 9.03785e-06 1.50631e-05 1.80757e-05 0.000217502
scan 340 20 25 8.36838e-06 0 8.36838e-06 2.51051e-07 2.51051e-07 2.51051e-07 4.18419e-07 5.02103e-07 6.04172e-06
scan 340 20 26 0.000150631 0 3.5504e-05 4.51893e-06 4.51893e-06 4.51893e-06 7.53154e-06 9.03785e-06 0.000108751
scan 340 20 27 0.000585787 0 7.00149e-05 1.75736e-05 1.75736e-05 1.75736e-05 2.92893e-05 3.51472e-05 0.00042292
scan 340 20 28 0.000736418 0 7.85024e-05 2.20925e-05 2.20925e-05 2.20925e-05 3.68209e-05 4.41851e-05 0.000531671
scan 340 20 29 0.00178247 0 0.000122133 5.3474e-05 5.3474e-05 5.3474e-05 8.91233e-05 0.000106948 0.00128689
scan 340 20 30 8.36838e-06 0 8.36838e-06 2.51051e-07 2.51051e-07 2.51051e-07 4.18419e-07 5.02103e-07 6.04172e-06
scan 340 20 31 8.36838e-06 0 8.36838e-06 2.51051e-07 2.51051e-07 2.51051e-07 4.18419e-07 5.02103e-07 6.04172e-06
scan 340 20 32 1.67368e-05 0 1.18347e-05 5.02103e-07 5.02103e-07 5.02103e-07 8.36838e-07 1.00421e-06 1.20834e-05
scan 340 20 33 1.67368e-05 0 1.18347e-05 5.02103e-07 5.02103e-07 5.02103e-07 8.36838e-07 1.00421e-06 1.20834e-05
scan 340 20 34 1.67368e-05 0 1.18347e-05 5.02103e-07 5.02103e-07 5.02103e-07 8.36838e-07 1.00421e-06 1.20834e-05
scan 340 20 35 0 0 0 0 0 0 0 0 0
scan 340 20 36 8.36838e-06 0 8.36838e-06 2.51051e-07 2.51051e-07 2.51051e-07 4.18419e-07 5.02103e-07 6.04172e-06
scan 340 20 37 0 0 0 0 0 0 0 0 0
scan 340 20 38 0 0 0 0 0 0 0 0 0
scan 340 20 39 0 0 0 0 0 0 0 0 0
scan 340 20 40 0 0 0 0 0 0 0 0 0
scan 340 20 41 0 0 0 0 0 0 0 0 0
scan 340 20 42 2.51051e-05 0 1.44945e-05 7.53154e-07 7.53154e-07 7.53154e-07 1.25526e-06 1.50631e-06 1.81252e-05
scan 340 20 43 8.36838e-06 0 8.36838e-06 2.51051e-07 2.51051e-07 2.51051e-07 4.18419e-07 5.02103e-07 6.04172e-06
scan 340 20 44 6.69471e-05 0 2.36694e-05 2.00841e-06 2.00841e-06 2.00841e-06 3.34735e-06 4.01682e-06 4.83337e-05
scan 340 20 45 1.67368e-05 0 1.18347e-05 5.02103e-07 5.02103e-07 5.02103e-07 8.36838e-07 1.00421e-06 1.20834e-05
scan 340 20 46 8.36838e-06 0 8.36838e-06 2.51051e-07 2.51051e-07 2.51051e-07 4.18419e-07 5.02103e-07 6.04172e-06
scan 340 20 47 0 0 0 0 0 0 0 0 0
scan 340 20 48 0 0 0 0 0 0 0 0 0
scan 340 20 49 0 0 0 0 0 0 0 0 0
scan 340 20 50 0 0 0 0 0 0 0 0 0
scan 340 20 51 0 0 0 0 0 0 0 0 0
scan 340 20 52 0 0 0 0 0 0 0 0 0
scan 340 20 53 0 0 0 0 0 0 0 0 0
scan 340 20 54 0 0 0 0 0 0 0 0 0
scan 340 20 55 0 0 0 0 0 0 0 0 0
scan 340 20 56 0 0 0 0 0 0 0 0 0
scan 340 20 57 8.36838e-06 0 8.36838e-06 2.51051e-07 2.51051e-07 2.51051e-07 4.18419e-07 5.02103e-07 6.04172e-06
scan 340 20 58 2.51051e-05 0 1.44945e-05 7.53154e-07 7.53154e-07 7.53154e-07 1.25526e-06 1.50631e-06 1.81252e-05
scan 340 20 59 8.36838e-06 0 8.36838e-06 2.51051e-07 2.51051e-07 2.51051e-07 4.18419e-07 5.02103e-07 6.04172e-06
scan 340 20 60 0 0 0 0 0 0 0 0 0
scan 340 20 61 0 0 0 0 0 0 0 0 0
scan 340 20 62 0 0 0 0 0 0 0 0 0
scan 340 20 63 0 0 0 0 0 0 0 0 0
scan 340 20 64 0 0 0 0 0 0 0 0 0
scan 340 20 65 0 0 0 0 0 0 0 0 0
scan 340 20 66 0 0 0 0 0 0 0 0 0
scan 340 20 67 0 0 0 0 0 0 0 0 0
scan 340 20 68 0 0 0 0 0 0 0 0 0
scan 340 20 69 0 0 0 0 0 0 0 0 0
scan 340 20 70 0 0 0 0 0 0 0 0 0
scan 340 20 71 0 0 0 0 0 0 0 0 0
scan 340 20 72 0 0 0 0 0 0 0 0 0
scan 340 20 73 0 0 0 0 0 0 0 0 0
scan 340 20 74 0 0 0 0 0 0 0 0 0
scan 340 20 75 0 0 0 0 0 0 0 0 0
scan 340 20 76 0 0 0 0 0 0 0 0 0
scan 340 20 77 0 0 0 0 0 0 0 0 0
scan 340 20 78 0 0 0 0 0 0 0 0 0
scan 340 20 79 0 0 0 0 0 0 0 0 0
scan 340 20 80 0 0 0 0 0 0 0 0 0
scan 340 20 81 8.36838e-06 0 8.36838e-06 2.51051e-07 2.51051e-07 2.51051e-07 4.18419e-07 5.02103e-07 6.04172e-06
scan 340 20 82 0 0 0 0 0 0 0 0 0
scan 340 20 83 0 0 0 0 0 0 0 0 0
scan 340 20 84 0 0 0 0 0 0 0 0 0
scan 340 20 85 0 0 0 0 0 0 0 0 0
scan 340 20 86 0 0 0 0 0 0 0 0 0
scan 340 20 87 0 0 0 0 0 0 0 0 0
scan 340 20 88 0 0 0 0 0 0 0 0 0
scan 340 20 89 0 0 0 0 0 0 0 0 0
scan 340 20 90 1.67368e-05 0 1.18347e-05 5.02103e-07 5.02103e-07 5.02103e-07 8.36838e-07 1.00421e-06 1.20834e-05
scan 340 20 91 1.67368e-05 0 1.18347e-05 5.02103e-07 5.02103e-07 5.02103e-07 8.36838e-07 1.00421e-06 1.20834e-05
scan 340 20 92 3.34735e-05 0 1.67368e-05 1.00421e-06 1.00421e-06 1.00421e-06 1.67368e-06 2.00841e-06 2.41669e-05
scan 340 20 93 8.36838e-06 0 8.36838e-06 2.51051e-07 2.51051e-07 2.51051e-07 4.18419e-07 5.02103e-07 6.04172e-06
scan 340 20 94 8.36838e-06 0 8.36838e-06 2.51051e-07 2.51051e-07 2.51051e-07 4.18419e-07 5.02103e-07 6.04172e-06
scan 340 20 95 0 0 0 0 0 0 0 0 0
scan 340 20 96 1.67368e-05 0 1.18347e-05 5.02103e-07 5.02103e-07 5.02103e-07 8.36838e-07 1.00421e-06 1.20834e-05
scan 340 20 97 0 0 0 0 0 0 0 0 0
scan 340 20 98 0 0 0 0 0 0 0 0 0
scan 340 20 99 0 0 0 0 0 0 0 0 0
scan 340 20 100 0 0 0 0 0 0 0 0 0
scan 340 20 101 8.36838e-06 0 8.36838e-06 2.51051e-07 2.51051e-07 2.51051e-07 4.18419e-07 5.02103e-07 6.04172e-06
scan 340 20 102 8.36838e-06 0 8.36838e-06 2.51051e-07 2.51051e-07 2.51051e-07 4.18419e-07 5.02103e-07 6.04172e-06
scan 340 20 103 3.34735e-05 0 1.67368e-05 1.00421e-06 1.00421e-06 1.00421e-06 1.67368e-06 2.00841e-06 2.41669e-05
scan 340 20 104 8.36838e-06 0 8.36838e-06 2.51051e-07 2.51051e-07 2.51051e-07 4.18419e-07 5.02103e-07 6.04172e-06
scan 340 20 60 0 0 0 0 0 0 0 0 0
scan 340 20 61 0 0 0 0 0 0 0 0 0
scan 340 20 62 0 0 0 0 0 0 0 0 0
scan 340 20 63 0 0 0 0 0 0 0 0 0
scan 340 20 64 0 0 0 0 0 0 0 0 0
scan 340 20 65 0 0 0 0 0 0 0 0 0
scan 340 20 66 0 0 0 0 0 0 0 0 0
scan 340 20 67 0 0 0 0 0 0 0 0 0
scan 340 20 68 0 0 0 0 0 0 0 0 0
scan 340 20 69 0 0 0 0 0 0 0 0 0
scan 340 20 70 0 0 0 0 0 0 0 0 0
scan 340 20 71 0 0 0 0 0 0 0 0 0
scan 340 20 72 0 0 0 0 0 0 0 0 0
scan 340 20 73 0 0 0 0 0 0 0 0 0
scan 340 20 74 0 0 0 0 0 0 0 0 0
scan 340 20 120 0 0 0 0 0 0 0 0 0
scan 340 20 121 0 0 0 0 0 0 0 0 0
scan 340 20 122 8.36838e-06 0 8.36838e-06 2.51051e-07 2.51051e-07 2.51051e-07 4.18419e-07 5.02103e-07 6.04172e-06
scan 340 20 123 0 0 0 0 0 0 0 0 0
scan 340 20 124 0 0 0 0 0 0 0 0 0
scan 340 20 125 0 0 0 0 0 0 0 0 0
scan 340 20 126 0 0 0 0 0 0 0 0 0
scan 340 20 127 0 0 0 0 0 0 0 0 0
scan 340 20 128 0 0 0 0 0 0 0 0 0
scan 340 20 129 0 0 0 0 0 0 0 0 0
scan 340 20 130 0 0 0 0 0 0 0 0 0
scan 340 20 131 0 0 0 0 0 0 0 0 0
scan 340 20 132 0 0 0 0 0 0 0 0 0
scan 340 20 133 0 0 0 0 0 0 0 0 0
scan 340 20 134 0 0 0 0 0 0 0 0 0
scan 340 20 135 1.67368e-05 0 1.18347e-05 5.02103e-07 5.02103e-07 5.02103e-07 8.36838e-07 1.00421e-06 1.20834e-05
scan 340 20 136 1.67368e-05 0 1.18347e-05 5.02103e-07 5.02103e-07 5.02103e-07 8.36838e-07 1.00421e-06 1.20834e-05
scan 340 20 137 8.36838e-06 0 8.36838e-06 2.51051e-07 2.51051e-07 2.51051e-07 4.18419e-07 5.02103e-07 6.04172e-06
scan 340 20 138 0 0 0 0 0 0 0 0 0
scan 340 20 139 0 0 0 0 0 0 0 0 0
scan 340 20 140 0 0 0 0 0 0 0 0 0
scan 340 20 141 0 0 0 0 0 0 0 0 0
scan 340 20 142 8.36838e-06 0 8.36838e-06 2.51051e-07 2.51051e-07 2.51051e-07 4.18419e-07 5.02103e-07 6.04172e-06
scan 340 20 143 0 0 0 0 0 0 0 0 0
scan 340 20 144 1.67368e-05 0 1.18347e-05 5.02103e-07 5.02103e-07 5.02103e-07 8.36838e-07 1.00421e-06 1.20834e-05
scan 340 20 145 0 0 0 0 0 0 0 0 0
scan 340 20 146 0 0 0 0 0 0 0 0 0
scan 340 20 147 0 0 0 0 0 0 0 0 0
scan 340 20 148 0 0 0 0 0 0 0 0 0
scan 340 20 149 8.36838e-06 0 8.36838e-06 2.51051e-07 2.51051e-07 2.51051e-07 4.18419e-07 5.02103e-07 6.04172e-06
scan 340 20 60 0 0 0 0 0 0 0 0 0
scan 340 20 61 0 0 0 0 0 0 0 0 0
scan 340 20 62 0 0 0 0 0 0 0 0 0
scan 340 20 63 0 0 0 0 0 0 0 0 0
scan 340 20 64 0 0 0 0 0 0 0 0 0
scan 340 20 65 0 0 0 0 0 0 0 0 0
scan 340 20 66 0 0 0 0 0 0 0 0 0
scan 340 20 67 0 0 0 0 0 0 0 0 0
scan 340 20 68 0 0 0 0 0 0 0 0 0
scan 340 20 69 0 0 0 0 0 0 0 0 0
scan 340 20 70 0 0 0 0 0 0 0 0 0
scan 340 20 71 0 0 0 0 0 0 0 0 0
scan 340 20 72 0 0 0 0 0 0 0 0 0
scan 340 20 73 0 0 0 0 0 0 0 0 0
scan 340 20 74 0 0 0 0 0 0 0 0 0
scan 340 20 165 0 0 0 0 0 0 0 0 0
scan 340 20 166 0 0 0 0 0 0 0 0 0
scan 340 20 167 8.36838e-06 0 8.36838e-06 2.51051e-07 2.51051e-07 2.51051e-07 4.18419e-07 5.02103e-07 6.04172e-06
scan 340 20 168 0 0 0 0 0 0 0 0 0
scan 340 20 169 0 0 0 0 0 0 0 0 0
scan 340 20 170 0 0 0 0 0 0 0 0 0
scan 340 20 171 0 0 0 0 0 0 0 0 0
scan 340 20 172 8.36838e-06 0 8.36838e-06 2.51051e-07 2.51051e-07 2.51051e-07 4.18419e-07 5.02103e-07 6.04172e-06
scan 340 20 173 0 0 0 0 0 0 0 0 0
scan 340 20 174 0 0 0 0 0 0 0 0 0
scan 340 20 175 0 0 0 0 0 0 0 0 0
scan 340 20 176 0 0 0 0 0 0 0 0 0
scan 340 20 177 0 0 0 0 0 0 0 0 0
scan 340 20 178 0 0 0 0 0 0 0 0 0
scan 340 20 179 0 0 0 0 0 0 0 0 0
