xsec 400 250 0.0393429
scan 400 250 0 3.54086e-05 0 1.18029e-05 1.06226e-06 1.06226e-06 1.06226e-06 1.77043e-06 2.12451e-06 2.60146e-05
scan 400 250 1 2.754e-05 0 1.04091e-05 8.262e-07 8.262e-07 8.262e-07 1.377e-06 1.6524e-06 2.02335e-05
scan 400 250 2 1.57371e-05 0 7.86857e-06 4.72114e-07 4.72114e-07 4.72114e-07 7.86857e-07 9.44229e-07 1.1562e-05
scan 400 250 3 3.93429e-06 0 3.93429e-06 1.18029e-07 1.18029e-07 1.18029e-07 1.96714e-07 2.36057e-07 2.89051e-06
scan 400 250 4 1.18029e-05 0 6.81438e-06 3.54086e-07 3.54086e-07 3.54086e-07 5.90143e-07 7.08171e-07 8.67152e-06
scan 400 250 5 0 0 0 0 0 0 0 0 0
scan 400 250 6 7.86857e-06 0 5.56392e-06 2.36057e-07 2.36057e-07 2.36057e-07 3.93429e-07 4.72114e-07 5.78101e-06
scan 400 250 7 3.93429e-06 0 3.93429e-06 1.18029e-07 1.18029e-07 1.18029e-07 1.96714e-07 2.36057e-07 2.89051e-06
scan 400 250 8 7.86857e-06 0 5.56392e-06 2.36057e-07 2.36057e-07 2.36057e-07 3.93429e-07 4.72114e-07 5.78101e-06
scan 400 250 9 0 0 0 0 0 0 0 0 0
scan 400 250 10 0 0 0 0 0 0 0 0 0
scan 400 250 11 3.93429e-06 0 3.93429e-06 1.18029e-07 1.18029e-07 1.18029e-07 1.96714e-07 2.36057e-07 2.89051e-06
scan 400 250 12 7.86857e-06 0 5.56392e-06 2.36057e-07 2.36057e-07 2.36057e-07 3.93429e-07 4.72114e-07 5.78101e-06
scan 400 250 13 1.18029e-05 0 6.81438e-06 3.54086e-07 3.54086e-07 3.54086e-07 5.90143e-07 7.08171e-07 8.67152e-06
scan 400 250 14 3.93429e-06 0 3.93429e-06 1.18029e-07 1.18029e-07 1.18029e-07 1.96714e-07 2.36057e-07 2.89051e-06
scan 400 250 15 0.000397363 0 3.95391e-05 1.19209e-05 1.19209e-05 1.19209e-05 1.98681e-05 2.38418e-05 0.000291941
scan 400 250 16 0.000755383 0 5.45151e-05 2.26615e-05 2.26615e-05 2.26615e-05 3.77691e-05 4.5323e-05 0.000554977
scan 400 250 17 0.000531129 0 4.57123e-05 1.59339e-05 1.59339e-05 1.59339e-05 2.65564e-05 3.18677e-05 0.000390218
scan 400 250 18 0.000173109 0 2.60971e-05 5.19326e-06 5.19326e-06 5.19326e-06 8.65543e-06 1.03865e-05 0.000127182
scan 400 250 19 0.000157371 0 2.48826e-05 4.72114e-06 4.72114e-06 4.72114e-06 7.86857e-06 9.44229e-06 0.00011562
scan 400 250 20 2.36057e-05 0 9.63699e-06 7.08171e-07 7.08171e-07 7.08171e-07 1.18029e-06 1.41634e-06 1.7343e-05
scan 400 250 21 0.000224254 0 2.97032e-05 6.72763e-06 6.72763e-06 6.72763e-06 1.12127e-05 1.34553e-05 0.000164759
scan 400 250 22 0.000204583 0 2.83705e-05 6.13749e-06 6.13749e-06 6.13749e-06 1.02291e-05 1.2275e-05 0.000150306
scan 400 250 23 0.000114094 0 2.11868e-05 3.42283e-06 3.42283e-06 3.42283e-06 5.70471e-06 6.84566e-06 8.38247e-05
scan 400 250 24 6.29486e-05 0 1.57371e-05 1.88846e-06 1.88846e-06 1.88846e-06 3.14743e-06 3.77691e-06 4.62481e-05
scan 400 250 25 3.93429e-06 0 3.93429e-06 1.18029e-07 1.18029e-07 1.18029e-07 1.96714e-07 2.36057e-07 2.89051e-06
scan 400 250 26 0.000141634 0 2.36057e-05 4.24903e-06 4.24903e-06 4.24903e-06 7.08171e-06 8.49806e-06 0.000104058
scan 400 250 27 0.00035802 0 3.75307e-05 1.07406e-05 1.07406e-05 1.07406e-05 1.7901e-05 2.14812e-05 0.000263036
scan 400 250 28 0.000228189 0 2.99626e-05 6.84566e-06 6.84566e-06 6.84566e-06 1.14094e-05 1.36913e-05 0.000167649
scan 400 250 29 0.000133766 0 2.29406e-05 4.01297e-06 4.01297e-06 4.01297e-06 6.68829e-06 8.02594e-06 9.82772e-05
scan 400 250 30 1.57371e-05 0 7.86857e-06 4.72114e-07 4.72114e-07 4.72114e-07 7.86857e-07 9.44229e-07 1.1562e-05
scan 400 250 31 1.57371e-05 0 7.86857e-06 4.72114e-07 4.72114e-07 4.72114e-07 7.86857e-07 9.44229e-07 1.1562e-05
scan 400 250 32 2.36057e-05 0 9.63699e-06 7.08171e-07 7.08171e-07 7.08171e-07 1.18029e-06 1.41634e-06 1.7343e-05
scan 400 250 33 3.93429e-06 0 3.93429e-06 1.18029e-07 1.18029e-07 1.18029e-07 1.96714e-07 2.36057e-07 2.89051e-06
scan 400 250 34 3.93429e-06 0 3.93429e-06 1.18029e-07 1.18029e-07 1.18029e-07 1.96714e-07 2.36057e-07 2.89051e-06
scan 400 250 35 0 0 0 0 0 0 0 0 0
scan 400 250 36 0 0 0 0 0 0 0 0 0
scan 400 250 37 1.18029e-05 0 6.81438e-06 3.54086e-07 3.54086e-07 3.54086e-07 5.90143e-07 7.08171e-07 8.67152e-06
scan 400 250 38 0 0 0 0 0 0 0 0 0
scan 400 250 39 0 0 0 0 0 0 0 0 0
scan 400 250 40 0 0 0 0 0 0 0 0 0
scan 400 250 41 3.93429e-06 0 3.93429e-06 1.18029e-07 1.18029e-07 1.18029e-07 1.96714e-07 2.36057e-07 2.89051e-06
scan 400 250 42 0 0 0 0 0 0 0 0 0
scan 400 250 43 0 0 0 0 0 0 0 0 0
scan 400 250 44 3.93429e-06 0 3.93429e-06 1.18029e-07 1.18029e-07 1.18029e-07 1.96714e-07 2.36057e-07 2.89051e-06
scan 400 250 45 7.86857e-06 0 5.56392e-06 2.36057e-07 2.36057e-07 2.36057e-07 3.93429e-07 4.72114e-07 5.78101e-06
scan 400 250 46 7.86857e-06 0 5.56392e-06 2.36057e-07 2.36057e-07 2.36057e-07 3.93429e-07 4.72114e-07 5.78101e-06
scan 400 250 47 3.93429e-06 0 3.93429e-06 1.18029e-07 1.18029e-07 1.18029e-07 1.96714e-07 2.36057e-07 2.89051e-06
scan 400 250 48 0 0 0 0 0 0 0 0 0
scan 400 250 49 0 0 0 0 0 0 0 0 0
scan 400 250 50 0 0 0 0 0 0 0 0 0
scan 400 250 51 0 0 0 0 0 0 0 0 0
scan 400 250 52 3.93429e-06 0 3.93429e-06 1.18029e-07 1.18029e-07 1.18029e-07 1.96714e-07 2.36057e-07 2.89051e-06
scan 400 250 53 0 0 0 0 0 0 0 0 0
scan 400 250 54 0 0 0 0 0 0 0 0 0
scan 400 250 55 0 0 0 0 0 0 0 0 0
scan 400 250 56 0 0 0 0 0 0 0 0 0
scan 400 250 57 0 0 0 0 0 0 0 0 0
scan 400 250 58 0 0 0 0 0 0 0 0 0
scan 400 250 59 3.93429e-06 0 3.93429e-06 1.18029e-07 1.18029e-07 1.18029e-07 1.96714e-07 2.36057e-07 2.89051e-06
scan 400 250 60 0 0 0 0 0 0 0 0 0
scan 400 250 61 0 0 0 0 0 0 0 0 0
scan 400 250 62 0 0 0 0 0 0 0 0 0
scan 400 250 63 0 0 0 0 0 0 0 0 0
scan 400 250 64 0 0 0 0 0 0 0 0 0
scan 400 250 65 0 0 0 0 0 0 0 0 0
scan 400 250 66 0 0 0 0 0 0 0 0 0
scan 400 250 67 0 0 0 0 0 0 0 0 0
scan 400 250 68 0 0 0 0 0 0 0 0 0
scan 400 250 69 0 0 0 0 0 0 0 0 0
scan 400 250 70 0 0 0 0 0 0 0 0 0
scan 400 250 71 0 0 0 0 0 0 0 0 0
scan 400 250 72 0 0 0 0 0 0 0 0 0
scan 400 250 73 0 0 0 0 0 0 0 0 0
scan 400 250 74 0 0 0 0 0 0 0 0 0
scan 400 250 75 0 0 0 0 0 0 0 0 0
scan 400 250 76 0 0 0 0 0 0 0 0 0
scan 400 250 77 0 0 0 0 0 0 0 0 0
scan 400 250 78 0 0 0 0 0 0 0 0 0
scan 400 250 79 0 0 0 0 0 0 0 0 0
scan 400 250 80 0 0 0 0 0 0 0 0 0
scan 400 250 81 0 0 0 0 0 0 0 0 0
scan 400 250 82 0 0 0 0 0 0 0 0 0
scan 400 250 83 0 0 0 0 0 0 0 0 0
scan 400 250 84 0 0 0 0 0 0 0 0 0
scan 400 250 85 0 0 0 0 0 0 0 0 0
scan 400 250 86 0 0 0 0 0 0 0 0 0
scan 400 250 87 0 0 0 0 0 0 0 0 0
scan 400 250 88 0 0 0 0 0 0 0 0 0
scan 400 250 89 0 0 0 0 0 0 0 0 0
scan 400 250 90 1.96714e-05 0 8.79733e-06 5.90143e-07 5.90143e-07 5.90143e-07 9.83571e-07 1.18029e-06 1.44525e-05
scan 400 250 91 1.57371e-05 0 7.86857e-06 4.72114e-07 4.72114e-07 4.72114e-07 7.86857e-07 9.44229e-07 1.1562e-05
scan 400 250 92 3.93429e-06 0 3.93429e-06 1.18029e-07 1.18029e-07 1.18029e-07 1.96714e-07 2.36057e-07 2.89051e-06
scan 400 250 93 3.93429e-06 0 3.93429e-06 1.18029e-07 1.18029e-07 1.18029e-07 1.96714e-07 2.36057e-07 2.89051e-06
scan 400 250 94 3.93429e-06 0 3.93429e-06 1.18029e-07 1.18029e-07 1.18029e-07 1.96714e-07 2.36057e-07 2.89051e-06
scan 400 250 95 0 0 0 0 0 0 0 0 0
scan 400 250 96 7.86857e-06 0 5.56392e-06 2.36057e-07 2.36057e-07 2.36057e-07 3.93429e-07 4.72114e-07 5.78101e-06
scan 400 250 97 3.93429e-06 0 3.93429e-06 1.18029e-07 1.18029e-07 1.18029e-07 1.96714e-07 2.36057e-07 2.89051e-06
scan 400 250 98 3.93429e-06 0 3.93429e-06 1.18029e-07 1.18029e-07 1.18029e-07 1.96714e-07 2.36057e-07 2.89051e-06
scan 400 250 99 0 0 0 0 0 0 0 0 0
scan 400 250 100 0 0 0 0 0 0 0 0 0
scan 400 250 101 3.93429e-06 0 3.93429e-06 1.18029e-07 1.18029e-07 1.18029e-07 1.96714e-07 2.36057e-07 2.89051e-06
scan 400 250 102 1.18029e-05 0 6.81438e-06 3.54086e-07 3.54086e-07 3.54086e-07 5.90143e-07 7.08171e-07 8.67152e-06
scan 400 250 103 3.93429e-06 0 3.93429e-06 1.18029e-07 1.18029e-07 1.18029e-07 1.96714e-07 2.36057e-07 2.89051e-06
scan 400 250 104 3.93429e-06 0 3.93429e-06 1.18029e-07 1.18029e-07 1.18029e-07 1.96714e-07 2.36057e-07 2.89051e-06
scan 400 250 60 0 0 0 0 0 0 0 0 0
scan 400 250 61 0 0 0 0 0 0 0 0 0
scan 400 250 62 0 0 0 0 0 0 0 0 0
scan 400 250 63 0 0 0 0 0 0 0 0 0
scan 400 250 64 0 0 0 0 0 0 0 0 0
scan 400 250 65 0 0 0 0 0 0 0 0 0
scan 400 250 66 0 0 0 0 0 0 0 0 0
scan 400 250 67 0 0 0 0 0 0 0 0 0
scan 400 250 68 0 0 0 0 0 0 0 0 0
scan 400 250 69 0 0 0 0 0 0 0 0 0
scan 400 250 70 0 0 0 0 0 0 0 0 0
scan 400 250 71 0 0 0 0 0 0 0 0 0
scan 400 250 72 0 0 0 0 0 0 0 0 0
scan 400 250 73 0 0 0 0 0 0 0 0 0
scan 400 250 74 0 0 0 0 0 0 0 0 0
scan 400 250 120 3.93429e-06 0 3.93429e-06 1.18029e-07 1.18029e-07 1.18029e-07 1.96714e-07 2.36057e-07 2.89051e-06
scan 400 250 121 0 0 0 0 0 0 0 0 0
scan 400 250 122 0 0 0 0 0 0 0 0 0
scan 400 250 123 0 0 0 0 0 0 0 0 0
scan 400 250 124 0 0 0 0 0 0 0 0 0
scan 400 250 125 0 0 0 0 0 0 0 0 0
scan 400 250 126 0 0 0 0 0 0 0 0 0
scan 400 250 127 0 0 0 0 0 0 0 0 0
scan 400 250 128 0 0 0 0 0 0 0 0 0
scan 400 250 129 0 0 0 0 0 0 0 0 0
scan 400 250 130 0 0 0 0 0 0 0 0 0
scan 400 250 131 0 0 0 0 0 0 0 0 0
scan 400 250 132 0 0 0 0 0 0 0 0 0
scan 400 250 133 3.93429e-06 0 3.93429e-06 1.18029e-07 1.18029e-07 1.18029e-07 1.96714e-07 2.36057e-07 2.89051e-06
scan 400 250 134 0 0 0 0 0 0 0 0 0
scan 400 250 135 1.96714e-05 0 8.79733e-06 5.90143e-07 5.90143e-07 5.90143e-07 9.83571e-07 1.18029e-06 1.44525e-05
scan 400 250 136 1.96714e-05 0 8.79733e-06 5.90143e-07 5.90143e-07 5.90143e-07 9.83571e-07 1.18029e-06 1.44525e-05
scan 400 250 137 1.57371e-05 0 7.86857e-06 4.72114e-07 4.72114e-07 4.72114e-07 7.86857e-07 9.44229e-07 1.1562e-05
scan 400 250 138 0 0 0 0 0 0 0 0 0
scan 400 250 139 0 0 0 0 0 0 0 0 0
scan 400 250 140 0 0 0 0 0 0 0 0 0
scan 400 250 141 0 0 0 0 0 0 0 0 0
scan 400 250 142 3.93429e-06 0 3.93429e-06 1.18029e-07 1.18029e-07 1.18029e-07 1.96714e-07 2.36057e-07 2.89051e-06
scan 400 250 143 0 0 0 0 0 0 0 0 0
scan 400 250 144 0 0 0 0 0 0 0 0 0
scan 400 250 145 0 0 0 0 0 0 0 0 0
scan 400 250 146 0 0 0 0 0 0 0 0 0
scan 400 250 147 3.93429e-06 0 3.93429e-06 1.18029e-07 1.18029e-07 1.18029e-07 1.96714e-07 2.36057e-07 2.89051e-06
scan 400 250 148 3.93429e-06 0 3.93429e-06 1.18029e-07 1.18029e-07 1.18029e-07 1.96714e-07 2.36057e-07 2.89051e-06
scan 400 250 149 0 0 0 0 0 0 0 0 0
scan 400 250 60 0 0 0 0 0 0 0 0 0
scan 400 250 61 0 0 0 0 0 0 0 0 0
scan 400 250 62 0 0 0 0 0 0 0 0 0
scan 400 250 63 0 0 0 0 0 0 0 0 0
scan 400 250 64 0 0 0 0 0 0 0 0 0
scan 400 250 65 0 0 0 0 0 0 0 0 0
scan 400 250 66 0 0 0 0 0 0 0 0 0
scan 400 250 67 0 0 0 0 0 0 0 0 0
scan 400 250 68 0 0 0 0 0 0 0 0 0
scan 400 250 69 0 0 0 0 0 0 0 0 0
scan 400 250 70 0 0 0 0 0 0 0 0 0
scan 400 250 71 0 0 0 0 0 0 0 0 0
scan 400 250 72 0 0 0 0 0 0 0 0 0
scan 400 250 73 0 0 0 0 0 0 0 0 0
scan 400 250 74 0 0 0 0 0 0 0 0 0
scan 400 250 165 0 0 0 0 0 0 0 0 0
scan 400 250 166 0 0 0 0 0 0 0 0 0
scan 400 250 167 0 0 0 0 0 0 0 0 0
scan 400 250 168 0 0 0 0 0 0 0 0 0
scan 400 250 169 0 0 0 0 0 0 0 0 0
scan 400 250 170 0 0 0 0 0 0 0 0 0
scan 400 250 171 0 0 0 0 0 0 0 0 0
scan 400 250 172 0 0 0 0 0 0 0 0 0
scan 400 250 173 0 0 0 0 0 0 0 0 0
scan 400 250 174 0 0 0 0 0 0 0 0 0
scan 400 250 175 0 0 0 0 0 0 0 0 0
scan 400 250 176 0 0 0 0 0 0 0 0 0
scan 400 250 177 0 0 0 0 0 0 0 0 0
scan 400 250 178 0 0 0 0 0 0 0 0 0
scan 400 250 179 0 0 0 0 0 0 0 0 0
