xsec 290 140 0.170545
scan 290 140 0 8.5281e-05 0 3.81388e-05 2.55843e-06 2.55843e-06 2.55843e-06 4.26405e-06 5.11686e-06 6.05168e-05
scan 290 140 1 0.000272899 0 6.82248e-05 8.18698e-06 8.18698e-06 8.18698e-06 1.3645e-05 1.6374e-05 0.000193654
scan 290 140 2 0.000119393 0 4.51265e-05 3.5818e-06 3.5818e-06 3.5818e-06 5.96967e-06 7.1636e-06 8.47236e-05
scan 290 140 3 3.41124e-05 0 2.41211e-05 1.02337e-06 1.02337e-06 1.02337e-06 1.70562e-06 2.04674e-06 2.42067e-05
scan 290 140 4 3.41124e-05 0 2.41211e-05 1.02337e-06 1.02337e-06 1.02337e-06 1.70562e-06 2.04674e-06 2.42067e-05
scan 290 140 5 0 0 0 0 0 0 0 0 0
scan 290 140 6 1.70562e-05 0 1.70562e-05 5.11686e-07 5.11686e-07 5.11686e-07 8.5281e-07 1.02337e-06 1.21034e-05
scan 290 140 7 6.82248e-05 0 3.41124e-05 2.04674e-06 2.04674e-06 2.04674e-06 3.41124e-06 4.09349e-06 4.84135e-05
scan 290 140 8 1.70562e-05 0 1.70562e-05 5.11686e-07 5.11686e-07 5.11686e-07 8.5281e-07 1.02337e-06 1.21034e-05
scan 290 140 9 0 0 0 0 0 0 0 0 0
scan 290 140 10 0 0 0 0 0 0 0 0 0
scan 290 140 11 6.82248e-05 0 3.41124e-05 2.04674e-06 2.04674e-06 2.04674e-06 3.41124e-06 4.09349e-06 4.84135e-05
scan 290 140 12 1.70562e-05 0 1.70562e-05 5.11686e-07 5.11686e-07 5.11686e-07 8.5281e-07 1.02337e-06 1.21034e-05
scan 290 140 13 6.82248e-05 0 3.41124e-05 2.04674e-06 2.04674e-06 2.04674e-06 3.41124e-06 4.09349e-06 4.84135e-05
scan 290 140 14 3.41124e-05 0 2.41211e-05 1.02337e-06 1.02337e-06 1.02337e-06 1.70562e-06 2.04674e-06 2.42067e-05
scan 290 140 15 0.00146683 0 0.000158173 4.4005e-05 4.4005e-05 4.4005e-05 7.33417e-05 8.801e-05 0.00104089
scan 290 140 16 0.0031554 0 0.000231989 9.46619e-05 9.46619e-05 9.46619e-05 0.00015777 0.000189324 0.00223912
scan 290 140 17 0.00192735 0 0.00018131 5.78205e-05 5.78205e-05 5.78205e-05 9.63675e-05 0.000115641 0.00136768
scan 290 140 18 0.000784585 0 0.000115681 2.35376e-05 2.35376e-05 2.35376e-05 3.92293e-05 4.70751e-05 0.000556755
scan 290 140 19 0.000426405 0 8.5281e-05 1.27922e-05 1.27922e-05 1.27922e-05 2.13203e-05 2.55843e-05 0.000302584
scan 290 140 20 0.000102337 0 4.1779e-05 3.07012e-06 3.07012e-06 3.07012e-06 5.11686e-06 6.14023e-06 7.26202e-05
scan 290 140 21 0.000869866 0 0.000121806 2.6096e-05 2.6096e-05 2.6096e-05 4.34933e-05 5.2192e-05 0.000617272
scan 290 140 22 0.000972204 0 0.000128772 2.91661e-05 2.91661e-05 2.91661e-05 4.86102e-05 5.83322e-05 0.000689892
scan 290 140 23 0.000324068 0 7.43463e-05 9.72204e-06 9.72204e-06 9.72204e-06 1.62034e-05 1.94441e-05 0.000229964
scan 290 140 24 0.000153506 0 5.11686e-05 4.60517e-06 4.60517e-06 4.60517e-06 7.67529e-06 9.21035e-06 0.00010893
scan 290 140 25 5.11686e-05 0 2.95422e-05 1.53506e-06 1.53506e-06 1.53506e-06 2.55843e-06 3.07012e-06 3.63101e-05
scan 290 140 26 0.000477574 0 9.02529e-05 1.43272e-05 1.43272e-05 1.43272e-05 2.38787e-05 2.86544e-05 0.000338894
scan 290 140 27 0.00141566 0 0.000155389 4.24699e-05 4.24699e-05 4.24699e-05 7.07832e-05 8.49399e-05 0.00100458
scan 290 140 28 0.000903979 0 0.000124171 2.71194e-05 2.71194e-05 2.71194e-05 4.51989e-05 5.42387e-05 0.000641479
scan 290 140 29 0.000272899 0 6.82248e-05 8.18698e-06 8.18698e-06 8.18698e-06 1.3645e-05 1.6374e-05 0.000193654
scan 290 140 30 0.000119393 0 4.51265e-05 3.5818e-06 3.5818e-06 3.5818e-06 5.96967e-06 7.1636e-06 8.47236e-05
scan 290 140 31 8.5281e-05 0 3.81388e-05 2.55843e-06 2.55843e-06 2.55843e-06 4.26405e-06 5.11686e-06 6.05168e-05
scan 290 140 32 0 0 0 0 0 0 0 0 0
scan 290 140 33 0 0 0 0 0 0 0 0 0
scan 290 140 34 0 0 0 0 0 0 0 0 0
scan 290 140 35 0 0 0 0 0 0 0 0 0
scan 290 140 36 1.70562e-05 0 1.70562e-05 5.11686e-07 5.11686e-07 5.11686e-07 8.5281e-07 1.02337e-06 1.21034e-05
scan 290 140 37 3.41124e-05 0 2.41211e-05 1.02337e-06 1.02337e-06 1.02337e-06 1.70562e-06 2.04674e-06 2.42067e-05
scan 290 140 38 0 0 0 0 0 0 0 0 0
scan 290 140 39 0 0 0 0 0 0 0 0 0
scan 290 140 40 0 0 0 0 0 0 0 0 0
scan 290 140 41 1.70562e-05 0 1.70562e-05 5.11686e-07 5.11686e-07 5.11686e-07 8.5281e-07 1.02337e-06 1.21034e-05
scan 290 140 42 0 0 0 0 0 0 0 0 0
scan 290 140 43 0 0 0 0 0 0 0 0 0
scan 290 140 44 0 0 0 0 0 0 0 0 0
scan 290 140 45 1.70562e-05 0 1.70562e-05 5.11686e-07 5.11686e-07 5.11686e-07 8.5281e-07 1.02337e-06 1.21034e-05
scan 290 140 46 1.70562e-05 0 1.70562e-05 5.11686e-07 5.11686e-07 5.11686e-07 8.5281e-07 1.02337e-06 1.21034e-05
scan 290 140 47 0 0 0 0 0 0 0 0 0
scan 290 140 48 0 0 0 0 0 0 0 0 0
scan 290 140 49 0 0 0 0 0 0 0 0 0
scan 290 140 50 0 0 0 0 0 0 0 0 0
scan 290 140 51 0 0 0 0 0 0 0 0 0
scan 290 140 52 0 0 0 0 0 0 0 0 0
scan 290 140 53 0 0 0 0 0 0 0 0 0
scan 290 140 54 0 0 0 0 0 0 0 0 0
scan 290 140 55 0 0 0 0 0 0 0 0 0
scan 290 140 56 1.70562e-05 0 1.70562e-05 5.11686e-07 5.11686e-07 5.11686e-07 8.5281e-07 1.02337e-06 1.21034e-05
scan 290 140 57 1.70562e-05 0 1.70562e-05 5.11686e-07 5.11686e-07 5.11686e-07 8.5281e-07 1.02337e-06 1.21034e-05
scan 290 140 58 0 0 0 0 0 0 0 0 0
scan 290 140 59 0 0 0 0 0 0 0 0 0
scan 290 140 60 0 0 0 0 0 0 0 0 0
scan 290 140 61 0 0 0 0 0 0 0 0 0
scan 290 140 62 0 0 0 0 0 0 0 0 0
scan 290 140 63 0 0 0 0 0 0 0 0 0
scan 290 140 64 0 0 0 0 0 0 0 0 0
scan 290 140 65 0 0 0 0 0 0 0 0 0
scan 290 140 66 0 0 0 0 0 0 0 0 0
scan 290 140 67 0 0 0 0 0 0 0 0 0
scan 290 140 68 0 0 0 0 0 0 0 0 0
scan 290 140 69 0 0 0 0 0 0 0 0 0
scan 290 140 70 0 0 0 0 0 0 0 0 0
scan 290 140 71 0 0 0 0 0 0 0 0 0
scan 290 140 72 0 0 0 0 0 0 0 0 0
scan 290 140 73 0 0 0 0 0 0 0 0 0
scan 290 140 74 0 0 0 0 0 0 0 0 0
scan 290 140 75 0 0 0 0 0 0 0 0 0
scan 290 140 76 1.70562e-05 0 1.70562e-05 5.11686e-07 5.11686e-07 5.11686e-07 8.5281e-07 1.02337e-06 1.21034e-05
scan 290 140 77 0 0 0 0 0 0 0 0 0
scan 290 140 78 0 0 0 0 0 0 0 0 0
scan 290 140 79 0 0 0 0 0 0 0 0 0
scan 290 140 80 0 0 0 0 0 0 0 0 0
scan 290 140 81 0 0 0 0 0 0 0 0 0
scan 290 140 82 0 0 0 0 0 0 0 0 0
scan 290 140 83 0 0 0 0 0 0 0 0 0
scan 290 140 84 0 0 0 0 0 0 0 0 0
scan 290 140 85 0 0 0 0 0 0 0 0 0
scan 290 140 86 0 0 0 0 0 0 0 0 0
scan 290 140 87 0 0 0 0 0 0 0 0 0
scan 290 140 88 0 0 0 0 0 0 0 0 0
scan 290 140 89 0 0 0 0 0 0 0 0 0
scan 290 140 90 5.11686e-05 0 2.95422e-05 1.53506e-06 1.53506e-06 1.53506e-06 2.55843e-06 3.07012e-06 3.63101e-05
scan 290 140 91 0.00013645 0 4.82422e-05 4.09349e-06 4.09349e-06 4.09349e-06 6.82248e-06 8.18698e-06 9.6827e-05
scan 290 140 92 3.41124e-05 0 2.41211e-05 1.02337e-06 1.02337e-06 1.02337e-06 1.70562e-06 2.04674e-06 2.42067e-05
scan 290 140 93 0 0 0 0 0 0 0 0 0
scan 290 140 94 1.70562e-05 0 1.70562e-05 5.11686e-07 5.11686e-07 5.11686e-07 8.5281e-07 1.02337e-06 1.21034e-05
scan 290 140 95 0 0 0 0 0 0 0 0 0
scan 290 140 96 3.41124e-05 0 2.41211e-05 1.02337e-06 1.02337e-06 1.02337e-06 1.70562e-06 2.04674e-06 2.42067e-05
scan 290 140 97 1.70562e-05 0 1.70562e-05 5.11686e-07 5.11686e-07 5.11686e-07 8.5281e-07 1.02337e-06 1.21034e-05
scan 290 140 98 0 0 0 0 0 0 0 0 0
scan 290 140 99 0 0 0 0 0 0 0 0 0
scan 290 140 100 0 0 0 0 0 0 0 0 0
scan 290 140 101 0 0 0 0 0 0 0 0 0
scan 290 140 102 3.41124e-05 0 2.41211e-05 1.02337e-06 1.02337e-06 1.02337e-06 1.70562e-06 2.04674e-06 2.42067e-05
scan 290 140 103 0 0 0 0 0 0 0 0 0
scan 290 140 104 0 0 0 0 0 0 0 0 0
scan 290 140 60 0 0 0 0 0 0 0 0 0
scan 290 140 61 0 0 0 0 0 0 0 0 0
scan 290 140 62 0 0 0 0 0 0 0 0 0
scan 290 140 63 0 0 0 0 0 0 0 0 0
scan 290 140 64 0 0 0 0 0 0 0 0 0
scan 290 140 65 0 0 0 0 0 0 0 0 0
scan 290 140 66 0 0 0 0 0 0 0 0 0
scan 290 140 67 0 0 0 0 0 0 0 0 0
scan 290 140 68 0 0 0 0 0 0 0 0 0
scan 290 140 69 0 0 0 0 0 0 0 0 0
scan 290 140 70 0 0 0 0 0 0 0 0 0
scan 290 140 71 0 0 0 0 0 0 0 0 0
scan 290 140 72 0 0 0 0 0 0 0 0 0
scan 290 140 73 0 0 0 0 0 0 0 0 0
scan 290 140 74 0 0 0 0 0 0 0 0 0
scan 290 140 120 1.70562e-05 0 1.70562e-05 5.11686e-07 5.11686e-07 5.11686e-07 8.5281e-07 1.02337e-06 1.21034e-05
scan 290 140 121 0 0 0 0 0 0 0 0 0
scan 290 140 122 0 0 0 0 0 0 0 0 0
scan 290 140 123 0 0 0 0 0 0 0 0 0
scan 290 140 124 0 0 0 0 0 0 0 0 0
scan 290 140 125 0 0 0 0 0 0 0 0 0
scan 290 140 126 0 0 0 0 0 0 0 0 0
scan 290 140 127 0 0 0 0 0 0 0 0 0
scan 290 140 128 0 0 0 0 0 0 0 0 0
scan 290 140 129 0 0 0 0 0 0 0 0 0
scan 290 140 130 0 0 0 0 0 0 0 0 0
scan 290 140 131 0 0 0 0 0 0 0 0 0
scan 290 140 132 0 0 0 0 0 0 0 0 0
scan 290 140 133 0 0 0 0 0 0 0 0 0
scan 290 140 134 0 0 0 0 0 0 0 0 0
scan 290 140 135 0 0 0 0 0 0 0 0 0
scan 290 140 136 1.70562e-05 0 1.70562e-05 5.11686e-07 5.11686e-07 5.11686e-07 8.5281e-07 1.02337e-06 1.21034e-05
scan 290 140 137 0 0 0 0 0 0 0 0 0
scan 290 140 138 0 0 0 0 0 0 0 0 0
scan 290 140 139 0 0 0 0 0 0 0 0 0
scan 290 140 140 0 0 0 0 0 0 0 0 0
scan 290 140 141 0 0 0 0 0 0 0 0 0
scan 290 140 142 0 0 0 0 0 0 0 0 0
scan 290 140 143 0 0 0 0 0 0 0 0 0
scan 290 140 144 0 0 0 0 0 0 0 0 0
scan 290 140 145 0 0 0 0 0 0 0 0 0
scan 290 140 146 1.70562e-05 0 1.70562e-05 5.11686e-07 5.11686e-07 5.11686e-07 8.5281e-07 1.02337e-06 1.21034e-05
scan 290 140 147 3.41124e-05 0 2.41211e-05 1.02337e-06 1.02337e-06 1.02337e-06 1.70562e-06 2.04674e-06 2.42067e-05
scan 290 140 148 0 0 0 0 0 0 0 0 0
scan 290 140 149 0 0 0 0 0 0 0 0 0
scan 290 140 60 0 0 0 0 0 0 0 0 0
scan 290 140 61 0 0 0 0 0 0 0 0 0
scan 290 140 62 0 0 0 0 0 0 0 0 0
scan 290 140 63 0 0 0 0 0 0 0 0 0
scan 290 140 64 0 0 0 0 0 0 0 0 0
scan 290 140 65 0 0 0 0 0 0 0 0 0
scan 290 140 66 0 0 0 0 0 0 0 0 0
scan 290 140 67 0 0 0 0 0 0 0 0 0
scan 290 140 68 0 0 0 0 0 0 0 0 0
scan 290 140 69 0 0 0 0 0 0 0 0 0
scan 290 140 70 0 0 0 0 0 0 0 0 0
scan 290 140 71 0 0 0 0 0 0 0 0 0
scan 290 140 72 0 0 0 0 0 0 0 0 0
scan 290 140 73 0 0 0 0 0 0 0 0 0
scan 290 140 74 0 0 0 0 0 0 0 0 0
scan 290 140 165 0 0 0 0 0 0 0 0 0
scan 290 140 166 1.70562e-05 0 1.70562e-05 5.11686e-07 5.11686e-07 5.11686e-07 8.5281e-07 1.02337e-06 1.21034e-05
scan 290 140 167 0 0 0 0 0 0 0 0 0
scan 290 140 168 0 0 0 0 0 0 0 0 0
scan 290 140 169 0 0 0 0 0 0 0 0 0
scan 290 140 170 0 0 0 0 0 0 0 0 0
scan 290 140 171 0 0 0 0 0 0 0 0 0
scan 290 140 172 0 0 0 0 0 0 0 0 0
scan 290 140 173 0 0 0 0 0 0 0 0 0
scan 290 140 174 0 0 0 0 0 0 0 0 0
scan 290 140 175 0 0 0 0 0 0 0 0 0
scan 290 140 176 0 0 0 0 0 0 0 0 0
scan 290 140 177 0 0 0 0 0 0 0 0 0
scan 290 140 178 0 0 0 0 0 0 0 0 0
scan 290 140 179 0 0 0 0 0 0 0 0 0
