xsec 420 290 0.0311379
scan 420 290 0 3.42517e-05 0 1.03273e-05 1.02755e-06 1.02755e-06 1.02755e-06 1.71259e-06 2.0551e-06 2.53047e-05
scan 420 290 1 4.04793e-05 0 1.12269e-05 1.21438e-06 1.21438e-06 1.21438e-06 2.02397e-06 2.42876e-06 2.99056e-05
scan 420 290 2 9.34138e-06 0 5.39325e-06 2.80241e-07 2.80241e-07 2.80241e-07 4.67069e-07 5.60483e-07 6.90129e-06
scan 420 290 3 6.22759e-06 0 4.40357e-06 1.86828e-07 1.86828e-07 1.86828e-07 3.11379e-07 3.73655e-07 4.60086e-06
scan 420 290 4 6.22759e-06 0 4.40357e-06 1.86828e-07 1.86828e-07 1.86828e-07 3.11379e-07 3.73655e-07 4.60086e-06
scan 420 290 5 0 0 0 0 0 0 0 0 0
scan 420 290 6 6.22759e-06 0 4.40357e-06 1.86828e-07 1.86828e-07 1.86828e-07 3.11379e-07 3.73655e-07 4.60086e-06
scan 420 290 7 9.34138e-06 0 5.39325e-06 2.80241e-07 2.80241e-07 2.80241e-07 4.67069e-07 5.60483e-07 6.90129e-06
scan 420 290 8 0 0 0 0 0 0 0 0 0
scan 420 290 9 0 0 0 0 0 0 0 0 0
scan 420 290 10 0 0 0 0 0 0 0 0 0
scan 420 290 11 1.24552e-05 0 6.22759e-06 3.73655e-07 3.73655e-07 3.73655e-07 6.22759e-07 7.47311e-07 9.20172e-06
scan 420 290 12 9.34138e-06 0 5.39325e-06 2.80241e-07 2.80241e-07 2.80241e-07 4.67069e-07 5.60483e-07 6.90129e-06
scan 420 290 13 6.22759e-06 0 4.40357e-06 1.86828e-07 1.86828e-07 1.86828e-07 3.11379e-07 3.73655e-07 4.60086e-06
scan 420 290 14 0 0 0 0 0 0 0 0 0
scan 420 290 15 0.000479524 0 3.86412e-05 1.43857e-05 1.43857e-05 1.43857e-05 2.39762e-05 2.87715e-05 0.000354266
scan 420 290 16 0.000725514 0 4.753e-05 2.17654e-05 2.17654e-05 2.17654e-05 3.62757e-05 4.35308e-05 0.000536
scan 420 290 17 0.0003612 0 3.35366e-05 1.0836e-05 1.0836e-05 1.0836e-05 1.806e-05 2.1672e-05 0.00026685
scan 420 290 18 0.00015569 0 2.20178e-05 4.67069e-06 4.67069e-06 4.67069e-06 7.78448e-06 9.34138e-06 0.000115022
scan 420 290 19 7.78448e-05 0 1.5569e-05 2.33535e-06 2.33535e-06 2.33535e-06 3.89224e-06 4.67069e-06 5.75108e-05
scan 420 290 20 1.24552e-05 0 6.22759e-06 3.73655e-07 3.73655e-07 3.73655e-07 6.22759e-07 7.47311e-07 9.20172e-06
scan 420 290 21 0.000143235 0 2.11188e-05 4.29704e-06 4.29704e-06 4.29704e-06 7.16173e-06 8.59407e-06 0.00010582
scan 420 290 22 0.0001806 0 2.37139e-05 5.418e-06 5.418e-06 5.418e-06 9.03e-06 1.0836e-05 0.000133425
scan 420 290 23 6.53897e-05 0 1.42692e-05 1.96169e-06 1.96169e-06 1.96169e-06 3.26948e-06 3.92338e-06 4.8309e-05
scan 420 290 24 1.5569e-05 0 6.96265e-06 4.67069e-07 4.67069e-07 4.67069e-07 7.78448e-07 9.34138e-07 1.15022e-05
scan 420 290 25 9.34138e-06 0 5.39325e-06 2.80241e-07 2.80241e-07 2.80241e-07 4.67069e-07 5.60483e-07 6.90129e-06
scan 420 290 26 8.40724e-05 0 1.61797e-05 2.52217e-06 2.52217e-06 2.52217e-06 4.20362e-06 5.04435e-06 6.21116e-05
scan 420 290 27 0.000221079 0 2.62373e-05 6.63238e-06 6.63238e-06 6.63238e-06 1.1054e-05 1.32648e-05 0.000163331
scan 420 290 28 0.00011521 0 1.89405e-05 3.45631e-06 3.45631e-06 3.45631e-06 5.76052e-06 6.91262e-06 8.51159e-05
scan 420 290 29 4.67069e-05 0 1.20597e-05 1.40121e-06 1.40121e-06 1.40121e-06 2.33535e-06 2.80241e-06 3.45065e-05
scan 420 290 30 9.34138e-06 0 5.39325e-06 2.80241e-07 2.80241e-07 2.80241e-07 4.67069e-07 5.60483e-07 6.90129e-06
scan 420 290 31 9.34138e-06 0 5.39325e-06 2.80241e-07 2.80241e-07 2.80241e-07 4.67069e-07 5.60483e-07 6.90129e-06
scan 420 290 32 9.34138e-06 0 5.39325e-06 2.80241e-07 2.80241e-07 2.80241e-07 4.67069e-07 5.60483e-07 6.90129e-06
scan 420 290 33 0 0 0 0 0 0 0 0 0
scan 420 290 34 3.11379e-06 0 3.11379e-06 9.34138e-08 9.34138e-08 9.34138e-08 1.5569e-07 1.86828e-07 2.30043e-06
scan 420 290 35 3.11379e-06 0 3.11379e-06 9.34138e-08 9.34138e-08 9.34138e-08 1.5569e-07 1.86828e-07 2.30043e-06
scan 420 290 36 9.34138e-06 0 5.39325e-06 2.80241e-07 2.80241e-07 2.80241e-07 4.67069e-07 5.60483e-07 6.90129e-06
scan 420 290 37 0 0 0 0 0 0 0 0 0
scan 420 290 38 0 0 0 0 0 0 0 0 0
scan 420 290 39 0 0 0 0 0 0 0 0 0
scan 420 290 40 0 0 0 0 0 0 0 0 0
scan 420 290 41 0 0 0 0 0 0 0 0 0
scan 420 290 42 3.11379e-06 0 3.11379e-06 9.34138e-08 9.34138e-08 9.34138e-08 1.5569e-07 1.86828e-07 2.30043e-06
scan 420 290 43 0 0 0 0 0 0 0 0 0
scan 420 290 44 0 0 0 0 0 0 0 0 0
scan 420 290 45 0 0 0 0 0 0 0 0 0
scan 420 290 46 3.11379e-06 0 3.11379e-06 9.34138e-08 9.34138e-08 9.34138e-08 1.5569e-07 1.86828e-07 2.30043e-06
scan 420 290 47 0 0 0 0 0 0 0 0 0
scan 420 290 48 0 0 0 0 0 0 0 0 0
scan 420 290 49 0 0 0 0 0 0 0 0 0
scan 420 290 50 3.11379e-06 0 3.11379e-06 9.34138e-08 9.34138e-08 9.34138e-08 1.5569e-07 1.86828e-07 2.30043e-06
scan 420 290 51 0 0 0 0 0 0 0 0 0
scan 420 290 52 0 0 0 0 0 0 0 0 0
scan 420 290 53 0 0 0 0 0 0 0 0 0
scan 420 290 54 0 0 0 0 0 0 0 0 0
scan 420 290 55 0 0 0 0 0 0 0 0 0
scan 420 290 56 0 0 0 0 0 0 0 0 0
scan 420 290 57 0 0 0 0 0 0 0 0 0
scan 420 290 58 3.11379e-06 0 3.11379e-06 9.34138e-08 9.34138e-08 9.34138e-08 1.5569e-07 1.86828e-07 2.30043e-06
scan 420 290 59 0 0 0 0 0 0 0 0 0
scan 420 290 60 0 0 0 0 0 0 0 0 0
scan 420 290 61 0 0 0 0 0 0 0 0 0
scan 420 290 62 0 0 0 0 0 0 0 0 0
scan 420 290 63 0 0 0 0 0 0 0 0 0
scan 420 290 64 0 0 0 0 0 0 0 0 0
scan 420 290 65 0 0 0 0 0 0 0 0 0
scan 420 290 66 0 0 0 0 0 0 0 0 0
scan 420 290 67 0 0 0 0 0 0 0 0 0
scan 420 290 68 0 0 0 0 0 0 0 0 0
scan 420 290 69 0 0 0 0 0 0 0 0 0
scan 420 290 70 0 0 0 0 0 0 0 0 0
scan 420 290 71 0 0 0 0 0 0 0 0 0
scan 420 290 72 0 0 0 0 0 0 0 0 0
scan 420 290 73 0 0 0 0 0 0 0 0 0
scan 420 290 74 0 0 0 0 0 0 0 0 0
scan 420 290 75 0 0 0 0 0 0 0 0 0
scan 420 290 76 0 0 0 0 0 0 0 0 0
scan 420 290 77 0 0 0 0 0 0 0 0 0
scan 420 290 78 0 0 0 0 0 0 0 0 0
scan 420 290 79 0 0 0 0 0 0 0 0 0
scan 420 290 80 0 0 0 0 0 0 0 0 0
scan 420 290 81 0 0 0 0 0 0 0 0 0
scan 420 290 82 0 0 0 0 0 0 0 0 0
scan 420 290 83 0 0 0 0 0 0 0 0 0
scan 420 290 84 0 0 0 0 0 0 0 0 0
scan 420 290 85 0 0 0 0 0 0 0 0 0
scan 420 290 86 0 0 0 0 0 0 0 0 0
scan 420 290 87 0 0 0 0 0 0 0 0 0
scan 420 290 88 0 0 0 0 0 0 0 0 0
scan 420 290 89 0 0 0 0 0 0 0 0 0
scan 420 290 90 1.24552e-05 0 6.22759e-06 3.73655e-07 3.73655e-07 3.73655e-07 6.22759e-07 7.47311e-07 9.20172e-06
scan 420 290 91 9.34138e-06 0 5.39325e-06 2.80241e-07 2.80241e-07 2.80241e-07 4.67069e-07 5.60483e-07 6.90129e-06
scan 420 290 92 6.22759e-06 0 4.40357e-06 1.86828e-07 1.86828e-07 1.86828e-07 3.11379e-07 3.73655e-07 4.60086e-06
scan 420 290 93 3.11379e-06 0 3.11379e-06 9.34138e-08 9.34138e-08 9.34138e-08 1.5569e-07 1.86828e-07 2.30043e-06
scan 420 290 94 0 0 0 0 0 0 0 0 0
scan 420 290 95 0 0 0 0 0 0 0 0 0
scan 420 290 96 6.22759e-06 0 4.40357e-06 1.86828e-07 1.86828e-07 1.86828e-07 3.11379e-07 3.73655e-07 4.60086e-06
scan 420 290 97 0 0 0 0 0 0 0 0 0
scan 420 290 98 0 0 0 0 0 0 0 0 0
scan 420 290 99 0 0 0 0 0 0 0 0 0
scan 420 290 100 0 0 0 0 0 0 0 0 0
scan 420 290 101 6.22759e-06 0 4.40357e-06 1.86828e-07 1.86828e-07 1.86828e-07 3.11379e-07 3.73655e-07 4.60086e-06
scan 420 290 102 3.11379e-06 0 3.11379e-06 9.34138e-08 9.34138e-08 9.34138e-08 1.5569e-07 1.86828e-07 2.30043e-06
scan 420 290 103 3.11379e-06 0 3.11379e-06 9.34138e-08 9.34138e-08 9.34138e-08 1.5569e-07 1.86828e-07 2.30043e-06
scan 420 290 104 0 0 0 0 0 0 0 0 0
scan 420 290 60 0 0 0 0 0 0 0 0 0
scan 420 290 61 0 0 0 0 0 0 0 0 0
scan 420 290 62 0 0 0 0 0 0 0 0 0
scan 420 290 63 0 0 0 0 0 0 0 0 0
scan 420 290 64 0 0 0 0 0 0 0 0 0
scan 420 290 65 0 0 0 0 0 0 0 0 0
scan 420 290 66 0 0 0 0 0 0 0 0 0
scan 420 290 67 0 0 0 0 0 0 0 0 0
scan 420 290 68 0 0 0 0 0 0 0 0 0
scan 420 290 69 0 0 0 0 0 0 0 0 0
scan 420 290 70 0 0 0 0 0 0 0 0 0
scan 420 290 71 0 0 0 0 0 0 0 0 0
scan 420 290 72 0 0 0 0 0 0 0 0 0
scan 420 290 73 0 0 0 0 0 0 0 0 0
scan 420 290 74 0 0 0 0 0 0 0 0 0
scan 420 290 120 0 0 0 0 0 0 0 0 0
scan 420 290 121 0 0 0 0 0 0 0 0 0
scan 420 290 122 0 0 0 0 0 0 0 0 0
scan 420 290 123 0 0 0 0 0 0 0 0 0
scan 420 290 124 0 0 0 0 0 0 0 0 0
scan 420 290 125 0 0 0 0 0 0 0 0 0
scan 420 290 126 0 0 0 0 0 0 0 0 0
scan 420 290 127 0 0 0 0 0 0 0 0 0
scan 420 290 128 0 0 0 0 0 0 0 0 0
scan 420 290 129 0 0 0 0 0 0 0 0 0
scan 420 290 130 0 0 0 0 0 0 0 0 0
scan 420 290 131 0 0 0 0 0 0 0 0 0
scan 420 290 132 0 0 0 0 0 0 0 0 0
scan 420 290 133 0 0 0 0 0 0 0 0 0
scan 420 290 134 0 0 0 0 0 0 0 0 0
scan 420 290 135 3.11379e-06 0 3.11379e-06 9.34138e-08 9.34138e-08 9.34138e-08 1.5569e-07 1.86828e-07 2.30043e-06
scan 420 290 136 6.22759e-06 0 4.40357e-06 1.86828e-07 1.86828e-07 1.86828e-07 3.11379e-07 3.73655e-07 4.60086e-06
scan 420 290 137 0 0 0 0 0 0 0 0 0
scan 420 290 138 6.22759e-06 0 4.40357e-06 1.86828e-07 1.86828e-07 1.86828e-07 3.11379e-07 3.73655e-07 4.60086e-06
scan 420 290 139 0 0 0 0 0 0 0 0 0
scan 420 290 140 0 0 0 0 0 0 0 0 0
scan 420 290 141 6.22759e-06 0 4.40357e-06 1.86828e-07 1.86828e-07 1.86828e-07 3.11379e-07 3.73655e-07 4.60086e-06
scan 420 290 142 0 0 0 0 0 0 0 0 0
scan 420 290 143 0 0 0 0 0 0 0 0 0
scan 420 290 144 0 0 0 0 0 0 0 0 0
scan 420 290 145 0 0 0 0 0 0 0 0 0
scan 420 290 146 0 0 0 0 0 0 0 0 0
scan 420 290 147 0 0 0 0 0 0 0 0 0
scan 420 290 148 0 0 0 0 0 0 0 0 0
scan 420 290 149 0 0 0 0 0 0 0 0 0
scan 420 290 60 0 0 0 0 0 0 0 0 0
scan 420 290 61 0 0 0 0 0 0 0 0 0
scan 420 290 62 0 0 0 0 0 0 0 0 0
scan 420 290 63 0 0 0 0 0 0 0 0 0
scan 420 290 64 0 0 0 0 0 0 0 0 0
scan 420 290 65 0 0 0 0 0 0 0 0 0
scan 420 290 66 0 0 0 0 0 0 0 0 0
scan 420 290 67 0 0 0 0 0 0 0 0 0
scan 420 290 68 0 0 0 0 0 0 0 0 0
scan 420 290 69 0 0 0 0 0 0 0 0 0
scan 420 290 70 0 0 0 0 0 0 0 0 0
scan 420 290 71 0 0 0 0 0 0 0 0 0
scan 420 290 72 0 0 0 0 0 0 0 0 0
scan 420 290 73 0 0 0 0 0 0 0 0 0
scan 420 290 74 0 0 0 0 0 0 0 0 0
scan 420 290 165 0 0 0 0 0 0 0 0 0
scan 420 290 166 0 0 0 0 0 0 0 0 0
scan 420 290 167 0 0 0 0 0 0 0 0 0
scan 420 290 168 0 0 0 0 0 0 0 0 0
scan 420 290 169 0 0 0 0 0 0 0 0 0
scan 420 290 170 0 0 0 0 0 0 0 0 0
scan 420 290 171 0 0 0 0 0 0 0 0 0
scan 420 290 172 0 0 0 0 0 0 0 0 0
scan 420 290 173 0 0 0 0 0 0 0 0 0
scan 420 290 174 0 0 0 0 0 0 0 0 0
scan 420 290 175 0 0 0 0 0 0 0 0 0
scan 420 290 176 0 0 0 0 0 0 0 0 0
scan 420 290 177 0 0 0 0 0 0 0 0 0
scan 420 290 178 0 0 0 0 0 0 0 0 0
scan 420 290 179 0 0 0 0 0 0 0 0 0
