xsec 430 60 0.0277012
scan 430 60 0 5.54079e-06 0 3.91793e-06 1.66224e-07 1.66224e-07 1.66224e-07 2.77039e-07 3.32447e-07 4.1012e-06
scan 430 60 1 1.66224e-05 0 6.78605e-06 4.98671e-07 4.98671e-07 4.98671e-07 8.31118e-07 9.97341e-07 1.23036e-05
scan 430 60 2 5.54079e-06 0 3.91793e-06 1.66224e-07 1.66224e-07 1.66224e-07 2.77039e-07 3.32447e-07 4.1012e-06
scan 430 60 3 1.10816e-05 0 5.54079e-06 3.32447e-07 3.32447e-07 3.32447e-07 5.54079e-07 6.64894e-07 8.2024e-06
scan 430 60 4 1.10816e-05 0 5.54079e-06 3.32447e-07 3.32447e-07 3.32447e-07 5.54079e-07 6.64894e-07 8.2024e-06
scan 430 60 5 2.77039e-06 0 2.77039e-06 8.31118e-08 8.31118e-08 8.31118e-08 1.3852e-07 1.66224e-07 2.0506e-06
scan 430 60 6 0 0 0 0 0 0 0 0 0
scan 430 60 7 5.54079e-06 0 3.91793e-06 1.66224e-07 1.66224e-07 1.66224e-07 2.77039e-07 3.32447e-07 4.1012e-06
scan 430 60 8 5.54079e-06 0 3.91793e-06 1.66224e-07 1.66224e-07 1.66224e-07 2.77039e-07 3.32447e-07 4.1012e-06
scan 430 60 9 8.31118e-06 0 4.79846e-06 2.49335e-07 2.49335e-07 2.49335e-07 4.15559e-07 4.98671e-07 6.1518e-06
scan 430 60 10 0 0 0 0 0 0 0 0 0
scan 430 60 11 5.54079e-06 0 3.91793e-06 1.66224e-07 1.66224e-07 1.66224e-07 2.77039e-07 3.32447e-07 4.1012e-06
scan 430 60 12 5.54079e-06 0 3.91793e-06 1.66224e-07 1.66224e-07 1.66224e-07 2.77039e-07 3.32447e-07 4.1012e-06
scan 430 60 13 1.66224e-05 0 6.78605e-06 4.98671e-07 4.98671e-07 4.98671e-07 8.31118e-07 9.97341e-07 1.23036e-05
scan 430 60 14 3.60151e-05 0 9.98879e-06 1.08045e-06 1.08045e-06 1.08045e-06 1.80076e-06 2.16091e-06 2.66578e-05
scan 430 60 15 7.48006e-05 0 1.43954e-05 2.24402e-06 2.24402e-06 2.24402e-06 3.74003e-06 4.48804e-06 5.53662e-05
scan 430 60 16 0.000168994 0 2.16375e-05 5.06982e-06 5.06982e-06 5.06982e-06 8.4497e-06 1.01396e-05 0.000125087
scan 430 60 17 0.000199468 0 2.35076e-05 5.98405e-06 5.98405e-06 5.98405e-06 9.97341e-06 1.19681e-05 0.000147643
scan 430 60 18 0.000157912 0 2.0916e-05 4.73737e-06 4.73737e-06 4.73737e-06 7.89562e-06 9.47474e-06 0.000116884
scan 430 60 19 0.000310284 0 2.93191e-05 9.30852e-06 9.30852e-06 9.30852e-06 1.55142e-05 1.8617e-05 0.000229667
scan 430 60 20 1.10816e-05 0 5.54079e-06 3.32447e-07 3.32447e-07 3.32447e-07 5.54079e-07 6.64894e-07 8.2024e-06
scan 430 60 21 5.54079e-05 0 1.23896e-05 1.66224e-06 1.66224e-06 1.66224e-06 2.77039e-06 3.32447e-06 4.1012e-05
scan 430 60 22 6.3719e-05 0 1.32863e-05 1.91157e-06 1.91157e-06 1.91157e-06 3.18595e-06 3.82314e-06 4.71638e-05
scan 430 60 23 7.7571e-05 0 1.46595e-05 2.32713e-06 2.32713e-06 2.32713e-06 3.87855e-06 4.65426e-06 5.74168e-05
scan 430 60 24 0.000113586 0 1.77392e-05 3.40758e-06 3.40758e-06 3.40758e-06 5.6793e-06 6.81517e-06 8.40746e-05
scan 430 60 25 0 0 0 0 0 0 0 0 0
scan 430 60 26 6.09486e-05 0 1.29943e-05 1.82846e-06 1.82846e-06 1.82846e-06 3.04743e-06 3.65692e-06 4.51132e-05
scan 430 60 27 0.000132979 0 1.91938e-05 3.98937e-06 3.98937e-06 3.98937e-06 6.64894e-06 7.97873e-06 9.84287e-05
scan 430 60 28 0.000196698 0 2.33437e-05 5.90094e-06 5.90094e-06 5.90094e-06 9.83489e-06 1.18019e-05 0.000145593
scan 430 60 29 0.000764628 0 4.60252e-05 2.29389e-05 2.29389e-05 2.29389e-05 3.82314e-05 4.58777e-05 0.000565965
scan 430 60 30 2.77039e-06 0 2.77039e-06 8.31118e-08 8.31118e-08 8.31118e-08 1.3852e-07 1.66224e-07 2.0506e-06
scan 430 60 31 1.10816e-05 0 5.54079e-06 3.32447e-07 3.32447e-07 3.32447e-07 5.54079e-07 6.64894e-07 8.2024e-06
scan 430 60 32 5.54079e-06 0 3.91793e-06 1.66224e-07 1.66224e-07 1.66224e-07 2.77039e-07 3.32447e-07 4.1012e-06
scan 430 60 33 5.54079e-06 0 3.91793e-06 1.66224e-07 1.66224e-07 1.66224e-07 2.77039e-07 3.32447e-07 4.1012e-06
scan 430 60 34 1.3852e-05 0 6.19479e-06 4.15559e-07 4.15559e-07 4.15559e-07 6.92598e-07 8.31118e-07 1.0253e-05
scan 430 60 35 0 0 0 0 0 0 0 0 0
scan 430 60 36 0 0 0 0 0 0 0 0 0
scan 430 60 37 0 0 0 0 0 0 0 0 0
scan 430 60 38 0 0 0 0 0 0 0 0 0
scan 430 60 39 8.31118e-06 0 4.79846e-06 2.49335e-07 2.49335e-07 2.49335e-07 4.15559e-07 4.98671e-07 6.1518e-06
scan 430 60 40 0 0 0 0 0 0 0 0 0
scan 430 60 41 2.77039e-06 0 2.77039e-06 8.31118e-08 8.31118e-08 8.31118e-08 1.3852e-07 1.66224e-07 2.0506e-06
scan 430 60 42 2.77039e-06 0 2.77039e-06 8.31118e-08 8.31118e-08 8.31118e-08 1.3852e-07 1.66224e-07 2.0506e-06
scan 430 60 43 8.31118e-06 0 4.79846e-06 2.49335e-07 2.49335e-07 2.49335e-07 4.15559e-07 4.98671e-07 6.1518e-06
scan 430 60 44 2.77039e-05 0 8.76075e-06 8.31118e-07 8.31118e-07 8.31118e-07 1.3852e-06 1.66224e-06 2.0506e-05
scan 430 60 45 2.77039e-06 0 2.77039e-06 8.31118e-08 8.31118e-08 8.31118e-08 1.3852e-07 1.66224e-07 2.0506e-06
scan 430 60 46 0 0 0 0 0 0 0 0 0
scan 430 60 47 0 0 0 0 0 0 0 0 0
scan 430 60 48 0 0 0 0 0 0 0 0 0
scan 430 60 49 0 0 0 0 0 0 0 0 0
scan 430 60 50 0 0 0 0 0 0 0 0 0
scan 430 60 51 0 0 0 0 0 0 0 0 0
scan 430 60 52 2.77039e-06 0 2.77039e-06 8.31118e-08 8.31118e-08 8.31118e-08 1.3852e-07 1.66224e-07 2.0506e-06
scan 430 60 53 0 0 0 0 0 0 0 0 0
scan 430 60 54 2.77039e-06 0 2.77039e-06 8.31118e-08 8.31118e-08 8.31118e-08 1.3852e-07 1.66224e-07 2.0506e-06
scan 430 60 55 0 0 0 0 0 0 0 0 0
scan 430 60 56 5.54079e-06 0 3.91793e-06 1.66224e-07 1.66224e-07 1.66224e-07 2.77039e-07 3.32447e-07 4.1012e-06
scan 430 60 57 2.77039e-06 0 2.77039e-06 8.31118e-08 8.31118e-08 8.31118e-08 1.3852e-07 1.66224e-07 2.0506e-06
scan 430 60 58 2.77039e-06 0 2.77039e-06 8.31118e-08 8.31118e-08 8.31118e-08 1.3852e-07 1.66224e-07 2.0506e-06
scan 430 60 59 5.54079e-06 0 3.91793e-06 1.66224e-07 1.66224e-07 1.66224e-07 2.77039e-07 3.32447e-07 4.1012e-06
scan 430 60 60 0 0 0 0 0 0 0 0 0
scan 430 60 61 0 0 0 0 0 0 0 0 0
scan 430 60 62 0 0 0 0 0 0 0 0 0
scan 430 60 63 0 0 0 0 0 0 0 0 0
scan 430 60 64 0 0 0 0 0 0 0 0 0
scan 430 60 65 0 0 0 0 0 0 0 0 0
scan 430 60 66 0 0 0 0 0 0 0 0 0
scan 430 60 67 0 0 0 0 0 0 0 0 0
scan 430 60 68 0 0 0 0 0 0 0 0 0
scan 430 60 69 0 0 0 0 0 0 0 0 0
scan 430 60 70 0 0 0 0 0 0 0 0 0
scan 430 60 71 0 0 0 0 0 0 0 0 0
scan 430 60 72 0 0 0 0 0 0 0 0 0
scan 430 60 73 0 0 0 0 0 0 0 0 0
scan 430 60 74 0 0 0 0 0 0 0 0 0
scan 430 60 75 0 0 0 0 0 0 0 0 0
scan 430 60 76 2.77039e-06 0 2.77039e-06 8.31118e-08 8.31118e-08 8.31118e-08 1.3852e-07 1.66224e-07 2.0506e-06
scan 430 60 77 0 0 0 0 0 0 0 0 0
scan 430 60 78 0 0 0 0 0 0 0 0 0
scan 430 60 79 0 0 0 0 0 0 0 0 0
scan 430 60 80 0 0 0 0 0 0 0 0 0
scan 430 60 81 0 0 0 0 0 0 0 0 0
scan 430 60 82 0 0 0 0 0 0 0 0 0
scan 430 60 83 0 0 0 0 0 0 0 0 0
scan 430 60 84 0 0 0 0 0 0 0 0 0
scan 430 60 85 0 0 0 0 0 0 0 0 0
scan 430 60 86 0 0 0 0 0 0 0 0 0
scan 430 60 87 0 0 0 0 0 0 0 0 0
scan 430 60 88 2.77039e-06 0 2.77039e-06 8.31118e-08 8.31118e-08 8.31118e-08 1.3852e-07 1.66224e-07 2.0506e-06
scan 430 60 89 0 0 0 0 0 0 0 0 0
scan 430 60 90 5.54079e-06 0 3.91793e-06 1.66224e-07 1.66224e-07 1.66224e-07 2.77039e-07 3.32447e-07 4.1012e-06
scan 430 60 91 1.10816e-05 0 5.54079e-06 3.32447e-07 3.32447e-07 3.32447e-07 5.54079e-07 6.64894e-07 8.2024e-06
scan 430 60 92 5.54079e-06 0 3.91793e-06 1.66224e-07 1.66224e-07 1.66224e-07 2.77039e-07 3.32447e-07 4.1012e-06
scan 430 60 93 0 0 0 0 0 0 0 0 0
scan 430 60 94 0 0 0 0 0 0 0 0 0
scan 430 60 95 0 0 0 0 0 0 0 0 0
scan 430 60 96 8.31118e-06 0 4.79846e-06 2.49335e-07 2.49335e-07 2.49335e-07 4.15559e-07 4.98671e-07 6.1518e-06
scan 430 60 97 2.77039e-06 0 2.77039e-06 8.31118e-08 8.31118e-08 8.31118e-08 1.3852e-07 1.66224e-07 2.0506e-06
scan 430 60 98 0 0 0 0 0 0 0 0 0
scan 430 60 99 5.54079e-06 0 3.91793e-06 1.66224e-07 1.66224e-07 1.66224e-07 2.77039e-07 3.32447e-07 4.1012e-06
scan 430 60 100 2.77039e-06 0 2.77039e-06 8.31118e-08 8.31118e-08 8.31118e-08 1.3852e-07 1.66224e-07 2.0506e-06
scan 430 60 101 5.54079e-06 0 3.91793e-06 1.66224e-07 1.66224e-07 1.66224e-07 2.77039e-07 3.32447e-07 4.1012e-06
scan 430 60 102 1.10816e-05 0 5.54079e-06 3.32447e-07 3.32447e-07 3.32447e-07 5.54079e-07 6.64894e-07 8.2024e-06
scan 430 60 103 5.54079e-06 0 3.91793e-06 1.66224e-07 1.66224e-07 1.66224e-07 2.77039e-07 3.32447e-07 4.1012e-06
scan 430 60 104 1.10816e-05 0 5.54079e-06 3.32447e-07 3.32447e-07 3.32447e-07 5.54079e-07 6.64894e-07 8.2024e-06
scan 430 60 60 0 0 0 0 0 0 0 0 0
scan 430 60 61 0 0 0 0 0 0 0 0 0
scan 430 60 62 0 0 0 0 0 0 0 0 0
scan 430 60 63 0 0 0 0 0 0 0 0 0
scan 430 60 64 0 0 0 0 0 0 0 0 0
scan 430 60 65 0 0 0 0 0 0 0 0 0
scan 430 60 66 0 0 0 0 0 0 0 0 0
scan 430 60 67 0 0 0 0 0 0 0 0 0
scan 430 60 68 0 0 0 0 0 0 0 0 0
scan 430 60 69 0 0 0 0 0 0 0 0 0
scan 430 60 70 0 0 0 0 0 0 0 0 0
scan 430 60 71 0 0 0 0 0 0 0 0 0
scan 430 60 72 0 0 0 0 0 0 0 0 0
scan 430 60 73 0 0 0 0 0 0 0 0 0
scan 430 60 74 0 0 0 0 0 0 0 0 0
scan 430 60 120 0 0 0 0 0 0 0 0 0
scan 430 60 121 0 0 0 0 0 0 0 0 0
scan 430 60 122 0 0 0 0 0 0 0 0 0
scan 430 60 123 0 0 0 0 0 0 0 0 0
scan 430 60 124 0 0 0 0 0 0 0 0 0
scan 430 60 125 0 0 0 0 0 0 0 0 0
scan 430 60 126 0 0 0 0 0 0 0 0 0
scan 430 60 127 0 0 0 0 0 0 0 0 0
scan 430 60 128 0 0 0 0 0 0 0 0 0
scan 430 60 129 0 0 0 0 0 0 0 0 0
scan 430 60 130 0 0 0 0 0 0 0 0 0
scan 430 60 131 0 0 0 0 0 0 0 0 0
scan 430 60 132 0 0 0 0 0 0 0 0 0
scan 430 60 133 0 0 0 0 0 0 0 0 0
scan 430 60 134 0 0 0 0 0 0 0 0 0
scan 430 60 135 0 0 0 0 0 0 0 0 0
scan 430 60 136 1.3852e-05 0 6.19479e-06 4.15559e-07 4.15559e-07 4.15559e-07 6.92598e-07 8.31118e-07 1.0253e-05
scan 430 60 137 2.77039e-06 0 2.77039e-06 8.31118e-08 8.31118e-08 8.31118e-08 1.3852e-07 1.66224e-07 2.0506e-06
scan 430 60 138 2.77039e-06 0 2.77039e-06 8.31118e-08 8.31118e-08 8.31118e-08 1.3852e-07 1.66224e-07 2.0506e-06
scan 430 60 139 0 0 0 0 0 0 0 0 0
scan 430 60 140 0 0 0 0 0 0 0 0 0
scan 430 60 141 0 0 0 0 0 0 0 0 0
scan 430 60 142 0 0 0 0 0 0 0 0 0
scan 430 60 143 0 0 0 0 0 0 0 0 0
scan 430 60 144 5.54079e-06 0 3.91793e-06 1.66224e-07 1.66224e-07 1.66224e-07 2.77039e-07 3.32447e-07 4.1012e-06
scan 430 60 145 0 0 0 0 0 0 0 0 0
scan 430 60 146 0 0 0 0 0 0 0 0 0
scan 430 60 147 5.54079e-06 0 3.91793e-06 1.66224e-07 1.66224e-07 1.66224e-07 2.77039e-07 3.32447e-07 4.1012e-06
scan 430 60 148 5.54079e-06 0 3.91793e-06 1.66224e-07 1.66224e-07 1.66224e-07 2.77039e-07 3.32447e-07 4.1012e-06
scan 430 60 149 2.77039e-06 0 2.77039e-06 8.31118e-08 8.31118e-08 8.31118e-08 1.3852e-07 1.66224e-07 2.0506e-06
scan 430 60 60 0 0 0 0 0 0 0 0 0
scan 430 60 61 0 0 0 0 0 0 0 0 0
scan 430 60 62 0 0 0 0 0 0 0 0 0
scan 430 60 63 0 0 0 0 0 0 0 0 0
scan 430 60 64 0 0 0 0 0 0 0 0 0
scan 430 60 65 0 0 0 0 0 0 0 0 0
scan 430 60 66 0 0 0 0 0 0 0 0 0
scan 430 60 67 0 0 0 0 0 0 0 0 0
scan 430 60 68 0 0 0 0 0 0 0 0 0
scan 430 60 69 0 0 0 0 0 0 0 0 0
scan 430 60 70 0 0 0 0 0 0 0 0 0
scan 430 60 71 0 0 0 0 0 0 0 0 0
scan 430 60 72 0 0 0 0 0 0 0 0 0
scan 430 60 73 0 0 0 0 0 0 0 0 0
scan 430 60 74 0 0 0 0 0 0 0 0 0
scan 430 60 165 0 0 0 0 0 0 0 0 0
scan 430 60 166 0 0 0 0 0 0 0 0 0
scan 430 60 167 0 0 0 0 0 0 0 0 0
scan 430 60 168 0 0 0 0 0 0 0 0 0
scan 430 60 169 2.77039e-06 0 2.77039e-06 8.31118e-08 8.31118e-08 8.31118e-08 1.3852e-07 1.66224e-07 2.0506e-06
scan 430 60 170 0 0 0 0 0 0 0 0 0
scan 430 60 171 0 0 0 0 0 0 0 0 0
scan 430 60 172 0 0 0 0 0 0 0 0 0
scan 430 60 173 0 0 0 0 0 0 0 0 0
scan 430 60 174 0 0 0 0 0 0 0 0 0
scan 430 60 175 0 0 0 0 0 0 0 0 0
scan 430 60 176 0 0 0 0 0 0 0 0 0
scan 430 60 177 0 0 0 0 0 0 0 0 0
scan 430 60 178 0 0 0 0 0 0 0 0 0
scan 430 60 179 2.77039e-06 0 2.77039e-06 8.31118e-08 8.31118e-08 8.31118e-08 1.3852e-07 1.66224e-07 2.0506e-06
