xsec 220 80 0.535834
scan 220 80 0 0.000214355 0 0.000107177 6.43065e-06 6.43065e-06 6.43065e-06 1.07177e-05 1.28613e-05 0.000147648
scan 220 80 1 0.000482299 0 0.000160766 1.4469e-05 1.4469e-05 1.4469e-05 2.41149e-05 2.89379e-05 0.000332207
scan 220 80 2 0.000107177 0 7.57859e-05 3.21532e-06 3.21532e-06 3.21532e-06 5.35887e-06 6.43065e-06 7.38238e-05
scan 220 80 3 0 0 0 0 0 0 0 0 0
scan 220 80 4 0 0 0 0 0 0 0 0 0
scan 220 80 5 5.35887e-05 0 5.35887e-05 1.60766e-06 1.60766e-06 1.60766e-06 2.67944e-06 3.21532e-06 3.69119e-05
scan 220 80 6 0.000107177 0 7.57859e-05 3.21532e-06 3.21532e-06 3.21532e-06 5.35887e-06 6.43065e-06 7.38238e-05
scan 220 80 7 0.000160766 0 9.28184e-05 4.82299e-06 4.82299e-06 4.82299e-06 8.03831e-06 9.64597e-06 0.000110736
scan 220 80 8 5.35887e-05 0 5.35887e-05 1.60766e-06 1.60766e-06 1.60766e-06 2.67944e-06 3.21532e-06 3.69119e-05
scan 220 80 9 0 0 0 0 0 0 0 0 0
scan 220 80 10 0 0 0 0 0 0 0 0 0
scan 220 80 11 5.35887e-05 0 5.35887e-05 1.60766e-06 1.60766e-06 1.60766e-06 2.67944e-06 3.21532e-06 3.69119e-05
scan 220 80 12 0.000214355 0 0.000107177 6.43065e-06 6.43065e-06 6.43065e-06 1.07177e-05 1.28613e-05 0.000147648
scan 220 80 13 0.000160766 0 9.28184e-05 4.82299e-06 4.82299e-06 4.82299e-06 8.03831e-06 9.64597e-06 0.000110736
scan 220 80 14 0 0 0 0 0 0 0 0 0
scan 220 80 15 0.00669859 0 0.00059914 0.000200958 0.000200958 0.000200958 0.00033493 0.000401915 0.00461399
scan 220 80 16 0.0113608 0 0.000780264 0.000340824 0.000340824 0.000340824 0.000568041 0.000681649 0.00782533
scan 220 80 17 0.00621629 0 0.000577168 0.000186489 0.000186489 0.000186489 0.000310815 0.000372978 0.00428178
scan 220 80 18 0.00187561 0 0.000317035 5.62682e-05 5.62682e-05 5.62682e-05 9.37803e-05 0.000112536 0.00129192
scan 220 80 19 0.000803831 0 0.000207548 2.41149e-05 2.41149e-05 2.41149e-05 4.01915e-05 4.82299e-05 0.000553679
scan 220 80 20 0.000214355 0 0.000107177 6.43065e-06 6.43065e-06 6.43065e-06 1.07177e-05 1.28613e-05 0.000147648
scan 220 80 21 0.00262585 0 0.000375121 7.87754e-05 7.87754e-05 7.87754e-05 0.000131292 0.000157551 0.00180868
scan 220 80 22 0.00310815 0 0.00040812 9.32444e-05 9.32444e-05 9.32444e-05 0.000155407 0.000186489 0.00214089
scan 220 80 23 0.000643065 0 0.000185637 1.92919e-05 1.92919e-05 1.92919e-05 3.21532e-05 3.85839e-05 0.000442943
scan 220 80 24 0.000214355 0 0.000107177 6.43065e-06 6.43065e-06 6.43065e-06 1.07177e-05 1.28613e-05 0.000147648
scan 220 80 25 0.000107177 0 7.57859e-05 3.21532e-06 3.21532e-06 3.21532e-06 5.35887e-06 6.43065e-06 7.38238e-05
scan 220 80 26 0.00176843 0 0.000307844 5.30528e-05 5.30528e-05 5.30528e-05 8.84214e-05 0.000106106 0.00121809
scan 220 80 27 0.0028402 0 0.000390132 8.52061e-05 8.52061e-05 8.52061e-05 0.00014201 0.000170412 0.00195633
scan 220 80 28 0.00112536 0 0.000245574 3.37609e-05 3.37609e-05 3.37609e-05 5.62682e-05 6.75218e-05 0.00077515
scan 220 80 29 0.000214355 0 0.000107177 6.43065e-06 6.43065e-06 6.43065e-06 1.07177e-05 1.28613e-05 0.000147648
scan 220 80 30 0.00042871 0 0.000151572 1.28613e-05 1.28613e-05 1.28613e-05 2.14355e-05 2.57226e-05 0.000295295
scan 220 80 31 0.000107177 0 7.57859e-05 3.21532e-06 3.21532e-06 3.21532e-06 5.35887e-06 6.43065e-06 7.38238e-05
scan 220 80 32 0.000107177 0 7.57859e-05 3.21532e-06 3.21532e-06 3.21532e-06 5.35887e-06 6.43065e-06 7.38238e-05
scan 220 80 33 0 0 0 0 0 0 0 0 0
scan 220 80 34 5.35887e-05 0 5.35887e-05 1.60766e-06 1.60766e-06 1.60766e-06 2.67944e-06 3.21532e-06 3.69119e-05
scan 220 80 35 0 0 0 0 0 0 0 0 0
scan 220 80 36 0 0 0 0 0 0 0 0 0
scan 220 80 37 0 0 0 0 0 0 0 0 0
scan 220 80 38 0 0 0 0 0 0 0 0 0
scan 220 80 39 0 0 0 0 0 0 0 0 0
scan 220 80 40 0 0 0 0 0 0 0 0 0
scan 220 80 41 5.35887e-05 0 5.35887e-05 1.60766e-06 1.60766e-06 1.60766e-06 2.67944e-06 3.21532e-06 3.69119e-05
scan 220 80 42 5.35887e-05 0 5.35887e-05 1.60766e-06 1.60766e-06 1.60766e-06 2.67944e-06 3.21532e-06 3.69119e-05
scan 220 80 43 5.35887e-05 0 5.35887e-05 1.60766e-06 1.60766e-06 1.60766e-06 2.67944e-06 3.21532e-06 3.69119e-05
scan 220 80 44 0 0 0 0 0 0 0 0 0
scan 220 80 45 0.000107177 0 7.57859e-05 3.21532e-06 3.21532e-06 3.21532e-06 5.35887e-06 6.43065e-06 7.38238e-05
scan 220 80 46 0.000107177 0 7.57859e-05 3.21532e-06 3.21532e-06 3.21532e-06 5.35887e-06 6.43065e-06 7.38238e-05
scan 220 80 47 5.35887e-05 0 5.35887e-05 1.60766e-06 1.60766e-06 1.60766e-06 2.67944e-06 3.21532e-06 3.69119e-05
scan 220 80 48 0 0 0 0 0 0 0 0 0
scan 220 80 49 0 0 0 0 0 0 0 0 0
scan 220 80 50 0 0 0 0 0 0 0 0 0
scan 220 80 51 0 0 0 0 0 0 0 0 0
scan 220 80 52 0 0 0 0 0 0 0 0 0
scan 220 80 53 0 0 0 0 0 0 0 0 0
scan 220 80 54 0 0 0 0 0 0 0 0 0
scan 220 80 55 0 0 0 0 0 0 0 0 0
scan 220 80 56 0 0 0 0 0 0 0 0 0
scan 220 80 57 0 0 0 0 0 0 0 0 0
scan 220 80 58 0 0 0 0 0 0 0 0 0
scan 220 80 59 0 0 0 0 0 0 0 0 0
scan 220 80 60 0 0 0 0 0 0 0 0 0
scan 220 80 61 0 0 0 0 0 0 0 0 0
scan 220 80 62 0 0 0 0 0 0 0 0 0
scan 220 80 63 0 0 0 0 0 0 0 0 0
scan 220 80 64 0 0 0 0 0 0 0 0 0
scan 220 80 65 0 0 0 0 0 0 0 0 0
scan 220 80 66 0 0 0 0 0 0 0 0 0
scan 220 80 67 0 0 0 0 0 0 0 0 0
scan 220 80 68 0 0 0 0 0 0 0 0 0
scan 220 80 69 0 0 0 0 0 0 0 0 0
scan 220 80 70 0 0 0 0 0 0 0 0 0
scan 220 80 71 0 0 0 0 0 0 0 0 0
scan 220 80 72 0 0 0 0 0 0 0 0 0
scan 220 80 73 0 0 0 0 0 0 0 0 0
scan 220 80 74 0 0 0 0 0 0 0 0 0
scan 220 80 75 0 0 0 0 0 0 0 0 0
scan 220 80 76 0 0 0 0 0 0 0 0 0
scan 220 80 77 0 0 0 0 0 0 0 0 0
scan 220 80 78 0 0 0 0 0 0 0 0 0
scan 220 80 79 0 0 0 0 0 0 0 0 0
scan 220 80 80 0 0 0 0 0 0 0 0 0
scan 220 80 81 5.35887e-05 0 5.35887e-05 1.60766e-06 1.60766e-06 1.60766e-06 2.67944e-06 3.21532e-06 3.69119e-05
scan 220 80 82 0 0 0 0 0 0 0 0 0
scan 220 80 83 0 0 0 0 0 0 0 0 0
scan 220 80 84 0 0 0 0 0 0 0 0 0
scan 220 80 85 0 0 0 0 0 0 0 0 0
scan 220 80 86 5.35887e-05 0 5.35887e-05 1.60766e-06 1.60766e-06 1.60766e-06 2.67944e-06 3.21532e-06 3.69119e-05
scan 220 80 87 0 0 0 0 0 0 0 0 0
scan 220 80 88 0 0 0 0 0 0 0 0 0
scan 220 80 89 0 0 0 0 0 0 0 0 0
scan 220 80 90 0.00042871 0 0.000151572 1.28613e-05 1.28613e-05 1.28613e-05 2.14355e-05 2.57226e-05 0.000295295
scan 220 80 91 0.000643065 0 0.000185637 1.92919e-05 1.92919e-05 1.92919e-05 3.21532e-05 3.85839e-05 0.000442943
scan 220 80 92 5.35887e-05 0 5.35887e-05 1.60766e-06 1.60766e-06 1.60766e-06 2.67944e-06 3.21532e-06 3.69119e-05
scan 220 80 93 0 0 0 0 0 0 0 0 0
scan 220 80 94 0 0 0 0 0 0 0 0 0
scan 220 80 95 0 0 0 0 0 0 0 0 0
scan 220 80 96 0.000107177 0 7.57859e-05 3.21532e-06 3.21532e-06 3.21532e-06 5.35887e-06 6.43065e-06 7.38238e-05
scan 220 80 97 0.000107177 0 7.57859e-05 3.21532e-06 3.21532e-06 3.21532e-06 5.35887e-06 6.43065e-06 7.38238e-05
scan 220 80 98 0 0 0 0 0 0 0 0 0
scan 220 80 99 0 0 0 0 0 0 0 0 0
scan 220 80 100 0 0 0 0 0 0 0 0 0
scan 220 80 101 5.35887e-05 0 5.35887e-05 1.60766e-06 1.60766e-06 1.60766e-06 2.67944e-06 3.21532e-06 3.69119e-05
scan 220 80 102 0 0 0 0 0 0 0 0 0
scan 220 80 103 0 0 0 0 0 0 0 0 0
scan 220 80 104 0 0 0 0 0 0 0 0 0
scan 220 80 60 0 0 0 0 0 0 0 0 0
scan 220 80 61 0 0 0 0 0 0 0 0 0
scan 220 80 62 0 0 0 0 0 0 0 0 0
scan 220 80 63 0 0 0 0 0 0 0 0 0
scan 220 80 64 0 0 0 0 0 0 0 0 0
scan 220 80 65 0 0 0 0 0 0 0 0 0
scan 220 80 66 0 0 0 0 0 0 0 0 0
scan 220 80 67 0 0 0 0 0 0 0 0 0
scan 220 80 68 0 0 0 0 0 0 0 0 0
scan 220 80 69 0 0 0 0 0 0 0 0 0
scan 220 80 70 0 0 0 0 0 0 0 0 0
scan 220 80 71 0 0 0 0 0 0 0 0 0
scan 220 80 72 0 0 0 0 0 0 0 0 0
scan 220 80 73 0 0 0 0 0 0 0 0 0
scan 220 80 74 0 0 0 0 0 0 0 0 0
scan 220 80 120 0 0 0 0 0 0 0 0 0
scan 220 80 121 0 0 0 0 0 0 0 0 0
scan 220 80 122 0 0 0 0 0 0 0 0 0
scan 220 80 123 0 0 0 0 0 0 0 0 0
scan 220 80 124 0 0 0 0 0 0 0 0 0
scan 220 80 125 0 0 0 0 0 0 0 0 0
scan 220 80 126 0 0 0 0 0 0 0 0 0
scan 220 80 127 0 0 0 0 0 0 0 0 0
scan 220 80 128 0 0 0 0 0 0 0 0 0
scan 220 80 129 0 0 0 0 0 0 0 0 0
scan 220 80 130 0 0 0 0 0 0 0 0 0
scan 220 80 131 0 0 0 0 0 0 0 0 0
scan 220 80 132 0 0 0 0 0 0 0 0 0
scan 220 80 133 0 0 0 0 0 0 0 0 0
scan 220 80 134 0 0 0 0 0 0 0 0 0
scan 220 80 135 0.000107177 0 7.57859e-05 3.21532e-06 3.21532e-06 3.21532e-06 5.35887e-06 6.43065e-06 7.38238e-05
scan 220 80 136 0.000160766 0 9.28184e-05 4.82299e-06 4.82299e-06 4.82299e-06 8.03831e-06 9.64597e-06 0.000110736
scan 220 80 137 0 0 0 0 0 0 0 0 0
scan 220 80 138 0 0 0 0 0 0 0 0 0
scan 220 80 139 0 0 0 0 0 0 0 0 0
scan 220 80 140 0 0 0 0 0 0 0 0 0
scan 220 80 141 0 0 0 0 0 0 0 0 0
scan 220 80 142 0 0 0 0 0 0 0 0 0
scan 220 80 143 0 0 0 0 0 0 0 0 0
scan 220 80 144 0 0 0 0 0 0 0 0 0
scan 220 80 145 0 0 0 0 0 0 0 0 0
scan 220 80 146 0 0 0 0 0 0 0 0 0
scan 220 80 147 0 0 0 0 0 0 0 0 0
scan 220 80 148 5.35887e-05 0 5.35887e-05 1.60766e-06 1.60766e-06 1.60766e-06 2.67944e-06 3.21532e-06 3.69119e-05
scan 220 80 149 0 0 0 0 0 0 0 0 0
scan 220 80 60 0 0 0 0 0 0 0 0 0
scan 220 80 61 0 0 0 0 0 0 0 0 0
scan 220 80 62 0 0 0 0 0 0 0 0 0
scan 220 80 63 0 0 0 0 0 0 0 0 0
scan 220 80 64 0 0 0 0 0 0 0 0 0
scan 220 80 65 0 0 0 0 0 0 0 0 0
scan 220 80 66 0 0 0 0 0 0 0 0 0
scan 220 80 67 0 0 0 0 0 0 0 0 0
scan 220 80 68 0 0 0 0 0 0 0 0 0
scan 220 80 69 0 0 0 0 0 0 0 0 0
scan 220 80 70 0 0 0 0 0 0 0 0 0
scan 220 80 71 0 0 0 0 0 0 0 0 0
scan 220 80 72 0 0 0 0 0 0 0 0 0
scan 220 80 73 0 0 0 0 0 0 0 0 0
scan 220 80 74 0 0 0 0 0 0 0 0 0
scan 220 80 165 0 0 0 0 0 0 0 0 0
scan 220 80 166 0 0 0 0 0 0 0 0 0
scan 220 80 167 0 0 0 0 0 0 0 0 0
scan 220 80 168 0 0 0 0 0 0 0 0 0
scan 220 80 169 0 0 0 0 0 0 0 0 0
scan 220 80 170 0 0 0 0 0 0 0 0 0
scan 220 80 171 0 0 0 0 0 0 0 0 0
scan 220 80 172 0 0 0 0 0 0 0 0 0
scan 220 80 173 0 0 0 0 0 0 0 0 0
scan 220 80 174 0 0 0 0 0 0 0 0 0
scan 220 80 175 0 0 0 0 0 0 0 0 0
scan 220 80 176 0 0 0 0 0 0 0 0 0
scan 220 80 177 0 0 0 0 0 0 0 0 0
scan 220 80 178 0 0 0 0 0 0 0 0 0
scan 220 80 179 0 0 0 0 0 0 0 0 0
