xsec 130 30 4.12415
scan 130 30 0 0.00247474 0 0.00101031 7.42421e-05 7.42421e-05 7.42421e-05 0.000123737 0.000148484 0.0016151
scan 130 30 1 0.00453702 0 0.00136796 0.000136111 0.000136111 0.000136111 0.000226851 0.000272221 0.00296102
scan 130 30 2 0.000824913 0 0.000583301 2.47474e-05 2.47474e-05 2.47474e-05 4.12456e-05 4.94948e-05 0.000538366
scan 130 30 3 0.000824913 0 0.000583301 2.47474e-05 2.47474e-05 2.47474e-05 4.12456e-05 4.94948e-05 0.000538366
scan 130 30 4 0 0 0 0 0 0 0 0 0
scan 130 30 5 0.000412456 0 0.000412456 1.23737e-05 1.23737e-05 1.23737e-05 2.06228e-05 2.47474e-05 0.000269183
scan 130 30 6 0.000824913 0 0.000583301 2.47474e-05 2.47474e-05 2.47474e-05 4.12456e-05 4.94948e-05 0.000538366
scan 130 30 7 0 0 0 0 0 0 0 0 0
scan 130 30 8 0 0 0 0 0 0 0 0 0
scan 130 30 9 0 0 0 0 0 0 0 0 0
scan 130 30 10 0.000412456 0 0.000412456 1.23737e-05 1.23737e-05 1.23737e-05 2.06228e-05 2.47474e-05 0.000269183
scan 130 30 11 0.000824913 0 0.000583301 2.47474e-05 2.47474e-05 2.47474e-05 4.12456e-05 4.94948e-05 0.000538366
scan 130 30 12 0 0 0 0 0 0 0 0 0
scan 130 30 13 0 0 0 0 0 0 0 0 0
scan 130 30 14 0 0 0 0 0 0 0 0 0
scan 130 30 15 0.124974 0 0.00717958 0.00374923 0.00374923 0.00374923 0.00624871 0.00749846 0.0815625
scan 130 30 16 0.0866158 0 0.00597706 0.00259847 0.00259847 0.00259847 0.00433079 0.00519695 0.0565285
scan 130 30 17 0.0218602 0 0.00300273 0.000655805 0.000655805 0.000655805 0.00109301 0.00131161 0.0142667
scan 130 30 18 0.00288719 0 0.00109126 8.66158e-05 8.66158e-05 8.66158e-05 0.00014436 0.000173232 0.00188428
scan 130 30 19 0.00247474 0 0.00101031 7.42421e-05 7.42421e-05 7.42421e-05 0.000123737 0.000148484 0.0016151
scan 130 30 20 0.00329965 0 0.0011666 9.89895e-05 9.89895e-05 9.89895e-05 0.000164983 0.000197979 0.00215347
scan 130 30 21 0.00783667 0 0.00179786 0.0002351 0.0002351 0.0002351 0.000391833 0.0004702 0.00511448
scan 130 30 22 0.00329965 0 0.0011666 9.89895e-05 9.89895e-05 9.89895e-05 0.000164983 0.000197979 0.00215347
scan 130 30 23 0.000412456 0 0.000412456 1.23737e-05 1.23737e-05 1.23737e-05 2.06228e-05 2.47474e-05 0.000269183
scan 130 30 24 0 0 0 0 0 0 0 0 0
scan 130 30 25 0 0 0 0 0 0 0 0 0
scan 130 30 26 0.00329965 0 0.0011666 9.89895e-05 9.89895e-05 9.89895e-05 0.000164983 0.000197979 0.00215347
scan 130 30 27 0.000824913 0 0.000583301 2.47474e-05 2.47474e-05 2.47474e-05 4.12456e-05 4.94948e-05 0.000538366
scan 130 30 28 0 0 0 0 0 0 0 0 0
scan 130 30 29 0 0 0 0 0 0 0 0 0
scan 130 30 30 0.00123737 0 0.000714395 3.71211e-05 3.71211e-05 3.71211e-05 6.18684e-05 7.42421e-05 0.00080755
scan 130 30 31 0.000412456 0 0.000412456 1.23737e-05 1.23737e-05 1.23737e-05 2.06228e-05 2.47474e-05 0.000269183
scan 130 30 32 0 0 0 0 0 0 0 0 0
scan 130 30 33 0 0 0 0 0 0 0 0 0
scan 130 30 34 0 0 0 0 0 0 0 0 0
scan 130 30 35 0 0 0 0 0 0 0 0 0
scan 130 30 36 0 0 0 0 0 0 0 0 0
scan 130 30 37 0 0 0 0 0 0 0 0 0
scan 130 30 38 0 0 0 0 0 0 0 0 0
scan 130 30 39 0 0 0 0 0 0 0 0 0
scan 130 30 40 0 0 0 0 0 0 0 0 0
scan 130 30 41 0 0 0 0 0 0 0 0 0
scan 130 30 42 0 0 0 0 0 0 0 0 0
scan 130 30 43 0 0 0 0 0 0 0 0 0
scan 130 30 44 0 0 0 0 0 0 0 0 0
scan 130 30 45 0.000824913 0 0.000583301 2.47474e-05 2.47474e-05 2.47474e-05 4.12456e-05 4.94948e-05 0.000538366
scan 130 30 46 0.000824913 0 0.000583301 2.47474e-05 2.47474e-05 2.47474e-05 4.12456e-05 4.94948e-05 0.000538366
scan 130 30 47 0 0 0 0 0 0 0 0 0
scan 130 30 48 0 0 0 0 0 0 0 0 0
scan 130 30 49 0 0 0 0 0 0 0 0 0
scan 130 30 50 0 0 0 0 0 0 0 0 0
scan 130 30 51 0 0 0 0 0 0 0 0 0
scan 130 30 52 0 0 0 0 0 0 0 0 0
scan 130 30 53 0 0 0 0 0 0 0 0 0
scan 130 30 54 0 0 0 0 0 0 0 0 0
scan 130 30 55 0 0 0 0 0 0 0 0 0
scan 130 30 56 0.000412456 0 0.000412456 1.23737e-05 1.23737e-05 1.23737e-05 2.06228e-05 2.47474e-05 0.000269183
scan 130 30 57 0 0 0 0 0 0 0 0 0
scan 130 30 58 0 0 0 0 0 0 0 0 0
scan 130 30 59 0 0 0 0 0 0 0 0 0
scan 130 30 60 0 0 0 0 0 0 0 0 0
scan 130 30 61 0 0 0 0 0 0 0 0 0
scan 130 30 62 0 0 0 0 0 0 0 0 0
scan 130 30 63 0 0 0 0 0 0 0 0 0
scan 130 30 64 0 0 0 0 0 0 0 0 0
scan 130 30 65 0 0 0 0 0 0 0 0 0
scan 130 30 66 0 0 0 0 0 0 0 0 0
scan 130 30 67 0 0 0 0 0 0 0 0 0
scan 130 30 68 0 0 0 0 0 0 0 0 0
scan 130 30 69 0 0 0 0 0 0 0 0 0
scan 130 30 70 0 0 0 0 0 0 0 0 0
scan 130 30 71 0 0 0 0 0 0 0 0 0
scan 130 30 72 0 0 0 0 0 0 0 0 0
scan 130 30 73 0 0 0 0 0 0 0 0 0
scan 130 30 74 0 0 0 0 0 0 0 0 0
scan 130 30 75 0 0 0 0 0 0 0 0 0
scan 130 30 76 0 0 0 0 0 0 0 0 0
scan 130 30 77 0 0 0 0 0 0 0 0 0
scan 130 30 78 0 0 0 0 0 0 0 0 0
scan 130 30 79 0 0 0 0 0 0 0 0 0
scan 130 30 80 0 0 0 0 0 0 0 0 0
scan 130 30 81 0 0 0 0 0 0 0 0 0
scan 130 30 82 0 0 0 0 0 0 0 0 0
scan 130 30 83 0 0 0 0 0 0 0 0 0
scan 130 30 84 0 0 0 0 0 0 0 0 0
scan 130 30 85 0 0 0 0 0 0 0 0 0
scan 130 30 86 0 0 0 0 0 0 0 0 0
scan 130 30 87 0 0 0 0 0 0 0 0 0
scan 130 30 88 0 0 0 0 0 0 0 0 0
scan 130 30 89 0 0 0 0 0 0 0 0 0
scan 130 30 90 0.00123737 0 0.000714395 3.71211e-05 3.71211e-05 3.71211e-05 6.18684e-05 7.42421e-05 0.00080755
scan 130 30 91 0.00288719 0 0.00109126 8.66158e-05 8.66158e-05 8.66158e-05 0.00014436 0.000173232 0.00188428
scan 130 30 92 0 0 0 0 0 0 0 0 0
scan 130 30 93 0 0 0 0 0 0 0 0 0
scan 130 30 94 0 0 0 0 0 0 0 0 0
scan 130 30 95 0 0 0 0 0 0 0 0 0
scan 130 30 96 0 0 0 0 0 0 0 0 0
scan 130 30 97 0 0 0 0 0 0 0 0 0
scan 130 30 98 0 0 0 0 0 0 0 0 0
scan 130 30 99 0 0 0 0 0 0 0 0 0
scan 130 30 100 0 0 0 0 0 0 0 0 0
scan 130 30 101 0 0 0 0 0 0 0 0 0
scan 130 30 102 0 0 0 0 0 0 0 0 0
scan 130 30 103 0.000412456 0 0.000412456 1.23737e-05 1.23737e-05 1.23737e-05 2.06228e-05 2.47474e-05 0.000269183
scan 130 30 104 0 0 0 0 0 0 0 0 0
scan 130 30 60 0 0 0 0 0 0 0 0 0
scan 130 30 61 0 0 0 0 0 0 0 0 0
scan 130 30 62 0 0 0 0 0 0 0 0 0
scan 130 30 63 0 0 0 0 0 0 0 0 0
scan 130 30 64 0 0 0 0 0 0 0 0 0
scan 130 30 65 0 0 0 0 0 0 0 0 0
scan 130 30 66 0 0 0 0 0 0 0 0 0
scan 130 30 67 0 0 0 0 0 0 0 0 0
scan 130 30 68 0 0 0 0 0 0 0 0 0
scan 130 30 69 0 0 0 0 0 0 0 0 0
scan 130 30 70 0 0 0 0 0 0 0 0 0
scan 130 30 71 0 0 0 0 0 0 0 0 0
scan 130 30 72 0 0 0 0 0 0 0 0 0
scan 130 30 73 0 0 0 0 0 0 0 0 0
scan 130 30 74 0 0 0 0 0 0 0 0 0
scan 130 30 120 0 0 0 0 0 0 0 0 0
scan 130 30 121 0 0 0 0 0 0 0 0 0
scan 130 30 122 0 0 0 0 0 0 0 0 0
scan 130 30 123 0 0 0 0 0 0 0 0 0
scan 130 30 124 0 0 0 0 0 0 0 0 0
scan 130 30 125 0 0 0 0 0 0 0 0 0
scan 130 30 126 0 0 0 0 0 0 0 0 0
scan 130 30 127 0 0 0 0 0 0 0 0 0
scan 130 30 128 0 0 0 0 0 0 0 0 0
scan 130 30 129 0 0 0 0 0 0 0 0 0
scan 130 30 130 0 0 0 0 0 0 0 0 0
scan 130 30 131 0 0 0 0 0 0 0 0 0
scan 130 30 132 0 0 0 0 0 0 0 0 0
scan 130 30 133 0 0 0 0 0 0 0 0 0
scan 130 30 134 0 0 0 0 0 0 0 0 0
scan 130 30 135 0.00164983 0 0.000824913 4.94948e-05 4.94948e-05 4.94948e-05 8.24913e-05 9.89895e-05 0.00107673
scan 130 30 136 0.00206228 0 0.00092228 6.18684e-05 6.18684e-05 6.18684e-05 0.000103114 0.000123737 0.00134592
scan 130 30 137 0 0 0 0 0 0 0 0 0
scan 130 30 138 0 0 0 0 0 0 0 0 0
scan 130 30 139 0 0 0 0 0 0 0 0 0
scan 130 30 140 0 0 0 0 0 0 0 0 0
scan 130 30 141 0.000824913 0 0.000583301 2.47474e-05 2.47474e-05 2.47474e-05 4.12456e-05 4.94948e-05 0.000538366
scan 130 30 142 0 0 0 0 0 0 0 0 0
scan 130 30 143 0.000412456 0 0.000412456 1.23737e-05 1.23737e-05 1.23737e-05 2.06228e-05 2.47474e-05 0.000269183
scan 130 30 144 0 0 0 0 0 0 0 0 0
scan 130 30 145 0 0 0 0 0 0 0 0 0
scan 130 30 146 0 0 0 0 0 0 0 0 0
scan 130 30 147 0 0 0 0 0 0 0 0 0
scan 130 30 148 0 0 0 0 0 0 0 0 0
scan 130 30 149 0 0 0 0 0 0 0 0 0
scan 130 30 60 0 0 0 0 0 0 0 0 0
scan 130 30 61 0 0 0 0 0 0 0 0 0
scan 130 30 62 0 0 0 0 0 0 0 0 0
scan 130 30 63 0 0 0 0 0 0 0 0 0
scan 130 30 64 0 0 0 0 0 0 0 0 0
scan 130 30 65 0 0 0 0 0 0 0 0 0
scan 130 30 66 0 0 0 0 0 0 0 0 0
scan 130 30 67 0 0 0 0 0 0 0 0 0
scan 130 30 68 0 0 0 0 0 0 0 0 0
scan 130 30 69 0 0 0 0 0 0 0 0 0
scan 130 30 70 0 0 0 0 0 0 0 0 0
scan 130 30 71 0 0 0 0 0 0 0 0 0
scan 130 30 72 0 0 0 0 0 0 0 0 0
scan 130 30 73 0 0 0 0 0 0 0 0 0
scan 130 30 74 0 0 0 0 0 0 0 0 0
scan 130 30 165 0 0 0 0 0 0 0 0 0
scan 130 30 166 0 0 0 0 0 0 0 0 0
scan 130 30 167 0 0 0 0 0 0 0 0 0
scan 130 30 168 0 0 0 0 0 0 0 0 0
scan 130 30 169 0 0 0 0 0 0 0 0 0
scan 130 30 170 0 0 0 0 0 0 0 0 0
scan 130 30 171 0 0 0 0 0 0 0 0 0
scan 130 30 172 0 0 0 0 0 0 0 0 0
scan 130 30 173 0 0 0 0 0 0 0 0 0
scan 130 30 174 0 0 0 0 0 0 0 0 0
scan 130 30 175 0 0 0 0 0 0 0 0 0
scan 130 30 176 0 0 0 0 0 0 0 0 0
scan 130 30 177 0 0 0 0 0 0 0 0 0
scan 130 30 178 0 0 0 0 0 0 0 0 0
scan 130 30 179 0 0 0 0 0 0 0 0 0
