xsec 330 230 0.0956128
scan 330 230 0 0.000124297 0 3.44737e-05 3.7289e-06 3.7289e-06 3.7289e-06 6.21483e-06 7.4578e-06 8.94573e-05
scan 330 230 1 7.64903e-05 0 2.70434e-05 2.29471e-06 2.29471e-06 2.29471e-06 3.82451e-06 4.58942e-06 5.50507e-05
scan 330 230 2 1.91226e-05 0 1.35217e-05 5.73677e-07 5.73677e-07 5.73677e-07 9.56128e-07 1.14735e-06 1.37627e-05
scan 330 230 3 0 0 0 0 0 0 0 0 0
scan 330 230 4 0 0 0 0 0 0 0 0 0
scan 330 230 5 9.56128e-06 0 9.56128e-06 2.86839e-07 2.86839e-07 2.86839e-07 4.78064e-07 5.73677e-07 6.88133e-06
scan 330 230 6 4.78064e-05 0 2.13797e-05 1.43419e-06 1.43419e-06 1.43419e-06 2.39032e-06 2.86839e-06 3.44067e-05
scan 330 230 7 1.91226e-05 0 1.35217e-05 5.73677e-07 5.73677e-07 5.73677e-07 9.56128e-07 1.14735e-06 1.37627e-05
scan 330 230 8 0 0 0 0 0 0 0 0 0
scan 330 230 9 0 0 0 0 0 0 0 0 0
scan 330 230 10 0 0 0 0 0 0 0 0 0
scan 330 230 11 1.91226e-05 0 1.35217e-05 5.73677e-07 5.73677e-07 5.73677e-07 9.56128e-07 1.14735e-06 1.37627e-05
scan 330 230 12 2.86839e-05 0 1.65606e-05 8.60516e-07 8.60516e-07 8.60516e-07 1.43419e-06 1.72103e-06 2.0644e-05
scan 330 230 13 9.56128e-06 0 9.56128e-06 2.86839e-07 2.86839e-07 2.86839e-07 4.78064e-07 5.73677e-07 6.88133e-06
scan 330 230 14 0 0 0 0 0 0 0 0 0
scan 330 230 15 0.00238076 0 0.000150875 7.14228e-05 7.14228e-05 7.14228e-05 0.000119038 0.000142846 0.00171345
scan 330 230 16 0.0025433 0 0.00015594 7.6299e-05 7.6299e-05 7.6299e-05 0.000127165 0.000152598 0.00183043
scan 330 230 17 0.000726658 0 8.33533e-05 2.17997e-05 2.17997e-05 2.17997e-05 3.63329e-05 4.35995e-05 0.000522981
scan 330 230 18 0.000181664 0 4.16767e-05 5.44993e-06 5.44993e-06 5.44993e-06 9.08322e-06 1.08999e-05 0.000130745
scan 330 230 19 9.56128e-05 0 3.02354e-05 2.86839e-06 2.86839e-06 2.86839e-06 4.78064e-06 5.73677e-06 6.88133e-05
scan 330 230 20 3.82451e-05 0 1.91226e-05 1.14735e-06 1.14735e-06 1.14735e-06 1.91226e-06 2.29471e-06 2.75253e-05
scan 330 230 21 0.0005928 0 7.52856e-05 1.7784e-05 1.7784e-05 1.7784e-05 2.964e-05 3.5568e-05 0.000426643
scan 330 230 22 0.000239032 0 4.78064e-05 7.17096e-06 7.17096e-06 7.17096e-06 1.19516e-05 1.43419e-05 0.000172033
scan 330 230 23 3.82451e-05 0 1.91226e-05 1.14735e-06 1.14735e-06 1.14735e-06 1.91226e-06 2.29471e-06 2.75253e-05
scan 330 230 24 2.86839e-05 0 1.65606e-05 8.60516e-07 8.60516e-07 8.60516e-07 1.43419e-06 1.72103e-06 2.0644e-05
scan 330 230 25 1.91226e-05 0 1.35217e-05 5.73677e-07 5.73677e-07 5.73677e-07 9.56128e-07 1.14735e-06 1.37627e-05
scan 330 230 26 0.000152981 0 3.82451e-05 4.58942e-06 4.58942e-06 4.58942e-06 7.64903e-06 9.17883e-06 0.000110101
scan 330 230 27 0.000114735 0 3.31213e-05 3.44206e-06 3.44206e-06 3.44206e-06 5.73677e-06 6.88412e-06 8.2576e-05
scan 330 230 28 4.78064e-05 0 2.13797e-05 1.43419e-06 1.43419e-06 1.43419e-06 2.39032e-06 2.86839e-06 3.44067e-05
scan 330 230 29 1.91226e-05 0 1.35217e-05 5.73677e-07 5.73677e-07 5.73677e-07 9.56128e-07 1.14735e-06 1.37627e-05
scan 330 230 30 9.56128e-06 0 9.56128e-06 2.86839e-07 2.86839e-07 2.86839e-07 4.78064e-07 5.73677e-07 6.88133e-06
scan 330 230 31 9.56128e-06 0 9.56128e-06 2.86839e-07 2.86839e-07 2.86839e-07 4.78064e-07 5.73677e-07 6.88133e-06
scan 330 230 32 0 0 0 0 0 0 0 0 0
scan 330 230 33 0 0 0 0 0 0 0 0 0
scan 330 230 34 0 0 0 0 0 0 0 0 0
scan 330 230 35 0 0 0 0 0 0 0 0 0
scan 330 230 36 0 0 0 0 0 0 0 0 0
scan 330 230 37 0 0 0 0 0 0 0 0 0
scan 330 230 38 0 0 0 0 0 0 0 0 0
scan 330 230 39 9.56128e-06 0 9.56128e-06 2.86839e-07 2.86839e-07 2.86839e-07 4.78064e-07 5.73677e-07 6.88133e-06
scan 330 230 40 0 0 0 0 0 0 0 0 0
scan 330 230 41 0 0 0 0 0 0 0 0 0
scan 330 230 42 0 0 0 0 0 0 0 0 0
scan 330 230 43 0 0 0 0 0 0 0 0 0
scan 330 230 44 9.56128e-06 0 9.56128e-06 2.86839e-07 2.86839e-07 2.86839e-07 4.78064e-07 5.73677e-07 6.88133e-06
scan 330 230 45 1.91226e-05 0 1.35217e-05 5.73677e-07 5.73677e-07 5.73677e-07 9.56128e-07 1.14735e-06 1.37627e-05
scan 330 230 46 9.56128e-06 0 9.56128e-06 2.86839e-07 2.86839e-07 2.86839e-07 4.78064e-07 5.73677e-07 6.88133e-06
scan 330 230 47 0 0 0 0 0 0 0 0 0
scan 330 230 48 0 0 0 0 0 0 0 0 0
scan 330 230 49 0 0 0 0 0 0 0 0 0
scan 330 230 50 0 0 0 0 0 0 0 0 0
scan 330 230 51 0 0 0 0 0 0 0 0 0
scan 330 230 52 9.56128e-06 0 9.56128e-06 2.86839e-07 2.86839e-07 2.86839e-07 4.78064e-07 5.73677e-07 6.88133e-06
scan 330 230 53 0 0 0 0 0 0 0 0 0
scan 330 230 54 0 0 0 0 0 0 0 0 0
scan 330 230 55 0 0 0 0 0 0 0 0 0
scan 330 230 56 0 0 0 0 0 0 0 0 0
scan 330 230 57 0 0 0 0 0 0 0 0 0
scan 330 230 58 0 0 0 0 0 0 0 0 0
scan 330 230 59 0 0 0 0 0 0 0 0 0
scan 330 230 60 0 0 0 0 0 0 0 0 0
scan 330 230 61 0 0 0 0 0 0 0 0 0
scan 330 230 62 0 0 0 0 0 0 0 0 0
scan 330 230 63 0 0 0 0 0 0 0 0 0
scan 330 230 64 0 0 0 0 0 0 0 0 0
scan 330 230 65 0 0 0 0 0 0 0 0 0
scan 330 230 66 0 0 0 0 0 0 0 0 0
scan 330 230 67 0 0 0 0 0 0 0 0 0
scan 330 230 68 0 0 0 0 0 0 0 0 0
scan 330 230 69 0 0 0 0 0 0 0 0 0
scan 330 230 70 0 0 0 0 0 0 0 0 0
scan 330 230 71 0 0 0 0 0 0 0 0 0
scan 330 230 72 0 0 0 0 0 0 0 0 0
scan 330 230 73 0 0 0 0 0 0 0 0 0
scan 330 230 74 0 0 0 0 0 0 0 0 0
scan 330 230 75 0 0 0 0 0 0 0 0 0
scan 330 230 76 0 0 0 0 0 0 0 0 0
scan 330 230 77 0 0 0 0 0 0 0 0 0
scan 330 230 78 0 0 0 0 0 0 0 0 0
scan 330 230 79 0 0 0 0 0 0 0 0 0
scan 330 230 80 0 0 0 0 0 0 0 0 0
scan 330 230 81 0 0 0 0 0 0 0 0 0
scan 330 230 82 0 0 0 0 0 0 0 0 0
scan 330 230 83 0 0 0 0 0 0 0 0 0
scan 330 230 84 0 0 0 0 0 0 0 0 0
scan 330 230 85 0 0 0 0 0 0 0 0 0
scan 330 230 86 0 0 0 0 0 0 0 0 0
scan 330 230 87 0 0 0 0 0 0 0 0 0
scan 330 230 88 0 0 0 0 0 0 0 0 0
scan 330 230 89 0 0 0 0 0 0 0 0 0
scan 330 230 90 3.82451e-05 0 1.91226e-05 1.14735e-06 1.14735e-06 1.14735e-06 1.91226e-06 2.29471e-06 2.75253e-05
scan 330 230 91 4.78064e-05 0 2.13797e-05 1.43419e-06 1.43419e-06 1.43419e-06 2.39032e-06 2.86839e-06 3.44067e-05
scan 330 230 92 9.56128e-06 0 9.56128e-06 2.86839e-07 2.86839e-07 2.86839e-07 4.78064e-07 5.73677e-07 6.88133e-06
scan 330 230 93 0 0 0 0 0 0 0 0 0
scan 330 230 94 0 0 0 0 0 0 0 0 0
scan 330 230 95 0 0 0 0 0 0 0 0 0
scan 330 230 96 0 0 0 0 0 0 0 0 0
scan 330 230 97 0 0 0 0 0 0 0 0 0
scan 330 230 98 0 0 0 0 0 0 0 0 0
scan 330 230 99 0 0 0 0 0 0 0 0 0
scan 330 230 100 0 0 0 0 0 0 0 0 0
scan 330 230 101 0 0 0 0 0 0 0 0 0
scan 330 230 102 9.56128e-06 0 9.56128e-06 2.86839e-07 2.86839e-07 2.86839e-07 4.78064e-07 5.73677e-07 6.88133e-06
scan 330 230 103 0 0 0 0 0 0 0 0 0
scan 330 230 104 0 0 0 0 0 0 0 0 0
scan 330 230 60 0 0 0 0 0 0 0 0 0
scan 330 230 61 0 0 0 0 0 0 0 0 0
scan 330 230 62 0 0 0 0 0 0 0 0 0
scan 330 230 63 0 0 0 0 0 0 0 0 0
scan 330 230 64 0 0 0 0 0 0 0 0 0
scan 330 230 65 0 0 0 0 0 0 0 0 0
scan 330 230 66 0 0 0 0 0 0 0 0 0
scan 330 230 67 0 0 0 0 0 0 0 0 0
scan 330 230 68 0 0 0 0 0 0 0 0 0
scan 330 230 69 0 0 0 0 0 0 0 0 0
scan 330 230 70 0 0 0 0 0 0 0 0 0
scan 330 230 71 0 0 0 0 0 0 0 0 0
scan 330 230 72 0 0 0 0 0 0 0 0 0
scan 330 230 73 0 0 0 0 0 0 0 0 0
scan 330 230 74 0 0 0 0 0 0 0 0 0
scan 330 230 120 0 0 0 0 0 0 0 0 0
scan 330 230 121 0 0 0 0 0 0 0 0 0
scan 330 230 122 0 0 0 0 0 0 0 0 0
scan 330 230 123 0 0 0 0 0 0 0 0 0
scan 330 230 124 0 0 0 0 0 0 0 0 0
scan 330 230 125 0 0 0 0 0 0 0 0 0
scan 330 230 126 0 0 0 0 0 0 0 0 0
scan 330 230 127 0 0 0 0 0 0 0 0 0
scan 330 230 128 0 0 0 0 0 0 0 0 0
scan 330 230 129 0 0 0 0 0 0 0 0 0
scan 330 230 130 0 0 0 0 0 0 0 0 0
scan 330 230 131 0 0 0 0 0 0 0 0 0
scan 330 230 132 0 0 0 0 0 0 0 0 0
scan 330 230 133 0 0 0 0 0 0 0 0 0
scan 330 230 134 0 0 0 0 0 0 0 0 0
scan 330 230 135 7.64903e-05 0 2.70434e-05 2.29471e-06 2.29471e-06 2.29471e-06 3.82451e-06 4.58942e-06 5.50507e-05
scan 330 230 136 1.91226e-05 0 1.35217e-05 5.73677e-07 5.73677e-07 5.73677e-07 9.56128e-07 1.14735e-06 1.37627e-05
scan 330 230 137 0 0 0 0 0 0 0 0 0
scan 330 230 138 0 0 0 0 0 0 0 0 0
scan 330 230 139 0 0 0 0 0 0 0 0 0
scan 330 230 140 0 0 0 0 0 0 0 0 0
scan 330 230 141 0 0 0 0 0 0 0 0 0
scan 330 230 142 0 0 0 0 0 0 0 0 0
scan 330 230 143 0 0 0 0 0 0 0 0 0
scan 330 230 144 0 0 0 0 0 0 0 0 0
scan 330 230 145 0 0 0 0 0 0 0 0 0
scan 330 230 146 0 0 0 0 0 0 0 0 0
scan 330 230 147 0 0 0 0 0 0 0 0 0
scan 330 230 148 0 0 0 0 0 0 0 0 0
scan 330 230 149 0 0 0 0 0 0 0 0 0
scan 330 230 60 0 0 0 0 0 0 0 0 0
scan 330 230 61 0 0 0 0 0 0 0 0 0
scan 330 230 62 0 0 0 0 0 0 0 0 0
scan 330 230 63 0 0 0 0 0 0 0 0 0
scan 330 230 64 0 0 0 0 0 0 0 0 0
scan 330 230 65 0 0 0 0 0 0 0 0 0
scan 330 230 66 0 0 0 0 0 0 0 0 0
scan 330 230 67 0 0 0 0 0 0 0 0 0
scan 330 230 68 0 0 0 0 0 0 0 0 0
scan 330 230 69 0 0 0 0 0 0 0 0 0
scan 330 230 70 0 0 0 0 0 0 0 0 0
scan 330 230 71 0 0 0 0 0 0 0 0 0
scan 330 230 72 0 0 0 0 0 0 0 0 0
scan 330 230 73 0 0 0 0 0 0 0 0 0
scan 330 230 74 0 0 0 0 0 0 0 0 0
scan 330 230 165 0 0 0 0 0 0 0 0 0
scan 330 230 166 0 0 0 0 0 0 0 0 0
scan 330 230 167 0 0 0 0 0 0 0 0 0
scan 330 230 168 0 0 0 0 0 0 0 0 0
scan 330 230 169 0 0 0 0 0 0 0 0 0
scan 330 230 170 0 0 0 0 0 0 0 0 0
scan 330 230 171 0 0 0 0 0 0 0 0 0
scan 330 230 172 0 0 0 0 0 0 0 0 0
scan 330 230 173 0 0 0 0 0 0 0 0 0
scan 330 230 174 0 0 0 0 0 0 0 0 0
scan 330 230 175 0 0 0 0 0 0 0 0 0
scan 330 230 176 0 0 0 0 0 0 0 0 0
scan 330 230 177 0 0 0 0 0 0 0 0 0
scan 330 230 178 0 0 0 0 0 0 0 0 0
scan 330 230 179 0 0 0 0 0 0 0 0 0
