xsec 390 160 0.0445121
scan 390 160 0 8.90242e-06 0 6.29496e-06 2.67073e-07 2.67073e-07 2.67073e-07 4.45121e-07 5.34145e-07 6.52132e-06
scan 390 160 1 2.22561e-05 0 9.95321e-06 6.67682e-07 6.67682e-07 6.67682e-07 1.1128e-06 1.33536e-06 1.63033e-05
scan 390 160 2 0 0 0 0 0 0 0 0 0
scan 390 160 3 8.90242e-06 0 6.29496e-06 2.67073e-07 2.67073e-07 2.67073e-07 4.45121e-07 5.34145e-07 6.52132e-06
scan 390 160 4 2.22561e-05 0 9.95321e-06 6.67682e-07 6.67682e-07 6.67682e-07 1.1128e-06 1.33536e-06 1.63033e-05
scan 390 160 5 4.45121e-06 0 4.45121e-06 1.33536e-07 1.33536e-07 1.33536e-07 2.22561e-07 2.67073e-07 3.26066e-06
scan 390 160 6 0 0 0 0 0 0 0 0 0
scan 390 160 7 4.45121e-06 0 4.45121e-06 1.33536e-07 1.33536e-07 1.33536e-07 2.22561e-07 2.67073e-07 3.26066e-06
scan 390 160 8 0 0 0 0 0 0 0 0 0
scan 390 160 9 0 0 0 0 0 0 0 0 0
scan 390 160 10 4.45121e-06 0 4.45121e-06 1.33536e-07 1.33536e-07 1.33536e-07 2.22561e-07 2.67073e-07 3.26066e-06
scan 390 160 11 0 0 0 0 0 0 0 0 0
scan 390 160 12 2.22561e-05 0 9.95321e-06 6.67682e-07 6.67682e-07 6.67682e-07 1.1128e-06 1.33536e-06 1.63033e-05
scan 390 160 13 1.33536e-05 0 7.70972e-06 4.00609e-07 4.00609e-07 4.00609e-07 6.67682e-07 8.01218e-07 9.78198e-06
scan 390 160 14 2.22561e-05 0 9.95321e-06 6.67682e-07 6.67682e-07 6.67682e-07 1.1128e-06 1.33536e-06 1.63033e-05
scan 390 160 15 0.000222561 0 3.14748e-05 6.67682e-06 6.67682e-06 6.67682e-06 1.1128e-05 1.33536e-05 0.000163033
scan 390 160 16 0.000543048 0 4.91652e-05 1.62914e-05 1.62914e-05 1.62914e-05 2.71524e-05 3.25829e-05 0.000397801
scan 390 160 17 0.000422865 0 4.3385e-05 1.26859e-05 1.26859e-05 1.26859e-05 2.11432e-05 2.53719e-05 0.000309763
scan 390 160 18 0.000240365 0 3.27096e-05 7.21096e-06 7.21096e-06 7.21096e-06 1.20183e-05 1.44219e-05 0.000176076
scan 390 160 19 0.000356097 0 3.98128e-05 1.06829e-05 1.06829e-05 1.06829e-05 1.78048e-05 2.13658e-05 0.000260853
scan 390 160 20 1.33536e-05 0 7.70972e-06 4.00609e-07 4.00609e-07 4.00609e-07 6.67682e-07 8.01218e-07 9.78198e-06
scan 390 160 21 9.79266e-05 0 2.0878e-05 2.9378e-06 2.9378e-06 2.9378e-06 4.89633e-06 5.8756e-06 7.17345e-05
scan 390 160 22 0.000164695 0 2.70757e-05 4.94084e-06 4.94084e-06 4.94084e-06 8.23474e-06 9.88169e-06 0.000120644
scan 390 160 23 9.34754e-05 0 2.0398e-05 2.80426e-06 2.80426e-06 2.80426e-06 4.67377e-06 5.60852e-06 6.84739e-05
scan 390 160 24 0.000142439 0 2.51798e-05 4.27316e-06 4.27316e-06 4.27316e-06 7.12194e-06 8.54632e-06 0.000104341
scan 390 160 25 4.45121e-06 0 4.45121e-06 1.33536e-07 1.33536e-07 1.33536e-07 2.22561e-07 2.67073e-07 3.26066e-06
scan 390 160 26 0.00014689 0 2.55703e-05 4.4067e-06 4.4067e-06 4.4067e-06 7.3445e-06 8.8134e-06 0.000107602
scan 390 160 27 0.000302682 0 3.67056e-05 9.08047e-06 9.08047e-06 9.08047e-06 1.51341e-05 1.81609e-05 0.000221725
scan 390 160 28 0.00051634 0 4.7941e-05 1.54902e-05 1.54902e-05 1.54902e-05 2.5817e-05 3.09804e-05 0.000378237
scan 390 160 29 0.000716645 0 5.64795e-05 2.14993e-05 2.14993e-05 2.14993e-05 3.58322e-05 4.29987e-05 0.000524966
scan 390 160 30 0 0 0 0 0 0 0 0 0
scan 390 160 31 1.33536e-05 0 7.70972e-06 4.00609e-07 4.00609e-07 4.00609e-07 6.67682e-07 8.01218e-07 9.78198e-06
scan 390 160 32 2.22561e-05 0 9.95321e-06 6.67682e-07 6.67682e-07 6.67682e-07 1.1128e-06 1.33536e-06 1.63033e-05
scan 390 160 33 0 0 0 0 0 0 0 0 0
scan 390 160 34 0 0 0 0 0 0 0 0 0
scan 390 160 35 0 0 0 0 0 0 0 0 0
scan 390 160 36 4.45121e-06 0 4.45121e-06 1.33536e-07 1.33536e-07 1.33536e-07 2.22561e-07 2.67073e-07 3.26066e-06
scan 390 160 37 0 0 0 0 0 0 0 0 0
scan 390 160 38 0 0 0 0 0 0 0 0 0
scan 390 160 39 4.45121e-06 0 4.45121e-06 1.33536e-07 1.33536e-07 1.33536e-07 2.22561e-07 2.67073e-07 3.26066e-06
scan 390 160 40 0 0 0 0 0 0 0 0 0
scan 390 160 41 0 0 0 0 0 0 0 0 0
scan 390 160 42 4.45121e-06 0 4.45121e-06 1.33536e-07 1.33536e-07 1.33536e-07 2.22561e-07 2.67073e-07 3.26066e-06
scan 390 160 43 4.45121e-06 0 4.45121e-06 1.33536e-07 1.33536e-07 1.33536e-07 2.22561e-07 2.67073e-07 3.26066e-06
scan 390 160 44 2.22561e-05 0 9.95321e-06 6.67682e-07 6.67682e-07 6.67682e-07 1.1128e-06 1.33536e-06 1.63033e-05
scan 390 160 45 0 0 0 0 0 0 0 0 0
scan 390 160 46 8.90242e-06 0 6.29496e-06 2.67073e-07 2.67073e-07 2.67073e-07 4.45121e-07 5.34145e-07 6.52132e-06
scan 390 160 47 0 0 0 0 0 0 0 0 0
scan 390 160 48 0 0 0 0 0 0 0 0 0
scan 390 160 49 0 0 0 0 0 0 0 0 0
scan 390 160 50 0 0 0 0 0 0 0 0 0
scan 390 160 51 4.45121e-06 0 4.45121e-06 1.33536e-07 1.33536e-07 1.33536e-07 2.22561e-07 2.67073e-07 3.26066e-06
scan 390 160 52 0 0 0 0 0 0 0 0 0
scan 390 160 53 0 0 0 0 0 0 0 0 0
scan 390 160 54 0 0 0 0 0 0 0 0 0
scan 390 160 55 0 0 0 0 0 0 0 0 0
scan 390 160 56 4.45121e-06 0 4.45121e-06 1.33536e-07 1.33536e-07 1.33536e-07 2.22561e-07 2.67073e-07 3.26066e-06
scan 390 160 57 4.45121e-06 0 4.45121e-06 1.33536e-07 1.33536e-07 1.33536e-07 2.22561e-07 2.67073e-07 3.26066e-06
scan 390 160 58 0 0 0 0 0 0 0 0 0
scan 390 160 59 0 0 0 0 0 0 0 0 0
scan 390 160 60 0 0 0 0 0 0 0 0 0
scan 390 160 61 0 0 0 0 0 0 0 0 0
scan 390 160 62 0 0 0 0 0 0 0 0 0
scan 390 160 63 0 0 0 0 0 0 0 0 0
scan 390 160 64 0 0 0 0 0 0 0 0 0
scan 390 160 65 0 0 0 0 0 0 0 0 0
scan 390 160 66 0 0 0 0 0 0 0 0 0
scan 390 160 67 0 0 0 0 0 0 0 0 0
scan 390 160 68 0 0 0 0 0 0 0 0 0
scan 390 160 69 0 0 0 0 0 0 0 0 0
scan 390 160 70 0 0 0 0 0 0 0 0 0
scan 390 160 71 0 0 0 0 0 0 0 0 0
scan 390 160 72 0 0 0 0 0 0 0 0 0
scan 390 160 73 0 0 0 0 0 0 0 0 0
scan 390 160 74 0 0 0 0 0 0 0 0 0
scan 390 160 75 0 0 0 0 0 0 0 0 0
scan 390 160 76 0 0 0 0 0 0 0 0 0
scan 390 160 77 0 0 0 0 0 0 0 0 0
scan 390 160 78 0 0 0 0 0 0 0 0 0
scan 390 160 79 0 0 0 0 0 0 0 0 0
scan 390 160 80 0 0 0 0 0 0 0 0 0
scan 390 160 81 0 0 0 0 0 0 0 0 0
scan 390 160 82 0 0 0 0 0 0 0 0 0
scan 390 160 83 0 0 0 0 0 0 0 0 0
scan 390 160 84 0 0 0 0 0 0 0 0 0
scan 390 160 85 0 0 0 0 0 0 0 0 0
scan 390 160 86 0 0 0 0 0 0 0 0 0
scan 390 160 87 0 0 0 0 0 0 0 0 0
scan 390 160 88 0 0 0 0 0 0 0 0 0
scan 390 160 89 0 0 0 0 0 0 0 0 0
scan 390 160 90 4.45121e-06 0 4.45121e-06 1.33536e-07 1.33536e-07 1.33536e-07 2.22561e-07 2.67073e-07 3.26066e-06
scan 390 160 91 2.22561e-05 0 9.95321e-06 6.67682e-07 6.67682e-07 6.67682e-07 1.1128e-06 1.33536e-06 1.63033e-05
scan 390 160 92 1.33536e-05 0 7.70972e-06 4.00609e-07 4.00609e-07 4.00609e-07 6.67682e-07 8.01218e-07 9.78198e-06
scan 390 160 93 4.45121e-06 0 4.45121e-06 1.33536e-07 1.33536e-07 1.33536e-07 2.22561e-07 2.67073e-07 3.26066e-06
scan 390 160 94 0 0 0 0 0 0 0 0 0
scan 390 160 95 0 0 0 0 0 0 0 0 0
scan 390 160 96 4.45121e-06 0 4.45121e-06 1.33536e-07 1.33536e-07 1.33536e-07 2.22561e-07 2.67073e-07 3.26066e-06
scan 390 160 97 4.45121e-06 0 4.45121e-06 1.33536e-07 1.33536e-07 1.33536e-07 2.22561e-07 2.67073e-07 3.26066e-06
scan 390 160 98 0 0 0 0 0 0 0 0 0
scan 390 160 99 4.45121e-06 0 4.45121e-06 1.33536e-07 1.33536e-07 1.33536e-07 2.22561e-07 2.67073e-07 3.26066e-06
scan 390 160 100 0 0 0 0 0 0 0 0 0
scan 390 160 101 8.90242e-06 0 6.29496e-06 2.67073e-07 2.67073e-07 2.67073e-07 4.45121e-07 5.34145e-07 6.52132e-06
scan 390 160 102 2.67073e-05 0 1.09032e-05 8.01218e-07 8.01218e-07 8.01218e-07 1.33536e-06 1.60244e-06 1.9564e-05
scan 390 160 103 1.33536e-05 0 7.70972e-06 4.00609e-07 4.00609e-07 4.00609e-07 6.67682e-07 8.01218e-07 9.78198e-06
scan 390 160 104 4.45121e-06 0 4.45121e-06 1.33536e-07 1.33536e-07 1.33536e-07 2.22561e-07 2.67073e-07 3.26066e-06
scan 390 160 60 0 0 0 0 0 0 0 0 0
scan 390 160 61 0 0 0 0 0 0 0 0 0
scan 390 160 62 0 0 0 0 0 0 0 0 0
scan 390 160 63 0 0 0 0 0 0 0 0 0
scan 390 160 64 0 0 0 0 0 0 0 0 0
scan 390 160 65 0 0 0 0 0 0 0 0 0
scan 390 160 66 0 0 0 0 0 0 0 0 0
scan 390 160 67 0 0 0 0 0 0 0 0 0
scan 390 160 68 0 0 0 0 0 0 0 0 0
scan 390 160 69 0 0 0 0 0 0 0 0 0
scan 390 160 70 0 0 0 0 0 0 0 0 0
scan 390 160 71 0 0 0 0 0 0 0 0 0
scan 390 160 72 0 0 0 0 0 0 0 0 0
scan 390 160 73 0 0 0 0 0 0 0 0 0
scan 390 160 74 0 0 0 0 0 0 0 0 0
scan 390 160 120 0 0 0 0 0 0 0 0 0
scan 390 160 121 0 0 0 0 0 0 0 0 0
scan 390 160 122 0 0 0 0 0 0 0 0 0
scan 390 160 123 0 0 0 0 0 0 0 0 0
scan 390 160 124 0 0 0 0 0 0 0 0 0
scan 390 160 125 0 0 0 0 0 0 0 0 0
scan 390 160 126 0 0 0 0 0 0 0 0 0
scan 390 160 127 0 0 0 0 0 0 0 0 0
scan 390 160 128 0 0 0 0 0 0 0 0 0
scan 390 160 129 0 0 0 0 0 0 0 0 0
scan 390 160 130 0 0 0 0 0 0 0 0 0
scan 390 160 131 0 0 0 0 0 0 0 0 0
scan 390 160 132 0 0 0 0 0 0 0 0 0
scan 390 160 133 0 0 0 0 0 0 0 0 0
scan 390 160 134 0 0 0 0 0 0 0 0 0
scan 390 160 135 0 0 0 0 0 0 0 0 0
scan 390 160 136 1.33536e-05 0 7.70972e-06 4.00609e-07 4.00609e-07 4.00609e-07 6.67682e-07 8.01218e-07 9.78198e-06
scan 390 160 137 8.90242e-06 0 6.29496e-06 2.67073e-07 2.67073e-07 2.67073e-07 4.45121e-07 5.34145e-07 6.52132e-06
scan 390 160 138 0 0 0 0 0 0 0 0 0
scan 390 160 139 0 0 0 0 0 0 0 0 0
scan 390 160 140 0 0 0 0 0 0 0 0 0
scan 390 160 141 0 0 0 0 0 0 0 0 0
scan 390 160 142 0 0 0 0 0 0 0 0 0
scan 390 160 143 0 0 0 0 0 0 0 0 0
scan 390 160 144 0 0 0 0 0 0 0 0 0
scan 390 160 145 0 0 0 0 0 0 0 0 0
scan 390 160 146 0 0 0 0 0 0 0 0 0
scan 390 160 147 4.45121e-06 0 4.45121e-06 1.33536e-07 1.33536e-07 1.33536e-07 2.22561e-07 2.67073e-07 3.26066e-06
scan 390 160 148 8.90242e-06 0 6.29496e-06 2.67073e-07 2.67073e-07 2.67073e-07 4.45121e-07 5.34145e-07 6.52132e-06
scan 390 160 149 4.45121e-06 0 4.45121e-06 1.33536e-07 1.33536e-07 1.33536e-07 2.22561e-07 2.67073e-07 3.26066e-06
scan 390 160 60 0 0 0 0 0 0 0 0 0
scan 390 160 61 0 0 0 0 0 0 0 0 0
scan 390 160 62 0 0 0 0 0 0 0 0 0
scan 390 160 63 0 0 0 0 0 0 0 0 0
scan 390 160 64 0 0 0 0 0 0 0 0 0
scan 390 160 65 0 0 0 0 0 0 0 0 0
scan 390 160 66 0 0 0 0 0 0 0 0 0
scan 390 160 67 0 0 0 0 0 0 0 0 0
scan 390 160 68 0 0 0 0 0 0 0 0 0
scan 390 160 69 0 0 0 0 0 0 0 0 0
scan 390 160 70 0 0 0 0 0 0 0 0 0
scan 390 160 71 0 0 0 0 0 0 0 0 0
scan 390 160 72 0 0 0 0 0 0 0 0 0
scan 390 160 73 0 0 0 0 0 0 0 0 0
scan 390 160 74 0 0 0 0 0 0 0 0 0
scan 390 160 165 0 0 0 0 0 0 0 0 0
scan 390 160 166 4.45121e-06 0 4.45121e-06 1.33536e-07 1.33536e-07 1.33536e-07 2.22561e-07 2.67073e-07 3.26066e-06
scan 390 160 167 0 0 0 0 0 0 0 0 0
scan 390 160 168 0 0 0 0 0 0 0 0 0
scan 390 160 169 0 0 0 0 0 0 0 0 0
scan 390 160 170 0 0 0 0 0 0 0 0 0
scan 390 160 171 0 0 0 0 0 0 0 0 0
scan 390 160 172 0 0 0 0 0 0 0 0 0
scan 390 160 173 0 0 0 0 0 0 0 0 0
scan 390 160 174 0 0 0 0 0 0 0 0 0
scan 390 160 175 0 0 0 0 0 0 0 0 0
scan 390 160 176 0 0 0 0 0 0 0 0 0
scan 390 160 177 0 0 0 0 0 0 0 0 0
scan 390 160 178 0 0 0 0 0 0 0 0 0
scan 390 160 179 0 0 0 0 0 0 0 0 0
