xsec 250 150 0.317895
scan 250 150 0 0.000286134 0 9.53779e-05 8.58401e-06 8.58401e-06 8.58401e-06 1.43067e-05 1.7168e-05 0.000199862
scan 250 150 1 0.000381512 0 0.000110133 1.14453e-05 1.14453e-05 1.14453e-05 1.90756e-05 2.28907e-05 0.000266483
scan 250 150 2 6.35853e-05 0 4.49616e-05 1.90756e-06 1.90756e-06 1.90756e-06 3.17926e-06 3.81512e-06 4.44138e-05
scan 250 150 3 3.17926e-05 0 3.17926e-05 9.53779e-07 9.53779e-07 9.53779e-07 1.58963e-06 1.90756e-06 2.22069e-05
scan 250 150 4 3.17926e-05 0 3.17926e-05 9.53779e-07 9.53779e-07 9.53779e-07 1.58963e-06 1.90756e-06 2.22069e-05
scan 250 150 5 3.17926e-05 0 3.17926e-05 9.53779e-07 9.53779e-07 9.53779e-07 1.58963e-06 1.90756e-06 2.22069e-05
scan 250 150 6 9.53779e-05 0 5.50665e-05 2.86134e-06 2.86134e-06 2.86134e-06 4.7689e-06 5.72267e-06 6.66207e-05
scan 250 150 7 3.17926e-05 0 3.17926e-05 9.53779e-07 9.53779e-07 9.53779e-07 1.58963e-06 1.90756e-06 2.22069e-05
scan 250 150 8 0 0 0 0 0 0 0 0 0
scan 250 150 9 0 0 0 0 0 0 0 0 0
scan 250 150 10 0 0 0 0 0 0 0 0 0
scan 250 150 11 0 0 0 0 0 0 0 0 0
scan 250 150 12 3.17926e-05 0 3.17926e-05 9.53779e-07 9.53779e-07 9.53779e-07 1.58963e-06 1.90756e-06 2.22069e-05
scan 250 150 13 0 0 0 0 0 0 0 0 0
scan 250 150 14 0 0 0 0 0 0 0 0 0
scan 250 150 15 0.00883835 0 0.000530089 0.000265151 0.000265151 0.000265151 0.000441918 0.000530301 0.00617351
scan 250 150 16 0.00753485 0 0.000489441 0.000226046 0.000226046 0.000226046 0.000376743 0.000452091 0.00526303
scan 250 150 17 0.00228907 0 0.000269769 6.86721e-05 6.86721e-05 6.86721e-05 0.000114453 0.000137344 0.0015989
scan 250 150 18 0.000508682 0 0.000127171 1.52605e-05 1.52605e-05 1.52605e-05 2.54341e-05 3.05209e-05 0.00035531
scan 250 150 19 0.000286134 0 9.53779e-05 8.58401e-06 8.58401e-06 8.58401e-06 1.43067e-05 1.7168e-05 0.000199862
scan 250 150 20 0.000286134 0 9.53779e-05 8.58401e-06 8.58401e-06 8.58401e-06 1.43067e-05 1.7168e-05 0.000199862
scan 250 150 21 0.00162142 0 0.000227045 4.86427e-05 4.86427e-05 4.86427e-05 8.10712e-05 9.72855e-05 0.00113255
scan 250 150 22 0.000921986 0 0.000171209 2.76596e-05 2.76596e-05 2.76596e-05 4.60993e-05 5.53192e-05 0.000644
scan 250 150 23 0.000127171 0 6.35853e-05 3.81512e-06 3.81512e-06 3.81512e-06 6.35853e-06 7.63023e-06 8.88276e-05
scan 250 150 24 0 0 0 0 0 0 0 0 0
scan 250 150 25 0 0 0 0 0 0 0 0 0
scan 250 150 26 0.00060406 0 0.000138581 1.81218e-05 1.81218e-05 1.81218e-05 3.0203e-05 3.62436e-05 0.000421931
scan 250 150 27 0.000445097 0 0.000118957 1.33529e-05 1.33529e-05 1.33529e-05 2.22548e-05 2.67058e-05 0.000310896
scan 250 150 28 3.17926e-05 0 3.17926e-05 9.53779e-07 9.53779e-07 9.53779e-07 1.58963e-06 1.90756e-06 2.22069e-05
scan 250 150 29 6.35853e-05 0 4.49616e-05 1.90756e-06 1.90756e-06 1.90756e-06 3.17926e-06 3.81512e-06 4.44138e-05
scan 250 150 30 3.17926e-05 0 3.17926e-05 9.53779e-07 9.53779e-07 9.53779e-07 1.58963e-06 1.90756e-06 2.22069e-05
scan 250 150 31 0 0 0 0 0 0 0 0 0
scan 250 150 32 0 0 0 0 0 0 0 0 0
scan 250 150 33 0 0 0 0 0 0 0 0 0
scan 250 150 34 0 0 0 0 0 0 0 0 0
scan 250 150 35 0 0 0 0 0 0 0 0 0
scan 250 150 36 0 0 0 0 0 0 0 0 0
scan 250 150 37 0 0 0 0 0 0 0 0 0
scan 250 150 38 0 0 0 0 0 0 0 0 0
scan 250 150 39 0 0 0 0 0 0 0 0 0
scan 250 150 40 0 0 0 0 0 0 0 0 0
scan 250 150 41 0 0 0 0 0 0 0 0 0
scan 250 150 42 0 0 0 0 0 0 0 0 0
scan 250 150 43 0 0 0 0 0 0 0 0 0
scan 250 150 44 0 0 0 0 0 0 0 0 0
scan 250 150 45 3.17926e-05 0 3.17926e-05 9.53779e-07 9.53779e-07 9.53779e-07 1.58963e-06 1.90756e-06 2.22069e-05
scan 250 150 46 6.35853e-05 0 4.49616e-05 1.90756e-06 1.90756e-06 1.90756e-06 3.17926e-06 3.81512e-06 4.44138e-05
scan 250 150 47 0 0 0 0 0 0 0 0 0
scan 250 150 48 0 0 0 0 0 0 0 0 0
scan 250 150 49 0 0 0 0 0 0 0 0 0
scan 250 150 50 0 0 0 0 0 0 0 0 0
scan 250 150 51 3.17926e-05 0 3.17926e-05 9.53779e-07 9.53779e-07 9.53779e-07 1.58963e-06 1.90756e-06 2.22069e-05
scan 250 150 52 0 0 0 0 0 0 0 0 0
scan 250 150 53 0 0 0 0 0 0 0 0 0
scan 250 150 54 0 0 0 0 0 0 0 0 0
scan 250 150 55 0 0 0 0 0 0 0 0 0
scan 250 150 56 0 0 0 0 0 0 0 0 0
scan 250 150 57 0 0 0 0 0 0 0 0 0
scan 250 150 58 0 0 0 0 0 0 0 0 0
scan 250 150 59 0 0 0 0 0 0 0 0 0
scan 250 150 60 0 0 0 0 0 0 0 0 0
scan 250 150 61 0 0 0 0 0 0 0 0 0
scan 250 150 62 0 0 0 0 0 0 0 0 0
scan 250 150 63 0 0 0 0 0 0 0 0 0
scan 250 150 64 0 0 0 0 0 0 0 0 0
scan 250 150 65 0 0 0 0 0 0 0 0 0
scan 250 150 66 0 0 0 0 0 0 0 0 0
scan 250 150 67 0 0 0 0 0 0 0 0 0
scan 250 150 68 0 0 0 0 0 0 0 0 0
scan 250 150 69 0 0 0 0 0 0 0 0 0
scan 250 150 70 0 0 0 0 0 0 0 0 0
scan 250 150 71 0 0 0 0 0 0 0 0 0
scan 250 150 72 0 0 0 0 0 0 0 0 0
scan 250 150 73 0 0 0 0 0 0 0 0 0
scan 250 150 74 0 0 0 0 0 0 0 0 0
scan 250 150 75 0 0 0 0 0 0 0 0 0
scan 250 150 76 0 0 0 0 0 0 0 0 0
scan 250 150 77 0 0 0 0 0 0 0 0 0
scan 250 150 78 0 0 0 0 0 0 0 0 0
scan 250 150 79 0 0 0 0 0 0 0 0 0
scan 250 150 80 0 0 0 0 0 0 0 0 0
scan 250 150 81 0 0 0 0 0 0 0 0 0
scan 250 150 82 0 0 0 0 0 0 0 0 0
scan 250 150 83 0 0 0 0 0 0 0 0 0
scan 250 150 84 0 0 0 0 0 0 0 0 0
scan 250 150 85 0 0 0 0 0 0 0 0 0
scan 250 150 86 3.17926e-05 0 3.17926e-05 9.53779e-07 9.53779e-07 9.53779e-07 1.58963e-06 1.90756e-06 2.22069e-05
scan 250 150 87 0 0 0 0 0 0 0 0 0
scan 250 150 88 0 0 0 0 0 0 0 0 0
scan 250 150 89 0 0 0 0 0 0 0 0 0
scan 250 150 90 0.000349719 0 0.000105444 1.04916e-05 1.04916e-05 1.04916e-05 1.7486e-05 2.09831e-05 0.000244276
scan 250 150 91 0.000190756 0 7.78757e-05 5.72267e-06 5.72267e-06 5.72267e-06 9.53779e-06 1.14453e-05 0.000133241
scan 250 150 92 0 0 0 0 0 0 0 0 0
scan 250 150 93 0 0 0 0 0 0 0 0 0
scan 250 150 94 0 0 0 0 0 0 0 0 0
scan 250 150 95 0 0 0 0 0 0 0 0 0
scan 250 150 96 6.35853e-05 0 4.49616e-05 1.90756e-06 1.90756e-06 1.90756e-06 3.17926e-06 3.81512e-06 4.44138e-05
scan 250 150 97 0 0 0 0 0 0 0 0 0
scan 250 150 98 0 0 0 0 0 0 0 0 0
scan 250 150 99 0 0 0 0 0 0 0 0 0
scan 250 150 100 0 0 0 0 0 0 0 0 0
scan 250 150 101 9.53779e-05 0 5.50665e-05 2.86134e-06 2.86134e-06 2.86134e-06 4.7689e-06 5.72267e-06 6.66207e-05
scan 250 150 102 6.35853e-05 0 4.49616e-05 1.90756e-06 1.90756e-06 1.90756e-06 3.17926e-06 3.81512e-06 4.44138e-05
scan 250 150 103 3.17926e-05 0 3.17926e-05 9.53779e-07 9.53779e-07 9.53779e-07 1.58963e-06 1.90756e-06 2.22069e-05
scan 250 150 104 0 0 0 0 0 0 0 0 0
scan 250 150 60 0 0 0 0 0 0 0 0 0
scan 250 150 61 0 0 0 0 0 0 0 0 0
scan 250 150 62 0 0 0 0 0 0 0 0 0
scan 250 150 63 0 0 0 0 0 0 0 0 0
scan 250 150 64 0 0 0 0 0 0 0 0 0
scan 250 150 65 0 0 0 0 0 0 0 0 0
scan 250 150 66 0 0 0 0 0 0 0 0 0
scan 250 150 67 0 0 0 0 0 0 0 0 0
scan 250 150 68 0 0 0 0 0 0 0 0 0
scan 250 150 69 0 0 0 0 0 0 0 0 0
scan 250 150 70 0 0 0 0 0 0 0 0 0
scan 250 150 71 0 0 0 0 0 0 0 0 0
scan 250 150 72 0 0 0 0 0 0 0 0 0
scan 250 150 73 0 0 0 0 0 0 0 0 0
scan 250 150 74 0 0 0 0 0 0 0 0 0
scan 250 150 120 0 0 0 0 0 0 0 0 0
scan 250 150 121 0 0 0 0 0 0 0 0 0
scan 250 150 122 0 0 0 0 0 0 0 0 0
scan 250 150 123 0 0 0 0 0 0 0 0 0
scan 250 150 124 0 0 0 0 0 0 0 0 0
scan 250 150 125 0 0 0 0 0 0 0 0 0
scan 250 150 126 0 0 0 0 0 0 0 0 0
scan 250 150 127 0 0 0 0 0 0 0 0 0
scan 250 150 128 0 0 0 0 0 0 0 0 0
scan 250 150 129 0 0 0 0 0 0 0 0 0
scan 250 150 130 0 0 0 0 0 0 0 0 0
scan 250 150 131 0 0 0 0 0 0 0 0 0
scan 250 150 132 0 0 0 0 0 0 0 0 0
scan 250 150 133 0 0 0 0 0 0 0 0 0
scan 250 150 134 0 0 0 0 0 0 0 0 0
scan 250 150 135 6.35853e-05 0 4.49616e-05 1.90756e-06 1.90756e-06 1.90756e-06 3.17926e-06 3.81512e-06 4.44138e-05
scan 250 150 136 0.000317926 0 0.000100537 9.53779e-06 9.53779e-06 9.53779e-06 1.58963e-05 1.90756e-05 0.000222069
scan 250 150 137 3.17926e-05 0 3.17926e-05 9.53779e-07 9.53779e-07 9.53779e-07 1.58963e-06 1.90756e-06 2.22069e-05
scan 250 150 138 0 0 0 0 0 0 0 0 0
scan 250 150 139 0 0 0 0 0 0 0 0 0
scan 250 150 140 0 0 0 0 0 0 0 0 0
scan 250 150 141 0 0 0 0 0 0 0 0 0
scan 250 150 142 0 0 0 0 0 0 0 0 0
scan 250 150 143 0 0 0 0 0 0 0 0 0
scan 250 150 144 0 0 0 0 0 0 0 0 0
scan 250 150 145 0 0 0 0 0 0 0 0 0
scan 250 150 146 0 0 0 0 0 0 0 0 0
scan 250 150 147 3.17926e-05 0 3.17926e-05 9.53779e-07 9.53779e-07 9.53779e-07 1.58963e-06 1.90756e-06 2.22069e-05
scan 250 150 148 0 0 0 0 0 0 0 0 0
scan 250 150 149 0 0 0 0 0 0 0 0 0
scan 250 150 60 0 0 0 0 0 0 0 0 0
scan 250 150 61 0 0 0 0 0 0 0 0 0
scan 250 150 62 0 0 0 0 0 0 0 0 0
scan 250 150 63 0 0 0 0 0 0 0 0 0
scan 250 150 64 0 0 0 0 0 0 0 0 0
scan 250 150 65 0 0 0 0 0 0 0 0 0
scan 250 150 66 0 0 0 0 0 0 0 0 0
scan 250 150 67 0 0 0 0 0 0 0 0 0
scan 250 150 68 0 0 0 0 0 0 0 0 0
scan 250 150 69 0 0 0 0 0 0 0 0 0
scan 250 150 70 0 0 0 0 0 0 0 0 0
scan 250 150 71 0 0 0 0 0 0 0 0 0
scan 250 150 72 0 0 0 0 0 0 0 0 0
scan 250 150 73 0 0 0 0 0 0 0 0 0
scan 250 150 74 0 0 0 0 0 0 0 0 0
scan 250 150 165 0 0 0 0 0 0 0 0 0
scan 250 150 166 3.17926e-05 0 3.17926e-05 9.53779e-07 9.53779e-07 9.53779e-07 1.58963e-06 1.90756e-06 2.22069e-05
scan 250 150 167 0 0 0 0 0 0 0 0 0
scan 250 150 168 0 0 0 0 0 0 0 0 0
scan 250 150 169 0 0 0 0 0 0 0 0 0
scan 250 150 170 0 0 0 0 0 0 0 0 0
scan 250 150 171 0 0 0 0 0 0 0 0 0
scan 250 150 172 0 0 0 0 0 0 0 0 0
scan 250 150 173 0 0 0 0 0 0 0 0 0
scan 250 150 174 0 0 0 0 0 0 0 0 0
scan 250 150 175 0 0 0 0 0 0 0 0 0
scan 250 150 176 0 0 0 0 0 0 0 0 0
scan 250 150 177 0 0 0 0 0 0 0 0 0
scan 250 150 178 0 0 0 0 0 0 0 0 0
scan 250 150 179 0 0 0 0 0 0 0 0 0
