xsec 230 30 0.446796
scan 230 30 0 0.000268078 0 0.000109442 8.04233e-06 8.04233e-06 8.04233e-06 1.34039e-05 1.60847e-05 0.000185442
scan 230 30 1 0.000178718 0 8.93592e-05 5.36155e-06 5.36155e-06 5.36155e-06 8.93592e-06 1.07231e-05 0.000123628
scan 230 30 2 0.000223398 0 9.99066e-05 6.70194e-06 6.70194e-06 6.70194e-06 1.11699e-05 1.34039e-05 0.000154535
scan 230 30 3 0 0 0 0 0 0 0 0 0
scan 230 30 4 0.000134039 0 7.73874e-05 4.02116e-06 4.02116e-06 4.02116e-06 6.70194e-06 8.04233e-06 9.27208e-05
scan 230 30 5 0 0 0 0 0 0 0 0 0
scan 230 30 6 8.93592e-05 0 6.31865e-05 2.68078e-06 2.68078e-06 2.68078e-06 4.46796e-06 5.36155e-06 6.18139e-05
scan 230 30 7 0 0 0 0 0 0 0 0 0
scan 230 30 8 0 0 0 0 0 0 0 0 0
scan 230 30 9 4.46796e-05 0 4.46796e-05 1.34039e-06 1.34039e-06 1.34039e-06 2.23398e-06 2.68078e-06 3.09069e-05
scan 230 30 10 0 0 0 0 0 0 0 0 0
scan 230 30 11 8.93592e-05 0 6.31865e-05 2.68078e-06 2.68078e-06 2.68078e-06 4.46796e-06 5.36155e-06 6.18139e-05
scan 230 30 12 0.000178718 0 8.93592e-05 5.36155e-06 5.36155e-06 5.36155e-06 8.93592e-06 1.07231e-05 0.000123628
scan 230 30 13 0.000134039 0 7.73874e-05 4.02116e-06 4.02116e-06 4.02116e-06 6.70194e-06 8.04233e-06 9.27208e-05
scan 230 30 14 8.93592e-05 0 6.31865e-05 2.68078e-06 2.68078e-06 2.68078e-06 4.46796e-06 5.36155e-06 6.18139e-05
scan 230 30 15 0.0041552 0 0.000430875 0.000124656 0.000124656 0.000124656 0.00020776 0.000249312 0.00287435
scan 230 30 16 0.00714874 0 0.000565157 0.000214462 0.000214462 0.000214462 0.000357437 0.000428924 0.00494511
scan 230 30 17 0.00478072 0 0.000462169 0.000143422 0.000143422 0.000143422 0.000239036 0.000286843 0.00330704
scan 230 30 18 0.00223398 0 0.000315933 6.70194e-05 6.70194e-05 6.70194e-05 0.000111699 0.000134039 0.00154535
scan 230 30 19 0.00183186 0 0.000286089 5.49559e-05 5.49559e-05 5.49559e-05 9.15932e-05 0.000109912 0.00126718
scan 230 30 20 0.000402116 0 0.000134039 1.20635e-05 1.20635e-05 1.20635e-05 2.01058e-05 2.4127e-05 0.000278163
scan 230 30 21 0.00165315 0 0.000271775 4.95944e-05 4.95944e-05 4.95944e-05 8.26573e-05 9.91887e-05 0.00114356
scan 230 30 22 0.00134039 0 0.00024472 4.02116e-05 4.02116e-05 4.02116e-05 6.70194e-05 8.04233e-05 0.000927208
scan 230 30 23 0.000893592 0 0.000199813 2.68078e-05 2.68078e-05 2.68078e-05 4.46796e-05 5.36155e-05 0.000618139
scan 230 30 24 0.000357437 0 0.000126373 1.07231e-05 1.07231e-05 1.07231e-05 1.78718e-05 2.14462e-05 0.000247256
scan 230 30 25 0.000134039 0 7.73874e-05 4.02116e-06 4.02116e-06 4.02116e-06 6.70194e-06 8.04233e-06 9.27208e-05
scan 230 30 26 0.0017425 0 0.000279024 5.22751e-05 5.22751e-05 5.22751e-05 8.71252e-05 0.00010455 0.00120537
scan 230 30 27 0.00344033 0 0.000392062 0.00010321 0.00010321 0.00010321 0.000172016 0.00020642 0.00237984
scan 230 30 28 0.00227866 0 0.000319076 6.83598e-05 6.83598e-05 6.83598e-05 0.000113933 0.00013672 0.00157625
scan 230 30 29 0.000848913 0 0.000194754 2.54674e-05 2.54674e-05 2.54674e-05 4.24456e-05 5.09348e-05 0.000587232
scan 230 30 30 0.000223398 0 9.99066e-05 6.70194e-06 6.70194e-06 6.70194e-06 1.11699e-05 1.34039e-05 0.000154535
scan 230 30 31 0.000223398 0 9.99066e-05 6.70194e-06 6.70194e-06 6.70194e-06 1.11699e-05 1.34039e-05 0.000154535
scan 230 30 32 0.000178718 0 8.93592e-05 5.36155e-06 5.36155e-06 5.36155e-06 8.93592e-06 1.07231e-05 0.000123628
scan 230 30 33 4.46796e-05 0 4.46796e-05 1.34039e-06 1.34039e-06 1.34039e-06 2.23398e-06 2.68078e-06 3.09069e-05
scan 230 30 34 0 0 0 0 0 0 0 0 0
scan 230 30 35 0 0 0 0 0 0 0 0 0
scan 230 30 36 4.46796e-05 0 4.46796e-05 1.34039e-06 1.34039e-06 1.34039e-06 2.23398e-06 2.68078e-06 3.09069e-05
scan 230 30 37 0.000134039 0 7.73874e-05 4.02116e-06 4.02116e-06 4.02116e-06 6.70194e-06 8.04233e-06 9.27208e-05
scan 230 30 38 0 0 0 0 0 0 0 0 0
scan 230 30 39 0 0 0 0 0 0 0 0 0
scan 230 30 40 0 0 0 0 0 0 0 0 0
scan 230 30 41 8.93592e-05 0 6.31865e-05 2.68078e-06 2.68078e-06 2.68078e-06 4.46796e-06 5.36155e-06 6.18139e-05
scan 230 30 42 4.46796e-05 0 4.46796e-05 1.34039e-06 1.34039e-06 1.34039e-06 2.23398e-06 2.68078e-06 3.09069e-05
scan 230 30 43 0 0 0 0 0 0 0 0 0
scan 230 30 44 4.46796e-05 0 4.46796e-05 1.34039e-06 1.34039e-06 1.34039e-06 2.23398e-06 2.68078e-06 3.09069e-05
scan 230 30 45 8.93592e-05 0 6.31865e-05 2.68078e-06 2.68078e-06 2.68078e-06 4.46796e-06 5.36155e-06 6.18139e-05
scan 230 30 46 0 0 0 0 0 0 0 0 0
scan 230 30 47 4.46796e-05 0 4.46796e-05 1.34039e-06 1.34039e-06 1.34039e-06 2.23398e-06 2.68078e-06 3.09069e-05
scan 230 30 48 0 0 0 0 0 0 0 0 0
scan 230 30 49 0 0 0 0 0 0 0 0 0
scan 230 30 50 0 0 0 0 0 0 0 0 0
scan 230 30 51 0 0 0 0 0 0 0 0 0
scan 230 30 52 0 0 0 0 0 0 0 0 0
scan 230 30 53 0 0 0 0 0 0 0 0 0
scan 230 30 54 0 0 0 0 0 0 0 0 0
scan 230 30 55 0 0 0 0 0 0 0 0 0
scan 230 30 56 0 0 0 0 0 0 0 0 0
scan 230 30 57 4.46796e-05 0 4.46796e-05 1.34039e-06 1.34039e-06 1.34039e-06 2.23398e-06 2.68078e-06 3.09069e-05
scan 230 30 58 0 0 0 0 0 0 0 0 0
scan 230 30 59 4.46796e-05 0 4.46796e-05 1.34039e-06 1.34039e-06 1.34039e-06 2.23398e-06 2.68078e-06 3.09069e-05
scan 230 30 60 0 0 0 0 0 0 0 0 0
scan 230 30 61 0 0 0 0 0 0 0 0 0
scan 230 30 62 0 0 0 0 0 0 0 0 0
scan 230 30 63 0 0 0 0 0 0 0 0 0
scan 230 30 64 0 0 0 0 0 0 0 0 0
scan 230 30 65 0 0 0 0 0 0 0 0 0
scan 230 30 66 0 0 0 0 0 0 0 0 0
scan 230 30 67 0 0 0 0 0 0 0 0 0
scan 230 30 68 0 0 0 0 0 0 0 0 0
scan 230 30 69 0 0 0 0 0 0 0 0 0
scan 230 30 70 0 0 0 0 0 0 0 0 0
scan 230 30 71 0 0 0 0 0 0 0 0 0
scan 230 30 72 0 0 0 0 0 0 0 0 0
scan 230 30 73 0 0 0 0 0 0 0 0 0
scan 230 30 74 0 0 0 0 0 0 0 0 0
scan 230 30 75 0 0 0 0 0 0 0 0 0
scan 230 30 76 0 0 0 0 0 0 0 0 0
scan 230 30 77 0 0 0 0 0 0 0 0 0
scan 230 30 78 0 0 0 0 0 0 0 0 0
scan 230 30 79 0 0 0 0 0 0 0 0 0
scan 230 30 80 0 0 0 0 0 0 0 0 0
scan 230 30 81 0 0 0 0 0 0 0 0 0
scan 230 30 82 0 0 0 0 0 0 0 0 0
scan 230 30 83 0 0 0 0 0 0 0 0 0
scan 230 30 84 0 0 0 0 0 0 0 0 0
scan 230 30 85 0 0 0 0 0 0 0 0 0
scan 230 30 86 0 0 0 0 0 0 0 0 0
scan 230 30 87 0 0 0 0 0 0 0 0 0
scan 230 30 88 4.46796e-05 0 4.46796e-05 1.34039e-06 1.34039e-06 1.34039e-06 2.23398e-06 2.68078e-06 3.09069e-05
scan 230 30 89 0 0 0 0 0 0 0 0 0
scan 230 30 90 0.000178718 0 8.93592e-05 5.36155e-06 5.36155e-06 5.36155e-06 8.93592e-06 1.07231e-05 0.000123628
scan 230 30 91 0.000402116 0 0.000134039 1.20635e-05 1.20635e-05 1.20635e-05 2.01058e-05 2.4127e-05 0.000278163
scan 230 30 92 4.46796e-05 0 4.46796e-05 1.34039e-06 1.34039e-06 1.34039e-06 2.23398e-06 2.68078e-06 3.09069e-05
scan 230 30 93 0 0 0 0 0 0 0 0 0
scan 230 30 94 0 0 0 0 0 0 0 0 0
scan 230 30 95 0 0 0 0 0 0 0 0 0
scan 230 30 96 0 0 0 0 0 0 0 0 0
scan 230 30 97 0 0 0 0 0 0 0 0 0
scan 230 30 98 0 0 0 0 0 0 0 0 0
scan 230 30 99 0 0 0 0 0 0 0 0 0
scan 230 30 100 0 0 0 0 0 0 0 0 0
scan 230 30 101 8.93592e-05 0 6.31865e-05 2.68078e-06 2.68078e-06 2.68078e-06 4.46796e-06 5.36155e-06 6.18139e-05
scan 230 30 102 4.46796e-05 0 4.46796e-05 1.34039e-06 1.34039e-06 1.34039e-06 2.23398e-06 2.68078e-06 3.09069e-05
scan 230 30 103 0 0 0 0 0 0 0 0 0
scan 230 30 104 0 0 0 0 0 0 0 0 0
scan 230 30 60 0 0 0 0 0 0 0 0 0
scan 230 30 61 0 0 0 0 0 0 0 0 0
scan 230 30 62 0 0 0 0 0 0 0 0 0
scan 230 30 63 0 0 0 0 0 0 0 0 0
scan 230 30 64 0 0 0 0 0 0 0 0 0
scan 230 30 65 0 0 0 0 0 0 0 0 0
scan 230 30 66 0 0 0 0 0 0 0 0 0
scan 230 30 67 0 0 0 0 0 0 0 0 0
scan 230 30 68 0 0 0 0 0 0 0 0 0
scan 230 30 69 0 0 0 0 0 0 0 0 0
scan 230 30 70 0 0 0 0 0 0 0 0 0
scan 230 30 71 0 0 0 0 0 0 0 0 0
scan 230 30 72 0 0 0 0 0 0 0 0 0
scan 230 30 73 0 0 0 0 0 0 0 0 0
scan 230 30 74 0 0 0 0 0 0 0 0 0
scan 230 30 120 0 0 0 0 0 0 0 0 0
scan 230 30 121 0 0 0 0 0 0 0 0 0
scan 230 30 122 0 0 0 0 0 0 0 0 0
scan 230 30 123 0 0 0 0 0 0 0 0 0
scan 230 30 124 0 0 0 0 0 0 0 0 0
scan 230 30 125 0 0 0 0 0 0 0 0 0
scan 230 30 126 0 0 0 0 0 0 0 0 0
scan 230 30 127 0 0 0 0 0 0 0 0 0
scan 230 30 128 0 0 0 0 0 0 0 0 0
scan 230 30 129 0 0 0 0 0 0 0 0 0
scan 230 30 130 0 0 0 0 0 0 0 0 0
scan 230 30 131 0 0 0 0 0 0 0 0 0
scan 230 30 132 0 0 0 0 0 0 0 0 0
scan 230 30 133 4.46796e-05 0 4.46796e-05 1.34039e-06 1.34039e-06 1.34039e-06 2.23398e-06 2.68078e-06 3.09069e-05
scan 230 30 134 0 0 0 0 0 0 0 0 0
scan 230 30 135 8.93592e-05 0 6.31865e-05 2.68078e-06 2.68078e-06 2.68078e-06 4.46796e-06 5.36155e-06 6.18139e-05
scan 230 30 136 0.000223398 0 9.99066e-05 6.70194e-06 6.70194e-06 6.70194e-06 1.11699e-05 1.34039e-05 0.000154535
scan 230 30 137 4.46796e-05 0 4.46796e-05 1.34039e-06 1.34039e-06 1.34039e-06 2.23398e-06 2.68078e-06 3.09069e-05
scan 230 30 138 4.46796e-05 0 4.46796e-05 1.34039e-06 1.34039e-06 1.34039e-06 2.23398e-06 2.68078e-06 3.09069e-05
scan 230 30 139 0 0 0 0 0 0 0 0 0
scan 230 30 140 0 0 0 0 0 0 0 0 0
scan 230 30 141 4.46796e-05 0 4.46796e-05 1.34039e-06 1.34039e-06 1.34039e-06 2.23398e-06 2.68078e-06 3.09069e-05
scan 230 30 142 0 0 0 0 0 0 0 0 0
scan 230 30 143 0 0 0 0 0 0 0 0 0
scan 230 30 144 0 0 0 0 0 0 0 0 0
scan 230 30 145 0 0 0 0 0 0 0 0 0
scan 230 30 146 4.46796e-05 0 4.46796e-05 1.34039e-06 1.34039e-06 1.34039e-06 2.23398e-06 2.68078e-06 3.09069e-05
scan 230 30 147 4.46796e-05 0 4.46796e-05 1.34039e-06 1.34039e-06 1.34039e-06 2.23398e-06 2.68078e-06 3.09069e-05
scan 230 30 148 4.46796e-05 0 4.46796e-05 1.34039e-06 1.34039e-06 1.34039e-06 2.23398e-06 2.68078e-06 3.09069e-05
scan 230 30 149 0 0 0 0 0 0 0 0 0
scan 230 30 60 0 0 0 0 0 0 0 0 0
scan 230 30 61 0 0 0 0 0 0 0 0 0
scan 230 30 62 0 0 0 0 0 0 0 0 0
scan 230 30 63 0 0 0 0 0 0 0 0 0
scan 230 30 64 0 0 0 0 0 0 0 0 0
scan 230 30 65 0 0 0 0 0 0 0 0 0
scan 230 30 66 0 0 0 0 0 0 0 0 0
scan 230 30 67 0 0 0 0 0 0 0 0 0
scan 230 30 68 0 0 0 0 0 0 0 0 0
scan 230 30 69 0 0 0 0 0 0 0 0 0
scan 230 30 70 0 0 0 0 0 0 0 0 0
scan 230 30 71 0 0 0 0 0 0 0 0 0
scan 230 30 72 0 0 0 0 0 0 0 0 0
scan 230 30 73 0 0 0 0 0 0 0 0 0
scan 230 30 74 0 0 0 0 0 0 0 0 0
scan 230 30 165 0 0 0 0 0 0 0 0 0
scan 230 30 166 0 0 0 0 0 0 0 0 0
scan 230 30 167 0 0 0 0 0 0 0 0 0
scan 230 30 168 0 0 0 0 0 0 0 0 0
scan 230 30 169 0 0 0 0 0 0 0 0 0
scan 230 30 170 0 0 0 0 0 0 0 0 0
scan 230 30 171 0 0 0 0 0 0 0 0 0
scan 230 30 172 0 0 0 0 0 0 0 0 0
scan 230 30 173 0 0 0 0 0 0 0 0 0
scan 230 30 174 0 0 0 0 0 0 0 0 0
scan 230 30 175 0 0 0 0 0 0 0 0 0
scan 230 30 176 0 0 0 0 0 0 0 0 0
scan 230 30 177 0 0 0 0 0 0 0 0 0
scan 230 30 178 0 0 0 0 0 0 0 0 0
scan 230 30 179 0 0 0 0 0 0 0 0 0
