xsec 410 200 0.0350132
scan 410 200 0 1.40053e-05 0 7.00264e-06 4.20159e-07 4.20159e-07 4.20159e-07 7.00264e-07 8.40317e-07 1.03219e-05
scan 410 200 1 2.80106e-05 0 9.90324e-06 8.40317e-07 8.40317e-07 8.40317e-07 1.40053e-06 1.68063e-06 2.06438e-05
scan 410 200 2 1.40053e-05 0 7.00264e-06 4.20159e-07 4.20159e-07 4.20159e-07 7.00264e-07 8.40317e-07 1.03219e-05
scan 410 200 3 1.0504e-05 0 6.06447e-06 3.15119e-07 3.15119e-07 3.15119e-07 5.25198e-07 6.30238e-07 7.74142e-06
scan 410 200 4 1.0504e-05 0 6.06447e-06 3.15119e-07 3.15119e-07 3.15119e-07 5.25198e-07 6.30238e-07 7.74142e-06
scan 410 200 5 0 0 0 0 0 0 0 0 0
scan 410 200 6 0 0 0 0 0 0 0 0 0
scan 410 200 7 3.50132e-06 0 3.50132e-06 1.0504e-07 1.0504e-07 1.0504e-07 1.75066e-07 2.10079e-07 2.58047e-06
scan 410 200 8 0 0 0 0 0 0 0 0 0
scan 410 200 9 3.50132e-06 0 3.50132e-06 1.0504e-07 1.0504e-07 1.0504e-07 1.75066e-07 2.10079e-07 2.58047e-06
scan 410 200 10 0 0 0 0 0 0 0 0 0
scan 410 200 11 7.00264e-06 0 4.95162e-06 2.10079e-07 2.10079e-07 2.10079e-07 3.50132e-07 4.20159e-07 5.16094e-06
scan 410 200 12 1.0504e-05 0 6.06447e-06 3.15119e-07 3.15119e-07 3.15119e-07 5.25198e-07 6.30238e-07 7.74142e-06
scan 410 200 13 2.45093e-05 0 9.26363e-06 7.35278e-07 7.35278e-07 7.35278e-07 1.22546e-06 1.47056e-06 1.80633e-05
scan 410 200 14 1.40053e-05 0 7.00264e-06 4.20159e-07 4.20159e-07 4.20159e-07 7.00264e-07 8.40317e-07 1.03219e-05
scan 410 200 15 0.000115544 0 2.01136e-05 3.46631e-06 3.46631e-06 3.46631e-06 5.77718e-06 6.93262e-06 8.51556e-05
scan 410 200 16 0.000315119 0 3.32165e-05 9.45357e-06 9.45357e-06 9.45357e-06 1.5756e-05 1.89071e-05 0.000232243
scan 410 200 17 0.000287108 0 3.17058e-05 8.61325e-06 8.61325e-06 8.61325e-06 1.43554e-05 1.72265e-05 0.000211599
scan 410 200 18 0.000196074 0 2.62015e-05 5.88222e-06 5.88222e-06 5.88222e-06 9.8037e-06 1.17644e-05 0.000144506
scan 410 200 19 0.000241591 0 2.90842e-05 7.24774e-06 7.24774e-06 7.24774e-06 1.20796e-05 1.44955e-05 0.000178053
scan 410 200 20 1.0504e-05 0 6.06447e-06 3.15119e-07 3.15119e-07 3.15119e-07 5.25198e-07 6.30238e-07 7.74142e-06
scan 410 200 21 9.45357e-05 0 1.81934e-05 2.83607e-06 2.83607e-06 2.83607e-06 4.72679e-06 5.67214e-06 6.96728e-05
scan 410 200 22 0.000126048 0 2.10079e-05 3.78143e-06 3.78143e-06 3.78143e-06 6.30238e-06 7.56286e-06 9.2897e-05
scan 410 200 23 0.00010504 0 1.91775e-05 3.15119e-06 3.15119e-06 3.15119e-06 5.25198e-06 6.30238e-06 7.74142e-05
scan 410 200 24 9.10344e-05 0 1.78533e-05 2.73103e-06 2.73103e-06 2.73103e-06 4.55172e-06 5.46206e-06 6.70923e-05
scan 410 200 25 3.50132e-06 0 3.50132e-06 1.0504e-07 1.0504e-07 1.0504e-07 1.75066e-07 2.10079e-07 2.58047e-06
scan 410 200 26 0.000115544 0 2.01136e-05 3.46631e-06 3.46631e-06 3.46631e-06 5.77718e-06 6.93262e-06 8.51556e-05
scan 410 200 27 0.000280106 0 3.13168e-05 8.40317e-06 8.40317e-06 8.40317e-06 1.40053e-05 1.68063e-05 0.000206438
scan 410 200 28 0.00031862 0 3.34005e-05 9.55861e-06 9.55861e-06 9.55861e-06 1.5931e-05 1.91172e-05 0.000234823
scan 410 200 29 0.000448169 0 3.96129e-05 1.34451e-05 1.34451e-05 1.34451e-05 2.24085e-05 2.68902e-05 0.0003303
scan 410 200 30 3.50132e-06 0 3.50132e-06 1.0504e-07 1.0504e-07 1.0504e-07 1.75066e-07 2.10079e-07 2.58047e-06
scan 410 200 31 3.50132e-06 0 3.50132e-06 1.0504e-07 1.0504e-07 1.0504e-07 1.75066e-07 2.10079e-07 2.58047e-06
scan 410 200 32 3.50132e-06 0 3.50132e-06 1.0504e-07 1.0504e-07 1.0504e-07 1.75066e-07 2.10079e-07 2.58047e-06
scan 410 200 33 3.50132e-06 0 3.50132e-06 1.0504e-07 1.0504e-07 1.0504e-07 1.75066e-07 2.10079e-07 2.58047e-06
scan 410 200 34 7.00264e-06 0 4.95162e-06 2.10079e-07 2.10079e-07 2.10079e-07 3.50132e-07 4.20159e-07 5.16094e-06
scan 410 200 35 3.50132e-06 0 3.50132e-06 1.0504e-07 1.0504e-07 1.0504e-07 1.75066e-07 2.10079e-07 2.58047e-06
scan 410 200 36 3.50132e-06 0 3.50132e-06 1.0504e-07 1.0504e-07 1.0504e-07 1.75066e-07 2.10079e-07 2.58047e-06
scan 410 200 37 0 0 0 0 0 0 0 0 0
scan 410 200 38 3.50132e-06 0 3.50132e-06 1.0504e-07 1.0504e-07 1.0504e-07 1.75066e-07 2.10079e-07 2.58047e-06
scan 410 200 39 3.50132e-06 0 3.50132e-06 1.0504e-07 1.0504e-07 1.0504e-07 1.75066e-07 2.10079e-07 2.58047e-06
scan 410 200 40 3.50132e-06 0 3.50132e-06 1.0504e-07 1.0504e-07 1.0504e-07 1.75066e-07 2.10079e-07 2.58047e-06
scan 410 200 41 7.00264e-06 0 4.95162e-06 2.10079e-07 2.10079e-07 2.10079e-07 3.50132e-07 4.20159e-07 5.16094e-06
scan 410 200 42 1.0504e-05 0 6.06447e-06 3.15119e-07 3.15119e-07 3.15119e-07 5.25198e-07 6.30238e-07 7.74142e-06
scan 410 200 43 1.75066e-05 0 7.8292e-06 5.25198e-07 5.25198e-07 5.25198e-07 8.75331e-07 1.0504e-06 1.29024e-05
scan 410 200 44 1.75066e-05 0 7.8292e-06 5.25198e-07 5.25198e-07 5.25198e-07 8.75331e-07 1.0504e-06 1.29024e-05
scan 410 200 45 7.00264e-06 0 4.95162e-06 2.10079e-07 2.10079e-07 2.10079e-07 3.50132e-07 4.20159e-07 5.16094e-06
scan 410 200 46 3.50132e-06 0 3.50132e-06 1.0504e-07 1.0504e-07 1.0504e-07 1.75066e-07 2.10079e-07 2.58047e-06
scan 410 200 47 3.50132e-06 0 3.50132e-06 1.0504e-07 1.0504e-07 1.0504e-07 1.75066e-07 2.10079e-07 2.58047e-06
scan 410 200 48 0 0 0 0 0 0 0 0 0
scan 410 200 49 0 0 0 0 0 0 0 0 0
scan 410 200 50 0 0 0 0 0 0 0 0 0
scan 410 200 51 7.00264e-06 0 4.95162e-06 2.10079e-07 2.10079e-07 2.10079e-07 3.50132e-07 4.20159e-07 5.16094e-06
scan 410 200 52 0 0 0 0 0 0 0 0 0
scan 410 200 53 0 0 0 0 0 0 0 0 0
scan 410 200 54 0 0 0 0 0 0 0 0 0
scan 410 200 55 0 0 0 0 0 0 0 0 0
scan 410 200 56 0 0 0 0 0 0 0 0 0
scan 410 200 57 3.50132e-06 0 3.50132e-06 1.0504e-07 1.0504e-07 1.0504e-07 1.75066e-07 2.10079e-07 2.58047e-06
scan 410 200 58 0 0 0 0 0 0 0 0 0
scan 410 200 59 0 0 0 0 0 0 0 0 0
scan 410 200 60 0 0 0 0 0 0 0 0 0
scan 410 200 61 0 0 0 0 0 0 0 0 0
scan 410 200 62 0 0 0 0 0 0 0 0 0
scan 410 200 63 0 0 0 0 0 0 0 0 0
scan 410 200 64 0 0 0 0 0 0 0 0 0
scan 410 200 65 0 0 0 0 0 0 0 0 0
scan 410 200 66 0 0 0 0 0 0 0 0 0
scan 410 200 67 0 0 0 0 0 0 0 0 0
scan 410 200 68 0 0 0 0 0 0 0 0 0
scan 410 200 69 0 0 0 0 0 0 0 0 0
scan 410 200 70 0 0 0 0 0 0 0 0 0
scan 410 200 71 0 0 0 0 0 0 0 0 0
scan 410 200 72 0 0 0 0 0 0 0 0 0
scan 410 200 73 0 0 0 0 0 0 0 0 0
scan 410 200 74 0 0 0 0 0 0 0 0 0
scan 410 200 75 3.50132e-06 0 3.50132e-06 1.0504e-07 1.0504e-07 1.0504e-07 1.75066e-07 2.10079e-07 2.58047e-06
scan 410 200 76 3.50132e-06 0 3.50132e-06 1.0504e-07 1.0504e-07 1.0504e-07 1.75066e-07 2.10079e-07 2.58047e-06
scan 410 200 77 3.50132e-06 0 3.50132e-06 1.0504e-07 1.0504e-07 1.0504e-07 1.75066e-07 2.10079e-07 2.58047e-06
scan 410 200 78 0 0 0 0 0 0 0 0 0
scan 410 200 79 0 0 0 0 0 0 0 0 0
scan 410 200 80 0 0 0 0 0 0 0 0 0
scan 410 200 81 0 0 0 0 0 0 0 0 0
scan 410 200 82 0 0 0 0 0 0 0 0 0
scan 410 200 83 0 0 0 0 0 0 0 0 0
scan 410 200 84 0 0 0 0 0 0 0 0 0
scan 410 200 85 0 0 0 0 0 0 0 0 0
scan 410 200 86 0 0 0 0 0 0 0 0 0
scan 410 200 87 0 0 0 0 0 0 0 0 0
scan 410 200 88 0 0 0 0 0 0 0 0 0
scan 410 200 89 0 0 0 0 0 0 0 0 0
scan 410 200 90 7.00264e-06 0 4.95162e-06 2.10079e-07 2.10079e-07 2.10079e-07 3.50132e-07 4.20159e-07 5.16094e-06
scan 410 200 91 2.10079e-05 0 8.57645e-06 6.30238e-07 6.30238e-07 6.30238e-07 1.0504e-06 1.26048e-06 1.54828e-05
scan 410 200 92 1.40053e-05 0 7.00264e-06 4.20159e-07 4.20159e-07 4.20159e-07 7.00264e-07 8.40317e-07 1.03219e-05
scan 410 200 93 3.50132e-06 0 3.50132e-06 1.0504e-07 1.0504e-07 1.0504e-07 1.75066e-07 2.10079e-07 2.58047e-06
scan 410 200 94 3.50132e-06 0 3.50132e-06 1.0504e-07 1.0504e-07 1.0504e-07 1.75066e-07 2.10079e-07 2.58047e-06
scan 410 200 95 0 0 0 0 0 0 0 0 0
scan 410 200 96 0 0 0 0 0 0 0 0 0
scan 410 200 97 3.50132e-06 0 3.50132e-06 1.0504e-07 1.0504e-07 1.0504e-07 1.75066e-07 2.10079e-07 2.58047e-06
scan 410 200 98 0 0 0 0 0 0 0 0 0
scan 410 200 99 0 0 0 0 0 0 0 0 0
scan 410 200 100 0 0 0 0 0 0 0 0 0
scan 410 200 101 0 0 0 0 0 0 0 0 0
scan 410 200 102 7.00264e-06 0 4.95162e-06 2.10079e-07 2.10079e-07 2.10079e-07 3.50132e-07 4.20159e-07 5.16094e-06
scan 410 200 103 3.50132e-06 0 3.50132e-06 1.0504e-07 1.0504e-07 1.0504e-07 1.75066e-07 2.10079e-07 2.58047e-06
scan 410 200 104 3.50132e-06 0 3.50132e-06 1.0504e-07 1.0504e-07 1.0504e-07 1.75066e-07 2.10079e-07 2.58047e-06
scan 410 200 60 0 0 0 0 0 0 0 0 0
scan 410 200 61 0 0 0 0 0 0 0 0 0
scan 410 200 62 0 0 0 0 0 0 0 0 0
scan 410 200 63 0 0 0 0 0 0 0 0 0
scan 410 200 64 0 0 0 0 0 0 0 0 0
scan 410 200 65 0 0 0 0 0 0 0 0 0
scan 410 200 66 0 0 0 0 0 0 0 0 0
scan 410 200 67 0 0 0 0 0 0 0 0 0
scan 410 200 68 0 0 0 0 0 0 0 0 0
scan 410 200 69 0 0 0 0 0 0 0 0 0
scan 410 200 70 0 0 0 0 0 0 0 0 0
scan 410 200 71 0 0 0 0 0 0 0 0 0
scan 410 200 72 0 0 0 0 0 0 0 0 0
scan 410 200 73 0 0 0 0 0 0 0 0 0
scan 410 200 74 0 0 0 0 0 0 0 0 0
scan 410 200 120 0 0 0 0 0 0 0 0 0
scan 410 200 121 0 0 0 0 0 0 0 0 0
scan 410 200 122 0 0 0 0 0 0 0 0 0
scan 410 200 123 0 0 0 0 0 0 0 0 0
scan 410 200 124 0 0 0 0 0 0 0 0 0
scan 410 200 125 0 0 0 0 0 0 0 0 0
scan 410 200 126 0 0 0 0 0 0 0 0 0
scan 410 200 127 0 0 0 0 0 0 0 0 0
scan 410 200 128 0 0 0 0 0 0 0 0 0
scan 410 200 129 0 0 0 0 0 0 0 0 0
scan 410 200 130 0 0 0 0 0 0 0 0 0
scan 410 200 131 0 0 0 0 0 0 0 0 0
scan 410 200 132 0 0 0 0 0 0 0 0 0
scan 410 200 133 0 0 0 0 0 0 0 0 0
scan 410 200 134 0 0 0 0 0 0 0 0 0
scan 410 200 135 7.00264e-06 0 4.95162e-06 2.10079e-07 2.10079e-07 2.10079e-07 3.50132e-07 4.20159e-07 5.16094e-06
scan 410 200 136 1.40053e-05 0 7.00264e-06 4.20159e-07 4.20159e-07 4.20159e-07 7.00264e-07 8.40317e-07 1.03219e-05
scan 410 200 137 7.00264e-06 0 4.95162e-06 2.10079e-07 2.10079e-07 2.10079e-07 3.50132e-07 4.20159e-07 5.16094e-06
scan 410 200 138 7.00264e-06 0 4.95162e-06 2.10079e-07 2.10079e-07 2.10079e-07 3.50132e-07 4.20159e-07 5.16094e-06
scan 410 200 139 3.50132e-06 0 3.50132e-06 1.0504e-07 1.0504e-07 1.0504e-07 1.75066e-07 2.10079e-07 2.58047e-06
scan 410 200 140 0 0 0 0 0 0 0 0 0
scan 410 200 141 3.50132e-06 0 3.50132e-06 1.0504e-07 1.0504e-07 1.0504e-07 1.75066e-07 2.10079e-07 2.58047e-06
scan 410 200 142 3.50132e-06 0 3.50132e-06 1.0504e-07 1.0504e-07 1.0504e-07 1.75066e-07 2.10079e-07 2.58047e-06
scan 410 200 143 3.50132e-06 0 3.50132e-06 1.0504e-07 1.0504e-07 1.0504e-07 1.75066e-07 2.10079e-07 2.58047e-06
scan 410 200 144 3.50132e-06 0 3.50132e-06 1.0504e-07 1.0504e-07 1.0504e-07 1.75066e-07 2.10079e-07 2.58047e-06
scan 410 200 145 0 0 0 0 0 0 0 0 0
scan 410 200 146 0 0 0 0 0 0 0 0 0
scan 410 200 147 3.50132e-06 0 3.50132e-06 1.0504e-07 1.0504e-07 1.0504e-07 1.75066e-07 2.10079e-07 2.58047e-06
scan 410 200 148 3.50132e-06 0 3.50132e-06 1.0504e-07 1.0504e-07 1.0504e-07 1.75066e-07 2.10079e-07 2.58047e-06
scan 410 200 149 7.00264e-06 0 4.95162e-06 2.10079e-07 2.10079e-07 2.10079e-07 3.50132e-07 4.20159e-07 5.16094e-06
scan 410 200 60 0 0 0 0 0 0 0 0 0
scan 410 200 61 0 0 0 0 0 0 0 0 0
scan 410 200 62 0 0 0 0 0 0 0 0 0
scan 410 200 63 0 0 0 0 0 0 0 0 0
scan 410 200 64 0 0 0 0 0 0 0 0 0
scan 410 200 65 0 0 0 0 0 0 0 0 0
scan 410 200 66 0 0 0 0 0 0 0 0 0
scan 410 200 67 0 0 0 0 0 0 0 0 0
scan 410 200 68 0 0 0 0 0 0 0 0 0
scan 410 200 69 0 0 0 0 0 0 0 0 0
scan 410 200 70 0 0 0 0 0 0 0 0 0
scan 410 200 71 0 0 0 0 0 0 0 0 0
scan 410 200 72 0 0 0 0 0 0 0 0 0
scan 410 200 73 0 0 0 0 0 0 0 0 0
scan 410 200 74 0 0 0 0 0 0 0 0 0
scan 410 200 165 0 0 0 0 0 0 0 0 0
scan 410 200 166 3.50132e-06 0 3.50132e-06 1.0504e-07 1.0504e-07 1.0504e-07 1.75066e-07 2.10079e-07 2.58047e-06
scan 410 200 167 0 0 0 0 0 0 0 0 0
scan 410 200 168 0 0 0 0 0 0 0 0 0
scan 410 200 169 0 0 0 0 0 0 0 0 0
scan 410 200 170 0 0 0 0 0 0 0 0 0
scan 410 200 171 0 0 0 0 0 0 0 0 0
scan 410 200 172 0 0 0 0 0 0 0 0 0
scan 410 200 173 0 0 0 0 0 0 0 0 0
scan 410 200 174 0 0 0 0 0 0 0 0 0
scan 410 200 175 0 0 0 0 0 0 0 0 0
scan 410 200 176 0 0 0 0 0 0 0 0 0
scan 410 200 177 0 0 0 0 0 0 0 0 0
scan 410 200 178 0 0 0 0 0 0 0 0 0
scan 410 200 179 0 0 0 0 0 0 0 0 0
