xsec 380 280 0.0498016
scan 380 280 0 4.98065e-05 0 1.57502e-05 1.4942e-06 1.4942e-06 1.4942e-06 2.49033e-06 2.98839e-06 3.64103e-05
scan 380 280 1 5.47872e-05 0 1.6519e-05 1.64362e-06 1.64362e-06 1.64362e-06 2.73936e-06 3.28723e-06 4.00513e-05
scan 380 280 2 2.98839e-05 0 1.22001e-05 8.96518e-07 8.96518e-07 8.96518e-07 1.4942e-06 1.79304e-06 2.18462e-05
scan 380 280 3 0 0 0 0 0 0 0 0 0
scan 380 280 4 0 0 0 0 0 0 0 0 0
scan 380 280 5 4.98065e-06 0 4.98065e-06 1.4942e-07 1.4942e-07 1.4942e-07 2.49033e-07 2.98839e-07 3.64103e-06
scan 380 280 6 4.98065e-06 0 4.98065e-06 1.4942e-07 1.4942e-07 1.4942e-07 2.49033e-07 2.98839e-07 3.64103e-06
scan 380 280 7 9.96131e-06 0 7.04371e-06 2.98839e-07 2.98839e-07 2.98839e-07 4.98065e-07 5.97679e-07 7.28206e-06
scan 380 280 8 9.96131e-06 0 7.04371e-06 2.98839e-07 2.98839e-07 2.98839e-07 4.98065e-07 5.97679e-07 7.28206e-06
scan 380 280 9 0 0 0 0 0 0 0 0 0
scan 380 280 10 0 0 0 0 0 0 0 0 0
scan 380 280 11 1.4942e-05 0 8.62675e-06 4.48259e-07 4.48259e-07 4.48259e-07 7.47098e-07 8.96518e-07 1.09231e-05
scan 380 280 12 9.96131e-06 0 7.04371e-06 2.98839e-07 2.98839e-07 2.98839e-07 4.98065e-07 5.97679e-07 7.28206e-06
scan 380 280 13 0 0 0 0 0 0 0 0 0
scan 380 280 14 0 0 0 0 0 0 0 0 0
scan 380 280 15 0.00135972 0 8.22939e-05 4.07916e-05 4.07916e-05 4.07916e-05 6.79859e-05 8.15831e-05 0.000994001
scan 380 280 16 0.00145435 0 8.51095e-05 4.36305e-05 4.36305e-05 4.36305e-05 7.27176e-05 8.72611e-05 0.00106318
scan 380 280 17 0.000498065 0 4.98065e-05 1.4942e-05 1.4942e-05 1.4942e-05 2.49033e-05 2.98839e-05 0.000364103
scan 380 280 18 0.000119536 0 2.44001e-05 3.58607e-06 3.58607e-06 3.58607e-06 5.97679e-06 7.17214e-06 8.73847e-05
scan 380 280 19 3.98452e-05 0 1.40874e-05 1.19536e-06 1.19536e-06 1.19536e-06 1.99226e-06 2.39071e-06 2.91282e-05
scan 380 280 20 1.99226e-05 0 9.96131e-06 5.97679e-07 5.97679e-07 5.97679e-07 9.96131e-07 1.19536e-06 1.45641e-05
scan 380 280 21 0.000254013 0 3.5569e-05 7.6204e-06 7.6204e-06 7.6204e-06 1.27007e-05 1.52408e-05 0.000185692
scan 380 280 22 9.96131e-05 0 2.22742e-05 2.98839e-06 2.98839e-06 2.98839e-06 4.98065e-06 5.97679e-06 7.28206e-05
scan 380 280 23 5.97679e-05 0 1.72535e-05 1.79304e-06 1.79304e-06 1.79304e-06 2.98839e-06 3.58607e-06 4.36923e-05
scan 380 280 24 4.98065e-06 0 4.98065e-06 1.4942e-07 1.4942e-07 1.4942e-07 2.49033e-07 2.98839e-07 3.64103e-06
scan 380 280 25 4.98065e-06 0 4.98065e-06 1.4942e-07 1.4942e-07 1.4942e-07 2.49033e-07 2.98839e-07 3.64103e-06
scan 380 280 26 0.000124516 0 2.49033e-05 3.73549e-06 3.73549e-06 3.73549e-06 6.22582e-06 7.47098e-06 9.10257e-05
scan 380 280 27 0.000109574 0 2.33613e-05 3.28723e-06 3.28723e-06 3.28723e-06 5.47872e-06 6.57446e-06 8.01026e-05
scan 380 280 28 4.98065e-05 0 1.57502e-05 1.4942e-06 1.4942e-06 1.4942e-06 2.49033e-06 2.98839e-06 3.64103e-05
scan 380 280 29 1.99226e-05 0 9.96131e-06 5.97679e-07 5.97679e-07 5.97679e-07 9.96131e-07 1.19536e-06 1.45641e-05
scan 380 280 30 4.98065e-06 0 4.98065e-06 1.4942e-07 1.4942e-07 1.4942e-07 2.49033e-07 2.98839e-07 3.64103e-06
scan 380 280 31 0 0 0 0 0 0 0 0 0
scan 380 280 32 0 0 0 0 0 0 0 0 0
scan 380 280 33 0 0 0 0 0 0 0 0 0
scan 380 280 34 4.98065e-06 0 4.98065e-06 1.4942e-07 1.4942e-07 1.4942e-07 2.49033e-07 2.98839e-07 3.64103e-06
scan 380 280 35 0 0 0 0 0 0 0 0 0
scan 380 280 36 0 0 0 0 0 0 0 0 0
scan 380 280 37 0 0 0 0 0 0 0 0 0
scan 380 280 38 0 0 0 0 0 0 0 0 0
scan 380 280 39 0 0 0 0 0 0 0 0 0
scan 380 280 40 0 0 0 0 0 0 0 0 0
scan 380 280 41 0 0 0 0 0 0 0 0 0
scan 380 280 42 0 0 0 0 0 0 0 0 0
scan 380 280 43 0 0 0 0 0 0 0 0 0
scan 380 280 44 0 0 0 0 0 0 0 0 0
scan 380 280 45 4.98065e-06 0 4.98065e-06 1.4942e-07 1.4942e-07 1.4942e-07 2.49033e-07 2.98839e-07 3.64103e-06
scan 380 280 46 9.96131e-06 0 7.04371e-06 2.98839e-07 2.98839e-07 2.98839e-07 4.98065e-07 5.97679e-07 7.28206e-06
scan 380 280 47 0 0 0 0 0 0 0 0 0
scan 380 280 48 0 0 0 0 0 0 0 0 0
scan 380 280 49 0 0 0 0 0 0 0 0 0
scan 380 280 50 0 0 0 0 0 0 0 0 0
scan 380 280 51 0 0 0 0 0 0 0 0 0
scan 380 280 52 0 0 0 0 0 0 0 0 0
scan 380 280 53 0 0 0 0 0 0 0 0 0
scan 380 280 54 0 0 0 0 0 0 0 0 0
scan 380 280 55 0 0 0 0 0 0 0 0 0
scan 380 280 56 0 0 0 0 0 0 0 0 0
scan 380 280 57 0 0 0 0 0 0 0 0 0
scan 380 280 58 0 0 0 0 0 0 0 0 0
scan 380 280 59 0 0 0 0 0 0 0 0 0
scan 380 280 60 0 0 0 0 0 0 0 0 0
scan 380 280 61 0 0 0 0 0 0 0 0 0
scan 380 280 62 0 0 0 0 0 0 0 0 0
scan 380 280 63 0 0 0 0 0 0 0 0 0
scan 380 280 64 0 0 0 0 0 0 0 0 0
scan 380 280 65 0 0 0 0 0 0 0 0 0
scan 380 280 66 0 0 0 0 0 0 0 0 0
scan 380 280 67 0 0 0 0 0 0 0 0 0
scan 380 280 68 0 0 0 0 0 0 0 0 0
scan 380 280 69 0 0 0 0 0 0 0 0 0
scan 380 280 70 0 0 0 0 0 0 0 0 0
scan 380 280 71 0 0 0 0 0 0 0 0 0
scan 380 280 72 0 0 0 0 0 0 0 0 0
scan 380 280 73 0 0 0 0 0 0 0 0 0
scan 380 280 74 0 0 0 0 0 0 0 0 0
scan 380 280 75 0 0 0 0 0 0 0 0 0
scan 380 280 76 0 0 0 0 0 0 0 0 0
scan 380 280 77 0 0 0 0 0 0 0 0 0
scan 380 280 78 0 0 0 0 0 0 0 0 0
scan 380 280 79 0 0 0 0 0 0 0 0 0
scan 380 280 80 0 0 0 0 0 0 0 0 0
scan 380 280 81 4.98065e-06 0 4.98065e-06 1.4942e-07 1.4942e-07 1.4942e-07 2.49033e-07 2.98839e-07 3.64103e-06
scan 380 280 82 0 0 0 0 0 0 0 0 0
scan 380 280 83 0 0 0 0 0 0 0 0 0
scan 380 280 84 0 0 0 0 0 0 0 0 0
scan 380 280 85 0 0 0 0 0 0 0 0 0
scan 380 280 86 0 0 0 0 0 0 0 0 0
scan 380 280 87 0 0 0 0 0 0 0 0 0
scan 380 280 88 0 0 0 0 0 0 0 0 0
scan 380 280 89 0 0 0 0 0 0 0 0 0
scan 380 280 90 3.48646e-05 0 1.31776e-05 1.04594e-06 1.04594e-06 1.04594e-06 1.74323e-06 2.09187e-06 2.54872e-05
scan 380 280 91 3.48646e-05 0 1.31776e-05 1.04594e-06 1.04594e-06 1.04594e-06 1.74323e-06 2.09187e-06 2.54872e-05
scan 380 280 92 0 0 0 0 0 0 0 0 0
scan 380 280 93 0 0 0 0 0 0 0 0 0
scan 380 280 94 4.98065e-06 0 4.98065e-06 1.4942e-07 1.4942e-07 1.4942e-07 2.49033e-07 2.98839e-07 3.64103e-06
scan 380 280 95 4.98065e-06 0 4.98065e-06 1.4942e-07 1.4942e-07 1.4942e-07 2.49033e-07 2.98839e-07 3.64103e-06
scan 380 280 96 1.4942e-05 0 8.62675e-06 4.48259e-07 4.48259e-07 4.48259e-07 7.47098e-07 8.96518e-07 1.09231e-05
scan 380 280 97 0 0 0 0 0 0 0 0 0
scan 380 280 98 0 0 0 0 0 0 0 0 0
scan 380 280 99 0 0 0 0 0 0 0 0 0
scan 380 280 100 0 0 0 0 0 0 0 0 0
scan 380 280 101 0 0 0 0 0 0 0 0 0
scan 380 280 102 0 0 0 0 0 0 0 0 0
scan 380 280 103 4.98065e-06 0 4.98065e-06 1.4942e-07 1.4942e-07 1.4942e-07 2.49033e-07 2.98839e-07 3.64103e-06
scan 380 280 104 4.98065e-06 0 4.98065e-06 1.4942e-07 1.4942e-07 1.4942e-07 2.49033e-07 2.98839e-07 3.64103e-06
scan 380 280 60 0 0 0 0 0 0 0 0 0
scan 380 280 61 0 0 0 0 0 0 0 0 0
scan 380 280 62 0 0 0 0 0 0 0 0 0
scan 380 280 63 0 0 0 0 0 0 0 0 0
scan 380 280 64 0 0 0 0 0 0 0 0 0
scan 380 280 65 0 0 0 0 0 0 0 0 0
scan 380 280 66 0 0 0 0 0 0 0 0 0
scan 380 280 67 0 0 0 0 0 0 0 0 0
scan 380 280 68 0 0 0 0 0 0 0 0 0
scan 380 280 69 0 0 0 0 0 0 0 0 0
scan 380 280 70 0 0 0 0 0 0 0 0 0
scan 380 280 71 0 0 0 0 0 0 0 0 0
scan 380 280 72 0 0 0 0 0 0 0 0 0
scan 380 280 73 0 0 0 0 0 0 0 0 0
scan 380 280 74 0 0 0 0 0 0 0 0 0
scan 380 280 120 0 0 0 0 0 0 0 0 0
scan 380 280 121 0 0 0 0 0 0 0 0 0
scan 380 280 122 0 0 0 0 0 0 0 0 0
scan 380 280 123 0 0 0 0 0 0 0 0 0
scan 380 280 124 0 0 0 0 0 0 0 0 0
scan 380 280 125 0 0 0 0 0 0 0 0 0
scan 380 280 126 0 0 0 0 0 0 0 0 0
scan 380 280 127 0 0 0 0 0 0 0 0 0
scan 380 280 128 0 0 0 0 0 0 0 0 0
scan 380 280 129 0 0 0 0 0 0 0 0 0
scan 380 280 130 0 0 0 0 0 0 0 0 0
scan 380 280 131 0 0 0 0 0 0 0 0 0
scan 380 280 132 0 0 0 0 0 0 0 0 0
scan 380 280 133 0 0 0 0 0 0 0 0 0
scan 380 280 134 0 0 0 0 0 0 0 0 0
scan 380 280 135 3.48646e-05 0 1.31776e-05 1.04594e-06 1.04594e-06 1.04594e-06 1.74323e-06 2.09187e-06 2.54872e-05
scan 380 280 136 0 0 0 0 0 0 0 0 0
scan 380 280 137 0 0 0 0 0 0 0 0 0
scan 380 280 138 4.98065e-06 0 4.98065e-06 1.4942e-07 1.4942e-07 1.4942e-07 2.49033e-07 2.98839e-07 3.64103e-06
scan 380 280 139 0 0 0 0 0 0 0 0 0
scan 380 280 140 0 0 0 0 0 0 0 0 0
scan 380 280 141 0 0 0 0 0 0 0 0 0
scan 380 280 142 0 0 0 0 0 0 0 0 0
scan 380 280 143 0 0 0 0 0 0 0 0 0
scan 380 280 144 0 0 0 0 0 0 0 0 0
scan 380 280 145 0 0 0 0 0 0 0 0 0
scan 380 280 146 0 0 0 0 0 0 0 0 0
scan 380 280 147 0 0 0 0 0 0 0 0 0
scan 380 280 148 0 0 0 0 0 0 0 0 0
scan 380 280 149 4.98065e-06 0 4.98065e-06 1.4942e-07 1.4942e-07 1.4942e-07 2.49033e-07 2.98839e-07 3.64103e-06
scan 380 280 60 0 0 0 0 0 0 0 0 0
scan 380 280 61 0 0 0 0 0 0 0 0 0
scan 380 280 62 0 0 0 0 0 0 0 0 0
scan 380 280 63 0 0 0 0 0 0 0 0 0
scan 380 280 64 0 0 0 0 0 0 0 0 0
scan 380 280 65 0 0 0 0 0 0 0 0 0
scan 380 280 66 0 0 0 0 0 0 0 0 0
scan 380 280 67 0 0 0 0 0 0 0 0 0
scan 380 280 68 0 0 0 0 0 0 0 0 0
scan 380 280 69 0 0 0 0 0 0 0 0 0
scan 380 280 70 0 0 0 0 0 0 0 0 0
scan 380 280 71 0 0 0 0 0 0 0 0 0
scan 380 280 72 0 0 0 0 0 0 0 0 0
scan 380 280 73 0 0 0 0 0 0 0 0 0
scan 380 280 74 0 0 0 0 0 0 0 0 0
scan 380 280 165 0 0 0 0 0 0 0 0 0
scan 380 280 166 0 0 0 0 0 0 0 0 0
scan 380 280 167 0 0 0 0 0 0 0 0 0
scan 380 280 168 0 0 0 0 0 0 0 0 0
scan 380 280 169 0 0 0 0 0 0 0 0 0
scan 380 280 170 0 0 0 0 0 0 0 0 0
scan 380 280 171 0 0 0 0 0 0 0 0 0
scan 380 280 172 0 0 0 0 0 0 0 0 0
scan 380 280 173 0 0 0 0 0 0 0 0 0
scan 380 280 174 0 0 0 0 0 0 0 0 0
scan 380 280 175 0 0 0 0 0 0 0 0 0
scan 380 280 176 0 0 0 0 0 0 0 0 0
scan 380 280 177 0 0 0 0 0 0 0 0 0
scan 380 280 178 0 0 0 0 0 0 0 0 0
scan 380 280 179 0 0 0 0 0 0 0 0 0
