xsec 340 140 0.0836754
scan 340 140 0 3.34702e-05 0 1.67351e-05 1.00411e-06 1.00411e-06 1.00411e-06 1.67351e-06 2.00821e-06 2.41645e-05
scan 340 140 1 8.36754e-05 0 2.64605e-05 2.51026e-06 2.51026e-06 2.51026e-06 4.18377e-06 5.02053e-06 6.04111e-05
scan 340 140 2 2.51026e-05 0 1.4493e-05 7.53079e-07 7.53079e-07 7.53079e-07 1.25513e-06 1.50616e-06 1.81233e-05
scan 340 140 3 1.67351e-05 0 1.18335e-05 5.02053e-07 5.02053e-07 5.02053e-07 8.36754e-07 1.00411e-06 1.20822e-05
scan 340 140 4 8.36754e-06 0 8.36754e-06 2.51026e-07 2.51026e-07 2.51026e-07 4.18377e-07 5.02053e-07 6.04111e-06
scan 340 140 5 0 0 0 0 0 0 0 0 0
scan 340 140 6 0 0 0 0 0 0 0 0 0
scan 340 140 7 8.36754e-06 0 8.36754e-06 2.51026e-07 2.51026e-07 2.51026e-07 4.18377e-07 5.02053e-07 6.04111e-06
scan 340 140 8 1.67351e-05 0 1.18335e-05 5.02053e-07 5.02053e-07 5.02053e-07 8.36754e-07 1.00411e-06 1.20822e-05
scan 340 140 9 0 0 0 0 0 0 0 0 0
scan 340 140 10 0 0 0 0 0 0 0 0 0
scan 340 140 11 8.36754e-06 0 8.36754e-06 2.51026e-07 2.51026e-07 2.51026e-07 4.18377e-07 5.02053e-07 6.04111e-06
scan 340 140 12 1.67351e-05 0 1.18335e-05 5.02053e-07 5.02053e-07 5.02053e-07 8.36754e-07 1.00411e-06 1.20822e-05
scan 340 140 13 4.18377e-05 0 1.87104e-05 1.25513e-06 1.25513e-06 1.25513e-06 2.09189e-06 2.51026e-06 3.02056e-05
scan 340 140 14 4.18377e-05 0 1.87104e-05 1.25513e-06 1.25513e-06 1.25513e-06 2.09189e-06 2.51026e-06 3.02056e-05
scan 340 140 15 0.000644301 0 7.34249e-05 1.9329e-05 1.9329e-05 1.9329e-05 3.2215e-05 3.86581e-05 0.000465166
scan 340 140 16 0.000945533 0 8.89482e-05 2.8366e-05 2.8366e-05 2.8366e-05 4.72766e-05 5.6732e-05 0.000682646
scan 340 140 17 0.000811652 0 8.24108e-05 2.43496e-05 2.43496e-05 2.43496e-05 4.05826e-05 4.86991e-05 0.000585988
scan 340 140 18 0.00051042 0 6.53526e-05 1.53126e-05 1.53126e-05 1.53126e-05 2.5521e-05 3.06252e-05 0.000368508
scan 340 140 19 0.000435112 0 6.03392e-05 1.30534e-05 1.30534e-05 1.30534e-05 2.17556e-05 2.61067e-05 0.000314138
scan 340 140 20 7.53079e-05 0 2.51026e-05 2.25924e-06 2.25924e-06 2.25924e-06 3.76539e-06 4.51847e-06 5.437e-05
scan 340 140 21 0.000184086 0 3.92473e-05 5.52258e-06 5.52258e-06 5.52258e-06 9.2043e-06 1.10452e-05 0.000132904
scan 340 140 22 0.000418377 0 5.91675e-05 1.25513e-05 1.25513e-05 1.25513e-05 2.09189e-05 2.51026e-05 0.000302056
scan 340 140 23 0.000225924 0 4.3479e-05 6.77771e-06 6.77771e-06 6.77771e-06 1.12962e-05 1.35554e-05 0.00016311
scan 340 140 24 0.000259394 0 4.65885e-05 7.78182e-06 7.78182e-06 7.78182e-06 1.29697e-05 1.55636e-05 0.000187275
scan 340 140 25 0 0 0 0 0 0 0 0 0
scan 340 140 26 0.000217556 0 4.26663e-05 6.52668e-06 6.52668e-06 6.52668e-06 1.08778e-05 1.30534e-05 0.000157069
scan 340 140 27 0.000736344 0 7.84945e-05 2.20903e-05 2.20903e-05 2.20903e-05 3.68172e-05 4.41806e-05 0.000531618
scan 340 140 28 0.000711241 0 7.71449e-05 2.13372e-05 2.13372e-05 2.13372e-05 3.55621e-05 4.26745e-05 0.000513495
scan 340 140 29 0.000786549 0 8.11264e-05 2.35965e-05 2.35965e-05 2.35965e-05 3.93275e-05 4.7193e-05 0.000567865
scan 340 140 30 2.51026e-05 0 1.4493e-05 7.53079e-07 7.53079e-07 7.53079e-07 1.25513e-06 1.50616e-06 1.81233e-05
scan 340 140 31 3.34702e-05 0 1.67351e-05 1.00411e-06 1.00411e-06 1.00411e-06 1.67351e-06 2.00821e-06 2.41645e-05
scan 340 140 32 8.36754e-06 0 8.36754e-06 2.51026e-07 2.51026e-07 2.51026e-07 4.18377e-07 5.02053e-07 6.04111e-06
scan 340 140 33 3.34702e-05 0 1.67351e-05 1.00411e-06 1.00411e-06 1.00411e-06 1.67351e-06 2.00821e-06 2.41645e-05
scan 340 140 34 8.36754e-06 0 8.36754e-06 2.51026e-07 2.51026e-07 2.51026e-07 4.18377e-07 5.02053e-07 6.04111e-06
scan 340 140 35 0 0 0 0 0 0 0 0 0
scan 340 140 36 8.36754e-06 0 8.36754e-06 2.51026e-07 2.51026e-07 2.51026e-07 4.18377e-07 5.02053e-07 6.04111e-06
scan 340 140 37 2.51026e-05 0 1.4493e-05 7.53079e-07 7.53079e-07 7.53079e-07 1.25513e-06 1.50616e-06 1.81233e-05
scan 340 140 38 0 0 0 0 0 0 0 0 0
scan 340 140 39 0 0 0 0 0 0 0 0 0
scan 340 140 40 0 0 0 0 0 0 0 0 0
scan 340 140 41 1.67351e-05 0 1.18335e-05 5.02053e-07 5.02053e-07 5.02053e-07 8.36754e-07 1.00411e-06 1.20822e-05
scan 340 140 42 1.67351e-05 0 1.18335e-05 5.02053e-07 5.02053e-07 5.02053e-07 8.36754e-07 1.00411e-06 1.20822e-05
scan 340 140 43 1.67351e-05 0 1.18335e-05 5.02053e-07 5.02053e-07 5.02053e-07 8.36754e-07 1.00411e-06 1.20822e-05
scan 340 140 44 8.36754e-06 0 8.36754e-06 2.51026e-07 2.51026e-07 2.51026e-07 4.18377e-07 5.02053e-07 6.04111e-06
scan 340 140 45 1.67351e-05 0 1.18335e-05 5.02053e-07 5.02053e-07 5.02053e-07 8.36754e-07 1.00411e-06 1.20822e-05
scan 340 140 46 0 0 0 0 0 0 0 0 0
scan 340 140 47 8.36754e-06 0 8.36754e-06 2.51026e-07 2.51026e-07 2.51026e-07 4.18377e-07 5.02053e-07 6.04111e-06
scan 340 140 48 0 0 0 0 0 0 0 0 0
scan 340 140 49 0 0 0 0 0 0 0 0 0
scan 340 140 50 0 0 0 0 0 0 0 0 0
scan 340 140 51 0 0 0 0 0 0 0 0 0
scan 340 140 52 0 0 0 0 0 0 0 0 0
scan 340 140 53 0 0 0 0 0 0 0 0 0
scan 340 140 54 0 0 0 0 0 0 0 0 0
scan 340 140 55 0 0 0 0 0 0 0 0 0
scan 340 140 56 0 0 0 0 0 0 0 0 0
scan 340 140 57 0 0 0 0 0 0 0 0 0
scan 340 140 58 0 0 0 0 0 0 0 0 0
scan 340 140 59 8.36754e-06 0 8.36754e-06 2.51026e-07 2.51026e-07 2.51026e-07 4.18377e-07 5.02053e-07 6.04111e-06
scan 340 140 60 0 0 0 0 0 0 0 0 0
scan 340 140 61 0 0 0 0 0 0 0 0 0
scan 340 140 62 0 0 0 0 0 0 0 0 0
scan 340 140 63 0 0 0 0 0 0 0 0 0
scan 340 140 64 0 0 0 0 0 0 0 0 0
scan 340 140 65 0 0 0 0 0 0 0 0 0
scan 340 140 66 0 0 0 0 0 0 0 0 0
scan 340 140 67 0 0 0 0 0 0 0 0 0
scan 340 140 68 0 0 0 0 0 0 0 0 0
scan 340 140 69 0 0 0 0 0 0 0 0 0
scan 340 140 70 0 0 0 0 0 0 0 0 0
scan 340 140 71 0 0 0 0 0 0 0 0 0
scan 340 140 72 0 0 0 0 0 0 0 0 0
scan 340 140 73 0 0 0 0 0 0 0 0 0
scan 340 140 74 0 0 0 0 0 0 0 0 0
scan 340 140 75 0 0 0 0 0 0 0 0 0
scan 340 140 76 0 0 0 0 0 0 0 0 0
scan 340 140 77 0 0 0 0 0 0 0 0 0
scan 340 140 78 0 0 0 0 0 0 0 0 0
scan 340 140 79 0 0 0 0 0 0 0 0 0
scan 340 140 80 0 0 0 0 0 0 0 0 0
scan 340 140 81 0 0 0 0 0 0 0 0 0
scan 340 140 82 0 0 0 0 0 0 0 0 0
scan 340 140 83 0 0 0 0 0 0 0 0 0
scan 340 140 84 0 0 0 0 0 0 0 0 0
scan 340 140 85 0 0 0 0 0 0 0 0 0
scan 340 140 86 0 0 0 0 0 0 0 0 0
scan 340 140 87 8.36754e-06 0 8.36754e-06 2.51026e-07 2.51026e-07 2.51026e-07 4.18377e-07 5.02053e-07 6.04111e-06
scan 340 140 88 0 0 0 0 0 0 0 0 0
scan 340 140 89 0 0 0 0 0 0 0 0 0
scan 340 140 90 2.51026e-05 0 1.4493e-05 7.53079e-07 7.53079e-07 7.53079e-07 1.25513e-06 1.50616e-06 1.81233e-05
scan 340 140 91 5.85728e-05 0 2.21384e-05 1.75718e-06 1.75718e-06 1.75718e-06 2.92864e-06 3.51437e-06 4.22878e-05
scan 340 140 92 1.67351e-05 0 1.18335e-05 5.02053e-07 5.02053e-07 5.02053e-07 8.36754e-07 1.00411e-06 1.20822e-05
scan 340 140 93 1.67351e-05 0 1.18335e-05 5.02053e-07 5.02053e-07 5.02053e-07 8.36754e-07 1.00411e-06 1.20822e-05
scan 340 140 94 0 0 0 0 0 0 0 0 0
scan 340 140 95 0 0 0 0 0 0 0 0 0
scan 340 140 96 0 0 0 0 0 0 0 0 0
scan 340 140 97 8.36754e-06 0 8.36754e-06 2.51026e-07 2.51026e-07 2.51026e-07 4.18377e-07 5.02053e-07 6.04111e-06
scan 340 140 98 0 0 0 0 0 0 0 0 0
scan 340 140 99 0 0 0 0 0 0 0 0 0
scan 340 140 100 0 0 0 0 0 0 0 0 0
scan 340 140 101 0 0 0 0 0 0 0 0 0
scan 340 140 102 3.34702e-05 0 1.67351e-05 1.00411e-06 1.00411e-06 1.00411e-06 1.67351e-06 2.00821e-06 2.41645e-05
scan 340 140 103 8.36754e-06 0 8.36754e-06 2.51026e-07 2.51026e-07 2.51026e-07 4.18377e-07 5.02053e-07 6.04111e-06
scan 340 140 104 8.36754e-06 0 8.36754e-06 2.51026e-07 2.51026e-07 2.51026e-07 4.18377e-07 5.02053e-07 6.04111e-06
scan 340 140 60 0 0 0 0 0 0 0 0 0
scan 340 140 61 0 0 0 0 0 0 0 0 0
scan 340 140 62 0 0 0 0 0 0 0 0 0
scan 340 140 63 0 0 0 0 0 0 0 0 0
scan 340 140 64 0 0 0 0 0 0 0 0 0
scan 340 140 65 0 0 0 0 0 0 0 0 0
scan 340 140 66 0 0 0 0 0 0 0 0 0
scan 340 140 67 0 0 0 0 0 0 0 0 0
scan 340 140 68 0 0 0 0 0 0 0 0 0
scan 340 140 69 0 0 0 0 0 0 0 0 0
scan 340 140 70 0 0 0 0 0 0 0 0 0
scan 340 140 71 0 0 0 0 0 0 0 0 0
scan 340 140 72 0 0 0 0 0 0 0 0 0
scan 340 140 73 0 0 0 0 0 0 0 0 0
scan 340 140 74 0 0 0 0 0 0 0 0 0
scan 340 140 120 0 0 0 0 0 0 0 0 0
scan 340 140 121 0 0 0 0 0 0 0 0 0
scan 340 140 122 8.36754e-06 0 8.36754e-06 2.51026e-07 2.51026e-07 2.51026e-07 4.18377e-07 5.02053e-07 6.04111e-06
scan 340 140 123 0 0 0 0 0 0 0 0 0
scan 340 140 124 0 0 0 0 0 0 0 0 0
scan 340 140 125 0 0 0 0 0 0 0 0 0
scan 340 140 126 0 0 0 0 0 0 0 0 0
scan 340 140 127 0 0 0 0 0 0 0 0 0
scan 340 140 128 0 0 0 0 0 0 0 0 0
scan 340 140 129 0 0 0 0 0 0 0 0 0
scan 340 140 130 0 0 0 0 0 0 0 0 0
scan 340 140 131 0 0 0 0 0 0 0 0 0
scan 340 140 132 0 0 0 0 0 0 0 0 0
scan 340 140 133 0 0 0 0 0 0 0 0 0
scan 340 140 134 0 0 0 0 0 0 0 0 0
scan 340 140 135 0 0 0 0 0 0 0 0 0
scan 340 140 136 5.02053e-05 0 2.04962e-05 1.50616e-06 1.50616e-06 1.50616e-06 2.51026e-06 3.01232e-06 3.62467e-05
scan 340 140 137 0 0 0 0 0 0 0 0 0
scan 340 140 138 0 0 0 0 0 0 0 0 0
scan 340 140 139 0 0 0 0 0 0 0 0 0
scan 340 140 140 0 0 0 0 0 0 0 0 0
scan 340 140 141 0 0 0 0 0 0 0 0 0
scan 340 140 142 0 0 0 0 0 0 0 0 0
scan 340 140 143 0 0 0 0 0 0 0 0 0
scan 340 140 144 0 0 0 0 0 0 0 0 0
scan 340 140 145 0 0 0 0 0 0 0 0 0
scan 340 140 146 8.36754e-06 0 8.36754e-06 2.51026e-07 2.51026e-07 2.51026e-07 4.18377e-07 5.02053e-07 6.04111e-06
scan 340 140 147 1.67351e-05 0 1.18335e-05 5.02053e-07 5.02053e-07 5.02053e-07 8.36754e-07 1.00411e-06 1.20822e-05
scan 340 140 148 8.36754e-06 0 8.36754e-06 2.51026e-07 2.51026e-07 2.51026e-07 4.18377e-07 5.02053e-07 6.04111e-06
scan 340 140 149 8.36754e-06 0 8.36754e-06 2.51026e-07 2.51026e-07 2.51026e-07 4.18377e-07 5.02053e-07 6.04111e-06
scan 340 140 60 0 0 0 0 0 0 0 0 0
scan 340 140 61 0 0 0 0 0 0 0 0 0
scan 340 140 62 0 0 0 0 0 0 0 0 0
scan 340 140 63 0 0 0 0 0 0 0 0 0
scan 340 140 64 0 0 0 0 0 0 0 0 0
scan 340 140 65 0 0 0 0 0 0 0 0 0
scan 340 140 66 0 0 0 0 0 0 0 0 0
scan 340 140 67 0 0 0 0 0 0 0 0 0
scan 340 140 68 0 0 0 0 0 0 0 0 0
scan 340 140 69 0 0 0 0 0 0 0 0 0
scan 340 140 70 0 0 0 0 0 0 0 0 0
scan 340 140 71 0 0 0 0 0 0 0 0 0
scan 340 140 72 0 0 0 0 0 0 0 0 0
scan 340 140 73 0 0 0 0 0 0 0 0 0
scan 340 140 74 0 0 0 0 0 0 0 0 0
scan 340 140 165 8.36754e-06 0 8.36754e-06 2.51026e-07 2.51026e-07 2.51026e-07 4.18377e-07 5.02053e-07 6.04111e-06
scan 340 140 166 0 0 0 0 0 0 0 0 0
scan 340 140 167 0 0 0 0 0 0 0 0 0
scan 340 140 168 0 0 0 0 0 0 0 0 0
scan 340 140 169 0 0 0 0 0 0 0 0 0
scan 340 140 170 0 0 0 0 0 0 0 0 0
scan 340 140 171 0 0 0 0 0 0 0 0 0
scan 340 140 172 0 0 0 0 0 0 0 0 0
scan 340 140 173 0 0 0 0 0 0 0 0 0
scan 340 140 174 0 0 0 0 0 0 0 0 0
scan 340 140 175 0 0 0 0 0 0 0 0 0
scan 340 140 176 0 0 0 0 0 0 0 0 0
scan 340 140 177 0 0 0 0 0 0 0 0 0
scan 340 140 178 0 0 0 0 0 0 0 0 0
scan 340 140 179 0 0 0 0 0 0 0 0 0
