xsec 270 40 0.230117
scan 270 40 0 0.000115058 0 5.14557e-05 3.45175e-06 3.45175e-06 3.45175e-06 5.75292e-06 6.9035e-06 8.10153e-05
scan 270 40 1 0.000230117 0 7.27693e-05 6.9035e-06 6.9035e-06 6.9035e-06 1.15058e-05 1.3807e-05 0.000162031
scan 270 40 2 0.000161082 0 6.08832e-05 4.83245e-06 4.83245e-06 4.83245e-06 8.05409e-06 9.66491e-06 0.000113421
scan 270 40 3 2.30117e-05 0 2.30117e-05 6.9035e-07 6.9035e-07 6.9035e-07 1.15058e-06 1.3807e-06 1.62031e-05
scan 270 40 4 2.30117e-05 0 2.30117e-05 6.9035e-07 6.9035e-07 6.9035e-07 1.15058e-06 1.3807e-06 1.62031e-05
scan 270 40 5 2.30117e-05 0 2.30117e-05 6.9035e-07 6.9035e-07 6.9035e-07 1.15058e-06 1.3807e-06 1.62031e-05
scan 270 40 6 2.30117e-05 0 2.30117e-05 6.9035e-07 6.9035e-07 6.9035e-07 1.15058e-06 1.3807e-06 1.62031e-05
scan 270 40 7 0 0 0 0 0 0 0 0 0
scan 270 40 8 0 0 0 0 0 0 0 0 0
scan 270 40 9 4.60234e-05 0 3.25434e-05 1.3807e-06 1.3807e-06 1.3807e-06 2.30117e-06 2.7614e-06 3.24061e-05
scan 270 40 10 0 0 0 0 0 0 0 0 0
scan 270 40 11 0 0 0 0 0 0 0 0 0
scan 270 40 12 6.9035e-05 0 3.98574e-05 2.07105e-06 2.07105e-06 2.07105e-06 3.45175e-06 4.1421e-06 4.86092e-05
scan 270 40 13 2.30117e-05 0 2.30117e-05 6.9035e-07 6.9035e-07 6.9035e-07 1.15058e-06 1.3807e-06 1.62031e-05
scan 270 40 14 2.30117e-05 0 2.30117e-05 6.9035e-07 6.9035e-07 6.9035e-07 1.15058e-06 1.3807e-06 1.62031e-05
scan 270 40 15 0.00151877 0 0.000186948 4.55631e-05 4.55631e-05 4.55631e-05 7.59385e-05 9.11263e-05 0.0010694
scan 270 40 16 0.00283044 0 0.000255212 8.49131e-05 8.49131e-05 8.49131e-05 0.000141522 0.000169826 0.00199298
scan 270 40 17 0.00225514 0 0.000227804 6.76543e-05 6.76543e-05 6.76543e-05 0.000112757 0.000135309 0.0015879
scan 270 40 18 0.0013807 0 0.000178248 4.1421e-05 4.1421e-05 4.1421e-05 6.9035e-05 8.28421e-05 0.000972184
scan 270 40 19 0.00121962 0 0.000167528 3.65886e-05 3.65886e-05 3.65886e-05 6.0981e-05 7.31771e-05 0.000858762
scan 270 40 20 6.9035e-05 0 3.98574e-05 2.07105e-06 2.07105e-06 2.07105e-06 3.45175e-06 4.1421e-06 4.86092e-05
scan 270 40 21 0.000966491 0 0.000149133 2.89947e-05 2.89947e-05 2.89947e-05 4.83245e-05 5.79894e-05 0.000680529
scan 270 40 22 0.00108155 0 0.00015776 3.24465e-05 3.24465e-05 3.24465e-05 5.40775e-05 6.48929e-05 0.000761544
scan 270 40 23 0.000345175 0 8.91239e-05 1.03553e-05 1.03553e-05 1.03553e-05 1.72588e-05 2.07105e-05 0.000243046
scan 270 40 24 0.000391199 0 9.48796e-05 1.1736e-05 1.1736e-05 1.1736e-05 1.95599e-05 2.34719e-05 0.000275452
scan 270 40 25 4.60234e-05 0 3.25434e-05 1.3807e-06 1.3807e-06 1.3807e-06 2.30117e-06 2.7614e-06 3.24061e-05
scan 270 40 26 0.000920467 0 0.000145539 2.7614e-05 2.7614e-05 2.7614e-05 4.60234e-05 5.5228e-05 0.000648123
scan 270 40 27 0.00200202 0 0.000214639 6.00605e-05 6.00605e-05 6.00605e-05 0.000100101 0.000120121 0.00140967
scan 270 40 28 0.00179491 0 0.000203234 5.38473e-05 5.38473e-05 5.38473e-05 8.97456e-05 0.000107695 0.00126384
scan 270 40 29 0.00184093 0 0.000205823 5.5228e-05 5.5228e-05 5.5228e-05 9.20467e-05 0.000110456 0.00129625
scan 270 40 30 4.60234e-05 0 3.25434e-05 1.3807e-06 1.3807e-06 1.3807e-06 2.30117e-06 2.7614e-06 3.24061e-05
scan 270 40 31 9.20467e-05 0 4.60234e-05 2.7614e-06 2.7614e-06 2.7614e-06 4.60234e-06 5.5228e-06 6.48123e-05
scan 270 40 32 0.000115058 0 5.14557e-05 3.45175e-06 3.45175e-06 3.45175e-06 5.75292e-06 6.9035e-06 8.10153e-05
scan 270 40 33 4.60234e-05 0 3.25434e-05 1.3807e-06 1.3807e-06 1.3807e-06 2.30117e-06 2.7614e-06 3.24061e-05
scan 270 40 34 0 0 0 0 0 0 0 0 0
scan 270 40 35 0 0 0 0 0 0 0 0 0
scan 270 40 36 6.9035e-05 0 3.98574e-05 2.07105e-06 2.07105e-06 2.07105e-06 3.45175e-06 4.1421e-06 4.86092e-05
scan 270 40 37 4.60234e-05 0 3.25434e-05 1.3807e-06 1.3807e-06 1.3807e-06 2.30117e-06 2.7614e-06 3.24061e-05
scan 270 40 38 6.9035e-05 0 3.98574e-05 2.07105e-06 2.07105e-06 2.07105e-06 3.45175e-06 4.1421e-06 4.86092e-05
scan 270 40 39 2.30117e-05 0 2.30117e-05 6.9035e-07 6.9035e-07 6.9035e-07 1.15058e-06 1.3807e-06 1.62031e-05
scan 270 40 40 0 0 0 0 0 0 0 0 0
scan 270 40 41 0 0 0 0 0 0 0 0 0
scan 270 40 42 9.20467e-05 0 4.60234e-05 2.7614e-06 2.7614e-06 2.7614e-06 4.60234e-06 5.5228e-06 6.48123e-05
scan 270 40 43 4.60234e-05 0 3.25434e-05 1.3807e-06 1.3807e-06 1.3807e-06 2.30117e-06 2.7614e-06 3.24061e-05
scan 270 40 44 4.60234e-05 0 3.25434e-05 1.3807e-06 1.3807e-06 1.3807e-06 2.30117e-06 2.7614e-06 3.24061e-05
scan 270 40 45 0 0 0 0 0 0 0 0 0
scan 270 40 46 0 0 0 0 0 0 0 0 0
scan 270 40 47 0 0 0 0 0 0 0 0 0
scan 270 40 48 0 0 0 0 0 0 0 0 0
scan 270 40 49 0 0 0 0 0 0 0 0 0
scan 270 40 50 0 0 0 0 0 0 0 0 0
scan 270 40 51 4.60234e-05 0 3.25434e-05 1.3807e-06 1.3807e-06 1.3807e-06 2.30117e-06 2.7614e-06 3.24061e-05
scan 270 40 52 0 0 0 0 0 0 0 0 0
scan 270 40 53 2.30117e-05 0 2.30117e-05 6.9035e-07 6.9035e-07 6.9035e-07 1.15058e-06 1.3807e-06 1.62031e-05
scan 270 40 54 0 0 0 0 0 0 0 0 0
scan 270 40 55 0 0 0 0 0 0 0 0 0
scan 270 40 56 2.30117e-05 0 2.30117e-05 6.9035e-07 6.9035e-07 6.9035e-07 1.15058e-06 1.3807e-06 1.62031e-05
scan 270 40 57 2.30117e-05 0 2.30117e-05 6.9035e-07 6.9035e-07 6.9035e-07 1.15058e-06 1.3807e-06 1.62031e-05
scan 270 40 58 4.60234e-05 0 3.25434e-05 1.3807e-06 1.3807e-06 1.3807e-06 2.30117e-06 2.7614e-06 3.24061e-05
scan 270 40 59 2.30117e-05 0 2.30117e-05 6.9035e-07 6.9035e-07 6.9035e-07 1.15058e-06 1.3807e-06 1.62031e-05
scan 270 40 60 0 0 0 0 0 0 0 0 0
scan 270 40 61 0 0 0 0 0 0 0 0 0
scan 270 40 62 0 0 0 0 0 0 0 0 0
scan 270 40 63 0 0 0 0 0 0 0 0 0
scan 270 40 64 0 0 0 0 0 0 0 0 0
scan 270 40 65 0 0 0 0 0 0 0 0 0
scan 270 40 66 0 0 0 0 0 0 0 0 0
scan 270 40 67 0 0 0 0 0 0 0 0 0
scan 270 40 68 0 0 0 0 0 0 0 0 0
scan 270 40 69 0 0 0 0 0 0 0 0 0
scan 270 40 70 0 0 0 0 0 0 0 0 0
scan 270 40 71 0 0 0 0 0 0 0 0 0
scan 270 40 72 0 0 0 0 0 0 0 0 0
scan 270 40 73 0 0 0 0 0 0 0 0 0
scan 270 40 74 0 0 0 0 0 0 0 0 0
scan 270 40 75 0 0 0 0 0 0 0 0 0
scan 270 40 76 0 0 0 0 0 0 0 0 0
scan 270 40 77 0 0 0 0 0 0 0 0 0
scan 270 40 78 2.30117e-05 0 2.30117e-05 6.9035e-07 6.9035e-07 6.9035e-07 1.15058e-06 1.3807e-06 1.62031e-05
scan 270 40 79 0 0 0 0 0 0 0 0 0
scan 270 40 80 0 0 0 0 0 0 0 0 0
scan 270 40 81 0 0 0 0 0 0 0 0 0
scan 270 40 82 0 0 0 0 0 0 0 0 0
scan 270 40 83 0 0 0 0 0 0 0 0 0
scan 270 40 84 0 0 0 0 0 0 0 0 0
scan 270 40 85 0 0 0 0 0 0 0 0 0
scan 270 40 86 0 0 0 0 0 0 0 0 0
scan 270 40 87 0 0 0 0 0 0 0 0 0
scan 270 40 88 0 0 0 0 0 0 0 0 0
scan 270 40 89 2.30117e-05 0 2.30117e-05 6.9035e-07 6.9035e-07 6.9035e-07 1.15058e-06 1.3807e-06 1.62031e-05
scan 270 40 90 0.000115058 0 5.14557e-05 3.45175e-06 3.45175e-06 3.45175e-06 5.75292e-06 6.9035e-06 8.10153e-05
scan 270 40 91 0.00013807 0 5.63669e-05 4.1421e-06 4.1421e-06 4.1421e-06 6.9035e-06 8.28421e-06 9.72184e-05
scan 270 40 92 6.9035e-05 0 3.98574e-05 2.07105e-06 2.07105e-06 2.07105e-06 3.45175e-06 4.1421e-06 4.86092e-05
scan 270 40 93 0 0 0 0 0 0 0 0 0
scan 270 40 94 2.30117e-05 0 2.30117e-05 6.9035e-07 6.9035e-07 6.9035e-07 1.15058e-06 1.3807e-06 1.62031e-05
scan 270 40 95 0 0 0 0 0 0 0 0 0
scan 270 40 96 4.60234e-05 0 3.25434e-05 1.3807e-06 1.3807e-06 1.3807e-06 2.30117e-06 2.7614e-06 3.24061e-05
scan 270 40 97 0 0 0 0 0 0 0 0 0
scan 270 40 98 0 0 0 0 0 0 0 0 0
scan 270 40 99 0 0 0 0 0 0 0 0 0
scan 270 40 100 0 0 0 0 0 0 0 0 0
scan 270 40 101 6.9035e-05 0 3.98574e-05 2.07105e-06 2.07105e-06 2.07105e-06 3.45175e-06 4.1421e-06 4.86092e-05
scan 270 40 102 4.60234e-05 0 3.25434e-05 1.3807e-06 1.3807e-06 1.3807e-06 2.30117e-06 2.7614e-06 3.24061e-05
scan 270 40 103 0.000115058 0 5.14557e-05 3.45175e-06 3.45175e-06 3.45175e-06 5.75292e-06 6.9035e-06 8.10153e-05
scan 270 40 104 4.60234e-05 0 3.25434e-05 1.3807e-06 1.3807e-06 1.3807e-06 2.30117e-06 2.7614e-06 3.24061e-05
scan 270 40 60 0 0 0 0 0 0 0 0 0
scan 270 40 61 0 0 0 0 0 0 0 0 0
scan 270 40 62 0 0 0 0 0 0 0 0 0
scan 270 40 63 0 0 0 0 0 0 0 0 0
scan 270 40 64 0 0 0 0 0 0 0 0 0
scan 270 40 65 0 0 0 0 0 0 0 0 0
scan 270 40 66 0 0 0 0 0 0 0 0 0
scan 270 40 67 0 0 0 0 0 0 0 0 0
scan 270 40 68 0 0 0 0 0 0 0 0 0
scan 270 40 69 0 0 0 0 0 0 0 0 0
scan 270 40 70 0 0 0 0 0 0 0 0 0
scan 270 40 71 0 0 0 0 0 0 0 0 0
scan 270 40 72 0 0 0 0 0 0 0 0 0
scan 270 40 73 0 0 0 0 0 0 0 0 0
scan 270 40 74 0 0 0 0 0 0 0 0 0
scan 270 40 120 0 0 0 0 0 0 0 0 0
scan 270 40 121 0 0 0 0 0 0 0 0 0
scan 270 40 122 0 0 0 0 0 0 0 0 0
scan 270 40 123 0 0 0 0 0 0 0 0 0
scan 270 40 124 0 0 0 0 0 0 0 0 0
scan 270 40 125 0 0 0 0 0 0 0 0 0
scan 270 40 126 0 0 0 0 0 0 0 0 0
scan 270 40 127 0 0 0 0 0 0 0 0 0
scan 270 40 128 0 0 0 0 0 0 0 0 0
scan 270 40 129 0 0 0 0 0 0 0 0 0
scan 270 40 130 0 0 0 0 0 0 0 0 0
scan 270 40 131 0 0 0 0 0 0 0 0 0
scan 270 40 132 2.30117e-05 0 2.30117e-05 6.9035e-07 6.9035e-07 6.9035e-07 1.15058e-06 1.3807e-06 1.62031e-05
scan 270 40 133 0 0 0 0 0 0 0 0 0
scan 270 40 134 0 0 0 0 0 0 0 0 0
scan 270 40 135 2.30117e-05 0 2.30117e-05 6.9035e-07 6.9035e-07 6.9035e-07 1.15058e-06 1.3807e-06 1.62031e-05
scan 270 40 136 6.9035e-05 0 3.98574e-05 2.07105e-06 2.07105e-06 2.07105e-06 3.45175e-06 4.1421e-06 4.86092e-05
scan 270 40 137 0 0 0 0 0 0 0 0 0
scan 270 40 138 0 0 0 0 0 0 0 0 0
scan 270 40 139 0 0 0 0 0 0 0 0 0
scan 270 40 140 0 0 0 0 0 0 0 0 0
scan 270 40 141 2.30117e-05 0 2.30117e-05 6.9035e-07 6.9035e-07 6.9035e-07 1.15058e-06 1.3807e-06 1.62031e-05
scan 270 40 142 0 0 0 0 0 0 0 0 0
scan 270 40 143 0 0 0 0 0 0 0 0 0
scan 270 40 144 2.30117e-05 0 2.30117e-05 6.9035e-07 6.9035e-07 6.9035e-07 1.15058e-06 1.3807e-06 1.62031e-05
scan 270 40 145 0 0 0 0 0 0 0 0 0
scan 270 40 146 0 0 0 0 0 0 0 0 0
scan 270 40 147 2.30117e-05 0 2.30117e-05 6.9035e-07 6.9035e-07 6.9035e-07 1.15058e-06 1.3807e-06 1.62031e-05
scan 270 40 148 0 0 0 0 0 0 0 0 0
scan 270 40 149 2.30117e-05 0 2.30117e-05 6.9035e-07 6.9035e-07 6.9035e-07 1.15058e-06 1.3807e-06 1.62031e-05
scan 270 40 60 0 0 0 0 0 0 0 0 0
scan 270 40 61 0 0 0 0 0 0 0 0 0
scan 270 40 62 0 0 0 0 0 0 0 0 0
scan 270 40 63 0 0 0 0 0 0 0 0 0
scan 270 40 64 0 0 0 0 0 0 0 0 0
scan 270 40 65 0 0 0 0 0 0 0 0 0
scan 270 40 66 0 0 0 0 0 0 0 0 0
scan 270 40 67 0 0 0 0 0 0 0 0 0
scan 270 40 68 0 0 0 0 0 0 0 0 0
scan 270 40 69 0 0 0 0 0 0 0 0 0
scan 270 40 70 0 0 0 0 0 0 0 0 0
scan 270 40 71 0 0 0 0 0 0 0 0 0
scan 270 40 72 0 0 0 0 0 0 0 0 0
scan 270 40 73 0 0 0 0 0 0 0 0 0
scan 270 40 74 0 0 0 0 0 0 0 0 0
scan 270 40 165 0 0 0 0 0 0 0 0 0
scan 270 40 166 0 0 0 0 0 0 0 0 0
scan 270 40 167 0 0 0 0 0 0 0 0 0
scan 270 40 168 0 0 0 0 0 0 0 0 0
scan 270 40 169 0 0 0 0 0 0 0 0 0
scan 270 40 170 0 0 0 0 0 0 0 0 0
scan 270 40 171 0 0 0 0 0 0 0 0 0
scan 270 40 172 0 0 0 0 0 0 0 0 0
scan 270 40 173 0 0 0 0 0 0 0 0 0
scan 270 40 174 0 0 0 0 0 0 0 0 0
scan 270 40 175 0 0 0 0 0 0 0 0 0
scan 270 40 176 0 0 0 0 0 0 0 0 0
scan 270 40 177 0 0 0 0 0 0 0 0 0
scan 270 40 178 0 0 0 0 0 0 0 0 0
scan 270 40 179 0 0 0 0 0 0 0 0 0
