xsec 430 330 0.0277012
scan 430 330 0 4.15621e-05 0 1.69677e-05 1.24686e-06 1.24686e-06 1.24686e-06 2.07811e-06 2.49373e-06 3.07636e-05
scan 430 330 1 2.77081e-05 0 1.3854e-05 8.31242e-07 8.31242e-07 8.31242e-07 1.3854e-06 1.66248e-06 2.05091e-05
scan 430 330 2 6.92702e-06 0 6.92702e-06 2.07811e-07 2.07811e-07 2.07811e-07 3.46351e-07 4.15621e-07 5.12727e-06
scan 430 330 3 0 0 0 0 0 0 0 0 0
scan 430 330 4 0 0 0 0 0 0 0 0 0
scan 430 330 5 6.92702e-06 0 6.92702e-06 2.07811e-07 2.07811e-07 2.07811e-07 3.46351e-07 4.15621e-07 5.12727e-06
scan 430 330 6 0 0 0 0 0 0 0 0 0
scan 430 330 7 0 0 0 0 0 0 0 0 0
scan 430 330 8 0 0 0 0 0 0 0 0 0
scan 430 330 9 6.92702e-06 0 6.92702e-06 2.07811e-07 2.07811e-07 2.07811e-07 3.46351e-07 4.15621e-07 5.12727e-06
scan 430 330 10 0 0 0 0 0 0 0 0 0
scan 430 330 11 0 0 0 0 0 0 0 0 0
scan 430 330 12 6.92702e-06 0 6.92702e-06 2.07811e-07 2.07811e-07 2.07811e-07 3.46351e-07 4.15621e-07 5.12727e-06
scan 430 330 13 0 0 0 0 0 0 0 0 0
scan 430 330 14 0 0 0 0 0 0 0 0 0
scan 430 330 15 0.000644213 0 6.68018e-05 1.93264e-05 1.93264e-05 1.93264e-05 3.22106e-05 3.86528e-05 0.000476836
scan 430 330 16 0.00072041 0 7.0642e-05 2.16123e-05 2.16123e-05 2.16123e-05 3.60205e-05 4.32246e-05 0.000533236
scan 430 330 17 0.000270154 0 4.32592e-05 8.10461e-06 8.10461e-06 8.10461e-06 1.35077e-05 1.62092e-05 0.000199963
scan 430 330 18 8.31242e-05 0 2.39959e-05 2.49373e-06 2.49373e-06 2.49373e-06 4.15621e-06 4.98745e-06 6.15272e-05
scan 430 330 19 2.77081e-05 0 1.3854e-05 8.31242e-07 8.31242e-07 8.31242e-07 1.3854e-06 1.66248e-06 2.05091e-05
scan 430 330 20 2.07811e-05 0 1.1998e-05 6.23432e-07 6.23432e-07 6.23432e-07 1.03905e-06 1.24686e-06 1.53818e-05
scan 430 330 21 0.000173176 0 3.46351e-05 5.19527e-06 5.19527e-06 5.19527e-06 8.65878e-06 1.03905e-05 0.000128182
scan 430 330 22 7.61972e-05 0 2.29743e-05 2.28592e-06 2.28592e-06 2.28592e-06 3.80986e-06 4.57183e-06 5.63999e-05
scan 430 330 23 2.07811e-05 0 1.1998e-05 6.23432e-07 6.23432e-07 6.23432e-07 1.03905e-06 1.24686e-06 1.53818e-05
scan 430 330 24 6.92702e-06 0 6.92702e-06 2.07811e-07 2.07811e-07 2.07811e-07 3.46351e-07 4.15621e-07 5.12727e-06
scan 430 330 25 0 0 0 0 0 0 0 0 0
scan 430 330 26 8.31242e-05 0 2.39959e-05 2.49373e-06 2.49373e-06 2.49373e-06 4.15621e-06 4.98745e-06 6.15272e-05
scan 430 330 27 4.84891e-05 0 1.83272e-05 1.45467e-06 1.45467e-06 1.45467e-06 2.42446e-06 2.90935e-06 3.58909e-05
scan 430 330 28 4.84891e-05 0 1.83272e-05 1.45467e-06 1.45467e-06 1.45467e-06 2.42446e-06 2.90935e-06 3.58909e-05
scan 430 330 29 1.3854e-05 0 9.79629e-06 4.15621e-07 4.15621e-07 4.15621e-07 6.92702e-07 8.31242e-07 1.02545e-05
scan 430 330 30 0 0 0 0 0 0 0 0 0
scan 430 330 31 0 0 0 0 0 0 0 0 0
scan 430 330 32 0 0 0 0 0 0 0 0 0
scan 430 330 33 0 0 0 0 0 0 0 0 0
scan 430 330 34 0 0 0 0 0 0 0 0 0
scan 430 330 35 0 0 0 0 0 0 0 0 0
scan 430 330 36 0 0 0 0 0 0 0 0 0
scan 430 330 37 0 0 0 0 0 0 0 0 0
scan 430 330 38 0 0 0 0 0 0 0 0 0
scan 430 330 39 0 0 0 0 0 0 0 0 0
scan 430 330 40 0 0 0 0 0 0 0 0 0
scan 430 330 41 0 0 0 0 0 0 0 0 0
scan 430 330 42 0 0 0 0 0 0 0 0 0
scan 430 330 43 0 0 0 0 0 0 0 0 0
scan 430 330 44 0 0 0 0 0 0 0 0 0
scan 430 330 45 1.3854e-05 0 9.79629e-06 4.15621e-07 4.15621e-07 4.15621e-07 6.92702e-07 8.31242e-07 1.02545e-05
scan 430 330 46 0 0 0 0 0 0 0 0 0
scan 430 330 47 0 0 0 0 0 0 0 0 0
scan 430 330 48 0 0 0 0 0 0 0 0 0
scan 430 330 49 0 0 0 0 0 0 0 0 0
scan 430 330 50 0 0 0 0 0 0 0 0 0
scan 430 330 51 0 0 0 0 0 0 0 0 0
scan 430 330 52 0 0 0 0 0 0 0 0 0
scan 430 330 53 0 0 0 0 0 0 0 0 0
scan 430 330 54 0 0 0 0 0 0 0 0 0
scan 430 330 55 0 0 0 0 0 0 0 0 0
scan 430 330 56 0 0 0 0 0 0 0 0 0
scan 430 330 57 6.92702e-06 0 6.92702e-06 2.07811e-07 2.07811e-07 2.07811e-07 3.46351e-07 4.15621e-07 5.12727e-06
scan 430 330 58 0 0 0 0 0 0 0 0 0
scan 430 330 59 0 0 0 0 0 0 0 0 0
scan 430 330 60 0 0 0 0 0 0 0 0 0
scan 430 330 61 0 0 0 0 0 0 0 0 0
scan 430 330 62 0 0 0 0 0 0 0 0 0
scan 430 330 63 0 0 0 0 0 0 0 0 0
scan 430 330 64 0 0 0 0 0 0 0 0 0
scan 430 330 65 0 0 0 0 0 0 0 0 0
scan 430 330 66 0 0 0 0 0 0 0 0 0
scan 430 330 67 0 0 0 0 0 0 0 0 0
scan 430 330 68 0 0 0 0 0 0 0 0 0
scan 430 330 69 0 0 0 0 0 0 0 0 0
scan 430 330 70 0 0 0 0 0 0 0 0 0
scan 430 330 71 0 0 0 0 0 0 0 0 0
scan 430 330 72 0 0 0 0 0 0 0 0 0
scan 430 330 73 0 0 0 0 0 0 0 0 0
scan 430 330 74 0 0 0 0 0 0 0 0 0
scan 430 330 75 0 0 0 0 0 0 0 0 0
scan 430 330 76 0 0 0 0 0 0 0 0 0
scan 430 330 77 0 0 0 0 0 0 0 0 0
scan 430 330 78 0 0 0 0 0 0 0 0 0
scan 430 330 79 0 0 0 0 0 0 0 0 0
scan 430 330 80 0 0 0 0 0 0 0 0 0
scan 430 330 81 0 0 0 0 0 0 0 0 0
scan 430 330 82 0 0 0 0 0 0 0 0 0
scan 430 330 83 0 0 0 0 0 0 0 0 0
scan 430 330 84 0 0 0 0 0 0 0 0 0
scan 430 330 85 0 0 0 0 0 0 0 0 0
scan 430 330 86 0 0 0 0 0 0 0 0 0
scan 430 330 87 0 0 0 0 0 0 0 0 0
scan 430 330 88 0 0 0 0 0 0 0 0 0
scan 430 330 89 0 0 0 0 0 0 0 0 0
scan 430 330 90 2.07811e-05 0 1.1998e-05 6.23432e-07 6.23432e-07 6.23432e-07 1.03905e-06 1.24686e-06 1.53818e-05
scan 430 330 91 6.92702e-06 0 6.92702e-06 2.07811e-07 2.07811e-07 2.07811e-07 3.46351e-07 4.15621e-07 5.12727e-06
scan 430 330 92 0 0 0 0 0 0 0 0 0
scan 430 330 93 0 0 0 0 0 0 0 0 0
scan 430 330 94 0 0 0 0 0 0 0 0 0
scan 430 330 95 0 0 0 0 0 0 0 0 0
scan 430 330 96 6.92702e-06 0 6.92702e-06 2.07811e-07 2.07811e-07 2.07811e-07 3.46351e-07 4.15621e-07 5.12727e-06
scan 430 330 97 0 0 0 0 0 0 0 0 0
scan 430 330 98 0 0 0 0 0 0 0 0 0
scan 430 330 99 0 0 0 0 0 0 0 0 0
scan 430 330 100 0 0 0 0 0 0 0 0 0
scan 430 330 101 0 0 0 0 0 0 0 0 0
scan 430 330 102 6.92702e-06 0 6.92702e-06 2.07811e-07 2.07811e-07 2.07811e-07 3.46351e-07 4.15621e-07 5.12727e-06
scan 430 330 103 0 0 0 0 0 0 0 0 0
scan 430 330 104 0 0 0 0 0 0 0 0 0
scan 430 330 60 0 0 0 0 0 0 0 0 0
scan 430 330 61 0 0 0 0 0 0 0 0 0
scan 430 330 62 0 0 0 0 0 0 0 0 0
scan 430 330 63 0 0 0 0 0 0 0 0 0
scan 430 330 64 0 0 0 0 0 0 0 0 0
scan 430 330 65 0 0 0 0 0 0 0 0 0
scan 430 330 66 0 0 0 0 0 0 0 0 0
scan 430 330 67 0 0 0 0 0 0 0 0 0
scan 430 330 68 0 0 0 0 0 0 0 0 0
scan 430 330 69 0 0 0 0 0 0 0 0 0
scan 430 330 70 0 0 0 0 0 0 0 0 0
scan 430 330 71 0 0 0 0 0 0 0 0 0
scan 430 330 72 0 0 0 0 0 0 0 0 0
scan 430 330 73 0 0 0 0 0 0 0 0 0
scan 430 330 74 0 0 0 0 0 0 0 0 0
scan 430 330 120 0 0 0 0 0 0 0 0 0
scan 430 330 121 0 0 0 0 0 0 0 0 0
scan 430 330 122 0 0 0 0 0 0 0 0 0
scan 430 330 123 0 0 0 0 0 0 0 0 0
scan 430 330 124 0 0 0 0 0 0 0 0 0
scan 430 330 125 0 0 0 0 0 0 0 0 0
scan 430 330 126 0 0 0 0 0 0 0 0 0
scan 430 330 127 0 0 0 0 0 0 0 0 0
scan 430 330 128 0 0 0 0 0 0 0 0 0
scan 430 330 129 0 0 0 0 0 0 0 0 0
scan 430 330 130 0 0 0 0 0 0 0 0 0
scan 430 330 131 0 0 0 0 0 0 0 0 0
scan 430 330 132 0 0 0 0 0 0 0 0 0
scan 430 330 133 0 0 0 0 0 0 0 0 0
scan 430 330 134 0 0 0 0 0 0 0 0 0
scan 430 330 135 6.92702e-06 0 6.92702e-06 2.07811e-07 2.07811e-07 2.07811e-07 3.46351e-07 4.15621e-07 5.12727e-06
scan 430 330 136 1.3854e-05 0 9.79629e-06 4.15621e-07 4.15621e-07 4.15621e-07 6.92702e-07 8.31242e-07 1.02545e-05
scan 430 330 137 6.92702e-06 0 6.92702e-06 2.07811e-07 2.07811e-07 2.07811e-07 3.46351e-07 4.15621e-07 5.12727e-06
scan 430 330 138 0 0 0 0 0 0 0 0 0
scan 430 330 139 0 0 0 0 0 0 0 0 0
scan 430 330 140 0 0 0 0 0 0 0 0 0
scan 430 330 141 6.92702e-06 0 6.92702e-06 2.07811e-07 2.07811e-07 2.07811e-07 3.46351e-07 4.15621e-07 5.12727e-06
scan 430 330 142 0 0 0 0 0 0 0 0 0
scan 430 330 143 0 0 0 0 0 0 0 0 0
scan 430 330 144 0 0 0 0 0 0 0 0 0
scan 430 330 145 0 0 0 0 0 0 0 0 0
scan 430 330 146 0 0 0 0 0 0 0 0 0
scan 430 330 147 0 0 0 0 0 0 0 0 0
scan 430 330 148 0 0 0 0 0 0 0 0 0
scan 430 330 149 0 0 0 0 0 0 0 0 0
scan 430 330 60 0 0 0 0 0 0 0 0 0
scan 430 330 61 0 0 0 0 0 0 0 0 0
scan 430 330 62 0 0 0 0 0 0 0 0 0
scan 430 330 63 0 0 0 0 0 0 0 0 0
scan 430 330 64 0 0 0 0 0 0 0 0 0
scan 430 330 65 0 0 0 0 0 0 0 0 0
scan 430 330 66 0 0 0 0 0 0 0 0 0
scan 430 330 67 0 0 0 0 0 0 0 0 0
scan 430 330 68 0 0 0 0 0 0 0 0 0
scan 430 330 69 0 0 0 0 0 0 0 0 0
scan 430 330 70 0 0 0 0 0 0 0 0 0
scan 430 330 71 0 0 0 0 0 0 0 0 0
scan 430 330 72 0 0 0 0 0 0 0 0 0
scan 430 330 73 0 0 0 0 0 0 0 0 0
scan 430 330 74 0 0 0 0 0 0 0 0 0
scan 430 330 165 0 0 0 0 0 0 0 0 0
scan 430 330 166 0 0 0 0 0 0 0 0 0
scan 430 330 167 0 0 0 0 0 0 0 0 0
scan 430 330 168 0 0 0 0 0 0 0 0 0
scan 430 330 169 0 0 0 0 0 0 0 0 0
scan 430 330 170 0 0 0 0 0 0 0 0 0
scan 430 330 171 0 0 0 0 0 0 0 0 0
scan 430 330 172 0 0 0 0 0 0 0 0 0
scan 430 330 173 0 0 0 0 0 0 0 0 0
scan 430 330 174 0 0 0 0 0 0 0 0 0
scan 430 330 175 0 0 0 0 0 0 0 0 0
scan 430 330 176 0 0 0 0 0 0 0 0 0
scan 430 330 177 0 0 0 0 0 0 0 0 0
scan 430 330 178 0 0 0 0 0 0 0 0 0
scan 430 330 179 0 0 0 0 0 0 0 0 0
