xsec 420 280 0.0311379
scan 420 280 0 2.80241e-05 0 9.34138e-06 8.40724e-07 8.40724e-07 8.40724e-07 1.40121e-06 1.68145e-06 2.07039e-05
scan 420 280 1 2.17966e-05 0 8.23832e-06 6.53897e-07 6.53897e-07 6.53897e-07 1.08983e-06 1.30779e-06 1.6103e-05
scan 420 280 2 2.49104e-05 0 8.80714e-06 7.47311e-07 7.47311e-07 7.47311e-07 1.24552e-06 1.49462e-06 1.84034e-05
scan 420 280 3 0 0 0 0 0 0 0 0 0
scan 420 280 4 3.11379e-06 0 3.11379e-06 9.34138e-08 9.34138e-08 9.34138e-08 1.5569e-07 1.86828e-07 2.30043e-06
scan 420 280 5 0 0 0 0 0 0 0 0 0
scan 420 280 6 1.24552e-05 0 6.22759e-06 3.73655e-07 3.73655e-07 3.73655e-07 6.22759e-07 7.47311e-07 9.20172e-06
scan 420 280 7 6.22759e-06 0 4.40357e-06 1.86828e-07 1.86828e-07 1.86828e-07 3.11379e-07 3.73655e-07 4.60086e-06
scan 420 280 8 3.11379e-06 0 3.11379e-06 9.34138e-08 9.34138e-08 9.34138e-08 1.5569e-07 1.86828e-07 2.30043e-06
scan 420 280 9 0 0 0 0 0 0 0 0 0
scan 420 280 10 0 0 0 0 0 0 0 0 0
scan 420 280 11 0 0 0 0 0 0 0 0 0
scan 420 280 12 2.17966e-05 0 8.23832e-06 6.53897e-07 6.53897e-07 6.53897e-07 1.08983e-06 1.30779e-06 1.6103e-05
scan 420 280 13 0 0 0 0 0 0 0 0 0
scan 420 280 14 0 0 0 0 0 0 0 0 0
scan 420 280 15 0.000370541 0 3.39675e-05 1.11162e-05 1.11162e-05 1.11162e-05 1.85271e-05 2.22325e-05 0.000273751
scan 420 280 16 0.000585393 0 4.26942e-05 1.75618e-05 1.75618e-05 1.75618e-05 2.92697e-05 3.51236e-05 0.000432481
scan 420 280 17 0.000435931 0 3.68429e-05 1.30779e-05 1.30779e-05 1.30779e-05 2.17966e-05 2.61559e-05 0.00032206
scan 420 280 18 0.000149462 0 2.1573e-05 4.48386e-06 4.48386e-06 4.48386e-06 7.47311e-06 8.96773e-06 0.000110421
scan 420 280 19 8.09586e-05 0 1.58773e-05 2.42876e-06 2.42876e-06 2.42876e-06 4.04793e-06 4.85752e-06 5.98112e-05
scan 420 280 20 3.73655e-05 0 1.07865e-05 1.12097e-06 1.12097e-06 1.12097e-06 1.86828e-06 2.24193e-06 2.76052e-05
scan 420 280 21 0.00015569 0 2.20178e-05 4.67069e-06 4.67069e-06 4.67069e-06 7.78448e-06 9.34138e-06 0.000115022
scan 420 280 22 0.000133893 0 2.04185e-05 4.01679e-06 4.01679e-06 4.01679e-06 6.69466e-06 8.03359e-06 9.89185e-05
scan 420 280 23 7.16173e-05 0 1.49332e-05 2.14852e-06 2.14852e-06 2.14852e-06 3.58086e-06 4.29704e-06 5.29099e-05
scan 420 280 24 3.11379e-05 0 9.84668e-06 9.34138e-07 9.34138e-07 9.34138e-07 1.5569e-06 1.86828e-06 2.30043e-05
scan 420 280 25 0 0 0 0 0 0 0 0 0
scan 420 280 26 9.34138e-05 0 1.7055e-05 2.80241e-06 2.80241e-06 2.80241e-06 4.67069e-06 5.60483e-06 6.90129e-05
scan 420 280 27 0.000283355 0 2.97037e-05 8.50066e-06 8.50066e-06 8.50066e-06 1.41678e-05 1.70013e-05 0.000209339
scan 420 280 28 0.000186828 0 2.41193e-05 5.60483e-06 5.60483e-06 5.60483e-06 9.34138e-06 1.12097e-05 0.000138026
scan 420 280 29 5.60483e-05 0 1.32107e-05 1.68145e-06 1.68145e-06 1.68145e-06 2.80241e-06 3.3629e-06 4.14078e-05
scan 420 280 30 3.11379e-06 0 3.11379e-06 9.34138e-08 9.34138e-08 9.34138e-08 1.5569e-07 1.86828e-07 2.30043e-06
scan 420 280 31 6.22759e-06 0 4.40357e-06 1.86828e-07 1.86828e-07 1.86828e-07 3.11379e-07 3.73655e-07 4.60086e-06
scan 420 280 32 6.22759e-06 0 4.40357e-06 1.86828e-07 1.86828e-07 1.86828e-07 3.11379e-07 3.73655e-07 4.60086e-06
scan 420 280 33 3.11379e-06 0 3.11379e-06 9.34138e-08 9.34138e-08 9.34138e-08 1.5569e-07 1.86828e-07 2.30043e-06
scan 420 280 34 0 0 0 0 0 0 0 0 0
scan 420 280 35 0 0 0 0 0 0 0 0 0
scan 420 280 36 9.34138e-06 0 5.39325e-06 2.80241e-07 2.80241e-07 2.80241e-07 4.67069e-07 5.60483e-07 6.90129e-06
scan 420 280 37 0 0 0 0 0 0 0 0 0
scan 420 280 38 0 0 0 0 0 0 0 0 0
scan 420 280 39 0 0 0 0 0 0 0 0 0
scan 420 280 40 0 0 0 0 0 0 0 0 0
scan 420 280 41 3.11379e-06 0 3.11379e-06 9.34138e-08 9.34138e-08 9.34138e-08 1.5569e-07 1.86828e-07 2.30043e-06
scan 420 280 42 9.34138e-06 0 5.39325e-06 2.80241e-07 2.80241e-07 2.80241e-07 4.67069e-07 5.60483e-07 6.90129e-06
scan 420 280 43 0 0 0 0 0 0 0 0 0
scan 420 280 44 0 0 0 0 0 0 0 0 0
scan 420 280 45 0 0 0 0 0 0 0 0 0
scan 420 280 46 3.11379e-06 0 3.11379e-06 9.34138e-08 9.34138e-08 9.34138e-08 1.5569e-07 1.86828e-07 2.30043e-06
scan 420 280 47 0 0 0 0 0 0 0 0 0
scan 420 280 48 0 0 0 0 0 0 0 0 0
scan 420 280 49 0 0 0 0 0 0 0 0 0
scan 420 280 50 0 0 0 0 0 0 0 0 0
scan 420 280 51 0 0 0 0 0 0 0 0 0
scan 420 280 52 0 0 0 0 0 0 0 0 0
scan 420 280 53 0 0 0 0 0 0 0 0 0
scan 420 280 54 0 0 0 0 0 0 0 0 0
scan 420 280 55 0 0 0 0 0 0 0 0 0
scan 420 280 56 3.11379e-06 0 3.11379e-06 9.34138e-08 9.34138e-08 9.34138e-08 1.5569e-07 1.86828e-07 2.30043e-06
scan 420 280 57 0 0 0 0 0 0 0 0 0
scan 420 280 58 3.11379e-06 0 3.11379e-06 9.34138e-08 9.34138e-08 9.34138e-08 1.5569e-07 1.86828e-07 2.30043e-06
scan 420 280 59 0 0 0 0 0 0 0 0 0
scan 420 280 60 0 0 0 0 0 0 0 0 0
scan 420 280 61 0 0 0 0 0 0 0 0 0
scan 420 280 62 0 0 0 0 0 0 0 0 0
scan 420 280 63 0 0 0 0 0 0 0 0 0
scan 420 280 64 0 0 0 0 0 0 0 0 0
scan 420 280 65 0 0 0 0 0 0 0 0 0
scan 420 280 66 0 0 0 0 0 0 0 0 0
scan 420 280 67 0 0 0 0 0 0 0 0 0
scan 420 280 68 0 0 0 0 0 0 0 0 0
scan 420 280 69 0 0 0 0 0 0 0 0 0
scan 420 280 70 0 0 0 0 0 0 0 0 0
scan 420 280 71 0 0 0 0 0 0 0 0 0
scan 420 280 72 0 0 0 0 0 0 0 0 0
scan 420 280 73 0 0 0 0 0 0 0 0 0
scan 420 280 74 0 0 0 0 0 0 0 0 0
scan 420 280 75 0 0 0 0 0 0 0 0 0
scan 420 280 76 0 0 0 0 0 0 0 0 0
scan 420 280 77 0 0 0 0 0 0 0 0 0
scan 420 280 78 0 0 0 0 0 0 0 0 0
scan 420 280 79 0 0 0 0 0 0 0 0 0
scan 420 280 80 0 0 0 0 0 0 0 0 0
scan 420 280 81 0 0 0 0 0 0 0 0 0
scan 420 280 82 0 0 0 0 0 0 0 0 0
scan 420 280 83 0 0 0 0 0 0 0 0 0
scan 420 280 84 0 0 0 0 0 0 0 0 0
scan 420 280 85 0 0 0 0 0 0 0 0 0
scan 420 280 86 0 0 0 0 0 0 0 0 0
scan 420 280 87 0 0 0 0 0 0 0 0 0
scan 420 280 88 0 0 0 0 0 0 0 0 0
scan 420 280 89 0 0 0 0 0 0 0 0 0
scan 420 280 90 3.11379e-05 0 9.84668e-06 9.34138e-07 9.34138e-07 9.34138e-07 1.5569e-06 1.86828e-06 2.30043e-05
scan 420 280 91 1.5569e-05 0 6.96265e-06 4.67069e-07 4.67069e-07 4.67069e-07 7.78448e-07 9.34138e-07 1.15022e-05
scan 420 280 92 1.86828e-05 0 7.62721e-06 5.60483e-07 5.60483e-07 5.60483e-07 9.34138e-07 1.12097e-06 1.38026e-05
scan 420 280 93 3.11379e-06 0 3.11379e-06 9.34138e-08 9.34138e-08 9.34138e-08 1.5569e-07 1.86828e-07 2.30043e-06
scan 420 280 94 0 0 0 0 0 0 0 0 0
scan 420 280 95 0 0 0 0 0 0 0 0 0
scan 420 280 96 3.11379e-06 0 3.11379e-06 9.34138e-08 9.34138e-08 9.34138e-08 1.5569e-07 1.86828e-07 2.30043e-06
scan 420 280 97 6.22759e-06 0 4.40357e-06 1.86828e-07 1.86828e-07 1.86828e-07 3.11379e-07 3.73655e-07 4.60086e-06
scan 420 280 98 0 0 0 0 0 0 0 0 0
scan 420 280 99 0 0 0 0 0 0 0 0 0
scan 420 280 100 0 0 0 0 0 0 0 0 0
scan 420 280 101 6.22759e-06 0 4.40357e-06 1.86828e-07 1.86828e-07 1.86828e-07 3.11379e-07 3.73655e-07 4.60086e-06
scan 420 280 102 6.22759e-06 0 4.40357e-06 1.86828e-07 1.86828e-07 1.86828e-07 3.11379e-07 3.73655e-07 4.60086e-06
scan 420 280 103 3.11379e-06 0 3.11379e-06 9.34138e-08 9.34138e-08 9.34138e-08 1.5569e-07 1.86828e-07 2.30043e-06
scan 420 280 104 0 0 0 0 0 0 0 0 0
scan 420 280 60 0 0 0 0 0 0 0 0 0
scan 420 280 61 0 0 0 0 0 0 0 0 0
scan 420 280 62 0 0 0 0 0 0 0 0 0
scan 420 280 63 0 0 0 0 0 0 0 0 0
scan 420 280 64 0 0 0 0 0 0 0 0 0
scan 420 280 65 0 0 0 0 0 0 0 0 0
scan 420 280 66 0 0 0 0 0 0 0 0 0
scan 420 280 67 0 0 0 0 0 0 0 0 0
scan 420 280 68 0 0 0 0 0 0 0 0 0
scan 420 280 69 0 0 0 0 0 0 0 0 0
scan 420 280 70 0 0 0 0 0 0 0 0 0
scan 420 280 71 0 0 0 0 0 0 0 0 0
scan 420 280 72 0 0 0 0 0 0 0 0 0
scan 420 280 73 0 0 0 0 0 0 0 0 0
scan 420 280 74 0 0 0 0 0 0 0 0 0
scan 420 280 120 0 0 0 0 0 0 0 0 0
scan 420 280 121 0 0 0 0 0 0 0 0 0
scan 420 280 122 0 0 0 0 0 0 0 0 0
scan 420 280 123 0 0 0 0 0 0 0 0 0
scan 420 280 124 0 0 0 0 0 0 0 0 0
scan 420 280 125 0 0 0 0 0 0 0 0 0
scan 420 280 126 0 0 0 0 0 0 0 0 0
scan 420 280 127 0 0 0 0 0 0 0 0 0
scan 420 280 128 0 0 0 0 0 0 0 0 0
scan 420 280 129 0 0 0 0 0 0 0 0 0
scan 420 280 130 0 0 0 0 0 0 0 0 0
scan 420 280 131 0 0 0 0 0 0 0 0 0
scan 420 280 132 0 0 0 0 0 0 0 0 0
scan 420 280 133 0 0 0 0 0 0 0 0 0
scan 420 280 134 0 0 0 0 0 0 0 0 0
scan 420 280 135 1.24552e-05 0 6.22759e-06 3.73655e-07 3.73655e-07 3.73655e-07 6.22759e-07 7.47311e-07 9.20172e-06
scan 420 280 136 2.17966e-05 0 8.23832e-06 6.53897e-07 6.53897e-07 6.53897e-07 1.08983e-06 1.30779e-06 1.6103e-05
scan 420 280 137 0 0 0 0 0 0 0 0 0
scan 420 280 138 3.11379e-06 0 3.11379e-06 9.34138e-08 9.34138e-08 9.34138e-08 1.5569e-07 1.86828e-07 2.30043e-06
scan 420 280 139 0 0 0 0 0 0 0 0 0
scan 420 280 140 0 0 0 0 0 0 0 0 0
scan 420 280 141 0 0 0 0 0 0 0 0 0
scan 420 280 142 3.11379e-06 0 3.11379e-06 9.34138e-08 9.34138e-08 9.34138e-08 1.5569e-07 1.86828e-07 2.30043e-06
scan 420 280 143 0 0 0 0 0 0 0 0 0
scan 420 280 144 0 0 0 0 0 0 0 0 0
scan 420 280 145 0 0 0 0 0 0 0 0 0
scan 420 280 146 0 0 0 0 0 0 0 0 0
scan 420 280 147 0 0 0 0 0 0 0 0 0
scan 420 280 148 0 0 0 0 0 0 0 0 0
scan 420 280 149 3.11379e-06 0 3.11379e-06 9.34138e-08 9.34138e-08 9.34138e-08 1.5569e-07 1.86828e-07 2.30043e-06
scan 420 280 60 0 0 0 0 0 0 0 0 0
scan 420 280 61 0 0 0 0 0 0 0 0 0
scan 420 280 62 0 0 0 0 0 0 0 0 0
scan 420 280 63 0 0 0 0 0 0 0 0 0
scan 420 280 64 0 0 0 0 0 0 0 0 0
scan 420 280 65 0 0 0 0 0 0 0 0 0
scan 420 280 66 0 0 0 0 0 0 0 0 0
scan 420 280 67 0 0 0 0 0 0 0 0 0
scan 420 280 68 0 0 0 0 0 0 0 0 0
scan 420 280 69 0 0 0 0 0 0 0 0 0
scan 420 280 70 0 0 0 0 0 0 0 0 0
scan 420 280 71 0 0 0 0 0 0 0 0 0
scan 420 280 72 0 0 0 0 0 0 0 0 0
scan 420 280 73 0 0 0 0 0 0 0 0 0
scan 420 280 74 0 0 0 0 0 0 0 0 0
scan 420 280 165 0 0 0 0 0 0 0 0 0
scan 420 280 166 0 0 0 0 0 0 0 0 0
scan 420 280 167 0 0 0 0 0 0 0 0 0
scan 420 280 168 0 0 0 0 0 0 0 0 0
scan 420 280 169 0 0 0 0 0 0 0 0 0
scan 420 280 170 0 0 0 0 0 0 0 0 0
scan 420 280 171 0 0 0 0 0 0 0 0 0
scan 420 280 172 0 0 0 0 0 0 0 0 0
scan 420 280 173 0 0 0 0 0 0 0 0 0
scan 420 280 174 0 0 0 0 0 0 0 0 0
scan 420 280 175 0 0 0 0 0 0 0 0 0
scan 420 280 176 0 0 0 0 0 0 0 0 0
scan 420 280 177 0 0 0 0 0 0 0 0 0
scan 420 280 178 0 0 0 0 0 0 0 0 0
scan 420 280 179 0 0 0 0 0 0 0 0 0
