xsec 210 100 0.646755
scan 210 100 0 0.000840866 0 0.000233214 2.5226e-05 2.5226e-05 2.5226e-05 4.20433e-05 5.0452e-05 0.000576101
scan 210 100 1 0.000452774 0 0.000171133 1.35832e-05 1.35832e-05 1.35832e-05 2.26387e-05 2.71664e-05 0.000310208
scan 210 100 2 0.000388092 0 0.000158438 1.16428e-05 1.16428e-05 1.16428e-05 1.94046e-05 2.32855e-05 0.000265893
scan 210 100 3 0 0 0 0 0 0 0 0 0
scan 210 100 4 0 0 0 0 0 0 0 0 0
scan 210 100 5 6.4682e-05 0 6.4682e-05 1.94046e-06 1.94046e-06 1.94046e-06 3.2341e-06 3.88092e-06 4.43155e-05
scan 210 100 6 0.000258728 0 0.000129364 7.76184e-06 7.76184e-06 7.76184e-06 1.29364e-05 1.55237e-05 0.000177262
scan 210 100 7 0 0 0 0 0 0 0 0 0
scan 210 100 8 0 0 0 0 0 0 0 0 0
scan 210 100 9 0 0 0 0 0 0 0 0 0
scan 210 100 10 0 0 0 0 0 0 0 0 0
scan 210 100 11 0.000129364 0 9.14742e-05 3.88092e-06 3.88092e-06 3.88092e-06 6.4682e-06 7.76184e-06 8.86309e-05
scan 210 100 12 0.000129364 0 9.14742e-05 3.88092e-06 3.88092e-06 3.88092e-06 6.4682e-06 7.76184e-06 8.86309e-05
scan 210 100 13 0 0 0 0 0 0 0 0 0
scan 210 100 14 0 0 0 0 0 0 0 0 0
scan 210 100 15 0.0137773 0 0.000944003 0.000413318 0.000413318 0.000413318 0.000688863 0.000826636 0.00943919
scan 210 100 16 0.0157177 0 0.00100829 0.000471532 0.000471532 0.000471532 0.000785886 0.000943064 0.0107687
scan 210 100 17 0.00569202 0 0.000606771 0.000170761 0.000170761 0.000170761 0.000284601 0.000341521 0.00389976
scan 210 100 18 0.00155237 0 0.000316876 4.65711e-05 4.65711e-05 4.65711e-05 7.76184e-05 9.31421e-05 0.00106357
scan 210 100 19 0.00109959 0 0.000266691 3.29878e-05 3.29878e-05 3.29878e-05 5.49797e-05 6.59757e-05 0.000753363
scan 210 100 20 0.000452774 0 0.000171133 1.35832e-05 1.35832e-05 1.35832e-05 2.26387e-05 2.71664e-05 0.000310208
scan 210 100 21 0.00413965 0 0.000517456 0.000124189 0.000124189 0.000124189 0.000206982 0.000248379 0.00283619
scan 210 100 22 0.00109959 0 0.000266691 3.29878e-05 3.29878e-05 3.29878e-05 5.49797e-05 6.59757e-05 0.000753363
scan 210 100 23 0.000258728 0 0.000129364 7.76184e-06 7.76184e-06 7.76184e-06 1.29364e-05 1.55237e-05 0.000177262
scan 210 100 24 0.000129364 0 9.14742e-05 3.88092e-06 3.88092e-06 3.88092e-06 6.4682e-06 7.76184e-06 8.86309e-05
scan 210 100 25 0 0 0 0 0 0 0 0 0
scan 210 100 26 0.00129364 0 0.000289267 3.88092e-05 3.88092e-05 3.88092e-05 6.4682e-05 7.76184e-05 0.000886309
scan 210 100 27 0.000776184 0 0.000224065 2.32855e-05 2.32855e-05 2.32855e-05 3.88092e-05 4.65711e-05 0.000531786
scan 210 100 28 0.000194046 0 0.000112033 5.82138e-06 5.82138e-06 5.82138e-06 9.7023e-06 1.16428e-05 0.000132946
scan 210 100 29 0 0 0 0 0 0 0 0 0
scan 210 100 30 6.4682e-05 0 6.4682e-05 1.94046e-06 1.94046e-06 1.94046e-06 3.2341e-06 3.88092e-06 4.43155e-05
scan 210 100 31 0 0 0 0 0 0 0 0 0
scan 210 100 32 0 0 0 0 0 0 0 0 0
scan 210 100 33 0 0 0 0 0 0 0 0 0
scan 210 100 34 6.4682e-05 0 6.4682e-05 1.94046e-06 1.94046e-06 1.94046e-06 3.2341e-06 3.88092e-06 4.43155e-05
scan 210 100 35 6.4682e-05 0 6.4682e-05 1.94046e-06 1.94046e-06 1.94046e-06 3.2341e-06 3.88092e-06 4.43155e-05
scan 210 100 36 6.4682e-05 0 6.4682e-05 1.94046e-06 1.94046e-06 1.94046e-06 3.2341e-06 3.88092e-06 4.43155e-05
scan 210 100 37 0 0 0 0 0 0 0 0 0
scan 210 100 38 0 0 0 0 0 0 0 0 0
scan 210 100 39 0 0 0 0 0 0 0 0 0
scan 210 100 40 0 0 0 0 0 0 0 0 0
scan 210 100 41 6.4682e-05 0 6.4682e-05 1.94046e-06 1.94046e-06 1.94046e-06 3.2341e-06 3.88092e-06 4.43155e-05
scan 210 100 42 0 0 0 0 0 0 0 0 0
scan 210 100 43 0 0 0 0 0 0 0 0 0
scan 210 100 44 0 0 0 0 0 0 0 0 0
scan 210 100 45 0.000129364 0 9.14742e-05 3.88092e-06 3.88092e-06 3.88092e-06 6.4682e-06 7.76184e-06 8.86309e-05
scan 210 100 46 6.4682e-05 0 6.4682e-05 1.94046e-06 1.94046e-06 1.94046e-06 3.2341e-06 3.88092e-06 4.43155e-05
scan 210 100 47 0 0 0 0 0 0 0 0 0
scan 210 100 48 0 0 0 0 0 0 0 0 0
scan 210 100 49 0 0 0 0 0 0 0 0 0
scan 210 100 50 0 0 0 0 0 0 0 0 0
scan 210 100 51 6.4682e-05 0 6.4682e-05 1.94046e-06 1.94046e-06 1.94046e-06 3.2341e-06 3.88092e-06 4.43155e-05
scan 210 100 52 6.4682e-05 0 6.4682e-05 1.94046e-06 1.94046e-06 1.94046e-06 3.2341e-06 3.88092e-06 4.43155e-05
scan 210 100 53 0 0 0 0 0 0 0 0 0
scan 210 100 54 0 0 0 0 0 0 0 0 0
scan 210 100 55 0 0 0 0 0 0 0 0 0
scan 210 100 56 0 0 0 0 0 0 0 0 0
scan 210 100 57 0 0 0 0 0 0 0 0 0
scan 210 100 58 0 0 0 0 0 0 0 0 0
scan 210 100 59 0 0 0 0 0 0 0 0 0
scan 210 100 60 0 0 0 0 0 0 0 0 0
scan 210 100 61 0 0 0 0 0 0 0 0 0
scan 210 100 62 0 0 0 0 0 0 0 0 0
scan 210 100 63 0 0 0 0 0 0 0 0 0
scan 210 100 64 0 0 0 0 0 0 0 0 0
scan 210 100 65 0 0 0 0 0 0 0 0 0
scan 210 100 66 0 0 0 0 0 0 0 0 0
scan 210 100 67 0 0 0 0 0 0 0 0 0
scan 210 100 68 0 0 0 0 0 0 0 0 0
scan 210 100 69 0 0 0 0 0 0 0 0 0
scan 210 100 70 0 0 0 0 0 0 0 0 0
scan 210 100 71 0 0 0 0 0 0 0 0 0
scan 210 100 72 0 0 0 0 0 0 0 0 0
scan 210 100 73 0 0 0 0 0 0 0 0 0
scan 210 100 74 0 0 0 0 0 0 0 0 0
scan 210 100 75 0 0 0 0 0 0 0 0 0
scan 210 100 76 0 0 0 0 0 0 0 0 0
scan 210 100 77 0 0 0 0 0 0 0 0 0
scan 210 100 78 0 0 0 0 0 0 0 0 0
scan 210 100 79 0 0 0 0 0 0 0 0 0
scan 210 100 80 0 0 0 0 0 0 0 0 0
scan 210 100 81 0 0 0 0 0 0 0 0 0
scan 210 100 82 0 0 0 0 0 0 0 0 0
scan 210 100 83 0 0 0 0 0 0 0 0 0
scan 210 100 84 0 0 0 0 0 0 0 0 0
scan 210 100 85 0 0 0 0 0 0 0 0 0
scan 210 100 86 0 0 0 0 0 0 0 0 0
scan 210 100 87 0 0 0 0 0 0 0 0 0
scan 210 100 88 0 0 0 0 0 0 0 0 0
scan 210 100 89 0 0 0 0 0 0 0 0 0
scan 210 100 90 0.000194046 0 0.000112033 5.82138e-06 5.82138e-06 5.82138e-06 9.7023e-06 1.16428e-05 0.000132946
scan 210 100 91 6.4682e-05 0 6.4682e-05 1.94046e-06 1.94046e-06 1.94046e-06 3.2341e-06 3.88092e-06 4.43155e-05
scan 210 100 92 6.4682e-05 0 6.4682e-05 1.94046e-06 1.94046e-06 1.94046e-06 3.2341e-06 3.88092e-06 4.43155e-05
scan 210 100 93 0 0 0 0 0 0 0 0 0
scan 210 100 94 0 0 0 0 0 0 0 0 0
scan 210 100 95 0 0 0 0 0 0 0 0 0
scan 210 100 96 0.000129364 0 9.14742e-05 3.88092e-06 3.88092e-06 3.88092e-06 6.4682e-06 7.76184e-06 8.86309e-05
scan 210 100 97 0 0 0 0 0 0 0 0 0
scan 210 100 98 0 0 0 0 0 0 0 0 0
scan 210 100 99 0 0 0 0 0 0 0 0 0
scan 210 100 100 0 0 0 0 0 0 0 0 0
scan 210 100 101 0 0 0 0 0 0 0 0 0
scan 210 100 102 6.4682e-05 0 6.4682e-05 1.94046e-06 1.94046e-06 1.94046e-06 3.2341e-06 3.88092e-06 4.43155e-05
scan 210 100 103 0 0 0 0 0 0 0 0 0
scan 210 100 104 0 0 0 0 0 0 0 0 0
scan 210 100 60 0 0 0 0 0 0 0 0 0
scan 210 100 61 0 0 0 0 0 0 0 0 0
scan 210 100 62 0 0 0 0 0 0 0 0 0
scan 210 100 63 0 0 0 0 0 0 0 0 0
scan 210 100 64 0 0 0 0 0 0 0 0 0
scan 210 100 65 0 0 0 0 0 0 0 0 0
scan 210 100 66 0 0 0 0 0 0 0 0 0
scan 210 100 67 0 0 0 0 0 0 0 0 0
scan 210 100 68 0 0 0 0 0 0 0 0 0
scan 210 100 69 0 0 0 0 0 0 0 0 0
scan 210 100 70 0 0 0 0 0 0 0 0 0
scan 210 100 71 0 0 0 0 0 0 0 0 0
scan 210 100 72 0 0 0 0 0 0 0 0 0
scan 210 100 73 0 0 0 0 0 0 0 0 0
scan 210 100 74 0 0 0 0 0 0 0 0 0
scan 210 100 120 0 0 0 0 0 0 0 0 0
scan 210 100 121 0 0 0 0 0 0 0 0 0
scan 210 100 122 0 0 0 0 0 0 0 0 0
scan 210 100 123 0 0 0 0 0 0 0 0 0
scan 210 100 124 0 0 0 0 0 0 0 0 0
scan 210 100 125 0 0 0 0 0 0 0 0 0
scan 210 100 126 0 0 0 0 0 0 0 0 0
scan 210 100 127 0 0 0 0 0 0 0 0 0
scan 210 100 128 0 0 0 0 0 0 0 0 0
scan 210 100 129 0 0 0 0 0 0 0 0 0
scan 210 100 130 0 0 0 0 0 0 0 0 0
scan 210 100 131 0 0 0 0 0 0 0 0 0
scan 210 100 132 0 0 0 0 0 0 0 0 0
scan 210 100 133 0 0 0 0 0 0 0 0 0
scan 210 100 134 0 0 0 0 0 0 0 0 0
scan 210 100 135 0.00032341 0 0.000144633 9.7023e-06 9.7023e-06 9.7023e-06 1.61705e-05 1.94046e-05 0.000221577
scan 210 100 136 0.000258728 0 0.000129364 7.76184e-06 7.76184e-06 7.76184e-06 1.29364e-05 1.55237e-05 0.000177262
scan 210 100 137 0 0 0 0 0 0 0 0 0
scan 210 100 138 0 0 0 0 0 0 0 0 0
scan 210 100 139 0 0 0 0 0 0 0 0 0
scan 210 100 140 0 0 0 0 0 0 0 0 0
scan 210 100 141 0.000129364 0 9.14742e-05 3.88092e-06 3.88092e-06 3.88092e-06 6.4682e-06 7.76184e-06 8.86309e-05
scan 210 100 142 0 0 0 0 0 0 0 0 0
scan 210 100 143 0 0 0 0 0 0 0 0 0
scan 210 100 144 0 0 0 0 0 0 0 0 0
scan 210 100 145 0 0 0 0 0 0 0 0 0
scan 210 100 146 6.4682e-05 0 6.4682e-05 1.94046e-06 1.94046e-06 1.94046e-06 3.2341e-06 3.88092e-06 4.43155e-05
scan 210 100 147 0 0 0 0 0 0 0 0 0
scan 210 100 148 0 0 0 0 0 0 0 0 0
scan 210 100 149 0 0 0 0 0 0 0 0 0
scan 210 100 60 0 0 0 0 0 0 0 0 0
scan 210 100 61 0 0 0 0 0 0 0 0 0
scan 210 100 62 0 0 0 0 0 0 0 0 0
scan 210 100 63 0 0 0 0 0 0 0 0 0
scan 210 100 64 0 0 0 0 0 0 0 0 0
scan 210 100 65 0 0 0 0 0 0 0 0 0
scan 210 100 66 0 0 0 0 0 0 0 0 0
scan 210 100 67 0 0 0 0 0 0 0 0 0
scan 210 100 68 0 0 0 0 0 0 0 0 0
scan 210 100 69 0 0 0 0 0 0 0 0 0
scan 210 100 70 0 0 0 0 0 0 0 0 0
scan 210 100 71 0 0 0 0 0 0 0 0 0
scan 210 100 72 0 0 0 0 0 0 0 0 0
scan 210 100 73 0 0 0 0 0 0 0 0 0
scan 210 100 74 0 0 0 0 0 0 0 0 0
scan 210 100 165 0 0 0 0 0 0 0 0 0
scan 210 100 166 0 0 0 0 0 0 0 0 0
scan 210 100 167 0 0 0 0 0 0 0 0 0
scan 210 100 168 0 0 0 0 0 0 0 0 0
scan 210 100 169 0 0 0 0 0 0 0 0 0
scan 210 100 170 0 0 0 0 0 0 0 0 0
scan 210 100 171 0 0 0 0 0 0 0 0 0
scan 210 100 172 0 0 0 0 0 0 0 0 0
scan 210 100 173 0 0 0 0 0 0 0 0 0
scan 210 100 174 0 0 0 0 0 0 0 0 0
scan 210 100 175 0 0 0 0 0 0 0 0 0
scan 210 100 176 0 0 0 0 0 0 0 0 0
scan 210 100 177 0 0 0 0 0 0 0 0 0
scan 210 100 178 0 0 0 0 0 0 0 0 0
scan 210 100 179 0 0 0 0 0 0 0 0 0
