xsec 410 80 0.0350132
scan 410 80 0 1.05061e-05 0 6.06568e-06 3.15182e-07 3.15182e-07 3.15182e-07 5.25303e-07 6.30364e-07 7.74297e-06
scan 410 80 1 0 0 0 0 0 0 0 0 0
scan 410 80 2 7.00405e-06 0 4.95261e-06 2.10121e-07 2.10121e-07 2.10121e-07 3.50202e-07 4.20243e-07 5.16198e-06
scan 410 80 3 3.50202e-06 0 3.50202e-06 1.05061e-07 1.05061e-07 1.05061e-07 1.75101e-07 2.10121e-07 2.58099e-06
scan 410 80 4 2.10121e-05 0 8.57817e-06 6.30364e-07 6.30364e-07 6.30364e-07 1.05061e-06 1.26073e-06 1.54859e-05
scan 410 80 5 0 0 0 0 0 0 0 0 0
scan 410 80 6 0 0 0 0 0 0 0 0 0
scan 410 80 7 7.00405e-06 0 4.95261e-06 2.10121e-07 2.10121e-07 2.10121e-07 3.50202e-07 4.20243e-07 5.16198e-06
scan 410 80 8 3.50202e-06 0 3.50202e-06 1.05061e-07 1.05061e-07 1.05061e-07 1.75101e-07 2.10121e-07 2.58099e-06
scan 410 80 9 0 0 0 0 0 0 0 0 0
scan 410 80 10 0 0 0 0 0 0 0 0 0
scan 410 80 11 0 0 0 0 0 0 0 0 0
scan 410 80 12 7.00405e-06 0 4.95261e-06 2.10121e-07 2.10121e-07 2.10121e-07 3.50202e-07 4.20243e-07 5.16198e-06
scan 410 80 13 1.40081e-05 0 7.00405e-06 4.20243e-07 4.20243e-07 4.20243e-07 7.00405e-07 8.40485e-07 1.0324e-05
scan 410 80 14 4.55263e-05 0 1.26267e-05 1.36579e-06 1.36579e-06 1.36579e-06 2.27631e-06 2.73158e-06 3.35529e-05
scan 410 80 15 0.000119069 0 2.04201e-05 3.57206e-06 3.57206e-06 3.57206e-06 5.95344e-06 7.14413e-06 8.77536e-05
scan 410 80 16 0.000227631 0 2.82342e-05 6.82894e-06 6.82894e-06 6.82894e-06 1.13816e-05 1.36579e-05 0.000167764
scan 410 80 17 0.000245142 0 2.93e-05 7.35425e-06 7.35425e-06 7.35425e-06 1.22571e-05 1.47085e-05 0.000180669
scan 410 80 18 0.000154089 0 2.32298e-05 4.62267e-06 4.62267e-06 4.62267e-06 7.70445e-06 9.24534e-06 0.000113563
scan 410 80 19 0.000339696 0 3.44909e-05 1.01909e-05 1.01909e-05 1.01909e-05 1.69848e-05 2.03818e-05 0.000250356
scan 410 80 20 1.40081e-05 0 7.00405e-06 4.20243e-07 4.20243e-07 4.20243e-07 7.00405e-07 8.40485e-07 1.0324e-05
scan 410 80 21 7.70445e-05 0 1.64259e-05 2.31134e-06 2.31134e-06 2.31134e-06 3.85223e-06 4.62267e-06 5.67817e-05
scan 410 80 22 5.25303e-05 0 1.35633e-05 1.57591e-06 1.57591e-06 1.57591e-06 2.62652e-06 3.15182e-06 3.87148e-05
scan 410 80 23 4.90283e-05 0 1.31034e-05 1.47085e-06 1.47085e-06 1.47085e-06 2.45142e-06 2.9417e-06 3.61338e-05
scan 410 80 24 0.000157591 0 2.34923e-05 4.72773e-06 4.72773e-06 4.72773e-06 7.87955e-06 9.45546e-06 0.000116144
scan 410 80 25 1.05061e-05 0 6.06568e-06 3.15182e-07 3.15182e-07 3.15182e-07 5.25303e-07 6.30364e-07 7.74297e-06
scan 410 80 26 5.60324e-05 0 1.40081e-05 1.68097e-06 1.68097e-06 1.68097e-06 2.80162e-06 3.36194e-06 4.12958e-05
scan 410 80 27 0.000210121 0 2.71266e-05 6.30364e-06 6.30364e-06 6.30364e-06 1.05061e-05 1.26073e-05 0.000154859
scan 410 80 28 0.000322186 0 3.35902e-05 9.66558e-06 9.66558e-06 9.66558e-06 1.61093e-05 1.93312e-05 0.000237451
scan 410 80 29 0.00101208 0 5.95344e-05 3.03625e-05 3.03625e-05 3.03625e-05 5.06042e-05 6.07251e-05 0.000745906
scan 410 80 30 0 0 0 0 0 0 0 0 0
scan 410 80 31 1.05061e-05 0 6.06568e-06 3.15182e-07 3.15182e-07 3.15182e-07 5.25303e-07 6.30364e-07 7.74297e-06
scan 410 80 32 7.00405e-06 0 4.95261e-06 2.10121e-07 2.10121e-07 2.10121e-07 3.50202e-07 4.20243e-07 5.16198e-06
scan 410 80 33 7.00405e-06 0 4.95261e-06 2.10121e-07 2.10121e-07 2.10121e-07 3.50202e-07 4.20243e-07 5.16198e-06
scan 410 80 34 1.05061e-05 0 6.06568e-06 3.15182e-07 3.15182e-07 3.15182e-07 5.25303e-07 6.30364e-07 7.74297e-06
scan 410 80 35 0 0 0 0 0 0 0 0 0
scan 410 80 36 0 0 0 0 0 0 0 0 0
scan 410 80 37 3.50202e-06 0 3.50202e-06 1.05061e-07 1.05061e-07 1.05061e-07 1.75101e-07 2.10121e-07 2.58099e-06
scan 410 80 38 0 0 0 0 0 0 0 0 0
scan 410 80 39 0 0 0 0 0 0 0 0 0
scan 410 80 40 0 0 0 0 0 0 0 0 0
scan 410 80 41 0 0 0 0 0 0 0 0 0
scan 410 80 42 3.50202e-06 0 3.50202e-06 1.05061e-07 1.05061e-07 1.05061e-07 1.75101e-07 2.10121e-07 2.58099e-06
scan 410 80 43 2.10121e-05 0 8.57817e-06 6.30364e-07 6.30364e-07 6.30364e-07 1.05061e-06 1.26073e-06 1.54859e-05
scan 410 80 44 1.05061e-05 0 6.06568e-06 3.15182e-07 3.15182e-07 3.15182e-07 5.25303e-07 6.30364e-07 7.74297e-06
scan 410 80 45 7.00405e-06 0 4.95261e-06 2.10121e-07 2.10121e-07 2.10121e-07 3.50202e-07 4.20243e-07 5.16198e-06
scan 410 80 46 3.50202e-06 0 3.50202e-06 1.05061e-07 1.05061e-07 1.05061e-07 1.75101e-07 2.10121e-07 2.58099e-06
scan 410 80 47 0 0 0 0 0 0 0 0 0
scan 410 80 48 0 0 0 0 0 0 0 0 0
scan 410 80 49 0 0 0 0 0 0 0 0 0
scan 410 80 50 0 0 0 0 0 0 0 0 0
scan 410 80 51 0 0 0 0 0 0 0 0 0
scan 410 80 52 0 0 0 0 0 0 0 0 0
scan 410 80 53 3.50202e-06 0 3.50202e-06 1.05061e-07 1.05061e-07 1.05061e-07 1.75101e-07 2.10121e-07 2.58099e-06
scan 410 80 54 0 0 0 0 0 0 0 0 0
scan 410 80 55 0 0 0 0 0 0 0 0 0
scan 410 80 56 0 0 0 0 0 0 0 0 0
scan 410 80 57 0 0 0 0 0 0 0 0 0
scan 410 80 58 7.00405e-06 0 4.95261e-06 2.10121e-07 2.10121e-07 2.10121e-07 3.50202e-07 4.20243e-07 5.16198e-06
scan 410 80 59 3.50202e-06 0 3.50202e-06 1.05061e-07 1.05061e-07 1.05061e-07 1.75101e-07 2.10121e-07 2.58099e-06
scan 410 80 60 0 0 0 0 0 0 0 0 0
scan 410 80 61 0 0 0 0 0 0 0 0 0
scan 410 80 62 0 0 0 0 0 0 0 0 0
scan 410 80 63 0 0 0 0 0 0 0 0 0
scan 410 80 64 0 0 0 0 0 0 0 0 0
scan 410 80 65 0 0 0 0 0 0 0 0 0
scan 410 80 66 0 0 0 0 0 0 0 0 0
scan 410 80 67 0 0 0 0 0 0 0 0 0
scan 410 80 68 0 0 0 0 0 0 0 0 0
scan 410 80 69 0 0 0 0 0 0 0 0 0
scan 410 80 70 0 0 0 0 0 0 0 0 0
scan 410 80 71 0 0 0 0 0 0 0 0 0
scan 410 80 72 0 0 0 0 0 0 0 0 0
scan 410 80 73 0 0 0 0 0 0 0 0 0
scan 410 80 74 0 0 0 0 0 0 0 0 0
scan 410 80 75 0 0 0 0 0 0 0 0 0
scan 410 80 76 0 0 0 0 0 0 0 0 0
scan 410 80 77 0 0 0 0 0 0 0 0 0
scan 410 80 78 0 0 0 0 0 0 0 0 0
scan 410 80 79 0 0 0 0 0 0 0 0 0
scan 410 80 80 0 0 0 0 0 0 0 0 0
scan 410 80 81 0 0 0 0 0 0 0 0 0
scan 410 80 82 0 0 0 0 0 0 0 0 0
scan 410 80 83 3.50202e-06 0 3.50202e-06 1.05061e-07 1.05061e-07 1.05061e-07 1.75101e-07 2.10121e-07 2.58099e-06
scan 410 80 84 0 0 0 0 0 0 0 0 0
scan 410 80 85 0 0 0 0 0 0 0 0 0
scan 410 80 86 3.50202e-06 0 3.50202e-06 1.05061e-07 1.05061e-07 1.05061e-07 1.75101e-07 2.10121e-07 2.58099e-06
scan 410 80 87 0 0 0 0 0 0 0 0 0
scan 410 80 88 0 0 0 0 0 0 0 0 0
scan 410 80 89 0 0 0 0 0 0 0 0 0
scan 410 80 90 1.05061e-05 0 6.06568e-06 3.15182e-07 3.15182e-07 3.15182e-07 5.25303e-07 6.30364e-07 7.74297e-06
scan 410 80 91 1.05061e-05 0 6.06568e-06 3.15182e-07 3.15182e-07 3.15182e-07 5.25303e-07 6.30364e-07 7.74297e-06
scan 410 80 92 7.00405e-06 0 4.95261e-06 2.10121e-07 2.10121e-07 2.10121e-07 3.50202e-07 4.20243e-07 5.16198e-06
scan 410 80 93 3.50202e-06 0 3.50202e-06 1.05061e-07 1.05061e-07 1.05061e-07 1.75101e-07 2.10121e-07 2.58099e-06
scan 410 80 94 0 0 0 0 0 0 0 0 0
scan 410 80 95 3.50202e-06 0 3.50202e-06 1.05061e-07 1.05061e-07 1.05061e-07 1.75101e-07 2.10121e-07 2.58099e-06
scan 410 80 96 0 0 0 0 0 0 0 0 0
scan 410 80 97 3.50202e-06 0 3.50202e-06 1.05061e-07 1.05061e-07 1.05061e-07 1.75101e-07 2.10121e-07 2.58099e-06
scan 410 80 98 3.50202e-06 0 3.50202e-06 1.05061e-07 1.05061e-07 1.05061e-07 1.75101e-07 2.10121e-07 2.58099e-06
scan 410 80 99 0 0 0 0 0 0 0 0 0
scan 410 80 100 0 0 0 0 0 0 0 0 0
scan 410 80 101 0 0 0 0 0 0 0 0 0
scan 410 80 102 3.50202e-06 0 3.50202e-06 1.05061e-07 1.05061e-07 1.05061e-07 1.75101e-07 2.10121e-07 2.58099e-06
scan 410 80 103 1.75101e-05 0 7.83076e-06 5.25303e-07 5.25303e-07 5.25303e-07 8.75506e-07 1.05061e-06 1.29049e-05
scan 410 80 104 7.00405e-06 0 4.95261e-06 2.10121e-07 2.10121e-07 2.10121e-07 3.50202e-07 4.20243e-07 5.16198e-06
scan 410 80 60 0 0 0 0 0 0 0 0 0
scan 410 80 61 0 0 0 0 0 0 0 0 0
scan 410 80 62 0 0 0 0 0 0 0 0 0
scan 410 80 63 0 0 0 0 0 0 0 0 0
scan 410 80 64 0 0 0 0 0 0 0 0 0
scan 410 80 65 0 0 0 0 0 0 0 0 0
scan 410 80 66 0 0 0 0 0 0 0 0 0
scan 410 80 67 0 0 0 0 0 0 0 0 0
scan 410 80 68 0 0 0 0 0 0 0 0 0
scan 410 80 69 0 0 0 0 0 0 0 0 0
scan 410 80 70 0 0 0 0 0 0 0 0 0
scan 410 80 71 0 0 0 0 0 0 0 0 0
scan 410 80 72 0 0 0 0 0 0 0 0 0
scan 410 80 73 0 0 0 0 0 0 0 0 0
scan 410 80 74 0 0 0 0 0 0 0 0 0
scan 410 80 120 0 0 0 0 0 0 0 0 0
scan 410 80 121 0 0 0 0 0 0 0 0 0
scan 410 80 122 0 0 0 0 0 0 0 0 0
scan 410 80 123 0 0 0 0 0 0 0 0 0
scan 410 80 124 0 0 0 0 0 0 0 0 0
scan 410 80 125 0 0 0 0 0 0 0 0 0
scan 410 80 126 0 0 0 0 0 0 0 0 0
scan 410 80 127 0 0 0 0 0 0 0 0 0
scan 410 80 128 0 0 0 0 0 0 0 0 0
scan 410 80 129 0 0 0 0 0 0 0 0 0
scan 410 80 130 0 0 0 0 0 0 0 0 0
scan 410 80 131 0 0 0 0 0 0 0 0 0
scan 410 80 132 0 0 0 0 0 0 0 0 0
scan 410 80 133 0 0 0 0 0 0 0 0 0
scan 410 80 134 0 0 0 0 0 0 0 0 0
scan 410 80 135 7.00405e-06 0 4.95261e-06 2.10121e-07 2.10121e-07 2.10121e-07 3.50202e-07 4.20243e-07 5.16198e-06
scan 410 80 136 1.05061e-05 0 6.06568e-06 3.15182e-07 3.15182e-07 3.15182e-07 5.25303e-07 6.30364e-07 7.74297e-06
scan 410 80 137 3.50202e-06 0 3.50202e-06 1.05061e-07 1.05061e-07 1.05061e-07 1.75101e-07 2.10121e-07 2.58099e-06
scan 410 80 138 3.50202e-06 0 3.50202e-06 1.05061e-07 1.05061e-07 1.05061e-07 1.75101e-07 2.10121e-07 2.58099e-06
scan 410 80 139 3.50202e-06 0 3.50202e-06 1.05061e-07 1.05061e-07 1.05061e-07 1.75101e-07 2.10121e-07 2.58099e-06
scan 410 80 140 0 0 0 0 0 0 0 0 0
scan 410 80 141 0 0 0 0 0 0 0 0 0
scan 410 80 142 1.05061e-05 0 6.06568e-06 3.15182e-07 3.15182e-07 3.15182e-07 5.25303e-07 6.30364e-07 7.74297e-06
scan 410 80 143 0 0 0 0 0 0 0 0 0
scan 410 80 144 0 0 0 0 0 0 0 0 0
scan 410 80 145 0 0 0 0 0 0 0 0 0
scan 410 80 146 3.50202e-06 0 3.50202e-06 1.05061e-07 1.05061e-07 1.05061e-07 1.75101e-07 2.10121e-07 2.58099e-06
scan 410 80 147 7.00405e-06 0 4.95261e-06 2.10121e-07 2.10121e-07 2.10121e-07 3.50202e-07 4.20243e-07 5.16198e-06
scan 410 80 148 3.50202e-06 0 3.50202e-06 1.05061e-07 1.05061e-07 1.05061e-07 1.75101e-07 2.10121e-07 2.58099e-06
scan 410 80 149 1.05061e-05 0 6.06568e-06 3.15182e-07 3.15182e-07 3.15182e-07 5.25303e-07 6.30364e-07 7.74297e-06
scan 410 80 60 0 0 0 0 0 0 0 0 0
scan 410 80 61 0 0 0 0 0 0 0 0 0
scan 410 80 62 0 0 0 0 0 0 0 0 0
scan 410 80 63 0 0 0 0 0 0 0 0 0
scan 410 80 64 0 0 0 0 0 0 0 0 0
scan 410 80 65 0 0 0 0 0 0 0 0 0
scan 410 80 66 0 0 0 0 0 0 0 0 0
scan 410 80 67 0 0 0 0 0 0 0 0 0
scan 410 80 68 0 0 0 0 0 0 0 0 0
scan 410 80 69 0 0 0 0 0 0 0 0 0
scan 410 80 70 0 0 0 0 0 0 0 0 0
scan 410 80 71 0 0 0 0 0 0 0 0 0
scan 410 80 72 0 0 0 0 0 0 0 0 0
scan 410 80 73 0 0 0 0 0 0 0 0 0
scan 410 80 74 0 0 0 0 0 0 0 0 0
scan 410 80 165 3.50202e-06 0 3.50202e-06 1.05061e-07 1.05061e-07 1.05061e-07 1.75101e-07 2.10121e-07 2.58099e-06
scan 410 80 166 0 0 0 0 0 0 0 0 0
scan 410 80 167 0 0 0 0 0 0 0 0 0
scan 410 80 168 0 0 0 0 0 0 0 0 0
scan 410 80 169 0 0 0 0 0 0 0 0 0
scan 410 80 170 0 0 0 0 0 0 0 0 0
scan 410 80 171 0 0 0 0 0 0 0 0 0
scan 410 80 172 0 0 0 0 0 0 0 0 0
scan 410 80 173 0 0 0 0 0 0 0 0 0
scan 410 80 174 0 0 0 0 0 0 0 0 0
scan 410 80 175 0 0 0 0 0 0 0 0 0
scan 410 80 176 0 0 0 0 0 0 0 0 0
scan 410 80 177 3.50202e-06 0 3.50202e-06 1.05061e-07 1.05061e-07 1.05061e-07 1.75101e-07 2.10121e-07 2.58099e-06
scan 410 80 178 0 0 0 0 0 0 0 0 0
scan 410 80 179 0 0 0 0 0 0 0 0 0
