xsec 420 80 0.0311379
scan 420 80 0 3.11411e-06 0 3.11411e-06 9.34232e-08 9.34232e-08 9.34232e-08 1.55705e-07 1.86846e-07 2.30066e-06
scan 420 80 1 1.55705e-05 0 6.96335e-06 4.67116e-07 4.67116e-07 4.67116e-07 7.78526e-07 9.34232e-07 1.15033e-05
scan 420 80 2 6.22821e-06 0 4.40401e-06 1.86846e-07 1.86846e-07 1.86846e-07 3.11411e-07 3.73693e-07 4.60132e-06
scan 420 80 3 3.11411e-06 0 3.11411e-06 9.34232e-08 9.34232e-08 9.34232e-08 1.55705e-07 1.86846e-07 2.30066e-06
scan 420 80 4 3.11411e-06 0 3.11411e-06 9.34232e-08 9.34232e-08 9.34232e-08 1.55705e-07 1.86846e-07 2.30066e-06
scan 420 80 5 0 0 0 0 0 0 0 0 0
scan 420 80 6 6.22821e-06 0 4.40401e-06 1.86846e-07 1.86846e-07 1.86846e-07 3.11411e-07 3.73693e-07 4.60132e-06
scan 420 80 7 6.22821e-06 0 4.40401e-06 1.86846e-07 1.86846e-07 1.86846e-07 3.11411e-07 3.73693e-07 4.60132e-06
scan 420 80 8 0 0 0 0 0 0 0 0 0
scan 420 80 9 0 0 0 0 0 0 0 0 0
scan 420 80 10 0 0 0 0 0 0 0 0 0
scan 420 80 11 6.22821e-06 0 4.40401e-06 1.86846e-07 1.86846e-07 1.86846e-07 3.11411e-07 3.73693e-07 4.60132e-06
scan 420 80 12 1.86846e-05 0 7.62797e-06 5.60539e-07 5.60539e-07 5.60539e-07 9.34232e-07 1.12108e-06 1.3804e-05
scan 420 80 13 1.86846e-05 0 7.62797e-06 5.60539e-07 5.60539e-07 5.60539e-07 9.34232e-07 1.12108e-06 1.3804e-05
scan 420 80 14 2.49128e-05 0 8.80802e-06 7.47385e-07 7.47385e-07 7.47385e-07 1.24564e-06 1.49477e-06 1.84053e-05
scan 420 80 15 0.000102765 0 1.78892e-05 3.08296e-06 3.08296e-06 3.08296e-06 5.13827e-06 6.16593e-06 7.59218e-05
scan 420 80 16 0.000180618 0 2.37163e-05 5.41854e-06 5.41854e-06 5.41854e-06 9.03091e-06 1.08371e-05 0.000133438
scan 420 80 17 0.000183732 0 2.39199e-05 5.51197e-06 5.51197e-06 5.51197e-06 9.18661e-06 1.10239e-05 0.000135739
scan 420 80 18 0.000149477 0 2.15752e-05 4.48431e-06 4.48431e-06 4.48431e-06 7.47385e-06 8.96862e-06 0.000110432
scan 420 80 19 0.000326981 0 3.19101e-05 9.80943e-06 9.80943e-06 9.80943e-06 1.63491e-05 1.96189e-05 0.000241569
scan 420 80 20 9.34232e-06 0 5.39379e-06 2.80269e-07 2.80269e-07 2.80269e-07 4.67116e-07 5.60539e-07 6.90198e-06
scan 420 80 21 5.29398e-05 0 1.28398e-05 1.58819e-06 1.58819e-06 1.58819e-06 2.64699e-06 3.17639e-06 3.91112e-05
scan 420 80 22 6.85103e-05 0 1.46064e-05 2.05531e-06 2.05531e-06 2.05531e-06 3.42552e-06 4.11062e-06 5.06145e-05
scan 420 80 23 5.9168e-05 0 1.35741e-05 1.77504e-06 1.77504e-06 1.77504e-06 2.9584e-06 3.55008e-06 4.37126e-05
scan 420 80 24 0.000140135 0 2.08901e-05 4.20404e-06 4.20404e-06 4.20404e-06 7.00674e-06 8.40808e-06 0.00010353
scan 420 80 25 9.34232e-06 0 5.39379e-06 2.80269e-07 2.80269e-07 2.80269e-07 4.67116e-07 5.60539e-07 6.90198e-06
scan 420 80 26 8.7195e-05 0 1.64783e-05 2.61585e-06 2.61585e-06 2.61585e-06 4.35975e-06 5.2317e-06 6.44185e-05
scan 420 80 27 0.000177504 0 2.3511e-05 5.32512e-06 5.32512e-06 5.32512e-06 8.8752e-06 1.06502e-05 0.000131138
scan 420 80 28 0.00029584 0 3.03525e-05 8.8752e-06 8.8752e-06 8.8752e-06 1.4792e-05 1.77504e-05 0.000218563
scan 420 80 29 0.00095603 0 5.45635e-05 2.86809e-05 2.86809e-05 2.86809e-05 4.78015e-05 5.73618e-05 0.000706303
scan 420 80 30 0 0 0 0 0 0 0 0 0
scan 420 80 31 3.11411e-06 0 3.11411e-06 9.34232e-08 9.34232e-08 9.34232e-08 1.55705e-07 1.86846e-07 2.30066e-06
scan 420 80 32 9.34232e-06 0 5.39379e-06 2.80269e-07 2.80269e-07 2.80269e-07 4.67116e-07 5.60539e-07 6.90198e-06
scan 420 80 33 3.11411e-06 0 3.11411e-06 9.34232e-08 9.34232e-08 9.34232e-08 1.55705e-07 1.86846e-07 2.30066e-06
scan 420 80 34 0 0 0 0 0 0 0 0 0
scan 420 80 35 0 0 0 0 0 0 0 0 0
scan 420 80 36 3.11411e-06 0 3.11411e-06 9.34232e-08 9.34232e-08 9.34232e-08 1.55705e-07 1.86846e-07 2.30066e-06
scan 420 80 37 3.11411e-06 0 3.11411e-06 9.34232e-08 9.34232e-08 9.34232e-08 1.55705e-07 1.86846e-07 2.30066e-06
scan 420 80 38 3.11411e-06 0 3.11411e-06 9.34232e-08 9.34232e-08 9.34232e-08 1.55705e-07 1.86846e-07 2.30066e-06
scan 420 80 39 3.11411e-06 0 3.11411e-06 9.34232e-08 9.34232e-08 9.34232e-08 1.55705e-07 1.86846e-07 2.30066e-06
scan 420 80 40 0 0 0 0 0 0 0 0 0
scan 420 80 41 0 0 0 0 0 0 0 0 0
scan 420 80 42 6.22821e-06 0 4.40401e-06 1.86846e-07 1.86846e-07 1.86846e-07 3.11411e-07 3.73693e-07 4.60132e-06
scan 420 80 43 3.11411e-06 0 3.11411e-06 9.34232e-08 9.34232e-08 9.34232e-08 1.55705e-07 1.86846e-07 2.30066e-06
scan 420 80 44 1.86846e-05 0 7.62797e-06 5.60539e-07 5.60539e-07 5.60539e-07 9.34232e-07 1.12108e-06 1.3804e-05
scan 420 80 45 0 0 0 0 0 0 0 0 0
scan 420 80 46 3.11411e-06 0 3.11411e-06 9.34232e-08 9.34232e-08 9.34232e-08 1.55705e-07 1.86846e-07 2.30066e-06
scan 420 80 47 0 0 0 0 0 0 0 0 0
scan 420 80 48 0 0 0 0 0 0 0 0 0
scan 420 80 49 0 0 0 0 0 0 0 0 0
scan 420 80 50 0 0 0 0 0 0 0 0 0
scan 420 80 51 0 0 0 0 0 0 0 0 0
scan 420 80 52 0 0 0 0 0 0 0 0 0
scan 420 80 53 0 0 0 0 0 0 0 0 0
scan 420 80 54 0 0 0 0 0 0 0 0 0
scan 420 80 55 0 0 0 0 0 0 0 0 0
scan 420 80 56 0 0 0 0 0 0 0 0 0
scan 420 80 57 3.11411e-06 0 3.11411e-06 9.34232e-08 9.34232e-08 9.34232e-08 1.55705e-07 1.86846e-07 2.30066e-06
scan 420 80 58 0 0 0 0 0 0 0 0 0
scan 420 80 59 0 0 0 0 0 0 0 0 0
scan 420 80 60 0 0 0 0 0 0 0 0 0
scan 420 80 61 0 0 0 0 0 0 0 0 0
scan 420 80 62 0 0 0 0 0 0 0 0 0
scan 420 80 63 0 0 0 0 0 0 0 0 0
scan 420 80 64 0 0 0 0 0 0 0 0 0
scan 420 80 65 0 0 0 0 0 0 0 0 0
scan 420 80 66 0 0 0 0 0 0 0 0 0
scan 420 80 67 0 0 0 0 0 0 0 0 0
scan 420 80 68 0 0 0 0 0 0 0 0 0
scan 420 80 69 0 0 0 0 0 0 0 0 0
scan 420 80 70 0 0 0 0 0 0 0 0 0
scan 420 80 71 0 0 0 0 0 0 0 0 0
scan 420 80 72 0 0 0 0 0 0 0 0 0
scan 420 80 73 0 0 0 0 0 0 0 0 0
scan 420 80 74 0 0 0 0 0 0 0 0 0
scan 420 80 75 0 0 0 0 0 0 0 0 0
scan 420 80 76 0 0 0 0 0 0 0 0 0
scan 420 80 77 0 0 0 0 0 0 0 0 0
scan 420 80 78 0 0 0 0 0 0 0 0 0
scan 420 80 79 0 0 0 0 0 0 0 0 0
scan 420 80 80 0 0 0 0 0 0 0 0 0
scan 420 80 81 0 0 0 0 0 0 0 0 0
scan 420 80 82 0 0 0 0 0 0 0 0 0
scan 420 80 83 0 0 0 0 0 0 0 0 0
scan 420 80 84 0 0 0 0 0 0 0 0 0
scan 420 80 85 0 0 0 0 0 0 0 0 0
scan 420 80 86 0 0 0 0 0 0 0 0 0
scan 420 80 87 3.11411e-06 0 3.11411e-06 9.34232e-08 9.34232e-08 9.34232e-08 1.55705e-07 1.86846e-07 2.30066e-06
scan 420 80 88 0 0 0 0 0 0 0 0 0
scan 420 80 89 6.22821e-06 0 4.40401e-06 1.86846e-07 1.86846e-07 1.86846e-07 3.11411e-07 3.73693e-07 4.60132e-06
scan 420 80 90 6.22821e-06 0 4.40401e-06 1.86846e-07 1.86846e-07 1.86846e-07 3.11411e-07 3.73693e-07 4.60132e-06
scan 420 80 91 9.34232e-06 0 5.39379e-06 2.80269e-07 2.80269e-07 2.80269e-07 4.67116e-07 5.60539e-07 6.90198e-06
scan 420 80 92 9.34232e-06 0 5.39379e-06 2.80269e-07 2.80269e-07 2.80269e-07 4.67116e-07 5.60539e-07 6.90198e-06
scan 420 80 93 3.11411e-06 0 3.11411e-06 9.34232e-08 9.34232e-08 9.34232e-08 1.55705e-07 1.86846e-07 2.30066e-06
scan 420 80 94 6.22821e-06 0 4.40401e-06 1.86846e-07 1.86846e-07 1.86846e-07 3.11411e-07 3.73693e-07 4.60132e-06
scan 420 80 95 0 0 0 0 0 0 0 0 0
scan 420 80 96 3.11411e-06 0 3.11411e-06 9.34232e-08 9.34232e-08 9.34232e-08 1.55705e-07 1.86846e-07 2.30066e-06
scan 420 80 97 9.34232e-06 0 5.39379e-06 2.80269e-07 2.80269e-07 2.80269e-07 4.67116e-07 5.60539e-07 6.90198e-06
scan 420 80 98 0 0 0 0 0 0 0 0 0
scan 420 80 99 0 0 0 0 0 0 0 0 0
scan 420 80 100 0 0 0 0 0 0 0 0 0
scan 420 80 101 6.22821e-06 0 4.40401e-06 1.86846e-07 1.86846e-07 1.86846e-07 3.11411e-07 3.73693e-07 4.60132e-06
scan 420 80 102 3.11411e-06 0 3.11411e-06 9.34232e-08 9.34232e-08 9.34232e-08 1.55705e-07 1.86846e-07 2.30066e-06
scan 420 80 103 1.55705e-05 0 6.96335e-06 4.67116e-07 4.67116e-07 4.67116e-07 7.78526e-07 9.34232e-07 1.15033e-05
scan 420 80 104 9.34232e-06 0 5.39379e-06 2.80269e-07 2.80269e-07 2.80269e-07 4.67116e-07 5.60539e-07 6.90198e-06
scan 420 80 60 0 0 0 0 0 0 0 0 0
scan 420 80 61 0 0 0 0 0 0 0 0 0
scan 420 80 62 0 0 0 0 0 0 0 0 0
scan 420 80 63 0 0 0 0 0 0 0 0 0
scan 420 80 64 0 0 0 0 0 0 0 0 0
scan 420 80 65 0 0 0 0 0 0 0 0 0
scan 420 80 66 0 0 0 0 0 0 0 0 0
scan 420 80 67 0 0 0 0 0 0 0 0 0
scan 420 80 68 0 0 0 0 0 0 0 0 0
scan 420 80 69 0 0 0 0 0 0 0 0 0
scan 420 80 70 0 0 0 0 0 0 0 0 0
scan 420 80 71 0 0 0 0 0 0 0 0 0
scan 420 80 72 0 0 0 0 0 0 0 0 0
scan 420 80 73 0 0 0 0 0 0 0 0 0
scan 420 80 74 0 0 0 0 0 0 0 0 0
scan 420 80 120 0 0 0 0 0 0 0 0 0
scan 420 80 121 0 0 0 0 0 0 0 0 0
scan 420 80 122 0 0 0 0 0 0 0 0 0
scan 420 80 123 0 0 0 0 0 0 0 0 0
scan 420 80 124 0 0 0 0 0 0 0 0 0
scan 420 80 125 0 0 0 0 0 0 0 0 0
scan 420 80 126 0 0 0 0 0 0 0 0 0
scan 420 80 127 0 0 0 0 0 0 0 0 0
scan 420 80 128 0 0 0 0 0 0 0 0 0
scan 420 80 129 0 0 0 0 0 0 0 0 0
scan 420 80 130 0 0 0 0 0 0 0 0 0
scan 420 80 131 0 0 0 0 0 0 0 0 0
scan 420 80 132 0 0 0 0 0 0 0 0 0
scan 420 80 133 0 0 0 0 0 0 0 0 0
scan 420 80 134 0 0 0 0 0 0 0 0 0
scan 420 80 135 3.11411e-06 0 3.11411e-06 9.34232e-08 9.34232e-08 9.34232e-08 1.55705e-07 1.86846e-07 2.30066e-06
scan 420 80 136 1.24564e-05 0 6.22821e-06 3.73693e-07 3.73693e-07 3.73693e-07 6.22821e-07 7.47385e-07 9.20264e-06
scan 420 80 137 0 0 0 0 0 0 0 0 0
scan 420 80 138 3.11411e-06 0 3.11411e-06 9.34232e-08 9.34232e-08 9.34232e-08 1.55705e-07 1.86846e-07 2.30066e-06
scan 420 80 139 3.11411e-06 0 3.11411e-06 9.34232e-08 9.34232e-08 9.34232e-08 1.55705e-07 1.86846e-07 2.30066e-06
scan 420 80 140 0 0 0 0 0 0 0 0 0
scan 420 80 141 0 0 0 0 0 0 0 0 0
scan 420 80 142 3.11411e-06 0 3.11411e-06 9.34232e-08 9.34232e-08 9.34232e-08 1.55705e-07 1.86846e-07 2.30066e-06
scan 420 80 143 3.11411e-06 0 3.11411e-06 9.34232e-08 9.34232e-08 9.34232e-08 1.55705e-07 1.86846e-07 2.30066e-06
scan 420 80 144 3.11411e-06 0 3.11411e-06 9.34232e-08 9.34232e-08 9.34232e-08 1.55705e-07 1.86846e-07 2.30066e-06
scan 420 80 145 0 0 0 0 0 0 0 0 0
scan 420 80 146 0 0 0 0 0 0 0 0 0
scan 420 80 147 6.22821e-06 0 4.40401e-06 1.86846e-07 1.86846e-07 1.86846e-07 3.11411e-07 3.73693e-07 4.60132e-06
scan 420 80 148 1.86846e-05 0 7.62797e-06 5.60539e-07 5.60539e-07 5.60539e-07 9.34232e-07 1.12108e-06 1.3804e-05
scan 420 80 149 3.11411e-06 0 3.11411e-06 9.34232e-08 9.34232e-08 9.34232e-08 1.55705e-07 1.86846e-07 2.30066e-06
scan 420 80 60 0 0 0 0 0 0 0 0 0
scan 420 80 61 0 0 0 0 0 0 0 0 0
scan 420 80 62 0 0 0 0 0 0 0 0 0
scan 420 80 63 0 0 0 0 0 0 0 0 0
scan 420 80 64 0 0 0 0 0 0 0 0 0
scan 420 80 65 0 0 0 0 0 0 0 0 0
scan 420 80 66 0 0 0 0 0 0 0 0 0
scan 420 80 67 0 0 0 0 0 0 0 0 0
scan 420 80 68 0 0 0 0 0 0 0 0 0
scan 420 80 69 0 0 0 0 0 0 0 0 0
scan 420 80 70 0 0 0 0 0 0 0 0 0
scan 420 80 71 0 0 0 0 0 0 0 0 0
scan 420 80 72 0 0 0 0 0 0 0 0 0
scan 420 80 73 0 0 0 0 0 0 0 0 0
scan 420 80 74 0 0 0 0 0 0 0 0 0
scan 420 80 165 0 0 0 0 0 0 0 0 0
scan 420 80 166 3.11411e-06 0 3.11411e-06 9.34232e-08 9.34232e-08 9.34232e-08 1.55705e-07 1.86846e-07 2.30066e-06
scan 420 80 167 0 0 0 0 0 0 0 0 0
scan 420 80 168 0 0 0 0 0 0 0 0 0
scan 420 80 169 0 0 0 0 0 0 0 0 0
scan 420 80 170 0 0 0 0 0 0 0 0 0
scan 420 80 171 0 0 0 0 0 0 0 0 0
scan 420 80 172 0 0 0 0 0 0 0 0 0
scan 420 80 173 0 0 0 0 0 0 0 0 0
scan 420 80 174 0 0 0 0 0 0 0 0 0
scan 420 80 175 0 0 0 0 0 0 0 0 0
scan 420 80 176 0 0 0 0 0 0 0 0 0
scan 420 80 177 0 0 0 0 0 0 0 0 0
scan 420 80 178 0 0 0 0 0 0 0 0 0
scan 420 80 179 0 0 0 0 0 0 0 0 0
