xsec 220 100 0.535834
scan 220 100 0 0.000160766 0 9.28184e-05 4.82299e-06 4.82299e-06 4.82299e-06 8.03831e-06 9.64597e-06 0.000110736
scan 220 100 1 0.000482299 0 0.000160766 1.4469e-05 1.4469e-05 1.4469e-05 2.41149e-05 2.89379e-05 0.000332207
scan 220 100 2 0.000267944 0 0.000119828 8.03831e-06 8.03831e-06 8.03831e-06 1.33972e-05 1.60766e-05 0.00018456
scan 220 100 3 0 0 0 0 0 0 0 0 0
scan 220 100 4 5.35887e-05 0 5.35887e-05 1.60766e-06 1.60766e-06 1.60766e-06 2.67944e-06 3.21532e-06 3.69119e-05
scan 220 100 5 0 0 0 0 0 0 0 0 0
scan 220 100 6 0.000107177 0 7.57859e-05 3.21532e-06 3.21532e-06 3.21532e-06 5.35887e-06 6.43065e-06 7.38238e-05
scan 220 100 7 0.000107177 0 7.57859e-05 3.21532e-06 3.21532e-06 3.21532e-06 5.35887e-06 6.43065e-06 7.38238e-05
scan 220 100 8 0 0 0 0 0 0 0 0 0
scan 220 100 9 0 0 0 0 0 0 0 0 0
scan 220 100 10 0 0 0 0 0 0 0 0 0
scan 220 100 11 0 0 0 0 0 0 0 0 0
scan 220 100 12 0.000107177 0 7.57859e-05 3.21532e-06 3.21532e-06 3.21532e-06 5.35887e-06 6.43065e-06 7.38238e-05
scan 220 100 13 0 0 0 0 0 0 0 0 0
scan 220 100 14 0 0 0 0 0 0 0 0 0
scan 220 100 15 0.0118431 0 0.000796654 0.000355293 0.000355293 0.000355293 0.000592155 0.000710587 0.00815754
scan 220 100 16 0.012379 0 0.000814478 0.00037137 0.00037137 0.00037137 0.00061895 0.00074274 0.00852665
scan 220 100 17 0.00509093 0 0.000522318 0.000152728 0.000152728 0.000152728 0.000254546 0.000305456 0.00350663
scan 220 100 18 0.00166125 0 0.000298369 4.98375e-05 4.98375e-05 4.98375e-05 8.30625e-05 9.9675e-05 0.00114427
scan 220 100 19 0.000911008 0 0.000220952 2.73303e-05 2.73303e-05 2.73303e-05 4.55504e-05 5.46605e-05 0.000627503
scan 220 100 20 0.000696653 0 0.000193217 2.08996e-05 2.08996e-05 2.08996e-05 3.48327e-05 4.17992e-05 0.000479855
scan 220 100 21 0.00337609 0 0.000425347 0.000101283 0.000101283 0.000101283 0.000168805 0.000202565 0.00232545
scan 220 100 22 0.00160766 0 0.000293518 4.82299e-05 4.82299e-05 4.82299e-05 8.03831e-05 9.64597e-05 0.00110736
scan 220 100 23 0.000696653 0 0.000193217 2.08996e-05 2.08996e-05 2.08996e-05 3.48327e-05 4.17992e-05 0.000479855
scan 220 100 24 0.00042871 0 0.000151572 1.28613e-05 1.28613e-05 1.28613e-05 2.14355e-05 2.57226e-05 0.000295295
scan 220 100 25 0 0 0 0 0 0 0 0 0
scan 220 100 26 0.00187561 0 0.000317035 5.62682e-05 5.62682e-05 5.62682e-05 9.37803e-05 0.000112536 0.00129192
scan 220 100 27 0.00208996 0 0.000334662 6.26988e-05 6.26988e-05 6.26988e-05 0.000104498 0.000125398 0.00143957
scan 220 100 28 0.00042871 0 0.000151572 1.28613e-05 1.28613e-05 1.28613e-05 2.14355e-05 2.57226e-05 0.000295295
scan 220 100 29 5.35887e-05 0 5.35887e-05 1.60766e-06 1.60766e-06 1.60766e-06 2.67944e-06 3.21532e-06 3.69119e-05
scan 220 100 30 0.000214355 0 0.000107177 6.43065e-06 6.43065e-06 6.43065e-06 1.07177e-05 1.28613e-05 0.000147648
scan 220 100 31 0.000107177 0 7.57859e-05 3.21532e-06 3.21532e-06 3.21532e-06 5.35887e-06 6.43065e-06 7.38238e-05
scan 220 100 32 5.35887e-05 0 5.35887e-05 1.60766e-06 1.60766e-06 1.60766e-06 2.67944e-06 3.21532e-06 3.69119e-05
scan 220 100 33 0 0 0 0 0 0 0 0 0
scan 220 100 34 5.35887e-05 0 5.35887e-05 1.60766e-06 1.60766e-06 1.60766e-06 2.67944e-06 3.21532e-06 3.69119e-05
scan 220 100 35 0 0 0 0 0 0 0 0 0
scan 220 100 36 0 0 0 0 0 0 0 0 0
scan 220 100 37 5.35887e-05 0 5.35887e-05 1.60766e-06 1.60766e-06 1.60766e-06 2.67944e-06 3.21532e-06 3.69119e-05
scan 220 100 38 0 0 0 0 0 0 0 0 0
scan 220 100 39 0 0 0 0 0 0 0 0 0
scan 220 100 40 0 0 0 0 0 0 0 0 0
scan 220 100 41 0 0 0 0 0 0 0 0 0
scan 220 100 42 0.000107177 0 7.57859e-05 3.21532e-06 3.21532e-06 3.21532e-06 5.35887e-06 6.43065e-06 7.38238e-05
scan 220 100 43 0 0 0 0 0 0 0 0 0
scan 220 100 44 0 0 0 0 0 0 0 0 0
scan 220 100 45 0 0 0 0 0 0 0 0 0
scan 220 100 46 0.000107177 0 7.57859e-05 3.21532e-06 3.21532e-06 3.21532e-06 5.35887e-06 6.43065e-06 7.38238e-05
scan 220 100 47 5.35887e-05 0 5.35887e-05 1.60766e-06 1.60766e-06 1.60766e-06 2.67944e-06 3.21532e-06 3.69119e-05
scan 220 100 48 0 0 0 0 0 0 0 0 0
scan 220 100 49 0 0 0 0 0 0 0 0 0
scan 220 100 50 0 0 0 0 0 0 0 0 0
scan 220 100 51 0 0 0 0 0 0 0 0 0
scan 220 100 52 0 0 0 0 0 0 0 0 0
scan 220 100 53 0 0 0 0 0 0 0 0 0
scan 220 100 54 0 0 0 0 0 0 0 0 0
scan 220 100 55 0 0 0 0 0 0 0 0 0
scan 220 100 56 5.35887e-05 0 5.35887e-05 1.60766e-06 1.60766e-06 1.60766e-06 2.67944e-06 3.21532e-06 3.69119e-05
scan 220 100 57 5.35887e-05 0 5.35887e-05 1.60766e-06 1.60766e-06 1.60766e-06 2.67944e-06 3.21532e-06 3.69119e-05
scan 220 100 58 0 0 0 0 0 0 0 0 0
scan 220 100 59 0 0 0 0 0 0 0 0 0
scan 220 100 60 0 0 0 0 0 0 0 0 0
scan 220 100 61 0 0 0 0 0 0 0 0 0
scan 220 100 62 0 0 0 0 0 0 0 0 0
scan 220 100 63 0 0 0 0 0 0 0 0 0
scan 220 100 64 0 0 0 0 0 0 0 0 0
scan 220 100 65 0 0 0 0 0 0 0 0 0
scan 220 100 66 0 0 0 0 0 0 0 0 0
scan 220 100 67 0 0 0 0 0 0 0 0 0
scan 220 100 68 0 0 0 0 0 0 0 0 0
scan 220 100 69 0 0 0 0 0 0 0 0 0
scan 220 100 70 0 0 0 0 0 0 0 0 0
scan 220 100 71 0 0 0 0 0 0 0 0 0
scan 220 100 72 0 0 0 0 0 0 0 0 0
scan 220 100 73 0 0 0 0 0 0 0 0 0
scan 220 100 74 0 0 0 0 0 0 0 0 0
scan 220 100 75 0 0 0 0 0 0 0 0 0
scan 220 100 76 0 0 0 0 0 0 0 0 0
scan 220 100 77 0 0 0 0 0 0 0 0 0
scan 220 100 78 0 0 0 0 0 0 0 0 0
scan 220 100 79 0 0 0 0 0 0 0 0 0
scan 220 100 80 0 0 0 0 0 0 0 0 0
scan 220 100 81 0 0 0 0 0 0 0 0 0
scan 220 100 82 0 0 0 0 0 0 0 0 0
scan 220 100 83 0 0 0 0 0 0 0 0 0
scan 220 100 84 0 0 0 0 0 0 0 0 0
scan 220 100 85 0 0 0 0 0 0 0 0 0
scan 220 100 86 0 0 0 0 0 0 0 0 0
scan 220 100 87 0 0 0 0 0 0 0 0 0
scan 220 100 88 0 0 0 0 0 0 0 0 0
scan 220 100 89 0 0 0 0 0 0 0 0 0
scan 220 100 90 0.000321532 0 0.000131265 9.64597e-06 9.64597e-06 9.64597e-06 1.60766e-05 1.92919e-05 0.000221472
scan 220 100 91 0.000321532 0 0.000131265 9.64597e-06 9.64597e-06 9.64597e-06 1.60766e-05 1.92919e-05 0.000221472
scan 220 100 92 0 0 0 0 0 0 0 0 0
scan 220 100 93 0 0 0 0 0 0 0 0 0
scan 220 100 94 0 0 0 0 0 0 0 0 0
scan 220 100 95 0 0 0 0 0 0 0 0 0
scan 220 100 96 0 0 0 0 0 0 0 0 0
scan 220 100 97 0.000160766 0 9.28184e-05 4.82299e-06 4.82299e-06 4.82299e-06 8.03831e-06 9.64597e-06 0.000110736
scan 220 100 98 0 0 0 0 0 0 0 0 0
scan 220 100 99 0 0 0 0 0 0 0 0 0
scan 220 100 100 0 0 0 0 0 0 0 0 0
scan 220 100 101 0.000107177 0 7.57859e-05 3.21532e-06 3.21532e-06 3.21532e-06 5.35887e-06 6.43065e-06 7.38238e-05
scan 220 100 102 0.000107177 0 7.57859e-05 3.21532e-06 3.21532e-06 3.21532e-06 5.35887e-06 6.43065e-06 7.38238e-05
scan 220 100 103 5.35887e-05 0 5.35887e-05 1.60766e-06 1.60766e-06 1.60766e-06 2.67944e-06 3.21532e-06 3.69119e-05
scan 220 100 104 0 0 0 0 0 0 0 0 0
scan 220 100 60 0 0 0 0 0 0 0 0 0
scan 220 100 61 0 0 0 0 0 0 0 0 0
scan 220 100 62 0 0 0 0 0 0 0 0 0
scan 220 100 63 0 0 0 0 0 0 0 0 0
scan 220 100 64 0 0 0 0 0 0 0 0 0
scan 220 100 65 0 0 0 0 0 0 0 0 0
scan 220 100 66 0 0 0 0 0 0 0 0 0
scan 220 100 67 0 0 0 0 0 0 0 0 0
scan 220 100 68 0 0 0 0 0 0 0 0 0
scan 220 100 69 0 0 0 0 0 0 0 0 0
scan 220 100 70 0 0 0 0 0 0 0 0 0
scan 220 100 71 0 0 0 0 0 0 0 0 0
scan 220 100 72 0 0 0 0 0 0 0 0 0
scan 220 100 73 0 0 0 0 0 0 0 0 0
scan 220 100 74 0 0 0 0 0 0 0 0 0
scan 220 100 120 0 0 0 0 0 0 0 0 0
scan 220 100 121 5.35887e-05 0 5.35887e-05 1.60766e-06 1.60766e-06 1.60766e-06 2.67944e-06 3.21532e-06 3.69119e-05
scan 220 100 122 0 0 0 0 0 0 0 0 0
scan 220 100 123 0 0 0 0 0 0 0 0 0
scan 220 100 124 0 0 0 0 0 0 0 0 0
scan 220 100 125 5.35887e-05 0 5.35887e-05 1.60766e-06 1.60766e-06 1.60766e-06 2.67944e-06 3.21532e-06 3.69119e-05
scan 220 100 126 0 0 0 0 0 0 0 0 0
scan 220 100 127 0 0 0 0 0 0 0 0 0
scan 220 100 128 0 0 0 0 0 0 0 0 0
scan 220 100 129 0 0 0 0 0 0 0 0 0
scan 220 100 130 0 0 0 0 0 0 0 0 0
scan 220 100 131 0 0 0 0 0 0 0 0 0
scan 220 100 132 0 0 0 0 0 0 0 0 0
scan 220 100 133 0 0 0 0 0 0 0 0 0
scan 220 100 134 0 0 0 0 0 0 0 0 0
scan 220 100 135 0.000267944 0 0.000119828 8.03831e-06 8.03831e-06 8.03831e-06 1.33972e-05 1.60766e-05 0.00018456
scan 220 100 136 5.35887e-05 0 5.35887e-05 1.60766e-06 1.60766e-06 1.60766e-06 2.67944e-06 3.21532e-06 3.69119e-05
scan 220 100 137 5.35887e-05 0 5.35887e-05 1.60766e-06 1.60766e-06 1.60766e-06 2.67944e-06 3.21532e-06 3.69119e-05
scan 220 100 138 0 0 0 0 0 0 0 0 0
scan 220 100 139 0 0 0 0 0 0 0 0 0
scan 220 100 140 0 0 0 0 0 0 0 0 0
scan 220 100 141 0 0 0 0 0 0 0 0 0
scan 220 100 142 0 0 0 0 0 0 0 0 0
scan 220 100 143 0 0 0 0 0 0 0 0 0
scan 220 100 144 0 0 0 0 0 0 0 0 0
scan 220 100 145 0 0 0 0 0 0 0 0 0
scan 220 100 146 0 0 0 0 0 0 0 0 0
scan 220 100 147 5.35887e-05 0 5.35887e-05 1.60766e-06 1.60766e-06 1.60766e-06 2.67944e-06 3.21532e-06 3.69119e-05
scan 220 100 148 0 0 0 0 0 0 0 0 0
scan 220 100 149 0 0 0 0 0 0 0 0 0
scan 220 100 60 0 0 0 0 0 0 0 0 0
scan 220 100 61 0 0 0 0 0 0 0 0 0
scan 220 100 62 0 0 0 0 0 0 0 0 0
scan 220 100 63 0 0 0 0 0 0 0 0 0
scan 220 100 64 0 0 0 0 0 0 0 0 0
scan 220 100 65 0 0 0 0 0 0 0 0 0
scan 220 100 66 0 0 0 0 0 0 0 0 0
scan 220 100 67 0 0 0 0 0 0 0 0 0
scan 220 100 68 0 0 0 0 0 0 0 0 0
scan 220 100 69 0 0 0 0 0 0 0 0 0
scan 220 100 70 0 0 0 0 0 0 0 0 0
scan 220 100 71 0 0 0 0 0 0 0 0 0
scan 220 100 72 0 0 0 0 0 0 0 0 0
scan 220 100 73 0 0 0 0 0 0 0 0 0
scan 220 100 74 0 0 0 0 0 0 0 0 0
scan 220 100 165 0 0 0 0 0 0 0 0 0
scan 220 100 166 0 0 0 0 0 0 0 0 0
scan 220 100 167 0 0 0 0 0 0 0 0 0
scan 220 100 168 0 0 0 0 0 0 0 0 0
scan 220 100 169 0 0 0 0 0 0 0 0 0
scan 220 100 170 0 0 0 0 0 0 0 0 0
scan 220 100 171 0 0 0 0 0 0 0 0 0
scan 220 100 172 0 0 0 0 0 0 0 0 0
scan 220 100 173 0 0 0 0 0 0 0 0 0
scan 220 100 174 0 0 0 0 0 0 0 0 0
scan 220 100 175 0 0 0 0 0 0 0 0 0
scan 220 100 176 0 0 0 0 0 0 0 0 0
scan 220 100 177 0 0 0 0 0 0 0 0 0
scan 220 100 178 0 0 0 0 0 0 0 0 0
scan 220 100 179 0 0 0 0 0 0 0 0 0
