xsec 340 0 0.0836754
scan 340 0 0 4.18419e-05 0 1.87123e-05 1.25526e-06 1.25526e-06 1.25526e-06 2.0921e-06 2.51051e-06 3.02086e-05
scan 340 0 1 2.51051e-05 0 1.44945e-05 7.53154e-07 7.53154e-07 7.53154e-07 1.25526e-06 1.50631e-06 1.81252e-05
scan 340 0 2 8.36838e-06 0 8.36838e-06 2.51051e-07 2.51051e-07 2.51051e-07 4.18419e-07 5.02103e-07 6.04172e-06
scan 340 0 3 8.36838e-06 0 8.36838e-06 2.51051e-07 2.51051e-07 2.51051e-07 4.18419e-07 5.02103e-07 6.04172e-06
scan 340 0 4 1.67368e-05 0 1.18347e-05 5.02103e-07 5.02103e-07 5.02103e-07 8.36838e-07 1.00421e-06 1.20834e-05
scan 340 0 5 0 0 0 0 0 0 0 0 0
scan 340 0 6 0 0 0 0 0 0 0 0 0
scan 340 0 7 1.67368e-05 0 1.18347e-05 5.02103e-07 5.02103e-07 5.02103e-07 8.36838e-07 1.00421e-06 1.20834e-05
scan 340 0 8 0 0 0 0 0 0 0 0 0
scan 340 0 9 0 0 0 0 0 0 0 0 0
scan 340 0 10 0 0 0 0 0 0 0 0 0
scan 340 0 11 8.36838e-06 0 8.36838e-06 2.51051e-07 2.51051e-07 2.51051e-07 4.18419e-07 5.02103e-07 6.04172e-06
scan 340 0 12 2.51051e-05 0 1.44945e-05 7.53154e-07 7.53154e-07 7.53154e-07 1.25526e-06 1.50631e-06 1.81252e-05
scan 340 0 13 2.51051e-05 0 1.44945e-05 7.53154e-07 7.53154e-07 7.53154e-07 1.25526e-06 1.50631e-06 1.81252e-05
scan 340 0 14 3.34735e-05 0 1.67368e-05 1.00421e-06 1.00421e-06 1.00421e-06 1.67368e-06 2.00841e-06 2.41669e-05
scan 340 0 15 0.000384946 0 5.67571e-05 1.15484e-05 1.15484e-05 1.15484e-05 1.92473e-05 2.30967e-05 0.000277919
scan 340 0 16 0.000644365 0 7.34322e-05 1.9331e-05 1.9331e-05 1.9331e-05 3.22183e-05 3.86619e-05 0.000465212
scan 340 0 17 0.000702944 0 7.66975e-05 2.10883e-05 2.10883e-05 2.10883e-05 3.51472e-05 4.21766e-05 0.000507504
scan 340 0 18 0.000543945 0 6.7468e-05 1.63183e-05 1.63183e-05 1.63183e-05 2.71972e-05 3.26367e-05 0.000392712
scan 340 0 19 0.000853575 0 8.45165e-05 2.56072e-05 2.56072e-05 2.56072e-05 4.26787e-05 5.12145e-05 0.000616255
scan 340 0 20 5.85787e-05 0 2.21407e-05 1.75736e-06 1.75736e-06 1.75736e-06 2.92893e-06 3.51472e-06 4.2292e-05
scan 340 0 21 0.000108789 0 3.01726e-05 3.26367e-06 3.26367e-06 3.26367e-06 5.43945e-06 6.52734e-06 7.85423e-05
scan 340 0 22 0.00025942 0 4.65932e-05 7.78259e-06 7.78259e-06 7.78259e-06 1.2971e-05 1.55652e-05 0.000187293
scan 340 0 23 0.000184104 0 3.92512e-05 5.52313e-06 5.52313e-06 5.52313e-06 9.20522e-06 1.10463e-05 0.000132918
scan 340 0 24 0.000217578 0 4.26705e-05 6.52734e-06 6.52734e-06 6.52734e-06 1.08789e-05 1.30547e-05 0.000157085
scan 340 0 25 8.36838e-06 0 8.36838e-06 2.51051e-07 2.51051e-07 2.51051e-07 4.18419e-07 5.02103e-07 6.04172e-06
scan 340 0 26 0.000142262 0 3.45037e-05 4.26787e-06 4.26787e-06 4.26787e-06 7.11312e-06 8.53575e-06 0.000102709
scan 340 0 27 0.000535576 0 6.69471e-05 1.60673e-05 1.60673e-05 1.60673e-05 2.67788e-05 3.21346e-05 0.00038667
scan 340 0 28 0.000778259 0 8.07017e-05 2.33478e-05 2.33478e-05 2.33478e-05 3.8913e-05 4.66956e-05 0.00056188
scan 340 0 29 0.00171552 0 0.000119817 5.14655e-05 5.14655e-05 5.14655e-05 8.57759e-05 0.000102931 0.00123855
scan 340 0 30 0 0 0 0 0 0 0 0 0
scan 340 0 31 8.36838e-06 0 8.36838e-06 2.51051e-07 2.51051e-07 2.51051e-07 4.18419e-07 5.02103e-07 6.04172e-06
scan 340 0 32 8.36838e-06 0 8.36838e-06 2.51051e-07 2.51051e-07 2.51051e-07 4.18419e-07 5.02103e-07 6.04172e-06
scan 340 0 33 1.67368e-05 0 1.18347e-05 5.02103e-07 5.02103e-07 5.02103e-07 8.36838e-07 1.00421e-06 1.20834e-05
scan 340 0 34 1.67368e-05 0 1.18347e-05 5.02103e-07 5.02103e-07 5.02103e-07 8.36838e-07 1.00421e-06 1.20834e-05
scan 340 0 35 0 0 0 0 0 0 0 0 0
scan 340 0 36 0 0 0 0 0 0 0 0 0
scan 340 0 37 0 0 0 0 0 0 0 0 0
scan 340 0 38 1.67368e-05 0 1.18347e-05 5.02103e-07 5.02103e-07 5.02103e-07 8.36838e-07 1.00421e-06 1.20834e-05
scan 340 0 39 8.36838e-06 0 8.36838e-06 2.51051e-07 2.51051e-07 2.51051e-07 4.18419e-07 5.02103e-07 6.04172e-06
scan 340 0 40 0 0 0 0 0 0 0 0 0
scan 340 0 41 8.36838e-06 0 8.36838e-06 2.51051e-07 2.51051e-07 2.51051e-07 4.18419e-07 5.02103e-07 6.04172e-06
scan 340 0 42 8.36838e-06 0 8.36838e-06 2.51051e-07 2.51051e-07 2.51051e-07 4.18419e-07 5.02103e-07 6.04172e-06
scan 340 0 43 3.34735e-05 0 1.67368e-05 1.00421e-06 1.00421e-06 1.00421e-06 1.67368e-06 2.00841e-06 2.41669e-05
scan 340 0 44 8.36838e-06 0 8.36838e-06 2.51051e-07 2.51051e-07 2.51051e-07 4.18419e-07 5.02103e-07 6.04172e-06
scan 340 0 45 0 0 0 0 0 0 0 0 0
scan 340 0 46 0 0 0 0 0 0 0 0 0
scan 340 0 47 8.36838e-06 0 8.36838e-06 2.51051e-07 2.51051e-07 2.51051e-07 4.18419e-07 5.02103e-07 6.04172e-06
scan 340 0 48 0 0 0 0 0 0 0 0 0
scan 340 0 49 8.36838e-06 0 8.36838e-06 2.51051e-07 2.51051e-07 2.51051e-07 4.18419e-07 5.02103e-07 6.04172e-06
scan 340 0 50 0 0 0 0 0 0 0 0 0
scan 340 0 51 8.36838e-06 0 8.36838e-06 2.51051e-07 2.51051e-07 2.51051e-07 4.18419e-07 5.02103e-07 6.04172e-06
scan 340 0 52 0 0 0 0 0 0 0 0 0
scan 340 0 53 0 0 0 0 0 0 0 0 0
scan 340 0 54 0 0 0 0 0 0 0 0 0
scan 340 0 55 0 0 0 0 0 0 0 0 0
scan 340 0 56 0 0 0 0 0 0 0 0 0
scan 340 0 57 8.36838e-06 0 8.36838e-06 2.51051e-07 2.51051e-07 2.51051e-07 4.18419e-07 5.02103e-07 6.04172e-06
scan 340 0 58 8.36838e-06 0 8.36838e-06 2.51051e-07 2.51051e-07 2.51051e-07 4.18419e-07 5.02103e-07 6.04172e-06
scan 340 0 59 8.36838e-06 0 8.36838e-06 2.51051e-07 2.51051e-07 2.51051e-07 4.18419e-07 5.02103e-07 6.04172e-06
scan 340 0 60 0 0 0 0 0 0 0 0 0
scan 340 0 61 0 0 0 0 0 0 0 0 0
scan 340 0 62 0 0 0 0 0 0 0 0 0
scan 340 0 63 0 0 0 0 0 0 0 0 0
scan 340 0 64 0 0 0 0 0 0 0 0 0
scan 340 0 65 0 0 0 0 0 0 0 0 0
scan 340 0 66 0 0 0 0 0 0 0 0 0
scan 340 0 67 0 0 0 0 0 0 0 0 0
scan 340 0 68 0 0 0 0 0 0 0 0 0
scan 340 0 69 0 0 0 0 0 0 0 0 0
scan 340 0 70 0 0 0 0 0 0 0 0 0
scan 340 0 71 0 0 0 0 0 0 0 0 0
scan 340 0 72 0 0 0 0 0 0 0 0 0
scan 340 0 73 0 0 0 0 0 0 0 0 0
scan 340 0 74 0 0 0 0 0 0 0 0 0
scan 340 0 75 8.36838e-06 0 8.36838e-06 2.51051e-07 2.51051e-07 2.51051e-07 4.18419e-07 5.02103e-07 6.04172e-06
scan 340 0 76 0 0 0 0 0 0 0 0 0
scan 340 0 77 0 0 0 0 0 0 0 0 0
scan 340 0 78 0 0 0 0 0 0 0 0 0
scan 340 0 79 0 0 0 0 0 0 0 0 0
scan 340 0 80 0 0 0 0 0 0 0 0 0
scan 340 0 81 0 0 0 0 0 0 0 0 0
scan 340 0 82 0 0 0 0 0 0 0 0 0
scan 340 0 83 0 0 0 0 0 0 0 0 0
scan 340 0 84 0 0 0 0 0 0 0 0 0
scan 340 0 85 0 0 0 0 0 0 0 0 0
scan 340 0 86 0 0 0 0 0 0 0 0 0
scan 340 0 87 0 0 0 0 0 0 0 0 0
scan 340 0 88 8.36838e-06 0 8.36838e-06 2.51051e-07 2.51051e-07 2.51051e-07 4.18419e-07 5.02103e-07 6.04172e-06
scan 340 0 89 0 0 0 0 0 0 0 0 0
scan 340 0 90 3.34735e-05 0 1.67368e-05 1.00421e-06 1.00421e-06 1.00421e-06 1.67368e-06 2.00841e-06 2.41669e-05
scan 340 0 91 1.67368e-05 0 1.18347e-05 5.02103e-07 5.02103e-07 5.02103e-07 8.36838e-07 1.00421e-06 1.20834e-05
scan 340 0 92 8.36838e-06 0 8.36838e-06 2.51051e-07 2.51051e-07 2.51051e-07 4.18419e-07 5.02103e-07 6.04172e-06
scan 340 0 93 0 0 0 0 0 0 0 0 0
scan 340 0 94 8.36838e-06 0 8.36838e-06 2.51051e-07 2.51051e-07 2.51051e-07 4.18419e-07 5.02103e-07 6.04172e-06
scan 340 0 95 0 0 0 0 0 0 0 0 0
scan 340 0 96 8.36838e-06 0 8.36838e-06 2.51051e-07 2.51051e-07 2.51051e-07 4.18419e-07 5.02103e-07 6.04172e-06
scan 340 0 97 8.36838e-06 0 8.36838e-06 2.51051e-07 2.51051e-07 2.51051e-07 4.18419e-07 5.02103e-07 6.04172e-06
scan 340 0 98 0 0 0 0 0 0 0 0 0
scan 340 0 99 0 0 0 0 0 0 0 0 0
scan 340 0 100 8.36838e-06 0 8.36838e-06 2.51051e-07 2.51051e-07 2.51051e-07 4.18419e-07 5.02103e-07 6.04172e-06
scan 340 0 101 0 0 0 0 0 0 0 0 0
scan 340 0 102 1.67368e-05 0 1.18347e-05 5.02103e-07 5.02103e-07 5.02103e-07 8.36838e-07 1.00421e-06 1.20834e-05
scan 340 0 103 8.36838e-06 0 8.36838e-06 2.51051e-07 2.51051e-07 2.51051e-07 4.18419e-07 5.02103e-07 6.04172e-06
scan 340 0 104 3.34735e-05 0 1.67368e-05 1.00421e-06 1.00421e-06 1.00421e-06 1.67368e-06 2.00841e-06 2.41669e-05
scan 340 0 60 0 0 0 0 0 0 0 0 0
scan 340 0 61 0 0 0 0 0 0 0 0 0
scan 340 0 62 0 0 0 0 0 0 0 0 0
scan 340 0 63 0 0 0 0 0 0 0 0 0
scan 340 0 64 0 0 0 0 0 0 0 0 0
scan 340 0 65 0 0 0 0 0 0 0 0 0
scan 340 0 66 0 0 0 0 0 0 0 0 0
scan 340 0 67 0 0 0 0 0 0 0 0 0
scan 340 0 68 0 0 0 0 0 0 0 0 0
scan 340 0 69 0 0 0 0 0 0 0 0 0
scan 340 0 70 0 0 0 0 0 0 0 0 0
scan 340 0 71 0 0 0 0 0 0 0 0 0
scan 340 0 72 0 0 0 0 0 0 0 0 0
scan 340 0 73 0 0 0 0 0 0 0 0 0
scan 340 0 74 0 0 0 0 0 0 0 0 0
scan 340 0 120 0 0 0 0 0 0 0 0 0
scan 340 0 121 0 0 0 0 0 0 0 0 0
scan 340 0 122 0 0 0 0 0 0 0 0 0
scan 340 0 123 0 0 0 0 0 0 0 0 0
scan 340 0 124 0 0 0 0 0 0 0 0 0
scan 340 0 125 0 0 0 0 0 0 0 0 0
scan 340 0 126 0 0 0 0 0 0 0 0 0
scan 340 0 127 0 0 0 0 0 0 0 0 0
scan 340 0 128 0 0 0 0 0 0 0 0 0
scan 340 0 129 0 0 0 0 0 0 0 0 0
scan 340 0 130 0 0 0 0 0 0 0 0 0
scan 340 0 131 0 0 0 0 0 0 0 0 0
scan 340 0 132 0 0 0 0 0 0 0 0 0
scan 340 0 133 0 0 0 0 0 0 0 0 0
scan 340 0 134 0 0 0 0 0 0 0 0 0
scan 340 0 135 1.67368e-05 0 1.18347e-05 5.02103e-07 5.02103e-07 5.02103e-07 8.36838e-07 1.00421e-06 1.20834e-05
scan 340 0 136 4.18419e-05 0 1.87123e-05 1.25526e-06 1.25526e-06 1.25526e-06 2.0921e-06 2.51051e-06 3.02086e-05
scan 340 0 137 1.67368e-05 0 1.18347e-05 5.02103e-07 5.02103e-07 5.02103e-07 8.36838e-07 1.00421e-06 1.20834e-05
scan 340 0 138 8.36838e-06 0 8.36838e-06 2.51051e-07 2.51051e-07 2.51051e-07 4.18419e-07 5.02103e-07 6.04172e-06
scan 340 0 139 8.36838e-06 0 8.36838e-06 2.51051e-07 2.51051e-07 2.51051e-07 4.18419e-07 5.02103e-07 6.04172e-06
scan 340 0 140 0 0 0 0 0 0 0 0 0
scan 340 0 141 0 0 0 0 0 0 0 0 0
scan 340 0 142 0 0 0 0 0 0 0 0 0
scan 340 0 143 0 0 0 0 0 0 0 0 0
scan 340 0 144 0 0 0 0 0 0 0 0 0
scan 340 0 145 0 0 0 0 0 0 0 0 0
scan 340 0 146 8.36838e-06 0 8.36838e-06 2.51051e-07 2.51051e-07 2.51051e-07 4.18419e-07 5.02103e-07 6.04172e-06
scan 340 0 147 0 0 0 0 0 0 0 0 0
scan 340 0 148 4.18419e-05 0 1.87123e-05 1.25526e-06 1.25526e-06 1.25526e-06 2.0921e-06 2.51051e-06 3.02086e-05
scan 340 0 149 8.36838e-06 0 8.36838e-06 2.51051e-07 2.51051e-07 2.51051e-07 4.18419e-07 5.02103e-07 6.04172e-06
scan 340 0 60 0 0 0 0 0 0 0 0 0
scan 340 0 61 0 0 0 0 0 0 0 0 0
scan 340 0 62 0 0 0 0 0 0 0 0 0
scan 340 0 63 0 0 0 0 0 0 0 0 0
scan 340 0 64 0 0 0 0 0 0 0 0 0
scan 340 0 65 0 0 0 0 0 0 0 0 0
scan 340 0 66 0 0 0 0 0 0 0 0 0
scan 340 0 67 0 0 0 0 0 0 0 0 0
scan 340 0 68 0 0 0 0 0 0 0 0 0
scan 340 0 69 0 0 0 0 0 0 0 0 0
scan 340 0 70 0 0 0 0 0 0 0 0 0
scan 340 0 71 0 0 0 0 0 0 0 0 0
scan 340 0 72 0 0 0 0 0 0 0 0 0
scan 340 0 73 0 0 0 0 0 0 0 0 0
scan 340 0 74 0 0 0 0 0 0 0 0 0
scan 340 0 165 0 0 0 0 0 0 0 0 0
scan 340 0 166 0 0 0 0 0 0 0 0 0
scan 340 0 167 0 0 0 0 0 0 0 0 0
scan 340 0 168 0 0 0 0 0 0 0 0 0
scan 340 0 169 0 0 0 0 0 0 0 0 0
scan 340 0 170 0 0 0 0 0 0 0 0 0
scan 340 0 171 0 0 0 0 0 0 0 0 0
scan 340 0 172 0 0 0 0 0 0 0 0 0
scan 340 0 173 0 0 0 0 0 0 0 0 0
scan 340 0 174 0 0 0 0 0 0 0 0 0
scan 340 0 175 0 0 0 0 0 0 0 0 0
scan 340 0 176 0 0 0 0 0 0 0 0 0
scan 340 0 177 0 0 0 0 0 0 0 0 0
scan 340 0 178 0 0 0 0 0 0 0 0 0
scan 340 0 179 8.36838e-06 0 8.36838e-06 2.51051e-07 2.51051e-07 2.51051e-07 4.18419e-07 5.02103e-07 6.04172e-06
