xsec 260 30 0.268225
scan 260 30 0 2.68252e-05 0 2.68252e-05 8.04757e-07 8.04757e-07 8.04757e-07 1.34126e-06 1.60951e-06 1.88059e-05
scan 260 30 1 0.000321903 0 9.29253e-05 9.65708e-06 9.65708e-06 9.65708e-06 1.60951e-05 1.93142e-05 0.00022567
scan 260 30 2 0.000160951 0 6.57081e-05 4.82854e-06 4.82854e-06 4.82854e-06 8.04757e-06 9.65708e-06 0.000112835
scan 260 30 3 0 0 0 0 0 0 0 0 0
scan 260 30 4 8.04757e-05 0 4.64627e-05 2.41427e-06 2.41427e-06 2.41427e-06 4.02378e-06 4.82854e-06 5.64176e-05
scan 260 30 5 0 0 0 0 0 0 0 0 0
scan 260 30 6 0.000107301 0 5.36505e-05 3.21903e-06 3.21903e-06 3.21903e-06 5.36505e-06 6.43806e-06 7.52234e-05
scan 260 30 7 8.04757e-05 0 4.64627e-05 2.41427e-06 2.41427e-06 2.41427e-06 4.02378e-06 4.82854e-06 5.64176e-05
scan 260 30 8 2.68252e-05 0 2.68252e-05 8.04757e-07 8.04757e-07 8.04757e-07 1.34126e-06 1.60951e-06 1.88059e-05
scan 260 30 9 0 0 0 0 0 0 0 0 0
scan 260 30 10 0 0 0 0 0 0 0 0 0
scan 260 30 11 0 0 0 0 0 0 0 0 0
scan 260 30 12 0.000107301 0 5.36505e-05 3.21903e-06 3.21903e-06 3.21903e-06 5.36505e-06 6.43806e-06 7.52234e-05
scan 260 30 13 0.000160951 0 6.57081e-05 4.82854e-06 4.82854e-06 4.82854e-06 8.04757e-06 9.65708e-06 0.000112835
scan 260 30 14 0.000107301 0 5.36505e-05 3.21903e-06 3.21903e-06 3.21903e-06 5.36505e-06 6.43806e-06 7.52234e-05
scan 260 30 15 0.00236062 0 0.000251643 7.08186e-05 7.08186e-05 7.08186e-05 0.000118031 0.000141637 0.00165492
scan 260 30 16 0.00348728 0 0.000305855 0.000104618 0.000104618 0.000104618 0.000174364 0.000209237 0.00244476
scan 260 30 17 0.00252157 0 0.00026008 7.56472e-05 7.56472e-05 7.56472e-05 0.000126079 0.000151294 0.00176775
scan 260 30 18 0.00142174 0 0.000195291 4.26521e-05 4.26521e-05 4.26521e-05 7.10869e-05 8.53042e-05 0.000996711
scan 260 30 19 0.00126079 0 0.000183905 3.78236e-05 3.78236e-05 3.78236e-05 6.30393e-05 7.56472e-05 0.000883876
scan 260 30 20 0.000134126 0 5.9983e-05 4.02378e-06 4.02378e-06 4.02378e-06 6.70631e-06 8.04757e-06 9.40293e-05
scan 260 30 21 0.00112666 0 0.000173847 3.37998e-05 3.37998e-05 3.37998e-05 5.6333e-05 6.75996e-05 0.000789846
scan 260 30 22 0.000938883 0 0.0001587 2.81665e-05 2.81665e-05 2.81665e-05 4.69442e-05 5.6333e-05 0.000658205
scan 260 30 23 0.000375553 0 0.000100371 1.12666e-05 1.12666e-05 1.12666e-05 1.87777e-05 2.25332e-05 0.000263282
scan 260 30 24 0.000509679 0 0.000116928 1.52904e-05 1.52904e-05 1.52904e-05 2.5484e-05 3.05808e-05 0.000357311
scan 260 30 25 2.68252e-05 0 2.68252e-05 8.04757e-07 8.04757e-07 8.04757e-07 1.34126e-06 1.60951e-06 1.88059e-05
scan 260 30 26 0.000509679 0 0.000116928 1.52904e-05 1.52904e-05 1.52904e-05 2.5484e-05 3.05808e-05 0.000357311
scan 260 30 27 0.00228014 0 0.000247316 6.84043e-05 6.84043e-05 6.84043e-05 0.000114007 0.000136809 0.0015985
scan 260 30 28 0.00246792 0 0.000257299 7.40376e-05 7.40376e-05 7.40376e-05 0.000123396 0.000148075 0.00173014
scan 260 30 29 0.00139491 0 0.000193439 4.18474e-05 4.18474e-05 4.18474e-05 6.97456e-05 8.36947e-05 0.000977905
scan 260 30 30 8.04757e-05 0 4.64627e-05 2.41427e-06 2.41427e-06 2.41427e-06 4.02378e-06 4.82854e-06 5.64176e-05
scan 260 30 31 0.000107301 0 5.36505e-05 3.21903e-06 3.21903e-06 3.21903e-06 5.36505e-06 6.43806e-06 7.52234e-05
scan 260 30 32 0.000134126 0 5.9983e-05 4.02378e-06 4.02378e-06 4.02378e-06 6.70631e-06 8.04757e-06 9.40293e-05
scan 260 30 33 0.000107301 0 5.36505e-05 3.21903e-06 3.21903e-06 3.21903e-06 5.36505e-06 6.43806e-06 7.52234e-05
scan 260 30 34 2.68252e-05 0 2.68252e-05 8.04757e-07 8.04757e-07 8.04757e-07 1.34126e-06 1.60951e-06 1.88059e-05
scan 260 30 35 0 0 0 0 0 0 0 0 0
scan 260 30 36 0.000107301 0 5.36505e-05 3.21903e-06 3.21903e-06 3.21903e-06 5.36505e-06 6.43806e-06 7.52234e-05
scan 260 30 37 0 0 0 0 0 0 0 0 0
scan 260 30 38 0 0 0 0 0 0 0 0 0
scan 260 30 39 0 0 0 0 0 0 0 0 0
scan 260 30 40 0 0 0 0 0 0 0 0 0
scan 260 30 41 0 0 0 0 0 0 0 0 0
scan 260 30 42 0 0 0 0 0 0 0 0 0
scan 260 30 43 0.000107301 0 5.36505e-05 3.21903e-06 3.21903e-06 3.21903e-06 5.36505e-06 6.43806e-06 7.52234e-05
scan 260 30 44 0 0 0 0 0 0 0 0 0
scan 260 30 45 0 0 0 0 0 0 0 0 0
scan 260 30 46 5.36505e-05 0 3.79366e-05 1.60951e-06 1.60951e-06 1.60951e-06 2.68252e-06 3.21903e-06 3.76117e-05
scan 260 30 47 0 0 0 0 0 0 0 0 0
scan 260 30 48 0 0 0 0 0 0 0 0 0
scan 260 30 49 0 0 0 0 0 0 0 0 0
scan 260 30 50 0 0 0 0 0 0 0 0 0
scan 260 30 51 0 0 0 0 0 0 0 0 0
scan 260 30 52 0 0 0 0 0 0 0 0 0
scan 260 30 53 0 0 0 0 0 0 0 0 0
scan 260 30 54 0 0 0 0 0 0 0 0 0
scan 260 30 55 0 0 0 0 0 0 0 0 0
scan 260 30 56 0 0 0 0 0 0 0 0 0
scan 260 30 57 2.68252e-05 0 2.68252e-05 8.04757e-07 8.04757e-07 8.04757e-07 1.34126e-06 1.60951e-06 1.88059e-05
scan 260 30 58 0 0 0 0 0 0 0 0 0
scan 260 30 59 2.68252e-05 0 2.68252e-05 8.04757e-07 8.04757e-07 8.04757e-07 1.34126e-06 1.60951e-06 1.88059e-05
scan 260 30 60 0 0 0 0 0 0 0 0 0
scan 260 30 61 0 0 0 0 0 0 0 0 0
scan 260 30 62 0 0 0 0 0 0 0 0 0
scan 260 30 63 0 0 0 0 0 0 0 0 0
scan 260 30 64 0 0 0 0 0 0 0 0 0
scan 260 30 65 0 0 0 0 0 0 0 0 0
scan 260 30 66 0 0 0 0 0 0 0 0 0
scan 260 30 67 0 0 0 0 0 0 0 0 0
scan 260 30 68 0 0 0 0 0 0 0 0 0
scan 260 30 69 0 0 0 0 0 0 0 0 0
scan 260 30 70 0 0 0 0 0 0 0 0 0
scan 260 30 71 0 0 0 0 0 0 0 0 0
scan 260 30 72 0 0 0 0 0 0 0 0 0
scan 260 30 73 0 0 0 0 0 0 0 0 0
scan 260 30 74 0 0 0 0 0 0 0 0 0
scan 260 30 75 0 0 0 0 0 0 0 0 0
scan 260 30 76 0 0 0 0 0 0 0 0 0
scan 260 30 77 0 0 0 0 0 0 0 0 0
scan 260 30 78 0 0 0 0 0 0 0 0 0
scan 260 30 79 0 0 0 0 0 0 0 0 0
scan 260 30 80 0 0 0 0 0 0 0 0 0
scan 260 30 81 0 0 0 0 0 0 0 0 0
scan 260 30 82 2.68252e-05 0 2.68252e-05 8.04757e-07 8.04757e-07 8.04757e-07 1.34126e-06 1.60951e-06 1.88059e-05
scan 260 30 83 0 0 0 0 0 0 0 0 0
scan 260 30 84 0 0 0 0 0 0 0 0 0
scan 260 30 85 0 0 0 0 0 0 0 0 0
scan 260 30 86 0 0 0 0 0 0 0 0 0
scan 260 30 87 0 0 0 0 0 0 0 0 0
scan 260 30 88 0 0 0 0 0 0 0 0 0
scan 260 30 89 0 0 0 0 0 0 0 0 0
scan 260 30 90 0.000107301 0 5.36505e-05 3.21903e-06 3.21903e-06 3.21903e-06 5.36505e-06 6.43806e-06 7.52234e-05
scan 260 30 91 0.000160951 0 6.57081e-05 4.82854e-06 4.82854e-06 4.82854e-06 8.04757e-06 9.65708e-06 0.000112835
scan 260 30 92 2.68252e-05 0 2.68252e-05 8.04757e-07 8.04757e-07 8.04757e-07 1.34126e-06 1.60951e-06 1.88059e-05
scan 260 30 93 2.68252e-05 0 2.68252e-05 8.04757e-07 8.04757e-07 8.04757e-07 1.34126e-06 1.60951e-06 1.88059e-05
scan 260 30 94 0 0 0 0 0 0 0 0 0
scan 260 30 95 0 0 0 0 0 0 0 0 0
scan 260 30 96 5.36505e-05 0 3.79366e-05 1.60951e-06 1.60951e-06 1.60951e-06 2.68252e-06 3.21903e-06 3.76117e-05
scan 260 30 97 0 0 0 0 0 0 0 0 0
scan 260 30 98 0 0 0 0 0 0 0 0 0
scan 260 30 99 0 0 0 0 0 0 0 0 0
scan 260 30 100 0 0 0 0 0 0 0 0 0
scan 260 30 101 2.68252e-05 0 2.68252e-05 8.04757e-07 8.04757e-07 8.04757e-07 1.34126e-06 1.60951e-06 1.88059e-05
scan 260 30 102 5.36505e-05 0 3.79366e-05 1.60951e-06 1.60951e-06 1.60951e-06 2.68252e-06 3.21903e-06 3.76117e-05
scan 260 30 103 0.000107301 0 5.36505e-05 3.21903e-06 3.21903e-06 3.21903e-06 5.36505e-06 6.43806e-06 7.52234e-05
scan 260 30 104 2.68252e-05 0 2.68252e-05 8.04757e-07 8.04757e-07 8.04757e-07 1.34126e-06 1.60951e-06 1.88059e-05
scan 260 30 60 0 0 0 0 0 0 0 0 0
scan 260 30 61 0 0 0 0 0 0 0 0 0
scan 260 30 62 0 0 0 0 0 0 0 0 0
scan 260 30 63 0 0 0 0 0 0 0 0 0
scan 260 30 64 0 0 0 0 0 0 0 0 0
scan 260 30 65 0 0 0 0 0 0 0 0 0
scan 260 30 66 0 0 0 0 0 0 0 0 0
scan 260 30 67 0 0 0 0 0 0 0 0 0
scan 260 30 68 0 0 0 0 0 0 0 0 0
scan 260 30 69 0 0 0 0 0 0 0 0 0
scan 260 30 70 0 0 0 0 0 0 0 0 0
scan 260 30 71 0 0 0 0 0 0 0 0 0
scan 260 30 72 0 0 0 0 0 0 0 0 0
scan 260 30 73 0 0 0 0 0 0 0 0 0
scan 260 30 74 0 0 0 0 0 0 0 0 0
scan 260 30 120 0 0 0 0 0 0 0 0 0
scan 260 30 121 0 0 0 0 0 0 0 0 0
scan 260 30 122 0 0 0 0 0 0 0 0 0
scan 260 30 123 0 0 0 0 0 0 0 0 0
scan 260 30 124 0 0 0 0 0 0 0 0 0
scan 260 30 125 0 0 0 0 0 0 0 0 0
scan 260 30 126 0 0 0 0 0 0 0 0 0
scan 260 30 127 0 0 0 0 0 0 0 0 0
scan 260 30 128 0 0 0 0 0 0 0 0 0
scan 260 30 129 0 0 0 0 0 0 0 0 0
scan 260 30 130 0 0 0 0 0 0 0 0 0
scan 260 30 131 0 0 0 0 0 0 0 0 0
scan 260 30 132 0 0 0 0 0 0 0 0 0
scan 260 30 133 0 0 0 0 0 0 0 0 0
scan 260 30 134 0 0 0 0 0 0 0 0 0
scan 260 30 135 0 0 0 0 0 0 0 0 0
scan 260 30 136 0.000107301 0 5.36505e-05 3.21903e-06 3.21903e-06 3.21903e-06 5.36505e-06 6.43806e-06 7.52234e-05
scan 260 30 137 5.36505e-05 0 3.79366e-05 1.60951e-06 1.60951e-06 1.60951e-06 2.68252e-06 3.21903e-06 3.76117e-05
scan 260 30 138 0 0 0 0 0 0 0 0 0
scan 260 30 139 5.36505e-05 0 3.79366e-05 1.60951e-06 1.60951e-06 1.60951e-06 2.68252e-06 3.21903e-06 3.76117e-05
scan 260 30 140 0 0 0 0 0 0 0 0 0
scan 260 30 141 0 0 0 0 0 0 0 0 0
scan 260 30 142 0 0 0 0 0 0 0 0 0
scan 260 30 143 0 0 0 0 0 0 0 0 0
scan 260 30 144 0 0 0 0 0 0 0 0 0
scan 260 30 145 0 0 0 0 0 0 0 0 0
scan 260 30 146 0 0 0 0 0 0 0 0 0
scan 260 30 147 2.68252e-05 0 2.68252e-05 8.04757e-07 8.04757e-07 8.04757e-07 1.34126e-06 1.60951e-06 1.88059e-05
scan 260 30 148 0 0 0 0 0 0 0 0 0
scan 260 30 149 0 0 0 0 0 0 0 0 0
scan 260 30 60 0 0 0 0 0 0 0 0 0
scan 260 30 61 0 0 0 0 0 0 0 0 0
scan 260 30 62 0 0 0 0 0 0 0 0 0
scan 260 30 63 0 0 0 0 0 0 0 0 0
scan 260 30 64 0 0 0 0 0 0 0 0 0
scan 260 30 65 0 0 0 0 0 0 0 0 0
scan 260 30 66 0 0 0 0 0 0 0 0 0
scan 260 30 67 0 0 0 0 0 0 0 0 0
scan 260 30 68 0 0 0 0 0 0 0 0 0
scan 260 30 69 0 0 0 0 0 0 0 0 0
scan 260 30 70 0 0 0 0 0 0 0 0 0
scan 260 30 71 0 0 0 0 0 0 0 0 0
scan 260 30 72 0 0 0 0 0 0 0 0 0
scan 260 30 73 0 0 0 0 0 0 0 0 0
scan 260 30 74 0 0 0 0 0 0 0 0 0
scan 260 30 165 0 0 0 0 0 0 0 0 0
scan 260 30 166 0 0 0 0 0 0 0 0 0
scan 260 30 167 0 0 0 0 0 0 0 0 0
scan 260 30 168 0 0 0 0 0 0 0 0 0
scan 260 30 169 2.68252e-05 0 2.68252e-05 8.04757e-07 8.04757e-07 8.04757e-07 1.34126e-06 1.60951e-06 1.88059e-05
scan 260 30 170 0 0 0 0 0 0 0 0 0
scan 260 30 171 0 0 0 0 0 0 0 0 0
scan 260 30 172 0 0 0 0 0 0 0 0 0
scan 260 30 173 0 0 0 0 0 0 0 0 0
scan 260 30 174 0 0 0 0 0 0 0 0 0
scan 260 30 175 0 0 0 0 0 0 0 0 0
scan 260 30 176 0 0 0 0 0 0 0 0 0
scan 260 30 177 0 0 0 0 0 0 0 0 0
scan 260 30 178 0 0 0 0 0 0 0 0 0
scan 260 30 179 0 0 0 0 0 0 0 0 0
