xsec 380 200 0.0498016
scan 380 200 0 2.49008e-05 0 1.1136e-05 7.47023e-07 7.47023e-07 7.47023e-07 1.24504e-06 1.49405e-06 1.82033e-05
scan 380 200 1 2.98809e-05 0 1.21988e-05 8.96428e-07 8.96428e-07 8.96428e-07 1.49405e-06 1.79286e-06 2.1844e-05
scan 380 200 2 3.48611e-05 0 1.31763e-05 1.04583e-06 1.04583e-06 1.04583e-06 1.74305e-06 2.09167e-06 2.54846e-05
scan 380 200 3 9.96031e-06 0 7.043e-06 2.98809e-07 2.98809e-07 2.98809e-07 4.98016e-07 5.97619e-07 7.28133e-06
scan 380 200 4 9.96031e-06 0 7.043e-06 2.98809e-07 2.98809e-07 2.98809e-07 4.98016e-07 5.97619e-07 7.28133e-06
scan 380 200 5 0 0 0 0 0 0 0 0 0
scan 380 200 6 9.96031e-06 0 7.043e-06 2.98809e-07 2.98809e-07 2.98809e-07 4.98016e-07 5.97619e-07 7.28133e-06
scan 380 200 7 4.98016e-06 0 4.98016e-06 1.49405e-07 1.49405e-07 1.49405e-07 2.49008e-07 2.98809e-07 3.64066e-06
scan 380 200 8 0 0 0 0 0 0 0 0 0
scan 380 200 9 0 0 0 0 0 0 0 0 0
scan 380 200 10 0 0 0 0 0 0 0 0 0
scan 380 200 11 1.49405e-05 0 8.62588e-06 4.48214e-07 4.48214e-07 4.48214e-07 7.47023e-07 8.96428e-07 1.0922e-05
scan 380 200 12 3.48611e-05 0 1.31763e-05 1.04583e-06 1.04583e-06 1.04583e-06 1.74305e-06 2.09167e-06 2.54846e-05
scan 380 200 13 9.96031e-06 0 7.043e-06 2.98809e-07 2.98809e-07 2.98809e-07 4.98016e-07 5.97619e-07 7.28133e-06
scan 380 200 14 2.49008e-05 0 1.1136e-05 7.47023e-07 7.47023e-07 7.47023e-07 1.24504e-06 1.49405e-06 1.82033e-05
scan 380 200 15 0.000338651 0 4.10674e-05 1.01595e-05 1.01595e-05 1.01595e-05 1.69325e-05 2.0319e-05 0.000247565
scan 380 200 16 0.00063248 0 5.61235e-05 1.89744e-05 1.89744e-05 1.89744e-05 3.1624e-05 3.79488e-05 0.000462364
scan 380 200 17 0.000552797 0 5.24692e-05 1.65839e-05 1.65839e-05 1.65839e-05 2.76399e-05 3.31678e-05 0.000404114
scan 380 200 18 0.000253988 0 3.55654e-05 7.61964e-06 7.61964e-06 7.61964e-06 1.26994e-05 1.52393e-05 0.000185674
scan 380 200 19 0.000234067 0 3.41422e-05 7.02202e-06 7.02202e-06 7.02202e-06 1.17034e-05 1.4044e-05 0.000171111
scan 380 200 20 1.99206e-05 0 9.96031e-06 5.97619e-07 5.97619e-07 5.97619e-07 9.96031e-07 1.19524e-06 1.45627e-05
scan 380 200 21 0.000214147 0 3.26571e-05 6.4244e-06 6.4244e-06 6.4244e-06 1.07073e-05 1.28488e-05 0.000156549
scan 380 200 22 0.000199206 0 3.14973e-05 5.97619e-06 5.97619e-06 5.97619e-06 9.96031e-06 1.19524e-05 0.000145627
scan 380 200 23 8.46627e-05 0 2.05337e-05 2.53988e-06 2.53988e-06 2.53988e-06 4.23313e-06 5.07976e-06 6.18913e-05
scan 380 200 24 0.000104583 0 2.28219e-05 3.1375e-06 3.1375e-06 3.1375e-06 5.22916e-06 6.275e-06 7.64539e-05
scan 380 200 25 1.49405e-05 0 8.62588e-06 4.48214e-07 4.48214e-07 4.48214e-07 7.47023e-07 8.96428e-07 1.0922e-05
scan 380 200 26 0.000149405 0 2.72774e-05 4.48214e-06 4.48214e-06 4.48214e-06 7.47023e-06 8.96428e-06 0.00010922
scan 380 200 27 0.000373512 0 4.31294e-05 1.12054e-05 1.12054e-05 1.12054e-05 1.86756e-05 2.24107e-05 0.00027305
scan 380 200 28 0.000433274 0 4.64518e-05 1.29982e-05 1.29982e-05 1.29982e-05 2.16637e-05 2.59964e-05 0.000316738
scan 380 200 29 0.000423313 0 4.59148e-05 1.26994e-05 1.26994e-05 1.26994e-05 2.11657e-05 2.53988e-05 0.000309456
scan 380 200 30 1.99206e-05 0 9.96031e-06 5.97619e-07 5.97619e-07 5.97619e-07 9.96031e-07 1.19524e-06 1.45627e-05
scan 380 200 31 4.98016e-06 0 4.98016e-06 1.49405e-07 1.49405e-07 1.49405e-07 2.49008e-07 2.98809e-07 3.64066e-06
scan 380 200 32 4.98016e-06 0 4.98016e-06 1.49405e-07 1.49405e-07 1.49405e-07 2.49008e-07 2.98809e-07 3.64066e-06
scan 380 200 33 9.96031e-06 0 7.043e-06 2.98809e-07 2.98809e-07 2.98809e-07 4.98016e-07 5.97619e-07 7.28133e-06
scan 380 200 34 1.49405e-05 0 8.62588e-06 4.48214e-07 4.48214e-07 4.48214e-07 7.47023e-07 8.96428e-07 1.0922e-05
scan 380 200 35 0 0 0 0 0 0 0 0 0
scan 380 200 36 4.98016e-06 0 4.98016e-06 1.49405e-07 1.49405e-07 1.49405e-07 2.49008e-07 2.98809e-07 3.64066e-06
scan 380 200 37 0 0 0 0 0 0 0 0 0
scan 380 200 38 0 0 0 0 0 0 0 0 0
scan 380 200 39 0 0 0 0 0 0 0 0 0
scan 380 200 40 0 0 0 0 0 0 0 0 0
scan 380 200 41 4.98016e-06 0 4.98016e-06 1.49405e-07 1.49405e-07 1.49405e-07 2.49008e-07 2.98809e-07 3.64066e-06
scan 380 200 42 1.99206e-05 0 9.96031e-06 5.97619e-07 5.97619e-07 5.97619e-07 9.96031e-07 1.19524e-06 1.45627e-05
scan 380 200 43 9.96031e-06 0 7.043e-06 2.98809e-07 2.98809e-07 2.98809e-07 4.98016e-07 5.97619e-07 7.28133e-06
scan 380 200 44 1.49405e-05 0 8.62588e-06 4.48214e-07 4.48214e-07 4.48214e-07 7.47023e-07 8.96428e-07 1.0922e-05
scan 380 200 45 1.49405e-05 0 8.62588e-06 4.48214e-07 4.48214e-07 4.48214e-07 7.47023e-07 8.96428e-07 1.0922e-05
scan 380 200 46 1.99206e-05 0 9.96031e-06 5.97619e-07 5.97619e-07 5.97619e-07 9.96031e-07 1.19524e-06 1.45627e-05
scan 380 200 47 4.98016e-06 0 4.98016e-06 1.49405e-07 1.49405e-07 1.49405e-07 2.49008e-07 2.98809e-07 3.64066e-06
scan 380 200 48 0 0 0 0 0 0 0 0 0
scan 380 200 49 0 0 0 0 0 0 0 0 0
scan 380 200 50 0 0 0 0 0 0 0 0 0
scan 380 200 51 4.98016e-06 0 4.98016e-06 1.49405e-07 1.49405e-07 1.49405e-07 2.49008e-07 2.98809e-07 3.64066e-06
scan 380 200 52 0 0 0 0 0 0 0 0 0
scan 380 200 53 0 0 0 0 0 0 0 0 0
scan 380 200 54 0 0 0 0 0 0 0 0 0
scan 380 200 55 0 0 0 0 0 0 0 0 0
scan 380 200 56 9.96031e-06 0 7.043e-06 2.98809e-07 2.98809e-07 2.98809e-07 4.98016e-07 5.97619e-07 7.28133e-06
scan 380 200 57 0 0 0 0 0 0 0 0 0
scan 380 200 58 0 0 0 0 0 0 0 0 0
scan 380 200 59 4.98016e-06 0 4.98016e-06 1.49405e-07 1.49405e-07 1.49405e-07 2.49008e-07 2.98809e-07 3.64066e-06
scan 380 200 60 0 0 0 0 0 0 0 0 0
scan 380 200 61 0 0 0 0 0 0 0 0 0
scan 380 200 62 0 0 0 0 0 0 0 0 0
scan 380 200 63 0 0 0 0 0 0 0 0 0
scan 380 200 64 0 0 0 0 0 0 0 0 0
scan 380 200 65 0 0 0 0 0 0 0 0 0
scan 380 200 66 0 0 0 0 0 0 0 0 0
scan 380 200 67 0 0 0 0 0 0 0 0 0
scan 380 200 68 0 0 0 0 0 0 0 0 0
scan 380 200 69 0 0 0 0 0 0 0 0 0
scan 380 200 70 0 0 0 0 0 0 0 0 0
scan 380 200 71 0 0 0 0 0 0 0 0 0
scan 380 200 72 0 0 0 0 0 0 0 0 0
scan 380 200 73 0 0 0 0 0 0 0 0 0
scan 380 200 74 0 0 0 0 0 0 0 0 0
scan 380 200 75 0 0 0 0 0 0 0 0 0
scan 380 200 76 0 0 0 0 0 0 0 0 0
scan 380 200 77 0 0 0 0 0 0 0 0 0
scan 380 200 78 0 0 0 0 0 0 0 0 0
scan 380 200 79 0 0 0 0 0 0 0 0 0
scan 380 200 80 0 0 0 0 0 0 0 0 0
scan 380 200 81 0 0 0 0 0 0 0 0 0
scan 380 200 82 0 0 0 0 0 0 0 0 0
scan 380 200 83 0 0 0 0 0 0 0 0 0
scan 380 200 84 0 0 0 0 0 0 0 0 0
scan 380 200 85 0 0 0 0 0 0 0 0 0
scan 380 200 86 0 0 0 0 0 0 0 0 0
scan 380 200 87 0 0 0 0 0 0 0 0 0
scan 380 200 88 4.98016e-06 0 4.98016e-06 1.49405e-07 1.49405e-07 1.49405e-07 2.49008e-07 2.98809e-07 3.64066e-06
scan 380 200 89 0 0 0 0 0 0 0 0 0
scan 380 200 90 1.49405e-05 0 8.62588e-06 4.48214e-07 4.48214e-07 4.48214e-07 7.47023e-07 8.96428e-07 1.0922e-05
scan 380 200 91 2.98809e-05 0 1.21988e-05 8.96428e-07 8.96428e-07 8.96428e-07 1.49405e-06 1.79286e-06 2.1844e-05
scan 380 200 92 9.96031e-06 0 7.043e-06 2.98809e-07 2.98809e-07 2.98809e-07 4.98016e-07 5.97619e-07 7.28133e-06
scan 380 200 93 4.98016e-06 0 4.98016e-06 1.49405e-07 1.49405e-07 1.49405e-07 2.49008e-07 2.98809e-07 3.64066e-06
scan 380 200 94 4.98016e-06 0 4.98016e-06 1.49405e-07 1.49405e-07 1.49405e-07 2.49008e-07 2.98809e-07 3.64066e-06
scan 380 200 95 0 0 0 0 0 0 0 0 0
scan 380 200 96 9.96031e-06 0 7.043e-06 2.98809e-07 2.98809e-07 2.98809e-07 4.98016e-07 5.97619e-07 7.28133e-06
scan 380 200 97 9.96031e-06 0 7.043e-06 2.98809e-07 2.98809e-07 2.98809e-07 4.98016e-07 5.97619e-07 7.28133e-06
scan 380 200 98 0 0 0 0 0 0 0 0 0
scan 380 200 99 0 0 0 0 0 0 0 0 0
scan 380 200 100 0 0 0 0 0 0 0 0 0
scan 380 200 101 4.98016e-06 0 4.98016e-06 1.49405e-07 1.49405e-07 1.49405e-07 2.49008e-07 2.98809e-07 3.64066e-06
scan 380 200 102 2.49008e-05 0 1.1136e-05 7.47023e-07 7.47023e-07 7.47023e-07 1.24504e-06 1.49405e-06 1.82033e-05
scan 380 200 103 9.96031e-06 0 7.043e-06 2.98809e-07 2.98809e-07 2.98809e-07 4.98016e-07 5.97619e-07 7.28133e-06
scan 380 200 104 0 0 0 0 0 0 0 0 0
scan 380 200 60 0 0 0 0 0 0 0 0 0
scan 380 200 61 0 0 0 0 0 0 0 0 0
scan 380 200 62 0 0 0 0 0 0 0 0 0
scan 380 200 63 0 0 0 0 0 0 0 0 0
scan 380 200 64 0 0 0 0 0 0 0 0 0
scan 380 200 65 0 0 0 0 0 0 0 0 0
scan 380 200 66 0 0 0 0 0 0 0 0 0
scan 380 200 67 0 0 0 0 0 0 0 0 0
scan 380 200 68 0 0 0 0 0 0 0 0 0
scan 380 200 69 0 0 0 0 0 0 0 0 0
scan 380 200 70 0 0 0 0 0 0 0 0 0
scan 380 200 71 0 0 0 0 0 0 0 0 0
scan 380 200 72 0 0 0 0 0 0 0 0 0
scan 380 200 73 0 0 0 0 0 0 0 0 0
scan 380 200 74 0 0 0 0 0 0 0 0 0
scan 380 200 120 0 0 0 0 0 0 0 0 0
scan 380 200 121 0 0 0 0 0 0 0 0 0
scan 380 200 122 0 0 0 0 0 0 0 0 0
scan 380 200 123 0 0 0 0 0 0 0 0 0
scan 380 200 124 0 0 0 0 0 0 0 0 0
scan 380 200 125 0 0 0 0 0 0 0 0 0
scan 380 200 126 0 0 0 0 0 0 0 0 0
scan 380 200 127 0 0 0 0 0 0 0 0 0
scan 380 200 128 0 0 0 0 0 0 0 0 0
scan 380 200 129 0 0 0 0 0 0 0 0 0
scan 380 200 130 0 0 0 0 0 0 0 0 0
scan 380 200 131 4.98016e-06 0 4.98016e-06 1.49405e-07 1.49405e-07 1.49405e-07 2.49008e-07 2.98809e-07 3.64066e-06
scan 380 200 132 0 0 0 0 0 0 0 0 0
scan 380 200 133 0 0 0 0 0 0 0 0 0
scan 380 200 134 0 0 0 0 0 0 0 0 0
scan 380 200 135 4.98016e-06 0 4.98016e-06 1.49405e-07 1.49405e-07 1.49405e-07 2.49008e-07 2.98809e-07 3.64066e-06
scan 380 200 136 3.48611e-05 0 1.31763e-05 1.04583e-06 1.04583e-06 1.04583e-06 1.74305e-06 2.09167e-06 2.54846e-05
scan 380 200 137 0 0 0 0 0 0 0 0 0
scan 380 200 138 0 0 0 0 0 0 0 0 0
scan 380 200 139 4.98016e-06 0 4.98016e-06 1.49405e-07 1.49405e-07 1.49405e-07 2.49008e-07 2.98809e-07 3.64066e-06
scan 380 200 140 0 0 0 0 0 0 0 0 0
scan 380 200 141 4.98016e-06 0 4.98016e-06 1.49405e-07 1.49405e-07 1.49405e-07 2.49008e-07 2.98809e-07 3.64066e-06
scan 380 200 142 4.98016e-06 0 4.98016e-06 1.49405e-07 1.49405e-07 1.49405e-07 2.49008e-07 2.98809e-07 3.64066e-06
scan 380 200 143 0 0 0 0 0 0 0 0 0
scan 380 200 144 0 0 0 0 0 0 0 0 0
scan 380 200 145 0 0 0 0 0 0 0 0 0
scan 380 200 146 0 0 0 0 0 0 0 0 0
scan 380 200 147 0 0 0 0 0 0 0 0 0
scan 380 200 148 9.96031e-06 0 7.043e-06 2.98809e-07 2.98809e-07 2.98809e-07 4.98016e-07 5.97619e-07 7.28133e-06
scan 380 200 149 0 0 0 0 0 0 0 0 0
scan 380 200 60 0 0 0 0 0 0 0 0 0
scan 380 200 61 0 0 0 0 0 0 0 0 0
scan 380 200 62 0 0 0 0 0 0 0 0 0
scan 380 200 63 0 0 0 0 0 0 0 0 0
scan 380 200 64 0 0 0 0 0 0 0 0 0
scan 380 200 65 0 0 0 0 0 0 0 0 0
scan 380 200 66 0 0 0 0 0 0 0 0 0
scan 380 200 67 0 0 0 0 0 0 0 0 0
scan 380 200 68 0 0 0 0 0 0 0 0 0
scan 380 200 69 0 0 0 0 0 0 0 0 0
scan 380 200 70 0 0 0 0 0 0 0 0 0
scan 380 200 71 0 0 0 0 0 0 0 0 0
scan 380 200 72 0 0 0 0 0 0 0 0 0
scan 380 200 73 0 0 0 0 0 0 0 0 0
scan 380 200 74 0 0 0 0 0 0 0 0 0
scan 380 200 165 0 0 0 0 0 0 0 0 0
scan 380 200 166 4.98016e-06 0 4.98016e-06 1.49405e-07 1.49405e-07 1.49405e-07 2.49008e-07 2.98809e-07 3.64066e-06
scan 380 200 167 0 0 0 0 0 0 0 0 0
scan 380 200 168 0 0 0 0 0 0 0 0 0
scan 380 200 169 0 0 0 0 0 0 0 0 0
scan 380 200 170 0 0 0 0 0 0 0 0 0
scan 380 200 171 0 0 0 0 0 0 0 0 0
scan 380 200 172 0 0 0 0 0 0 0 0 0
scan 380 200 173 0 0 0 0 0 0 0 0 0
scan 380 200 174 0 0 0 0 0 0 0 0 0
scan 380 200 175 0 0 0 0 0 0 0 0 0
scan 380 200 176 0 0 0 0 0 0 0 0 0
scan 380 200 177 0 0 0 0 0 0 0 0 0
scan 380 200 178 0 0 0 0 0 0 0 0 0
scan 380 200 179 0 0 0 0 0 0 0 0 0
