xsec 260 50 0.268225
scan 260 50 0 0.00013414 0 5.9989e-05 4.02419e-06 4.02419e-06 4.02419e-06 6.70698e-06 8.04837e-06 9.40387e-05
scan 260 50 1 0.000187795 0 7.098e-05 5.63386e-06 5.63386e-06 5.63386e-06 9.38977e-06 1.12677e-05 0.000131654
scan 260 50 2 0.000187795 0 7.098e-05 5.63386e-06 5.63386e-06 5.63386e-06 9.38977e-06 1.12677e-05 0.000131654
scan 260 50 3 0 0 0 0 0 0 0 0 0
scan 260 50 4 0 0 0 0 0 0 0 0 0
scan 260 50 5 0 0 0 0 0 0 0 0 0
scan 260 50 6 0.000160967 0 6.57147e-05 4.82902e-06 4.82902e-06 4.82902e-06 8.04837e-06 9.65805e-06 0.000112846
scan 260 50 7 0.00013414 0 5.9989e-05 4.02419e-06 4.02419e-06 4.02419e-06 6.70698e-06 8.04837e-06 9.40387e-05
scan 260 50 8 2.68279e-05 0 2.68279e-05 8.04837e-07 8.04837e-07 8.04837e-07 1.3414e-06 1.60967e-06 1.88077e-05
scan 260 50 9 0 0 0 0 0 0 0 0 0
scan 260 50 10 0 0 0 0 0 0 0 0 0
scan 260 50 11 5.36558e-05 0 3.79404e-05 1.60967e-06 1.60967e-06 1.60967e-06 2.68279e-06 3.21935e-06 3.76155e-05
scan 260 50 12 0.000268279 0 8.48373e-05 8.04837e-06 8.04837e-06 8.04837e-06 1.3414e-05 1.60967e-05 0.000188077
scan 260 50 13 8.04837e-05 0 4.64673e-05 2.41451e-06 2.41451e-06 2.41451e-06 4.02419e-06 4.82902e-06 5.64232e-05
scan 260 50 14 8.04837e-05 0 4.64673e-05 2.41451e-06 2.41451e-06 2.41451e-06 4.02419e-06 4.82902e-06 5.64232e-05
scan 260 50 15 0.00233403 0 0.000250234 7.00209e-05 7.00209e-05 7.00209e-05 0.000116701 0.000140042 0.00163627
scan 260 50 16 0.00429247 0 0.000339349 0.000128774 0.000128774 0.000128774 0.000214623 0.000257548 0.00300924
scan 260 50 17 0.00281693 0 0.000274904 8.45079e-05 8.45079e-05 8.45079e-05 0.000140847 0.000169016 0.00197481
scan 260 50 18 0.00139505 0 0.000193459 4.18515e-05 4.18515e-05 4.18515e-05 6.97526e-05 8.37031e-05 0.000978003
scan 260 50 19 0.00195844 0 0.000229218 5.87531e-05 5.87531e-05 5.87531e-05 9.79219e-05 0.000117506 0.00137297
scan 260 50 20 0.000107312 0 5.36558e-05 3.21935e-06 3.21935e-06 3.21935e-06 5.36558e-06 6.4387e-06 7.5231e-05
scan 260 50 21 0.000912149 0 0.000156432 2.73645e-05 2.73645e-05 2.73645e-05 4.56075e-05 5.47289e-05 0.000639463
scan 260 50 22 0.00112677 0 0.000173865 3.38032e-05 3.38032e-05 3.38032e-05 5.63386e-05 6.76063e-05 0.000789925
scan 260 50 23 0.00050973 0 0.00011694 1.52919e-05 1.52919e-05 1.52919e-05 2.54865e-05 3.05838e-05 0.000357347
scan 260 50 24 0.000429247 0 0.000107312 1.28774e-05 1.28774e-05 1.28774e-05 2.14623e-05 2.57548e-05 0.000300924
scan 260 50 25 0 0 0 0 0 0 0 0 0
scan 260 50 26 0.000965805 0 0.000160967 2.89741e-05 2.89741e-05 2.89741e-05 4.82902e-05 5.79483e-05 0.000677079
scan 260 50 27 0.00246817 0 0.000257324 7.4045e-05 7.4045e-05 7.4045e-05 0.000123408 0.00014809 0.00173031
scan 260 50 28 0.00233403 0 0.000250234 7.00209e-05 7.00209e-05 7.00209e-05 0.000116701 0.000140042 0.00163627
scan 260 50 29 0.00131457 0 0.000187795 3.9437e-05 3.9437e-05 3.9437e-05 6.57284e-05 7.88741e-05 0.000921579
scan 260 50 30 5.36558e-05 0 3.79404e-05 1.60967e-06 1.60967e-06 1.60967e-06 2.68279e-06 3.21935e-06 3.76155e-05
scan 260 50 31 0.000107312 0 5.36558e-05 3.21935e-06 3.21935e-06 3.21935e-06 5.36558e-06 6.4387e-06 7.5231e-05
scan 260 50 32 0.00013414 0 5.9989e-05 4.02419e-06 4.02419e-06 4.02419e-06 6.70698e-06 8.04837e-06 9.40387e-05
scan 260 50 33 8.04837e-05 0 4.64673e-05 2.41451e-06 2.41451e-06 2.41451e-06 4.02419e-06 4.82902e-06 5.64232e-05
scan 260 50 34 2.68279e-05 0 2.68279e-05 8.04837e-07 8.04837e-07 8.04837e-07 1.3414e-06 1.60967e-06 1.88077e-05
scan 260 50 35 0 0 0 0 0 0 0 0 0
scan 260 50 36 2.68279e-05 0 2.68279e-05 8.04837e-07 8.04837e-07 8.04837e-07 1.3414e-06 1.60967e-06 1.88077e-05
scan 260 50 37 0 0 0 0 0 0 0 0 0
scan 260 50 38 2.68279e-05 0 2.68279e-05 8.04837e-07 8.04837e-07 8.04837e-07 1.3414e-06 1.60967e-06 1.88077e-05
scan 260 50 39 0 0 0 0 0 0 0 0 0
scan 260 50 40 0 0 0 0 0 0 0 0 0
scan 260 50 41 5.36558e-05 0 3.79404e-05 1.60967e-06 1.60967e-06 1.60967e-06 2.68279e-06 3.21935e-06 3.76155e-05
scan 260 50 42 0 0 0 0 0 0 0 0 0
scan 260 50 43 0.000107312 0 5.36558e-05 3.21935e-06 3.21935e-06 3.21935e-06 5.36558e-06 6.4387e-06 7.5231e-05
scan 260 50 44 5.36558e-05 0 3.79404e-05 1.60967e-06 1.60967e-06 1.60967e-06 2.68279e-06 3.21935e-06 3.76155e-05
scan 260 50 45 5.36558e-05 0 3.79404e-05 1.60967e-06 1.60967e-06 1.60967e-06 2.68279e-06 3.21935e-06 3.76155e-05
scan 260 50 46 5.36558e-05 0 3.79404e-05 1.60967e-06 1.60967e-06 1.60967e-06 2.68279e-06 3.21935e-06 3.76155e-05
scan 260 50 47 0 0 0 0 0 0 0 0 0
scan 260 50 48 0 0 0 0 0 0 0 0 0
scan 260 50 49 0 0 0 0 0 0 0 0 0
scan 260 50 50 0 0 0 0 0 0 0 0 0
scan 260 50 51 2.68279e-05 0 2.68279e-05 8.04837e-07 8.04837e-07 8.04837e-07 1.3414e-06 1.60967e-06 1.88077e-05
scan 260 50 52 0 0 0 0 0 0 0 0 0
scan 260 50 53 0 0 0 0 0 0 0 0 0
scan 260 50 54 0 0 0 0 0 0 0 0 0
scan 260 50 55 0 0 0 0 0 0 0 0 0
scan 260 50 56 0 0 0 0 0 0 0 0 0
scan 260 50 57 2.68279e-05 0 2.68279e-05 8.04837e-07 8.04837e-07 8.04837e-07 1.3414e-06 1.60967e-06 1.88077e-05
scan 260 50 58 0 0 0 0 0 0 0 0 0
scan 260 50 59 0 0 0 0 0 0 0 0 0
scan 260 50 60 0 0 0 0 0 0 0 0 0
scan 260 50 61 0 0 0 0 0 0 0 0 0
scan 260 50 62 0 0 0 0 0 0 0 0 0
scan 260 50 63 0 0 0 0 0 0 0 0 0
scan 260 50 64 0 0 0 0 0 0 0 0 0
scan 260 50 65 0 0 0 0 0 0 0 0 0
scan 260 50 66 0 0 0 0 0 0 0 0 0
scan 260 50 67 0 0 0 0 0 0 0 0 0
scan 260 50 68 0 0 0 0 0 0 0 0 0
scan 260 50 69 0 0 0 0 0 0 0 0 0
scan 260 50 70 0 0 0 0 0 0 0 0 0
scan 260 50 71 0 0 0 0 0 0 0 0 0
scan 260 50 72 0 0 0 0 0 0 0 0 0
scan 260 50 73 0 0 0 0 0 0 0 0 0
scan 260 50 74 0 0 0 0 0 0 0 0 0
scan 260 50 75 0 0 0 0 0 0 0 0 0
scan 260 50 76 0 0 0 0 0 0 0 0 0
scan 260 50 77 0 0 0 0 0 0 0 0 0
scan 260 50 78 0 0 0 0 0 0 0 0 0
scan 260 50 79 0 0 0 0 0 0 0 0 0
scan 260 50 80 0 0 0 0 0 0 0 0 0
scan 260 50 81 0 0 0 0 0 0 0 0 0
scan 260 50 82 2.68279e-05 0 2.68279e-05 8.04837e-07 8.04837e-07 8.04837e-07 1.3414e-06 1.60967e-06 1.88077e-05
scan 260 50 83 0 0 0 0 0 0 0 0 0
scan 260 50 84 0 0 0 0 0 0 0 0 0
scan 260 50 85 0 0 0 0 0 0 0 0 0
scan 260 50 86 0 0 0 0 0 0 0 0 0
scan 260 50 87 0 0 0 0 0 0 0 0 0
scan 260 50 88 0 0 0 0 0 0 0 0 0
scan 260 50 89 0 0 0 0 0 0 0 0 0
scan 260 50 90 5.36558e-05 0 3.79404e-05 1.60967e-06 1.60967e-06 1.60967e-06 2.68279e-06 3.21935e-06 3.76155e-05
scan 260 50 91 8.04837e-05 0 4.64673e-05 2.41451e-06 2.41451e-06 2.41451e-06 4.02419e-06 4.82902e-06 5.64232e-05
scan 260 50 92 5.36558e-05 0 3.79404e-05 1.60967e-06 1.60967e-06 1.60967e-06 2.68279e-06 3.21935e-06 3.76155e-05
scan 260 50 93 0 0 0 0 0 0 0 0 0
scan 260 50 94 2.68279e-05 0 2.68279e-05 8.04837e-07 8.04837e-07 8.04837e-07 1.3414e-06 1.60967e-06 1.88077e-05
scan 260 50 95 0 0 0 0 0 0 0 0 0
scan 260 50 96 2.68279e-05 0 2.68279e-05 8.04837e-07 8.04837e-07 8.04837e-07 1.3414e-06 1.60967e-06 1.88077e-05
scan 260 50 97 2.68279e-05 0 2.68279e-05 8.04837e-07 8.04837e-07 8.04837e-07 1.3414e-06 1.60967e-06 1.88077e-05
scan 260 50 98 0 0 0 0 0 0 0 0 0
scan 260 50 99 0 0 0 0 0 0 0 0 0
scan 260 50 100 0 0 0 0 0 0 0 0 0
scan 260 50 101 2.68279e-05 0 2.68279e-05 8.04837e-07 8.04837e-07 8.04837e-07 1.3414e-06 1.60967e-06 1.88077e-05
scan 260 50 102 8.04837e-05 0 4.64673e-05 2.41451e-06 2.41451e-06 2.41451e-06 4.02419e-06 4.82902e-06 5.64232e-05
scan 260 50 103 0 0 0 0 0 0 0 0 0
scan 260 50 104 2.68279e-05 0 2.68279e-05 8.04837e-07 8.04837e-07 8.04837e-07 1.3414e-06 1.60967e-06 1.88077e-05
scan 260 50 60 0 0 0 0 0 0 0 0 0
scan 260 50 61 0 0 0 0 0 0 0 0 0
scan 260 50 62 0 0 0 0 0 0 0 0 0
scan 260 50 63 0 0 0 0 0 0 0 0 0
scan 260 50 64 0 0 0 0 0 0 0 0 0
scan 260 50 65 0 0 0 0 0 0 0 0 0
scan 260 50 66 0 0 0 0 0 0 0 0 0
scan 260 50 67 0 0 0 0 0 0 0 0 0
scan 260 50 68 0 0 0 0 0 0 0 0 0
scan 260 50 69 0 0 0 0 0 0 0 0 0
scan 260 50 70 0 0 0 0 0 0 0 0 0
scan 260 50 71 0 0 0 0 0 0 0 0 0
scan 260 50 72 0 0 0 0 0 0 0 0 0
scan 260 50 73 0 0 0 0 0 0 0 0 0
scan 260 50 74 0 0 0 0 0 0 0 0 0
scan 260 50 120 0 0 0 0 0 0 0 0 0
scan 260 50 121 0 0 0 0 0 0 0 0 0
scan 260 50 122 0 0 0 0 0 0 0 0 0
scan 260 50 123 0 0 0 0 0 0 0 0 0
scan 260 50 124 0 0 0 0 0 0 0 0 0
scan 260 50 125 0 0 0 0 0 0 0 0 0
scan 260 50 126 0 0 0 0 0 0 0 0 0
scan 260 50 127 0 0 0 0 0 0 0 0 0
scan 260 50 128 0 0 0 0 0 0 0 0 0
scan 260 50 129 0 0 0 0 0 0 0 0 0
scan 260 50 130 0 0 0 0 0 0 0 0 0
scan 260 50 131 0 0 0 0 0 0 0 0 0
scan 260 50 132 0 0 0 0 0 0 0 0 0
scan 260 50 133 0 0 0 0 0 0 0 0 0
scan 260 50 134 0 0 0 0 0 0 0 0 0
scan 260 50 135 2.68279e-05 0 2.68279e-05 8.04837e-07 8.04837e-07 8.04837e-07 1.3414e-06 1.60967e-06 1.88077e-05
scan 260 50 136 0 0 0 0 0 0 0 0 0
scan 260 50 137 0 0 0 0 0 0 0 0 0
scan 260 50 138 0 0 0 0 0 0 0 0 0
scan 260 50 139 0 0 0 0 0 0 0 0 0
scan 260 50 140 0 0 0 0 0 0 0 0 0
scan 260 50 141 2.68279e-05 0 2.68279e-05 8.04837e-07 8.04837e-07 8.04837e-07 1.3414e-06 1.60967e-06 1.88077e-05
scan 260 50 142 2.68279e-05 0 2.68279e-05 8.04837e-07 8.04837e-07 8.04837e-07 1.3414e-06 1.60967e-06 1.88077e-05
scan 260 50 143 2.68279e-05 0 2.68279e-05 8.04837e-07 8.04837e-07 8.04837e-07 1.3414e-06 1.60967e-06 1.88077e-05
scan 260 50 144 0 0 0 0 0 0 0 0 0
scan 260 50 145 0 0 0 0 0 0 0 0 0
scan 260 50 146 0 0 0 0 0 0 0 0 0
scan 260 50 147 2.68279e-05 0 2.68279e-05 8.04837e-07 8.04837e-07 8.04837e-07 1.3414e-06 1.60967e-06 1.88077e-05
scan 260 50 148 0 0 0 0 0 0 0 0 0
scan 260 50 149 0 0 0 0 0 0 0 0 0
scan 260 50 60 0 0 0 0 0 0 0 0 0
scan 260 50 61 0 0 0 0 0 0 0 0 0
scan 260 50 62 0 0 0 0 0 0 0 0 0
scan 260 50 63 0 0 0 0 0 0 0 0 0
scan 260 50 64 0 0 0 0 0 0 0 0 0
scan 260 50 65 0 0 0 0 0 0 0 0 0
scan 260 50 66 0 0 0 0 0 0 0 0 0
scan 260 50 67 0 0 0 0 0 0 0 0 0
scan 260 50 68 0 0 0 0 0 0 0 0 0
scan 260 50 69 0 0 0 0 0 0 0 0 0
scan 260 50 70 0 0 0 0 0 0 0 0 0
scan 260 50 71 0 0 0 0 0 0 0 0 0
scan 260 50 72 0 0 0 0 0 0 0 0 0
scan 260 50 73 0 0 0 0 0 0 0 0 0
scan 260 50 74 0 0 0 0 0 0 0 0 0
scan 260 50 165 0 0 0 0 0 0 0 0 0
scan 260 50 166 0 0 0 0 0 0 0 0 0
scan 260 50 167 0 0 0 0 0 0 0 0 0
scan 260 50 168 0 0 0 0 0 0 0 0 0
scan 260 50 169 0 0 0 0 0 0 0 0 0
scan 260 50 170 0 0 0 0 0 0 0 0 0
scan 260 50 171 0 0 0 0 0 0 0 0 0
scan 260 50 172 0 0 0 0 0 0 0 0 0
scan 260 50 173 0 0 0 0 0 0 0 0 0
scan 260 50 174 0 0 0 0 0 0 0 0 0
scan 260 50 175 0 0 0 0 0 0 0 0 0
scan 260 50 176 0 0 0 0 0 0 0 0 0
scan 260 50 177 0 0 0 0 0 0 0 0 0
scan 260 50 178 2.68279e-05 0 2.68279e-05 8.04837e-07 8.04837e-07 8.04837e-07 1.3414e-06 1.60967e-06 1.88077e-05
scan 260 50 179 0 0 0 0 0 0 0 0 0
