xsec 440 110 0.0249422
scan 440 110 0 2.49422e-06 0 2.49422e-06 7.48267e-08 7.48267e-08 7.48267e-08 1.24711e-07 1.49653e-07 1.85035e-06
scan 440 110 1 9.9769e-06 0 4.98845e-06 2.99307e-07 2.99307e-07 2.99307e-07 4.98845e-07 5.98614e-07 7.4014e-06
scan 440 110 2 7.48267e-06 0 4.32012e-06 2.2448e-07 2.2448e-07 2.2448e-07 3.74134e-07 4.4896e-07 5.55105e-06
scan 440 110 3 4.98845e-06 0 3.52737e-06 1.49653e-07 1.49653e-07 1.49653e-07 2.49422e-07 2.99307e-07 3.7007e-06
scan 440 110 4 2.49422e-06 0 2.49422e-06 7.48267e-08 7.48267e-08 7.48267e-08 1.24711e-07 1.49653e-07 1.85035e-06
scan 440 110 5 0 0 0 0 0 0 0 0 0
scan 440 110 6 2.49422e-06 0 2.49422e-06 7.48267e-08 7.48267e-08 7.48267e-08 1.24711e-07 1.49653e-07 1.85035e-06
scan 440 110 7 4.98845e-06 0 3.52737e-06 1.49653e-07 1.49653e-07 1.49653e-07 2.49422e-07 2.99307e-07 3.7007e-06
scan 440 110 8 4.98845e-06 0 3.52737e-06 1.49653e-07 1.49653e-07 1.49653e-07 2.49422e-07 2.99307e-07 3.7007e-06
scan 440 110 9 0 0 0 0 0 0 0 0 0
scan 440 110 10 0 0 0 0 0 0 0 0 0
scan 440 110 11 4.98845e-06 0 3.52737e-06 1.49653e-07 1.49653e-07 1.49653e-07 2.49422e-07 2.99307e-07 3.7007e-06
scan 440 110 12 1.49653e-05 0 6.10958e-06 4.4896e-07 4.4896e-07 4.4896e-07 7.48267e-07 8.97921e-07 1.11021e-05
scan 440 110 13 1.74596e-05 0 6.5991e-06 5.23787e-07 5.23787e-07 5.23787e-07 8.72979e-07 1.04757e-06 1.29524e-05
scan 440 110 14 1.74596e-05 0 6.5991e-06 5.23787e-07 5.23787e-07 5.23787e-07 8.72979e-07 1.04757e-06 1.29524e-05
scan 440 110 15 7.23325e-05 0 1.34318e-05 2.16998e-06 2.16998e-06 2.16998e-06 3.61663e-06 4.33995e-06 5.36601e-05
scan 440 110 16 0.00011224 0 1.67318e-05 3.3672e-06 3.3672e-06 3.3672e-06 5.612e-06 6.73441e-06 8.32657e-05
scan 440 110 17 0.000167113 0 2.04161e-05 5.01339e-06 5.01339e-06 5.01339e-06 8.35565e-06 1.00268e-05 0.000123973
scan 440 110 18 0.000154642 0 1.96395e-05 4.63926e-06 4.63926e-06 4.63926e-06 7.7321e-06 9.27851e-06 0.000114722
scan 440 110 19 0.000259399 0 2.54362e-05 7.78198e-06 7.78198e-06 7.78198e-06 1.297e-05 1.5564e-05 0.000192436
scan 440 110 20 1.24711e-05 0 5.57726e-06 3.74134e-07 3.74134e-07 3.74134e-07 6.23556e-07 7.48267e-07 9.25175e-06
scan 440 110 21 2.2448e-05 0 7.48267e-06 6.73441e-07 6.73441e-07 6.73441e-07 1.1224e-06 1.34688e-06 1.66531e-05
scan 440 110 22 6.48498e-05 0 1.27181e-05 1.94549e-06 1.94549e-06 1.94549e-06 3.24249e-06 3.89099e-06 4.81091e-05
scan 440 110 23 5.23787e-05 0 1.143e-05 1.57136e-06 1.57136e-06 1.57136e-06 2.61894e-06 3.14272e-06 3.88573e-05
scan 440 110 24 9.9769e-05 0 1.57749e-05 2.99307e-06 2.99307e-06 2.99307e-06 4.98845e-06 5.98614e-06 7.4014e-05
scan 440 110 25 1.49653e-05 0 6.10958e-06 4.4896e-07 4.4896e-07 4.4896e-07 7.48267e-07 8.97921e-07 1.11021e-05
scan 440 110 26 4.4896e-05 0 1.05821e-05 1.34688e-06 1.34688e-06 1.34688e-06 2.2448e-06 2.69376e-06 3.33063e-05
scan 440 110 27 0.000139677 0 1.86651e-05 4.1903e-06 4.1903e-06 4.1903e-06 6.98383e-06 8.38059e-06 0.00010362
scan 440 110 28 0.000259399 0 2.54362e-05 7.78198e-06 7.78198e-06 7.78198e-06 1.297e-05 1.5564e-05 0.000192436
scan 440 110 29 0.000818106 0 4.51723e-05 2.45432e-05 2.45432e-05 2.45432e-05 4.09053e-05 4.90863e-05 0.000606915
scan 440 110 30 2.49422e-06 0 2.49422e-06 7.48267e-08 7.48267e-08 7.48267e-08 1.24711e-07 1.49653e-07 1.85035e-06
scan 440 110 31 2.49422e-06 0 2.49422e-06 7.48267e-08 7.48267e-08 7.48267e-08 1.24711e-07 1.49653e-07 1.85035e-06
scan 440 110 32 4.98845e-06 0 3.52737e-06 1.49653e-07 1.49653e-07 1.49653e-07 2.49422e-07 2.99307e-07 3.7007e-06
scan 440 110 33 2.49422e-06 0 2.49422e-06 7.48267e-08 7.48267e-08 7.48267e-08 1.24711e-07 1.49653e-07 1.85035e-06
scan 440 110 34 4.98845e-06 0 3.52737e-06 1.49653e-07 1.49653e-07 1.49653e-07 2.49422e-07 2.99307e-07 3.7007e-06
scan 440 110 35 0 0 0 0 0 0 0 0 0
scan 440 110 36 0 0 0 0 0 0 0 0 0
scan 440 110 37 2.49422e-06 0 2.49422e-06 7.48267e-08 7.48267e-08 7.48267e-08 1.24711e-07 1.49653e-07 1.85035e-06
scan 440 110 38 0 0 0 0 0 0 0 0 0
scan 440 110 39 2.49422e-06 0 2.49422e-06 7.48267e-08 7.48267e-08 7.48267e-08 1.24711e-07 1.49653e-07 1.85035e-06
scan 440 110 40 0 0 0 0 0 0 0 0 0
scan 440 110 41 2.49422e-06 0 2.49422e-06 7.48267e-08 7.48267e-08 7.48267e-08 1.24711e-07 1.49653e-07 1.85035e-06
scan 440 110 42 2.49422e-06 0 2.49422e-06 7.48267e-08 7.48267e-08 7.48267e-08 1.24711e-07 1.49653e-07 1.85035e-06
scan 440 110 43 9.9769e-06 0 4.98845e-06 2.99307e-07 2.99307e-07 2.99307e-07 4.98845e-07 5.98614e-07 7.4014e-06
scan 440 110 44 1.99538e-05 0 7.05473e-06 5.98614e-07 5.98614e-07 5.98614e-07 9.9769e-07 1.19723e-06 1.48028e-05
scan 440 110 45 0 0 0 0 0 0 0 0 0
scan 440 110 46 4.98845e-06 0 3.52737e-06 1.49653e-07 1.49653e-07 1.49653e-07 2.49422e-07 2.99307e-07 3.7007e-06
scan 440 110 47 0 0 0 0 0 0 0 0 0
scan 440 110 48 0 0 0 0 0 0 0 0 0
scan 440 110 49 0 0 0 0 0 0 0 0 0
scan 440 110 50 0 0 0 0 0 0 0 0 0
scan 440 110 51 0 0 0 0 0 0 0 0 0
scan 440 110 52 0 0 0 0 0 0 0 0 0
scan 440 110 53 0 0 0 0 0 0 0 0 0
scan 440 110 54 0 0 0 0 0 0 0 0 0
scan 440 110 55 0 0 0 0 0 0 0 0 0
scan 440 110 56 0 0 0 0 0 0 0 0 0
scan 440 110 57 2.49422e-06 0 2.49422e-06 7.48267e-08 7.48267e-08 7.48267e-08 1.24711e-07 1.49653e-07 1.85035e-06
scan 440 110 58 0 0 0 0 0 0 0 0 0
scan 440 110 59 2.49422e-06 0 2.49422e-06 7.48267e-08 7.48267e-08 7.48267e-08 1.24711e-07 1.49653e-07 1.85035e-06
scan 440 110 60 0 0 0 0 0 0 0 0 0
scan 440 110 61 0 0 0 0 0 0 0 0 0
scan 440 110 62 0 0 0 0 0 0 0 0 0
scan 440 110 63 0 0 0 0 0 0 0 0 0
scan 440 110 64 0 0 0 0 0 0 0 0 0
scan 440 110 65 0 0 0 0 0 0 0 0 0
scan 440 110 66 0 0 0 0 0 0 0 0 0
scan 440 110 67 0 0 0 0 0 0 0 0 0
scan 440 110 68 0 0 0 0 0 0 0 0 0
scan 440 110 69 0 0 0 0 0 0 0 0 0
scan 440 110 70 0 0 0 0 0 0 0 0 0
scan 440 110 71 0 0 0 0 0 0 0 0 0
scan 440 110 72 0 0 0 0 0 0 0 0 0
scan 440 110 73 0 0 0 0 0 0 0 0 0
scan 440 110 74 0 0 0 0 0 0 0 0 0
scan 440 110 75 0 0 0 0 0 0 0 0 0
scan 440 110 76 0 0 0 0 0 0 0 0 0
scan 440 110 77 0 0 0 0 0 0 0 0 0
scan 440 110 78 0 0 0 0 0 0 0 0 0
scan 440 110 79 0 0 0 0 0 0 0 0 0
scan 440 110 80 2.49422e-06 0 2.49422e-06 7.48267e-08 7.48267e-08 7.48267e-08 1.24711e-07 1.49653e-07 1.85035e-06
scan 440 110 81 0 0 0 0 0 0 0 0 0
scan 440 110 82 0 0 0 0 0 0 0 0 0
scan 440 110 83 0 0 0 0 0 0 0 0 0
scan 440 110 84 0 0 0 0 0 0 0 0 0
scan 440 110 85 0 0 0 0 0 0 0 0 0
scan 440 110 86 0 0 0 0 0 0 0 0 0
scan 440 110 87 0 0 0 0 0 0 0 0 0
scan 440 110 88 0 0 0 0 0 0 0 0 0
scan 440 110 89 0 0 0 0 0 0 0 0 0
scan 440 110 90 2.49422e-06 0 2.49422e-06 7.48267e-08 7.48267e-08 7.48267e-08 1.24711e-07 1.49653e-07 1.85035e-06
scan 440 110 91 9.9769e-06 0 4.98845e-06 2.99307e-07 2.99307e-07 2.99307e-07 4.98845e-07 5.98614e-07 7.4014e-06
scan 440 110 92 0 0 0 0 0 0 0 0 0
scan 440 110 93 2.49422e-06 0 2.49422e-06 7.48267e-08 7.48267e-08 7.48267e-08 1.24711e-07 1.49653e-07 1.85035e-06
scan 440 110 94 0 0 0 0 0 0 0 0 0
scan 440 110 95 0 0 0 0 0 0 0 0 0
scan 440 110 96 0 0 0 0 0 0 0 0 0
scan 440 110 97 2.49422e-06 0 2.49422e-06 7.48267e-08 7.48267e-08 7.48267e-08 1.24711e-07 1.49653e-07 1.85035e-06
scan 440 110 98 0 0 0 0 0 0 0 0 0
scan 440 110 99 0 0 0 0 0 0 0 0 0
scan 440 110 100 0 0 0 0 0 0 0 0 0
scan 440 110 101 0 0 0 0 0 0 0 0 0
scan 440 110 102 9.9769e-06 0 4.98845e-06 2.99307e-07 2.99307e-07 2.99307e-07 4.98845e-07 5.98614e-07 7.4014e-06
scan 440 110 103 1.49653e-05 0 6.10958e-06 4.4896e-07 4.4896e-07 4.4896e-07 7.48267e-07 8.97921e-07 1.11021e-05
scan 440 110 104 7.48267e-06 0 4.32012e-06 2.2448e-07 2.2448e-07 2.2448e-07 3.74134e-07 4.4896e-07 5.55105e-06
scan 440 110 60 0 0 0 0 0 0 0 0 0
scan 440 110 61 0 0 0 0 0 0 0 0 0
scan 440 110 62 0 0 0 0 0 0 0 0 0
scan 440 110 63 0 0 0 0 0 0 0 0 0
scan 440 110 64 0 0 0 0 0 0 0 0 0
scan 440 110 65 0 0 0 0 0 0 0 0 0
scan 440 110 66 0 0 0 0 0 0 0 0 0
scan 440 110 67 0 0 0 0 0 0 0 0 0
scan 440 110 68 0 0 0 0 0 0 0 0 0
scan 440 110 69 0 0 0 0 0 0 0 0 0
scan 440 110 70 0 0 0 0 0 0 0 0 0
scan 440 110 71 0 0 0 0 0 0 0 0 0
scan 440 110 72 0 0 0 0 0 0 0 0 0
scan 440 110 73 0 0 0 0 0 0 0 0 0
scan 440 110 74 0 0 0 0 0 0 0 0 0
scan 440 110 120 2.49422e-06 0 2.49422e-06 7.48267e-08 7.48267e-08 7.48267e-08 1.24711e-07 1.49653e-07 1.85035e-06
scan 440 110 121 0 0 0 0 0 0 0 0 0
scan 440 110 122 0 0 0 0 0 0 0 0 0
scan 440 110 123 0 0 0 0 0 0 0 0 0
scan 440 110 124 0 0 0 0 0 0 0 0 0
scan 440 110 125 0 0 0 0 0 0 0 0 0
scan 440 110 126 0 0 0 0 0 0 0 0 0
scan 440 110 127 0 0 0 0 0 0 0 0 0
scan 440 110 128 0 0 0 0 0 0 0 0 0
scan 440 110 129 0 0 0 0 0 0 0 0 0
scan 440 110 130 0 0 0 0 0 0 0 0 0
scan 440 110 131 0 0 0 0 0 0 0 0 0
scan 440 110 132 0 0 0 0 0 0 0 0 0
scan 440 110 133 0 0 0 0 0 0 0 0 0
scan 440 110 134 2.49422e-06 0 2.49422e-06 7.48267e-08 7.48267e-08 7.48267e-08 1.24711e-07 1.49653e-07 1.85035e-06
scan 440 110 135 0 0 0 0 0 0 0 0 0
scan 440 110 136 4.98845e-06 0 3.52737e-06 1.49653e-07 1.49653e-07 1.49653e-07 2.49422e-07 2.99307e-07 3.7007e-06
scan 440 110 137 0 0 0 0 0 0 0 0 0
scan 440 110 138 0 0 0 0 0 0 0 0 0
scan 440 110 139 2.49422e-06 0 2.49422e-06 7.48267e-08 7.48267e-08 7.48267e-08 1.24711e-07 1.49653e-07 1.85035e-06
scan 440 110 140 0 0 0 0 0 0 0 0 0
scan 440 110 141 0 0 0 0 0 0 0 0 0
scan 440 110 142 0 0 0 0 0 0 0 0 0
scan 440 110 143 2.49422e-06 0 2.49422e-06 7.48267e-08 7.48267e-08 7.48267e-08 1.24711e-07 1.49653e-07 1.85035e-06
scan 440 110 144 0 0 0 0 0 0 0 0 0
scan 440 110 145 0 0 0 0 0 0 0 0 0
scan 440 110 146 0 0 0 0 0 0 0 0 0
scan 440 110 147 4.98845e-06 0 3.52737e-06 1.49653e-07 1.49653e-07 1.49653e-07 2.49422e-07 2.99307e-07 3.7007e-06
scan 440 110 148 2.49422e-06 0 2.49422e-06 7.48267e-08 7.48267e-08 7.48267e-08 1.24711e-07 1.49653e-07 1.85035e-06
scan 440 110 149 4.98845e-06 0 3.52737e-06 1.49653e-07 1.49653e-07 1.49653e-07 2.49422e-07 2.99307e-07 3.7007e-06
scan 440 110 60 0 0 0 0 0 0 0 0 0
scan 440 110 61 0 0 0 0 0 0 0 0 0
scan 440 110 62 0 0 0 0 0 0 0 0 0
scan 440 110 63 0 0 0 0 0 0 0 0 0
scan 440 110 64 0 0 0 0 0 0 0 0 0
scan 440 110 65 0 0 0 0 0 0 0 0 0
scan 440 110 66 0 0 0 0 0 0 0 0 0
scan 440 110 67 0 0 0 0 0 0 0 0 0
scan 440 110 68 0 0 0 0 0 0 0 0 0
scan 440 110 69 0 0 0 0 0 0 0 0 0
scan 440 110 70 0 0 0 0 0 0 0 0 0
scan 440 110 71 0 0 0 0 0 0 0 0 0
scan 440 110 72 0 0 0 0 0 0 0 0 0
scan 440 110 73 0 0 0 0 0 0 0 0 0
scan 440 110 74 0 0 0 0 0 0 0 0 0
scan 440 110 165 2.49422e-06 0 2.49422e-06 7.48267e-08 7.48267e-08 7.48267e-08 1.24711e-07 1.49653e-07 1.85035e-06
scan 440 110 166 2.49422e-06 0 2.49422e-06 7.48267e-08 7.48267e-08 7.48267e-08 1.24711e-07 1.49653e-07 1.85035e-06
scan 440 110 167 0 0 0 0 0 0 0 0 0
scan 440 110 168 0 0 0 0 0 0 0 0 0
scan 440 110 169 0 0 0 0 0 0 0 0 0
scan 440 110 170 0 0 0 0 0 0 0 0 0
scan 440 110 171 0 0 0 0 0 0 0 0 0
scan 440 110 172 0 0 0 0 0 0 0 0 0
scan 440 110 173 0 0 0 0 0 0 0 0 0
scan 440 110 174 2.49422e-06 0 2.49422e-06 7.48267e-08 7.48267e-08 7.48267e-08 1.24711e-07 1.49653e-07 1.85035e-06
scan 440 110 175 0 0 0 0 0 0 0 0 0
scan 440 110 176 0 0 0 0 0 0 0 0 0
scan 440 110 177 0 0 0 0 0 0 0 0 0
scan 440 110 178 0 0 0 0 0 0 0 0 0
scan 440 110 179 0 0 0 0 0 0 0 0 0
