xsec 350 160 0.073732
scan 350 160 0 4.42392e-05 0 1.80606e-05 1.32718e-06 1.32718e-06 1.32718e-06 2.21196e-06 2.65435e-06 3.20455e-05
scan 350 160 1 6.63588e-05 0 2.21196e-05 1.99076e-06 1.99076e-06 1.99076e-06 3.31794e-06 3.98153e-06 4.80682e-05
scan 350 160 2 3.6866e-05 0 1.6487e-05 1.10598e-06 1.10598e-06 1.10598e-06 1.8433e-06 2.21196e-06 2.67046e-05
scan 350 160 3 2.94928e-05 0 1.47464e-05 8.84784e-07 8.84784e-07 8.84784e-07 1.47464e-06 1.76957e-06 2.13637e-05
scan 350 160 4 1.47464e-05 0 1.04273e-05 4.42392e-07 4.42392e-07 4.42392e-07 7.3732e-07 8.84784e-07 1.06818e-05
scan 350 160 5 7.3732e-06 0 7.3732e-06 2.21196e-07 2.21196e-07 2.21196e-07 3.6866e-07 4.42392e-07 5.34091e-06
scan 350 160 6 0 0 0 0 0 0 0 0 0
scan 350 160 7 1.47464e-05 0 1.04273e-05 4.42392e-07 4.42392e-07 4.42392e-07 7.3732e-07 8.84784e-07 1.06818e-05
scan 350 160 8 0 0 0 0 0 0 0 0 0
scan 350 160 9 0 0 0 0 0 0 0 0 0
scan 350 160 10 0 0 0 0 0 0 0 0 0
scan 350 160 11 7.3732e-06 0 7.3732e-06 2.21196e-07 2.21196e-07 2.21196e-07 3.6866e-07 4.42392e-07 5.34091e-06
scan 350 160 12 3.6866e-05 0 1.6487e-05 1.10598e-06 1.10598e-06 1.10598e-06 1.8433e-06 2.21196e-06 2.67046e-05
scan 350 160 13 3.6866e-05 0 1.6487e-05 1.10598e-06 1.10598e-06 1.10598e-06 1.8433e-06 2.21196e-06 2.67046e-05
scan 350 160 14 7.3732e-06 0 7.3732e-06 2.21196e-07 2.21196e-07 2.21196e-07 3.6866e-07 4.42392e-07 5.34091e-06
scan 350 160 15 0.000494004 0 6.03522e-05 1.48201e-05 1.48201e-05 1.48201e-05 2.47002e-05 2.96403e-05 0.000357841
scan 350 160 16 0.000980635 0 8.50319e-05 2.94191e-05 2.94191e-05 2.94191e-05 4.90318e-05 5.88381e-05 0.000710342
scan 350 160 17 0.000619349 0 6.75765e-05 1.85805e-05 1.85805e-05 1.85805e-05 3.09674e-05 3.71609e-05 0.000448637
scan 350 160 18 0.000449765 0 5.75865e-05 1.3493e-05 1.3493e-05 1.3493e-05 2.24883e-05 2.69859e-05 0.000325796
scan 350 160 19 0.000361287 0 5.16124e-05 1.08386e-05 1.08386e-05 1.08386e-05 1.80643e-05 2.16772e-05 0.000261705
scan 350 160 20 4.42392e-05 0 1.80606e-05 1.32718e-06 1.32718e-06 1.32718e-06 2.21196e-06 2.65435e-06 3.20455e-05
scan 350 160 21 0.000280182 0 4.54514e-05 8.40545e-06 8.40545e-06 8.40545e-06 1.40091e-05 1.68109e-05 0.000202955
scan 350 160 22 0.000235942 0 4.17091e-05 7.07827e-06 7.07827e-06 7.07827e-06 1.17971e-05 1.41565e-05 0.000170909
scan 350 160 23 0.000169584 0 3.53606e-05 5.08751e-06 5.08751e-06 5.08751e-06 8.47918e-06 1.0175e-05 0.000122841
scan 350 160 24 0.000169584 0 3.53606e-05 5.08751e-06 5.08751e-06 5.08751e-06 8.47918e-06 1.0175e-05 0.000122841
scan 350 160 25 2.21196e-05 0 1.27708e-05 6.63588e-07 6.63588e-07 6.63588e-07 1.10598e-06 1.32718e-06 1.60227e-05
scan 350 160 26 0.000213823 0 3.97059e-05 6.41468e-06 6.41468e-06 6.41468e-06 1.06911e-05 1.28294e-05 0.000154887
scan 350 160 27 0.000494004 0 6.03522e-05 1.48201e-05 1.48201e-05 1.48201e-05 2.47002e-05 2.96403e-05 0.000357841
scan 350 160 28 0.000678334 0 7.07212e-05 2.035e-05 2.035e-05 2.035e-05 3.39167e-05 4.07001e-05 0.000491364
scan 350 160 29 0.000619349 0 6.75765e-05 1.85805e-05 1.85805e-05 1.85805e-05 3.09674e-05 3.71609e-05 0.000448637
scan 350 160 30 1.47464e-05 0 1.04273e-05 4.42392e-07 4.42392e-07 4.42392e-07 7.3732e-07 8.84784e-07 1.06818e-05
scan 350 160 31 5.89856e-05 0 2.08546e-05 1.76957e-06 1.76957e-06 1.76957e-06 2.94928e-06 3.53914e-06 4.27273e-05
scan 350 160 32 1.47464e-05 0 1.04273e-05 4.42392e-07 4.42392e-07 4.42392e-07 7.3732e-07 8.84784e-07 1.06818e-05
scan 350 160 33 7.3732e-06 0 7.3732e-06 2.21196e-07 2.21196e-07 2.21196e-07 3.6866e-07 4.42392e-07 5.34091e-06
scan 350 160 34 7.3732e-06 0 7.3732e-06 2.21196e-07 2.21196e-07 2.21196e-07 3.6866e-07 4.42392e-07 5.34091e-06
scan 350 160 35 7.3732e-06 0 7.3732e-06 2.21196e-07 2.21196e-07 2.21196e-07 3.6866e-07 4.42392e-07 5.34091e-06
scan 350 160 36 7.3732e-06 0 7.3732e-06 2.21196e-07 2.21196e-07 2.21196e-07 3.6866e-07 4.42392e-07 5.34091e-06
scan 350 160 37 0 0 0 0 0 0 0 0 0
scan 350 160 38 0 0 0 0 0 0 0 0 0
scan 350 160 39 7.3732e-06 0 7.3732e-06 2.21196e-07 2.21196e-07 2.21196e-07 3.6866e-07 4.42392e-07 5.34091e-06
scan 350 160 40 0 0 0 0 0 0 0 0 0
scan 350 160 41 7.3732e-06 0 7.3732e-06 2.21196e-07 2.21196e-07 2.21196e-07 3.6866e-07 4.42392e-07 5.34091e-06
scan 350 160 42 1.47464e-05 0 1.04273e-05 4.42392e-07 4.42392e-07 4.42392e-07 7.3732e-07 8.84784e-07 1.06818e-05
scan 350 160 43 1.47464e-05 0 1.04273e-05 4.42392e-07 4.42392e-07 4.42392e-07 7.3732e-07 8.84784e-07 1.06818e-05
scan 350 160 44 2.21196e-05 0 1.27708e-05 6.63588e-07 6.63588e-07 6.63588e-07 1.10598e-06 1.32718e-06 1.60227e-05
scan 350 160 45 0 0 0 0 0 0 0 0 0
scan 350 160 46 0 0 0 0 0 0 0 0 0
scan 350 160 47 0 0 0 0 0 0 0 0 0
scan 350 160 48 0 0 0 0 0 0 0 0 0
scan 350 160 49 0 0 0 0 0 0 0 0 0
scan 350 160 50 0 0 0 0 0 0 0 0 0
scan 350 160 51 1.47464e-05 0 1.04273e-05 4.42392e-07 4.42392e-07 4.42392e-07 7.3732e-07 8.84784e-07 1.06818e-05
scan 350 160 52 7.3732e-06 0 7.3732e-06 2.21196e-07 2.21196e-07 2.21196e-07 3.6866e-07 4.42392e-07 5.34091e-06
scan 350 160 53 0 0 0 0 0 0 0 0 0
scan 350 160 54 7.3732e-06 0 7.3732e-06 2.21196e-07 2.21196e-07 2.21196e-07 3.6866e-07 4.42392e-07 5.34091e-06
scan 350 160 55 0 0 0 0 0 0 0 0 0
scan 350 160 56 0 0 0 0 0 0 0 0 0
scan 350 160 57 0 0 0 0 0 0 0 0 0
scan 350 160 58 0 0 0 0 0 0 0 0 0
scan 350 160 59 0 0 0 0 0 0 0 0 0
scan 350 160 60 0 0 0 0 0 0 0 0 0
scan 350 160 61 0 0 0 0 0 0 0 0 0
scan 350 160 62 0 0 0 0 0 0 0 0 0
scan 350 160 63 0 0 0 0 0 0 0 0 0
scan 350 160 64 0 0 0 0 0 0 0 0 0
scan 350 160 65 0 0 0 0 0 0 0 0 0
scan 350 160 66 0 0 0 0 0 0 0 0 0
scan 350 160 67 0 0 0 0 0 0 0 0 0
scan 350 160 68 0 0 0 0 0 0 0 0 0
scan 350 160 69 0 0 0 0 0 0 0 0 0
scan 350 160 70 0 0 0 0 0 0 0 0 0
scan 350 160 71 0 0 0 0 0 0 0 0 0
scan 350 160 72 0 0 0 0 0 0 0 0 0
scan 350 160 73 0 0 0 0 0 0 0 0 0
scan 350 160 74 0 0 0 0 0 0 0 0 0
scan 350 160 75 0 0 0 0 0 0 0 0 0
scan 350 160 76 0 0 0 0 0 0 0 0 0
scan 350 160 77 0 0 0 0 0 0 0 0 0
scan 350 160 78 0 0 0 0 0 0 0 0 0
scan 350 160 79 0 0 0 0 0 0 0 0 0
scan 350 160 80 0 0 0 0 0 0 0 0 0
scan 350 160 81 0 0 0 0 0 0 0 0 0
scan 350 160 82 0 0 0 0 0 0 0 0 0
scan 350 160 83 0 0 0 0 0 0 0 0 0
scan 350 160 84 0 0 0 0 0 0 0 0 0
scan 350 160 85 0 0 0 0 0 0 0 0 0
scan 350 160 86 0 0 0 0 0 0 0 0 0
scan 350 160 87 7.3732e-06 0 7.3732e-06 2.21196e-07 2.21196e-07 2.21196e-07 3.6866e-07 4.42392e-07 5.34091e-06
scan 350 160 88 0 0 0 0 0 0 0 0 0
scan 350 160 89 0 0 0 0 0 0 0 0 0
scan 350 160 90 2.21196e-05 0 1.27708e-05 6.63588e-07 6.63588e-07 6.63588e-07 1.10598e-06 1.32718e-06 1.60227e-05
scan 350 160 91 5.16124e-05 0 1.95076e-05 1.54837e-06 1.54837e-06 1.54837e-06 2.58062e-06 3.09674e-06 3.73864e-05
scan 350 160 92 0 0 0 0 0 0 0 0 0
scan 350 160 93 7.3732e-06 0 7.3732e-06 2.21196e-07 2.21196e-07 2.21196e-07 3.6866e-07 4.42392e-07 5.34091e-06
scan 350 160 94 7.3732e-06 0 7.3732e-06 2.21196e-07 2.21196e-07 2.21196e-07 3.6866e-07 4.42392e-07 5.34091e-06
scan 350 160 95 0 0 0 0 0 0 0 0 0
scan 350 160 96 1.47464e-05 0 1.04273e-05 4.42392e-07 4.42392e-07 4.42392e-07 7.3732e-07 8.84784e-07 1.06818e-05
scan 350 160 97 1.47464e-05 0 1.04273e-05 4.42392e-07 4.42392e-07 4.42392e-07 7.3732e-07 8.84784e-07 1.06818e-05
scan 350 160 98 0 0 0 0 0 0 0 0 0
scan 350 160 99 0 0 0 0 0 0 0 0 0
scan 350 160 100 0 0 0 0 0 0 0 0 0
scan 350 160 101 7.3732e-06 0 7.3732e-06 2.21196e-07 2.21196e-07 2.21196e-07 3.6866e-07 4.42392e-07 5.34091e-06
scan 350 160 102 3.6866e-05 0 1.6487e-05 1.10598e-06 1.10598e-06 1.10598e-06 1.8433e-06 2.21196e-06 2.67046e-05
scan 350 160 103 7.3732e-06 0 7.3732e-06 2.21196e-07 2.21196e-07 2.21196e-07 3.6866e-07 4.42392e-07 5.34091e-06
scan 350 160 104 0 0 0 0 0 0 0 0 0
scan 350 160 60 0 0 0 0 0 0 0 0 0
scan 350 160 61 0 0 0 0 0 0 0 0 0
scan 350 160 62 0 0 0 0 0 0 0 0 0
scan 350 160 63 0 0 0 0 0 0 0 0 0
scan 350 160 64 0 0 0 0 0 0 0 0 0
scan 350 160 65 0 0 0 0 0 0 0 0 0
scan 350 160 66 0 0 0 0 0 0 0 0 0
scan 350 160 67 0 0 0 0 0 0 0 0 0
scan 350 160 68 0 0 0 0 0 0 0 0 0
scan 350 160 69 0 0 0 0 0 0 0 0 0
scan 350 160 70 0 0 0 0 0 0 0 0 0
scan 350 160 71 0 0 0 0 0 0 0 0 0
scan 350 160 72 0 0 0 0 0 0 0 0 0
scan 350 160 73 0 0 0 0 0 0 0 0 0
scan 350 160 74 0 0 0 0 0 0 0 0 0
scan 350 160 120 0 0 0 0 0 0 0 0 0
scan 350 160 121 7.3732e-06 0 7.3732e-06 2.21196e-07 2.21196e-07 2.21196e-07 3.6866e-07 4.42392e-07 5.34091e-06
scan 350 160 122 0 0 0 0 0 0 0 0 0
scan 350 160 123 0 0 0 0 0 0 0 0 0
scan 350 160 124 0 0 0 0 0 0 0 0 0
scan 350 160 125 0 0 0 0 0 0 0 0 0
scan 350 160 126 0 0 0 0 0 0 0 0 0
scan 350 160 127 0 0 0 0 0 0 0 0 0
scan 350 160 128 0 0 0 0 0 0 0 0 0
scan 350 160 129 0 0 0 0 0 0 0 0 0
scan 350 160 130 0 0 0 0 0 0 0 0 0
scan 350 160 131 0 0 0 0 0 0 0 0 0
scan 350 160 132 0 0 0 0 0 0 0 0 0
scan 350 160 133 0 0 0 0 0 0 0 0 0
scan 350 160 134 0 0 0 0 0 0 0 0 0
scan 350 160 135 7.3732e-06 0 7.3732e-06 2.21196e-07 2.21196e-07 2.21196e-07 3.6866e-07 4.42392e-07 5.34091e-06
scan 350 160 136 2.21196e-05 0 1.27708e-05 6.63588e-07 6.63588e-07 6.63588e-07 1.10598e-06 1.32718e-06 1.60227e-05
scan 350 160 137 2.21196e-05 0 1.27708e-05 6.63588e-07 6.63588e-07 6.63588e-07 1.10598e-06 1.32718e-06 1.60227e-05
scan 350 160 138 7.3732e-06 0 7.3732e-06 2.21196e-07 2.21196e-07 2.21196e-07 3.6866e-07 4.42392e-07 5.34091e-06
scan 350 160 139 0 0 0 0 0 0 0 0 0
scan 350 160 140 7.3732e-06 0 7.3732e-06 2.21196e-07 2.21196e-07 2.21196e-07 3.6866e-07 4.42392e-07 5.34091e-06
scan 350 160 141 7.3732e-06 0 7.3732e-06 2.21196e-07 2.21196e-07 2.21196e-07 3.6866e-07 4.42392e-07 5.34091e-06
scan 350 160 142 0 0 0 0 0 0 0 0 0
scan 350 160 143 0 0 0 0 0 0 0 0 0
scan 350 160 144 0 0 0 0 0 0 0 0 0
scan 350 160 145 0 0 0 0 0 0 0 0 0
scan 350 160 146 0 0 0 0 0 0 0 0 0
scan 350 160 147 1.47464e-05 0 1.04273e-05 4.42392e-07 4.42392e-07 4.42392e-07 7.3732e-07 8.84784e-07 1.06818e-05
scan 350 160 148 0 0 0 0 0 0 0 0 0
scan 350 160 149 0 0 0 0 0 0 0 0 0
scan 350 160 60 0 0 0 0 0 0 0 0 0
scan 350 160 61 0 0 0 0 0 0 0 0 0
scan 350 160 62 0 0 0 0 0 0 0 0 0
scan 350 160 63 0 0 0 0 0 0 0 0 0
scan 350 160 64 0 0 0 0 0 0 0 0 0
scan 350 160 65 0 0 0 0 0 0 0 0 0
scan 350 160 66 0 0 0 0 0 0 0 0 0
scan 350 160 67 0 0 0 0 0 0 0 0 0
scan 350 160 68 0 0 0 0 0 0 0 0 0
scan 350 160 69 0 0 0 0 0 0 0 0 0
scan 350 160 70 0 0 0 0 0 0 0 0 0
scan 350 160 71 0 0 0 0 0 0 0 0 0
scan 350 160 72 0 0 0 0 0 0 0 0 0
scan 350 160 73 0 0 0 0 0 0 0 0 0
scan 350 160 74 0 0 0 0 0 0 0 0 0
scan 350 160 165 0 0 0 0 0 0 0 0 0
scan 350 160 166 0 0 0 0 0 0 0 0 0
scan 350 160 167 0 0 0 0 0 0 0 0 0
scan 350 160 168 0 0 0 0 0 0 0 0 0
scan 350 160 169 0 0 0 0 0 0 0 0 0
scan 350 160 170 0 0 0 0 0 0 0 0 0
scan 350 160 171 0 0 0 0 0 0 0 0 0
scan 350 160 172 0 0 0 0 0 0 0 0 0
scan 350 160 173 0 0 0 0 0 0 0 0 0
scan 350 160 174 0 0 0 0 0 0 0 0 0
scan 350 160 175 0 0 0 0 0 0 0 0 0
scan 350 160 176 0 0 0 0 0 0 0 0 0
scan 350 160 177 0 0 0 0 0 0 0 0 0
scan 350 160 178 0 0 0 0 0 0 0 0 0
scan 350 160 179 0 0 0 0 0 0 0 0 0
