xsec 310 210 0.126881
scan 310 210 0 0.000164962 0 4.57522e-05 4.94886e-06 4.94886e-06 4.94886e-06 8.24809e-06 9.89771e-06 0.000117942
scan 310 210 1 0.00020303 0 5.07575e-05 6.0909e-06 6.0909e-06 6.0909e-06 1.01515e-05 1.21818e-05 0.00014516
scan 310 210 2 7.61363e-05 0 3.10825e-05 2.28409e-06 2.28409e-06 2.28409e-06 3.80681e-06 4.56818e-06 5.4435e-05
scan 310 210 3 3.80681e-05 0 2.19786e-05 1.14204e-06 1.14204e-06 1.14204e-06 1.90341e-06 2.28409e-06 2.72175e-05
scan 310 210 4 1.26894e-05 0 1.26894e-05 3.80681e-07 3.80681e-07 3.80681e-07 6.34469e-07 7.61363e-07 9.07249e-06
scan 310 210 5 0 0 0 0 0 0 0 0 0
scan 310 210 6 3.80681e-05 0 2.19786e-05 1.14204e-06 1.14204e-06 1.14204e-06 1.90341e-06 2.28409e-06 2.72175e-05
scan 310 210 7 1.26894e-05 0 1.26894e-05 3.80681e-07 3.80681e-07 3.80681e-07 6.34469e-07 7.61363e-07 9.07249e-06
scan 310 210 8 1.26894e-05 0 1.26894e-05 3.80681e-07 3.80681e-07 3.80681e-07 6.34469e-07 7.61363e-07 9.07249e-06
scan 310 210 9 1.26894e-05 0 1.26894e-05 3.80681e-07 3.80681e-07 3.80681e-07 6.34469e-07 7.61363e-07 9.07249e-06
scan 310 210 10 0 0 0 0 0 0 0 0 0
scan 310 210 11 0 0 0 0 0 0 0 0 0
scan 310 210 12 0 0 0 0 0 0 0 0 0
scan 310 210 13 0 0 0 0 0 0 0 0 0
scan 310 210 14 0 0 0 0 0 0 0 0 0
scan 310 210 15 0.00341344 0 0.000208121 0.000102403 0.000102403 0.000102403 0.000170672 0.000204807 0.0024405
scan 310 210 16 0.00342613 0 0.000208508 0.000102784 0.000102784 0.000102784 0.000171307 0.000205568 0.00244957
scan 310 210 17 0.000875567 0 0.000105406 2.6267e-05 2.6267e-05 2.6267e-05 4.37783e-05 5.2534e-05 0.000626002
scan 310 210 18 0.00020303 0 5.07575e-05 6.0909e-06 6.0909e-06 6.0909e-06 1.01515e-05 1.21818e-05 0.00014516
scan 310 210 19 8.88256e-05 0 3.35729e-05 2.66477e-06 2.66477e-06 2.66477e-06 4.44128e-06 5.32954e-06 6.35075e-05
scan 310 210 20 0.000152273 0 4.39573e-05 4.56818e-06 4.56818e-06 4.56818e-06 7.61363e-06 9.13635e-06 0.00010887
scan 310 210 21 0.000621779 0 8.88256e-05 1.86534e-05 1.86534e-05 1.86534e-05 3.1089e-05 3.73068e-05 0.000444552
scan 310 210 22 0.000355303 0 6.71459e-05 1.06591e-05 1.06591e-05 1.06591e-05 1.77651e-05 2.13182e-05 0.00025403
scan 310 210 23 1.26894e-05 0 1.26894e-05 3.80681e-07 3.80681e-07 3.80681e-07 6.34469e-07 7.61363e-07 9.07249e-06
scan 310 210 24 1.26894e-05 0 1.26894e-05 3.80681e-07 3.80681e-07 3.80681e-07 6.34469e-07 7.61363e-07 9.07249e-06
scan 310 210 25 0 0 0 0 0 0 0 0 0
scan 310 210 26 0.000215719 0 5.23196e-05 6.47158e-06 6.47158e-06 6.47158e-06 1.0786e-05 1.29432e-05 0.000154232
scan 310 210 27 0.000228409 0 5.38365e-05 6.85226e-06 6.85226e-06 6.85226e-06 1.14204e-05 1.37045e-05 0.000163305
scan 310 210 28 5.07575e-05 0 2.53788e-05 1.52273e-06 1.52273e-06 1.52273e-06 2.53788e-06 3.04545e-06 3.629e-05
scan 310 210 29 3.80681e-05 0 2.19786e-05 1.14204e-06 1.14204e-06 1.14204e-06 1.90341e-06 2.28409e-06 2.72175e-05
scan 310 210 30 3.80681e-05 0 2.19786e-05 1.14204e-06 1.14204e-06 1.14204e-06 1.90341e-06 2.28409e-06 2.72175e-05
scan 310 210 31 0 0 0 0 0 0 0 0 0
scan 310 210 32 0 0 0 0 0 0 0 0 0
scan 310 210 33 1.26894e-05 0 1.26894e-05 3.80681e-07 3.80681e-07 3.80681e-07 6.34469e-07 7.61363e-07 9.07249e-06
scan 310 210 34 0 0 0 0 0 0 0 0 0
scan 310 210 35 0 0 0 0 0 0 0 0 0
scan 310 210 36 0 0 0 0 0 0 0 0 0
scan 310 210 37 0 0 0 0 0 0 0 0 0
scan 310 210 38 0 0 0 0 0 0 0 0 0
scan 310 210 39 0 0 0 0 0 0 0 0 0
scan 310 210 40 0 0 0 0 0 0 0 0 0
scan 310 210 41 0 0 0 0 0 0 0 0 0
scan 310 210 42 1.26894e-05 0 1.26894e-05 3.80681e-07 3.80681e-07 3.80681e-07 6.34469e-07 7.61363e-07 9.07249e-06
scan 310 210 43 0 0 0 0 0 0 0 0 0
scan 310 210 44 0 0 0 0 0 0 0 0 0
scan 310 210 45 1.26894e-05 0 1.26894e-05 3.80681e-07 3.80681e-07 3.80681e-07 6.34469e-07 7.61363e-07 9.07249e-06
scan 310 210 46 1.26894e-05 0 1.26894e-05 3.80681e-07 3.80681e-07 3.80681e-07 6.34469e-07 7.61363e-07 9.07249e-06
scan 310 210 47 0 0 0 0 0 0 0 0 0
scan 310 210 48 1.26894e-05 0 1.26894e-05 3.80681e-07 3.80681e-07 3.80681e-07 6.34469e-07 7.61363e-07 9.07249e-06
scan 310 210 49 0 0 0 0 0 0 0 0 0
scan 310 210 50 0 0 0 0 0 0 0 0 0
scan 310 210 51 1.26894e-05 0 1.26894e-05 3.80681e-07 3.80681e-07 3.80681e-07 6.34469e-07 7.61363e-07 9.07249e-06
scan 310 210 52 0 0 0 0 0 0 0 0 0
scan 310 210 53 0 0 0 0 0 0 0 0 0
scan 310 210 54 0 0 0 0 0 0 0 0 0
scan 310 210 55 0 0 0 0 0 0 0 0 0
scan 310 210 56 0 0 0 0 0 0 0 0 0
scan 310 210 57 0 0 0 0 0 0 0 0 0
scan 310 210 58 0 0 0 0 0 0 0 0 0
scan 310 210 59 0 0 0 0 0 0 0 0 0
scan 310 210 60 0 0 0 0 0 0 0 0 0
scan 310 210 61 0 0 0 0 0 0 0 0 0
scan 310 210 62 0 0 0 0 0 0 0 0 0
scan 310 210 63 0 0 0 0 0 0 0 0 0
scan 310 210 64 0 0 0 0 0 0 0 0 0
scan 310 210 65 0 0 0 0 0 0 0 0 0
scan 310 210 66 0 0 0 0 0 0 0 0 0
scan 310 210 67 0 0 0 0 0 0 0 0 0
scan 310 210 68 0 0 0 0 0 0 0 0 0
scan 310 210 69 0 0 0 0 0 0 0 0 0
scan 310 210 70 0 0 0 0 0 0 0 0 0
scan 310 210 71 0 0 0 0 0 0 0 0 0
scan 310 210 72 0 0 0 0 0 0 0 0 0
scan 310 210 73 0 0 0 0 0 0 0 0 0
scan 310 210 74 0 0 0 0 0 0 0 0 0
scan 310 210 75 0 0 0 0 0 0 0 0 0
scan 310 210 76 0 0 0 0 0 0 0 0 0
scan 310 210 77 0 0 0 0 0 0 0 0 0
scan 310 210 78 0 0 0 0 0 0 0 0 0
scan 310 210 79 0 0 0 0 0 0 0 0 0
scan 310 210 80 0 0 0 0 0 0 0 0 0
scan 310 210 81 0 0 0 0 0 0 0 0 0
scan 310 210 82 0 0 0 0 0 0 0 0 0
scan 310 210 83 0 0 0 0 0 0 0 0 0
scan 310 210 84 0 0 0 0 0 0 0 0 0
scan 310 210 85 0 0 0 0 0 0 0 0 0
scan 310 210 86 0 0 0 0 0 0 0 0 0
scan 310 210 87 0 0 0 0 0 0 0 0 0
scan 310 210 88 0 0 0 0 0 0 0 0 0
scan 310 210 89 0 0 0 0 0 0 0 0 0
scan 310 210 90 7.61363e-05 0 3.10825e-05 2.28409e-06 2.28409e-06 2.28409e-06 3.80681e-06 4.56818e-06 5.4435e-05
scan 310 210 91 3.80681e-05 0 2.19786e-05 1.14204e-06 1.14204e-06 1.14204e-06 1.90341e-06 2.28409e-06 2.72175e-05
scan 310 210 92 3.80681e-05 0 2.19786e-05 1.14204e-06 1.14204e-06 1.14204e-06 1.90341e-06 2.28409e-06 2.72175e-05
scan 310 210 93 0 0 0 0 0 0 0 0 0
scan 310 210 94 0 0 0 0 0 0 0 0 0
scan 310 210 95 0 0 0 0 0 0 0 0 0
scan 310 210 96 0 0 0 0 0 0 0 0 0
scan 310 210 97 0 0 0 0 0 0 0 0 0
scan 310 210 98 0 0 0 0 0 0 0 0 0
scan 310 210 99 0 0 0 0 0 0 0 0 0
scan 310 210 100 0 0 0 0 0 0 0 0 0
scan 310 210 101 1.26894e-05 0 1.26894e-05 3.80681e-07 3.80681e-07 3.80681e-07 6.34469e-07 7.61363e-07 9.07249e-06
scan 310 210 102 0 0 0 0 0 0 0 0 0
scan 310 210 103 0 0 0 0 0 0 0 0 0
scan 310 210 104 0 0 0 0 0 0 0 0 0
scan 310 210 60 0 0 0 0 0 0 0 0 0
scan 310 210 61 0 0 0 0 0 0 0 0 0
scan 310 210 62 0 0 0 0 0 0 0 0 0
scan 310 210 63 0 0 0 0 0 0 0 0 0
scan 310 210 64 0 0 0 0 0 0 0 0 0
scan 310 210 65 0 0 0 0 0 0 0 0 0
scan 310 210 66 0 0 0 0 0 0 0 0 0
scan 310 210 67 0 0 0 0 0 0 0 0 0
scan 310 210 68 0 0 0 0 0 0 0 0 0
scan 310 210 69 0 0 0 0 0 0 0 0 0
scan 310 210 70 0 0 0 0 0 0 0 0 0
scan 310 210 71 0 0 0 0 0 0 0 0 0
scan 310 210 72 0 0 0 0 0 0 0 0 0
scan 310 210 73 0 0 0 0 0 0 0 0 0
scan 310 210 74 0 0 0 0 0 0 0 0 0
scan 310 210 120 0 0 0 0 0 0 0 0 0
scan 310 210 121 0 0 0 0 0 0 0 0 0
scan 310 210 122 0 0 0 0 0 0 0 0 0
scan 310 210 123 0 0 0 0 0 0 0 0 0
scan 310 210 124 0 0 0 0 0 0 0 0 0
scan 310 210 125 0 0 0 0 0 0 0 0 0
scan 310 210 126 0 0 0 0 0 0 0 0 0
scan 310 210 127 0 0 0 0 0 0 0 0 0
scan 310 210 128 0 0 0 0 0 0 0 0 0
scan 310 210 129 0 0 0 0 0 0 0 0 0
scan 310 210 130 0 0 0 0 0 0 0 0 0
scan 310 210 131 0 0 0 0 0 0 0 0 0
scan 310 210 132 0 0 0 0 0 0 0 0 0
scan 310 210 133 0 0 0 0 0 0 0 0 0
scan 310 210 134 0 0 0 0 0 0 0 0 0
scan 310 210 135 5.07575e-05 0 2.53788e-05 1.52273e-06 1.52273e-06 1.52273e-06 2.53788e-06 3.04545e-06 3.629e-05
scan 310 210 136 1.26894e-05 0 1.26894e-05 3.80681e-07 3.80681e-07 3.80681e-07 6.34469e-07 7.61363e-07 9.07249e-06
scan 310 210 137 3.80681e-05 0 2.19786e-05 1.14204e-06 1.14204e-06 1.14204e-06 1.90341e-06 2.28409e-06 2.72175e-05
scan 310 210 138 1.26894e-05 0 1.26894e-05 3.80681e-07 3.80681e-07 3.80681e-07 6.34469e-07 7.61363e-07 9.07249e-06
scan 310 210 139 0 0 0 0 0 0 0 0 0
scan 310 210 140 0 0 0 0 0 0 0 0 0
scan 310 210 141 0 0 0 0 0 0 0 0 0
scan 310 210 142 0 0 0 0 0 0 0 0 0
scan 310 210 143 1.26894e-05 0 1.26894e-05 3.80681e-07 3.80681e-07 3.80681e-07 6.34469e-07 7.61363e-07 9.07249e-06
scan 310 210 144 0 0 0 0 0 0 0 0 0
scan 310 210 145 0 0 0 0 0 0 0 0 0
scan 310 210 146 0 0 0 0 0 0 0 0 0
scan 310 210 147 0 0 0 0 0 0 0 0 0
scan 310 210 148 0 0 0 0 0 0 0 0 0
scan 310 210 149 0 0 0 0 0 0 0 0 0
scan 310 210 60 0 0 0 0 0 0 0 0 0
scan 310 210 61 0 0 0 0 0 0 0 0 0
scan 310 210 62 0 0 0 0 0 0 0 0 0
scan 310 210 63 0 0 0 0 0 0 0 0 0
scan 310 210 64 0 0 0 0 0 0 0 0 0
scan 310 210 65 0 0 0 0 0 0 0 0 0
scan 310 210 66 0 0 0 0 0 0 0 0 0
scan 310 210 67 0 0 0 0 0 0 0 0 0
scan 310 210 68 0 0 0 0 0 0 0 0 0
scan 310 210 69 0 0 0 0 0 0 0 0 0
scan 310 210 70 0 0 0 0 0 0 0 0 0
scan 310 210 71 0 0 0 0 0 0 0 0 0
scan 310 210 72 0 0 0 0 0 0 0 0 0
scan 310 210 73 0 0 0 0 0 0 0 0 0
scan 310 210 74 0 0 0 0 0 0 0 0 0
scan 310 210 165 1.26894e-05 0 1.26894e-05 3.80681e-07 3.80681e-07 3.80681e-07 6.34469e-07 7.61363e-07 9.07249e-06
scan 310 210 166 0 0 0 0 0 0 0 0 0
scan 310 210 167 0 0 0 0 0 0 0 0 0
scan 310 210 168 0 0 0 0 0 0 0 0 0
scan 310 210 169 0 0 0 0 0 0 0 0 0
scan 310 210 170 0 0 0 0 0 0 0 0 0
scan 310 210 171 0 0 0 0 0 0 0 0 0
scan 310 210 172 0 0 0 0 0 0 0 0 0
scan 310 210 173 0 0 0 0 0 0 0 0 0
scan 310 210 174 0 0 0 0 0 0 0 0 0
scan 310 210 175 0 0 0 0 0 0 0 0 0
scan 310 210 176 0 0 0 0 0 0 0 0 0
scan 310 210 177 0 0 0 0 0 0 0 0 0
scan 310 210 178 0 0 0 0 0 0 0 0 0
scan 310 210 179 0 0 0 0 0 0 0 0 0
