xsec 440 320 0.0249422
scan 440 320 0 1.74631e-05 0 6.60042e-06 5.23892e-07 5.23892e-07 5.23892e-07 8.73153e-07 1.04778e-06 1.2955e-05
scan 440 320 1 1.99578e-05 0 7.05614e-06 5.98734e-07 5.98734e-07 5.98734e-07 9.97889e-07 1.19747e-06 1.48058e-05
scan 440 320 2 4.98945e-06 0 3.52807e-06 1.49683e-07 1.49683e-07 1.49683e-07 2.49472e-07 2.99367e-07 3.70144e-06
scan 440 320 3 0 0 0 0 0 0 0 0 0
scan 440 320 4 0 0 0 0 0 0 0 0 0
scan 440 320 5 0 0 0 0 0 0 0 0 0
scan 440 320 6 4.98945e-06 0 3.52807e-06 1.49683e-07 1.49683e-07 1.49683e-07 2.49472e-07 2.99367e-07 3.70144e-06
scan 440 320 7 7.48417e-06 0 4.32099e-06 2.24525e-07 2.24525e-07 2.24525e-07 3.74208e-07 4.4905e-07 5.55216e-06
scan 440 320 8 0 0 0 0 0 0 0 0 0
scan 440 320 9 0 0 0 0 0 0 0 0 0
scan 440 320 10 0 0 0 0 0 0 0 0 0
scan 440 320 11 2.49472e-06 0 2.49472e-06 7.48417e-08 7.48417e-08 7.48417e-08 1.24736e-07 1.49683e-07 1.85072e-06
scan 440 320 12 0 0 0 0 0 0 0 0 0
scan 440 320 13 2.49472e-06 0 2.49472e-06 7.48417e-08 7.48417e-08 7.48417e-08 1.24736e-07 1.49683e-07 1.85072e-06
scan 440 320 14 0 0 0 0 0 0 0 0 0
scan 440 320 15 0.000416619 0 3.22389e-05 1.24986e-05 1.24986e-05 1.24986e-05 2.08309e-05 2.49971e-05 0.00030907
scan 440 320 16 0.000576281 0 3.79165e-05 1.72884e-05 1.72884e-05 1.72884e-05 2.88141e-05 3.45769e-05 0.000427516
scan 440 320 17 0.000232009 0 2.40582e-05 6.96028e-06 6.96028e-06 6.96028e-06 1.16005e-05 1.39206e-05 0.000172117
scan 440 320 18 9.47995e-05 0 1.53785e-05 2.84398e-06 2.84398e-06 2.84398e-06 4.73997e-06 5.68797e-06 7.03274e-05
scan 440 320 19 8.48206e-05 0 1.45466e-05 2.54462e-06 2.54462e-06 2.54462e-06 4.24103e-06 5.08924e-06 6.29245e-05
scan 440 320 20 1.99578e-05 0 7.05614e-06 5.98734e-07 5.98734e-07 5.98734e-07 9.97889e-07 1.19747e-06 1.48058e-05
scan 440 320 21 0.000149683 0 1.9324e-05 4.4905e-06 4.4905e-06 4.4905e-06 7.48417e-06 8.981e-06 0.000111043
scan 440 320 22 0.000114757 0 1.692e-05 3.44272e-06 3.44272e-06 3.44272e-06 5.73786e-06 6.88544e-06 8.51331e-05
scan 440 320 23 5.48839e-05 0 1.17013e-05 1.64652e-06 1.64652e-06 1.64652e-06 2.7442e-06 3.29303e-06 4.07158e-05
scan 440 320 24 1.24736e-05 0 5.57837e-06 3.74208e-07 3.74208e-07 3.74208e-07 6.23681e-07 7.48417e-07 9.2536e-06
scan 440 320 25 2.49472e-06 0 2.49472e-06 7.48417e-08 7.48417e-08 7.48417e-08 1.24736e-07 1.49683e-07 1.85072e-06
scan 440 320 26 7.48417e-05 0 1.36642e-05 2.24525e-06 2.24525e-06 2.24525e-06 3.74208e-06 4.4905e-06 5.55216e-05
scan 440 320 27 0.000157168 0 1.98013e-05 4.71503e-06 4.71503e-06 4.71503e-06 7.85838e-06 9.43005e-06 0.000116595
scan 440 320 28 6.48628e-05 0 1.27206e-05 1.94588e-06 1.94588e-06 1.94588e-06 3.24314e-06 3.89177e-06 4.81187e-05
scan 440 320 29 3.74208e-05 0 9.66202e-06 1.12263e-06 1.12263e-06 1.12263e-06 1.87104e-06 2.24525e-06 2.77608e-05
scan 440 320 30 9.97889e-06 0 4.98945e-06 2.99367e-07 2.99367e-07 2.99367e-07 4.98945e-07 5.98734e-07 7.40288e-06
scan 440 320 31 1.49683e-05 0 6.1108e-06 4.4905e-07 4.4905e-07 4.4905e-07 7.48417e-07 8.981e-07 1.11043e-05
scan 440 320 32 2.49472e-06 0 2.49472e-06 7.48417e-08 7.48417e-08 7.48417e-08 1.24736e-07 1.49683e-07 1.85072e-06
scan 440 320 33 4.98945e-06 0 3.52807e-06 1.49683e-07 1.49683e-07 1.49683e-07 2.49472e-07 2.99367e-07 3.70144e-06
scan 440 320 34 0 0 0 0 0 0 0 0 0
scan 440 320 35 0 0 0 0 0 0 0 0 0
scan 440 320 36 0 0 0 0 0 0 0 0 0
scan 440 320 37 0 0 0 0 0 0 0 0 0
scan 440 320 38 0 0 0 0 0 0 0 0 0
scan 440 320 39 2.49472e-06 0 2.49472e-06 7.48417e-08 7.48417e-08 7.48417e-08 1.24736e-07 1.49683e-07 1.85072e-06
scan 440 320 40 0 0 0 0 0 0 0 0 0
scan 440 320 41 2.49472e-06 0 2.49472e-06 7.48417e-08 7.48417e-08 7.48417e-08 1.24736e-07 1.49683e-07 1.85072e-06
scan 440 320 42 0 0 0 0 0 0 0 0 0
scan 440 320 43 0 0 0 0 0 0 0 0 0
scan 440 320 44 0 0 0 0 0 0 0 0 0
scan 440 320 45 0 0 0 0 0 0 0 0 0
scan 440 320 46 2.49472e-06 0 2.49472e-06 7.48417e-08 7.48417e-08 7.48417e-08 1.24736e-07 1.49683e-07 1.85072e-06
scan 440 320 47 0 0 0 0 0 0 0 0 0
scan 440 320 48 0 0 0 0 0 0 0 0 0
scan 440 320 49 0 0 0 0 0 0 0 0 0
scan 440 320 50 0 0 0 0 0 0 0 0 0
scan 440 320 51 0 0 0 0 0 0 0 0 0
scan 440 320 52 2.49472e-06 0 2.49472e-06 7.48417e-08 7.48417e-08 7.48417e-08 1.24736e-07 1.49683e-07 1.85072e-06
scan 440 320 53 0 0 0 0 0 0 0 0 0
scan 440 320 54 0 0 0 0 0 0 0 0 0
scan 440 320 55 0 0 0 0 0 0 0 0 0
scan 440 320 56 0 0 0 0 0 0 0 0 0
scan 440 320 57 0 0 0 0 0 0 0 0 0
scan 440 320 58 0 0 0 0 0 0 0 0 0
scan 440 320 59 0 0 0 0 0 0 0 0 0
scan 440 320 60 0 0 0 0 0 0 0 0 0
scan 440 320 61 0 0 0 0 0 0 0 0 0
scan 440 320 62 0 0 0 0 0 0 0 0 0
scan 440 320 63 0 0 0 0 0 0 0 0 0
scan 440 320 64 0 0 0 0 0 0 0 0 0
scan 440 320 65 0 0 0 0 0 0 0 0 0
scan 440 320 66 0 0 0 0 0 0 0 0 0
scan 440 320 67 0 0 0 0 0 0 0 0 0
scan 440 320 68 0 0 0 0 0 0 0 0 0
scan 440 320 69 0 0 0 0 0 0 0 0 0
scan 440 320 70 0 0 0 0 0 0 0 0 0
scan 440 320 71 0 0 0 0 0 0 0 0 0
scan 440 320 72 0 0 0 0 0 0 0 0 0
scan 440 320 73 0 0 0 0 0 0 0 0 0
scan 440 320 74 0 0 0 0 0 0 0 0 0
scan 440 320 75 0 0 0 0 0 0 0 0 0
scan 440 320 76 0 0 0 0 0 0 0 0 0
scan 440 320 77 0 0 0 0 0 0 0 0 0
scan 440 320 78 0 0 0 0 0 0 0 0 0
scan 440 320 79 0 0 0 0 0 0 0 0 0
scan 440 320 80 0 0 0 0 0 0 0 0 0
scan 440 320 81 0 0 0 0 0 0 0 0 0
scan 440 320 82 0 0 0 0 0 0 0 0 0
scan 440 320 83 0 0 0 0 0 0 0 0 0
scan 440 320 84 0 0 0 0 0 0 0 0 0
scan 440 320 85 0 0 0 0 0 0 0 0 0
scan 440 320 86 0 0 0 0 0 0 0 0 0
scan 440 320 87 0 0 0 0 0 0 0 0 0
scan 440 320 88 0 0 0 0 0 0 0 0 0
scan 440 320 89 0 0 0 0 0 0 0 0 0
scan 440 320 90 4.98945e-06 0 3.52807e-06 1.49683e-07 1.49683e-07 1.49683e-07 2.49472e-07 2.99367e-07 3.70144e-06
scan 440 320 91 1.24736e-05 0 5.57837e-06 3.74208e-07 3.74208e-07 3.74208e-07 6.23681e-07 7.48417e-07 9.2536e-06
scan 440 320 92 0 0 0 0 0 0 0 0 0
scan 440 320 93 2.49472e-06 0 2.49472e-06 7.48417e-08 7.48417e-08 7.48417e-08 1.24736e-07 1.49683e-07 1.85072e-06
scan 440 320 94 0 0 0 0 0 0 0 0 0
scan 440 320 95 2.49472e-06 0 2.49472e-06 7.48417e-08 7.48417e-08 7.48417e-08 1.24736e-07 1.49683e-07 1.85072e-06
scan 440 320 96 2.49472e-06 0 2.49472e-06 7.48417e-08 7.48417e-08 7.48417e-08 1.24736e-07 1.49683e-07 1.85072e-06
scan 440 320 97 0 0 0 0 0 0 0 0 0
scan 440 320 98 0 0 0 0 0 0 0 0 0
scan 440 320 99 2.49472e-06 0 2.49472e-06 7.48417e-08 7.48417e-08 7.48417e-08 1.24736e-07 1.49683e-07 1.85072e-06
scan 440 320 100 0 0 0 0 0 0 0 0 0
scan 440 320 101 4.98945e-06 0 3.52807e-06 1.49683e-07 1.49683e-07 1.49683e-07 2.49472e-07 2.99367e-07 3.70144e-06
scan 440 320 102 2.49472e-06 0 2.49472e-06 7.48417e-08 7.48417e-08 7.48417e-08 1.24736e-07 1.49683e-07 1.85072e-06
scan 440 320 103 0 0 0 0 0 0 0 0 0
scan 440 320 104 2.49472e-06 0 2.49472e-06 7.48417e-08 7.48417e-08 7.48417e-08 1.24736e-07 1.49683e-07 1.85072e-06
scan 440 320 60 0 0 0 0 0 0 0 0 0
scan 440 320 61 0 0 0 0 0 0 0 0 0
scan 440 320 62 0 0 0 0 0 0 0 0 0
scan 440 320 63 0 0 0 0 0 0 0 0 0
scan 440 320 64 0 0 0 0 0 0 0 0 0
scan 440 320 65 0 0 0 0 0 0 0 0 0
scan 440 320 66 0 0 0 0 0 0 0 0 0
scan 440 320 67 0 0 0 0 0 0 0 0 0
scan 440 320 68 0 0 0 0 0 0 0 0 0
scan 440 320 69 0 0 0 0 0 0 0 0 0
scan 440 320 70 0 0 0 0 0 0 0 0 0
scan 440 320 71 0 0 0 0 0 0 0 0 0
scan 440 320 72 0 0 0 0 0 0 0 0 0
scan 440 320 73 0 0 0 0 0 0 0 0 0
scan 440 320 74 0 0 0 0 0 0 0 0 0
scan 440 320 120 0 0 0 0 0 0 0 0 0
scan 440 320 121 0 0 0 0 0 0 0 0 0
scan 440 320 122 0 0 0 0 0 0 0 0 0
scan 440 320 123 0 0 0 0 0 0 0 0 0
scan 440 320 124 0 0 0 0 0 0 0 0 0
scan 440 320 125 0 0 0 0 0 0 0 0 0
scan 440 320 126 0 0 0 0 0 0 0 0 0
scan 440 320 127 0 0 0 0 0 0 0 0 0
scan 440 320 128 0 0 0 0 0 0 0 0 0
scan 440 320 129 0 0 0 0 0 0 0 0 0
scan 440 320 130 0 0 0 0 0 0 0 0 0
scan 440 320 131 0 0 0 0 0 0 0 0 0
scan 440 320 132 0 0 0 0 0 0 0 0 0
scan 440 320 133 0 0 0 0 0 0 0 0 0
scan 440 320 134 0 0 0 0 0 0 0 0 0
scan 440 320 135 4.98945e-06 0 3.52807e-06 1.49683e-07 1.49683e-07 1.49683e-07 2.49472e-07 2.99367e-07 3.70144e-06
scan 440 320 136 7.48417e-06 0 4.32099e-06 2.24525e-07 2.24525e-07 2.24525e-07 3.74208e-07 4.4905e-07 5.55216e-06
scan 440 320 137 0 0 0 0 0 0 0 0 0
scan 440 320 138 0 0 0 0 0 0 0 0 0
scan 440 320 139 0 0 0 0 0 0 0 0 0
scan 440 320 140 0 0 0 0 0 0 0 0 0
scan 440 320 141 4.98945e-06 0 3.52807e-06 1.49683e-07 1.49683e-07 1.49683e-07 2.49472e-07 2.99367e-07 3.70144e-06
scan 440 320 142 0 0 0 0 0 0 0 0 0
scan 440 320 143 2.49472e-06 0 2.49472e-06 7.48417e-08 7.48417e-08 7.48417e-08 1.24736e-07 1.49683e-07 1.85072e-06
scan 440 320 144 0 0 0 0 0 0 0 0 0
scan 440 320 145 0 0 0 0 0 0 0 0 0
scan 440 320 146 0 0 0 0 0 0 0 0 0
scan 440 320 147 0 0 0 0 0 0 0 0 0
scan 440 320 148 2.49472e-06 0 2.49472e-06 7.48417e-08 7.48417e-08 7.48417e-08 1.24736e-07 1.49683e-07 1.85072e-06
scan 440 320 149 2.49472e-06 0 2.49472e-06 7.48417e-08 7.48417e-08 7.48417e-08 1.24736e-07 1.49683e-07 1.85072e-06
scan 440 320 60 0 0 0 0 0 0 0 0 0
scan 440 320 61 0 0 0 0 0 0 0 0 0
scan 440 320 62 0 0 0 0 0 0 0 0 0
scan 440 320 63 0 0 0 0 0 0 0 0 0
scan 440 320 64 0 0 0 0 0 0 0 0 0
scan 440 320 65 0 0 0 0 0 0 0 0 0
scan 440 320 66 0 0 0 0 0 0 0 0 0
scan 440 320 67 0 0 0 0 0 0 0 0 0
scan 440 320 68 0 0 0 0 0 0 0 0 0
scan 440 320 69 0 0 0 0 0 0 0 0 0
scan 440 320 70 0 0 0 0 0 0 0 0 0
scan 440 320 71 0 0 0 0 0 0 0 0 0
scan 440 320 72 0 0 0 0 0 0 0 0 0
scan 440 320 73 0 0 0 0 0 0 0 0 0
scan 440 320 74 0 0 0 0 0 0 0 0 0
scan 440 320 165 0 0 0 0 0 0 0 0 0
scan 440 320 166 0 0 0 0 0 0 0 0 0
scan 440 320 167 0 0 0 0 0 0 0 0 0
scan 440 320 168 0 0 0 0 0 0 0 0 0
scan 440 320 169 0 0 0 0 0 0 0 0 0
scan 440 320 170 0 0 0 0 0 0 0 0 0
scan 440 320 171 0 0 0 0 0 0 0 0 0
scan 440 320 172 0 0 0 0 0 0 0 0 0
scan 440 320 173 0 0 0 0 0 0 0 0 0
scan 440 320 174 0 0 0 0 0 0 0 0 0
scan 440 320 175 0 0 0 0 0 0 0 0 0
scan 440 320 176 0 0 0 0 0 0 0 0 0
scan 440 320 177 0 0 0 0 0 0 0 0 0
scan 440 320 178 0 0 0 0 0 0 0 0 0
scan 440 320 179 0 0 0 0 0 0 0 0 0
