xsec 300 40 0.145923
scan 300 40 0 0.000116739 0 4.12733e-05 3.50216e-06 3.50216e-06 3.50216e-06 5.83693e-06 7.00432e-06 8.32152e-05
scan 300 40 1 2.91847e-05 0 2.06367e-05 8.7554e-07 8.7554e-07 8.7554e-07 1.45923e-06 1.75108e-06 2.08038e-05
scan 300 40 2 0.000102146 0 3.86077e-05 3.06439e-06 3.06439e-06 3.06439e-06 5.10732e-06 6.12878e-06 7.28133e-05
scan 300 40 3 5.83693e-05 0 2.91847e-05 1.75108e-06 1.75108e-06 1.75108e-06 2.91847e-06 3.50216e-06 4.16076e-05
scan 300 40 4 5.83693e-05 0 2.91847e-05 1.75108e-06 1.75108e-06 1.75108e-06 2.91847e-06 3.50216e-06 4.16076e-05
scan 300 40 5 1.45923e-05 0 1.45923e-05 4.3777e-07 4.3777e-07 4.3777e-07 7.29617e-07 8.7554e-07 1.04019e-05
scan 300 40 6 2.91847e-05 0 2.06367e-05 8.7554e-07 8.7554e-07 8.7554e-07 1.45923e-06 1.75108e-06 2.08038e-05
scan 300 40 7 5.83693e-05 0 2.91847e-05 1.75108e-06 1.75108e-06 1.75108e-06 2.91847e-06 3.50216e-06 4.16076e-05
scan 300 40 8 4.3777e-05 0 2.52747e-05 1.31331e-06 1.31331e-06 1.31331e-06 2.18885e-06 2.62662e-06 3.12057e-05
scan 300 40 9 0 0 0 0 0 0 0 0 0
scan 300 40 10 0 0 0 0 0 0 0 0 0
scan 300 40 11 0 0 0 0 0 0 0 0 0
scan 300 40 12 2.91847e-05 0 2.06367e-05 8.7554e-07 8.7554e-07 8.7554e-07 1.45923e-06 1.75108e-06 2.08038e-05
scan 300 40 13 4.3777e-05 0 2.52747e-05 1.31331e-06 1.31331e-06 1.31331e-06 2.18885e-06 2.62662e-06 3.12057e-05
scan 300 40 14 5.83693e-05 0 2.91847e-05 1.75108e-06 1.75108e-06 1.75108e-06 2.91847e-06 3.50216e-06 4.16076e-05
scan 300 40 15 0.000992279 0 0.000120331 2.97684e-05 2.97684e-05 2.97684e-05 4.96139e-05 5.95367e-05 0.000707329
scan 300 40 16 0.0015176 0 0.000148813 4.55281e-05 4.55281e-05 4.55281e-05 7.58801e-05 9.10561e-05 0.0010818
scan 300 40 17 0.00144464 0 0.000145192 4.33392e-05 4.33392e-05 4.33392e-05 7.2232e-05 8.66784e-05 0.00102979
scan 300 40 18 0.00100687 0 0.000121213 3.02061e-05 3.02061e-05 3.02061e-05 5.03435e-05 6.04123e-05 0.000717731
scan 300 40 19 0.000846355 0 0.000111132 2.53907e-05 2.53907e-05 2.53907e-05 4.23178e-05 5.07813e-05 0.00060331
scan 300 40 20 4.3777e-05 0 2.52747e-05 1.31331e-06 1.31331e-06 1.31331e-06 2.18885e-06 2.62662e-06 3.12057e-05
scan 300 40 21 0.00043777 0 7.99255e-05 1.31331e-05 1.31331e-05 1.31331e-05 2.18885e-05 2.62662e-05 0.000312057
scan 300 40 22 0.000569101 0 9.11291e-05 1.7073e-05 1.7073e-05 1.7073e-05 2.8455e-05 3.41461e-05 0.000405674
scan 300 40 23 0.000379401 0 7.44066e-05 1.1382e-05 1.1382e-05 1.1382e-05 1.897e-05 2.2764e-05 0.00027045
scan 300 40 24 0.000364808 0 7.29617e-05 1.09442e-05 1.09442e-05 1.09442e-05 1.82404e-05 2.18885e-05 0.000260048
scan 300 40 25 1.45923e-05 0 1.45923e-05 4.3777e-07 4.3777e-07 4.3777e-07 7.29617e-07 8.7554e-07 1.04019e-05
scan 300 40 26 0.000393993 0 7.5824e-05 1.18198e-05 1.18198e-05 1.18198e-05 1.96996e-05 2.36396e-05 0.000280851
scan 300 40 27 0.00105065 0 0.00012382 3.15194e-05 3.15194e-05 3.15194e-05 5.25324e-05 6.30389e-05 0.000748937
scan 300 40 28 0.00137168 0 0.000141478 4.11504e-05 4.11504e-05 4.11504e-05 6.8584e-05 8.23008e-05 0.000977779
scan 300 40 29 0.00160516 0 0.000153046 4.81547e-05 4.81547e-05 4.81547e-05 8.02578e-05 9.63094e-05 0.00114421
scan 300 40 30 2.91847e-05 0 2.06367e-05 8.7554e-07 8.7554e-07 8.7554e-07 1.45923e-06 1.75108e-06 2.08038e-05
scan 300 40 31 4.3777e-05 0 2.52747e-05 1.31331e-06 1.31331e-06 1.31331e-06 2.18885e-06 2.62662e-06 3.12057e-05
scan 300 40 32 1.45923e-05 0 1.45923e-05 4.3777e-07 4.3777e-07 4.3777e-07 7.29617e-07 8.7554e-07 1.04019e-05
scan 300 40 33 1.45923e-05 0 1.45923e-05 4.3777e-07 4.3777e-07 4.3777e-07 7.29617e-07 8.7554e-07 1.04019e-05
scan 300 40 34 1.45923e-05 0 1.45923e-05 4.3777e-07 4.3777e-07 4.3777e-07 7.29617e-07 8.7554e-07 1.04019e-05
scan 300 40 35 0 0 0 0 0 0 0 0 0
scan 300 40 36 0 0 0 0 0 0 0 0 0
scan 300 40 37 1.45923e-05 0 1.45923e-05 4.3777e-07 4.3777e-07 4.3777e-07 7.29617e-07 8.7554e-07 1.04019e-05
scan 300 40 38 1.45923e-05 0 1.45923e-05 4.3777e-07 4.3777e-07 4.3777e-07 7.29617e-07 8.7554e-07 1.04019e-05
scan 300 40 39 0 0 0 0 0 0 0 0 0
scan 300 40 40 0 0 0 0 0 0 0 0 0
scan 300 40 41 0 0 0 0 0 0 0 0 0
scan 300 40 42 4.3777e-05 0 2.52747e-05 1.31331e-06 1.31331e-06 1.31331e-06 2.18885e-06 2.62662e-06 3.12057e-05
scan 300 40 43 4.3777e-05 0 2.52747e-05 1.31331e-06 1.31331e-06 1.31331e-06 2.18885e-06 2.62662e-06 3.12057e-05
scan 300 40 44 4.3777e-05 0 2.52747e-05 1.31331e-06 1.31331e-06 1.31331e-06 2.18885e-06 2.62662e-06 3.12057e-05
scan 300 40 45 0 0 0 0 0 0 0 0 0
scan 300 40 46 2.91847e-05 0 2.06367e-05 8.7554e-07 8.7554e-07 8.7554e-07 1.45923e-06 1.75108e-06 2.08038e-05
scan 300 40 47 0 0 0 0 0 0 0 0 0
scan 300 40 48 0 0 0 0 0 0 0 0 0
scan 300 40 49 0 0 0 0 0 0 0 0 0
scan 300 40 50 0 0 0 0 0 0 0 0 0
scan 300 40 51 0 0 0 0 0 0 0 0 0
scan 300 40 52 0 0 0 0 0 0 0 0 0
scan 300 40 53 0 0 0 0 0 0 0 0 0
scan 300 40 54 0 0 0 0 0 0 0 0 0
scan 300 40 55 0 0 0 0 0 0 0 0 0
scan 300 40 56 1.45923e-05 0 1.45923e-05 4.3777e-07 4.3777e-07 4.3777e-07 7.29617e-07 8.7554e-07 1.04019e-05
scan 300 40 57 2.91847e-05 0 2.06367e-05 8.7554e-07 8.7554e-07 8.7554e-07 1.45923e-06 1.75108e-06 2.08038e-05
scan 300 40 58 0 0 0 0 0 0 0 0 0
scan 300 40 59 0 0 0 0 0 0 0 0 0
scan 300 40 60 0 0 0 0 0 0 0 0 0
scan 300 40 61 0 0 0 0 0 0 0 0 0
scan 300 40 62 0 0 0 0 0 0 0 0 0
scan 300 40 63 0 0 0 0 0 0 0 0 0
scan 300 40 64 0 0 0 0 0 0 0 0 0
scan 300 40 65 0 0 0 0 0 0 0 0 0
scan 300 40 66 0 0 0 0 0 0 0 0 0
scan 300 40 67 0 0 0 0 0 0 0 0 0
scan 300 40 68 0 0 0 0 0 0 0 0 0
scan 300 40 69 0 0 0 0 0 0 0 0 0
scan 300 40 70 0 0 0 0 0 0 0 0 0
scan 300 40 71 0 0 0 0 0 0 0 0 0
scan 300 40 72 0 0 0 0 0 0 0 0 0
scan 300 40 73 0 0 0 0 0 0 0 0 0
scan 300 40 74 0 0 0 0 0 0 0 0 0
scan 300 40 75 0 0 0 0 0 0 0 0 0
scan 300 40 76 0 0 0 0 0 0 0 0 0
scan 300 40 77 0 0 0 0 0 0 0 0 0
scan 300 40 78 0 0 0 0 0 0 0 0 0
scan 300 40 79 0 0 0 0 0 0 0 0 0
scan 300 40 80 0 0 0 0 0 0 0 0 0
scan 300 40 81 0 0 0 0 0 0 0 0 0
scan 300 40 82 0 0 0 0 0 0 0 0 0
scan 300 40 83 0 0 0 0 0 0 0 0 0
scan 300 40 84 0 0 0 0 0 0 0 0 0
scan 300 40 85 0 0 0 0 0 0 0 0 0
scan 300 40 86 0 0 0 0 0 0 0 0 0
scan 300 40 87 0 0 0 0 0 0 0 0 0
scan 300 40 88 0 0 0 0 0 0 0 0 0
scan 300 40 89 1.45923e-05 0 1.45923e-05 4.3777e-07 4.3777e-07 4.3777e-07 7.29617e-07 8.7554e-07 1.04019e-05
scan 300 40 90 0 0 0 0 0 0 0 0 0
scan 300 40 91 4.3777e-05 0 2.52747e-05 1.31331e-06 1.31331e-06 1.31331e-06 2.18885e-06 2.62662e-06 3.12057e-05
scan 300 40 92 0 0 0 0 0 0 0 0 0
scan 300 40 93 0 0 0 0 0 0 0 0 0
scan 300 40 94 0 0 0 0 0 0 0 0 0
scan 300 40 95 0 0 0 0 0 0 0 0 0
scan 300 40 96 2.91847e-05 0 2.06367e-05 8.7554e-07 8.7554e-07 8.7554e-07 1.45923e-06 1.75108e-06 2.08038e-05
scan 300 40 97 0 0 0 0 0 0 0 0 0
scan 300 40 98 1.45923e-05 0 1.45923e-05 4.3777e-07 4.3777e-07 4.3777e-07 7.29617e-07 8.7554e-07 1.04019e-05
scan 300 40 99 0 0 0 0 0 0 0 0 0
scan 300 40 100 0 0 0 0 0 0 0 0 0
scan 300 40 101 2.91847e-05 0 2.06367e-05 8.7554e-07 8.7554e-07 8.7554e-07 1.45923e-06 1.75108e-06 2.08038e-05
scan 300 40 102 4.3777e-05 0 2.52747e-05 1.31331e-06 1.31331e-06 1.31331e-06 2.18885e-06 2.62662e-06 3.12057e-05
scan 300 40 103 1.45923e-05 0 1.45923e-05 4.3777e-07 4.3777e-07 4.3777e-07 7.29617e-07 8.7554e-07 1.04019e-05
scan 300 40 104 2.91847e-05 0 2.06367e-05 8.7554e-07 8.7554e-07 8.7554e-07 1.45923e-06 1.75108e-06 2.08038e-05
scan 300 40 60 0 0 0 0 0 0 0 0 0
scan 300 40 61 0 0 0 0 0 0 0 0 0
scan 300 40 62 0 0 0 0 0 0 0 0 0
scan 300 40 63 0 0 0 0 0 0 0 0 0
scan 300 40 64 0 0 0 0 0 0 0 0 0
scan 300 40 65 0 0 0 0 0 0 0 0 0
scan 300 40 66 0 0 0 0 0 0 0 0 0
scan 300 40 67 0 0 0 0 0 0 0 0 0
scan 300 40 68 0 0 0 0 0 0 0 0 0
scan 300 40 69 0 0 0 0 0 0 0 0 0
scan 300 40 70 0 0 0 0 0 0 0 0 0
scan 300 40 71 0 0 0 0 0 0 0 0 0
scan 300 40 72 0 0 0 0 0 0 0 0 0
scan 300 40 73 0 0 0 0 0 0 0 0 0
scan 300 40 74 0 0 0 0 0 0 0 0 0
scan 300 40 120 0 0 0 0 0 0 0 0 0
scan 300 40 121 0 0 0 0 0 0 0 0 0
scan 300 40 122 0 0 0 0 0 0 0 0 0
scan 300 40 123 0 0 0 0 0 0 0 0 0
scan 300 40 124 0 0 0 0 0 0 0 0 0
scan 300 40 125 0 0 0 0 0 0 0 0 0
scan 300 40 126 0 0 0 0 0 0 0 0 0
scan 300 40 127 0 0 0 0 0 0 0 0 0
scan 300 40 128 0 0 0 0 0 0 0 0 0
scan 300 40 129 0 0 0 0 0 0 0 0 0
scan 300 40 130 0 0 0 0 0 0 0 0 0
scan 300 40 131 0 0 0 0 0 0 0 0 0
scan 300 40 132 1.45923e-05 0 1.45923e-05 4.3777e-07 4.3777e-07 4.3777e-07 7.29617e-07 8.7554e-07 1.04019e-05
scan 300 40 133 0 0 0 0 0 0 0 0 0
scan 300 40 134 0 0 0 0 0 0 0 0 0
scan 300 40 135 2.91847e-05 0 2.06367e-05 8.7554e-07 8.7554e-07 8.7554e-07 1.45923e-06 1.75108e-06 2.08038e-05
scan 300 40 136 4.3777e-05 0 2.52747e-05 1.31331e-06 1.31331e-06 1.31331e-06 2.18885e-06 2.62662e-06 3.12057e-05
scan 300 40 137 1.45923e-05 0 1.45923e-05 4.3777e-07 4.3777e-07 4.3777e-07 7.29617e-07 8.7554e-07 1.04019e-05
scan 300 40 138 0 0 0 0 0 0 0 0 0
scan 300 40 139 2.91847e-05 0 2.06367e-05 8.7554e-07 8.7554e-07 8.7554e-07 1.45923e-06 1.75108e-06 2.08038e-05
scan 300 40 140 0 0 0 0 0 0 0 0 0
scan 300 40 141 2.91847e-05 0 2.06367e-05 8.7554e-07 8.7554e-07 8.7554e-07 1.45923e-06 1.75108e-06 2.08038e-05
scan 300 40 142 0 0 0 0 0 0 0 0 0
scan 300 40 143 0 0 0 0 0 0 0 0 0
scan 300 40 144 0 0 0 0 0 0 0 0 0
scan 300 40 145 0 0 0 0 0 0 0 0 0
scan 300 40 146 0 0 0 0 0 0 0 0 0
scan 300 40 147 4.3777e-05 0 2.52747e-05 1.31331e-06 1.31331e-06 1.31331e-06 2.18885e-06 2.62662e-06 3.12057e-05
scan 300 40 148 7.29617e-05 0 3.26294e-05 2.18885e-06 2.18885e-06 2.18885e-06 3.64808e-06 4.3777e-06 5.20095e-05
scan 300 40 149 1.45923e-05 0 1.45923e-05 4.3777e-07 4.3777e-07 4.3777e-07 7.29617e-07 8.7554e-07 1.04019e-05
scan 300 40 60 0 0 0 0 0 0 0 0 0
scan 300 40 61 0 0 0 0 0 0 0 0 0
scan 300 40 62 0 0 0 0 0 0 0 0 0
scan 300 40 63 0 0 0 0 0 0 0 0 0
scan 300 40 64 0 0 0 0 0 0 0 0 0
scan 300 40 65 0 0 0 0 0 0 0 0 0
scan 300 40 66 0 0 0 0 0 0 0 0 0
scan 300 40 67 0 0 0 0 0 0 0 0 0
scan 300 40 68 0 0 0 0 0 0 0 0 0
scan 300 40 69 0 0 0 0 0 0 0 0 0
scan 300 40 70 0 0 0 0 0 0 0 0 0
scan 300 40 71 0 0 0 0 0 0 0 0 0
scan 300 40 72 0 0 0 0 0 0 0 0 0
scan 300 40 73 0 0 0 0 0 0 0 0 0
scan 300 40 74 0 0 0 0 0 0 0 0 0
scan 300 40 165 0 0 0 0 0 0 0 0 0
scan 300 40 166 0 0 0 0 0 0 0 0 0
scan 300 40 167 1.45923e-05 0 1.45923e-05 4.3777e-07 4.3777e-07 4.3777e-07 7.29617e-07 8.7554e-07 1.04019e-05
scan 300 40 168 0 0 0 0 0 0 0 0 0
scan 300 40 169 0 0 0 0 0 0 0 0 0
scan 300 40 170 0 0 0 0 0 0 0 0 0
scan 300 40 171 0 0 0 0 0 0 0 0 0
scan 300 40 172 0 0 0 0 0 0 0 0 0
scan 300 40 173 0 0 0 0 0 0 0 0 0
scan 300 40 174 0 0 0 0 0 0 0 0 0
scan 300 40 175 0 0 0 0 0 0 0 0 0
scan 300 40 176 0 0 0 0 0 0 0 0 0
scan 300 40 177 0 0 0 0 0 0 0 0 0
scan 300 40 178 0 0 0 0 0 0 0 0 0
scan 300 40 179 1.45923e-05 0 1.45923e-05 4.3777e-07 4.3777e-07 4.3777e-07 7.29617e-07 8.7554e-07 1.04019e-05
