xsec 410 170 0.0350132
scan 410 170 0 1.40081e-05 0 7.00405e-06 4.20243e-07 4.20243e-07 4.20243e-07 7.00405e-07 8.40485e-07 1.0324e-05
scan 410 170 1 1.40081e-05 0 7.00405e-06 4.20243e-07 4.20243e-07 4.20243e-07 7.00405e-07 8.40485e-07 1.0324e-05
scan 410 170 2 1.05061e-05 0 6.06568e-06 3.15182e-07 3.15182e-07 3.15182e-07 5.25303e-07 6.30364e-07 7.74297e-06
scan 410 170 3 3.50202e-06 0 3.50202e-06 1.05061e-07 1.05061e-07 1.05061e-07 1.75101e-07 2.10121e-07 2.58099e-06
scan 410 170 4 1.75101e-05 0 7.83076e-06 5.25303e-07 5.25303e-07 5.25303e-07 8.75506e-07 1.05061e-06 1.29049e-05
scan 410 170 5 0 0 0 0 0 0 0 0 0
scan 410 170 6 0 0 0 0 0 0 0 0 0
scan 410 170 7 7.00405e-06 0 4.95261e-06 2.10121e-07 2.10121e-07 2.10121e-07 3.50202e-07 4.20243e-07 5.16198e-06
scan 410 170 8 0 0 0 0 0 0 0 0 0
scan 410 170 9 0 0 0 0 0 0 0 0 0
scan 410 170 10 0 0 0 0 0 0 0 0 0
scan 410 170 11 7.00405e-06 0 4.95261e-06 2.10121e-07 2.10121e-07 2.10121e-07 3.50202e-07 4.20243e-07 5.16198e-06
scan 410 170 12 1.75101e-05 0 7.83076e-06 5.25303e-07 5.25303e-07 5.25303e-07 8.75506e-07 1.05061e-06 1.29049e-05
scan 410 170 13 1.75101e-05 0 7.83076e-06 5.25303e-07 5.25303e-07 5.25303e-07 8.75506e-07 1.05061e-06 1.29049e-05
scan 410 170 14 2.80162e-05 0 9.90522e-06 8.40485e-07 8.40485e-07 8.40485e-07 1.40081e-06 1.68097e-06 2.06479e-05
scan 410 170 15 0.000129575 0 2.1302e-05 3.88725e-06 3.88725e-06 3.88725e-06 6.47874e-06 7.77449e-06 9.54966e-05
scan 410 170 16 0.0003467 0 3.48447e-05 1.0401e-05 1.0401e-05 1.0401e-05 1.7335e-05 2.0802e-05 0.000255518
scan 410 170 17 0.000416741 0 3.82026e-05 1.25022e-05 1.25022e-05 1.25022e-05 2.0837e-05 2.50044e-05 0.000307138
scan 410 170 18 0.000231134 0 2.84506e-05 6.93401e-06 6.93401e-06 6.93401e-06 1.15567e-05 1.3868e-05 0.000170345
scan 410 170 19 0.000280162 0 3.1323e-05 8.40485e-06 8.40485e-06 8.40485e-06 1.40081e-05 1.68097e-05 0.000206479
scan 410 170 20 1.40081e-05 0 7.00405e-06 4.20243e-07 4.20243e-07 4.20243e-07 7.00405e-07 8.40485e-07 1.0324e-05
scan 410 170 21 8.05465e-05 0 1.67951e-05 2.4164e-06 2.4164e-06 2.4164e-06 4.02733e-06 4.83279e-06 5.93627e-05
scan 410 170 22 8.40485e-05 0 1.71563e-05 2.52146e-06 2.52146e-06 2.52146e-06 4.20243e-06 5.04291e-06 6.19437e-05
scan 410 170 23 0.000101559 0 1.8859e-05 3.04676e-06 3.04676e-06 3.04676e-06 5.07793e-06 6.09352e-06 7.48487e-05
scan 410 170 24 0.000122571 0 2.07182e-05 3.67712e-06 3.67712e-06 3.67712e-06 6.12854e-06 7.35425e-06 9.03346e-05
scan 410 170 25 7.00405e-06 0 4.95261e-06 2.10121e-07 2.10121e-07 2.10121e-07 3.50202e-07 4.20243e-07 5.16198e-06
scan 410 170 26 8.05465e-05 0 1.67951e-05 2.4164e-06 2.4164e-06 2.4164e-06 4.02733e-06 4.83279e-06 5.93627e-05
scan 410 170 27 0.000238138 0 2.88784e-05 7.14413e-06 7.14413e-06 7.14413e-06 1.19069e-05 1.42883e-05 0.000175507
scan 410 170 28 0.000350202 0 3.50202e-05 1.05061e-05 1.05061e-05 1.05061e-05 1.75101e-05 2.10121e-05 0.000258099
scan 410 170 29 0.00067589 0 4.86517e-05 2.02767e-05 2.02767e-05 2.02767e-05 3.37945e-05 4.05534e-05 0.000498131
scan 410 170 30 3.50202e-06 0 3.50202e-06 1.05061e-07 1.05061e-07 1.05061e-07 1.75101e-07 2.10121e-07 2.58099e-06
scan 410 170 31 1.75101e-05 0 7.83076e-06 5.25303e-07 5.25303e-07 5.25303e-07 8.75506e-07 1.05061e-06 1.29049e-05
scan 410 170 32 0 0 0 0 0 0 0 0 0
scan 410 170 33 7.00405e-06 0 4.95261e-06 2.10121e-07 2.10121e-07 2.10121e-07 3.50202e-07 4.20243e-07 5.16198e-06
scan 410 170 34 1.75101e-05 0 7.83076e-06 5.25303e-07 5.25303e-07 5.25303e-07 8.75506e-07 1.05061e-06 1.29049e-05
scan 410 170 35 0 0 0 0 0 0 0 0 0
scan 410 170 36 0 0 0 0 0 0 0 0 0
scan 410 170 37 0 0 0 0 0 0 0 0 0
scan 410 170 38 7.00405e-06 0 4.95261e-06 2.10121e-07 2.10121e-07 2.10121e-07 3.50202e-07 4.20243e-07 5.16198e-06
scan 410 170 39 0 0 0 0 0 0 0 0 0
scan 410 170 40 3.50202e-06 0 3.50202e-06 1.05061e-07 1.05061e-07 1.05061e-07 1.75101e-07 2.10121e-07 2.58099e-06
scan 410 170 41 0 0 0 0 0 0 0 0 0
scan 410 170 42 1.05061e-05 0 6.06568e-06 3.15182e-07 3.15182e-07 3.15182e-07 5.25303e-07 6.30364e-07 7.74297e-06
scan 410 170 43 2.10121e-05 0 8.57817e-06 6.30364e-07 6.30364e-07 6.30364e-07 1.05061e-06 1.26073e-06 1.54859e-05
scan 410 170 44 1.40081e-05 0 7.00405e-06 4.20243e-07 4.20243e-07 4.20243e-07 7.00405e-07 8.40485e-07 1.0324e-05
scan 410 170 45 0 0 0 0 0 0 0 0 0
scan 410 170 46 0 0 0 0 0 0 0 0 0
scan 410 170 47 0 0 0 0 0 0 0 0 0
scan 410 170 48 0 0 0 0 0 0 0 0 0
scan 410 170 49 0 0 0 0 0 0 0 0 0
scan 410 170 50 0 0 0 0 0 0 0 0 0
scan 410 170 51 0 0 0 0 0 0 0 0 0
scan 410 170 52 0 0 0 0 0 0 0 0 0
scan 410 170 53 0 0 0 0 0 0 0 0 0
scan 410 170 54 3.50202e-06 0 3.50202e-06 1.05061e-07 1.05061e-07 1.05061e-07 1.75101e-07 2.10121e-07 2.58099e-06
scan 410 170 55 0 0 0 0 0 0 0 0 0
scan 410 170 56 0 0 0 0 0 0 0 0 0
scan 410 170 57 3.50202e-06 0 3.50202e-06 1.05061e-07 1.05061e-07 1.05061e-07 1.75101e-07 2.10121e-07 2.58099e-06
scan 410 170 58 3.50202e-06 0 3.50202e-06 1.05061e-07 1.05061e-07 1.05061e-07 1.75101e-07 2.10121e-07 2.58099e-06
scan 410 170 59 0 0 0 0 0 0 0 0 0
scan 410 170 60 0 0 0 0 0 0 0 0 0
scan 410 170 61 0 0 0 0 0 0 0 0 0
scan 410 170 62 0 0 0 0 0 0 0 0 0
scan 410 170 63 0 0 0 0 0 0 0 0 0
scan 410 170 64 0 0 0 0 0 0 0 0 0
scan 410 170 65 0 0 0 0 0 0 0 0 0
scan 410 170 66 0 0 0 0 0 0 0 0 0
scan 410 170 67 0 0 0 0 0 0 0 0 0
scan 410 170 68 0 0 0 0 0 0 0 0 0
scan 410 170 69 0 0 0 0 0 0 0 0 0
scan 410 170 70 0 0 0 0 0 0 0 0 0
scan 410 170 71 0 0 0 0 0 0 0 0 0
scan 410 170 72 0 0 0 0 0 0 0 0 0
scan 410 170 73 0 0 0 0 0 0 0 0 0
scan 410 170 74 0 0 0 0 0 0 0 0 0
scan 410 170 75 3.50202e-06 0 3.50202e-06 1.05061e-07 1.05061e-07 1.05061e-07 1.75101e-07 2.10121e-07 2.58099e-06
scan 410 170 76 0 0 0 0 0 0 0 0 0
scan 410 170 77 0 0 0 0 0 0 0 0 0
scan 410 170 78 0 0 0 0 0 0 0 0 0
scan 410 170 79 0 0 0 0 0 0 0 0 0
scan 410 170 80 0 0 0 0 0 0 0 0 0
scan 410 170 81 3.50202e-06 0 3.50202e-06 1.05061e-07 1.05061e-07 1.05061e-07 1.75101e-07 2.10121e-07 2.58099e-06
scan 410 170 82 0 0 0 0 0 0 0 0 0
scan 410 170 83 0 0 0 0 0 0 0 0 0
scan 410 170 84 0 0 0 0 0 0 0 0 0
scan 410 170 85 0 0 0 0 0 0 0 0 0
scan 410 170 86 0 0 0 0 0 0 0 0 0
scan 410 170 87 3.50202e-06 0 3.50202e-06 1.05061e-07 1.05061e-07 1.05061e-07 1.75101e-07 2.10121e-07 2.58099e-06
scan 410 170 88 3.50202e-06 0 3.50202e-06 1.05061e-07 1.05061e-07 1.05061e-07 1.75101e-07 2.10121e-07 2.58099e-06
scan 410 170 89 0 0 0 0 0 0 0 0 0
scan 410 170 90 1.75101e-05 0 7.83076e-06 5.25303e-07 5.25303e-07 5.25303e-07 8.75506e-07 1.05061e-06 1.29049e-05
scan 410 170 91 7.00405e-06 0 4.95261e-06 2.10121e-07 2.10121e-07 2.10121e-07 3.50202e-07 4.20243e-07 5.16198e-06
scan 410 170 92 1.05061e-05 0 6.06568e-06 3.15182e-07 3.15182e-07 3.15182e-07 5.25303e-07 6.30364e-07 7.74297e-06
scan 410 170 93 0 0 0 0 0 0 0 0 0
scan 410 170 94 3.50202e-06 0 3.50202e-06 1.05061e-07 1.05061e-07 1.05061e-07 1.75101e-07 2.10121e-07 2.58099e-06
scan 410 170 95 0 0 0 0 0 0 0 0 0
scan 410 170 96 3.50202e-06 0 3.50202e-06 1.05061e-07 1.05061e-07 1.05061e-07 1.75101e-07 2.10121e-07 2.58099e-06
scan 410 170 97 3.50202e-06 0 3.50202e-06 1.05061e-07 1.05061e-07 1.05061e-07 1.75101e-07 2.10121e-07 2.58099e-06
scan 410 170 98 0 0 0 0 0 0 0 0 0
scan 410 170 99 0 0 0 0 0 0 0 0 0
scan 410 170 100 0 0 0 0 0 0 0 0 0
scan 410 170 101 1.75101e-05 0 7.83076e-06 5.25303e-07 5.25303e-07 5.25303e-07 8.75506e-07 1.05061e-06 1.29049e-05
scan 410 170 102 1.05061e-05 0 6.06568e-06 3.15182e-07 3.15182e-07 3.15182e-07 5.25303e-07 6.30364e-07 7.74297e-06
scan 410 170 103 7.00405e-06 0 4.95261e-06 2.10121e-07 2.10121e-07 2.10121e-07 3.50202e-07 4.20243e-07 5.16198e-06
scan 410 170 104 1.05061e-05 0 6.06568e-06 3.15182e-07 3.15182e-07 3.15182e-07 5.25303e-07 6.30364e-07 7.74297e-06
scan 410 170 60 0 0 0 0 0 0 0 0 0
scan 410 170 61 0 0 0 0 0 0 0 0 0
scan 410 170 62 0 0 0 0 0 0 0 0 0
scan 410 170 63 0 0 0 0 0 0 0 0 0
scan 410 170 64 0 0 0 0 0 0 0 0 0
scan 410 170 65 0 0 0 0 0 0 0 0 0
scan 410 170 66 0 0 0 0 0 0 0 0 0
scan 410 170 67 0 0 0 0 0 0 0 0 0
scan 410 170 68 0 0 0 0 0 0 0 0 0
scan 410 170 69 0 0 0 0 0 0 0 0 0
scan 410 170 70 0 0 0 0 0 0 0 0 0
scan 410 170 71 0 0 0 0 0 0 0 0 0
scan 410 170 72 0 0 0 0 0 0 0 0 0
scan 410 170 73 0 0 0 0 0 0 0 0 0
scan 410 170 74 0 0 0 0 0 0 0 0 0
scan 410 170 120 0 0 0 0 0 0 0 0 0
scan 410 170 121 0 0 0 0 0 0 0 0 0
scan 410 170 122 0 0 0 0 0 0 0 0 0
scan 410 170 123 0 0 0 0 0 0 0 0 0
scan 410 170 124 0 0 0 0 0 0 0 0 0
scan 410 170 125 0 0 0 0 0 0 0 0 0
scan 410 170 126 0 0 0 0 0 0 0 0 0
scan 410 170 127 0 0 0 0 0 0 0 0 0
scan 410 170 128 0 0 0 0 0 0 0 0 0
scan 410 170 129 0 0 0 0 0 0 0 0 0
scan 410 170 130 0 0 0 0 0 0 0 0 0
scan 410 170 131 0 0 0 0 0 0 0 0 0
scan 410 170 132 0 0 0 0 0 0 0 0 0
scan 410 170 133 0 0 0 0 0 0 0 0 0
scan 410 170 134 0 0 0 0 0 0 0 0 0
scan 410 170 135 3.50202e-06 0 3.50202e-06 1.05061e-07 1.05061e-07 1.05061e-07 1.75101e-07 2.10121e-07 2.58099e-06
scan 410 170 136 3.50202e-06 0 3.50202e-06 1.05061e-07 1.05061e-07 1.05061e-07 1.75101e-07 2.10121e-07 2.58099e-06
scan 410 170 137 1.05061e-05 0 6.06568e-06 3.15182e-07 3.15182e-07 3.15182e-07 5.25303e-07 6.30364e-07 7.74297e-06
scan 410 170 138 7.00405e-06 0 4.95261e-06 2.10121e-07 2.10121e-07 2.10121e-07 3.50202e-07 4.20243e-07 5.16198e-06
scan 410 170 139 0 0 0 0 0 0 0 0 0
scan 410 170 140 0 0 0 0 0 0 0 0 0
scan 410 170 141 0 0 0 0 0 0 0 0 0
scan 410 170 142 0 0 0 0 0 0 0 0 0
scan 410 170 143 0 0 0 0 0 0 0 0 0
scan 410 170 144 0 0 0 0 0 0 0 0 0
scan 410 170 145 0 0 0 0 0 0 0 0 0
scan 410 170 146 0 0 0 0 0 0 0 0 0
scan 410 170 147 1.05061e-05 0 6.06568e-06 3.15182e-07 3.15182e-07 3.15182e-07 5.25303e-07 6.30364e-07 7.74297e-06
scan 410 170 148 3.50202e-06 0 3.50202e-06 1.05061e-07 1.05061e-07 1.05061e-07 1.75101e-07 2.10121e-07 2.58099e-06
scan 410 170 149 3.50202e-06 0 3.50202e-06 1.05061e-07 1.05061e-07 1.05061e-07 1.75101e-07 2.10121e-07 2.58099e-06
scan 410 170 60 0 0 0 0 0 0 0 0 0
scan 410 170 61 0 0 0 0 0 0 0 0 0
scan 410 170 62 0 0 0 0 0 0 0 0 0
scan 410 170 63 0 0 0 0 0 0 0 0 0
scan 410 170 64 0 0 0 0 0 0 0 0 0
scan 410 170 65 0 0 0 0 0 0 0 0 0
scan 410 170 66 0 0 0 0 0 0 0 0 0
scan 410 170 67 0 0 0 0 0 0 0 0 0
scan 410 170 68 0 0 0 0 0 0 0 0 0
scan 410 170 69 0 0 0 0 0 0 0 0 0
scan 410 170 70 0 0 0 0 0 0 0 0 0
scan 410 170 71 0 0 0 0 0 0 0 0 0
scan 410 170 72 0 0 0 0 0 0 0 0 0
scan 410 170 73 0 0 0 0 0 0 0 0 0
scan 410 170 74 0 0 0 0 0 0 0 0 0
scan 410 170 165 0 0 0 0 0 0 0 0 0
scan 410 170 166 0 0 0 0 0 0 0 0 0
scan 410 170 167 3.50202e-06 0 3.50202e-06 1.05061e-07 1.05061e-07 1.05061e-07 1.75101e-07 2.10121e-07 2.58099e-06
scan 410 170 168 0 0 0 0 0 0 0 0 0
scan 410 170 169 0 0 0 0 0 0 0 0 0
scan 410 170 170 0 0 0 0 0 0 0 0 0
scan 410 170 171 0 0 0 0 0 0 0 0 0
scan 410 170 172 0 0 0 0 0 0 0 0 0
scan 410 170 173 0 0 0 0 0 0 0 0 0
scan 410 170 174 0 0 0 0 0 0 0 0 0
scan 410 170 175 0 0 0 0 0 0 0 0 0
scan 410 170 176 0 0 0 0 0 0 0 0 0
scan 410 170 177 0 0 0 0 0 0 0 0 0
scan 410 170 178 0 0 0 0 0 0 0 0 0
scan 410 170 179 0 0 0 0 0 0 0 0 0
