xsec 440 190 0.0249422
scan 440 190 0 9.9769e-06 0 4.98845e-06 2.99307e-07 2.99307e-07 2.99307e-07 4.98845e-07 5.98614e-07 7.4014e-06
scan 440 190 1 2.49422e-06 0 2.49422e-06 7.48267e-08 7.48267e-08 7.48267e-08 1.24711e-07 1.49653e-07 1.85035e-06
scan 440 190 2 1.74596e-05 0 6.5991e-06 5.23787e-07 5.23787e-07 5.23787e-07 8.72979e-07 1.04757e-06 1.29524e-05
scan 440 190 3 4.98845e-06 0 3.52737e-06 1.49653e-07 1.49653e-07 1.49653e-07 2.49422e-07 2.99307e-07 3.7007e-06
scan 440 190 4 4.98845e-06 0 3.52737e-06 1.49653e-07 1.49653e-07 1.49653e-07 2.49422e-07 2.99307e-07 3.7007e-06
scan 440 190 5 0 0 0 0 0 0 0 0 0
scan 440 190 6 2.49422e-06 0 2.49422e-06 7.48267e-08 7.48267e-08 7.48267e-08 1.24711e-07 1.49653e-07 1.85035e-06
scan 440 190 7 0 0 0 0 0 0 0 0 0
scan 440 190 8 4.98845e-06 0 3.52737e-06 1.49653e-07 1.49653e-07 1.49653e-07 2.49422e-07 2.99307e-07 3.7007e-06
scan 440 190 9 7.48267e-06 0 4.32012e-06 2.2448e-07 2.2448e-07 2.2448e-07 3.74134e-07 4.4896e-07 5.55105e-06
scan 440 190 10 0 0 0 0 0 0 0 0 0
scan 440 190 11 4.98845e-06 0 3.52737e-06 1.49653e-07 1.49653e-07 1.49653e-07 2.49422e-07 2.99307e-07 3.7007e-06
scan 440 190 12 9.9769e-06 0 4.98845e-06 2.99307e-07 2.99307e-07 2.99307e-07 4.98845e-07 5.98614e-07 7.4014e-06
scan 440 190 13 1.49653e-05 0 6.10958e-06 4.4896e-07 4.4896e-07 4.4896e-07 7.48267e-07 8.97921e-07 1.11021e-05
scan 440 190 14 3.24249e-05 0 8.99305e-06 9.72747e-07 9.72747e-07 9.72747e-07 1.62125e-06 1.94549e-06 2.40545e-05
scan 440 190 15 9.22863e-05 0 1.51718e-05 2.76859e-06 2.76859e-06 2.76859e-06 4.61432e-06 5.53718e-06 6.84629e-05
scan 440 190 16 0.000189561 0 2.17441e-05 5.68683e-06 5.68683e-06 5.68683e-06 9.47805e-06 1.13737e-05 0.000140627
scan 440 190 17 0.000184573 0 2.14561e-05 5.53718e-06 5.53718e-06 5.53718e-06 9.22863e-06 1.10744e-05 0.000136926
scan 440 190 18 0.000144665 0 1.89954e-05 4.33995e-06 4.33995e-06 4.33995e-06 7.23325e-06 8.6799e-06 0.00010732
scan 440 190 19 0.000249422 0 2.49422e-05 7.48267e-06 7.48267e-06 7.48267e-06 1.24711e-05 1.49653e-05 0.000185035
scan 440 190 20 1.24711e-05 0 5.57726e-06 3.74134e-07 3.74134e-07 3.74134e-07 6.23556e-07 7.48267e-07 9.25175e-06
scan 440 190 21 4.73903e-05 0 1.08721e-05 1.42171e-06 1.42171e-06 1.42171e-06 2.36951e-06 2.84342e-06 3.51566e-05
scan 440 190 22 0.000124711 0 1.76368e-05 3.74134e-06 3.74134e-06 3.74134e-06 6.23556e-06 7.48267e-06 9.25175e-05
scan 440 190 23 3.99076e-05 0 9.9769e-06 1.19723e-06 1.19723e-06 1.19723e-06 1.99538e-06 2.39446e-06 2.96056e-05
scan 440 190 24 8.48036e-05 0 1.45437e-05 2.54411e-06 2.54411e-06 2.54411e-06 4.24018e-06 5.08822e-06 6.29119e-05
scan 440 190 25 4.98845e-06 0 3.52737e-06 1.49653e-07 1.49653e-07 1.49653e-07 2.49422e-07 2.99307e-07 3.7007e-06
scan 440 190 26 4.98845e-05 0 1.11545e-05 1.49653e-06 1.49653e-06 1.49653e-06 2.49422e-06 2.99307e-06 3.7007e-05
scan 440 190 27 0.000172101 0 2.07186e-05 5.16304e-06 5.16304e-06 5.16304e-06 8.60507e-06 1.03261e-05 0.000127674
scan 440 190 28 0.000274365 0 2.61596e-05 8.23094e-06 8.23094e-06 8.23094e-06 1.37182e-05 1.64619e-05 0.000203538
scan 440 190 29 0.000503833 0 3.54496e-05 1.5115e-05 1.5115e-05 1.5115e-05 2.51917e-05 3.023e-05 0.000373771
scan 440 190 30 0 0 0 0 0 0 0 0 0
scan 440 190 31 9.9769e-06 0 4.98845e-06 2.99307e-07 2.99307e-07 2.99307e-07 4.98845e-07 5.98614e-07 7.4014e-06
scan 440 190 32 4.98845e-06 0 3.52737e-06 1.49653e-07 1.49653e-07 1.49653e-07 2.49422e-07 2.99307e-07 3.7007e-06
scan 440 190 33 4.98845e-06 0 3.52737e-06 1.49653e-07 1.49653e-07 1.49653e-07 2.49422e-07 2.99307e-07 3.7007e-06
scan 440 190 34 1.24711e-05 0 5.57726e-06 3.74134e-07 3.74134e-07 3.74134e-07 6.23556e-07 7.48267e-07 9.25175e-06
scan 440 190 35 0 0 0 0 0 0 0 0 0
scan 440 190 36 2.49422e-06 0 2.49422e-06 7.48267e-08 7.48267e-08 7.48267e-08 1.24711e-07 1.49653e-07 1.85035e-06
scan 440 190 37 0 0 0 0 0 0 0 0 0
scan 440 190 38 2.49422e-06 0 2.49422e-06 7.48267e-08 7.48267e-08 7.48267e-08 1.24711e-07 1.49653e-07 1.85035e-06
scan 440 190 39 0 0 0 0 0 0 0 0 0
scan 440 190 40 0 0 0 0 0 0 0 0 0
scan 440 190 41 0 0 0 0 0 0 0 0 0
scan 440 190 42 7.48267e-06 0 4.32012e-06 2.2448e-07 2.2448e-07 2.2448e-07 3.74134e-07 4.4896e-07 5.55105e-06
scan 440 190 43 7.48267e-06 0 4.32012e-06 2.2448e-07 2.2448e-07 2.2448e-07 3.74134e-07 4.4896e-07 5.55105e-06
scan 440 190 44 2.49422e-05 0 7.88743e-06 7.48267e-07 7.48267e-07 7.48267e-07 1.24711e-06 1.49653e-06 1.85035e-05
scan 440 190 45 2.49422e-06 0 2.49422e-06 7.48267e-08 7.48267e-08 7.48267e-08 1.24711e-07 1.49653e-07 1.85035e-06
scan 440 190 46 0 0 0 0 0 0 0 0 0
scan 440 190 47 2.49422e-06 0 2.49422e-06 7.48267e-08 7.48267e-08 7.48267e-08 1.24711e-07 1.49653e-07 1.85035e-06
scan 440 190 48 0 0 0 0 0 0 0 0 0
scan 440 190 49 0 0 0 0 0 0 0 0 0
scan 440 190 50 0 0 0 0 0 0 0 0 0
scan 440 190 51 0 0 0 0 0 0 0 0 0
scan 440 190 52 0 0 0 0 0 0 0 0 0
scan 440 190 53 0 0 0 0 0 0 0 0 0
scan 440 190 54 0 0 0 0 0 0 0 0 0
scan 440 190 55 0 0 0 0 0 0 0 0 0
scan 440 190 56 0 0 0 0 0 0 0 0 0
scan 440 190 57 0 0 0 0 0 0 0 0 0
scan 440 190 58 2.49422e-06 0 2.49422e-06 7.48267e-08 7.48267e-08 7.48267e-08 1.24711e-07 1.49653e-07 1.85035e-06
scan 440 190 59 0 0 0 0 0 0 0 0 0
scan 440 190 60 0 0 0 0 0 0 0 0 0
scan 440 190 61 0 0 0 0 0 0 0 0 0
scan 440 190 62 0 0 0 0 0 0 0 0 0
scan 440 190 63 0 0 0 0 0 0 0 0 0
scan 440 190 64 0 0 0 0 0 0 0 0 0
scan 440 190 65 0 0 0 0 0 0 0 0 0
scan 440 190 66 0 0 0 0 0 0 0 0 0
scan 440 190 67 0 0 0 0 0 0 0 0 0
scan 440 190 68 0 0 0 0 0 0 0 0 0
scan 440 190 69 0 0 0 0 0 0 0 0 0
scan 440 190 70 0 0 0 0 0 0 0 0 0
scan 440 190 71 0 0 0 0 0 0 0 0 0
scan 440 190 72 0 0 0 0 0 0 0 0 0
scan 440 190 73 0 0 0 0 0 0 0 0 0
scan 440 190 74 0 0 0 0 0 0 0 0 0
scan 440 190 75 0 0 0 0 0 0 0 0 0
scan 440 190 76 0 0 0 0 0 0 0 0 0
scan 440 190 77 0 0 0 0 0 0 0 0 0
scan 440 190 78 0 0 0 0 0 0 0 0 0
scan 440 190 79 0 0 0 0 0 0 0 0 0
scan 440 190 80 0 0 0 0 0 0 0 0 0
scan 440 190 81 0 0 0 0 0 0 0 0 0
scan 440 190 82 0 0 0 0 0 0 0 0 0
scan 440 190 83 0 0 0 0 0 0 0 0 0
scan 440 190 84 0 0 0 0 0 0 0 0 0
scan 440 190 85 0 0 0 0 0 0 0 0 0
scan 440 190 86 0 0 0 0 0 0 0 0 0
scan 440 190 87 2.49422e-06 0 2.49422e-06 7.48267e-08 7.48267e-08 7.48267e-08 1.24711e-07 1.49653e-07 1.85035e-06
scan 440 190 88 0 0 0 0 0 0 0 0 0
scan 440 190 89 0 0 0 0 0 0 0 0 0
scan 440 190 90 7.48267e-06 0 4.32012e-06 2.2448e-07 2.2448e-07 2.2448e-07 3.74134e-07 4.4896e-07 5.55105e-06
scan 440 190 91 1.49653e-05 0 6.10958e-06 4.4896e-07 4.4896e-07 4.4896e-07 7.48267e-07 8.97921e-07 1.11021e-05
scan 440 190 92 4.98845e-06 0 3.52737e-06 1.49653e-07 1.49653e-07 1.49653e-07 2.49422e-07 2.99307e-07 3.7007e-06
scan 440 190 93 0 0 0 0 0 0 0 0 0
scan 440 190 94 0 0 0 0 0 0 0 0 0
scan 440 190 95 0 0 0 0 0 0 0 0 0
scan 440 190 96 2.49422e-06 0 2.49422e-06 7.48267e-08 7.48267e-08 7.48267e-08 1.24711e-07 1.49653e-07 1.85035e-06
scan 440 190 97 2.49422e-06 0 2.49422e-06 7.48267e-08 7.48267e-08 7.48267e-08 1.24711e-07 1.49653e-07 1.85035e-06
scan 440 190 98 0 0 0 0 0 0 0 0 0
scan 440 190 99 0 0 0 0 0 0 0 0 0
scan 440 190 100 0 0 0 0 0 0 0 0 0
scan 440 190 101 2.49422e-06 0 2.49422e-06 7.48267e-08 7.48267e-08 7.48267e-08 1.24711e-07 1.49653e-07 1.85035e-06
scan 440 190 102 1.74596e-05 0 6.5991e-06 5.23787e-07 5.23787e-07 5.23787e-07 8.72979e-07 1.04757e-06 1.29524e-05
scan 440 190 103 4.98845e-06 0 3.52737e-06 1.49653e-07 1.49653e-07 1.49653e-07 2.49422e-07 2.99307e-07 3.7007e-06
scan 440 190 104 7.48267e-06 0 4.32012e-06 2.2448e-07 2.2448e-07 2.2448e-07 3.74134e-07 4.4896e-07 5.55105e-06
scan 440 190 60 0 0 0 0 0 0 0 0 0
scan 440 190 61 0 0 0 0 0 0 0 0 0
scan 440 190 62 0 0 0 0 0 0 0 0 0
scan 440 190 63 0 0 0 0 0 0 0 0 0
scan 440 190 64 0 0 0 0 0 0 0 0 0
scan 440 190 65 0 0 0 0 0 0 0 0 0
scan 440 190 66 0 0 0 0 0 0 0 0 0
scan 440 190 67 0 0 0 0 0 0 0 0 0
scan 440 190 68 0 0 0 0 0 0 0 0 0
scan 440 190 69 0 0 0 0 0 0 0 0 0
scan 440 190 70 0 0 0 0 0 0 0 0 0
scan 440 190 71 0 0 0 0 0 0 0 0 0
scan 440 190 72 0 0 0 0 0 0 0 0 0
scan 440 190 73 0 0 0 0 0 0 0 0 0
scan 440 190 74 0 0 0 0 0 0 0 0 0
scan 440 190 120 0 0 0 0 0 0 0 0 0
scan 440 190 121 0 0 0 0 0 0 0 0 0
scan 440 190 122 2.49422e-06 0 2.49422e-06 7.48267e-08 7.48267e-08 7.48267e-08 1.24711e-07 1.49653e-07 1.85035e-06
scan 440 190 123 0 0 0 0 0 0 0 0 0
scan 440 190 124 0 0 0 0 0 0 0 0 0
scan 440 190 125 0 0 0 0 0 0 0 0 0
scan 440 190 126 0 0 0 0 0 0 0 0 0
scan 440 190 127 0 0 0 0 0 0 0 0 0
scan 440 190 128 0 0 0 0 0 0 0 0 0
scan 440 190 129 0 0 0 0 0 0 0 0 0
scan 440 190 130 0 0 0 0 0 0 0 0 0
scan 440 190 131 0 0 0 0 0 0 0 0 0
scan 440 190 132 0 0 0 0 0 0 0 0 0
scan 440 190 133 0 0 0 0 0 0 0 0 0
scan 440 190 134 0 0 0 0 0 0 0 0 0
scan 440 190 135 4.98845e-06 0 3.52737e-06 1.49653e-07 1.49653e-07 1.49653e-07 2.49422e-07 2.99307e-07 3.7007e-06
scan 440 190 136 7.48267e-06 0 4.32012e-06 2.2448e-07 2.2448e-07 2.2448e-07 3.74134e-07 4.4896e-07 5.55105e-06
scan 440 190 137 2.49422e-06 0 2.49422e-06 7.48267e-08 7.48267e-08 7.48267e-08 1.24711e-07 1.49653e-07 1.85035e-06
scan 440 190 138 0 0 0 0 0 0 0 0 0
scan 440 190 139 2.49422e-06 0 2.49422e-06 7.48267e-08 7.48267e-08 7.48267e-08 1.24711e-07 1.49653e-07 1.85035e-06
scan 440 190 140 0 0 0 0 0 0 0 0 0
scan 440 190 141 0 0 0 0 0 0 0 0 0
scan 440 190 142 0 0 0 0 0 0 0 0 0
scan 440 190 143 0 0 0 0 0 0 0 0 0
scan 440 190 144 0 0 0 0 0 0 0 0 0
scan 440 190 145 0 0 0 0 0 0 0 0 0
scan 440 190 146 0 0 0 0 0 0 0 0 0
scan 440 190 147 0 0 0 0 0 0 0 0 0
scan 440 190 148 4.98845e-06 0 3.52737e-06 1.49653e-07 1.49653e-07 1.49653e-07 2.49422e-07 2.99307e-07 3.7007e-06
scan 440 190 149 2.49422e-06 0 2.49422e-06 7.48267e-08 7.48267e-08 7.48267e-08 1.24711e-07 1.49653e-07 1.85035e-06
scan 440 190 60 0 0 0 0 0 0 0 0 0
scan 440 190 61 0 0 0 0 0 0 0 0 0
scan 440 190 62 0 0 0 0 0 0 0 0 0
scan 440 190 63 0 0 0 0 0 0 0 0 0
scan 440 190 64 0 0 0 0 0 0 0 0 0
scan 440 190 65 0 0 0 0 0 0 0 0 0
scan 440 190 66 0 0 0 0 0 0 0 0 0
scan 440 190 67 0 0 0 0 0 0 0 0 0
scan 440 190 68 0 0 0 0 0 0 0 0 0
scan 440 190 69 0 0 0 0 0 0 0 0 0
scan 440 190 70 0 0 0 0 0 0 0 0 0
scan 440 190 71 0 0 0 0 0 0 0 0 0
scan 440 190 72 0 0 0 0 0 0 0 0 0
scan 440 190 73 0 0 0 0 0 0 0 0 0
scan 440 190 74 0 0 0 0 0 0 0 0 0
scan 440 190 165 0 0 0 0 0 0 0 0 0
scan 440 190 166 0 0 0 0 0 0 0 0 0
scan 440 190 167 0 0 0 0 0 0 0 0 0
scan 440 190 168 0 0 0 0 0 0 0 0 0
scan 440 190 169 0 0 0 0 0 0 0 0 0
scan 440 190 170 0 0 0 0 0 0 0 0 0
scan 440 190 171 0 0 0 0 0 0 0 0 0
scan 440 190 172 0 0 0 0 0 0 0 0 0
scan 440 190 173 0 0 0 0 0 0 0 0 0
scan 440 190 174 0 0 0 0 0 0 0 0 0
scan 440 190 175 0 0 0 0 0 0 0 0 0
scan 440 190 176 0 0 0 0 0 0 0 0 0
scan 440 190 177 0 0 0 0 0 0 0 0 0
scan 440 190 178 0 0 0 0 0 0 0 0 0
scan 440 190 179 0 0 0 0 0 0 0 0 0
