xsec 330 110 0.0956128
scan 330 110 0 4.78112e-05 0 2.13818e-05 1.43434e-06 1.43434e-06 1.43434e-06 2.39056e-06 2.86867e-06 3.44101e-05
scan 330 110 1 4.78112e-05 0 2.13818e-05 1.43434e-06 1.43434e-06 1.43434e-06 2.39056e-06 2.86867e-06 3.44101e-05
scan 330 110 2 4.78112e-05 0 2.13818e-05 1.43434e-06 1.43434e-06 1.43434e-06 2.39056e-06 2.86867e-06 3.44101e-05
scan 330 110 3 2.86867e-05 0 1.65623e-05 8.60602e-07 8.60602e-07 8.60602e-07 1.43434e-06 1.7212e-06 2.06461e-05
scan 330 110 4 9.56224e-06 0 9.56224e-06 2.86867e-07 2.86867e-07 2.86867e-07 4.78112e-07 5.73734e-07 6.88202e-06
scan 330 110 5 0 0 0 0 0 0 0 0 0
scan 330 110 6 0 0 0 0 0 0 0 0 0
scan 330 110 7 0 0 0 0 0 0 0 0 0
scan 330 110 8 1.91245e-05 0 1.3523e-05 5.73734e-07 5.73734e-07 5.73734e-07 9.56224e-07 1.14747e-06 1.3764e-05
scan 330 110 9 0 0 0 0 0 0 0 0 0
scan 330 110 10 0 0 0 0 0 0 0 0 0
scan 330 110 11 9.56224e-06 0 9.56224e-06 2.86867e-07 2.86867e-07 2.86867e-07 4.78112e-07 5.73734e-07 6.88202e-06
scan 330 110 12 3.8249e-05 0 1.91245e-05 1.14747e-06 1.14747e-06 1.14747e-06 1.91245e-06 2.29494e-06 2.75281e-05
scan 330 110 13 1.91245e-05 0 1.3523e-05 5.73734e-07 5.73734e-07 5.73734e-07 9.56224e-07 1.14747e-06 1.3764e-05
scan 330 110 14 6.69357e-05 0 2.52993e-05 2.00807e-06 2.00807e-06 2.00807e-06 3.34678e-06 4.01614e-06 4.81741e-05
scan 330 110 15 0.000602421 0 7.58979e-05 1.80726e-05 1.80726e-05 1.80726e-05 3.01211e-05 3.61453e-05 0.000433567
scan 330 110 16 0.00120484 0 0.000107336 3.61453e-05 3.61453e-05 3.61453e-05 6.02421e-05 7.22905e-05 0.000867135
scan 330 110 17 0.000956224 0 9.56224e-05 2.86867e-05 2.86867e-05 2.86867e-05 4.78112e-05 5.73734e-05 0.000688202
scan 330 110 18 0.000583297 0 7.46835e-05 1.74989e-05 1.74989e-05 1.74989e-05 2.91648e-05 3.49978e-05 0.000419803
scan 330 110 19 0.000717168 0 8.28114e-05 2.1515e-05 2.1515e-05 2.1515e-05 3.58584e-05 4.30301e-05 0.000516152
scan 330 110 20 3.8249e-05 0 1.91245e-05 1.14747e-06 1.14747e-06 1.14747e-06 1.91245e-06 2.29494e-06 2.75281e-05
scan 330 110 21 0.000344241 0 5.73734e-05 1.03272e-05 1.03272e-05 1.03272e-05 1.7212e-05 2.06544e-05 0.000247753
scan 330 110 22 0.000411176 0 6.27038e-05 1.23353e-05 1.23353e-05 1.23353e-05 2.05588e-05 2.46706e-05 0.000295927
scan 330 110 23 0.00017212 0 4.05691e-05 5.16361e-06 5.16361e-06 5.16361e-06 8.60602e-06 1.03272e-05 0.000123876
scan 330 110 24 0.000124309 0 3.44771e-05 3.72927e-06 3.72927e-06 3.72927e-06 6.21546e-06 7.45855e-06 8.94663e-05
scan 330 110 25 9.56224e-06 0 9.56224e-06 2.86867e-07 2.86867e-07 2.86867e-07 4.78112e-07 5.73734e-07 6.88202e-06
scan 330 110 26 0.000296429 0 5.32403e-05 8.89288e-06 8.89288e-06 8.89288e-06 1.48215e-05 1.77858e-05 0.000213343
scan 330 110 27 0.00081279 0 8.81595e-05 2.43837e-05 2.43837e-05 2.43837e-05 4.06395e-05 4.87674e-05 0.000584972
scan 330 110 28 0.000994473 0 9.75161e-05 2.98342e-05 2.98342e-05 2.98342e-05 4.97236e-05 5.96684e-05 0.00071573
scan 330 110 29 0.000927537 0 9.41771e-05 2.78261e-05 2.78261e-05 2.78261e-05 4.63769e-05 5.56522e-05 0.000667556
scan 330 110 30 0 0 0 0 0 0 0 0 0
scan 330 110 31 6.69357e-05 0 2.52993e-05 2.00807e-06 2.00807e-06 2.00807e-06 3.34678e-06 4.01614e-06 4.81741e-05
scan 330 110 32 2.86867e-05 0 1.65623e-05 8.60602e-07 8.60602e-07 8.60602e-07 1.43434e-06 1.7212e-06 2.06461e-05
scan 330 110 33 9.56224e-06 0 9.56224e-06 2.86867e-07 2.86867e-07 2.86867e-07 4.78112e-07 5.73734e-07 6.88202e-06
scan 330 110 34 1.91245e-05 0 1.3523e-05 5.73734e-07 5.73734e-07 5.73734e-07 9.56224e-07 1.14747e-06 1.3764e-05
scan 330 110 35 0 0 0 0 0 0 0 0 0
scan 330 110 36 1.91245e-05 0 1.3523e-05 5.73734e-07 5.73734e-07 5.73734e-07 9.56224e-07 1.14747e-06 1.3764e-05
scan 330 110 37 0 0 0 0 0 0 0 0 0
scan 330 110 38 0 0 0 0 0 0 0 0 0
scan 330 110 39 0 0 0 0 0 0 0 0 0
scan 330 110 40 0 0 0 0 0 0 0 0 0
scan 330 110 41 9.56224e-06 0 9.56224e-06 2.86867e-07 2.86867e-07 2.86867e-07 4.78112e-07 5.73734e-07 6.88202e-06
scan 330 110 42 0 0 0 0 0 0 0 0 0
scan 330 110 43 4.78112e-05 0 2.13818e-05 1.43434e-06 1.43434e-06 1.43434e-06 2.39056e-06 2.86867e-06 3.44101e-05
scan 330 110 44 1.91245e-05 0 1.3523e-05 5.73734e-07 5.73734e-07 5.73734e-07 9.56224e-07 1.14747e-06 1.3764e-05
scan 330 110 45 1.91245e-05 0 1.3523e-05 5.73734e-07 5.73734e-07 5.73734e-07 9.56224e-07 1.14747e-06 1.3764e-05
scan 330 110 46 0 0 0 0 0 0 0 0 0
scan 330 110 47 0 0 0 0 0 0 0 0 0
scan 330 110 48 0 0 0 0 0 0 0 0 0
scan 330 110 49 0 0 0 0 0 0 0 0 0
scan 330 110 50 0 0 0 0 0 0 0 0 0
scan 330 110 51 0 0 0 0 0 0 0 0 0
scan 330 110 52 0 0 0 0 0 0 0 0 0
scan 330 110 53 0 0 0 0 0 0 0 0 0
scan 330 110 54 0 0 0 0 0 0 0 0 0
scan 330 110 55 0 0 0 0 0 0 0 0 0
scan 330 110 56 0 0 0 0 0 0 0 0 0
scan 330 110 57 1.91245e-05 0 1.3523e-05 5.73734e-07 5.73734e-07 5.73734e-07 9.56224e-07 1.14747e-06 1.3764e-05
scan 330 110 58 9.56224e-06 0 9.56224e-06 2.86867e-07 2.86867e-07 2.86867e-07 4.78112e-07 5.73734e-07 6.88202e-06
scan 330 110 59 9.56224e-06 0 9.56224e-06 2.86867e-07 2.86867e-07 2.86867e-07 4.78112e-07 5.73734e-07 6.88202e-06
scan 330 110 60 0 0 0 0 0 0 0 0 0
scan 330 110 61 0 0 0 0 0 0 0 0 0
scan 330 110 62 0 0 0 0 0 0 0 0 0
scan 330 110 63 0 0 0 0 0 0 0 0 0
scan 330 110 64 0 0 0 0 0 0 0 0 0
scan 330 110 65 0 0 0 0 0 0 0 0 0
scan 330 110 66 0 0 0 0 0 0 0 0 0
scan 330 110 67 0 0 0 0 0 0 0 0 0
scan 330 110 68 0 0 0 0 0 0 0 0 0
scan 330 110 69 0 0 0 0 0 0 0 0 0
scan 330 110 70 0 0 0 0 0 0 0 0 0
scan 330 110 71 0 0 0 0 0 0 0 0 0
scan 330 110 72 0 0 0 0 0 0 0 0 0
scan 330 110 73 0 0 0 0 0 0 0 0 0
scan 330 110 74 0 0 0 0 0 0 0 0 0
scan 330 110 75 0 0 0 0 0 0 0 0 0
scan 330 110 76 0 0 0 0 0 0 0 0 0
scan 330 110 77 0 0 0 0 0 0 0 0 0
scan 330 110 78 0 0 0 0 0 0 0 0 0
scan 330 110 79 0 0 0 0 0 0 0 0 0
scan 330 110 80 0 0 0 0 0 0 0 0 0
scan 330 110 81 0 0 0 0 0 0 0 0 0
scan 330 110 82 0 0 0 0 0 0 0 0 0
scan 330 110 83 0 0 0 0 0 0 0 0 0
scan 330 110 84 0 0 0 0 0 0 0 0 0
scan 330 110 85 0 0 0 0 0 0 0 0 0
scan 330 110 86 9.56224e-06 0 9.56224e-06 2.86867e-07 2.86867e-07 2.86867e-07 4.78112e-07 5.73734e-07 6.88202e-06
scan 330 110 87 0 0 0 0 0 0 0 0 0
scan 330 110 88 0 0 0 0 0 0 0 0 0
scan 330 110 89 0 0 0 0 0 0 0 0 0
scan 330 110 90 9.56224e-06 0 9.56224e-06 2.86867e-07 2.86867e-07 2.86867e-07 4.78112e-07 5.73734e-07 6.88202e-06
scan 330 110 91 4.78112e-05 0 2.13818e-05 1.43434e-06 1.43434e-06 1.43434e-06 2.39056e-06 2.86867e-06 3.44101e-05
scan 330 110 92 9.56224e-06 0 9.56224e-06 2.86867e-07 2.86867e-07 2.86867e-07 4.78112e-07 5.73734e-07 6.88202e-06
scan 330 110 93 9.56224e-06 0 9.56224e-06 2.86867e-07 2.86867e-07 2.86867e-07 4.78112e-07 5.73734e-07 6.88202e-06
scan 330 110 94 0 0 0 0 0 0 0 0 0
scan 330 110 95 0 0 0 0 0 0 0 0 0
scan 330 110 96 9.56224e-06 0 9.56224e-06 2.86867e-07 2.86867e-07 2.86867e-07 4.78112e-07 5.73734e-07 6.88202e-06
scan 330 110 97 1.91245e-05 0 1.3523e-05 5.73734e-07 5.73734e-07 5.73734e-07 9.56224e-07 1.14747e-06 1.3764e-05
scan 330 110 98 0 0 0 0 0 0 0 0 0
scan 330 110 99 0 0 0 0 0 0 0 0 0
scan 330 110 100 0 0 0 0 0 0 0 0 0
scan 330 110 101 1.91245e-05 0 1.3523e-05 5.73734e-07 5.73734e-07 5.73734e-07 9.56224e-07 1.14747e-06 1.3764e-05
scan 330 110 102 3.8249e-05 0 1.91245e-05 1.14747e-06 1.14747e-06 1.14747e-06 1.91245e-06 2.29494e-06 2.75281e-05
scan 330 110 103 2.86867e-05 0 1.65623e-05 8.60602e-07 8.60602e-07 8.60602e-07 1.43434e-06 1.7212e-06 2.06461e-05
scan 330 110 104 9.56224e-06 0 9.56224e-06 2.86867e-07 2.86867e-07 2.86867e-07 4.78112e-07 5.73734e-07 6.88202e-06
scan 330 110 60 0 0 0 0 0 0 0 0 0
scan 330 110 61 0 0 0 0 0 0 0 0 0
scan 330 110 62 0 0 0 0 0 0 0 0 0
scan 330 110 63 0 0 0 0 0 0 0 0 0
scan 330 110 64 0 0 0 0 0 0 0 0 0
scan 330 110 65 0 0 0 0 0 0 0 0 0
scan 330 110 66 0 0 0 0 0 0 0 0 0
scan 330 110 67 0 0 0 0 0 0 0 0 0
scan 330 110 68 0 0 0 0 0 0 0 0 0
scan 330 110 69 0 0 0 0 0 0 0 0 0
scan 330 110 70 0 0 0 0 0 0 0 0 0
scan 330 110 71 0 0 0 0 0 0 0 0 0
scan 330 110 72 0 0 0 0 0 0 0 0 0
scan 330 110 73 0 0 0 0 0 0 0 0 0
scan 330 110 74 0 0 0 0 0 0 0 0 0
scan 330 110 120 0 0 0 0 0 0 0 0 0
scan 330 110 121 0 0 0 0 0 0 0 0 0
scan 330 110 122 9.56224e-06 0 9.56224e-06 2.86867e-07 2.86867e-07 2.86867e-07 4.78112e-07 5.73734e-07 6.88202e-06
scan 330 110 123 0 0 0 0 0 0 0 0 0
scan 330 110 124 0 0 0 0 0 0 0 0 0
scan 330 110 125 0 0 0 0 0 0 0 0 0
scan 330 110 126 0 0 0 0 0 0 0 0 0
scan 330 110 127 0 0 0 0 0 0 0 0 0
scan 330 110 128 0 0 0 0 0 0 0 0 0
scan 330 110 129 0 0 0 0 0 0 0 0 0
scan 330 110 130 0 0 0 0 0 0 0 0 0
scan 330 110 131 0 0 0 0 0 0 0 0 0
scan 330 110 132 0 0 0 0 0 0 0 0 0
scan 330 110 133 0 0 0 0 0 0 0 0 0
scan 330 110 134 0 0 0 0 0 0 0 0 0
scan 330 110 135 3.8249e-05 0 1.91245e-05 1.14747e-06 1.14747e-06 1.14747e-06 1.91245e-06 2.29494e-06 2.75281e-05
scan 330 110 136 4.78112e-05 0 2.13818e-05 1.43434e-06 1.43434e-06 1.43434e-06 2.39056e-06 2.86867e-06 3.44101e-05
scan 330 110 137 9.56224e-06 0 9.56224e-06 2.86867e-07 2.86867e-07 2.86867e-07 4.78112e-07 5.73734e-07 6.88202e-06
scan 330 110 138 9.56224e-06 0 9.56224e-06 2.86867e-07 2.86867e-07 2.86867e-07 4.78112e-07 5.73734e-07 6.88202e-06
scan 330 110 139 0 0 0 0 0 0 0 0 0
scan 330 110 140 0 0 0 0 0 0 0 0 0
scan 330 110 141 1.91245e-05 0 1.3523e-05 5.73734e-07 5.73734e-07 5.73734e-07 9.56224e-07 1.14747e-06 1.3764e-05
scan 330 110 142 1.91245e-05 0 1.3523e-05 5.73734e-07 5.73734e-07 5.73734e-07 9.56224e-07 1.14747e-06 1.3764e-05
scan 330 110 143 0 0 0 0 0 0 0 0 0
scan 330 110 144 0 0 0 0 0 0 0 0 0
scan 330 110 145 0 0 0 0 0 0 0 0 0
scan 330 110 146 0 0 0 0 0 0 0 0 0
scan 330 110 147 9.56224e-06 0 9.56224e-06 2.86867e-07 2.86867e-07 2.86867e-07 4.78112e-07 5.73734e-07 6.88202e-06
scan 330 110 148 0 0 0 0 0 0 0 0 0
scan 330 110 149 0 0 0 0 0 0 0 0 0
scan 330 110 60 0 0 0 0 0 0 0 0 0
scan 330 110 61 0 0 0 0 0 0 0 0 0
scan 330 110 62 0 0 0 0 0 0 0 0 0
scan 330 110 63 0 0 0 0 0 0 0 0 0
scan 330 110 64 0 0 0 0 0 0 0 0 0
scan 330 110 65 0 0 0 0 0 0 0 0 0
scan 330 110 66 0 0 0 0 0 0 0 0 0
scan 330 110 67 0 0 0 0 0 0 0 0 0
scan 330 110 68 0 0 0 0 0 0 0 0 0
scan 330 110 69 0 0 0 0 0 0 0 0 0
scan 330 110 70 0 0 0 0 0 0 0 0 0
scan 330 110 71 0 0 0 0 0 0 0 0 0
scan 330 110 72 0 0 0 0 0 0 0 0 0
scan 330 110 73 0 0 0 0 0 0 0 0 0
scan 330 110 74 0 0 0 0 0 0 0 0 0
scan 330 110 165 0 0 0 0 0 0 0 0 0
scan 330 110 166 0 0 0 0 0 0 0 0 0
scan 330 110 167 9.56224e-06 0 9.56224e-06 2.86867e-07 2.86867e-07 2.86867e-07 4.78112e-07 5.73734e-07 6.88202e-06
scan 330 110 168 0 0 0 0 0 0 0 0 0
scan 330 110 169 0 0 0 0 0 0 0 0 0
scan 330 110 170 0 0 0 0 0 0 0 0 0
scan 330 110 171 0 0 0 0 0 0 0 0 0
scan 330 110 172 0 0 0 0 0 0 0 0 0
scan 330 110 173 0 0 0 0 0 0 0 0 0
scan 330 110 174 0 0 0 0 0 0 0 0 0
scan 330 110 175 0 0 0 0 0 0 0 0 0
scan 330 110 176 0 0 0 0 0 0 0 0 0
scan 330 110 177 0 0 0 0 0 0 0 0 0
scan 330 110 178 0 0 0 0 0 0 0 0 0
scan 330 110 179 0 0 0 0 0 0 0 0 0
