xsec 380 140 0.0498016
scan 380 140 0 3.98492e-05 0 1.40888e-05 1.19548e-06 1.19548e-06 1.19548e-06 1.99246e-06 2.39095e-06 2.91311e-05
scan 380 140 1 2.98869e-05 0 1.22013e-05 8.96607e-07 8.96607e-07 8.96607e-07 1.49435e-06 1.79321e-06 2.18484e-05
scan 380 140 2 1.49435e-05 0 8.62761e-06 4.48304e-07 4.48304e-07 4.48304e-07 7.47173e-07 8.96607e-07 1.09242e-05
scan 380 140 3 1.99246e-05 0 9.9623e-06 5.97738e-07 5.97738e-07 5.97738e-07 9.9623e-07 1.19548e-06 1.45656e-05
scan 380 140 4 9.9623e-06 0 7.04441e-06 2.98869e-07 2.98869e-07 2.98869e-07 4.98115e-07 5.97738e-07 7.28278e-06
scan 380 140 5 0 0 0 0 0 0 0 0 0
scan 380 140 6 0 0 0 0 0 0 0 0 0
scan 380 140 7 1.49435e-05 0 8.62761e-06 4.48304e-07 4.48304e-07 4.48304e-07 7.47173e-07 8.96607e-07 1.09242e-05
scan 380 140 8 0 0 0 0 0 0 0 0 0
scan 380 140 9 0 0 0 0 0 0 0 0 0
scan 380 140 10 0 0 0 0 0 0 0 0 0
scan 380 140 11 1.49435e-05 0 8.62761e-06 4.48304e-07 4.48304e-07 4.48304e-07 7.47173e-07 8.96607e-07 1.09242e-05
scan 380 140 12 9.9623e-06 0 7.04441e-06 2.98869e-07 2.98869e-07 2.98869e-07 4.98115e-07 5.97738e-07 7.28278e-06
scan 380 140 13 1.49435e-05 0 8.62761e-06 4.48304e-07 4.48304e-07 4.48304e-07 7.47173e-07 8.96607e-07 1.09242e-05
scan 380 140 14 2.49058e-05 0 1.11382e-05 7.47173e-07 7.47173e-07 7.47173e-07 1.24529e-06 1.49435e-06 1.8207e-05
scan 380 140 15 0.000159397 0 2.81777e-05 4.78191e-06 4.78191e-06 4.78191e-06 7.96984e-06 9.56381e-06 0.000116525
scan 380 140 16 0.000483172 0 4.90587e-05 1.44952e-05 1.44952e-05 1.44952e-05 2.41586e-05 2.89903e-05 0.000353215
scan 380 140 17 0.000453285 0 4.75172e-05 1.35985e-05 1.35985e-05 1.35985e-05 2.26642e-05 2.71971e-05 0.000331367
scan 380 140 18 0.000338718 0 4.10756e-05 1.01616e-05 1.01616e-05 1.01616e-05 1.69359e-05 2.03231e-05 0.000247615
scan 380 140 19 0.000368605 0 4.28495e-05 1.10582e-05 1.10582e-05 1.10582e-05 1.84303e-05 2.21163e-05 0.000269463
scan 380 140 20 2.49058e-05 0 1.11382e-05 7.47173e-07 7.47173e-07 7.47173e-07 1.24529e-06 1.49435e-06 1.8207e-05
scan 380 140 21 0.000114567 0 2.38888e-05 3.437e-06 3.437e-06 3.437e-06 5.72833e-06 6.87399e-06 8.3752e-05
scan 380 140 22 0.000169359 0 2.90449e-05 5.08078e-06 5.08078e-06 5.08078e-06 8.46796e-06 1.01616e-05 0.000123807
scan 380 140 23 0.000109585 0 2.33637e-05 3.28756e-06 3.28756e-06 3.28756e-06 5.47927e-06 6.57512e-06 8.01106e-05
scan 380 140 24 0.000134491 0 2.58828e-05 4.03473e-06 4.03473e-06 4.03473e-06 6.72456e-06 8.06947e-06 9.83176e-05
scan 380 140 25 9.9623e-06 0 7.04441e-06 2.98869e-07 2.98869e-07 2.98869e-07 4.98115e-07 5.97738e-07 7.28278e-06
scan 380 140 26 9.9623e-05 0 2.22764e-05 2.98869e-06 2.98869e-06 2.98869e-06 4.98115e-06 5.97738e-06 7.28278e-05
scan 380 140 27 0.000428379 0 4.61933e-05 1.28514e-05 1.28514e-05 1.28514e-05 2.1419e-05 2.57027e-05 0.00031316
scan 380 140 28 0.000542946 0 5.20048e-05 1.62884e-05 1.62884e-05 1.62884e-05 2.71473e-05 3.25767e-05 0.000396912
scan 380 140 29 0.000866721 0 6.57059e-05 2.60016e-05 2.60016e-05 2.60016e-05 4.3336e-05 5.20032e-05 0.000633602
scan 380 140 30 9.9623e-06 0 7.04441e-06 2.98869e-07 2.98869e-07 2.98869e-07 4.98115e-07 5.97738e-07 7.28278e-06
scan 380 140 31 1.49435e-05 0 8.62761e-06 4.48304e-07 4.48304e-07 4.48304e-07 7.47173e-07 8.96607e-07 1.09242e-05
scan 380 140 32 2.98869e-05 0 1.22013e-05 8.96607e-07 8.96607e-07 8.96607e-07 1.49435e-06 1.79321e-06 2.18484e-05
scan 380 140 33 9.9623e-06 0 7.04441e-06 2.98869e-07 2.98869e-07 2.98869e-07 4.98115e-07 5.97738e-07 7.28278e-06
scan 380 140 34 1.49435e-05 0 8.62761e-06 4.48304e-07 4.48304e-07 4.48304e-07 7.47173e-07 8.96607e-07 1.09242e-05
scan 380 140 35 0 0 0 0 0 0 0 0 0
scan 380 140 36 4.98115e-06 0 4.98115e-06 1.49435e-07 1.49435e-07 1.49435e-07 2.49058e-07 2.98869e-07 3.64139e-06
scan 380 140 37 0 0 0 0 0 0 0 0 0
scan 380 140 38 0 0 0 0 0 0 0 0 0
scan 380 140 39 4.98115e-06 0 4.98115e-06 1.49435e-07 1.49435e-07 1.49435e-07 2.49058e-07 2.98869e-07 3.64139e-06
scan 380 140 40 0 0 0 0 0 0 0 0 0
scan 380 140 41 4.98115e-06 0 4.98115e-06 1.49435e-07 1.49435e-07 1.49435e-07 2.49058e-07 2.98869e-07 3.64139e-06
scan 380 140 42 1.49435e-05 0 8.62761e-06 4.48304e-07 4.48304e-07 4.48304e-07 7.47173e-07 8.96607e-07 1.09242e-05
scan 380 140 43 9.9623e-06 0 7.04441e-06 2.98869e-07 2.98869e-07 2.98869e-07 4.98115e-07 5.97738e-07 7.28278e-06
scan 380 140 44 4.98115e-06 0 4.98115e-06 1.49435e-07 1.49435e-07 1.49435e-07 2.49058e-07 2.98869e-07 3.64139e-06
scan 380 140 45 9.9623e-06 0 7.04441e-06 2.98869e-07 2.98869e-07 2.98869e-07 4.98115e-07 5.97738e-07 7.28278e-06
scan 380 140 46 4.98115e-06 0 4.98115e-06 1.49435e-07 1.49435e-07 1.49435e-07 2.49058e-07 2.98869e-07 3.64139e-06
scan 380 140 47 4.98115e-06 0 4.98115e-06 1.49435e-07 1.49435e-07 1.49435e-07 2.49058e-07 2.98869e-07 3.64139e-06
scan 380 140 48 0 0 0 0 0 0 0 0 0
scan 380 140 49 0 0 0 0 0 0 0 0 0
scan 380 140 50 0 0 0 0 0 0 0 0 0
scan 380 140 51 0 0 0 0 0 0 0 0 0
scan 380 140 52 0 0 0 0 0 0 0 0 0
scan 380 140 53 0 0 0 0 0 0 0 0 0
scan 380 140 54 0 0 0 0 0 0 0 0 0
scan 380 140 55 0 0 0 0 0 0 0 0 0
scan 380 140 56 0 0 0 0 0 0 0 0 0
scan 380 140 57 0 0 0 0 0 0 0 0 0
scan 380 140 58 0 0 0 0 0 0 0 0 0
scan 380 140 59 0 0 0 0 0 0 0 0 0
scan 380 140 60 0 0 0 0 0 0 0 0 0
scan 380 140 61 0 0 0 0 0 0 0 0 0
scan 380 140 62 0 0 0 0 0 0 0 0 0
scan 380 140 63 0 0 0 0 0 0 0 0 0
scan 380 140 64 0 0 0 0 0 0 0 0 0
scan 380 140 65 0 0 0 0 0 0 0 0 0
scan 380 140 66 0 0 0 0 0 0 0 0 0
scan 380 140 67 0 0 0 0 0 0 0 0 0
scan 380 140 68 0 0 0 0 0 0 0 0 0
scan 380 140 69 0 0 0 0 0 0 0 0 0
scan 380 140 70 0 0 0 0 0 0 0 0 0
scan 380 140 71 0 0 0 0 0 0 0 0 0
scan 380 140 72 0 0 0 0 0 0 0 0 0
scan 380 140 73 0 0 0 0 0 0 0 0 0
scan 380 140 74 0 0 0 0 0 0 0 0 0
scan 380 140 75 0 0 0 0 0 0 0 0 0
scan 380 140 76 0 0 0 0 0 0 0 0 0
scan 380 140 77 0 0 0 0 0 0 0 0 0
scan 380 140 78 0 0 0 0 0 0 0 0 0
scan 380 140 79 0 0 0 0 0 0 0 0 0
scan 380 140 80 0 0 0 0 0 0 0 0 0
scan 380 140 81 0 0 0 0 0 0 0 0 0
scan 380 140 82 0 0 0 0 0 0 0 0 0
scan 380 140 83 4.98115e-06 0 4.98115e-06 1.49435e-07 1.49435e-07 1.49435e-07 2.49058e-07 2.98869e-07 3.64139e-06
scan 380 140 84 0 0 0 0 0 0 0 0 0
scan 380 140 85 0 0 0 0 0 0 0 0 0
scan 380 140 86 0 0 0 0 0 0 0 0 0
scan 380 140 87 9.9623e-06 0 7.04441e-06 2.98869e-07 2.98869e-07 2.98869e-07 4.98115e-07 5.97738e-07 7.28278e-06
scan 380 140 88 0 0 0 0 0 0 0 0 0
scan 380 140 89 0 0 0 0 0 0 0 0 0
scan 380 140 90 4.98115e-06 0 4.98115e-06 1.49435e-07 1.49435e-07 1.49435e-07 2.49058e-07 2.98869e-07 3.64139e-06
scan 380 140 91 9.9623e-06 0 7.04441e-06 2.98869e-07 2.98869e-07 2.98869e-07 4.98115e-07 5.97738e-07 7.28278e-06
scan 380 140 92 2.49058e-05 0 1.11382e-05 7.47173e-07 7.47173e-07 7.47173e-07 1.24529e-06 1.49435e-06 1.8207e-05
scan 380 140 93 0 0 0 0 0 0 0 0 0
scan 380 140 94 4.98115e-06 0 4.98115e-06 1.49435e-07 1.49435e-07 1.49435e-07 2.49058e-07 2.98869e-07 3.64139e-06
scan 380 140 95 0 0 0 0 0 0 0 0 0
scan 380 140 96 0 0 0 0 0 0 0 0 0
scan 380 140 97 4.98115e-06 0 4.98115e-06 1.49435e-07 1.49435e-07 1.49435e-07 2.49058e-07 2.98869e-07 3.64139e-06
scan 380 140 98 4.98115e-06 0 4.98115e-06 1.49435e-07 1.49435e-07 1.49435e-07 2.49058e-07 2.98869e-07 3.64139e-06
scan 380 140 99 0 0 0 0 0 0 0 0 0
scan 380 140 100 0 0 0 0 0 0 0 0 0
scan 380 140 101 1.49435e-05 0 8.62761e-06 4.48304e-07 4.48304e-07 4.48304e-07 7.47173e-07 8.96607e-07 1.09242e-05
scan 380 140 102 2.49058e-05 0 1.11382e-05 7.47173e-07 7.47173e-07 7.47173e-07 1.24529e-06 1.49435e-06 1.8207e-05
scan 380 140 103 9.9623e-06 0 7.04441e-06 2.98869e-07 2.98869e-07 2.98869e-07 4.98115e-07 5.97738e-07 7.28278e-06
scan 380 140 104 9.9623e-06 0 7.04441e-06 2.98869e-07 2.98869e-07 2.98869e-07 4.98115e-07 5.97738e-07 7.28278e-06
scan 380 140 60 0 0 0 0 0 0 0 0 0
scan 380 140 61 0 0 0 0 0 0 0 0 0
scan 380 140 62 0 0 0 0 0 0 0 0 0
scan 380 140 63 0 0 0 0 0 0 0 0 0
scan 380 140 64 0 0 0 0 0 0 0 0 0
scan 380 140 65 0 0 0 0 0 0 0 0 0
scan 380 140 66 0 0 0 0 0 0 0 0 0
scan 380 140 67 0 0 0 0 0 0 0 0 0
scan 380 140 68 0 0 0 0 0 0 0 0 0
scan 380 140 69 0 0 0 0 0 0 0 0 0
scan 380 140 70 0 0 0 0 0 0 0 0 0
scan 380 140 71 0 0 0 0 0 0 0 0 0
scan 380 140 72 0 0 0 0 0 0 0 0 0
scan 380 140 73 0 0 0 0 0 0 0 0 0
scan 380 140 74 0 0 0 0 0 0 0 0 0
scan 380 140 120 0 0 0 0 0 0 0 0 0
scan 380 140 121 0 0 0 0 0 0 0 0 0
scan 380 140 122 0 0 0 0 0 0 0 0 0
scan 380 140 123 0 0 0 0 0 0 0 0 0
scan 380 140 124 4.98115e-06 0 4.98115e-06 1.49435e-07 1.49435e-07 1.49435e-07 2.49058e-07 2.98869e-07 3.64139e-06
scan 380 140 125 0 0 0 0 0 0 0 0 0
scan 380 140 126 0 0 0 0 0 0 0 0 0
scan 380 140 127 0 0 0 0 0 0 0 0 0
scan 380 140 128 0 0 0 0 0 0 0 0 0
scan 380 140 129 0 0 0 0 0 0 0 0 0
scan 380 140 130 0 0 0 0 0 0 0 0 0
scan 380 140 131 0 0 0 0 0 0 0 0 0
scan 380 140 132 0 0 0 0 0 0 0 0 0
scan 380 140 133 0 0 0 0 0 0 0 0 0
scan 380 140 134 0 0 0 0 0 0 0 0 0
scan 380 140 135 4.98115e-06 0 4.98115e-06 1.49435e-07 1.49435e-07 1.49435e-07 2.49058e-07 2.98869e-07 3.64139e-06
scan 380 140 136 9.9623e-06 0 7.04441e-06 2.98869e-07 2.98869e-07 2.98869e-07 4.98115e-07 5.97738e-07 7.28278e-06
scan 380 140 137 0 0 0 0 0 0 0 0 0
scan 380 140 138 4.98115e-06 0 4.98115e-06 1.49435e-07 1.49435e-07 1.49435e-07 2.49058e-07 2.98869e-07 3.64139e-06
scan 380 140 139 4.98115e-06 0 4.98115e-06 1.49435e-07 1.49435e-07 1.49435e-07 2.49058e-07 2.98869e-07 3.64139e-06
scan 380 140 140 0 0 0 0 0 0 0 0 0
scan 380 140 141 4.98115e-06 0 4.98115e-06 1.49435e-07 1.49435e-07 1.49435e-07 2.49058e-07 2.98869e-07 3.64139e-06
scan 380 140 142 9.9623e-06 0 7.04441e-06 2.98869e-07 2.98869e-07 2.98869e-07 4.98115e-07 5.97738e-07 7.28278e-06
scan 380 140 143 0 0 0 0 0 0 0 0 0
scan 380 140 144 0 0 0 0 0 0 0 0 0
scan 380 140 145 0 0 0 0 0 0 0 0 0
scan 380 140 146 4.98115e-06 0 4.98115e-06 1.49435e-07 1.49435e-07 1.49435e-07 2.49058e-07 2.98869e-07 3.64139e-06
scan 380 140 147 9.9623e-06 0 7.04441e-06 2.98869e-07 2.98869e-07 2.98869e-07 4.98115e-07 5.97738e-07 7.28278e-06
scan 380 140 148 0 0 0 0 0 0 0 0 0
scan 380 140 149 4.98115e-06 0 4.98115e-06 1.49435e-07 1.49435e-07 1.49435e-07 2.49058e-07 2.98869e-07 3.64139e-06
scan 380 140 60 0 0 0 0 0 0 0 0 0
scan 380 140 61 0 0 0 0 0 0 0 0 0
scan 380 140 62 0 0 0 0 0 0 0 0 0
scan 380 140 63 0 0 0 0 0 0 0 0 0
scan 380 140 64 0 0 0 0 0 0 0 0 0
scan 380 140 65 0 0 0 0 0 0 0 0 0
scan 380 140 66 0 0 0 0 0 0 0 0 0
scan 380 140 67 0 0 0 0 0 0 0 0 0
scan 380 140 68 0 0 0 0 0 0 0 0 0
scan 380 140 69 0 0 0 0 0 0 0 0 0
scan 380 140 70 0 0 0 0 0 0 0 0 0
scan 380 140 71 0 0 0 0 0 0 0 0 0
scan 380 140 72 0 0 0 0 0 0 0 0 0
scan 380 140 73 0 0 0 0 0 0 0 0 0
scan 380 140 74 0 0 0 0 0 0 0 0 0
scan 380 140 165 0 0 0 0 0 0 0 0 0
scan 380 140 166 0 0 0 0 0 0 0 0 0
scan 380 140 167 4.98115e-06 0 4.98115e-06 1.49435e-07 1.49435e-07 1.49435e-07 2.49058e-07 2.98869e-07 3.64139e-06
scan 380 140 168 0 0 0 0 0 0 0 0 0
scan 380 140 169 0 0 0 0 0 0 0 0 0
scan 380 140 170 0 0 0 0 0 0 0 0 0
scan 380 140 171 0 0 0 0 0 0 0 0 0
scan 380 140 172 0 0 0 0 0 0 0 0 0
scan 380 140 173 0 0 0 0 0 0 0 0 0
scan 380 140 174 4.98115e-06 0 4.98115e-06 1.49435e-07 1.49435e-07 1.49435e-07 2.49058e-07 2.98869e-07 3.64139e-06
scan 380 140 175 0 0 0 0 0 0 0 0 0
scan 380 140 176 0 0 0 0 0 0 0 0 0
scan 380 140 177 0 0 0 0 0 0 0 0 0
scan 380 140 178 0 0 0 0 0 0 0 0 0
scan 380 140 179 0 0 0 0 0 0 0 0 0
