xsec 320 40 0.110302
scan 320 40 0 2.20604e-05 0 1.55991e-05 6.61813e-07 6.61813e-07 6.61813e-07 1.10302e-06 1.32363e-06 1.58229e-05
scan 320 40 1 6.61813e-05 0 2.70184e-05 1.98544e-06 1.98544e-06 1.98544e-06 3.30906e-06 3.97088e-06 4.74687e-05
scan 320 40 2 0 0 0 0 0 0 0 0 0
scan 320 40 3 4.41209e-05 0 2.20604e-05 1.32363e-06 1.32363e-06 1.32363e-06 2.20604e-06 2.64725e-06 3.16458e-05
scan 320 40 4 2.20604e-05 0 1.55991e-05 6.61813e-07 6.61813e-07 6.61813e-07 1.10302e-06 1.32363e-06 1.58229e-05
scan 320 40 5 1.10302e-05 0 1.10302e-05 3.30906e-07 3.30906e-07 3.30906e-07 5.51511e-07 6.61813e-07 7.91145e-06
scan 320 40 6 2.20604e-05 0 1.55991e-05 6.61813e-07 6.61813e-07 6.61813e-07 1.10302e-06 1.32363e-06 1.58229e-05
scan 320 40 7 1.10302e-05 0 1.10302e-05 3.30906e-07 3.30906e-07 3.30906e-07 5.51511e-07 6.61813e-07 7.91145e-06
scan 320 40 8 1.10302e-05 0 1.10302e-05 3.30906e-07 3.30906e-07 3.30906e-07 5.51511e-07 6.61813e-07 7.91145e-06
scan 320 40 9 0 0 0 0 0 0 0 0 0
scan 320 40 10 0 0 0 0 0 0 0 0 0
scan 320 40 11 3.30906e-05 0 1.91049e-05 9.92719e-07 9.92719e-07 9.92719e-07 1.65453e-06 1.98544e-06 2.37344e-05
scan 320 40 12 2.20604e-05 0 1.55991e-05 6.61813e-07 6.61813e-07 6.61813e-07 1.10302e-06 1.32363e-06 1.58229e-05
scan 320 40 13 1.10302e-05 0 1.10302e-05 3.30906e-07 3.30906e-07 3.30906e-07 5.51511e-07 6.61813e-07 7.91145e-06
scan 320 40 14 6.61813e-05 0 2.70184e-05 1.98544e-06 1.98544e-06 1.98544e-06 3.30906e-06 3.97088e-06 4.74687e-05
scan 320 40 15 0.00050739 0 7.48105e-05 1.52217e-05 1.52217e-05 1.52217e-05 2.53695e-05 3.04434e-05 0.000363927
scan 320 40 16 0.00119126 0 0.000114629 3.57379e-05 3.57379e-05 3.57379e-05 5.95631e-05 7.14758e-05 0.000854437
scan 320 40 17 0.00103684 0 0.000106942 3.11052e-05 3.11052e-05 3.11052e-05 5.1842e-05 6.22104e-05 0.000743676
scan 320 40 18 0.000661813 0 8.54397e-05 1.98544e-05 1.98544e-05 1.98544e-05 3.30906e-05 3.97088e-05 0.000474687
scan 320 40 19 0.000838296 0 9.61592e-05 2.51489e-05 2.51489e-05 2.51489e-05 4.19148e-05 5.02978e-05 0.00060127
scan 320 40 20 0.000110302 0 3.48806e-05 3.30906e-06 3.30906e-06 3.30906e-06 5.51511e-06 6.61813e-06 7.91145e-05
scan 320 40 21 0.000198544 0 4.67972e-05 5.95631e-06 5.95631e-06 5.95631e-06 9.92719e-06 1.19126e-05 0.000142406
scan 320 40 22 0.000341937 0 6.14136e-05 1.02581e-05 1.02581e-05 1.02581e-05 1.70968e-05 2.05162e-05 0.000245255
scan 320 40 23 0.000264725 0 5.40368e-05 7.94175e-06 7.94175e-06 7.94175e-06 1.32363e-05 1.58835e-05 0.000189875
scan 320 40 24 0.000308846 0 5.83664e-05 9.26538e-06 9.26538e-06 9.26538e-06 1.54423e-05 1.85308e-05 0.000221521
scan 320 40 25 2.20604e-05 0 1.55991e-05 6.61813e-07 6.61813e-07 6.61813e-07 1.10302e-06 1.32363e-06 1.58229e-05
scan 320 40 26 0.000330906 0 6.0415e-05 9.92719e-06 9.92719e-06 9.92719e-06 1.65453e-05 1.98544e-05 0.000237344
scan 320 40 27 0.000838296 0 9.61592e-05 2.51489e-05 2.51489e-05 2.51489e-05 4.19148e-05 5.02978e-05 0.00060127
scan 320 40 28 0.0010589 0 0.000108074 3.1767e-05 3.1767e-05 3.1767e-05 5.2945e-05 6.3534e-05 0.000759499
scan 320 40 29 0.00144496 0 0.000126247 4.33487e-05 4.33487e-05 4.33487e-05 7.22479e-05 8.66975e-05 0.0010364
scan 320 40 30 0 0 0 0 0 0 0 0 0
scan 320 40 31 4.41209e-05 0 2.20604e-05 1.32363e-06 1.32363e-06 1.32363e-06 2.20604e-06 2.64725e-06 3.16458e-05
scan 320 40 32 3.30906e-05 0 1.91049e-05 9.92719e-07 9.92719e-07 9.92719e-07 1.65453e-06 1.98544e-06 2.37344e-05
scan 320 40 33 0 0 0 0 0 0 0 0 0
scan 320 40 34 1.10302e-05 0 1.10302e-05 3.30906e-07 3.30906e-07 3.30906e-07 5.51511e-07 6.61813e-07 7.91145e-06
scan 320 40 35 0 0 0 0 0 0 0 0 0
scan 320 40 36 0 0 0 0 0 0 0 0 0
scan 320 40 37 1.10302e-05 0 1.10302e-05 3.30906e-07 3.30906e-07 3.30906e-07 5.51511e-07 6.61813e-07 7.91145e-06
scan 320 40 38 1.10302e-05 0 1.10302e-05 3.30906e-07 3.30906e-07 3.30906e-07 5.51511e-07 6.61813e-07 7.91145e-06
scan 320 40 39 0 0 0 0 0 0 0 0 0
scan 320 40 40 0 0 0 0 0 0 0 0 0
scan 320 40 41 1.10302e-05 0 1.10302e-05 3.30906e-07 3.30906e-07 3.30906e-07 5.51511e-07 6.61813e-07 7.91145e-06
scan 320 40 42 5.51511e-05 0 2.46643e-05 1.65453e-06 1.65453e-06 1.65453e-06 2.75755e-06 3.30906e-06 3.95573e-05
scan 320 40 43 4.41209e-05 0 2.20604e-05 1.32363e-06 1.32363e-06 1.32363e-06 2.20604e-06 2.64725e-06 3.16458e-05
scan 320 40 44 6.61813e-05 0 2.70184e-05 1.98544e-06 1.98544e-06 1.98544e-06 3.30906e-06 3.97088e-06 4.74687e-05
scan 320 40 45 0 0 0 0 0 0 0 0 0
scan 320 40 46 0 0 0 0 0 0 0 0 0
scan 320 40 47 0 0 0 0 0 0 0 0 0
scan 320 40 48 0 0 0 0 0 0 0 0 0
scan 320 40 49 0 0 0 0 0 0 0 0 0
scan 320 40 50 0 0 0 0 0 0 0 0 0
scan 320 40 51 1.10302e-05 0 1.10302e-05 3.30906e-07 3.30906e-07 3.30906e-07 5.51511e-07 6.61813e-07 7.91145e-06
scan 320 40 52 0 0 0 0 0 0 0 0 0
scan 320 40 53 0 0 0 0 0 0 0 0 0
scan 320 40 54 0 0 0 0 0 0 0 0 0
scan 320 40 55 0 0 0 0 0 0 0 0 0
scan 320 40 56 0 0 0 0 0 0 0 0 0
scan 320 40 57 0 0 0 0 0 0 0 0 0
scan 320 40 58 1.10302e-05 0 1.10302e-05 3.30906e-07 3.30906e-07 3.30906e-07 5.51511e-07 6.61813e-07 7.91145e-06
scan 320 40 59 0 0 0 0 0 0 0 0 0
scan 320 40 60 0 0 0 0 0 0 0 0 0
scan 320 40 61 0 0 0 0 0 0 0 0 0
scan 320 40 62 0 0 0 0 0 0 0 0 0
scan 320 40 63 0 0 0 0 0 0 0 0 0
scan 320 40 64 0 0 0 0 0 0 0 0 0
scan 320 40 65 0 0 0 0 0 0 0 0 0
scan 320 40 66 0 0 0 0 0 0 0 0 0
scan 320 40 67 0 0 0 0 0 0 0 0 0
scan 320 40 68 0 0 0 0 0 0 0 0 0
scan 320 40 69 0 0 0 0 0 0 0 0 0
scan 320 40 70 0 0 0 0 0 0 0 0 0
scan 320 40 71 0 0 0 0 0 0 0 0 0
scan 320 40 72 0 0 0 0 0 0 0 0 0
scan 320 40 73 0 0 0 0 0 0 0 0 0
scan 320 40 74 0 0 0 0 0 0 0 0 0
scan 320 40 75 0 0 0 0 0 0 0 0 0
scan 320 40 76 0 0 0 0 0 0 0 0 0
scan 320 40 77 1.10302e-05 0 1.10302e-05 3.30906e-07 3.30906e-07 3.30906e-07 5.51511e-07 6.61813e-07 7.91145e-06
scan 320 40 78 0 0 0 0 0 0 0 0 0
scan 320 40 79 0 0 0 0 0 0 0 0 0
scan 320 40 80 0 0 0 0 0 0 0 0 0
scan 320 40 81 0 0 0 0 0 0 0 0 0
scan 320 40 82 0 0 0 0 0 0 0 0 0
scan 320 40 83 0 0 0 0 0 0 0 0 0
scan 320 40 84 0 0 0 0 0 0 0 0 0
scan 320 40 85 0 0 0 0 0 0 0 0 0
scan 320 40 86 0 0 0 0 0 0 0 0 0
scan 320 40 87 0 0 0 0 0 0 0 0 0
scan 320 40 88 0 0 0 0 0 0 0 0 0
scan 320 40 89 0 0 0 0 0 0 0 0 0
scan 320 40 90 1.10302e-05 0 1.10302e-05 3.30906e-07 3.30906e-07 3.30906e-07 5.51511e-07 6.61813e-07 7.91145e-06
scan 320 40 91 2.20604e-05 0 1.55991e-05 6.61813e-07 6.61813e-07 6.61813e-07 1.10302e-06 1.32363e-06 1.58229e-05
scan 320 40 92 3.30906e-05 0 1.91049e-05 9.92719e-07 9.92719e-07 9.92719e-07 1.65453e-06 1.98544e-06 2.37344e-05
scan 320 40 93 1.10302e-05 0 1.10302e-05 3.30906e-07 3.30906e-07 3.30906e-07 5.51511e-07 6.61813e-07 7.91145e-06
scan 320 40 94 0 0 0 0 0 0 0 0 0
scan 320 40 95 0 0 0 0 0 0 0 0 0
scan 320 40 96 2.20604e-05 0 1.55991e-05 6.61813e-07 6.61813e-07 6.61813e-07 1.10302e-06 1.32363e-06 1.58229e-05
scan 320 40 97 1.10302e-05 0 1.10302e-05 3.30906e-07 3.30906e-07 3.30906e-07 5.51511e-07 6.61813e-07 7.91145e-06
scan 320 40 98 1.10302e-05 0 1.10302e-05 3.30906e-07 3.30906e-07 3.30906e-07 5.51511e-07 6.61813e-07 7.91145e-06
scan 320 40 99 0 0 0 0 0 0 0 0 0
scan 320 40 100 0 0 0 0 0 0 0 0 0
scan 320 40 101 1.10302e-05 0 1.10302e-05 3.30906e-07 3.30906e-07 3.30906e-07 5.51511e-07 6.61813e-07 7.91145e-06
scan 320 40 102 4.41209e-05 0 2.20604e-05 1.32363e-06 1.32363e-06 1.32363e-06 2.20604e-06 2.64725e-06 3.16458e-05
scan 320 40 103 3.30906e-05 0 1.91049e-05 9.92719e-07 9.92719e-07 9.92719e-07 1.65453e-06 1.98544e-06 2.37344e-05
scan 320 40 104 0 0 0 0 0 0 0 0 0
scan 320 40 60 0 0 0 0 0 0 0 0 0
scan 320 40 61 0 0 0 0 0 0 0 0 0
scan 320 40 62 0 0 0 0 0 0 0 0 0
scan 320 40 63 0 0 0 0 0 0 0 0 0
scan 320 40 64 0 0 0 0 0 0 0 0 0
scan 320 40 65 0 0 0 0 0 0 0 0 0
scan 320 40 66 0 0 0 0 0 0 0 0 0
scan 320 40 67 0 0 0 0 0 0 0 0 0
scan 320 40 68 0 0 0 0 0 0 0 0 0
scan 320 40 69 0 0 0 0 0 0 0 0 0
scan 320 40 70 0 0 0 0 0 0 0 0 0
scan 320 40 71 0 0 0 0 0 0 0 0 0
scan 320 40 72 0 0 0 0 0 0 0 0 0
scan 320 40 73 0 0 0 0 0 0 0 0 0
scan 320 40 74 0 0 0 0 0 0 0 0 0
scan 320 40 120 0 0 0 0 0 0 0 0 0
scan 320 40 121 0 0 0 0 0 0 0 0 0
scan 320 40 122 0 0 0 0 0 0 0 0 0
scan 320 40 123 0 0 0 0 0 0 0 0 0
scan 320 40 124 0 0 0 0 0 0 0 0 0
scan 320 40 125 0 0 0 0 0 0 0 0 0
scan 320 40 126 0 0 0 0 0 0 0 0 0
scan 320 40 127 0 0 0 0 0 0 0 0 0
scan 320 40 128 0 0 0 0 0 0 0 0 0
scan 320 40 129 0 0 0 0 0 0 0 0 0
scan 320 40 130 0 0 0 0 0 0 0 0 0
scan 320 40 131 0 0 0 0 0 0 0 0 0
scan 320 40 132 0 0 0 0 0 0 0 0 0
scan 320 40 133 0 0 0 0 0 0 0 0 0
scan 320 40 134 0 0 0 0 0 0 0 0 0
scan 320 40 135 1.10302e-05 0 1.10302e-05 3.30906e-07 3.30906e-07 3.30906e-07 5.51511e-07 6.61813e-07 7.91145e-06
scan 320 40 136 1.10302e-05 0 1.10302e-05 3.30906e-07 3.30906e-07 3.30906e-07 5.51511e-07 6.61813e-07 7.91145e-06
scan 320 40 137 2.20604e-05 0 1.55991e-05 6.61813e-07 6.61813e-07 6.61813e-07 1.10302e-06 1.32363e-06 1.58229e-05
scan 320 40 138 1.10302e-05 0 1.10302e-05 3.30906e-07 3.30906e-07 3.30906e-07 5.51511e-07 6.61813e-07 7.91145e-06
scan 320 40 139 0 0 0 0 0 0 0 0 0
scan 320 40 140 0 0 0 0 0 0 0 0 0
scan 320 40 141 1.10302e-05 0 1.10302e-05 3.30906e-07 3.30906e-07 3.30906e-07 5.51511e-07 6.61813e-07 7.91145e-06
scan 320 40 142 0 0 0 0 0 0 0 0 0
scan 320 40 143 0 0 0 0 0 0 0 0 0
scan 320 40 144 1.10302e-05 0 1.10302e-05 3.30906e-07 3.30906e-07 3.30906e-07 5.51511e-07 6.61813e-07 7.91145e-06
scan 320 40 145 0 0 0 0 0 0 0 0 0
scan 320 40 146 0 0 0 0 0 0 0 0 0
scan 320 40 147 0 0 0 0 0 0 0 0 0
scan 320 40 148 2.20604e-05 0 1.55991e-05 6.61813e-07 6.61813e-07 6.61813e-07 1.10302e-06 1.32363e-06 1.58229e-05
scan 320 40 149 0 0 0 0 0 0 0 0 0
scan 320 40 60 0 0 0 0 0 0 0 0 0
scan 320 40 61 0 0 0 0 0 0 0 0 0
scan 320 40 62 0 0 0 0 0 0 0 0 0
scan 320 40 63 0 0 0 0 0 0 0 0 0
scan 320 40 64 0 0 0 0 0 0 0 0 0
scan 320 40 65 0 0 0 0 0 0 0 0 0
scan 320 40 66 0 0 0 0 0 0 0 0 0
scan 320 40 67 0 0 0 0 0 0 0 0 0
scan 320 40 68 0 0 0 0 0 0 0 0 0
scan 320 40 69 0 0 0 0 0 0 0 0 0
scan 320 40 70 0 0 0 0 0 0 0 0 0
scan 320 40 71 0 0 0 0 0 0 0 0 0
scan 320 40 72 0 0 0 0 0 0 0 0 0
scan 320 40 73 0 0 0 0 0 0 0 0 0
scan 320 40 74 0 0 0 0 0 0 0 0 0
scan 320 40 165 0 0 0 0 0 0 0 0 0
scan 320 40 166 0 0 0 0 0 0 0 0 0
scan 320 40 167 0 0 0 0 0 0 0 0 0
scan 320 40 168 0 0 0 0 0 0 0 0 0
scan 320 40 169 0 0 0 0 0 0 0 0 0
scan 320 40 170 0 0 0 0 0 0 0 0 0
scan 320 40 171 0 0 0 0 0 0 0 0 0
scan 320 40 172 0 0 0 0 0 0 0 0 0
scan 320 40 173 0 0 0 0 0 0 0 0 0
scan 320 40 174 0 0 0 0 0 0 0 0 0
scan 320 40 175 0 0 0 0 0 0 0 0 0
scan 320 40 176 0 0 0 0 0 0 0 0 0
scan 320 40 177 0 0 0 0 0 0 0 0 0
scan 320 40 178 0 0 0 0 0 0 0 0 0
scan 320 40 179 0 0 0 0 0 0 0 0 0
