xsec 320 0 0.110302
scan 320 0 0 3.30973e-05 0 1.91087e-05 9.92918e-07 9.92918e-07 9.92918e-07 1.65486e-06 1.98584e-06 2.37391e-05
scan 320 0 1 6.61945e-05 0 2.70238e-05 1.98584e-06 1.98584e-06 1.98584e-06 3.30973e-06 3.97167e-06 4.74782e-05
scan 320 0 2 4.41297e-05 0 2.20648e-05 1.32389e-06 1.32389e-06 1.32389e-06 2.20648e-06 2.64778e-06 3.16521e-05
scan 320 0 3 2.20648e-05 0 1.56022e-05 6.61945e-07 6.61945e-07 6.61945e-07 1.10324e-06 1.32389e-06 1.58261e-05
scan 320 0 4 2.20648e-05 0 1.56022e-05 6.61945e-07 6.61945e-07 6.61945e-07 1.10324e-06 1.32389e-06 1.58261e-05
scan 320 0 5 1.10324e-05 0 1.10324e-05 3.30973e-07 3.30973e-07 3.30973e-07 5.51621e-07 6.61945e-07 7.91303e-06
scan 320 0 6 0 0 0 0 0 0 0 0 0
scan 320 0 7 3.30973e-05 0 1.91087e-05 9.92918e-07 9.92918e-07 9.92918e-07 1.65486e-06 1.98584e-06 2.37391e-05
scan 320 0 8 0 0 0 0 0 0 0 0 0
scan 320 0 9 0 0 0 0 0 0 0 0 0
scan 320 0 10 1.10324e-05 0 1.10324e-05 3.30973e-07 3.30973e-07 3.30973e-07 5.51621e-07 6.61945e-07 7.91303e-06
scan 320 0 11 0 0 0 0 0 0 0 0 0
scan 320 0 12 1.10324e-05 0 1.10324e-05 3.30973e-07 3.30973e-07 3.30973e-07 5.51621e-07 6.61945e-07 7.91303e-06
scan 320 0 13 4.41297e-05 0 2.20648e-05 1.32389e-06 1.32389e-06 1.32389e-06 2.20648e-06 2.64778e-06 3.16521e-05
scan 320 0 14 5.51621e-05 0 2.46692e-05 1.65486e-06 1.65486e-06 1.65486e-06 2.7581e-06 3.30973e-06 3.95652e-05
scan 320 0 15 0.000518524 0 7.56345e-05 1.55557e-05 1.55557e-05 1.55557e-05 2.59262e-05 3.11114e-05 0.000371913
scan 320 0 16 0.000871561 0 9.80583e-05 2.61468e-05 2.61468e-05 2.61468e-05 4.35781e-05 5.22937e-05 0.00062513
scan 320 0 17 0.00100395 0 0.000105243 3.01185e-05 3.01185e-05 3.01185e-05 5.01975e-05 6.0237e-05 0.000720086
scan 320 0 18 0.00072814 0 8.96278e-05 2.18442e-05 2.18442e-05 2.18442e-05 3.6407e-05 4.36884e-05 0.00052226
scan 320 0 19 0.000926723 0 0.000101114 2.78017e-05 2.78017e-05 2.78017e-05 4.63362e-05 5.56034e-05 0.000664695
scan 320 0 20 6.61945e-05 0 2.70238e-05 1.98584e-06 1.98584e-06 1.98584e-06 3.30973e-06 3.97167e-06 4.74782e-05
scan 320 0 21 0.000342005 0 6.14259e-05 1.02601e-05 1.02601e-05 1.02601e-05 1.71002e-05 2.05203e-05 0.000245304
scan 320 0 22 0.000474394 0 7.23444e-05 1.42318e-05 1.42318e-05 1.42318e-05 2.37197e-05 2.84636e-05 0.00034026
scan 320 0 23 0.000297875 0 5.73261e-05 8.93626e-06 8.93626e-06 8.93626e-06 1.48938e-05 1.78725e-05 0.000213652
scan 320 0 24 0.00036407 0 6.33764e-05 1.09221e-05 1.09221e-05 1.09221e-05 1.82035e-05 2.18442e-05 0.00026113
scan 320 0 25 1.10324e-05 0 1.10324e-05 3.30973e-07 3.30973e-07 3.30973e-07 5.51621e-07 6.61945e-07 7.91303e-06
scan 320 0 26 0.000397167 0 6.61945e-05 1.1915e-05 1.1915e-05 1.1915e-05 1.98584e-05 2.383e-05 0.000284869
scan 320 0 27 0.000849496 0 9.68091e-05 2.54849e-05 2.54849e-05 2.54849e-05 4.24748e-05 5.09698e-05 0.000609304
scan 320 0 28 0.00108118 0 0.000109215 3.24353e-05 3.24353e-05 3.24353e-05 5.40589e-05 6.48706e-05 0.000775477
scan 320 0 29 0.0015997 0 0.000132848 4.7991e-05 4.7991e-05 4.7991e-05 7.9985e-05 9.5982e-05 0.00114739
scan 320 0 30 1.10324e-05 0 1.10324e-05 3.30973e-07 3.30973e-07 3.30973e-07 5.51621e-07 6.61945e-07 7.91303e-06
scan 320 0 31 2.20648e-05 0 1.56022e-05 6.61945e-07 6.61945e-07 6.61945e-07 1.10324e-06 1.32389e-06 1.58261e-05
scan 320 0 32 2.20648e-05 0 1.56022e-05 6.61945e-07 6.61945e-07 6.61945e-07 1.10324e-06 1.32389e-06 1.58261e-05
scan 320 0 33 2.20648e-05 0 1.56022e-05 6.61945e-07 6.61945e-07 6.61945e-07 1.10324e-06 1.32389e-06 1.58261e-05
scan 320 0 34 0 0 0 0 0 0 0 0 0
scan 320 0 35 0 0 0 0 0 0 0 0 0
scan 320 0 36 1.10324e-05 0 1.10324e-05 3.30973e-07 3.30973e-07 3.30973e-07 5.51621e-07 6.61945e-07 7.91303e-06
scan 320 0 37 1.10324e-05 0 1.10324e-05 3.30973e-07 3.30973e-07 3.30973e-07 5.51621e-07 6.61945e-07 7.91303e-06
scan 320 0 38 0 0 0 0 0 0 0 0 0
scan 320 0 39 0 0 0 0 0 0 0 0 0
scan 320 0 40 0 0 0 0 0 0 0 0 0
scan 320 0 41 1.10324e-05 0 1.10324e-05 3.30973e-07 3.30973e-07 3.30973e-07 5.51621e-07 6.61945e-07 7.91303e-06
scan 320 0 42 1.10324e-05 0 1.10324e-05 3.30973e-07 3.30973e-07 3.30973e-07 5.51621e-07 6.61945e-07 7.91303e-06
scan 320 0 43 2.20648e-05 0 1.56022e-05 6.61945e-07 6.61945e-07 6.61945e-07 1.10324e-06 1.32389e-06 1.58261e-05
scan 320 0 44 5.51621e-05 0 2.46692e-05 1.65486e-06 1.65486e-06 1.65486e-06 2.7581e-06 3.30973e-06 3.95652e-05
scan 320 0 45 1.10324e-05 0 1.10324e-05 3.30973e-07 3.30973e-07 3.30973e-07 5.51621e-07 6.61945e-07 7.91303e-06
scan 320 0 46 1.10324e-05 0 1.10324e-05 3.30973e-07 3.30973e-07 3.30973e-07 5.51621e-07 6.61945e-07 7.91303e-06
scan 320 0 47 0 0 0 0 0 0 0 0 0
scan 320 0 48 0 0 0 0 0 0 0 0 0
scan 320 0 49 1.10324e-05 0 1.10324e-05 3.30973e-07 3.30973e-07 3.30973e-07 5.51621e-07 6.61945e-07 7.91303e-06
scan 320 0 50 0 0 0 0 0 0 0 0 0
scan 320 0 51 0 0 0 0 0 0 0 0 0
scan 320 0 52 0 0 0 0 0 0 0 0 0
scan 320 0 53 0 0 0 0 0 0 0 0 0
scan 320 0 54 1.10324e-05 0 1.10324e-05 3.30973e-07 3.30973e-07 3.30973e-07 5.51621e-07 6.61945e-07 7.91303e-06
scan 320 0 55 0 0 0 0 0 0 0 0 0
scan 320 0 56 0 0 0 0 0 0 0 0 0
scan 320 0 57 0 0 0 0 0 0 0 0 0
scan 320 0 58 0 0 0 0 0 0 0 0 0
scan 320 0 59 3.30973e-05 0 1.91087e-05 9.92918e-07 9.92918e-07 9.92918e-07 1.65486e-06 1.98584e-06 2.37391e-05
scan 320 0 60 0 0 0 0 0 0 0 0 0
scan 320 0 61 0 0 0 0 0 0 0 0 0
scan 320 0 62 0 0 0 0 0 0 0 0 0
scan 320 0 63 0 0 0 0 0 0 0 0 0
scan 320 0 64 0 0 0 0 0 0 0 0 0
scan 320 0 65 0 0 0 0 0 0 0 0 0
scan 320 0 66 0 0 0 0 0 0 0 0 0
scan 320 0 67 0 0 0 0 0 0 0 0 0
scan 320 0 68 0 0 0 0 0 0 0 0 0
scan 320 0 69 0 0 0 0 0 0 0 0 0
scan 320 0 70 0 0 0 0 0 0 0 0 0
scan 320 0 71 0 0 0 0 0 0 0 0 0
scan 320 0 72 0 0 0 0 0 0 0 0 0
scan 320 0 73 0 0 0 0 0 0 0 0 0
scan 320 0 74 0 0 0 0 0 0 0 0 0
scan 320 0 75 0 0 0 0 0 0 0 0 0
scan 320 0 76 0 0 0 0 0 0 0 0 0
scan 320 0 77 0 0 0 0 0 0 0 0 0
scan 320 0 78 0 0 0 0 0 0 0 0 0
scan 320 0 79 0 0 0 0 0 0 0 0 0
scan 320 0 80 0 0 0 0 0 0 0 0 0
scan 320 0 81 1.10324e-05 0 1.10324e-05 3.30973e-07 3.30973e-07 3.30973e-07 5.51621e-07 6.61945e-07 7.91303e-06
scan 320 0 82 0 0 0 0 0 0 0 0 0
scan 320 0 83 0 0 0 0 0 0 0 0 0
scan 320 0 84 0 0 0 0 0 0 0 0 0
scan 320 0 85 0 0 0 0 0 0 0 0 0
scan 320 0 86 0 0 0 0 0 0 0 0 0
scan 320 0 87 0 0 0 0 0 0 0 0 0
scan 320 0 88 0 0 0 0 0 0 0 0 0
scan 320 0 89 0 0 0 0 0 0 0 0 0
scan 320 0 90 3.30973e-05 0 1.91087e-05 9.92918e-07 9.92918e-07 9.92918e-07 1.65486e-06 1.98584e-06 2.37391e-05
scan 320 0 91 7.72269e-05 0 2.9189e-05 2.31681e-06 2.31681e-06 2.31681e-06 3.86135e-06 4.63362e-06 5.53912e-05
scan 320 0 92 1.10324e-05 0 1.10324e-05 3.30973e-07 3.30973e-07 3.30973e-07 5.51621e-07 6.61945e-07 7.91303e-06
scan 320 0 93 1.10324e-05 0 1.10324e-05 3.30973e-07 3.30973e-07 3.30973e-07 5.51621e-07 6.61945e-07 7.91303e-06
scan 320 0 94 0 0 0 0 0 0 0 0 0
scan 320 0 95 0 0 0 0 0 0 0 0 0
scan 320 0 96 1.10324e-05 0 1.10324e-05 3.30973e-07 3.30973e-07 3.30973e-07 5.51621e-07 6.61945e-07 7.91303e-06
scan 320 0 97 1.10324e-05 0 1.10324e-05 3.30973e-07 3.30973e-07 3.30973e-07 5.51621e-07 6.61945e-07 7.91303e-06
scan 320 0 98 0 0 0 0 0 0 0 0 0
scan 320 0 99 0 0 0 0 0 0 0 0 0
scan 320 0 100 0 0 0 0 0 0 0 0 0
scan 320 0 101 3.30973e-05 0 1.91087e-05 9.92918e-07 9.92918e-07 9.92918e-07 1.65486e-06 1.98584e-06 2.37391e-05
scan 320 0 102 2.20648e-05 0 1.56022e-05 6.61945e-07 6.61945e-07 6.61945e-07 1.10324e-06 1.32389e-06 1.58261e-05
scan 320 0 103 5.51621e-05 0 2.46692e-05 1.65486e-06 1.65486e-06 1.65486e-06 2.7581e-06 3.30973e-06 3.95652e-05
scan 320 0 104 0 0 0 0 0 0 0 0 0
scan 320 0 60 0 0 0 0 0 0 0 0 0
scan 320 0 61 0 0 0 0 0 0 0 0 0
scan 320 0 62 0 0 0 0 0 0 0 0 0
scan 320 0 63 0 0 0 0 0 0 0 0 0
scan 320 0 64 0 0 0 0 0 0 0 0 0
scan 320 0 65 0 0 0 0 0 0 0 0 0
scan 320 0 66 0 0 0 0 0 0 0 0 0
scan 320 0 67 0 0 0 0 0 0 0 0 0
scan 320 0 68 0 0 0 0 0 0 0 0 0
scan 320 0 69 0 0 0 0 0 0 0 0 0
scan 320 0 70 0 0 0 0 0 0 0 0 0
scan 320 0 71 0 0 0 0 0 0 0 0 0
scan 320 0 72 0 0 0 0 0 0 0 0 0
scan 320 0 73 0 0 0 0 0 0 0 0 0
scan 320 0 74 0 0 0 0 0 0 0 0 0
scan 320 0 120 0 0 0 0 0 0 0 0 0
scan 320 0 121 0 0 0 0 0 0 0 0 0
scan 320 0 122 1.10324e-05 0 1.10324e-05 3.30973e-07 3.30973e-07 3.30973e-07 5.51621e-07 6.61945e-07 7.91303e-06
scan 320 0 123 0 0 0 0 0 0 0 0 0
scan 320 0 124 0 0 0 0 0 0 0 0 0
scan 320 0 125 0 0 0 0 0 0 0 0 0
scan 320 0 126 0 0 0 0 0 0 0 0 0
scan 320 0 127 0 0 0 0 0 0 0 0 0
scan 320 0 128 0 0 0 0 0 0 0 0 0
scan 320 0 129 0 0 0 0 0 0 0 0 0
scan 320 0 130 0 0 0 0 0 0 0 0 0
scan 320 0 131 0 0 0 0 0 0 0 0 0
scan 320 0 132 0 0 0 0 0 0 0 0 0
scan 320 0 133 0 0 0 0 0 0 0 0 0
scan 320 0 134 0 0 0 0 0 0 0 0 0
scan 320 0 135 2.20648e-05 0 1.56022e-05 6.61945e-07 6.61945e-07 6.61945e-07 1.10324e-06 1.32389e-06 1.58261e-05
scan 320 0 136 0 0 0 0 0 0 0 0 0
scan 320 0 137 2.20648e-05 0 1.56022e-05 6.61945e-07 6.61945e-07 6.61945e-07 1.10324e-06 1.32389e-06 1.58261e-05
scan 320 0 138 0 0 0 0 0 0 0 0 0
scan 320 0 139 0 0 0 0 0 0 0 0 0
scan 320 0 140 1.10324e-05 0 1.10324e-05 3.30973e-07 3.30973e-07 3.30973e-07 5.51621e-07 6.61945e-07 7.91303e-06
scan 320 0 141 2.20648e-05 0 1.56022e-05 6.61945e-07 6.61945e-07 6.61945e-07 1.10324e-06 1.32389e-06 1.58261e-05
scan 320 0 142 0 0 0 0 0 0 0 0 0
scan 320 0 143 0 0 0 0 0 0 0 0 0
scan 320 0 144 0 0 0 0 0 0 0 0 0
scan 320 0 145 0 0 0 0 0 0 0 0 0
scan 320 0 146 0 0 0 0 0 0 0 0 0
scan 320 0 147 1.10324e-05 0 1.10324e-05 3.30973e-07 3.30973e-07 3.30973e-07 5.51621e-07 6.61945e-07 7.91303e-06
scan 320 0 148 0 0 0 0 0 0 0 0 0
scan 320 0 149 2.20648e-05 0 1.56022e-05 6.61945e-07 6.61945e-07 6.61945e-07 1.10324e-06 1.32389e-06 1.58261e-05
scan 320 0 60 0 0 0 0 0 0 0 0 0
scan 320 0 61 0 0 0 0 0 0 0 0 0
scan 320 0 62 0 0 0 0 0 0 0 0 0
scan 320 0 63 0 0 0 0 0 0 0 0 0
scan 320 0 64 0 0 0 0 0 0 0 0 0
scan 320 0 65 0 0 0 0 0 0 0 0 0
scan 320 0 66 0 0 0 0 0 0 0 0 0
scan 320 0 67 0 0 0 0 0 0 0 0 0
scan 320 0 68 0 0 0 0 0 0 0 0 0
scan 320 0 69 0 0 0 0 0 0 0 0 0
scan 320 0 70 0 0 0 0 0 0 0 0 0
scan 320 0 71 0 0 0 0 0 0 0 0 0
scan 320 0 72 0 0 0 0 0 0 0 0 0
scan 320 0 73 0 0 0 0 0 0 0 0 0
scan 320 0 74 0 0 0 0 0 0 0 0 0
scan 320 0 165 0 0 0 0 0 0 0 0 0
scan 320 0 166 0 0 0 0 0 0 0 0 0
scan 320 0 167 0 0 0 0 0 0 0 0 0
scan 320 0 168 0 0 0 0 0 0 0 0 0
scan 320 0 169 0 0 0 0 0 0 0 0 0
scan 320 0 170 0 0 0 0 0 0 0 0 0
scan 320 0 171 0 0 0 0 0 0 0 0 0
scan 320 0 172 0 0 0 0 0 0 0 0 0
scan 320 0 173 0 0 0 0 0 0 0 0 0
scan 320 0 174 0 0 0 0 0 0 0 0 0
scan 320 0 175 0 0 0 0 0 0 0 0 0
scan 320 0 176 0 0 0 0 0 0 0 0 0
scan 320 0 177 0 0 0 0 0 0 0 0 0
scan 320 0 178 0 0 0 0 0 0 0 0 0
scan 320 0 179 0 0 0 0 0 0 0 0 0
