xsec 320 20 0.110302
scan 320 20 0 1.10302e-05 0 1.10302e-05 3.30906e-07 3.30906e-07 3.30906e-07 5.51511e-07 6.61813e-07 7.91145e-06
scan 320 20 1 6.61813e-05 0 2.70184e-05 1.98544e-06 1.98544e-06 1.98544e-06 3.30906e-06 3.97088e-06 4.74687e-05
scan 320 20 2 0 0 0 0 0 0 0 0 0
scan 320 20 3 1.10302e-05 0 1.10302e-05 3.30906e-07 3.30906e-07 3.30906e-07 5.51511e-07 6.61813e-07 7.91145e-06
scan 320 20 4 1.10302e-05 0 1.10302e-05 3.30906e-07 3.30906e-07 3.30906e-07 5.51511e-07 6.61813e-07 7.91145e-06
scan 320 20 5 0 0 0 0 0 0 0 0 0
scan 320 20 6 2.20604e-05 0 1.55991e-05 6.61813e-07 6.61813e-07 6.61813e-07 1.10302e-06 1.32363e-06 1.58229e-05
scan 320 20 7 1.10302e-05 0 1.10302e-05 3.30906e-07 3.30906e-07 3.30906e-07 5.51511e-07 6.61813e-07 7.91145e-06
scan 320 20 8 1.10302e-05 0 1.10302e-05 3.30906e-07 3.30906e-07 3.30906e-07 5.51511e-07 6.61813e-07 7.91145e-06
scan 320 20 9 0 0 0 0 0 0 0 0 0
scan 320 20 10 0 0 0 0 0 0 0 0 0
scan 320 20 11 2.20604e-05 0 1.55991e-05 6.61813e-07 6.61813e-07 6.61813e-07 1.10302e-06 1.32363e-06 1.58229e-05
scan 320 20 12 5.51511e-05 0 2.46643e-05 1.65453e-06 1.65453e-06 1.65453e-06 2.75755e-06 3.30906e-06 3.95573e-05
scan 320 20 13 1.10302e-05 0 1.10302e-05 3.30906e-07 3.30906e-07 3.30906e-07 5.51511e-07 6.61813e-07 7.91145e-06
scan 320 20 14 5.51511e-05 0 2.46643e-05 1.65453e-06 1.65453e-06 1.65453e-06 2.75755e-06 3.30906e-06 3.95573e-05
scan 320 20 15 0.000551511 0 7.79954e-05 1.65453e-05 1.65453e-05 1.65453e-05 2.75755e-05 3.30906e-05 0.000395573
scan 320 20 16 0.0011692 0 0.000113563 3.50761e-05 3.50761e-05 3.50761e-05 5.84601e-05 7.01522e-05 0.000838614
scan 320 20 17 0.000904477 0 9.98828e-05 2.71343e-05 2.71343e-05 2.71343e-05 4.52239e-05 5.42686e-05 0.000648739
scan 320 20 18 0.000882417 0 9.86572e-05 2.64725e-05 2.64725e-05 2.64725e-05 4.41209e-05 5.2945e-05 0.000632916
scan 320 20 19 0.000959629 0 0.000102883 2.87889e-05 2.87889e-05 2.87889e-05 4.79814e-05 5.75777e-05 0.000688296
scan 320 20 20 4.41209e-05 0 2.20604e-05 1.32363e-06 1.32363e-06 1.32363e-06 2.20604e-06 2.64725e-06 3.16458e-05
scan 320 20 21 0.000253695 0 5.2899e-05 7.61085e-06 7.61085e-06 7.61085e-06 1.26847e-05 1.52217e-05 0.000181963
scan 320 20 22 0.000330906 0 6.0415e-05 9.92719e-06 9.92719e-06 9.92719e-06 1.65453e-05 1.98544e-05 0.000237344
scan 320 20 23 0.000297816 0 5.73147e-05 8.93447e-06 8.93447e-06 8.93447e-06 1.48908e-05 1.78689e-05 0.000213609
scan 320 20 24 0.000308846 0 5.83664e-05 9.26538e-06 9.26538e-06 9.26538e-06 1.54423e-05 1.85308e-05 0.000221521
scan 320 20 25 2.20604e-05 0 1.55991e-05 6.61813e-07 6.61813e-07 6.61813e-07 1.10302e-06 1.32363e-06 1.58229e-05
scan 320 20 26 0.000275755 0 5.51511e-05 8.27266e-06 8.27266e-06 8.27266e-06 1.37878e-05 1.65453e-05 0.000197786
scan 320 20 27 0.000838296 0 9.61592e-05 2.51489e-05 2.51489e-05 2.51489e-05 4.19148e-05 5.02978e-05 0.00060127
scan 320 20 28 0.000959629 0 0.000102883 2.87889e-05 2.87889e-05 2.87889e-05 4.79814e-05 5.75777e-05 0.000688296
scan 320 20 29 0.00168762 0 0.000136436 5.06287e-05 5.06287e-05 5.06287e-05 8.43811e-05 0.000101257 0.00121045
scan 320 20 30 0 0 0 0 0 0 0 0 0
scan 320 20 31 3.30906e-05 0 1.91049e-05 9.92719e-07 9.92719e-07 9.92719e-07 1.65453e-06 1.98544e-06 2.37344e-05
scan 320 20 32 3.30906e-05 0 1.91049e-05 9.92719e-07 9.92719e-07 9.92719e-07 1.65453e-06 1.98544e-06 2.37344e-05
scan 320 20 33 0 0 0 0 0 0 0 0 0
scan 320 20 34 1.10302e-05 0 1.10302e-05 3.30906e-07 3.30906e-07 3.30906e-07 5.51511e-07 6.61813e-07 7.91145e-06
scan 320 20 35 0 0 0 0 0 0 0 0 0
scan 320 20 36 0 0 0 0 0 0 0 0 0
scan 320 20 37 1.10302e-05 0 1.10302e-05 3.30906e-07 3.30906e-07 3.30906e-07 5.51511e-07 6.61813e-07 7.91145e-06
scan 320 20 38 0 0 0 0 0 0 0 0 0
scan 320 20 39 1.10302e-05 0 1.10302e-05 3.30906e-07 3.30906e-07 3.30906e-07 5.51511e-07 6.61813e-07 7.91145e-06
scan 320 20 40 0 0 0 0 0 0 0 0 0
scan 320 20 41 1.10302e-05 0 1.10302e-05 3.30906e-07 3.30906e-07 3.30906e-07 5.51511e-07 6.61813e-07 7.91145e-06
scan 320 20 42 4.41209e-05 0 2.20604e-05 1.32363e-06 1.32363e-06 1.32363e-06 2.20604e-06 2.64725e-06 3.16458e-05
scan 320 20 43 2.20604e-05 0 1.55991e-05 6.61813e-07 6.61813e-07 6.61813e-07 1.10302e-06 1.32363e-06 1.58229e-05
scan 320 20 44 4.41209e-05 0 2.20604e-05 1.32363e-06 1.32363e-06 1.32363e-06 2.20604e-06 2.64725e-06 3.16458e-05
scan 320 20 45 1.10302e-05 0 1.10302e-05 3.30906e-07 3.30906e-07 3.30906e-07 5.51511e-07 6.61813e-07 7.91145e-06
scan 320 20 46 0 0 0 0 0 0 0 0 0
scan 320 20 47 2.20604e-05 0 1.55991e-05 6.61813e-07 6.61813e-07 6.61813e-07 1.10302e-06 1.32363e-06 1.58229e-05
scan 320 20 48 1.10302e-05 0 1.10302e-05 3.30906e-07 3.30906e-07 3.30906e-07 5.51511e-07 6.61813e-07 7.91145e-06
scan 320 20 49 0 0 0 0 0 0 0 0 0
scan 320 20 50 0 0 0 0 0 0 0 0 0
scan 320 20 51 0 0 0 0 0 0 0 0 0
scan 320 20 52 0 0 0 0 0 0 0 0 0
scan 320 20 53 1.10302e-05 0 1.10302e-05 3.30906e-07 3.30906e-07 3.30906e-07 5.51511e-07 6.61813e-07 7.91145e-06
scan 320 20 54 1.10302e-05 0 1.10302e-05 3.30906e-07 3.30906e-07 3.30906e-07 5.51511e-07 6.61813e-07 7.91145e-06
scan 320 20 55 0 0 0 0 0 0 0 0 0
scan 320 20 56 1.10302e-05 0 1.10302e-05 3.30906e-07 3.30906e-07 3.30906e-07 5.51511e-07 6.61813e-07 7.91145e-06
scan 320 20 57 1.10302e-05 0 1.10302e-05 3.30906e-07 3.30906e-07 3.30906e-07 5.51511e-07 6.61813e-07 7.91145e-06
scan 320 20 58 0 0 0 0 0 0 0 0 0
scan 320 20 59 0 0 0 0 0 0 0 0 0
scan 320 20 60 0 0 0 0 0 0 0 0 0
scan 320 20 61 0 0 0 0 0 0 0 0 0
scan 320 20 62 0 0 0 0 0 0 0 0 0
scan 320 20 63 0 0 0 0 0 0 0 0 0
scan 320 20 64 0 0 0 0 0 0 0 0 0
scan 320 20 65 0 0 0 0 0 0 0 0 0
scan 320 20 66 0 0 0 0 0 0 0 0 0
scan 320 20 67 0 0 0 0 0 0 0 0 0
scan 320 20 68 0 0 0 0 0 0 0 0 0
scan 320 20 69 0 0 0 0 0 0 0 0 0
scan 320 20 70 0 0 0 0 0 0 0 0 0
scan 320 20 71 0 0 0 0 0 0 0 0 0
scan 320 20 72 0 0 0 0 0 0 0 0 0
scan 320 20 73 0 0 0 0 0 0 0 0 0
scan 320 20 74 0 0 0 0 0 0 0 0 0
scan 320 20 75 0 0 0 0 0 0 0 0 0
scan 320 20 76 0 0 0 0 0 0 0 0 0
scan 320 20 77 1.10302e-05 0 1.10302e-05 3.30906e-07 3.30906e-07 3.30906e-07 5.51511e-07 6.61813e-07 7.91145e-06
scan 320 20 78 0 0 0 0 0 0 0 0 0
scan 320 20 79 0 0 0 0 0 0 0 0 0
scan 320 20 80 0 0 0 0 0 0 0 0 0
scan 320 20 81 0 0 0 0 0 0 0 0 0
scan 320 20 82 0 0 0 0 0 0 0 0 0
scan 320 20 83 0 0 0 0 0 0 0 0 0
scan 320 20 84 0 0 0 0 0 0 0 0 0
scan 320 20 85 0 0 0 0 0 0 0 0 0
scan 320 20 86 1.10302e-05 0 1.10302e-05 3.30906e-07 3.30906e-07 3.30906e-07 5.51511e-07 6.61813e-07 7.91145e-06
scan 320 20 87 0 0 0 0 0 0 0 0 0
scan 320 20 88 1.10302e-05 0 1.10302e-05 3.30906e-07 3.30906e-07 3.30906e-07 5.51511e-07 6.61813e-07 7.91145e-06
scan 320 20 89 0 0 0 0 0 0 0 0 0
scan 320 20 90 1.10302e-05 0 1.10302e-05 3.30906e-07 3.30906e-07 3.30906e-07 5.51511e-07 6.61813e-07 7.91145e-06
scan 320 20 91 3.30906e-05 0 1.91049e-05 9.92719e-07 9.92719e-07 9.92719e-07 1.65453e-06 1.98544e-06 2.37344e-05
scan 320 20 92 1.10302e-05 0 1.10302e-05 3.30906e-07 3.30906e-07 3.30906e-07 5.51511e-07 6.61813e-07 7.91145e-06
scan 320 20 93 1.10302e-05 0 1.10302e-05 3.30906e-07 3.30906e-07 3.30906e-07 5.51511e-07 6.61813e-07 7.91145e-06
scan 320 20 94 0 0 0 0 0 0 0 0 0
scan 320 20 95 0 0 0 0 0 0 0 0 0
scan 320 20 96 1.10302e-05 0 1.10302e-05 3.30906e-07 3.30906e-07 3.30906e-07 5.51511e-07 6.61813e-07 7.91145e-06
scan 320 20 97 0 0 0 0 0 0 0 0 0
scan 320 20 98 0 0 0 0 0 0 0 0 0
scan 320 20 99 0 0 0 0 0 0 0 0 0
scan 320 20 100 0 0 0 0 0 0 0 0 0
scan 320 20 101 3.30906e-05 0 1.91049e-05 9.92719e-07 9.92719e-07 9.92719e-07 1.65453e-06 1.98544e-06 2.37344e-05
scan 320 20 102 5.51511e-05 0 2.46643e-05 1.65453e-06 1.65453e-06 1.65453e-06 2.75755e-06 3.30906e-06 3.95573e-05
scan 320 20 103 2.20604e-05 0 1.55991e-05 6.61813e-07 6.61813e-07 6.61813e-07 1.10302e-06 1.32363e-06 1.58229e-05
scan 320 20 104 2.20604e-05 0 1.55991e-05 6.61813e-07 6.61813e-07 6.61813e-07 1.10302e-06 1.32363e-06 1.58229e-05
scan 320 20 60 0 0 0 0 0 0 0 0 0
scan 320 20 61 0 0 0 0 0 0 0 0 0
scan 320 20 62 0 0 0 0 0 0 0 0 0
scan 320 20 63 0 0 0 0 0 0 0 0 0
scan 320 20 64 0 0 0 0 0 0 0 0 0
scan 320 20 65 0 0 0 0 0 0 0 0 0
scan 320 20 66 0 0 0 0 0 0 0 0 0
scan 320 20 67 0 0 0 0 0 0 0 0 0
scan 320 20 68 0 0 0 0 0 0 0 0 0
scan 320 20 69 0 0 0 0 0 0 0 0 0
scan 320 20 70 0 0 0 0 0 0 0 0 0
scan 320 20 71 0 0 0 0 0 0 0 0 0
scan 320 20 72 0 0 0 0 0 0 0 0 0
scan 320 20 73 0 0 0 0 0 0 0 0 0
scan 320 20 74 0 0 0 0 0 0 0 0 0
scan 320 20 120 0 0 0 0 0 0 0 0 0
scan 320 20 121 0 0 0 0 0 0 0 0 0
scan 320 20 122 0 0 0 0 0 0 0 0 0
scan 320 20 123 0 0 0 0 0 0 0 0 0
scan 320 20 124 0 0 0 0 0 0 0 0 0
scan 320 20 125 0 0 0 0 0 0 0 0 0
scan 320 20 126 0 0 0 0 0 0 0 0 0
scan 320 20 127 0 0 0 0 0 0 0 0 0
scan 320 20 128 0 0 0 0 0 0 0 0 0
scan 320 20 129 0 0 0 0 0 0 0 0 0
scan 320 20 130 0 0 0 0 0 0 0 0 0
scan 320 20 131 0 0 0 0 0 0 0 0 0
scan 320 20 132 0 0 0 0 0 0 0 0 0
scan 320 20 133 0 0 0 0 0 0 0 0 0
scan 320 20 134 0 0 0 0 0 0 0 0 0
scan 320 20 135 1.10302e-05 0 1.10302e-05 3.30906e-07 3.30906e-07 3.30906e-07 5.51511e-07 6.61813e-07 7.91145e-06
scan 320 20 136 3.30906e-05 0 1.91049e-05 9.92719e-07 9.92719e-07 9.92719e-07 1.65453e-06 1.98544e-06 2.37344e-05
scan 320 20 137 2.20604e-05 0 1.55991e-05 6.61813e-07 6.61813e-07 6.61813e-07 1.10302e-06 1.32363e-06 1.58229e-05
scan 320 20 138 2.20604e-05 0 1.55991e-05 6.61813e-07 6.61813e-07 6.61813e-07 1.10302e-06 1.32363e-06 1.58229e-05
scan 320 20 139 1.10302e-05 0 1.10302e-05 3.30906e-07 3.30906e-07 3.30906e-07 5.51511e-07 6.61813e-07 7.91145e-06
scan 320 20 140 0 0 0 0 0 0 0 0 0
scan 320 20 141 0 0 0 0 0 0 0 0 0
scan 320 20 142 0 0 0 0 0 0 0 0 0
scan 320 20 143 2.20604e-05 0 1.55991e-05 6.61813e-07 6.61813e-07 6.61813e-07 1.10302e-06 1.32363e-06 1.58229e-05
scan 320 20 144 1.10302e-05 0 1.10302e-05 3.30906e-07 3.30906e-07 3.30906e-07 5.51511e-07 6.61813e-07 7.91145e-06
scan 320 20 145 0 0 0 0 0 0 0 0 0
scan 320 20 146 1.10302e-05 0 1.10302e-05 3.30906e-07 3.30906e-07 3.30906e-07 5.51511e-07 6.61813e-07 7.91145e-06
scan 320 20 147 0 0 0 0 0 0 0 0 0
scan 320 20 148 0 0 0 0 0 0 0 0 0
scan 320 20 149 1.10302e-05 0 1.10302e-05 3.30906e-07 3.30906e-07 3.30906e-07 5.51511e-07 6.61813e-07 7.91145e-06
scan 320 20 60 0 0 0 0 0 0 0 0 0
scan 320 20 61 0 0 0 0 0 0 0 0 0
scan 320 20 62 0 0 0 0 0 0 0 0 0
scan 320 20 63 0 0 0 0 0 0 0 0 0
scan 320 20 64 0 0 0 0 0 0 0 0 0
scan 320 20 65 0 0 0 0 0 0 0 0 0
scan 320 20 66 0 0 0 0 0 0 0 0 0
scan 320 20 67 0 0 0 0 0 0 0 0 0
scan 320 20 68 0 0 0 0 0 0 0 0 0
scan 320 20 69 0 0 0 0 0 0 0 0 0
scan 320 20 70 0 0 0 0 0 0 0 0 0
scan 320 20 71 0 0 0 0 0 0 0 0 0
scan 320 20 72 0 0 0 0 0 0 0 0 0
scan 320 20 73 0 0 0 0 0 0 0 0 0
scan 320 20 74 0 0 0 0 0 0 0 0 0
scan 320 20 165 0 0 0 0 0 0 0 0 0
scan 320 20 166 0 0 0 0 0 0 0 0 0
scan 320 20 167 1.10302e-05 0 1.10302e-05 3.30906e-07 3.30906e-07 3.30906e-07 5.51511e-07 6.61813e-07 7.91145e-06
scan 320 20 168 0 0 0 0 0 0 0 0 0
scan 320 20 169 0 0 0 0 0 0 0 0 0
scan 320 20 170 0 0 0 0 0 0 0 0 0
scan 320 20 171 0 0 0 0 0 0 0 0 0
scan 320 20 172 0 0 0 0 0 0 0 0 0
scan 320 20 173 0 0 0 0 0 0 0 0 0
scan 320 20 174 0 0 0 0 0 0 0 0 0
scan 320 20 175 0 0 0 0 0 0 0 0 0
scan 320 20 176 0 0 0 0 0 0 0 0 0
scan 320 20 177 0 0 0 0 0 0 0 0 0
scan 320 20 178 0 0 0 0 0 0 0 0 0
scan 320 20 179 0 0 0 0 0 0 0 0 0
