xsec 440 80 0.0249422
scan 440 80 0 4.98895e-06 0 3.52772e-06 1.49668e-07 1.49668e-07 1.49668e-07 2.49447e-07 2.99337e-07 3.70107e-06
scan 440 80 1 9.9779e-06 0 4.98895e-06 2.99337e-07 2.99337e-07 2.99337e-07 4.98895e-07 5.98674e-07 7.40214e-06
scan 440 80 2 2.49447e-06 0 2.49447e-06 7.48342e-08 7.48342e-08 7.48342e-08 1.24724e-07 1.49668e-07 1.85053e-06
scan 440 80 3 0 0 0 0 0 0 0 0 0
scan 440 80 4 2.49447e-06 0 2.49447e-06 7.48342e-08 7.48342e-08 7.48342e-08 1.24724e-07 1.49668e-07 1.85053e-06
scan 440 80 5 0 0 0 0 0 0 0 0 0
scan 440 80 6 2.49447e-06 0 2.49447e-06 7.48342e-08 7.48342e-08 7.48342e-08 1.24724e-07 1.49668e-07 1.85053e-06
scan 440 80 7 2.49447e-06 0 2.49447e-06 7.48342e-08 7.48342e-08 7.48342e-08 1.24724e-07 1.49668e-07 1.85053e-06
scan 440 80 8 0 0 0 0 0 0 0 0 0
scan 440 80 9 4.98895e-06 0 3.52772e-06 1.49668e-07 1.49668e-07 1.49668e-07 2.49447e-07 2.99337e-07 3.70107e-06
scan 440 80 10 0 0 0 0 0 0 0 0 0
scan 440 80 11 4.98895e-06 0 3.52772e-06 1.49668e-07 1.49668e-07 1.49668e-07 2.49447e-07 2.99337e-07 3.70107e-06
scan 440 80 12 7.48342e-06 0 4.32056e-06 2.24503e-07 2.24503e-07 2.24503e-07 3.74171e-07 4.49005e-07 5.5516e-06
scan 440 80 13 7.48342e-06 0 4.32056e-06 2.24503e-07 2.24503e-07 2.24503e-07 3.74171e-07 4.49005e-07 5.5516e-06
scan 440 80 14 3.49226e-05 0 9.33347e-06 1.04768e-06 1.04768e-06 1.04768e-06 1.74613e-06 2.09536e-06 2.59075e-05
scan 440 80 15 6.23618e-05 0 1.24724e-05 1.87086e-06 1.87086e-06 1.87086e-06 3.11809e-06 3.74171e-06 4.62634e-05
scan 440 80 16 0.000119735 0 1.72822e-05 3.59204e-06 3.59204e-06 3.59204e-06 5.98674e-06 7.18408e-06 8.88257e-05
scan 440 80 17 0.000144679 0 1.89973e-05 4.34038e-06 4.34038e-06 4.34038e-06 7.23397e-06 8.68077e-06 0.000107331
scan 440 80 18 0.000154657 0 1.96415e-05 4.63972e-06 4.63972e-06 4.63972e-06 7.73287e-06 9.27944e-06 0.000114733
scan 440 80 19 0.000266909 0 2.5803e-05 8.00726e-06 8.00726e-06 8.00726e-06 1.33454e-05 1.60145e-05 0.000198007
scan 440 80 20 2.49447e-06 0 2.49447e-06 7.48342e-08 7.48342e-08 7.48342e-08 1.24724e-07 1.49668e-07 1.85053e-06
scan 440 80 21 2.74392e-05 0 8.27323e-06 8.23176e-07 8.23176e-07 8.23176e-07 1.37196e-06 1.64635e-06 2.03559e-05
scan 440 80 22 6.73508e-05 0 1.29617e-05 2.02052e-06 2.02052e-06 2.02052e-06 3.36754e-06 4.04105e-06 4.99644e-05
scan 440 80 23 4.98895e-05 0 1.11556e-05 1.49668e-06 1.49668e-06 1.49668e-06 2.49447e-06 2.99337e-06 3.70107e-05
scan 440 80 24 6.98453e-05 0 1.31995e-05 2.09536e-06 2.09536e-06 2.09536e-06 3.49226e-06 4.19072e-06 5.1815e-05
scan 440 80 25 7.48342e-06 0 4.32056e-06 2.24503e-07 2.24503e-07 2.24503e-07 3.74171e-07 4.49005e-07 5.5516e-06
scan 440 80 26 7.98232e-05 0 1.41109e-05 2.39469e-06 2.39469e-06 2.39469e-06 3.99116e-06 4.78939e-06 5.92171e-05
scan 440 80 27 0.000119735 0 1.72822e-05 3.59204e-06 3.59204e-06 3.59204e-06 5.98674e-06 7.18408e-06 8.88257e-05
scan 440 80 28 0.00021203 0 2.29979e-05 6.36091e-06 6.36091e-06 6.36091e-06 1.06015e-05 1.27218e-05 0.000157295
scan 440 80 29 0.000813198 0 4.50389e-05 2.4396e-05 2.4396e-05 2.4396e-05 4.06599e-05 4.87919e-05 0.000603274
scan 440 80 30 0 0 0 0 0 0 0 0 0
scan 440 80 31 2.49447e-06 0 2.49447e-06 7.48342e-08 7.48342e-08 7.48342e-08 1.24724e-07 1.49668e-07 1.85053e-06
scan 440 80 32 1.24724e-05 0 5.57781e-06 3.74171e-07 3.74171e-07 3.74171e-07 6.23618e-07 7.48342e-07 9.25267e-06
scan 440 80 33 4.98895e-06 0 3.52772e-06 1.49668e-07 1.49668e-07 1.49668e-07 2.49447e-07 2.99337e-07 3.70107e-06
scan 440 80 34 7.48342e-06 0 4.32056e-06 2.24503e-07 2.24503e-07 2.24503e-07 3.74171e-07 4.49005e-07 5.5516e-06
scan 440 80 35 2.49447e-06 0 2.49447e-06 7.48342e-08 7.48342e-08 7.48342e-08 1.24724e-07 1.49668e-07 1.85053e-06
scan 440 80 36 0 0 0 0 0 0 0 0 0
scan 440 80 37 0 0 0 0 0 0 0 0 0
scan 440 80 38 0 0 0 0 0 0 0 0 0
scan 440 80 39 4.98895e-06 0 3.52772e-06 1.49668e-07 1.49668e-07 1.49668e-07 2.49447e-07 2.99337e-07 3.70107e-06
scan 440 80 40 0 0 0 0 0 0 0 0 0
scan 440 80 41 0 0 0 0 0 0 0 0 0
scan 440 80 42 2.49447e-06 0 2.49447e-06 7.48342e-08 7.48342e-08 7.48342e-08 1.24724e-07 1.49668e-07 1.85053e-06
scan 440 80 43 1.49668e-05 0 6.11019e-06 4.49005e-07 4.49005e-07 4.49005e-07 7.48342e-07 8.98011e-07 1.11032e-05
scan 440 80 44 1.49668e-05 0 6.11019e-06 4.49005e-07 4.49005e-07 4.49005e-07 7.48342e-07 8.98011e-07 1.11032e-05
scan 440 80 45 0 0 0 0 0 0 0 0 0
scan 440 80 46 2.49447e-06 0 2.49447e-06 7.48342e-08 7.48342e-08 7.48342e-08 1.24724e-07 1.49668e-07 1.85053e-06
scan 440 80 47 0 0 0 0 0 0 0 0 0
scan 440 80 48 2.49447e-06 0 2.49447e-06 7.48342e-08 7.48342e-08 7.48342e-08 1.24724e-07 1.49668e-07 1.85053e-06
scan 440 80 49 0 0 0 0 0 0 0 0 0
scan 440 80 50 0 0 0 0 0 0 0 0 0
scan 440 80 51 0 0 0 0 0 0 0 0 0
scan 440 80 52 2.49447e-06 0 2.49447e-06 7.48342e-08 7.48342e-08 7.48342e-08 1.24724e-07 1.49668e-07 1.85053e-06
scan 440 80 53 0 0 0 0 0 0 0 0 0
scan 440 80 54 0 0 0 0 0 0 0 0 0
scan 440 80 55 0 0 0 0 0 0 0 0 0
scan 440 80 56 0 0 0 0 0 0 0 0 0
scan 440 80 57 0 0 0 0 0 0 0 0 0
scan 440 80 58 0 0 0 0 0 0 0 0 0
scan 440 80 59 4.98895e-06 0 3.52772e-06 1.49668e-07 1.49668e-07 1.49668e-07 2.49447e-07 2.99337e-07 3.70107e-06
scan 440 80 60 0 0 0 0 0 0 0 0 0
scan 440 80 61 0 0 0 0 0 0 0 0 0
scan 440 80 62 0 0 0 0 0 0 0 0 0
scan 440 80 63 0 0 0 0 0 0 0 0 0
scan 440 80 64 0 0 0 0 0 0 0 0 0
scan 440 80 65 0 0 0 0 0 0 0 0 0
scan 440 80 66 0 0 0 0 0 0 0 0 0
scan 440 80 67 0 0 0 0 0 0 0 0 0
scan 440 80 68 0 0 0 0 0 0 0 0 0
scan 440 80 69 0 0 0 0 0 0 0 0 0
scan 440 80 70 0 0 0 0 0 0 0 0 0
scan 440 80 71 0 0 0 0 0 0 0 0 0
scan 440 80 72 0 0 0 0 0 0 0 0 0
scan 440 80 73 0 0 0 0 0 0 0 0 0
scan 440 80 74 0 0 0 0 0 0 0 0 0
scan 440 80 75 0 0 0 0 0 0 0 0 0
scan 440 80 76 0 0 0 0 0 0 0 0 0
scan 440 80 77 0 0 0 0 0 0 0 0 0
scan 440 80 78 0 0 0 0 0 0 0 0 0
scan 440 80 79 0 0 0 0 0 0 0 0 0
scan 440 80 80 0 0 0 0 0 0 0 0 0
scan 440 80 81 0 0 0 0 0 0 0 0 0
scan 440 80 82 0 0 0 0 0 0 0 0 0
scan 440 80 83 2.49447e-06 0 2.49447e-06 7.48342e-08 7.48342e-08 7.48342e-08 1.24724e-07 1.49668e-07 1.85053e-06
scan 440 80 84 0 0 0 0 0 0 0 0 0
scan 440 80 85 0 0 0 0 0 0 0 0 0
scan 440 80 86 0 0 0 0 0 0 0 0 0
scan 440 80 87 0 0 0 0 0 0 0 0 0
scan 440 80 88 2.49447e-06 0 2.49447e-06 7.48342e-08 7.48342e-08 7.48342e-08 1.24724e-07 1.49668e-07 1.85053e-06
scan 440 80 89 0 0 0 0 0 0 0 0 0
scan 440 80 90 2.49447e-06 0 2.49447e-06 7.48342e-08 7.48342e-08 7.48342e-08 1.24724e-07 1.49668e-07 1.85053e-06
scan 440 80 91 9.9779e-06 0 4.98895e-06 2.99337e-07 2.99337e-07 2.99337e-07 4.98895e-07 5.98674e-07 7.40214e-06
scan 440 80 92 2.49447e-06 0 2.49447e-06 7.48342e-08 7.48342e-08 7.48342e-08 1.24724e-07 1.49668e-07 1.85053e-06
scan 440 80 93 2.49447e-06 0 2.49447e-06 7.48342e-08 7.48342e-08 7.48342e-08 1.24724e-07 1.49668e-07 1.85053e-06
scan 440 80 94 2.49447e-06 0 2.49447e-06 7.48342e-08 7.48342e-08 7.48342e-08 1.24724e-07 1.49668e-07 1.85053e-06
scan 440 80 95 0 0 0 0 0 0 0 0 0
scan 440 80 96 4.98895e-06 0 3.52772e-06 1.49668e-07 1.49668e-07 1.49668e-07 2.49447e-07 2.99337e-07 3.70107e-06
scan 440 80 97 2.49447e-06 0 2.49447e-06 7.48342e-08 7.48342e-08 7.48342e-08 1.24724e-07 1.49668e-07 1.85053e-06
scan 440 80 98 2.49447e-06 0 2.49447e-06 7.48342e-08 7.48342e-08 7.48342e-08 1.24724e-07 1.49668e-07 1.85053e-06
scan 440 80 99 4.98895e-06 0 3.52772e-06 1.49668e-07 1.49668e-07 1.49668e-07 2.49447e-07 2.99337e-07 3.70107e-06
scan 440 80 100 0 0 0 0 0 0 0 0 0
scan 440 80 101 0 0 0 0 0 0 0 0 0
scan 440 80 102 7.48342e-06 0 4.32056e-06 2.24503e-07 2.24503e-07 2.24503e-07 3.74171e-07 4.49005e-07 5.5516e-06
scan 440 80 103 7.48342e-06 0 4.32056e-06 2.24503e-07 2.24503e-07 2.24503e-07 3.74171e-07 4.49005e-07 5.5516e-06
scan 440 80 104 1.24724e-05 0 5.57781e-06 3.74171e-07 3.74171e-07 3.74171e-07 6.23618e-07 7.48342e-07 9.25267e-06
scan 440 80 60 0 0 0 0 0 0 0 0 0
scan 440 80 61 0 0 0 0 0 0 0 0 0
scan 440 80 62 0 0 0 0 0 0 0 0 0
scan 440 80 63 0 0 0 0 0 0 0 0 0
scan 440 80 64 0 0 0 0 0 0 0 0 0
scan 440 80 65 0 0 0 0 0 0 0 0 0
scan 440 80 66 0 0 0 0 0 0 0 0 0
scan 440 80 67 0 0 0 0 0 0 0 0 0
scan 440 80 68 0 0 0 0 0 0 0 0 0
scan 440 80 69 0 0 0 0 0 0 0 0 0
scan 440 80 70 0 0 0 0 0 0 0 0 0
scan 440 80 71 0 0 0 0 0 0 0 0 0
scan 440 80 72 0 0 0 0 0 0 0 0 0
scan 440 80 73 0 0 0 0 0 0 0 0 0
scan 440 80 74 0 0 0 0 0 0 0 0 0
scan 440 80 120 0 0 0 0 0 0 0 0 0
scan 440 80 121 0 0 0 0 0 0 0 0 0
scan 440 80 122 0 0 0 0 0 0 0 0 0
scan 440 80 123 0 0 0 0 0 0 0 0 0
scan 440 80 124 0 0 0 0 0 0 0 0 0
scan 440 80 125 0 0 0 0 0 0 0 0 0
scan 440 80 126 0 0 0 0 0 0 0 0 0
scan 440 80 127 0 0 0 0 0 0 0 0 0
scan 440 80 128 0 0 0 0 0 0 0 0 0
scan 440 80 129 2.49447e-06 0 2.49447e-06 7.48342e-08 7.48342e-08 7.48342e-08 1.24724e-07 1.49668e-07 1.85053e-06
scan 440 80 130 0 0 0 0 0 0 0 0 0
scan 440 80 131 0 0 0 0 0 0 0 0 0
scan 440 80 132 0 0 0 0 0 0 0 0 0
scan 440 80 133 2.49447e-06 0 2.49447e-06 7.48342e-08 7.48342e-08 7.48342e-08 1.24724e-07 1.49668e-07 1.85053e-06
scan 440 80 134 2.49447e-06 0 2.49447e-06 7.48342e-08 7.48342e-08 7.48342e-08 1.24724e-07 1.49668e-07 1.85053e-06
scan 440 80 135 4.98895e-06 0 3.52772e-06 1.49668e-07 1.49668e-07 1.49668e-07 2.49447e-07 2.99337e-07 3.70107e-06
scan 440 80 136 9.9779e-06 0 4.98895e-06 2.99337e-07 2.99337e-07 2.99337e-07 4.98895e-07 5.98674e-07 7.40214e-06
scan 440 80 137 7.48342e-06 0 4.32056e-06 2.24503e-07 2.24503e-07 2.24503e-07 3.74171e-07 4.49005e-07 5.5516e-06
scan 440 80 138 0 0 0 0 0 0 0 0 0
scan 440 80 139 2.49447e-06 0 2.49447e-06 7.48342e-08 7.48342e-08 7.48342e-08 1.24724e-07 1.49668e-07 1.85053e-06
scan 440 80 140 0 0 0 0 0 0 0 0 0
scan 440 80 141 0 0 0 0 0 0 0 0 0
scan 440 80 142 4.98895e-06 0 3.52772e-06 1.49668e-07 1.49668e-07 1.49668e-07 2.49447e-07 2.99337e-07 3.70107e-06
scan 440 80 143 0 0 0 0 0 0 0 0 0
scan 440 80 144 0 0 0 0 0 0 0 0 0
scan 440 80 145 2.49447e-06 0 2.49447e-06 7.48342e-08 7.48342e-08 7.48342e-08 1.24724e-07 1.49668e-07 1.85053e-06
scan 440 80 146 4.98895e-06 0 3.52772e-06 1.49668e-07 1.49668e-07 1.49668e-07 2.49447e-07 2.99337e-07 3.70107e-06
scan 440 80 147 0 0 0 0 0 0 0 0 0
scan 440 80 148 2.49447e-06 0 2.49447e-06 7.48342e-08 7.48342e-08 7.48342e-08 1.24724e-07 1.49668e-07 1.85053e-06
scan 440 80 149 7.48342e-06 0 4.32056e-06 2.24503e-07 2.24503e-07 2.24503e-07 3.74171e-07 4.49005e-07 5.5516e-06
scan 440 80 60 0 0 0 0 0 0 0 0 0
scan 440 80 61 0 0 0 0 0 0 0 0 0
scan 440 80 62 0 0 0 0 0 0 0 0 0
scan 440 80 63 0 0 0 0 0 0 0 0 0
scan 440 80 64 0 0 0 0 0 0 0 0 0
scan 440 80 65 0 0 0 0 0 0 0 0 0
scan 440 80 66 0 0 0 0 0 0 0 0 0
scan 440 80 67 0 0 0 0 0 0 0 0 0
scan 440 80 68 0 0 0 0 0 0 0 0 0
scan 440 80 69 0 0 0 0 0 0 0 0 0
scan 440 80 70 0 0 0 0 0 0 0 0 0
scan 440 80 71 0 0 0 0 0 0 0 0 0
scan 440 80 72 0 0 0 0 0 0 0 0 0
scan 440 80 73 0 0 0 0 0 0 0 0 0
scan 440 80 74 0 0 0 0 0 0 0 0 0
scan 440 80 165 0 0 0 0 0 0 0 0 0
scan 440 80 166 0 0 0 0 0 0 0 0 0
scan 440 80 167 0 0 0 0 0 0 0 0 0
scan 440 80 168 0 0 0 0 0 0 0 0 0
scan 440 80 169 0 0 0 0 0 0 0 0 0
scan 440 80 170 0 0 0 0 0 0 0 0 0
scan 440 80 171 0 0 0 0 0 0 0 0 0
scan 440 80 172 0 0 0 0 0 0 0 0 0
scan 440 80 173 0 0 0 0 0 0 0 0 0
scan 440 80 174 0 0 0 0 0 0 0 0 0
scan 440 80 175 0 0 0 0 0 0 0 0 0
scan 440 80 176 0 0 0 0 0 0 0 0 0
scan 440 80 177 0 0 0 0 0 0 0 0 0
scan 440 80 178 0 0 0 0 0 0 0 0 0
scan 440 80 179 0 0 0 0 0 0 0 0 0
