xsec 430 40 0.0277012
scan 430 40 0 5.54134e-06 0 3.91832e-06 1.6624e-07 1.6624e-07 1.6624e-07 2.77067e-07 3.3248e-07 4.10161e-06
scan 430 40 1 1.38533e-05 0 6.19541e-06 4.156e-07 4.156e-07 4.156e-07 6.92667e-07 8.31201e-07 1.0254e-05
scan 430 40 2 2.77067e-06 0 2.77067e-06 8.31201e-08 8.31201e-08 8.31201e-08 1.38533e-07 1.6624e-07 2.0508e-06
scan 430 40 3 8.31201e-06 0 4.79894e-06 2.4936e-07 2.4936e-07 2.4936e-07 4.156e-07 4.98721e-07 6.15241e-06
scan 430 40 4 2.77067e-06 0 2.77067e-06 8.31201e-08 8.31201e-08 8.31201e-08 1.38533e-07 1.6624e-07 2.0508e-06
scan 430 40 5 0 0 0 0 0 0 0 0 0
scan 430 40 6 8.31201e-06 0 4.79894e-06 2.4936e-07 2.4936e-07 2.4936e-07 4.156e-07 4.98721e-07 6.15241e-06
scan 430 40 7 5.54134e-06 0 3.91832e-06 1.6624e-07 1.6624e-07 1.6624e-07 2.77067e-07 3.3248e-07 4.10161e-06
scan 430 40 8 2.77067e-06 0 2.77067e-06 8.31201e-08 8.31201e-08 8.31201e-08 1.38533e-07 1.6624e-07 2.0508e-06
scan 430 40 9 0 0 0 0 0 0 0 0 0
scan 430 40 10 0 0 0 0 0 0 0 0 0
scan 430 40 11 2.77067e-06 0 2.77067e-06 8.31201e-08 8.31201e-08 8.31201e-08 1.38533e-07 1.6624e-07 2.0508e-06
scan 430 40 12 1.38533e-05 0 6.19541e-06 4.156e-07 4.156e-07 4.156e-07 6.92667e-07 8.31201e-07 1.0254e-05
scan 430 40 13 1.10827e-05 0 5.54134e-06 3.3248e-07 3.3248e-07 3.3248e-07 5.54134e-07 6.64961e-07 8.20322e-06
scan 430 40 14 2.77067e-05 0 8.76163e-06 8.31201e-07 8.31201e-07 8.31201e-07 1.38533e-06 1.6624e-06 2.0508e-05
scan 430 40 15 6.92667e-05 0 1.38533e-05 2.078e-06 2.078e-06 2.078e-06 3.46334e-06 4.156e-06 5.12701e-05
scan 430 40 16 0.000180094 0 2.23379e-05 5.40281e-06 5.40281e-06 5.40281e-06 9.00468e-06 1.08056e-05 0.000133302
scan 430 40 17 0.000182864 0 2.2509e-05 5.48593e-06 5.48593e-06 5.48593e-06 9.14321e-06 1.09719e-05 0.000135353
scan 430 40 18 0.000171782 0 2.18163e-05 5.15345e-06 5.15345e-06 5.15345e-06 8.58908e-06 1.03069e-05 0.00012715
scan 430 40 19 0.000357416 0 3.14688e-05 1.07225e-05 1.07225e-05 1.07225e-05 1.78708e-05 2.1445e-05 0.000264554
scan 430 40 20 8.31201e-06 0 4.79894e-06 2.4936e-07 2.4936e-07 2.4936e-07 4.156e-07 4.98721e-07 6.15241e-06
scan 430 40 21 3.87894e-05 0 1.03669e-05 1.16368e-06 1.16368e-06 1.16368e-06 1.93947e-06 2.32736e-06 2.87113e-05
scan 430 40 22 6.64961e-05 0 1.35735e-05 1.99488e-06 1.99488e-06 1.99488e-06 3.3248e-06 3.98976e-06 4.92193e-05
scan 430 40 23 5.81841e-05 0 1.26968e-05 1.74552e-06 1.74552e-06 1.74552e-06 2.9092e-06 3.49104e-06 4.30669e-05
scan 430 40 24 0.000138533 0 1.95916e-05 4.156e-06 4.156e-06 4.156e-06 6.92667e-06 8.31201e-06 0.00010254
scan 430 40 25 5.54134e-06 0 3.91832e-06 1.6624e-07 1.6624e-07 1.6624e-07 2.77067e-07 3.3248e-07 4.10161e-06
scan 430 40 26 5.54134e-05 0 1.23908e-05 1.6624e-06 1.6624e-06 1.6624e-06 2.77067e-06 3.3248e-06 4.10161e-05
scan 430 40 27 0.000135763 0 1.93947e-05 4.07288e-06 4.07288e-06 4.07288e-06 6.78814e-06 8.14577e-06 0.000100489
scan 430 40 28 0.000235507 0 2.55443e-05 7.06521e-06 7.06521e-06 7.06521e-06 1.17753e-05 1.41304e-05 0.000174318
scan 430 40 29 0.000900468 0 4.9949e-05 2.7014e-05 2.7014e-05 2.7014e-05 4.50234e-05 5.40281e-05 0.000666511
scan 430 40 30 0 0 0 0 0 0 0 0 0
scan 430 40 31 5.54134e-06 0 3.91832e-06 1.6624e-07 1.6624e-07 1.6624e-07 2.77067e-07 3.3248e-07 4.10161e-06
scan 430 40 32 8.31201e-06 0 4.79894e-06 2.4936e-07 2.4936e-07 2.4936e-07 4.156e-07 4.98721e-07 6.15241e-06
scan 430 40 33 2.77067e-06 0 2.77067e-06 8.31201e-08 8.31201e-08 8.31201e-08 1.38533e-07 1.6624e-07 2.0508e-06
scan 430 40 34 8.31201e-06 0 4.79894e-06 2.4936e-07 2.4936e-07 2.4936e-07 4.156e-07 4.98721e-07 6.15241e-06
scan 430 40 35 2.77067e-06 0 2.77067e-06 8.31201e-08 8.31201e-08 8.31201e-08 1.38533e-07 1.6624e-07 2.0508e-06
scan 430 40 36 0 0 0 0 0 0 0 0 0
scan 430 40 37 2.77067e-06 0 2.77067e-06 8.31201e-08 8.31201e-08 8.31201e-08 1.38533e-07 1.6624e-07 2.0508e-06
scan 430 40 38 0 0 0 0 0 0 0 0 0
scan 430 40 39 0 0 0 0 0 0 0 0 0
scan 430 40 40 0 0 0 0 0 0 0 0 0
scan 430 40 41 2.77067e-06 0 2.77067e-06 8.31201e-08 8.31201e-08 8.31201e-08 1.38533e-07 1.6624e-07 2.0508e-06
scan 430 40 42 8.31201e-06 0 4.79894e-06 2.4936e-07 2.4936e-07 2.4936e-07 4.156e-07 4.98721e-07 6.15241e-06
scan 430 40 43 5.54134e-06 0 3.91832e-06 1.6624e-07 1.6624e-07 1.6624e-07 2.77067e-07 3.3248e-07 4.10161e-06
scan 430 40 44 2.4936e-05 0 8.31201e-06 7.48081e-07 7.48081e-07 7.48081e-07 1.2468e-06 1.49616e-06 1.84572e-05
scan 430 40 45 0 0 0 0 0 0 0 0 0
scan 430 40 46 2.77067e-06 0 2.77067e-06 8.31201e-08 8.31201e-08 8.31201e-08 1.38533e-07 1.6624e-07 2.0508e-06
scan 430 40 47 8.31201e-06 0 4.79894e-06 2.4936e-07 2.4936e-07 2.4936e-07 4.156e-07 4.98721e-07 6.15241e-06
scan 430 40 48 0 0 0 0 0 0 0 0 0
scan 430 40 49 0 0 0 0 0 0 0 0 0
scan 430 40 50 2.77067e-06 0 2.77067e-06 8.31201e-08 8.31201e-08 8.31201e-08 1.38533e-07 1.6624e-07 2.0508e-06
scan 430 40 51 2.77067e-06 0 2.77067e-06 8.31201e-08 8.31201e-08 8.31201e-08 1.38533e-07 1.6624e-07 2.0508e-06
scan 430 40 52 0 0 0 0 0 0 0 0 0
scan 430 40 53 0 0 0 0 0 0 0 0 0
scan 430 40 54 0 0 0 0 0 0 0 0 0
scan 430 40 55 0 0 0 0 0 0 0 0 0
scan 430 40 56 0 0 0 0 0 0 0 0 0
scan 430 40 57 2.77067e-06 0 2.77067e-06 8.31201e-08 8.31201e-08 8.31201e-08 1.38533e-07 1.6624e-07 2.0508e-06
scan 430 40 58 2.77067e-06 0 2.77067e-06 8.31201e-08 8.31201e-08 8.31201e-08 1.38533e-07 1.6624e-07 2.0508e-06
scan 430 40 59 1.10827e-05 0 5.54134e-06 3.3248e-07 3.3248e-07 3.3248e-07 5.54134e-07 6.64961e-07 8.20322e-06
scan 430 40 60 0 0 0 0 0 0 0 0 0
scan 430 40 61 0 0 0 0 0 0 0 0 0
scan 430 40 62 0 0 0 0 0 0 0 0 0
scan 430 40 63 0 0 0 0 0 0 0 0 0
scan 430 40 64 0 0 0 0 0 0 0 0 0
scan 430 40 65 0 0 0 0 0 0 0 0 0
scan 430 40 66 0 0 0 0 0 0 0 0 0
scan 430 40 67 0 0 0 0 0 0 0 0 0
scan 430 40 68 0 0 0 0 0 0 0 0 0
scan 430 40 69 0 0 0 0 0 0 0 0 0
scan 430 40 70 0 0 0 0 0 0 0 0 0
scan 430 40 71 0 0 0 0 0 0 0 0 0
scan 430 40 72 0 0 0 0 0 0 0 0 0
scan 430 40 73 0 0 0 0 0 0 0 0 0
scan 430 40 74 0 0 0 0 0 0 0 0 0
scan 430 40 75 2.77067e-06 0 2.77067e-06 8.31201e-08 8.31201e-08 8.31201e-08 1.38533e-07 1.6624e-07 2.0508e-06
scan 430 40 76 2.77067e-06 0 2.77067e-06 8.31201e-08 8.31201e-08 8.31201e-08 1.38533e-07 1.6624e-07 2.0508e-06
scan 430 40 77 0 0 0 0 0 0 0 0 0
scan 430 40 78 0 0 0 0 0 0 0 0 0
scan 430 40 79 0 0 0 0 0 0 0 0 0
scan 430 40 80 0 0 0 0 0 0 0 0 0
scan 430 40 81 0 0 0 0 0 0 0 0 0
scan 430 40 82 0 0 0 0 0 0 0 0 0
scan 430 40 83 0 0 0 0 0 0 0 0 0
scan 430 40 84 0 0 0 0 0 0 0 0 0
scan 430 40 85 0 0 0 0 0 0 0 0 0
scan 430 40 86 0 0 0 0 0 0 0 0 0
scan 430 40 87 0 0 0 0 0 0 0 0 0
scan 430 40 88 0 0 0 0 0 0 0 0 0
scan 430 40 89 2.77067e-06 0 2.77067e-06 8.31201e-08 8.31201e-08 8.31201e-08 1.38533e-07 1.6624e-07 2.0508e-06
scan 430 40 90 0 0 0 0 0 0 0 0 0
scan 430 40 91 0 0 0 0 0 0 0 0 0
scan 430 40 92 8.31201e-06 0 4.79894e-06 2.4936e-07 2.4936e-07 2.4936e-07 4.156e-07 4.98721e-07 6.15241e-06
scan 430 40 93 0 0 0 0 0 0 0 0 0
scan 430 40 94 0 0 0 0 0 0 0 0 0
scan 430 40 95 0 0 0 0 0 0 0 0 0
scan 430 40 96 0 0 0 0 0 0 0 0 0
scan 430 40 97 8.31201e-06 0 4.79894e-06 2.4936e-07 2.4936e-07 2.4936e-07 4.156e-07 4.98721e-07 6.15241e-06
scan 430 40 98 0 0 0 0 0 0 0 0 0
scan 430 40 99 5.54134e-06 0 3.91832e-06 1.6624e-07 1.6624e-07 1.6624e-07 2.77067e-07 3.3248e-07 4.10161e-06
scan 430 40 100 0 0 0 0 0 0 0 0 0
scan 430 40 101 2.77067e-06 0 2.77067e-06 8.31201e-08 8.31201e-08 8.31201e-08 1.38533e-07 1.6624e-07 2.0508e-06
scan 430 40 102 5.54134e-06 0 3.91832e-06 1.6624e-07 1.6624e-07 1.6624e-07 2.77067e-07 3.3248e-07 4.10161e-06
scan 430 40 103 8.31201e-06 0 4.79894e-06 2.4936e-07 2.4936e-07 2.4936e-07 4.156e-07 4.98721e-07 6.15241e-06
scan 430 40 104 1.10827e-05 0 5.54134e-06 3.3248e-07 3.3248e-07 3.3248e-07 5.54134e-07 6.64961e-07 8.20322e-06
scan 430 40 60 0 0 0 0 0 0 0 0 0
scan 430 40 61 0 0 0 0 0 0 0 0 0
scan 430 40 62 0 0 0 0 0 0 0 0 0
scan 430 40 63 0 0 0 0 0 0 0 0 0
scan 430 40 64 0 0 0 0 0 0 0 0 0
scan 430 40 65 0 0 0 0 0 0 0 0 0
scan 430 40 66 0 0 0 0 0 0 0 0 0
scan 430 40 67 0 0 0 0 0 0 0 0 0
scan 430 40 68 0 0 0 0 0 0 0 0 0
scan 430 40 69 0 0 0 0 0 0 0 0 0
scan 430 40 70 0 0 0 0 0 0 0 0 0
scan 430 40 71 0 0 0 0 0 0 0 0 0
scan 430 40 72 0 0 0 0 0 0 0 0 0
scan 430 40 73 0 0 0 0 0 0 0 0 0
scan 430 40 74 0 0 0 0 0 0 0 0 0
scan 430 40 120 0 0 0 0 0 0 0 0 0
scan 430 40 121 0 0 0 0 0 0 0 0 0
scan 430 40 122 0 0 0 0 0 0 0 0 0
scan 430 40 123 0 0 0 0 0 0 0 0 0
scan 430 40 124 0 0 0 0 0 0 0 0 0
scan 430 40 125 0 0 0 0 0 0 0 0 0
scan 430 40 126 0 0 0 0 0 0 0 0 0
scan 430 40 127 0 0 0 0 0 0 0 0 0
scan 430 40 128 0 0 0 0 0 0 0 0 0
scan 430 40 129 0 0 0 0 0 0 0 0 0
scan 430 40 130 0 0 0 0 0 0 0 0 0
scan 430 40 131 0 0 0 0 0 0 0 0 0
scan 430 40 132 0 0 0 0 0 0 0 0 0
scan 430 40 133 0 0 0 0 0 0 0 0 0
scan 430 40 134 0 0 0 0 0 0 0 0 0
scan 430 40 135 5.54134e-06 0 3.91832e-06 1.6624e-07 1.6624e-07 1.6624e-07 2.77067e-07 3.3248e-07 4.10161e-06
scan 430 40 136 8.31201e-06 0 4.79894e-06 2.4936e-07 2.4936e-07 2.4936e-07 4.156e-07 4.98721e-07 6.15241e-06
scan 430 40 137 2.77067e-06 0 2.77067e-06 8.31201e-08 8.31201e-08 8.31201e-08 1.38533e-07 1.6624e-07 2.0508e-06
scan 430 40 138 2.77067e-06 0 2.77067e-06 8.31201e-08 8.31201e-08 8.31201e-08 1.38533e-07 1.6624e-07 2.0508e-06
scan 430 40 139 2.77067e-06 0 2.77067e-06 8.31201e-08 8.31201e-08 8.31201e-08 1.38533e-07 1.6624e-07 2.0508e-06
scan 430 40 140 0 0 0 0 0 0 0 0 0
scan 430 40 141 2.77067e-06 0 2.77067e-06 8.31201e-08 8.31201e-08 8.31201e-08 1.38533e-07 1.6624e-07 2.0508e-06
scan 430 40 142 0 0 0 0 0 0 0 0 0
scan 430 40 143 5.54134e-06 0 3.91832e-06 1.6624e-07 1.6624e-07 1.6624e-07 2.77067e-07 3.3248e-07 4.10161e-06
scan 430 40 144 0 0 0 0 0 0 0 0 0
scan 430 40 145 0 0 0 0 0 0 0 0 0
scan 430 40 146 0 0 0 0 0 0 0 0 0
scan 430 40 147 0 0 0 0 0 0 0 0 0
scan 430 40 148 8.31201e-06 0 4.79894e-06 2.4936e-07 2.4936e-07 2.4936e-07 4.156e-07 4.98721e-07 6.15241e-06
scan 430 40 149 8.31201e-06 0 4.79894e-06 2.4936e-07 2.4936e-07 2.4936e-07 4.156e-07 4.98721e-07 6.15241e-06
scan 430 40 60 0 0 0 0 0 0 0 0 0
scan 430 40 61 0 0 0 0 0 0 0 0 0
scan 430 40 62 0 0 0 0 0 0 0 0 0
scan 430 40 63 0 0 0 0 0 0 0 0 0
scan 430 40 64 0 0 0 0 0 0 0 0 0
scan 430 40 65 0 0 0 0 0 0 0 0 0
scan 430 40 66 0 0 0 0 0 0 0 0 0
scan 430 40 67 0 0 0 0 0 0 0 0 0
scan 430 40 68 0 0 0 0 0 0 0 0 0
scan 430 40 69 0 0 0 0 0 0 0 0 0
scan 430 40 70 0 0 0 0 0 0 0 0 0
scan 430 40 71 0 0 0 0 0 0 0 0 0
scan 430 40 72 0 0 0 0 0 0 0 0 0
scan 430 40 73 0 0 0 0 0 0 0 0 0
scan 430 40 74 0 0 0 0 0 0 0 0 0
scan 430 40 165 0 0 0 0 0 0 0 0 0
scan 430 40 166 0 0 0 0 0 0 0 0 0
scan 430 40 167 0 0 0 0 0 0 0 0 0
scan 430 40 168 0 0 0 0 0 0 0 0 0
scan 430 40 169 2.77067e-06 0 2.77067e-06 8.31201e-08 8.31201e-08 8.31201e-08 1.38533e-07 1.6624e-07 2.0508e-06
scan 430 40 170 0 0 0 0 0 0 0 0 0
scan 430 40 171 0 0 0 0 0 0 0 0 0
scan 430 40 172 0 0 0 0 0 0 0 0 0
scan 430 40 173 0 0 0 0 0 0 0 0 0
scan 430 40 174 0 0 0 0 0 0 0 0 0
scan 430 40 175 0 0 0 0 0 0 0 0 0
scan 430 40 176 0 0 0 0 0 0 0 0 0
scan 430 40 177 0 0 0 0 0 0 0 0 0
scan 430 40 178 0 0 0 0 0 0 0 0 0
scan 430 40 179 5.54134e-06 0 3.91832e-06 1.6624e-07 1.6624e-07 1.6624e-07 2.77067e-07 3.3248e-07 4.10161e-06
