xsec 440 330 0.0249422
scan 440 330 0 7.48267e-06 0 4.32012e-06 2.2448e-07 2.2448e-07 2.2448e-07 3.74134e-07 4.4896e-07 5.55105e-06
scan 440 330 1 3.99076e-05 0 9.9769e-06 1.19723e-06 1.19723e-06 1.19723e-06 1.99538e-06 2.39446e-06 2.96056e-05
scan 440 330 2 4.98845e-06 0 3.52737e-06 1.49653e-07 1.49653e-07 1.49653e-07 2.49422e-07 2.99307e-07 3.7007e-06
scan 440 330 3 2.49422e-06 0 2.49422e-06 7.48267e-08 7.48267e-08 7.48267e-08 1.24711e-07 1.49653e-07 1.85035e-06
scan 440 330 4 4.98845e-06 0 3.52737e-06 1.49653e-07 1.49653e-07 1.49653e-07 2.49422e-07 2.99307e-07 3.7007e-06
scan 440 330 5 0 0 0 0 0 0 0 0 0
scan 440 330 6 2.49422e-06 0 2.49422e-06 7.48267e-08 7.48267e-08 7.48267e-08 1.24711e-07 1.49653e-07 1.85035e-06
scan 440 330 7 4.98845e-06 0 3.52737e-06 1.49653e-07 1.49653e-07 1.49653e-07 2.49422e-07 2.99307e-07 3.7007e-06
scan 440 330 8 2.49422e-06 0 2.49422e-06 7.48267e-08 7.48267e-08 7.48267e-08 1.24711e-07 1.49653e-07 1.85035e-06
scan 440 330 9 0 0 0 0 0 0 0 0 0
scan 440 330 10 0 0 0 0 0 0 0 0 0
scan 440 330 11 2.49422e-06 0 2.49422e-06 7.48267e-08 7.48267e-08 7.48267e-08 1.24711e-07 1.49653e-07 1.85035e-06
scan 440 330 12 4.98845e-06 0 3.52737e-06 1.49653e-07 1.49653e-07 1.49653e-07 2.49422e-07 2.99307e-07 3.7007e-06
scan 440 330 13 7.48267e-06 0 4.32012e-06 2.2448e-07 2.2448e-07 2.2448e-07 3.74134e-07 4.4896e-07 5.55105e-06
scan 440 330 14 0 0 0 0 0 0 0 0 0
scan 440 330 15 0.000528776 0 3.63165e-05 1.58633e-05 1.58633e-05 1.58633e-05 2.64388e-05 3.17265e-05 0.000392274
scan 440 330 16 0.000616073 0 3.91998e-05 1.84822e-05 1.84822e-05 1.84822e-05 3.08037e-05 3.69644e-05 0.000457036
scan 440 330 17 0.00022448 0 2.36623e-05 6.73441e-06 6.73441e-06 6.73441e-06 1.1224e-05 1.34688e-05 0.000166531
scan 440 330 18 6.73441e-05 0 1.29604e-05 2.02032e-06 2.02032e-06 2.02032e-06 3.3672e-06 4.04064e-06 4.99594e-05
scan 440 330 19 4.73903e-05 0 1.08721e-05 1.42171e-06 1.42171e-06 1.42171e-06 2.36951e-06 2.84342e-06 3.51566e-05
scan 440 330 20 2.49422e-06 0 2.49422e-06 7.48267e-08 7.48267e-08 7.48267e-08 1.24711e-07 1.49653e-07 1.85035e-06
scan 440 330 21 0.000174596 0 2.08682e-05 5.23787e-06 5.23787e-06 5.23787e-06 8.72979e-06 1.04757e-05 0.000129524
scan 440 330 22 0.000109746 0 1.65448e-05 3.29238e-06 3.29238e-06 3.29238e-06 5.48729e-06 6.58475e-06 8.14154e-05
scan 440 330 23 2.99307e-05 0 8.64025e-06 8.97921e-07 8.97921e-07 8.97921e-07 1.49653e-06 1.79584e-06 2.22042e-05
scan 440 330 24 9.9769e-06 0 4.98845e-06 2.99307e-07 2.99307e-07 2.99307e-07 4.98845e-07 5.98614e-07 7.4014e-06
scan 440 330 25 2.49422e-06 0 2.49422e-06 7.48267e-08 7.48267e-08 7.48267e-08 1.24711e-07 1.49653e-07 1.85035e-06
scan 440 330 26 8.72979e-05 0 1.4756e-05 2.61894e-06 2.61894e-06 2.61894e-06 4.36489e-06 5.23787e-06 6.47622e-05
scan 440 330 27 7.7321e-05 0 1.38873e-05 2.31963e-06 2.31963e-06 2.31963e-06 3.86605e-06 4.63926e-06 5.73608e-05
scan 440 330 28 4.24018e-05 0 1.0284e-05 1.27205e-06 1.27205e-06 1.27205e-06 2.12009e-06 2.54411e-06 3.14559e-05
scan 440 330 29 1.99538e-05 0 7.05473e-06 5.98614e-07 5.98614e-07 5.98614e-07 9.9769e-07 1.19723e-06 1.48028e-05
scan 440 330 30 0 0 0 0 0 0 0 0 0
scan 440 330 31 7.48267e-06 0 4.32012e-06 2.2448e-07 2.2448e-07 2.2448e-07 3.74134e-07 4.4896e-07 5.55105e-06
scan 440 330 32 0 0 0 0 0 0 0 0 0
scan 440 330 33 0 0 0 0 0 0 0 0 0
scan 440 330 34 0 0 0 0 0 0 0 0 0
scan 440 330 35 0 0 0 0 0 0 0 0 0
scan 440 330 36 0 0 0 0 0 0 0 0 0
scan 440 330 37 0 0 0 0 0 0 0 0 0
scan 440 330 38 0 0 0 0 0 0 0 0 0
scan 440 330 39 2.49422e-06 0 2.49422e-06 7.48267e-08 7.48267e-08 7.48267e-08 1.24711e-07 1.49653e-07 1.85035e-06
scan 440 330 40 0 0 0 0 0 0 0 0 0
scan 440 330 41 0 0 0 0 0 0 0 0 0
scan 440 330 42 2.49422e-06 0 2.49422e-06 7.48267e-08 7.48267e-08 7.48267e-08 1.24711e-07 1.49653e-07 1.85035e-06
scan 440 330 43 0 0 0 0 0 0 0 0 0
scan 440 330 44 0 0 0 0 0 0 0 0 0
scan 440 330 45 7.48267e-06 0 4.32012e-06 2.2448e-07 2.2448e-07 2.2448e-07 3.74134e-07 4.4896e-07 5.55105e-06
scan 440 330 46 2.49422e-06 0 2.49422e-06 7.48267e-08 7.48267e-08 7.48267e-08 1.24711e-07 1.49653e-07 1.85035e-06
scan 440 330 47 0 0 0 0 0 0 0 0 0
scan 440 330 48 0 0 0 0 0 0 0 0 0
scan 440 330 49 0 0 0 0 0 0 0 0 0
scan 440 330 50 0 0 0 0 0 0 0 0 0
scan 440 330 51 2.49422e-06 0 2.49422e-06 7.48267e-08 7.48267e-08 7.48267e-08 1.24711e-07 1.49653e-07 1.85035e-06
scan 440 330 52 0 0 0 0 0 0 0 0 0
scan 440 330 53 0 0 0 0 0 0 0 0 0
scan 440 330 54 0 0 0 0 0 0 0 0 0
scan 440 330 55 0 0 0 0 0 0 0 0 0
scan 440 330 56 0 0 0 0 0 0 0 0 0
scan 440 330 57 0 0 0 0 0 0 0 0 0
scan 440 330 58 2.49422e-06 0 2.49422e-06 7.48267e-08 7.48267e-08 7.48267e-08 1.24711e-07 1.49653e-07 1.85035e-06
scan 440 330 59 0 0 0 0 0 0 0 0 0
scan 440 330 60 0 0 0 0 0 0 0 0 0
scan 440 330 61 0 0 0 0 0 0 0 0 0
scan 440 330 62 0 0 0 0 0 0 0 0 0
scan 440 330 63 0 0 0 0 0 0 0 0 0
scan 440 330 64 0 0 0 0 0 0 0 0 0
scan 440 330 65 0 0 0 0 0 0 0 0 0
scan 440 330 66 0 0 0 0 0 0 0 0 0
scan 440 330 67 0 0 0 0 0 0 0 0 0
scan 440 330 68 0 0 0 0 0 0 0 0 0
scan 440 330 69 0 0 0 0 0 0 0 0 0
scan 440 330 70 0 0 0 0 0 0 0 0 0
scan 440 330 71 0 0 0 0 0 0 0 0 0
scan 440 330 72 0 0 0 0 0 0 0 0 0
scan 440 330 73 0 0 0 0 0 0 0 0 0
scan 440 330 74 0 0 0 0 0 0 0 0 0
scan 440 330 75 0 0 0 0 0 0 0 0 0
scan 440 330 76 0 0 0 0 0 0 0 0 0
scan 440 330 77 0 0 0 0 0 0 0 0 0
scan 440 330 78 0 0 0 0 0 0 0 0 0
scan 440 330 79 0 0 0 0 0 0 0 0 0
scan 440 330 80 0 0 0 0 0 0 0 0 0
scan 440 330 81 0 0 0 0 0 0 0 0 0
scan 440 330 82 0 0 0 0 0 0 0 0 0
scan 440 330 83 0 0 0 0 0 0 0 0 0
scan 440 330 84 0 0 0 0 0 0 0 0 0
scan 440 330 85 0 0 0 0 0 0 0 0 0
scan 440 330 86 0 0 0 0 0 0 0 0 0
scan 440 330 87 0 0 0 0 0 0 0 0 0
scan 440 330 88 0 0 0 0 0 0 0 0 0
scan 440 330 89 0 0 0 0 0 0 0 0 0
scan 440 330 90 1.24711e-05 0 5.57726e-06 3.74134e-07 3.74134e-07 3.74134e-07 6.23556e-07 7.48267e-07 9.25175e-06
scan 440 330 91 7.48267e-06 0 4.32012e-06 2.2448e-07 2.2448e-07 2.2448e-07 3.74134e-07 4.4896e-07 5.55105e-06
scan 440 330 92 4.98845e-06 0 3.52737e-06 1.49653e-07 1.49653e-07 1.49653e-07 2.49422e-07 2.99307e-07 3.7007e-06
scan 440 330 93 0 0 0 0 0 0 0 0 0
scan 440 330 94 0 0 0 0 0 0 0 0 0
scan 440 330 95 0 0 0 0 0 0 0 0 0
scan 440 330 96 4.98845e-06 0 3.52737e-06 1.49653e-07 1.49653e-07 1.49653e-07 2.49422e-07 2.99307e-07 3.7007e-06
scan 440 330 97 0 0 0 0 0 0 0 0 0
scan 440 330 98 0 0 0 0 0 0 0 0 0
scan 440 330 99 0 0 0 0 0 0 0 0 0
scan 440 330 100 0 0 0 0 0 0 0 0 0
scan 440 330 101 0 0 0 0 0 0 0 0 0
scan 440 330 102 2.49422e-06 0 2.49422e-06 7.48267e-08 7.48267e-08 7.48267e-08 1.24711e-07 1.49653e-07 1.85035e-06
scan 440 330 103 0 0 0 0 0 0 0 0 0
scan 440 330 104 2.49422e-06 0 2.49422e-06 7.48267e-08 7.48267e-08 7.48267e-08 1.24711e-07 1.49653e-07 1.85035e-06
scan 440 330 60 0 0 0 0 0 0 0 0 0
scan 440 330 61 0 0 0 0 0 0 0 0 0
scan 440 330 62 0 0 0 0 0 0 0 0 0
scan 440 330 63 0 0 0 0 0 0 0 0 0
scan 440 330 64 0 0 0 0 0 0 0 0 0
scan 440 330 65 0 0 0 0 0 0 0 0 0
scan 440 330 66 0 0 0 0 0 0 0 0 0
scan 440 330 67 0 0 0 0 0 0 0 0 0
scan 440 330 68 0 0 0 0 0 0 0 0 0
scan 440 330 69 0 0 0 0 0 0 0 0 0
scan 440 330 70 0 0 0 0 0 0 0 0 0
scan 440 330 71 0 0 0 0 0 0 0 0 0
scan 440 330 72 0 0 0 0 0 0 0 0 0
scan 440 330 73 0 0 0 0 0 0 0 0 0
scan 440 330 74 0 0 0 0 0 0 0 0 0
scan 440 330 120 0 0 0 0 0 0 0 0 0
scan 440 330 121 0 0 0 0 0 0 0 0 0
scan 440 330 122 0 0 0 0 0 0 0 0 0
scan 440 330 123 0 0 0 0 0 0 0 0 0
scan 440 330 124 0 0 0 0 0 0 0 0 0
scan 440 330 125 0 0 0 0 0 0 0 0 0
scan 440 330 126 0 0 0 0 0 0 0 0 0
scan 440 330 127 0 0 0 0 0 0 0 0 0
scan 440 330 128 0 0 0 0 0 0 0 0 0
scan 440 330 129 0 0 0 0 0 0 0 0 0
scan 440 330 130 0 0 0 0 0 0 0 0 0
scan 440 330 131 0 0 0 0 0 0 0 0 0
scan 440 330 132 0 0 0 0 0 0 0 0 0
scan 440 330 133 0 0 0 0 0 0 0 0 0
scan 440 330 134 0 0 0 0 0 0 0 0 0
scan 440 330 135 9.9769e-06 0 4.98845e-06 2.99307e-07 2.99307e-07 2.99307e-07 4.98845e-07 5.98614e-07 7.4014e-06
scan 440 330 136 2.49422e-06 0 2.49422e-06 7.48267e-08 7.48267e-08 7.48267e-08 1.24711e-07 1.49653e-07 1.85035e-06
scan 440 330 137 4.98845e-06 0 3.52737e-06 1.49653e-07 1.49653e-07 1.49653e-07 2.49422e-07 2.99307e-07 3.7007e-06
scan 440 330 138 0 0 0 0 0 0 0 0 0
scan 440 330 139 0 0 0 0 0 0 0 0 0
scan 440 330 140 0 0 0 0 0 0 0 0 0
scan 440 330 141 2.49422e-06 0 2.49422e-06 7.48267e-08 7.48267e-08 7.48267e-08 1.24711e-07 1.49653e-07 1.85035e-06
scan 440 330 142 0 0 0 0 0 0 0 0 0
scan 440 330 143 0 0 0 0 0 0 0 0 0
scan 440 330 144 0 0 0 0 0 0 0 0 0
scan 440 330 145 0 0 0 0 0 0 0 0 0
scan 440 330 146 0 0 0 0 0 0 0 0 0
scan 440 330 147 0 0 0 0 0 0 0 0 0
scan 440 330 148 0 0 0 0 0 0 0 0 0
scan 440 330 149 0 0 0 0 0 0 0 0 0
scan 440 330 60 0 0 0 0 0 0 0 0 0
scan 440 330 61 0 0 0 0 0 0 0 0 0
scan 440 330 62 0 0 0 0 0 0 0 0 0
scan 440 330 63 0 0 0 0 0 0 0 0 0
scan 440 330 64 0 0 0 0 0 0 0 0 0
scan 440 330 65 0 0 0 0 0 0 0 0 0
scan 440 330 66 0 0 0 0 0 0 0 0 0
scan 440 330 67 0 0 0 0 0 0 0 0 0
scan 440 330 68 0 0 0 0 0 0 0 0 0
scan 440 330 69 0 0 0 0 0 0 0 0 0
scan 440 330 70 0 0 0 0 0 0 0 0 0
scan 440 330 71 0 0 0 0 0 0 0 0 0
scan 440 330 72 0 0 0 0 0 0 0 0 0
scan 440 330 73 0 0 0 0 0 0 0 0 0
scan 440 330 74 0 0 0 0 0 0 0 0 0
scan 440 330 165 0 0 0 0 0 0 0 0 0
scan 440 330 166 0 0 0 0 0 0 0 0 0
scan 440 330 167 0 0 0 0 0 0 0 0 0
scan 440 330 168 0 0 0 0 0 0 0 0 0
scan 440 330 169 0 0 0 0 0 0 0 0 0
scan 440 330 170 0 0 0 0 0 0 0 0 0
scan 440 330 171 0 0 0 0 0 0 0 0 0
scan 440 330 172 0 0 0 0 0 0 0 0 0
scan 440 330 173 0 0 0 0 0 0 0 0 0
scan 440 330 174 0 0 0 0 0 0 0 0 0
scan 440 330 175 0 0 0 0 0 0 0 0 0
scan 440 330 176 0 0 0 0 0 0 0 0 0
scan 440 330 177 0 0 0 0 0 0 0 0 0
scan 440 330 178 0 0 0 0 0 0 0 0 0
scan 440 330 179 0 0 0 0 0 0 0 0 0
