xsec 320 210 0.110302
scan 320 210 0 0.000121332 0 3.65831e-05 3.63997e-06 3.63997e-06 3.63997e-06 6.06662e-06 7.27994e-06 8.7026e-05
scan 320 210 1 8.82417e-05 0 3.11982e-05 2.64725e-06 2.64725e-06 2.64725e-06 4.41209e-06 5.2945e-06 6.32916e-05
scan 320 210 2 3.30906e-05 0 1.91049e-05 9.92719e-07 9.92719e-07 9.92719e-07 1.65453e-06 1.98544e-06 2.37344e-05
scan 320 210 3 3.30906e-05 0 1.91049e-05 9.92719e-07 9.92719e-07 9.92719e-07 1.65453e-06 1.98544e-06 2.37344e-05
scan 320 210 4 0 0 0 0 0 0 0 0 0
scan 320 210 5 0 0 0 0 0 0 0 0 0
scan 320 210 6 2.20604e-05 0 1.55991e-05 6.61813e-07 6.61813e-07 6.61813e-07 1.10302e-06 1.32363e-06 1.58229e-05
scan 320 210 7 0 0 0 0 0 0 0 0 0
scan 320 210 8 0 0 0 0 0 0 0 0 0
scan 320 210 9 1.10302e-05 0 1.10302e-05 3.30906e-07 3.30906e-07 3.30906e-07 5.51511e-07 6.61813e-07 7.91145e-06
scan 320 210 10 0 0 0 0 0 0 0 0 0
scan 320 210 11 2.20604e-05 0 1.55991e-05 6.61813e-07 6.61813e-07 6.61813e-07 1.10302e-06 1.32363e-06 1.58229e-05
scan 320 210 12 0 0 0 0 0 0 0 0 0
scan 320 210 13 0 0 0 0 0 0 0 0 0
scan 320 210 14 2.20604e-05 0 1.55991e-05 6.61813e-07 6.61813e-07 6.61813e-07 1.10302e-06 1.32363e-06 1.58229e-05
scan 320 210 15 0.00217295 0 0.000154816 6.51886e-05 6.51886e-05 6.51886e-05 0.000108648 0.000130377 0.00155856
scan 320 210 16 0.00287889 0 0.000178199 8.63666e-05 8.63666e-05 8.63666e-05 0.000143944 0.000172733 0.00206489
scan 320 210 17 0.000827266 0 9.55244e-05 2.4818e-05 2.4818e-05 2.4818e-05 4.13633e-05 4.9636e-05 0.000593359
scan 320 210 18 0.000386057 0 6.52556e-05 1.15817e-05 1.15817e-05 1.15817e-05 1.93029e-05 2.31634e-05 0.000276901
scan 320 210 19 0.000209574 0 4.80796e-05 6.28722e-06 6.28722e-06 6.28722e-06 1.04787e-05 1.25744e-05 0.000150318
scan 320 210 20 9.92719e-05 0 3.30906e-05 2.97816e-06 2.97816e-06 2.97816e-06 4.9636e-06 5.95631e-06 7.12031e-05
scan 320 210 21 0.000672843 0 8.61487e-05 2.01853e-05 2.01853e-05 2.01853e-05 3.36421e-05 4.03706e-05 0.000482599
scan 320 210 22 0.000441209 0 6.97612e-05 1.32363e-05 1.32363e-05 1.32363e-05 2.20604e-05 2.64725e-05 0.000316458
scan 320 210 23 5.51511e-05 0 2.46643e-05 1.65453e-06 1.65453e-06 1.65453e-06 2.75755e-06 3.30906e-06 3.95573e-05
scan 320 210 24 4.41209e-05 0 2.20604e-05 1.32363e-06 1.32363e-06 1.32363e-06 2.20604e-06 2.64725e-06 3.16458e-05
scan 320 210 25 0 0 0 0 0 0 0 0 0
scan 320 210 26 0.000286786 0 5.62433e-05 8.60357e-06 8.60357e-06 8.60357e-06 1.43393e-05 1.72071e-05 0.000205698
scan 320 210 27 0.000330906 0 6.0415e-05 9.92719e-06 9.92719e-06 9.92719e-06 1.65453e-05 1.98544e-05 0.000237344
scan 320 210 28 0.000143393 0 3.977e-05 4.30178e-06 4.30178e-06 4.30178e-06 7.16964e-06 8.60357e-06 0.000102849
scan 320 210 29 4.41209e-05 0 2.20604e-05 1.32363e-06 1.32363e-06 1.32363e-06 2.20604e-06 2.64725e-06 3.16458e-05
scan 320 210 30 3.30906e-05 0 1.91049e-05 9.92719e-07 9.92719e-07 9.92719e-07 1.65453e-06 1.98544e-06 2.37344e-05
scan 320 210 31 2.20604e-05 0 1.55991e-05 6.61813e-07 6.61813e-07 6.61813e-07 1.10302e-06 1.32363e-06 1.58229e-05
scan 320 210 32 1.10302e-05 0 1.10302e-05 3.30906e-07 3.30906e-07 3.30906e-07 5.51511e-07 6.61813e-07 7.91145e-06
scan 320 210 33 0 0 0 0 0 0 0 0 0
scan 320 210 34 0 0 0 0 0 0 0 0 0
scan 320 210 35 0 0 0 0 0 0 0 0 0
scan 320 210 36 0 0 0 0 0 0 0 0 0
scan 320 210 37 0 0 0 0 0 0 0 0 0
scan 320 210 38 0 0 0 0 0 0 0 0 0
scan 320 210 39 0 0 0 0 0 0 0 0 0
scan 320 210 40 0 0 0 0 0 0 0 0 0
scan 320 210 41 0 0 0 0 0 0 0 0 0
scan 320 210 42 0 0 0 0 0 0 0 0 0
scan 320 210 43 0 0 0 0 0 0 0 0 0
scan 320 210 44 0 0 0 0 0 0 0 0 0
scan 320 210 45 1.10302e-05 0 1.10302e-05 3.30906e-07 3.30906e-07 3.30906e-07 5.51511e-07 6.61813e-07 7.91145e-06
scan 320 210 46 0 0 0 0 0 0 0 0 0
scan 320 210 47 0 0 0 0 0 0 0 0 0
scan 320 210 48 0 0 0 0 0 0 0 0 0
scan 320 210 49 0 0 0 0 0 0 0 0 0
scan 320 210 50 0 0 0 0 0 0 0 0 0
scan 320 210 51 0 0 0 0 0 0 0 0 0
scan 320 210 52 0 0 0 0 0 0 0 0 0
scan 320 210 53 0 0 0 0 0 0 0 0 0
scan 320 210 54 0 0 0 0 0 0 0 0 0
scan 320 210 55 0 0 0 0 0 0 0 0 0
scan 320 210 56 0 0 0 0 0 0 0 0 0
scan 320 210 57 1.10302e-05 0 1.10302e-05 3.30906e-07 3.30906e-07 3.30906e-07 5.51511e-07 6.61813e-07 7.91145e-06
scan 320 210 58 2.20604e-05 0 1.55991e-05 6.61813e-07 6.61813e-07 6.61813e-07 1.10302e-06 1.32363e-06 1.58229e-05
scan 320 210 59 0 0 0 0 0 0 0 0 0
scan 320 210 60 0 0 0 0 0 0 0 0 0
scan 320 210 61 0 0 0 0 0 0 0 0 0
scan 320 210 62 0 0 0 0 0 0 0 0 0
scan 320 210 63 0 0 0 0 0 0 0 0 0
scan 320 210 64 0 0 0 0 0 0 0 0 0
scan 320 210 65 0 0 0 0 0 0 0 0 0
scan 320 210 66 0 0 0 0 0 0 0 0 0
scan 320 210 67 0 0 0 0 0 0 0 0 0
scan 320 210 68 0 0 0 0 0 0 0 0 0
scan 320 210 69 0 0 0 0 0 0 0 0 0
scan 320 210 70 0 0 0 0 0 0 0 0 0
scan 320 210 71 0 0 0 0 0 0 0 0 0
scan 320 210 72 0 0 0 0 0 0 0 0 0
scan 320 210 73 0 0 0 0 0 0 0 0 0
scan 320 210 74 0 0 0 0 0 0 0 0 0
scan 320 210 75 0 0 0 0 0 0 0 0 0
scan 320 210 76 0 0 0 0 0 0 0 0 0
scan 320 210 77 0 0 0 0 0 0 0 0 0
scan 320 210 78 0 0 0 0 0 0 0 0 0
scan 320 210 79 0 0 0 0 0 0 0 0 0
scan 320 210 80 0 0 0 0 0 0 0 0 0
scan 320 210 81 0 0 0 0 0 0 0 0 0
scan 320 210 82 0 0 0 0 0 0 0 0 0
scan 320 210 83 0 0 0 0 0 0 0 0 0
scan 320 210 84 0 0 0 0 0 0 0 0 0
scan 320 210 85 0 0 0 0 0 0 0 0 0
scan 320 210 86 0 0 0 0 0 0 0 0 0
scan 320 210 87 0 0 0 0 0 0 0 0 0
scan 320 210 88 0 0 0 0 0 0 0 0 0
scan 320 210 89 0 0 0 0 0 0 0 0 0
scan 320 210 90 5.51511e-05 0 2.46643e-05 1.65453e-06 1.65453e-06 1.65453e-06 2.75755e-06 3.30906e-06 3.95573e-05
scan 320 210 91 6.61813e-05 0 2.70184e-05 1.98544e-06 1.98544e-06 1.98544e-06 3.30906e-06 3.97088e-06 4.74687e-05
scan 320 210 92 1.10302e-05 0 1.10302e-05 3.30906e-07 3.30906e-07 3.30906e-07 5.51511e-07 6.61813e-07 7.91145e-06
scan 320 210 93 0 0 0 0 0 0 0 0 0
scan 320 210 94 0 0 0 0 0 0 0 0 0
scan 320 210 95 0 0 0 0 0 0 0 0 0
scan 320 210 96 0 0 0 0 0 0 0 0 0
scan 320 210 97 1.10302e-05 0 1.10302e-05 3.30906e-07 3.30906e-07 3.30906e-07 5.51511e-07 6.61813e-07 7.91145e-06
scan 320 210 98 0 0 0 0 0 0 0 0 0
scan 320 210 99 0 0 0 0 0 0 0 0 0
scan 320 210 100 0 0 0 0 0 0 0 0 0
scan 320 210 101 6.61813e-05 0 2.70184e-05 1.98544e-06 1.98544e-06 1.98544e-06 3.30906e-06 3.97088e-06 4.74687e-05
scan 320 210 102 0 0 0 0 0 0 0 0 0
scan 320 210 103 1.10302e-05 0 1.10302e-05 3.30906e-07 3.30906e-07 3.30906e-07 5.51511e-07 6.61813e-07 7.91145e-06
scan 320 210 104 0 0 0 0 0 0 0 0 0
scan 320 210 60 0 0 0 0 0 0 0 0 0
scan 320 210 61 0 0 0 0 0 0 0 0 0
scan 320 210 62 0 0 0 0 0 0 0 0 0
scan 320 210 63 0 0 0 0 0 0 0 0 0
scan 320 210 64 0 0 0 0 0 0 0 0 0
scan 320 210 65 0 0 0 0 0 0 0 0 0
scan 320 210 66 0 0 0 0 0 0 0 0 0
scan 320 210 67 0 0 0 0 0 0 0 0 0
scan 320 210 68 0 0 0 0 0 0 0 0 0
scan 320 210 69 0 0 0 0 0 0 0 0 0
scan 320 210 70 0 0 0 0 0 0 0 0 0
scan 320 210 71 0 0 0 0 0 0 0 0 0
scan 320 210 72 0 0 0 0 0 0 0 0 0
scan 320 210 73 0 0 0 0 0 0 0 0 0
scan 320 210 74 0 0 0 0 0 0 0 0 0
scan 320 210 120 1.10302e-05 0 1.10302e-05 3.30906e-07 3.30906e-07 3.30906e-07 5.51511e-07 6.61813e-07 7.91145e-06
scan 320 210 121 0 0 0 0 0 0 0 0 0
scan 320 210 122 0 0 0 0 0 0 0 0 0
scan 320 210 123 0 0 0 0 0 0 0 0 0
scan 320 210 124 0 0 0 0 0 0 0 0 0
scan 320 210 125 0 0 0 0 0 0 0 0 0
scan 320 210 126 1.10302e-05 0 1.10302e-05 3.30906e-07 3.30906e-07 3.30906e-07 5.51511e-07 6.61813e-07 7.91145e-06
scan 320 210 127 0 0 0 0 0 0 0 0 0
scan 320 210 128 0 0 0 0 0 0 0 0 0
scan 320 210 129 0 0 0 0 0 0 0 0 0
scan 320 210 130 0 0 0 0 0 0 0 0 0
scan 320 210 131 0 0 0 0 0 0 0 0 0
scan 320 210 132 0 0 0 0 0 0 0 0 0
scan 320 210 133 0 0 0 0 0 0 0 0 0
scan 320 210 134 0 0 0 0 0 0 0 0 0
scan 320 210 135 3.30906e-05 0 1.91049e-05 9.92719e-07 9.92719e-07 9.92719e-07 1.65453e-06 1.98544e-06 2.37344e-05
scan 320 210 136 1.10302e-05 0 1.10302e-05 3.30906e-07 3.30906e-07 3.30906e-07 5.51511e-07 6.61813e-07 7.91145e-06
scan 320 210 137 0 0 0 0 0 0 0 0 0
scan 320 210 138 1.10302e-05 0 1.10302e-05 3.30906e-07 3.30906e-07 3.30906e-07 5.51511e-07 6.61813e-07 7.91145e-06
scan 320 210 139 0 0 0 0 0 0 0 0 0
scan 320 210 140 0 0 0 0 0 0 0 0 0
scan 320 210 141 0 0 0 0 0 0 0 0 0
scan 320 210 142 0 0 0 0 0 0 0 0 0
scan 320 210 143 0 0 0 0 0 0 0 0 0
scan 320 210 144 0 0 0 0 0 0 0 0 0
scan 320 210 145 0 0 0 0 0 0 0 0 0
scan 320 210 146 0 0 0 0 0 0 0 0 0
scan 320 210 147 0 0 0 0 0 0 0 0 0
scan 320 210 148 0 0 0 0 0 0 0 0 0
scan 320 210 149 0 0 0 0 0 0 0 0 0
scan 320 210 60 0 0 0 0 0 0 0 0 0
scan 320 210 61 0 0 0 0 0 0 0 0 0
scan 320 210 62 0 0 0 0 0 0 0 0 0
scan 320 210 63 0 0 0 0 0 0 0 0 0
scan 320 210 64 0 0 0 0 0 0 0 0 0
scan 320 210 65 0 0 0 0 0 0 0 0 0
scan 320 210 66 0 0 0 0 0 0 0 0 0
scan 320 210 67 0 0 0 0 0 0 0 0 0
scan 320 210 68 0 0 0 0 0 0 0 0 0
scan 320 210 69 0 0 0 0 0 0 0 0 0
scan 320 210 70 0 0 0 0 0 0 0 0 0
scan 320 210 71 0 0 0 0 0 0 0 0 0
scan 320 210 72 0 0 0 0 0 0 0 0 0
scan 320 210 73 0 0 0 0 0 0 0 0 0
scan 320 210 74 0 0 0 0 0 0 0 0 0
scan 320 210 165 0 0 0 0 0 0 0 0 0
scan 320 210 166 0 0 0 0 0 0 0 0 0
scan 320 210 167 0 0 0 0 0 0 0 0 0
scan 320 210 168 0 0 0 0 0 0 0 0 0
scan 320 210 169 0 0 0 0 0 0 0 0 0
scan 320 210 170 0 0 0 0 0 0 0 0 0
scan 320 210 171 0 0 0 0 0 0 0 0 0
scan 320 210 172 0 0 0 0 0 0 0 0 0
scan 320 210 173 0 0 0 0 0 0 0 0 0
scan 320 210 174 0 0 0 0 0 0 0 0 0
scan 320 210 175 0 0 0 0 0 0 0 0 0
scan 320 210 176 0 0 0 0 0 0 0 0 0
scan 320 210 177 0 0 0 0 0 0 0 0 0
scan 320 210 178 0 0 0 0 0 0 0 0 0
scan 320 210 179 0 0 0 0 0 0 0 0 0
