xsec 420 160 0.0311379
scan 420 160 0 9.34138e-06 0 5.39325e-06 2.80241e-07 2.80241e-07 2.80241e-07 4.67069e-07 5.60483e-07 6.90129e-06
scan 420 160 1 1.24552e-05 0 6.22759e-06 3.73655e-07 3.73655e-07 3.73655e-07 6.22759e-07 7.47311e-07 9.20172e-06
scan 420 160 2 1.5569e-05 0 6.96265e-06 4.67069e-07 4.67069e-07 4.67069e-07 7.78448e-07 9.34138e-07 1.15022e-05
scan 420 160 3 0 0 0 0 0 0 0 0 0
scan 420 160 4 6.22759e-06 0 4.40357e-06 1.86828e-07 1.86828e-07 1.86828e-07 3.11379e-07 3.73655e-07 4.60086e-06
scan 420 160 5 0 0 0 0 0 0 0 0 0
scan 420 160 6 9.34138e-06 0 5.39325e-06 2.80241e-07 2.80241e-07 2.80241e-07 4.67069e-07 5.60483e-07 6.90129e-06
scan 420 160 7 6.22759e-06 0 4.40357e-06 1.86828e-07 1.86828e-07 1.86828e-07 3.11379e-07 3.73655e-07 4.60086e-06
scan 420 160 8 0 0 0 0 0 0 0 0 0
scan 420 160 9 0 0 0 0 0 0 0 0 0
scan 420 160 10 0 0 0 0 0 0 0 0 0
scan 420 160 11 9.34138e-06 0 5.39325e-06 2.80241e-07 2.80241e-07 2.80241e-07 4.67069e-07 5.60483e-07 6.90129e-06
scan 420 160 12 1.24552e-05 0 6.22759e-06 3.73655e-07 3.73655e-07 3.73655e-07 6.22759e-07 7.47311e-07 9.20172e-06
scan 420 160 13 2.17966e-05 0 8.23832e-06 6.53897e-07 6.53897e-07 6.53897e-07 1.08983e-06 1.30779e-06 1.6103e-05
scan 420 160 14 2.49104e-05 0 8.80714e-06 7.47311e-07 7.47311e-07 7.47311e-07 1.24552e-06 1.49462e-06 1.84034e-05
scan 420 160 15 0.00011521 0 1.89405e-05 3.45631e-06 3.45631e-06 3.45631e-06 5.76052e-06 6.91262e-06 8.51159e-05
scan 420 160 16 0.000233535 0 2.69662e-05 7.00604e-06 7.00604e-06 7.00604e-06 1.16767e-05 1.40121e-05 0.000172532
scan 420 160 17 0.000277128 0 2.93755e-05 8.31383e-06 8.31383e-06 8.31383e-06 1.38564e-05 1.66277e-05 0.000204738
scan 420 160 18 0.000189941 0 2.43195e-05 5.69824e-06 5.69824e-06 5.69824e-06 9.49707e-06 1.13965e-05 0.000140326
scan 420 160 19 0.000305152 0 3.0825e-05 9.15455e-06 9.15455e-06 9.15455e-06 1.52576e-05 1.83091e-05 0.000225442
scan 420 160 20 1.5569e-05 0 6.96265e-06 4.67069e-07 4.67069e-07 4.67069e-07 7.78448e-07 9.34138e-07 1.15022e-05
scan 420 160 21 5.91621e-05 0 1.35727e-05 1.77486e-06 1.77486e-06 1.77486e-06 2.9581e-06 3.54973e-06 4.37082e-05
scan 420 160 22 8.09586e-05 0 1.58773e-05 2.42876e-06 2.42876e-06 2.42876e-06 4.04793e-06 4.85752e-06 5.98112e-05
scan 420 160 23 7.16173e-05 0 1.49332e-05 2.14852e-06 2.14852e-06 2.14852e-06 3.58086e-06 4.29704e-06 5.29099e-05
scan 420 160 24 0.000102755 0 1.78874e-05 3.08266e-06 3.08266e-06 3.08266e-06 5.13776e-06 6.16531e-06 7.59142e-05
scan 420 160 25 3.11379e-06 0 3.11379e-06 9.34138e-08 9.34138e-08 9.34138e-08 1.5569e-07 1.86828e-07 2.30043e-06
scan 420 160 26 6.53897e-05 0 1.42692e-05 1.96169e-06 1.96169e-06 1.96169e-06 3.26948e-06 3.92338e-06 4.8309e-05
scan 420 160 27 0.00024599 0 2.7676e-05 7.37969e-06 7.37969e-06 7.37969e-06 1.22995e-05 1.47594e-05 0.000181734
scan 420 160 28 0.000333176 0 3.22093e-05 9.99528e-06 9.99528e-06 9.99528e-06 1.66588e-05 1.99906e-05 0.000246146
scan 420 160 29 0.000725514 0 4.753e-05 2.17654e-05 2.17654e-05 2.17654e-05 3.62757e-05 4.35308e-05 0.000536
scan 420 160 30 0 0 0 0 0 0 0 0 0
scan 420 160 31 1.24552e-05 0 6.22759e-06 3.73655e-07 3.73655e-07 3.73655e-07 6.22759e-07 7.47311e-07 9.20172e-06
scan 420 160 32 3.11379e-06 0 3.11379e-06 9.34138e-08 9.34138e-08 9.34138e-08 1.5569e-07 1.86828e-07 2.30043e-06
scan 420 160 33 1.86828e-05 0 7.62721e-06 5.60483e-07 5.60483e-07 5.60483e-07 9.34138e-07 1.12097e-06 1.38026e-05
scan 420 160 34 6.22759e-06 0 4.40357e-06 1.86828e-07 1.86828e-07 1.86828e-07 3.11379e-07 3.73655e-07 4.60086e-06
scan 420 160 35 0 0 0 0 0 0 0 0 0
scan 420 160 36 0 0 0 0 0 0 0 0 0
scan 420 160 37 3.11379e-06 0 3.11379e-06 9.34138e-08 9.34138e-08 9.34138e-08 1.5569e-07 1.86828e-07 2.30043e-06
scan 420 160 38 9.34138e-06 0 5.39325e-06 2.80241e-07 2.80241e-07 2.80241e-07 4.67069e-07 5.60483e-07 6.90129e-06
scan 420 160 39 0 0 0 0 0 0 0 0 0
scan 420 160 40 0 0 0 0 0 0 0 0 0
scan 420 160 41 0 0 0 0 0 0 0 0 0
scan 420 160 42 1.24552e-05 0 6.22759e-06 3.73655e-07 3.73655e-07 3.73655e-07 6.22759e-07 7.47311e-07 9.20172e-06
scan 420 160 43 3.11379e-06 0 3.11379e-06 9.34138e-08 9.34138e-08 9.34138e-08 1.5569e-07 1.86828e-07 2.30043e-06
scan 420 160 44 1.24552e-05 0 6.22759e-06 3.73655e-07 3.73655e-07 3.73655e-07 6.22759e-07 7.47311e-07 9.20172e-06
scan 420 160 45 6.22759e-06 0 4.40357e-06 1.86828e-07 1.86828e-07 1.86828e-07 3.11379e-07 3.73655e-07 4.60086e-06
scan 420 160 46 0 0 0 0 0 0 0 0 0
scan 420 160 47 6.22759e-06 0 4.40357e-06 1.86828e-07 1.86828e-07 1.86828e-07 3.11379e-07 3.73655e-07 4.60086e-06
scan 420 160 48 0 0 0 0 0 0 0 0 0
scan 420 160 49 0 0 0 0 0 0 0 0 0
scan 420 160 50 0 0 0 0 0 0 0 0 0
scan 420 160 51 3.11379e-06 0 3.11379e-06 9.34138e-08 9.34138e-08 9.34138e-08 1.5569e-07 1.86828e-07 2.30043e-06
scan 420 160 52 0 0 0 0 0 0 0 0 0
scan 420 160 53 0 0 0 0 0 0 0 0 0
scan 420 160 54 0 0 0 0 0 0 0 0 0
scan 420 160 55 0 0 0 0 0 0 0 0 0
scan 420 160 56 0 0 0 0 0 0 0 0 0
scan 420 160 57 0 0 0 0 0 0 0 0 0
scan 420 160 58 0 0 0 0 0 0 0 0 0
scan 420 160 59 0 0 0 0 0 0 0 0 0
scan 420 160 60 0 0 0 0 0 0 0 0 0
scan 420 160 61 0 0 0 0 0 0 0 0 0
scan 420 160 62 0 0 0 0 0 0 0 0 0
scan 420 160 63 0 0 0 0 0 0 0 0 0
scan 420 160 64 0 0 0 0 0 0 0 0 0
scan 420 160 65 0 0 0 0 0 0 0 0 0
scan 420 160 66 0 0 0 0 0 0 0 0 0
scan 420 160 67 0 0 0 0 0 0 0 0 0
scan 420 160 68 0 0 0 0 0 0 0 0 0
scan 420 160 69 0 0 0 0 0 0 0 0 0
scan 420 160 70 0 0 0 0 0 0 0 0 0
scan 420 160 71 0 0 0 0 0 0 0 0 0
scan 420 160 72 0 0 0 0 0 0 0 0 0
scan 420 160 73 0 0 0 0 0 0 0 0 0
scan 420 160 74 0 0 0 0 0 0 0 0 0
scan 420 160 75 0 0 0 0 0 0 0 0 0
scan 420 160 76 3.11379e-06 0 3.11379e-06 9.34138e-08 9.34138e-08 9.34138e-08 1.5569e-07 1.86828e-07 2.30043e-06
scan 420 160 77 0 0 0 0 0 0 0 0 0
scan 420 160 78 0 0 0 0 0 0 0 0 0
scan 420 160 79 0 0 0 0 0 0 0 0 0
scan 420 160 80 0 0 0 0 0 0 0 0 0
scan 420 160 81 0 0 0 0 0 0 0 0 0
scan 420 160 82 0 0 0 0 0 0 0 0 0
scan 420 160 83 0 0 0 0 0 0 0 0 0
scan 420 160 84 0 0 0 0 0 0 0 0 0
scan 420 160 85 0 0 0 0 0 0 0 0 0
scan 420 160 86 0 0 0 0 0 0 0 0 0
scan 420 160 87 3.11379e-06 0 3.11379e-06 9.34138e-08 9.34138e-08 9.34138e-08 1.5569e-07 1.86828e-07 2.30043e-06
scan 420 160 88 0 0 0 0 0 0 0 0 0
scan 420 160 89 0 0 0 0 0 0 0 0 0
scan 420 160 90 9.34138e-06 0 5.39325e-06 2.80241e-07 2.80241e-07 2.80241e-07 4.67069e-07 5.60483e-07 6.90129e-06
scan 420 160 91 3.11379e-06 0 3.11379e-06 9.34138e-08 9.34138e-08 9.34138e-08 1.5569e-07 1.86828e-07 2.30043e-06
scan 420 160 92 1.86828e-05 0 7.62721e-06 5.60483e-07 5.60483e-07 5.60483e-07 9.34138e-07 1.12097e-06 1.38026e-05
scan 420 160 93 3.11379e-06 0 3.11379e-06 9.34138e-08 9.34138e-08 9.34138e-08 1.5569e-07 1.86828e-07 2.30043e-06
scan 420 160 94 0 0 0 0 0 0 0 0 0
scan 420 160 95 0 0 0 0 0 0 0 0 0
scan 420 160 96 0 0 0 0 0 0 0 0 0
scan 420 160 97 3.11379e-06 0 3.11379e-06 9.34138e-08 9.34138e-08 9.34138e-08 1.5569e-07 1.86828e-07 2.30043e-06
scan 420 160 98 0 0 0 0 0 0 0 0 0
scan 420 160 99 0 0 0 0 0 0 0 0 0
scan 420 160 100 0 0 0 0 0 0 0 0 0
scan 420 160 101 3.11379e-06 0 3.11379e-06 9.34138e-08 9.34138e-08 9.34138e-08 1.5569e-07 1.86828e-07 2.30043e-06
scan 420 160 102 6.22759e-06 0 4.40357e-06 1.86828e-07 1.86828e-07 1.86828e-07 3.11379e-07 3.73655e-07 4.60086e-06
scan 420 160 103 6.22759e-06 0 4.40357e-06 1.86828e-07 1.86828e-07 1.86828e-07 3.11379e-07 3.73655e-07 4.60086e-06
scan 420 160 104 6.22759e-06 0 4.40357e-06 1.86828e-07 1.86828e-07 1.86828e-07 3.11379e-07 3.73655e-07 4.60086e-06
scan 420 160 60 0 0 0 0 0 0 0 0 0
scan 420 160 61 0 0 0 0 0 0 0 0 0
scan 420 160 62 0 0 0 0 0 0 0 0 0
scan 420 160 63 0 0 0 0 0 0 0 0 0
scan 420 160 64 0 0 0 0 0 0 0 0 0
scan 420 160 65 0 0 0 0 0 0 0 0 0
scan 420 160 66 0 0 0 0 0 0 0 0 0
scan 420 160 67 0 0 0 0 0 0 0 0 0
scan 420 160 68 0 0 0 0 0 0 0 0 0
scan 420 160 69 0 0 0 0 0 0 0 0 0
scan 420 160 70 0 0 0 0 0 0 0 0 0
scan 420 160 71 0 0 0 0 0 0 0 0 0
scan 420 160 72 0 0 0 0 0 0 0 0 0
scan 420 160 73 0 0 0 0 0 0 0 0 0
scan 420 160 74 0 0 0 0 0 0 0 0 0
scan 420 160 120 0 0 0 0 0 0 0 0 0
scan 420 160 121 0 0 0 0 0 0 0 0 0
scan 420 160 122 0 0 0 0 0 0 0 0 0
scan 420 160 123 0 0 0 0 0 0 0 0 0
scan 420 160 124 0 0 0 0 0 0 0 0 0
scan 420 160 125 0 0 0 0 0 0 0 0 0
scan 420 160 126 0 0 0 0 0 0 0 0 0
scan 420 160 127 0 0 0 0 0 0 0 0 0
scan 420 160 128 0 0 0 0 0 0 0 0 0
scan 420 160 129 0 0 0 0 0 0 0 0 0
scan 420 160 130 0 0 0 0 0 0 0 0 0
scan 420 160 131 0 0 0 0 0 0 0 0 0
scan 420 160 132 0 0 0 0 0 0 0 0 0
scan 420 160 133 0 0 0 0 0 0 0 0 0
scan 420 160 134 3.11379e-06 0 3.11379e-06 9.34138e-08 9.34138e-08 9.34138e-08 1.5569e-07 1.86828e-07 2.30043e-06
scan 420 160 135 9.34138e-06 0 5.39325e-06 2.80241e-07 2.80241e-07 2.80241e-07 4.67069e-07 5.60483e-07 6.90129e-06
scan 420 160 136 3.11379e-06 0 3.11379e-06 9.34138e-08 9.34138e-08 9.34138e-08 1.5569e-07 1.86828e-07 2.30043e-06
scan 420 160 137 6.22759e-06 0 4.40357e-06 1.86828e-07 1.86828e-07 1.86828e-07 3.11379e-07 3.73655e-07 4.60086e-06
scan 420 160 138 0 0 0 0 0 0 0 0 0
scan 420 160 139 0 0 0 0 0 0 0 0 0
scan 420 160 140 0 0 0 0 0 0 0 0 0
scan 420 160 141 0 0 0 0 0 0 0 0 0
scan 420 160 142 3.11379e-06 0 3.11379e-06 9.34138e-08 9.34138e-08 9.34138e-08 1.5569e-07 1.86828e-07 2.30043e-06
scan 420 160 143 0 0 0 0 0 0 0 0 0
scan 420 160 144 0 0 0 0 0 0 0 0 0
scan 420 160 145 0 0 0 0 0 0 0 0 0
scan 420 160 146 6.22759e-06 0 4.40357e-06 1.86828e-07 1.86828e-07 1.86828e-07 3.11379e-07 3.73655e-07 4.60086e-06
scan 420 160 147 0 0 0 0 0 0 0 0 0
scan 420 160 148 0 0 0 0 0 0 0 0 0
scan 420 160 149 9.34138e-06 0 5.39325e-06 2.80241e-07 2.80241e-07 2.80241e-07 4.67069e-07 5.60483e-07 6.90129e-06
scan 420 160 60 0 0 0 0 0 0 0 0 0
scan 420 160 61 0 0 0 0 0 0 0 0 0
scan 420 160 62 0 0 0 0 0 0 0 0 0
scan 420 160 63 0 0 0 0 0 0 0 0 0
scan 420 160 64 0 0 0 0 0 0 0 0 0
scan 420 160 65 0 0 0 0 0 0 0 0 0
scan 420 160 66 0 0 0 0 0 0 0 0 0
scan 420 160 67 0 0 0 0 0 0 0 0 0
scan 420 160 68 0 0 0 0 0 0 0 0 0
scan 420 160 69 0 0 0 0 0 0 0 0 0
scan 420 160 70 0 0 0 0 0 0 0 0 0
scan 420 160 71 0 0 0 0 0 0 0 0 0
scan 420 160 72 0 0 0 0 0 0 0 0 0
scan 420 160 73 0 0 0 0 0 0 0 0 0
scan 420 160 74 0 0 0 0 0 0 0 0 0
scan 420 160 165 0 0 0 0 0 0 0 0 0
scan 420 160 166 0 0 0 0 0 0 0 0 0
scan 420 160 167 0 0 0 0 0 0 0 0 0
scan 420 160 168 0 0 0 0 0 0 0 0 0
scan 420 160 169 0 0 0 0 0 0 0 0 0
scan 420 160 170 0 0 0 0 0 0 0 0 0
scan 420 160 171 0 0 0 0 0 0 0 0 0
scan 420 160 172 0 0 0 0 0 0 0 0 0
scan 420 160 173 0 0 0 0 0 0 0 0 0
scan 420 160 174 0 0 0 0 0 0 0 0 0
scan 420 160 175 0 0 0 0 0 0 0 0 0
scan 420 160 176 0 0 0 0 0 0 0 0 0
scan 420 160 177 0 0 0 0 0 0 0 0 0
scan 420 160 178 0 0 0 0 0 0 0 0 0
scan 420 160 179 0 0 0 0 0 0 0 0 0
