xsec 280 180 0.196518
scan 280 180 0 0.000275125 0 7.35304e-05 8.25376e-06 8.25376e-06 8.25376e-06 1.37563e-05 1.65075e-05 0.000194637
scan 280 180 1 0.000235822 0 6.80759e-05 7.07465e-06 7.07465e-06 7.07465e-06 1.17911e-05 1.41493e-05 0.000166832
scan 280 180 2 3.93036e-05 0 2.77919e-05 1.17911e-06 1.17911e-06 1.17911e-06 1.96518e-06 2.35822e-06 2.78053e-05
scan 280 180 3 0 0 0 0 0 0 0 0 0
scan 280 180 4 0 0 0 0 0 0 0 0 0
scan 280 180 5 0 0 0 0 0 0 0 0 0
scan 280 180 6 9.82591e-05 0 4.39428e-05 2.94777e-06 2.94777e-06 2.94777e-06 4.91295e-06 5.89555e-06 6.95133e-05
scan 280 180 7 3.93036e-05 0 2.77919e-05 1.17911e-06 1.17911e-06 1.17911e-06 1.96518e-06 2.35822e-06 2.78053e-05
scan 280 180 8 0 0 0 0 0 0 0 0 0
scan 280 180 9 0 0 0 0 0 0 0 0 0
scan 280 180 10 0 0 0 0 0 0 0 0 0
scan 280 180 11 0 0 0 0 0 0 0 0 0
scan 280 180 12 5.89555e-05 0 3.40379e-05 1.76866e-06 1.76866e-06 1.76866e-06 2.94777e-06 3.53733e-06 4.1708e-05
scan 280 180 13 1.96518e-05 0 1.96518e-05 5.89555e-07 5.89555e-07 5.89555e-07 9.82591e-07 1.17911e-06 1.39027e-05
scan 280 180 14 0 0 0 0 0 0 0 0 0
scan 280 180 15 0.00512912 0 0.000317485 0.000153874 0.000153874 0.000153874 0.000256456 0.000307747 0.00362859
scan 280 180 16 0.00567938 0 0.000334081 0.000170381 0.000170381 0.000170381 0.000283969 0.000340763 0.00401787
scan 280 180 17 0.00145423 0 0.000169051 4.3627e-05 4.3627e-05 4.3627e-05 7.27117e-05 8.72541e-05 0.0010288
scan 280 180 18 0.000314429 0 7.86073e-05 9.43287e-06 9.43287e-06 9.43287e-06 1.57215e-05 1.88657e-05 0.000222442
scan 280 180 19 0.00021617 0 6.51777e-05 6.4851e-06 6.4851e-06 6.4851e-06 1.08085e-05 1.29702e-05 0.000152929
scan 280 180 20 0.000137563 0 5.19938e-05 4.12688e-06 4.12688e-06 4.12688e-06 6.87814e-06 8.25376e-06 9.73186e-05
scan 280 180 21 0.000766421 0 0.000122726 2.29926e-05 2.29926e-05 2.29926e-05 3.8321e-05 4.59853e-05 0.000542204
scan 280 180 22 0.000589555 0 0.000107637 1.76866e-05 1.76866e-05 1.76866e-05 2.94777e-05 3.53733e-05 0.00041708
scan 280 180 23 9.82591e-05 0 4.39428e-05 2.94777e-06 2.94777e-06 2.94777e-06 4.91295e-06 5.89555e-06 6.95133e-05
scan 280 180 24 7.86073e-05 0 3.93036e-05 2.35822e-06 2.35822e-06 2.35822e-06 3.93036e-06 4.71644e-06 5.56106e-05
scan 280 180 25 0 0 0 0 0 0 0 0 0
scan 280 180 26 0.000294777 0 7.61112e-05 8.84332e-06 8.84332e-06 8.84332e-06 1.47389e-05 1.76866e-05 0.00020854
scan 280 180 27 0.000176866 0 5.89555e-05 5.30599e-06 5.30599e-06 5.30599e-06 8.84332e-06 1.0612e-05 0.000125124
scan 280 180 28 7.86073e-05 0 3.93036e-05 2.35822e-06 2.35822e-06 2.35822e-06 3.93036e-06 4.71644e-06 5.56106e-05
scan 280 180 29 3.93036e-05 0 2.77919e-05 1.17911e-06 1.17911e-06 1.17911e-06 1.96518e-06 2.35822e-06 2.78053e-05
scan 280 180 30 1.96518e-05 0 1.96518e-05 5.89555e-07 5.89555e-07 5.89555e-07 9.82591e-07 1.17911e-06 1.39027e-05
scan 280 180 31 0 0 0 0 0 0 0 0 0
scan 280 180 32 0 0 0 0 0 0 0 0 0
scan 280 180 33 0 0 0 0 0 0 0 0 0
scan 280 180 34 0 0 0 0 0 0 0 0 0
scan 280 180 35 0 0 0 0 0 0 0 0 0
scan 280 180 36 0 0 0 0 0 0 0 0 0
scan 280 180 37 0 0 0 0 0 0 0 0 0
scan 280 180 38 0 0 0 0 0 0 0 0 0
scan 280 180 39 0 0 0 0 0 0 0 0 0
scan 280 180 40 0 0 0 0 0 0 0 0 0
scan 280 180 41 0 0 0 0 0 0 0 0 0
scan 280 180 42 0 0 0 0 0 0 0 0 0
scan 280 180 43 0 0 0 0 0 0 0 0 0
scan 280 180 44 0 0 0 0 0 0 0 0 0
scan 280 180 45 1.96518e-05 0 1.96518e-05 5.89555e-07 5.89555e-07 5.89555e-07 9.82591e-07 1.17911e-06 1.39027e-05
scan 280 180 46 1.96518e-05 0 1.96518e-05 5.89555e-07 5.89555e-07 5.89555e-07 9.82591e-07 1.17911e-06 1.39027e-05
scan 280 180 47 1.96518e-05 0 1.96518e-05 5.89555e-07 5.89555e-07 5.89555e-07 9.82591e-07 1.17911e-06 1.39027e-05
scan 280 180 48 0 0 0 0 0 0 0 0 0
scan 280 180 49 0 0 0 0 0 0 0 0 0
scan 280 180 50 0 0 0 0 0 0 0 0 0
scan 280 180 51 1.96518e-05 0 1.96518e-05 5.89555e-07 5.89555e-07 5.89555e-07 9.82591e-07 1.17911e-06 1.39027e-05
scan 280 180 52 0 0 0 0 0 0 0 0 0
scan 280 180 53 0 0 0 0 0 0 0 0 0
scan 280 180 54 0 0 0 0 0 0 0 0 0
scan 280 180 55 0 0 0 0 0 0 0 0 0
scan 280 180 56 3.93036e-05 0 2.77919e-05 1.17911e-06 1.17911e-06 1.17911e-06 1.96518e-06 2.35822e-06 2.78053e-05
scan 280 180 57 0 0 0 0 0 0 0 0 0
scan 280 180 58 0 0 0 0 0 0 0 0 0
scan 280 180 59 0 0 0 0 0 0 0 0 0
scan 280 180 60 0 0 0 0 0 0 0 0 0
scan 280 180 61 0 0 0 0 0 0 0 0 0
scan 280 180 62 0 0 0 0 0 0 0 0 0
scan 280 180 63 0 0 0 0 0 0 0 0 0
scan 280 180 64 0 0 0 0 0 0 0 0 0
scan 280 180 65 0 0 0 0 0 0 0 0 0
scan 280 180 66 0 0 0 0 0 0 0 0 0
scan 280 180 67 0 0 0 0 0 0 0 0 0
scan 280 180 68 0 0 0 0 0 0 0 0 0
scan 280 180 69 0 0 0 0 0 0 0 0 0
scan 280 180 70 0 0 0 0 0 0 0 0 0
scan 280 180 71 0 0 0 0 0 0 0 0 0
scan 280 180 72 0 0 0 0 0 0 0 0 0
scan 280 180 73 0 0 0 0 0 0 0 0 0
scan 280 180 74 0 0 0 0 0 0 0 0 0
scan 280 180 75 0 0 0 0 0 0 0 0 0
scan 280 180 76 0 0 0 0 0 0 0 0 0
scan 280 180 77 0 0 0 0 0 0 0 0 0
scan 280 180 78 0 0 0 0 0 0 0 0 0
scan 280 180 79 0 0 0 0 0 0 0 0 0
scan 280 180 80 1.96518e-05 0 1.96518e-05 5.89555e-07 5.89555e-07 5.89555e-07 9.82591e-07 1.17911e-06 1.39027e-05
scan 280 180 81 0 0 0 0 0 0 0 0 0
scan 280 180 82 0 0 0 0 0 0 0 0 0
scan 280 180 83 0 0 0 0 0 0 0 0 0
scan 280 180 84 0 0 0 0 0 0 0 0 0
scan 280 180 85 0 0 0 0 0 0 0 0 0
scan 280 180 86 0 0 0 0 0 0 0 0 0
scan 280 180 87 0 0 0 0 0 0 0 0 0
scan 280 180 88 0 0 0 0 0 0 0 0 0
scan 280 180 89 0 0 0 0 0 0 0 0 0
scan 280 180 90 9.82591e-05 0 4.39428e-05 2.94777e-06 2.94777e-06 2.94777e-06 4.91295e-06 5.89555e-06 6.95133e-05
scan 280 180 91 5.89555e-05 0 3.40379e-05 1.76866e-06 1.76866e-06 1.76866e-06 2.94777e-06 3.53733e-06 4.1708e-05
scan 280 180 92 0 0 0 0 0 0 0 0 0
scan 280 180 93 0 0 0 0 0 0 0 0 0
scan 280 180 94 0 0 0 0 0 0 0 0 0
scan 280 180 95 0 0 0 0 0 0 0 0 0
scan 280 180 96 1.96518e-05 0 1.96518e-05 5.89555e-07 5.89555e-07 5.89555e-07 9.82591e-07 1.17911e-06 1.39027e-05
scan 280 180 97 0 0 0 0 0 0 0 0 0
scan 280 180 98 0 0 0 0 0 0 0 0 0
scan 280 180 99 0 0 0 0 0 0 0 0 0
scan 280 180 100 0 0 0 0 0 0 0 0 0
scan 280 180 101 0 0 0 0 0 0 0 0 0
scan 280 180 102 5.89555e-05 0 3.40379e-05 1.76866e-06 1.76866e-06 1.76866e-06 2.94777e-06 3.53733e-06 4.1708e-05
scan 280 180 103 0 0 0 0 0 0 0 0 0
scan 280 180 104 0 0 0 0 0 0 0 0 0
scan 280 180 60 0 0 0 0 0 0 0 0 0
scan 280 180 61 0 0 0 0 0 0 0 0 0
scan 280 180 62 0 0 0 0 0 0 0 0 0
scan 280 180 63 0 0 0 0 0 0 0 0 0
scan 280 180 64 0 0 0 0 0 0 0 0 0
scan 280 180 65 0 0 0 0 0 0 0 0 0
scan 280 180 66 0 0 0 0 0 0 0 0 0
scan 280 180 67 0 0 0 0 0 0 0 0 0
scan 280 180 68 0 0 0 0 0 0 0 0 0
scan 280 180 69 0 0 0 0 0 0 0 0 0
scan 280 180 70 0 0 0 0 0 0 0 0 0
scan 280 180 71 0 0 0 0 0 0 0 0 0
scan 280 180 72 0 0 0 0 0 0 0 0 0
scan 280 180 73 0 0 0 0 0 0 0 0 0
scan 280 180 74 0 0 0 0 0 0 0 0 0
scan 280 180 120 0 0 0 0 0 0 0 0 0
scan 280 180 121 0 0 0 0 0 0 0 0 0
scan 280 180 122 0 0 0 0 0 0 0 0 0
scan 280 180 123 0 0 0 0 0 0 0 0 0
scan 280 180 124 0 0 0 0 0 0 0 0 0
scan 280 180 125 0 0 0 0 0 0 0 0 0
scan 280 180 126 0 0 0 0 0 0 0 0 0
scan 280 180 127 0 0 0 0 0 0 0 0 0
scan 280 180 128 0 0 0 0 0 0 0 0 0
scan 280 180 129 0 0 0 0 0 0 0 0 0
scan 280 180 130 0 0 0 0 0 0 0 0 0
scan 280 180 131 0 0 0 0 0 0 0 0 0
scan 280 180 132 0 0 0 0 0 0 0 0 0
scan 280 180 133 0 0 0 0 0 0 0 0 0
scan 280 180 134 0 0 0 0 0 0 0 0 0
scan 280 180 135 7.86073e-05 0 3.93036e-05 2.35822e-06 2.35822e-06 2.35822e-06 3.93036e-06 4.71644e-06 5.56106e-05
scan 280 180 136 7.86073e-05 0 3.93036e-05 2.35822e-06 2.35822e-06 2.35822e-06 3.93036e-06 4.71644e-06 5.56106e-05
scan 280 180 137 1.96518e-05 0 1.96518e-05 5.89555e-07 5.89555e-07 5.89555e-07 9.82591e-07 1.17911e-06 1.39027e-05
scan 280 180 138 0 0 0 0 0 0 0 0 0
scan 280 180 139 0 0 0 0 0 0 0 0 0
scan 280 180 140 0 0 0 0 0 0 0 0 0
scan 280 180 141 0 0 0 0 0 0 0 0 0
scan 280 180 142 1.96518e-05 0 1.96518e-05 5.89555e-07 5.89555e-07 5.89555e-07 9.82591e-07 1.17911e-06 1.39027e-05
scan 280 180 143 0 0 0 0 0 0 0 0 0
scan 280 180 144 0 0 0 0 0 0 0 0 0
scan 280 180 145 0 0 0 0 0 0 0 0 0
scan 280 180 146 0 0 0 0 0 0 0 0 0
scan 280 180 147 0 0 0 0 0 0 0 0 0
scan 280 180 148 0 0 0 0 0 0 0 0 0
scan 280 180 149 0 0 0 0 0 0 0 0 0
scan 280 180 60 0 0 0 0 0 0 0 0 0
scan 280 180 61 0 0 0 0 0 0 0 0 0
scan 280 180 62 0 0 0 0 0 0 0 0 0
scan 280 180 63 0 0 0 0 0 0 0 0 0
scan 280 180 64 0 0 0 0 0 0 0 0 0
scan 280 180 65 0 0 0 0 0 0 0 0 0
scan 280 180 66 0 0 0 0 0 0 0 0 0
scan 280 180 67 0 0 0 0 0 0 0 0 0
scan 280 180 68 0 0 0 0 0 0 0 0 0
scan 280 180 69 0 0 0 0 0 0 0 0 0
scan 280 180 70 0 0 0 0 0 0 0 0 0
scan 280 180 71 0 0 0 0 0 0 0 0 0
scan 280 180 72 0 0 0 0 0 0 0 0 0
scan 280 180 73 0 0 0 0 0 0 0 0 0
scan 280 180 74 0 0 0 0 0 0 0 0 0
scan 280 180 165 0 0 0 0 0 0 0 0 0
scan 280 180 166 0 0 0 0 0 0 0 0 0
scan 280 180 167 0 0 0 0 0 0 0 0 0
scan 280 180 168 0 0 0 0 0 0 0 0 0
scan 280 180 169 0 0 0 0 0 0 0 0 0
scan 280 180 170 0 0 0 0 0 0 0 0 0
scan 280 180 171 0 0 0 0 0 0 0 0 0
scan 280 180 172 0 0 0 0 0 0 0 0 0
scan 280 180 173 0 0 0 0 0 0 0 0 0
scan 280 180 174 0 0 0 0 0 0 0 0 0
scan 280 180 175 0 0 0 0 0 0 0 0 0
scan 280 180 176 0 0 0 0 0 0 0 0 0
scan 280 180 177 0 0 0 0 0 0 0 0 0
scan 280 180 178 0 0 0 0 0 0 0 0 0
scan 280 180 179 0 0 0 0 0 0 0 0 0
