xsec 430 300 0.0277012
scan 430 300 0 2.77091e-05 0 1.0473e-05 8.31272e-07 8.31272e-07 8.31272e-07 1.38545e-06 1.66254e-06 2.05098e-05
scan 430 300 1 1.97922e-05 0 8.85134e-06 5.93766e-07 5.93766e-07 5.93766e-07 9.8961e-07 1.18753e-06 1.46499e-05
scan 430 300 2 3.95844e-06 0 3.95844e-06 1.18753e-07 1.18753e-07 1.18753e-07 1.97922e-07 2.37506e-07 2.92997e-06
scan 430 300 3 1.18753e-05 0 6.85622e-06 3.5626e-07 3.5626e-07 3.5626e-07 5.93766e-07 7.12519e-07 8.78991e-06
scan 430 300 4 0 0 0 0 0 0 0 0 0
scan 430 300 5 0 0 0 0 0 0 0 0 0
scan 430 300 6 1.18753e-05 0 6.85622e-06 3.5626e-07 3.5626e-07 3.5626e-07 5.93766e-07 7.12519e-07 8.78991e-06
scan 430 300 7 0 0 0 0 0 0 0 0 0
scan 430 300 8 0 0 0 0 0 0 0 0 0
scan 430 300 9 0 0 0 0 0 0 0 0 0
scan 430 300 10 0 0 0 0 0 0 0 0 0
scan 430 300 11 7.91688e-06 0 5.59808e-06 2.37506e-07 2.37506e-07 2.37506e-07 3.95844e-07 4.75013e-07 5.85994e-06
scan 430 300 12 1.18753e-05 0 6.85622e-06 3.5626e-07 3.5626e-07 3.5626e-07 5.93766e-07 7.12519e-07 8.78991e-06
scan 430 300 13 0 0 0 0 0 0 0 0 0
scan 430 300 14 3.95844e-06 0 3.95844e-06 1.18753e-07 1.18753e-07 1.18753e-07 1.97922e-07 2.37506e-07 2.92997e-06
scan 430 300 15 0.000372093 0 3.83785e-05 1.11628e-05 1.11628e-05 1.11628e-05 1.86047e-05 2.23256e-05 0.000275417
scan 430 300 16 0.000589807 0 4.83189e-05 1.76942e-05 1.76942e-05 1.76942e-05 2.94904e-05 3.53884e-05 0.000436566
scan 430 300 17 0.000372093 0 3.83785e-05 1.11628e-05 1.11628e-05 1.11628e-05 1.86047e-05 2.23256e-05 0.000275417
scan 430 300 18 9.8961e-05 0 1.97922e-05 2.96883e-06 2.96883e-06 2.96883e-06 4.94805e-06 5.93766e-06 7.32493e-05
scan 430 300 19 8.70857e-05 0 1.85667e-05 2.61257e-06 2.61257e-06 2.61257e-06 4.35428e-06 5.22514e-06 6.44594e-05
scan 430 300 20 3.95844e-05 0 1.25177e-05 1.18753e-06 1.18753e-06 1.18753e-06 1.97922e-06 2.37506e-06 2.92997e-05
scan 430 300 21 0.000122712 0 2.20397e-05 3.68135e-06 3.68135e-06 3.68135e-06 6.13558e-06 7.3627e-06 9.08291e-05
scan 430 300 22 0.000122712 0 2.20397e-05 3.68135e-06 3.68135e-06 3.68135e-06 6.13558e-06 7.3627e-06 9.08291e-05
scan 430 300 23 6.72935e-05 0 1.63211e-05 2.0188e-06 2.0188e-06 2.0188e-06 3.36467e-06 4.03761e-06 4.98095e-05
scan 430 300 24 3.5626e-05 0 1.18753e-05 1.06878e-06 1.06878e-06 1.06878e-06 1.7813e-06 2.13756e-06 2.63697e-05
scan 430 300 25 3.95844e-06 0 3.95844e-06 1.18753e-07 1.18753e-07 1.18753e-07 1.97922e-07 2.37506e-07 2.92997e-06
scan 430 300 26 9.10441e-05 0 1.8984e-05 2.73132e-06 2.73132e-06 2.73132e-06 4.5522e-06 5.46265e-06 6.73893e-05
scan 430 300 27 0.000225631 0 2.98856e-05 6.76893e-06 6.76893e-06 6.76893e-06 1.12816e-05 1.35379e-05 0.000167008
scan 430 300 28 0.000102919 0 2.01842e-05 3.08758e-06 3.08758e-06 3.08758e-06 5.14597e-06 6.17516e-06 7.61792e-05
scan 430 300 29 5.93766e-05 0 1.5331e-05 1.7813e-06 1.7813e-06 1.7813e-06 2.96883e-06 3.5626e-06 4.39496e-05
scan 430 300 30 3.95844e-06 0 3.95844e-06 1.18753e-07 1.18753e-07 1.18753e-07 1.97922e-07 2.37506e-07 2.92997e-06
scan 430 300 31 2.77091e-05 0 1.0473e-05 8.31272e-07 8.31272e-07 8.31272e-07 1.38545e-06 1.66254e-06 2.05098e-05
scan 430 300 32 0 0 0 0 0 0 0 0 0
scan 430 300 33 3.95844e-06 0 3.95844e-06 1.18753e-07 1.18753e-07 1.18753e-07 1.97922e-07 2.37506e-07 2.92997e-06
scan 430 300 34 0 0 0 0 0 0 0 0 0
scan 430 300 35 0 0 0 0 0 0 0 0 0
scan 430 300 36 0 0 0 0 0 0 0 0 0
scan 430 300 37 0 0 0 0 0 0 0 0 0
scan 430 300 38 0 0 0 0 0 0 0 0 0
scan 430 300 39 7.91688e-06 0 5.59808e-06 2.37506e-07 2.37506e-07 2.37506e-07 3.95844e-07 4.75013e-07 5.85994e-06
scan 430 300 40 0 0 0 0 0 0 0 0 0
scan 430 300 41 0 0 0 0 0 0 0 0 0
scan 430 300 42 1.18753e-05 0 6.85622e-06 3.5626e-07 3.5626e-07 3.5626e-07 5.93766e-07 7.12519e-07 8.78991e-06
scan 430 300 43 3.95844e-06 0 3.95844e-06 1.18753e-07 1.18753e-07 1.18753e-07 1.97922e-07 2.37506e-07 2.92997e-06
scan 430 300 44 0 0 0 0 0 0 0 0 0
scan 430 300 45 1.18753e-05 0 6.85622e-06 3.5626e-07 3.5626e-07 3.5626e-07 5.93766e-07 7.12519e-07 8.78991e-06
scan 430 300 46 3.95844e-06 0 3.95844e-06 1.18753e-07 1.18753e-07 1.18753e-07 1.97922e-07 2.37506e-07 2.92997e-06
scan 430 300 47 0 0 0 0 0 0 0 0 0
scan 430 300 48 0 0 0 0 0 0 0 0 0
scan 430 300 49 0 0 0 0 0 0 0 0 0
scan 430 300 50 3.95844e-06 0 3.95844e-06 1.18753e-07 1.18753e-07 1.18753e-07 1.97922e-07 2.37506e-07 2.92997e-06
scan 430 300 51 3.95844e-06 0 3.95844e-06 1.18753e-07 1.18753e-07 1.18753e-07 1.97922e-07 2.37506e-07 2.92997e-06
scan 430 300 52 3.95844e-06 0 3.95844e-06 1.18753e-07 1.18753e-07 1.18753e-07 1.97922e-07 2.37506e-07 2.92997e-06
scan 430 300 53 0 0 0 0 0 0 0 0 0
scan 430 300 54 0 0 0 0 0 0 0 0 0
scan 430 300 55 0 0 0 0 0 0 0 0 0
scan 430 300 56 0 0 0 0 0 0 0 0 0
scan 430 300 57 0 0 0 0 0 0 0 0 0
scan 430 300 58 3.95844e-06 0 3.95844e-06 1.18753e-07 1.18753e-07 1.18753e-07 1.97922e-07 2.37506e-07 2.92997e-06
scan 430 300 59 0 0 0 0 0 0 0 0 0
scan 430 300 60 0 0 0 0 0 0 0 0 0
scan 430 300 61 0 0 0 0 0 0 0 0 0
scan 430 300 62 0 0 0 0 0 0 0 0 0
scan 430 300 63 0 0 0 0 0 0 0 0 0
scan 430 300 64 0 0 0 0 0 0 0 0 0
scan 430 300 65 0 0 0 0 0 0 0 0 0
scan 430 300 66 0 0 0 0 0 0 0 0 0
scan 430 300 67 0 0 0 0 0 0 0 0 0
scan 430 300 68 0 0 0 0 0 0 0 0 0
scan 430 300 69 0 0 0 0 0 0 0 0 0
scan 430 300 70 0 0 0 0 0 0 0 0 0
scan 430 300 71 0 0 0 0 0 0 0 0 0
scan 430 300 72 0 0 0 0 0 0 0 0 0
scan 430 300 73 0 0 0 0 0 0 0 0 0
scan 430 300 74 0 0 0 0 0 0 0 0 0
scan 430 300 75 0 0 0 0 0 0 0 0 0
scan 430 300 76 0 0 0 0 0 0 0 0 0
scan 430 300 77 0 0 0 0 0 0 0 0 0
scan 430 300 78 0 0 0 0 0 0 0 0 0
scan 430 300 79 0 0 0 0 0 0 0 0 0
scan 430 300 80 0 0 0 0 0 0 0 0 0
scan 430 300 81 0 0 0 0 0 0 0 0 0
scan 430 300 82 0 0 0 0 0 0 0 0 0
scan 430 300 83 0 0 0 0 0 0 0 0 0
scan 430 300 84 0 0 0 0 0 0 0 0 0
scan 430 300 85 0 0 0 0 0 0 0 0 0
scan 430 300 86 0 0 0 0 0 0 0 0 0
scan 430 300 87 0 0 0 0 0 0 0 0 0
scan 430 300 88 0 0 0 0 0 0 0 0 0
scan 430 300 89 0 0 0 0 0 0 0 0 0
scan 430 300 90 1.97922e-05 0 8.85134e-06 5.93766e-07 5.93766e-07 5.93766e-07 9.8961e-07 1.18753e-06 1.46499e-05
scan 430 300 91 3.95844e-06 0 3.95844e-06 1.18753e-07 1.18753e-07 1.18753e-07 1.97922e-07 2.37506e-07 2.92997e-06
scan 430 300 92 7.91688e-06 0 5.59808e-06 2.37506e-07 2.37506e-07 2.37506e-07 3.95844e-07 4.75013e-07 5.85994e-06
scan 430 300 93 3.95844e-06 0 3.95844e-06 1.18753e-07 1.18753e-07 1.18753e-07 1.97922e-07 2.37506e-07 2.92997e-06
scan 430 300 94 0 0 0 0 0 0 0 0 0
scan 430 300 95 0 0 0 0 0 0 0 0 0
scan 430 300 96 3.95844e-06 0 3.95844e-06 1.18753e-07 1.18753e-07 1.18753e-07 1.97922e-07 2.37506e-07 2.92997e-06
scan 430 300 97 7.91688e-06 0 5.59808e-06 2.37506e-07 2.37506e-07 2.37506e-07 3.95844e-07 4.75013e-07 5.85994e-06
scan 430 300 98 0 0 0 0 0 0 0 0 0
scan 430 300 99 0 0 0 0 0 0 0 0 0
scan 430 300 100 0 0 0 0 0 0 0 0 0
scan 430 300 101 3.95844e-06 0 3.95844e-06 1.18753e-07 1.18753e-07 1.18753e-07 1.97922e-07 2.37506e-07 2.92997e-06
scan 430 300 102 3.95844e-06 0 3.95844e-06 1.18753e-07 1.18753e-07 1.18753e-07 1.97922e-07 2.37506e-07 2.92997e-06
scan 430 300 103 7.91688e-06 0 5.59808e-06 2.37506e-07 2.37506e-07 2.37506e-07 3.95844e-07 4.75013e-07 5.85994e-06
scan 430 300 104 0 0 0 0 0 0 0 0 0
scan 430 300 60 0 0 0 0 0 0 0 0 0
scan 430 300 61 0 0 0 0 0 0 0 0 0
scan 430 300 62 0 0 0 0 0 0 0 0 0
scan 430 300 63 0 0 0 0 0 0 0 0 0
scan 430 300 64 0 0 0 0 0 0 0 0 0
scan 430 300 65 0 0 0 0 0 0 0 0 0
scan 430 300 66 0 0 0 0 0 0 0 0 0
scan 430 300 67 0 0 0 0 0 0 0 0 0
scan 430 300 68 0 0 0 0 0 0 0 0 0
scan 430 300 69 0 0 0 0 0 0 0 0 0
scan 430 300 70 0 0 0 0 0 0 0 0 0
scan 430 300 71 0 0 0 0 0 0 0 0 0
scan 430 300 72 0 0 0 0 0 0 0 0 0
scan 430 300 73 0 0 0 0 0 0 0 0 0
scan 430 300 74 0 0 0 0 0 0 0 0 0
scan 430 300 120 0 0 0 0 0 0 0 0 0
scan 430 300 121 0 0 0 0 0 0 0 0 0
scan 430 300 122 0 0 0 0 0 0 0 0 0
scan 430 300 123 0 0 0 0 0 0 0 0 0
scan 430 300 124 0 0 0 0 0 0 0 0 0
scan 430 300 125 0 0 0 0 0 0 0 0 0
scan 430 300 126 0 0 0 0 0 0 0 0 0
scan 430 300 127 0 0 0 0 0 0 0 0 0
scan 430 300 128 0 0 0 0 0 0 0 0 0
scan 430 300 129 0 0 0 0 0 0 0 0 0
scan 430 300 130 0 0 0 0 0 0 0 0 0
scan 430 300 131 0 0 0 0 0 0 0 0 0
scan 430 300 132 0 0 0 0 0 0 0 0 0
scan 430 300 133 0 0 0 0 0 0 0 0 0
scan 430 300 134 0 0 0 0 0 0 0 0 0
scan 430 300 135 7.91688e-06 0 5.59808e-06 2.37506e-07 2.37506e-07 2.37506e-07 3.95844e-07 4.75013e-07 5.85994e-06
scan 430 300 136 0 0 0 0 0 0 0 0 0
scan 430 300 137 3.95844e-06 0 3.95844e-06 1.18753e-07 1.18753e-07 1.18753e-07 1.97922e-07 2.37506e-07 2.92997e-06
scan 430 300 138 0 0 0 0 0 0 0 0 0
scan 430 300 139 0 0 0 0 0 0 0 0 0
scan 430 300 140 0 0 0 0 0 0 0 0 0
scan 430 300 141 0 0 0 0 0 0 0 0 0
scan 430 300 142 3.95844e-06 0 3.95844e-06 1.18753e-07 1.18753e-07 1.18753e-07 1.97922e-07 2.37506e-07 2.92997e-06
scan 430 300 143 0 0 0 0 0 0 0 0 0
scan 430 300 144 0 0 0 0 0 0 0 0 0
scan 430 300 145 0 0 0 0 0 0 0 0 0
scan 430 300 146 0 0 0 0 0 0 0 0 0
scan 430 300 147 0 0 0 0 0 0 0 0 0
scan 430 300 148 0 0 0 0 0 0 0 0 0
scan 430 300 149 0 0 0 0 0 0 0 0 0
scan 430 300 60 0 0 0 0 0 0 0 0 0
scan 430 300 61 0 0 0 0 0 0 0 0 0
scan 430 300 62 0 0 0 0 0 0 0 0 0
scan 430 300 63 0 0 0 0 0 0 0 0 0
scan 430 300 64 0 0 0 0 0 0 0 0 0
scan 430 300 65 0 0 0 0 0 0 0 0 0
scan 430 300 66 0 0 0 0 0 0 0 0 0
scan 430 300 67 0 0 0 0 0 0 0 0 0
scan 430 300 68 0 0 0 0 0 0 0 0 0
scan 430 300 69 0 0 0 0 0 0 0 0 0
scan 430 300 70 0 0 0 0 0 0 0 0 0
scan 430 300 71 0 0 0 0 0 0 0 0 0
scan 430 300 72 0 0 0 0 0 0 0 0 0
scan 430 300 73 0 0 0 0 0 0 0 0 0
scan 430 300 74 0 0 0 0 0 0 0 0 0
scan 430 300 165 0 0 0 0 0 0 0 0 0
scan 430 300 166 0 0 0 0 0 0 0 0 0
scan 430 300 167 3.95844e-06 0 3.95844e-06 1.18753e-07 1.18753e-07 1.18753e-07 1.97922e-07 2.37506e-07 2.92997e-06
scan 430 300 168 0 0 0 0 0 0 0 0 0
scan 430 300 169 0 0 0 0 0 0 0 0 0
scan 430 300 170 0 0 0 0 0 0 0 0 0
scan 430 300 171 0 0 0 0 0 0 0 0 0
scan 430 300 172 0 0 0 0 0 0 0 0 0
scan 430 300 173 0 0 0 0 0 0 0 0 0
scan 430 300 174 0 0 0 0 0 0 0 0 0
scan 430 300 175 0 0 0 0 0 0 0 0 0
scan 430 300 176 0 0 0 0 0 0 0 0 0
scan 430 300 177 0 0 0 0 0 0 0 0 0
scan 430 300 178 0 0 0 0 0 0 0 0 0
scan 430 300 179 0 0 0 0 0 0 0 0 0
