xsec 240 30 0.376791
scan 240 30 0 7.53657e-05 0 5.32916e-05 2.26097e-06 2.26097e-06 2.26097e-06 3.76829e-06 4.52194e-06 5.24166e-05
scan 240 30 1 0.00026378 0 9.96995e-05 7.9134e-06 7.9134e-06 7.9134e-06 1.3189e-05 1.58268e-05 0.000183458
scan 240 30 2 0.00026378 0 9.96995e-05 7.9134e-06 7.9134e-06 7.9134e-06 1.3189e-05 1.58268e-05 0.000183458
scan 240 30 3 3.76829e-05 0 3.76829e-05 1.13049e-06 1.13049e-06 1.13049e-06 1.88414e-06 2.26097e-06 2.62083e-05
scan 240 30 4 7.53657e-05 0 5.32916e-05 2.26097e-06 2.26097e-06 2.26097e-06 3.76829e-06 4.52194e-06 5.24166e-05
scan 240 30 5 0 0 0 0 0 0 0 0 0
scan 240 30 6 0.000113049 0 6.52686e-05 3.39146e-06 3.39146e-06 3.39146e-06 5.65243e-06 6.78291e-06 7.86249e-05
scan 240 30 7 7.53657e-05 0 5.32916e-05 2.26097e-06 2.26097e-06 2.26097e-06 3.76829e-06 4.52194e-06 5.24166e-05
scan 240 30 8 0 0 0 0 0 0 0 0 0
scan 240 30 9 0 0 0 0 0 0 0 0 0
scan 240 30 10 0 0 0 0 0 0 0 0 0
scan 240 30 11 7.53657e-05 0 5.32916e-05 2.26097e-06 2.26097e-06 2.26097e-06 3.76829e-06 4.52194e-06 5.24166e-05
scan 240 30 12 0.000150731 0 7.53657e-05 4.52194e-06 4.52194e-06 4.52194e-06 7.53657e-06 9.04389e-06 0.000104833
scan 240 30 13 7.53657e-05 0 5.32916e-05 2.26097e-06 2.26097e-06 2.26097e-06 3.76829e-06 4.52194e-06 5.24166e-05
scan 240 30 14 0.000113049 0 6.52686e-05 3.39146e-06 3.39146e-06 3.39146e-06 5.65243e-06 6.78291e-06 7.86249e-05
scan 240 30 15 0.00357987 0 0.000367287 0.000107396 0.000107396 0.000107396 0.000178994 0.000214792 0.00248979
scan 240 30 16 0.00553938 0 0.00045688 0.000166181 0.000166181 0.000166181 0.000276969 0.000332363 0.00385262
scan 240 30 17 0.0039567 0 0.000386134 0.000118701 0.000118701 0.000118701 0.000197835 0.000237402 0.00275187
scan 240 30 18 0.00158268 0 0.000244213 4.74804e-05 4.74804e-05 4.74804e-05 7.9134e-05 9.49608e-05 0.00110075
scan 240 30 19 0.00180878 0 0.000261074 5.42633e-05 5.42633e-05 5.42633e-05 9.04389e-05 0.000108527 0.001258
scan 240 30 20 7.53657e-05 0 5.32916e-05 2.26097e-06 2.26097e-06 2.26097e-06 3.76829e-06 4.52194e-06 5.24166e-05
scan 240 30 21 0.00169573 0 0.000252784 5.08719e-05 5.08719e-05 5.08719e-05 8.47864e-05 0.000101744 0.00117937
scan 240 30 22 0.00169573 0 0.000252784 5.08719e-05 5.08719e-05 5.08719e-05 8.47864e-05 0.000101744 0.00117937
scan 240 30 23 0.000640609 0 0.00015537 1.92183e-05 1.92183e-05 1.92183e-05 3.20304e-05 3.84365e-05 0.000445541
scan 240 30 24 0.000452194 0 0.000130537 1.35658e-05 1.35658e-05 1.35658e-05 2.26097e-05 2.71317e-05 0.0003145
scan 240 30 25 0.000113049 0 6.52686e-05 3.39146e-06 3.39146e-06 3.39146e-06 5.65243e-06 6.78291e-06 7.86249e-05
scan 240 30 26 0.00113049 0 0.000206398 3.39146e-05 3.39146e-05 3.39146e-05 5.65243e-05 6.78291e-05 0.000786249
scan 240 30 27 0.00365524 0 0.000371133 0.000109657 0.000109657 0.000109657 0.000182762 0.000219314 0.00254221
scan 240 30 28 0.0028639 0 0.000328512 8.59169e-05 8.59169e-05 8.59169e-05 0.000143195 0.000171834 0.00199183
scan 240 30 29 0.00128122 0 0.000219727 3.84365e-05 3.84365e-05 3.84365e-05 6.40609e-05 7.6873e-05 0.000891083
scan 240 30 30 0.000226097 0 9.23038e-05 6.78291e-06 6.78291e-06 6.78291e-06 1.13049e-05 1.35658e-05 0.00015725
scan 240 30 31 0.000188414 0 8.42614e-05 5.65243e-06 5.65243e-06 5.65243e-06 9.42071e-06 1.13049e-05 0.000131042
scan 240 30 32 0.000150731 0 7.53657e-05 4.52194e-06 4.52194e-06 4.52194e-06 7.53657e-06 9.04389e-06 0.000104833
scan 240 30 33 3.76829e-05 0 3.76829e-05 1.13049e-06 1.13049e-06 1.13049e-06 1.88414e-06 2.26097e-06 2.62083e-05
scan 240 30 34 0 0 0 0 0 0 0 0 0
scan 240 30 35 0 0 0 0 0 0 0 0 0
scan 240 30 36 7.53657e-05 0 5.32916e-05 2.26097e-06 2.26097e-06 2.26097e-06 3.76829e-06 4.52194e-06 5.24166e-05
scan 240 30 37 7.53657e-05 0 5.32916e-05 2.26097e-06 2.26097e-06 2.26097e-06 3.76829e-06 4.52194e-06 5.24166e-05
scan 240 30 38 7.53657e-05 0 5.32916e-05 2.26097e-06 2.26097e-06 2.26097e-06 3.76829e-06 4.52194e-06 5.24166e-05
scan 240 30 39 3.76829e-05 0 3.76829e-05 1.13049e-06 1.13049e-06 1.13049e-06 1.88414e-06 2.26097e-06 2.62083e-05
scan 240 30 40 0 0 0 0 0 0 0 0 0
scan 240 30 41 3.76829e-05 0 3.76829e-05 1.13049e-06 1.13049e-06 1.13049e-06 1.88414e-06 2.26097e-06 2.62083e-05
scan 240 30 42 7.53657e-05 0 5.32916e-05 2.26097e-06 2.26097e-06 2.26097e-06 3.76829e-06 4.52194e-06 5.24166e-05
scan 240 30 43 3.76829e-05 0 3.76829e-05 1.13049e-06 1.13049e-06 1.13049e-06 1.88414e-06 2.26097e-06 2.62083e-05
scan 240 30 44 3.76829e-05 0 3.76829e-05 1.13049e-06 1.13049e-06 1.13049e-06 1.88414e-06 2.26097e-06 2.62083e-05
scan 240 30 45 0 0 0 0 0 0 0 0 0
scan 240 30 46 7.53657e-05 0 5.32916e-05 2.26097e-06 2.26097e-06 2.26097e-06 3.76829e-06 4.52194e-06 5.24166e-05
scan 240 30 47 3.76829e-05 0 3.76829e-05 1.13049e-06 1.13049e-06 1.13049e-06 1.88414e-06 2.26097e-06 2.62083e-05
scan 240 30 48 0 0 0 0 0 0 0 0 0
scan 240 30 49 0 0 0 0 0 0 0 0 0
scan 240 30 50 0 0 0 0 0 0 0 0 0
scan 240 30 51 0 0 0 0 0 0 0 0 0
scan 240 30 52 0 0 0 0 0 0 0 0 0
scan 240 30 53 0 0 0 0 0 0 0 0 0
scan 240 30 54 3.76829e-05 0 3.76829e-05 1.13049e-06 1.13049e-06 1.13049e-06 1.88414e-06 2.26097e-06 2.62083e-05
scan 240 30 55 0 0 0 0 0 0 0 0 0
scan 240 30 56 0 0 0 0 0 0 0 0 0
scan 240 30 57 0 0 0 0 0 0 0 0 0
scan 240 30 58 7.53657e-05 0 5.32916e-05 2.26097e-06 2.26097e-06 2.26097e-06 3.76829e-06 4.52194e-06 5.24166e-05
scan 240 30 59 0 0 0 0 0 0 0 0 0
scan 240 30 60 0 0 0 0 0 0 0 0 0
scan 240 30 61 0 0 0 0 0 0 0 0 0
scan 240 30 62 0 0 0 0 0 0 0 0 0
scan 240 30 63 0 0 0 0 0 0 0 0 0
scan 240 30 64 0 0 0 0 0 0 0 0 0
scan 240 30 65 0 0 0 0 0 0 0 0 0
scan 240 30 66 0 0 0 0 0 0 0 0 0
scan 240 30 67 0 0 0 0 0 0 0 0 0
scan 240 30 68 0 0 0 0 0 0 0 0 0
scan 240 30 69 0 0 0 0 0 0 0 0 0
scan 240 30 70 0 0 0 0 0 0 0 0 0
scan 240 30 71 0 0 0 0 0 0 0 0 0
scan 240 30 72 0 0 0 0 0 0 0 0 0
scan 240 30 73 0 0 0 0 0 0 0 0 0
scan 240 30 74 0 0 0 0 0 0 0 0 0
scan 240 30 75 0 0 0 0 0 0 0 0 0
scan 240 30 76 0 0 0 0 0 0 0 0 0
scan 240 30 77 0 0 0 0 0 0 0 0 0
scan 240 30 78 0 0 0 0 0 0 0 0 0
scan 240 30 79 0 0 0 0 0 0 0 0 0
scan 240 30 80 0 0 0 0 0 0 0 0 0
scan 240 30 81 3.76829e-05 0 3.76829e-05 1.13049e-06 1.13049e-06 1.13049e-06 1.88414e-06 2.26097e-06 2.62083e-05
scan 240 30 82 0 0 0 0 0 0 0 0 0
scan 240 30 83 0 0 0 0 0 0 0 0 0
scan 240 30 84 0 0 0 0 0 0 0 0 0
scan 240 30 85 0 0 0 0 0 0 0 0 0
scan 240 30 86 0 0 0 0 0 0 0 0 0
scan 240 30 87 0 0 0 0 0 0 0 0 0
scan 240 30 88 0 0 0 0 0 0 0 0 0
scan 240 30 89 0 0 0 0 0 0 0 0 0
scan 240 30 90 0.000150731 0 7.53657e-05 4.52194e-06 4.52194e-06 4.52194e-06 7.53657e-06 9.04389e-06 0.000104833
scan 240 30 91 7.53657e-05 0 5.32916e-05 2.26097e-06 2.26097e-06 2.26097e-06 3.76829e-06 4.52194e-06 5.24166e-05
scan 240 30 92 3.76829e-05 0 3.76829e-05 1.13049e-06 1.13049e-06 1.13049e-06 1.88414e-06 2.26097e-06 2.62083e-05
scan 240 30 93 0 0 0 0 0 0 0 0 0
scan 240 30 94 0 0 0 0 0 0 0 0 0
scan 240 30 95 0 0 0 0 0 0 0 0 0
scan 240 30 96 7.53657e-05 0 5.32916e-05 2.26097e-06 2.26097e-06 2.26097e-06 3.76829e-06 4.52194e-06 5.24166e-05
scan 240 30 97 3.76829e-05 0 3.76829e-05 1.13049e-06 1.13049e-06 1.13049e-06 1.88414e-06 2.26097e-06 2.62083e-05
scan 240 30 98 3.76829e-05 0 3.76829e-05 1.13049e-06 1.13049e-06 1.13049e-06 1.88414e-06 2.26097e-06 2.62083e-05
scan 240 30 99 0 0 0 0 0 0 0 0 0
scan 240 30 100 0 0 0 0 0 0 0 0 0
scan 240 30 101 3.76829e-05 0 3.76829e-05 1.13049e-06 1.13049e-06 1.13049e-06 1.88414e-06 2.26097e-06 2.62083e-05
scan 240 30 102 0.000113049 0 6.52686e-05 3.39146e-06 3.39146e-06 3.39146e-06 5.65243e-06 6.78291e-06 7.86249e-05
scan 240 30 103 7.53657e-05 0 5.32916e-05 2.26097e-06 2.26097e-06 2.26097e-06 3.76829e-06 4.52194e-06 5.24166e-05
scan 240 30 104 3.76829e-05 0 3.76829e-05 1.13049e-06 1.13049e-06 1.13049e-06 1.88414e-06 2.26097e-06 2.62083e-05
scan 240 30 60 0 0 0 0 0 0 0 0 0
scan 240 30 61 0 0 0 0 0 0 0 0 0
scan 240 30 62 0 0 0 0 0 0 0 0 0
scan 240 30 63 0 0 0 0 0 0 0 0 0
scan 240 30 64 0 0 0 0 0 0 0 0 0
scan 240 30 65 0 0 0 0 0 0 0 0 0
scan 240 30 66 0 0 0 0 0 0 0 0 0
scan 240 30 67 0 0 0 0 0 0 0 0 0
scan 240 30 68 0 0 0 0 0 0 0 0 0
scan 240 30 69 0 0 0 0 0 0 0 0 0
scan 240 30 70 0 0 0 0 0 0 0 0 0
scan 240 30 71 0 0 0 0 0 0 0 0 0
scan 240 30 72 0 0 0 0 0 0 0 0 0
scan 240 30 73 0 0 0 0 0 0 0 0 0
scan 240 30 74 0 0 0 0 0 0 0 0 0
scan 240 30 120 0 0 0 0 0 0 0 0 0
scan 240 30 121 0 0 0 0 0 0 0 0 0
scan 240 30 122 0 0 0 0 0 0 0 0 0
scan 240 30 123 0 0 0 0 0 0 0 0 0
scan 240 30 124 0 0 0 0 0 0 0 0 0
scan 240 30 125 0 0 0 0 0 0 0 0 0
scan 240 30 126 0 0 0 0 0 0 0 0 0
scan 240 30 127 0 0 0 0 0 0 0 0 0
scan 240 30 128 0 0 0 0 0 0 0 0 0
scan 240 30 129 0 0 0 0 0 0 0 0 0
scan 240 30 130 0 0 0 0 0 0 0 0 0
scan 240 30 131 0 0 0 0 0 0 0 0 0
scan 240 30 132 0 0 0 0 0 0 0 0 0
scan 240 30 133 0 0 0 0 0 0 0 0 0
scan 240 30 134 0 0 0 0 0 0 0 0 0
scan 240 30 135 0.000150731 0 7.53657e-05 4.52194e-06 4.52194e-06 4.52194e-06 7.53657e-06 9.04389e-06 0.000104833
scan 240 30 136 0.000150731 0 7.53657e-05 4.52194e-06 4.52194e-06 4.52194e-06 7.53657e-06 9.04389e-06 0.000104833
scan 240 30 137 0 0 0 0 0 0 0 0 0
scan 240 30 138 0 0 0 0 0 0 0 0 0
scan 240 30 139 0 0 0 0 0 0 0 0 0
scan 240 30 140 0 0 0 0 0 0 0 0 0
scan 240 30 141 0 0 0 0 0 0 0 0 0
scan 240 30 142 0 0 0 0 0 0 0 0 0
scan 240 30 143 0 0 0 0 0 0 0 0 0
scan 240 30 144 0 0 0 0 0 0 0 0 0
scan 240 30 145 0 0 0 0 0 0 0 0 0
scan 240 30 146 0 0 0 0 0 0 0 0 0
scan 240 30 147 0 0 0 0 0 0 0 0 0
scan 240 30 148 0 0 0 0 0 0 0 0 0
scan 240 30 149 0 0 0 0 0 0 0 0 0
scan 240 30 60 0 0 0 0 0 0 0 0 0
scan 240 30 61 0 0 0 0 0 0 0 0 0
scan 240 30 62 0 0 0 0 0 0 0 0 0
scan 240 30 63 0 0 0 0 0 0 0 0 0
scan 240 30 64 0 0 0 0 0 0 0 0 0
scan 240 30 65 0 0 0 0 0 0 0 0 0
scan 240 30 66 0 0 0 0 0 0 0 0 0
scan 240 30 67 0 0 0 0 0 0 0 0 0
scan 240 30 68 0 0 0 0 0 0 0 0 0
scan 240 30 69 0 0 0 0 0 0 0 0 0
scan 240 30 70 0 0 0 0 0 0 0 0 0
scan 240 30 71 0 0 0 0 0 0 0 0 0
scan 240 30 72 0 0 0 0 0 0 0 0 0
scan 240 30 73 0 0 0 0 0 0 0 0 0
scan 240 30 74 0 0 0 0 0 0 0 0 0
scan 240 30 165 0 0 0 0 0 0 0 0 0
scan 240 30 166 0 0 0 0 0 0 0 0 0
scan 240 30 167 0 0 0 0 0 0 0 0 0
scan 240 30 168 0 0 0 0 0 0 0 0 0
scan 240 30 169 0 0 0 0 0 0 0 0 0
scan 240 30 170 0 0 0 0 0 0 0 0 0
scan 240 30 171 0 0 0 0 0 0 0 0 0
scan 240 30 172 3.76829e-05 0 3.76829e-05 1.13049e-06 1.13049e-06 1.13049e-06 1.88414e-06 2.26097e-06 2.62083e-05
scan 240 30 173 0 0 0 0 0 0 0 0 0
scan 240 30 174 0 0 0 0 0 0 0 0 0
scan 240 30 175 0 0 0 0 0 0 0 0 0
scan 240 30 176 0 0 0 0 0 0 0 0 0
scan 240 30 177 0 0 0 0 0 0 0 0 0
scan 240 30 178 0 0 0 0 0 0 0 0 0
scan 240 30 179 0 0 0 0 0 0 0 0 0
