xsec 160 40 1.86165
scan 160 40 0 0.00335131 0 0.000789911 0.000100539 0.000100539 0.000100539 0.000167565 0.000201079 0.00223307
scan 160 40 1 0.00260657 0 0.000696636 7.81972e-05 7.81972e-05 7.81972e-05 0.000130329 0.000156394 0.00173683
scan 160 40 2 0.000744735 0 0.000372368 2.23421e-05 2.23421e-05 2.23421e-05 3.72368e-05 4.46841e-05 0.000496237
scan 160 40 3 0.000186184 0 0.000186184 5.58551e-06 5.58551e-06 5.58551e-06 9.30919e-06 1.1171e-05 0.000124059
scan 160 40 4 0 0 0 0 0 0 0 0 0
scan 160 40 5 0.000186184 0 0.000186184 5.58551e-06 5.58551e-06 5.58551e-06 9.30919e-06 1.1171e-05 0.000124059
scan 160 40 6 0.000186184 0 0.000186184 5.58551e-06 5.58551e-06 5.58551e-06 9.30919e-06 1.1171e-05 0.000124059
scan 160 40 7 0 0 0 0 0 0 0 0 0
scan 160 40 8 0 0 0 0 0 0 0 0 0
scan 160 40 9 0 0 0 0 0 0 0 0 0
scan 160 40 10 0 0 0 0 0 0 0 0 0
scan 160 40 11 0 0 0 0 0 0 0 0 0
scan 160 40 12 0.000372368 0 0.000263304 1.1171e-05 1.1171e-05 1.1171e-05 1.86184e-05 2.23421e-05 0.000248118
scan 160 40 13 0 0 0 0 0 0 0 0 0
scan 160 40 14 0 0 0 0 0 0 0 0 0
scan 160 40 15 0.0411466 0 0.00276782 0.0012344 0.0012344 0.0012344 0.00205733 0.0024688 0.0274171
scan 160 40 16 0.045615 0 0.00291424 0.00136845 0.00136845 0.00136845 0.00228075 0.0027369 0.0303945
scan 160 40 17 0.0124743 0 0.00152398 0.00037423 0.00037423 0.00037423 0.000623716 0.000748459 0.00831197
scan 160 40 18 0.00558551 0 0.00101977 0.000167565 0.000167565 0.000167565 0.000279276 0.000335131 0.00372178
scan 160 40 19 0.00167565 0 0.000558551 5.02696e-05 5.02696e-05 5.02696e-05 8.37827e-05 0.000100539 0.00111653
scan 160 40 20 0.000372368 0 0.000263304 1.1171e-05 1.1171e-05 1.1171e-05 1.86184e-05 2.23421e-05 0.000248118
scan 160 40 21 0.00837827 0 0.00124896 0.000251348 0.000251348 0.000251348 0.000418914 0.000502696 0.00558266
scan 160 40 22 0.0046546 0 0.000930919 0.000139638 0.000139638 0.000139638 0.00023273 0.000279276 0.00310148
scan 160 40 23 0.000558551 0 0.00032248 1.67565e-05 1.67565e-05 1.67565e-05 2.79276e-05 3.35131e-05 0.000372178
scan 160 40 24 0.000372368 0 0.000263304 1.1171e-05 1.1171e-05 1.1171e-05 1.86184e-05 2.23421e-05 0.000248118
scan 160 40 25 0.000186184 0 0.000186184 5.58551e-06 5.58551e-06 5.58551e-06 9.30919e-06 1.1171e-05 0.000124059
scan 160 40 26 0.00521315 0 0.000985192 0.000156394 0.000156394 0.000156394 0.000260657 0.000312789 0.00347366
scan 160 40 27 0.00260657 0 0.000696636 7.81972e-05 7.81972e-05 7.81972e-05 0.000130329 0.000156394 0.00173683
scan 160 40 28 0.000558551 0 0.00032248 1.67565e-05 1.67565e-05 1.67565e-05 2.79276e-05 3.35131e-05 0.000372178
scan 160 40 29 0 0 0 0 0 0 0 0 0
scan 160 40 30 0.000930919 0 0.00041632 2.79276e-05 2.79276e-05 2.79276e-05 4.6546e-05 5.58551e-05 0.000620296
scan 160 40 31 0.0011171 0 0.000456055 3.35131e-05 3.35131e-05 3.35131e-05 5.58551e-05 6.70262e-05 0.000744355
scan 160 40 32 0.000930919 0 0.00041632 2.79276e-05 2.79276e-05 2.79276e-05 4.6546e-05 5.58551e-05 0.000620296
scan 160 40 33 0.000186184 0 0.000186184 5.58551e-06 5.58551e-06 5.58551e-06 9.30919e-06 1.1171e-05 0.000124059
scan 160 40 34 0.000186184 0 0.000186184 5.58551e-06 5.58551e-06 5.58551e-06 9.30919e-06 1.1171e-05 0.000124059
scan 160 40 35 0 0 0 0 0 0 0 0 0
scan 160 40 36 0.000186184 0 0.000186184 5.58551e-06 5.58551e-06 5.58551e-06 9.30919e-06 1.1171e-05 0.000124059
scan 160 40 37 0.000186184 0 0.000186184 5.58551e-06 5.58551e-06 5.58551e-06 9.30919e-06 1.1171e-05 0.000124059
scan 160 40 38 0 0 0 0 0 0 0 0 0
scan 160 40 39 0 0 0 0 0 0 0 0 0
scan 160 40 40 0 0 0 0 0 0 0 0 0
scan 160 40 41 0 0 0 0 0 0 0 0 0
scan 160 40 42 0 0 0 0 0 0 0 0 0
scan 160 40 43 0 0 0 0 0 0 0 0 0
scan 160 40 44 0 0 0 0 0 0 0 0 0
scan 160 40 45 0.000186184 0 0.000186184 5.58551e-06 5.58551e-06 5.58551e-06 9.30919e-06 1.1171e-05 0.000124059
scan 160 40 46 0.000558551 0 0.00032248 1.67565e-05 1.67565e-05 1.67565e-05 2.79276e-05 3.35131e-05 0.000372178
scan 160 40 47 0 0 0 0 0 0 0 0 0
scan 160 40 48 0 0 0 0 0 0 0 0 0
scan 160 40 49 0 0 0 0 0 0 0 0 0
scan 160 40 50 0 0 0 0 0 0 0 0 0
scan 160 40 51 0 0 0 0 0 0 0 0 0
scan 160 40 52 0 0 0 0 0 0 0 0 0
scan 160 40 53 0 0 0 0 0 0 0 0 0
scan 160 40 54 0 0 0 0 0 0 0 0 0
scan 160 40 55 0 0 0 0 0 0 0 0 0
scan 160 40 56 0.000372368 0 0.000263304 1.1171e-05 1.1171e-05 1.1171e-05 1.86184e-05 2.23421e-05 0.000248118
scan 160 40 57 0 0 0 0 0 0 0 0 0
scan 160 40 58 0 0 0 0 0 0 0 0 0
scan 160 40 59 0 0 0 0 0 0 0 0 0
scan 160 40 60 0 0 0 0 0 0 0 0 0
scan 160 40 61 0 0 0 0 0 0 0 0 0
scan 160 40 62 0 0 0 0 0 0 0 0 0
scan 160 40 63 0 0 0 0 0 0 0 0 0
scan 160 40 64 0 0 0 0 0 0 0 0 0
scan 160 40 65 0 0 0 0 0 0 0 0 0
scan 160 40 66 0 0 0 0 0 0 0 0 0
scan 160 40 67 0 0 0 0 0 0 0 0 0
scan 160 40 68 0 0 0 0 0 0 0 0 0
scan 160 40 69 0 0 0 0 0 0 0 0 0
scan 160 40 70 0 0 0 0 0 0 0 0 0
scan 160 40 71 0 0 0 0 0 0 0 0 0
scan 160 40 72 0 0 0 0 0 0 0 0 0
scan 160 40 73 0 0 0 0 0 0 0 0 0
scan 160 40 74 0 0 0 0 0 0 0 0 0
scan 160 40 75 0 0 0 0 0 0 0 0 0
scan 160 40 76 0 0 0 0 0 0 0 0 0
scan 160 40 77 0 0 0 0 0 0 0 0 0
scan 160 40 78 0 0 0 0 0 0 0 0 0
scan 160 40 79 0 0 0 0 0 0 0 0 0
scan 160 40 80 0 0 0 0 0 0 0 0 0
scan 160 40 81 0 0 0 0 0 0 0 0 0
scan 160 40 82 0 0 0 0 0 0 0 0 0
scan 160 40 83 0 0 0 0 0 0 0 0 0
scan 160 40 84 0 0 0 0 0 0 0 0 0
scan 160 40 85 0 0 0 0 0 0 0 0 0
scan 160 40 86 0 0 0 0 0 0 0 0 0
scan 160 40 87 0 0 0 0 0 0 0 0 0
scan 160 40 88 0 0 0 0 0 0 0 0 0
scan 160 40 89 0 0 0 0 0 0 0 0 0
scan 160 40 90 0.000930919 0 0.00041632 2.79276e-05 2.79276e-05 2.79276e-05 4.6546e-05 5.58551e-05 0.000620296
scan 160 40 91 0.000372368 0 0.000263304 1.1171e-05 1.1171e-05 1.1171e-05 1.86184e-05 2.23421e-05 0.000248118
scan 160 40 92 0 0 0 0 0 0 0 0 0
scan 160 40 93 0 0 0 0 0 0 0 0 0
scan 160 40 94 0 0 0 0 0 0 0 0 0
scan 160 40 95 0 0 0 0 0 0 0 0 0
scan 160 40 96 0.000558551 0 0.00032248 1.67565e-05 1.67565e-05 1.67565e-05 2.79276e-05 3.35131e-05 0.000372178
scan 160 40 97 0 0 0 0 0 0 0 0 0
scan 160 40 98 0 0 0 0 0 0 0 0 0
scan 160 40 99 0 0 0 0 0 0 0 0 0
scan 160 40 100 0 0 0 0 0 0 0 0 0
scan 160 40 101 0 0 0 0 0 0 0 0 0
scan 160 40 102 0.000186184 0 0.000186184 5.58551e-06 5.58551e-06 5.58551e-06 9.30919e-06 1.1171e-05 0.000124059
scan 160 40 103 0 0 0 0 0 0 0 0 0
scan 160 40 104 0 0 0 0 0 0 0 0 0
scan 160 40 60 0 0 0 0 0 0 0 0 0
scan 160 40 61 0 0 0 0 0 0 0 0 0
scan 160 40 62 0 0 0 0 0 0 0 0 0
scan 160 40 63 0 0 0 0 0 0 0 0 0
scan 160 40 64 0 0 0 0 0 0 0 0 0
scan 160 40 65 0 0 0 0 0 0 0 0 0
scan 160 40 66 0 0 0 0 0 0 0 0 0
scan 160 40 67 0 0 0 0 0 0 0 0 0
scan 160 40 68 0 0 0 0 0 0 0 0 0
scan 160 40 69 0 0 0 0 0 0 0 0 0
scan 160 40 70 0 0 0 0 0 0 0 0 0
scan 160 40 71 0 0 0 0 0 0 0 0 0
scan 160 40 72 0 0 0 0 0 0 0 0 0
scan 160 40 73 0 0 0 0 0 0 0 0 0
scan 160 40 74 0 0 0 0 0 0 0 0 0
scan 160 40 120 0 0 0 0 0 0 0 0 0
scan 160 40 121 0 0 0 0 0 0 0 0 0
scan 160 40 122 0 0 0 0 0 0 0 0 0
scan 160 40 123 0 0 0 0 0 0 0 0 0
scan 160 40 124 0 0 0 0 0 0 0 0 0
scan 160 40 125 0 0 0 0 0 0 0 0 0
scan 160 40 126 0 0 0 0 0 0 0 0 0
scan 160 40 127 0 0 0 0 0 0 0 0 0
scan 160 40 128 0 0 0 0 0 0 0 0 0
scan 160 40 129 0 0 0 0 0 0 0 0 0
scan 160 40 130 0 0 0 0 0 0 0 0 0
scan 160 40 131 0 0 0 0 0 0 0 0 0
scan 160 40 132 0 0 0 0 0 0 0 0 0
scan 160 40 133 0 0 0 0 0 0 0 0 0
scan 160 40 134 0 0 0 0 0 0 0 0 0
scan 160 40 135 0.000186184 0 0.000186184 5.58551e-06 5.58551e-06 5.58551e-06 9.30919e-06 1.1171e-05 0.000124059
scan 160 40 136 0.000372368 0 0.000263304 1.1171e-05 1.1171e-05 1.1171e-05 1.86184e-05 2.23421e-05 0.000248118
scan 160 40 137 0.000186184 0 0.000186184 5.58551e-06 5.58551e-06 5.58551e-06 9.30919e-06 1.1171e-05 0.000124059
scan 160 40 138 0 0 0 0 0 0 0 0 0
scan 160 40 139 0 0 0 0 0 0 0 0 0
scan 160 40 140 0 0 0 0 0 0 0 0 0
scan 160 40 141 0.000186184 0 0.000186184 5.58551e-06 5.58551e-06 5.58551e-06 9.30919e-06 1.1171e-05 0.000124059
scan 160 40 142 0 0 0 0 0 0 0 0 0
scan 160 40 143 0 0 0 0 0 0 0 0 0
scan 160 40 144 0 0 0 0 0 0 0 0 0
scan 160 40 145 0 0 0 0 0 0 0 0 0
scan 160 40 146 0 0 0 0 0 0 0 0 0
scan 160 40 147 0.000186184 0 0.000186184 5.58551e-06 5.58551e-06 5.58551e-06 9.30919e-06 1.1171e-05 0.000124059
scan 160 40 148 0 0 0 0 0 0 0 0 0
scan 160 40 149 0 0 0 0 0 0 0 0 0
scan 160 40 60 0 0 0 0 0 0 0 0 0
scan 160 40 61 0 0 0 0 0 0 0 0 0
scan 160 40 62 0 0 0 0 0 0 0 0 0
scan 160 40 63 0 0 0 0 0 0 0 0 0
scan 160 40 64 0 0 0 0 0 0 0 0 0
scan 160 40 65 0 0 0 0 0 0 0 0 0
scan 160 40 66 0 0 0 0 0 0 0 0 0
scan 160 40 67 0 0 0 0 0 0 0 0 0
scan 160 40 68 0 0 0 0 0 0 0 0 0
scan 160 40 69 0 0 0 0 0 0 0 0 0
scan 160 40 70 0 0 0 0 0 0 0 0 0
scan 160 40 71 0 0 0 0 0 0 0 0 0
scan 160 40 72 0 0 0 0 0 0 0 0 0
scan 160 40 73 0 0 0 0 0 0 0 0 0
scan 160 40 74 0 0 0 0 0 0 0 0 0
scan 160 40 165 0 0 0 0 0 0 0 0 0
scan 160 40 166 0 0 0 0 0 0 0 0 0
scan 160 40 167 0 0 0 0 0 0 0 0 0
scan 160 40 168 0 0 0 0 0 0 0 0 0
scan 160 40 169 0 0 0 0 0 0 0 0 0
scan 160 40 170 0 0 0 0 0 0 0 0 0
scan 160 40 171 0 0 0 0 0 0 0 0 0
scan 160 40 172 0 0 0 0 0 0 0 0 0
scan 160 40 173 0 0 0 0 0 0 0 0 0
scan 160 40 174 0 0 0 0 0 0 0 0 0
scan 160 40 175 0 0 0 0 0 0 0 0 0
scan 160 40 176 0 0 0 0 0 0 0 0 0
scan 160 40 177 0 0 0 0 0 0 0 0 0
scan 160 40 178 0 0 0 0 0 0 0 0 0
scan 160 40 179 0 0 0 0 0 0 0 0 0
