xsec 310 70 0.126881
scan 310 70 0 3.80681e-05 0 2.19786e-05 1.14204e-06 1.14204e-06 1.14204e-06 1.90341e-06 2.28409e-06 2.72175e-05
scan 310 70 1 0.000101515 0 3.5891e-05 3.04545e-06 3.04545e-06 3.04545e-06 5.07575e-06 6.0909e-06 7.258e-05
scan 310 70 2 5.07575e-05 0 2.53788e-05 1.52273e-06 1.52273e-06 1.52273e-06 2.53788e-06 3.04545e-06 3.629e-05
scan 310 70 3 6.34469e-05 0 2.83743e-05 1.90341e-06 1.90341e-06 1.90341e-06 3.17234e-06 3.80681e-06 4.53625e-05
scan 310 70 4 1.26894e-05 0 1.26894e-05 3.80681e-07 3.80681e-07 3.80681e-07 6.34469e-07 7.61363e-07 9.07249e-06
scan 310 70 5 0 0 0 0 0 0 0 0 0
scan 310 70 6 1.26894e-05 0 1.26894e-05 3.80681e-07 3.80681e-07 3.80681e-07 6.34469e-07 7.61363e-07 9.07249e-06
scan 310 70 7 0 0 0 0 0 0 0 0 0
scan 310 70 8 1.26894e-05 0 1.26894e-05 3.80681e-07 3.80681e-07 3.80681e-07 6.34469e-07 7.61363e-07 9.07249e-06
scan 310 70 9 2.53788e-05 0 1.79455e-05 7.61363e-07 7.61363e-07 7.61363e-07 1.26894e-06 1.52273e-06 1.8145e-05
scan 310 70 10 0 0 0 0 0 0 0 0 0
scan 310 70 11 1.26894e-05 0 1.26894e-05 3.80681e-07 3.80681e-07 3.80681e-07 6.34469e-07 7.61363e-07 9.07249e-06
scan 310 70 12 1.26894e-05 0 1.26894e-05 3.80681e-07 3.80681e-07 3.80681e-07 6.34469e-07 7.61363e-07 9.07249e-06
scan 310 70 13 6.34469e-05 0 2.83743e-05 1.90341e-06 1.90341e-06 1.90341e-06 3.17234e-06 3.80681e-06 4.53625e-05
scan 310 70 14 6.34469e-05 0 2.83743e-05 1.90341e-06 1.90341e-06 1.90341e-06 3.17234e-06 3.80681e-06 4.53625e-05
scan 310 70 15 0.000774052 0 9.91072e-05 2.32216e-05 2.32216e-05 2.32216e-05 3.87026e-05 4.64431e-05 0.000553422
scan 310 70 16 0.00129432 0 0.000128156 3.88295e-05 3.88295e-05 3.88295e-05 6.47158e-05 7.7659e-05 0.000925394
scan 310 70 17 0.00115473 0 0.000121049 3.4642e-05 3.4642e-05 3.4642e-05 5.77367e-05 6.9284e-05 0.000825597
scan 310 70 18 0.000850188 0 0.000103867 2.55056e-05 2.55056e-05 2.55056e-05 4.25094e-05 5.10113e-05 0.000607857
scan 310 70 19 0.000774052 0 9.91072e-05 2.32216e-05 2.32216e-05 2.32216e-05 3.87026e-05 4.64431e-05 0.000553422
scan 310 70 20 3.80681e-05 0 2.19786e-05 1.14204e-06 1.14204e-06 1.14204e-06 1.90341e-06 2.28409e-06 2.72175e-05
scan 310 70 21 0.000253788 0 5.67486e-05 7.61363e-06 7.61363e-06 7.61363e-06 1.26894e-05 1.52273e-05 0.00018145
scan 310 70 22 0.000431439 0 7.39911e-05 1.29432e-05 1.29432e-05 1.29432e-05 2.15719e-05 2.58863e-05 0.000308465
scan 310 70 23 0.000342613 0 6.59359e-05 1.02784e-05 1.02784e-05 1.02784e-05 1.71307e-05 2.05568e-05 0.000244957
scan 310 70 24 0.000291856 0 6.08561e-05 8.75567e-06 8.75567e-06 8.75567e-06 1.45928e-05 1.75113e-05 0.000208667
scan 310 70 25 2.53788e-05 0 1.79455e-05 7.61363e-07 7.61363e-07 7.61363e-07 1.26894e-06 1.52273e-06 1.8145e-05
scan 310 70 26 0.00040606 0 7.17819e-05 1.21818e-05 1.21818e-05 1.21818e-05 2.0303e-05 2.43636e-05 0.00029032
scan 310 70 27 0.00106591 0 0.0001163 3.19772e-05 3.19772e-05 3.19772e-05 5.32954e-05 6.39545e-05 0.000762089
scan 310 70 28 0.00128163 0 0.000127527 3.84488e-05 3.84488e-05 3.84488e-05 6.40813e-05 7.68976e-05 0.000916322
scan 310 70 29 0.00156079 0 0.000140732 4.68238e-05 4.68238e-05 4.68238e-05 7.80397e-05 9.36476e-05 0.00111592
scan 310 70 30 0 0 0 0 0 0 0 0 0
scan 310 70 31 3.80681e-05 0 2.19786e-05 1.14204e-06 1.14204e-06 1.14204e-06 1.90341e-06 2.28409e-06 2.72175e-05
scan 310 70 32 1.26894e-05 0 1.26894e-05 3.80681e-07 3.80681e-07 3.80681e-07 6.34469e-07 7.61363e-07 9.07249e-06
scan 310 70 33 2.53788e-05 0 1.79455e-05 7.61363e-07 7.61363e-07 7.61363e-07 1.26894e-06 1.52273e-06 1.8145e-05
scan 310 70 34 0 0 0 0 0 0 0 0 0
scan 310 70 35 0 0 0 0 0 0 0 0 0
scan 310 70 36 2.53788e-05 0 1.79455e-05 7.61363e-07 7.61363e-07 7.61363e-07 1.26894e-06 1.52273e-06 1.8145e-05
scan 310 70 37 0 0 0 0 0 0 0 0 0
scan 310 70 38 0 0 0 0 0 0 0 0 0
scan 310 70 39 0 0 0 0 0 0 0 0 0
scan 310 70 40 0 0 0 0 0 0 0 0 0
scan 310 70 41 1.26894e-05 0 1.26894e-05 3.80681e-07 3.80681e-07 3.80681e-07 6.34469e-07 7.61363e-07 9.07249e-06
scan 310 70 42 3.80681e-05 0 2.19786e-05 1.14204e-06 1.14204e-06 1.14204e-06 1.90341e-06 2.28409e-06 2.72175e-05
scan 310 70 43 5.07575e-05 0 2.53788e-05 1.52273e-06 1.52273e-06 1.52273e-06 2.53788e-06 3.04545e-06 3.629e-05
scan 310 70 44 3.80681e-05 0 2.19786e-05 1.14204e-06 1.14204e-06 1.14204e-06 1.90341e-06 2.28409e-06 2.72175e-05
scan 310 70 45 0 0 0 0 0 0 0 0 0
scan 310 70 46 2.53788e-05 0 1.79455e-05 7.61363e-07 7.61363e-07 7.61363e-07 1.26894e-06 1.52273e-06 1.8145e-05
scan 310 70 47 0 0 0 0 0 0 0 0 0
scan 310 70 48 0 0 0 0 0 0 0 0 0
scan 310 70 49 0 0 0 0 0 0 0 0 0
scan 310 70 50 0 0 0 0 0 0 0 0 0
scan 310 70 51 0 0 0 0 0 0 0 0 0
scan 310 70 52 0 0 0 0 0 0 0 0 0
scan 310 70 53 1.26894e-05 0 1.26894e-05 3.80681e-07 3.80681e-07 3.80681e-07 6.34469e-07 7.61363e-07 9.07249e-06
scan 310 70 54 0 0 0 0 0 0 0 0 0
scan 310 70 55 0 0 0 0 0 0 0 0 0
scan 310 70 56 0 0 0 0 0 0 0 0 0
scan 310 70 57 0 0 0 0 0 0 0 0 0
scan 310 70 58 1.26894e-05 0 1.26894e-05 3.80681e-07 3.80681e-07 3.80681e-07 6.34469e-07 7.61363e-07 9.07249e-06
scan 310 70 59 0 0 0 0 0 0 0 0 0
scan 310 70 60 0 0 0 0 0 0 0 0 0
scan 310 70 61 0 0 0 0 0 0 0 0 0
scan 310 70 62 0 0 0 0 0 0 0 0 0
scan 310 70 63 0 0 0 0 0 0 0 0 0
scan 310 70 64 0 0 0 0 0 0 0 0 0
scan 310 70 65 0 0 0 0 0 0 0 0 0
scan 310 70 66 0 0 0 0 0 0 0 0 0
scan 310 70 67 0 0 0 0 0 0 0 0 0
scan 310 70 68 0 0 0 0 0 0 0 0 0
scan 310 70 69 0 0 0 0 0 0 0 0 0
scan 310 70 70 0 0 0 0 0 0 0 0 0
scan 310 70 71 0 0 0 0 0 0 0 0 0
scan 310 70 72 0 0 0 0 0 0 0 0 0
scan 310 70 73 0 0 0 0 0 0 0 0 0
scan 310 70 74 0 0 0 0 0 0 0 0 0
scan 310 70 75 0 0 0 0 0 0 0 0 0
scan 310 70 76 0 0 0 0 0 0 0 0 0
scan 310 70 77 0 0 0 0 0 0 0 0 0
scan 310 70 78 0 0 0 0 0 0 0 0 0
scan 310 70 79 0 0 0 0 0 0 0 0 0
scan 310 70 80 0 0 0 0 0 0 0 0 0
scan 310 70 81 0 0 0 0 0 0 0 0 0
scan 310 70 82 0 0 0 0 0 0 0 0 0
scan 310 70 83 0 0 0 0 0 0 0 0 0
scan 310 70 84 0 0 0 0 0 0 0 0 0
scan 310 70 85 0 0 0 0 0 0 0 0 0
scan 310 70 86 0 0 0 0 0 0 0 0 0
scan 310 70 87 0 0 0 0 0 0 0 0 0
scan 310 70 88 0 0 0 0 0 0 0 0 0
scan 310 70 89 0 0 0 0 0 0 0 0 0
scan 310 70 90 3.80681e-05 0 2.19786e-05 1.14204e-06 1.14204e-06 1.14204e-06 1.90341e-06 2.28409e-06 2.72175e-05
scan 310 70 91 3.80681e-05 0 2.19786e-05 1.14204e-06 1.14204e-06 1.14204e-06 1.90341e-06 2.28409e-06 2.72175e-05
scan 310 70 92 6.34469e-05 0 2.83743e-05 1.90341e-06 1.90341e-06 1.90341e-06 3.17234e-06 3.80681e-06 4.53625e-05
scan 310 70 93 1.26894e-05 0 1.26894e-05 3.80681e-07 3.80681e-07 3.80681e-07 6.34469e-07 7.61363e-07 9.07249e-06
scan 310 70 94 0 0 0 0 0 0 0 0 0
scan 310 70 95 0 0 0 0 0 0 0 0 0
scan 310 70 96 1.26894e-05 0 1.26894e-05 3.80681e-07 3.80681e-07 3.80681e-07 6.34469e-07 7.61363e-07 9.07249e-06
scan 310 70 97 0 0 0 0 0 0 0 0 0
scan 310 70 98 0 0 0 0 0 0 0 0 0
scan 310 70 99 1.26894e-05 0 1.26894e-05 3.80681e-07 3.80681e-07 3.80681e-07 6.34469e-07 7.61363e-07 9.07249e-06
scan 310 70 100 1.26894e-05 0 1.26894e-05 3.80681e-07 3.80681e-07 3.80681e-07 6.34469e-07 7.61363e-07 9.07249e-06
scan 310 70 101 1.26894e-05 0 1.26894e-05 3.80681e-07 3.80681e-07 3.80681e-07 6.34469e-07 7.61363e-07 9.07249e-06
scan 310 70 102 2.53788e-05 0 1.79455e-05 7.61363e-07 7.61363e-07 7.61363e-07 1.26894e-06 1.52273e-06 1.8145e-05
scan 310 70 103 2.53788e-05 0 1.79455e-05 7.61363e-07 7.61363e-07 7.61363e-07 1.26894e-06 1.52273e-06 1.8145e-05
scan 310 70 104 2.53788e-05 0 1.79455e-05 7.61363e-07 7.61363e-07 7.61363e-07 1.26894e-06 1.52273e-06 1.8145e-05
scan 310 70 60 0 0 0 0 0 0 0 0 0
scan 310 70 61 0 0 0 0 0 0 0 0 0
scan 310 70 62 0 0 0 0 0 0 0 0 0
scan 310 70 63 0 0 0 0 0 0 0 0 0
scan 310 70 64 0 0 0 0 0 0 0 0 0
scan 310 70 65 0 0 0 0 0 0 0 0 0
scan 310 70 66 0 0 0 0 0 0 0 0 0
scan 310 70 67 0 0 0 0 0 0 0 0 0
scan 310 70 68 0 0 0 0 0 0 0 0 0
scan 310 70 69 0 0 0 0 0 0 0 0 0
scan 310 70 70 0 0 0 0 0 0 0 0 0
scan 310 70 71 0 0 0 0 0 0 0 0 0
scan 310 70 72 0 0 0 0 0 0 0 0 0
scan 310 70 73 0 0 0 0 0 0 0 0 0
scan 310 70 74 0 0 0 0 0 0 0 0 0
scan 310 70 120 0 0 0 0 0 0 0 0 0
scan 310 70 121 0 0 0 0 0 0 0 0 0
scan 310 70 122 0 0 0 0 0 0 0 0 0
scan 310 70 123 0 0 0 0 0 0 0 0 0
scan 310 70 124 0 0 0 0 0 0 0 0 0
scan 310 70 125 0 0 0 0 0 0 0 0 0
scan 310 70 126 0 0 0 0 0 0 0 0 0
scan 310 70 127 0 0 0 0 0 0 0 0 0
scan 310 70 128 0 0 0 0 0 0 0 0 0
scan 310 70 129 0 0 0 0 0 0 0 0 0
scan 310 70 130 0 0 0 0 0 0 0 0 0
scan 310 70 131 0 0 0 0 0 0 0 0 0
scan 310 70 132 1.26894e-05 0 1.26894e-05 3.80681e-07 3.80681e-07 3.80681e-07 6.34469e-07 7.61363e-07 9.07249e-06
scan 310 70 133 0 0 0 0 0 0 0 0 0
scan 310 70 134 0 0 0 0 0 0 0 0 0
scan 310 70 135 0 0 0 0 0 0 0 0 0
scan 310 70 136 2.53788e-05 0 1.79455e-05 7.61363e-07 7.61363e-07 7.61363e-07 1.26894e-06 1.52273e-06 1.8145e-05
scan 310 70 137 3.80681e-05 0 2.19786e-05 1.14204e-06 1.14204e-06 1.14204e-06 1.90341e-06 2.28409e-06 2.72175e-05
scan 310 70 138 0 0 0 0 0 0 0 0 0
scan 310 70 139 0 0 0 0 0 0 0 0 0
scan 310 70 140 0 0 0 0 0 0 0 0 0
scan 310 70 141 1.26894e-05 0 1.26894e-05 3.80681e-07 3.80681e-07 3.80681e-07 6.34469e-07 7.61363e-07 9.07249e-06
scan 310 70 142 5.07575e-05 0 2.53788e-05 1.52273e-06 1.52273e-06 1.52273e-06 2.53788e-06 3.04545e-06 3.629e-05
scan 310 70 143 0 0 0 0 0 0 0 0 0
scan 310 70 144 0 0 0 0 0 0 0 0 0
scan 310 70 145 0 0 0 0 0 0 0 0 0
scan 310 70 146 1.26894e-05 0 1.26894e-05 3.80681e-07 3.80681e-07 3.80681e-07 6.34469e-07 7.61363e-07 9.07249e-06
scan 310 70 147 0 0 0 0 0 0 0 0 0
scan 310 70 148 1.26894e-05 0 1.26894e-05 3.80681e-07 3.80681e-07 3.80681e-07 6.34469e-07 7.61363e-07 9.07249e-06
scan 310 70 149 0 0 0 0 0 0 0 0 0
scan 310 70 60 0 0 0 0 0 0 0 0 0
scan 310 70 61 0 0 0 0 0 0 0 0 0
scan 310 70 62 0 0 0 0 0 0 0 0 0
scan 310 70 63 0 0 0 0 0 0 0 0 0
scan 310 70 64 0 0 0 0 0 0 0 0 0
scan 310 70 65 0 0 0 0 0 0 0 0 0
scan 310 70 66 0 0 0 0 0 0 0 0 0
scan 310 70 67 0 0 0 0 0 0 0 0 0
scan 310 70 68 0 0 0 0 0 0 0 0 0
scan 310 70 69 0 0 0 0 0 0 0 0 0
scan 310 70 70 0 0 0 0 0 0 0 0 0
scan 310 70 71 0 0 0 0 0 0 0 0 0
scan 310 70 72 0 0 0 0 0 0 0 0 0
scan 310 70 73 0 0 0 0 0 0 0 0 0
scan 310 70 74 0 0 0 0 0 0 0 0 0
scan 310 70 165 0 0 0 0 0 0 0 0 0
scan 310 70 166 1.26894e-05 0 1.26894e-05 3.80681e-07 3.80681e-07 3.80681e-07 6.34469e-07 7.61363e-07 9.07249e-06
scan 310 70 167 0 0 0 0 0 0 0 0 0
scan 310 70 168 0 0 0 0 0 0 0 0 0
scan 310 70 169 0 0 0 0 0 0 0 0 0
scan 310 70 170 0 0 0 0 0 0 0 0 0
scan 310 70 171 0 0 0 0 0 0 0 0 0
scan 310 70 172 0 0 0 0 0 0 0 0 0
scan 310 70 173 0 0 0 0 0 0 0 0 0
scan 310 70 174 0 0 0 0 0 0 0 0 0
scan 310 70 175 0 0 0 0 0 0 0 0 0
scan 310 70 176 0 0 0 0 0 0 0 0 0
scan 310 70 177 0 0 0 0 0 0 0 0 0
scan 310 70 178 0 0 0 0 0 0 0 0 0
scan 310 70 179 0 0 0 0 0 0 0 0 0
