xsec 280 160 0.196518
scan 280 160 0 0.000117911 0 4.81369e-05 3.53733e-06 3.53733e-06 3.53733e-06 5.89555e-06 7.07465e-06 8.34159e-05
scan 280 160 1 0.000255474 0 7.08556e-05 7.66421e-06 7.66421e-06 7.66421e-06 1.27737e-05 1.53284e-05 0.000180735
scan 280 160 2 7.86073e-05 0 3.93036e-05 2.35822e-06 2.35822e-06 2.35822e-06 3.93036e-06 4.71644e-06 5.56106e-05
scan 280 160 3 1.96518e-05 0 1.96518e-05 5.89555e-07 5.89555e-07 5.89555e-07 9.82591e-07 1.17911e-06 1.39027e-05
scan 280 160 4 0 0 0 0 0 0 0 0 0
scan 280 160 5 1.96518e-05 0 1.96518e-05 5.89555e-07 5.89555e-07 5.89555e-07 9.82591e-07 1.17911e-06 1.39027e-05
scan 280 160 6 5.89555e-05 0 3.40379e-05 1.76866e-06 1.76866e-06 1.76866e-06 2.94777e-06 3.53733e-06 4.1708e-05
scan 280 160 7 9.82591e-05 0 4.39428e-05 2.94777e-06 2.94777e-06 2.94777e-06 4.91295e-06 5.89555e-06 6.95133e-05
scan 280 160 8 0 0 0 0 0 0 0 0 0
scan 280 160 9 0 0 0 0 0 0 0 0 0
scan 280 160 10 0 0 0 0 0 0 0 0 0
scan 280 160 11 1.96518e-05 0 1.96518e-05 5.89555e-07 5.89555e-07 5.89555e-07 9.82591e-07 1.17911e-06 1.39027e-05
scan 280 160 12 3.93036e-05 0 2.77919e-05 1.17911e-06 1.17911e-06 1.17911e-06 1.96518e-06 2.35822e-06 2.78053e-05
scan 280 160 13 0 0 0 0 0 0 0 0 0
scan 280 160 14 0 0 0 0 0 0 0 0 0
scan 280 160 15 0.00359628 0 0.000265845 0.000107888 0.000107888 0.000107888 0.000179814 0.000215777 0.00254419
scan 280 160 16 0.00505052 0 0.000315043 0.000151516 0.000151516 0.000151516 0.000252526 0.000303031 0.00357298
scan 280 160 17 0.00194553 0 0.000195533 5.83659e-05 5.83659e-05 5.83659e-05 9.72765e-05 0.000116732 0.00137636
scan 280 160 18 0.000766421 0 0.000122726 2.29926e-05 2.29926e-05 2.29926e-05 3.8321e-05 4.59853e-05 0.000542204
scan 280 160 19 0.00021617 0 6.51777e-05 6.4851e-06 6.4851e-06 6.4851e-06 1.08085e-05 1.29702e-05 0.000152929
scan 280 160 20 9.82591e-05 0 4.39428e-05 2.94777e-06 2.94777e-06 2.94777e-06 4.91295e-06 5.89555e-06 6.95133e-05
scan 280 160 21 0.000903984 0 0.000133285 2.71195e-05 2.71195e-05 2.71195e-05 4.51992e-05 5.4239e-05 0.000639522
scan 280 160 22 0.000786073 0 0.000124289 2.35822e-05 2.35822e-05 2.35822e-05 3.93036e-05 4.71644e-05 0.000556106
scan 280 160 23 0.00021617 0 6.51777e-05 6.4851e-06 6.4851e-06 6.4851e-06 1.08085e-05 1.29702e-05 0.000152929
scan 280 160 24 0.000137563 0 5.19938e-05 4.12688e-06 4.12688e-06 4.12688e-06 6.87814e-06 8.25376e-06 9.73186e-05
scan 280 160 25 0 0 0 0 0 0 0 0 0
scan 280 160 26 0.000687814 0 0.000116262 2.06344e-05 2.06344e-05 2.06344e-05 3.43907e-05 4.12688e-05 0.000486593
scan 280 160 27 0.000746769 0 0.000121142 2.24031e-05 2.24031e-05 2.24031e-05 3.73385e-05 4.48061e-05 0.000528301
scan 280 160 28 0.000157215 0 5.55837e-05 4.71644e-06 4.71644e-06 4.71644e-06 7.86073e-06 9.43287e-06 0.000111221
scan 280 160 29 7.86073e-05 0 3.93036e-05 2.35822e-06 2.35822e-06 2.35822e-06 3.93036e-06 4.71644e-06 5.56106e-05
scan 280 160 30 5.89555e-05 0 3.40379e-05 1.76866e-06 1.76866e-06 1.76866e-06 2.94777e-06 3.53733e-06 4.1708e-05
scan 280 160 31 5.89555e-05 0 3.40379e-05 1.76866e-06 1.76866e-06 1.76866e-06 2.94777e-06 3.53733e-06 4.1708e-05
scan 280 160 32 3.93036e-05 0 2.77919e-05 1.17911e-06 1.17911e-06 1.17911e-06 1.96518e-06 2.35822e-06 2.78053e-05
scan 280 160 33 0 0 0 0 0 0 0 0 0
scan 280 160 34 0 0 0 0 0 0 0 0 0
scan 280 160 35 0 0 0 0 0 0 0 0 0
scan 280 160 36 0 0 0 0 0 0 0 0 0
scan 280 160 37 0 0 0 0 0 0 0 0 0
scan 280 160 38 0 0 0 0 0 0 0 0 0
scan 280 160 39 0 0 0 0 0 0 0 0 0
scan 280 160 40 0 0 0 0 0 0 0 0 0
scan 280 160 41 0 0 0 0 0 0 0 0 0
scan 280 160 42 0 0 0 0 0 0 0 0 0
scan 280 160 43 0 0 0 0 0 0 0 0 0
scan 280 160 44 0 0 0 0 0 0 0 0 0
scan 280 160 45 3.93036e-05 0 2.77919e-05 1.17911e-06 1.17911e-06 1.17911e-06 1.96518e-06 2.35822e-06 2.78053e-05
scan 280 160 46 0 0 0 0 0 0 0 0 0
scan 280 160 47 0 0 0 0 0 0 0 0 0
scan 280 160 48 0 0 0 0 0 0 0 0 0
scan 280 160 49 0 0 0 0 0 0 0 0 0
scan 280 160 50 0 0 0 0 0 0 0 0 0
scan 280 160 51 0 0 0 0 0 0 0 0 0
scan 280 160 52 0 0 0 0 0 0 0 0 0
scan 280 160 53 0 0 0 0 0 0 0 0 0
scan 280 160 54 0 0 0 0 0 0 0 0 0
scan 280 160 55 0 0 0 0 0 0 0 0 0
scan 280 160 56 1.96518e-05 0 1.96518e-05 5.89555e-07 5.89555e-07 5.89555e-07 9.82591e-07 1.17911e-06 1.39027e-05
scan 280 160 57 0 0 0 0 0 0 0 0 0
scan 280 160 58 0 0 0 0 0 0 0 0 0
scan 280 160 59 0 0 0 0 0 0 0 0 0
scan 280 160 60 0 0 0 0 0 0 0 0 0
scan 280 160 61 0 0 0 0 0 0 0 0 0
scan 280 160 62 0 0 0 0 0 0 0 0 0
scan 280 160 63 0 0 0 0 0 0 0 0 0
scan 280 160 64 0 0 0 0 0 0 0 0 0
scan 280 160 65 0 0 0 0 0 0 0 0 0
scan 280 160 66 0 0 0 0 0 0 0 0 0
scan 280 160 67 0 0 0 0 0 0 0 0 0
scan 280 160 68 0 0 0 0 0 0 0 0 0
scan 280 160 69 0 0 0 0 0 0 0 0 0
scan 280 160 70 0 0 0 0 0 0 0 0 0
scan 280 160 71 0 0 0 0 0 0 0 0 0
scan 280 160 72 0 0 0 0 0 0 0 0 0
scan 280 160 73 0 0 0 0 0 0 0 0 0
scan 280 160 74 0 0 0 0 0 0 0 0 0
scan 280 160 75 0 0 0 0 0 0 0 0 0
scan 280 160 76 0 0 0 0 0 0 0 0 0
scan 280 160 77 0 0 0 0 0 0 0 0 0
scan 280 160 78 0 0 0 0 0 0 0 0 0
scan 280 160 79 0 0 0 0 0 0 0 0 0
scan 280 160 80 0 0 0 0 0 0 0 0 0
scan 280 160 81 0 0 0 0 0 0 0 0 0
scan 280 160 82 0 0 0 0 0 0 0 0 0
scan 280 160 83 0 0 0 0 0 0 0 0 0
scan 280 160 84 0 0 0 0 0 0 0 0 0
scan 280 160 85 0 0 0 0 0 0 0 0 0
scan 280 160 86 0 0 0 0 0 0 0 0 0
scan 280 160 87 0 0 0 0 0 0 0 0 0
scan 280 160 88 0 0 0 0 0 0 0 0 0
scan 280 160 89 0 0 0 0 0 0 0 0 0
scan 280 160 90 7.86073e-05 0 3.93036e-05 2.35822e-06 2.35822e-06 2.35822e-06 3.93036e-06 4.71644e-06 5.56106e-05
scan 280 160 91 3.93036e-05 0 2.77919e-05 1.17911e-06 1.17911e-06 1.17911e-06 1.96518e-06 2.35822e-06 2.78053e-05
scan 280 160 92 1.96518e-05 0 1.96518e-05 5.89555e-07 5.89555e-07 5.89555e-07 9.82591e-07 1.17911e-06 1.39027e-05
scan 280 160 93 0 0 0 0 0 0 0 0 0
scan 280 160 94 0 0 0 0 0 0 0 0 0
scan 280 160 95 0 0 0 0 0 0 0 0 0
scan 280 160 96 5.89555e-05 0 3.40379e-05 1.76866e-06 1.76866e-06 1.76866e-06 2.94777e-06 3.53733e-06 4.1708e-05
scan 280 160 97 1.96518e-05 0 1.96518e-05 5.89555e-07 5.89555e-07 5.89555e-07 9.82591e-07 1.17911e-06 1.39027e-05
scan 280 160 98 0 0 0 0 0 0 0 0 0
scan 280 160 99 1.96518e-05 0 1.96518e-05 5.89555e-07 5.89555e-07 5.89555e-07 9.82591e-07 1.17911e-06 1.39027e-05
scan 280 160 100 0 0 0 0 0 0 0 0 0
scan 280 160 101 0 0 0 0 0 0 0 0 0
scan 280 160 102 1.96518e-05 0 1.96518e-05 5.89555e-07 5.89555e-07 5.89555e-07 9.82591e-07 1.17911e-06 1.39027e-05
scan 280 160 103 0 0 0 0 0 0 0 0 0
scan 280 160 104 1.96518e-05 0 1.96518e-05 5.89555e-07 5.89555e-07 5.89555e-07 9.82591e-07 1.17911e-06 1.39027e-05
scan 280 160 60 0 0 0 0 0 0 0 0 0
scan 280 160 61 0 0 0 0 0 0 0 0 0
scan 280 160 62 0 0 0 0 0 0 0 0 0
scan 280 160 63 0 0 0 0 0 0 0 0 0
scan 280 160 64 0 0 0 0 0 0 0 0 0
scan 280 160 65 0 0 0 0 0 0 0 0 0
scan 280 160 66 0 0 0 0 0 0 0 0 0
scan 280 160 67 0 0 0 0 0 0 0 0 0
scan 280 160 68 0 0 0 0 0 0 0 0 0
scan 280 160 69 0 0 0 0 0 0 0 0 0
scan 280 160 70 0 0 0 0 0 0 0 0 0
scan 280 160 71 0 0 0 0 0 0 0 0 0
scan 280 160 72 0 0 0 0 0 0 0 0 0
scan 280 160 73 0 0 0 0 0 0 0 0 0
scan 280 160 74 0 0 0 0 0 0 0 0 0
scan 280 160 120 0 0 0 0 0 0 0 0 0
scan 280 160 121 0 0 0 0 0 0 0 0 0
scan 280 160 122 0 0 0 0 0 0 0 0 0
scan 280 160 123 0 0 0 0 0 0 0 0 0
scan 280 160 124 0 0 0 0 0 0 0 0 0
scan 280 160 125 0 0 0 0 0 0 0 0 0
scan 280 160 126 0 0 0 0 0 0 0 0 0
scan 280 160 127 0 0 0 0 0 0 0 0 0
scan 280 160 128 0 0 0 0 0 0 0 0 0
scan 280 160 129 0 0 0 0 0 0 0 0 0
scan 280 160 130 0 0 0 0 0 0 0 0 0
scan 280 160 131 0 0 0 0 0 0 0 0 0
scan 280 160 132 1.96518e-05 0 1.96518e-05 5.89555e-07 5.89555e-07 5.89555e-07 9.82591e-07 1.17911e-06 1.39027e-05
scan 280 160 133 0 0 0 0 0 0 0 0 0
scan 280 160 134 0 0 0 0 0 0 0 0 0
scan 280 160 135 3.93036e-05 0 2.77919e-05 1.17911e-06 1.17911e-06 1.17911e-06 1.96518e-06 2.35822e-06 2.78053e-05
scan 280 160 136 0.000117911 0 4.81369e-05 3.53733e-06 3.53733e-06 3.53733e-06 5.89555e-06 7.07465e-06 8.34159e-05
scan 280 160 137 1.96518e-05 0 1.96518e-05 5.89555e-07 5.89555e-07 5.89555e-07 9.82591e-07 1.17911e-06 1.39027e-05
scan 280 160 138 1.96518e-05 0 1.96518e-05 5.89555e-07 5.89555e-07 5.89555e-07 9.82591e-07 1.17911e-06 1.39027e-05
scan 280 160 139 0 0 0 0 0 0 0 0 0
scan 280 160 140 0 0 0 0 0 0 0 0 0
scan 280 160 141 0 0 0 0 0 0 0 0 0
scan 280 160 142 1.96518e-05 0 1.96518e-05 5.89555e-07 5.89555e-07 5.89555e-07 9.82591e-07 1.17911e-06 1.39027e-05
scan 280 160 143 0 0 0 0 0 0 0 0 0
scan 280 160 144 0 0 0 0 0 0 0 0 0
scan 280 160 145 0 0 0 0 0 0 0 0 0
scan 280 160 146 3.93036e-05 0 2.77919e-05 1.17911e-06 1.17911e-06 1.17911e-06 1.96518e-06 2.35822e-06 2.78053e-05
scan 280 160 147 0 0 0 0 0 0 0 0 0
scan 280 160 148 0 0 0 0 0 0 0 0 0
scan 280 160 149 0 0 0 0 0 0 0 0 0
scan 280 160 60 0 0 0 0 0 0 0 0 0
scan 280 160 61 0 0 0 0 0 0 0 0 0
scan 280 160 62 0 0 0 0 0 0 0 0 0
scan 280 160 63 0 0 0 0 0 0 0 0 0
scan 280 160 64 0 0 0 0 0 0 0 0 0
scan 280 160 65 0 0 0 0 0 0 0 0 0
scan 280 160 66 0 0 0 0 0 0 0 0 0
scan 280 160 67 0 0 0 0 0 0 0 0 0
scan 280 160 68 0 0 0 0 0 0 0 0 0
scan 280 160 69 0 0 0 0 0 0 0 0 0
scan 280 160 70 0 0 0 0 0 0 0 0 0
scan 280 160 71 0 0 0 0 0 0 0 0 0
scan 280 160 72 0 0 0 0 0 0 0 0 0
scan 280 160 73 0 0 0 0 0 0 0 0 0
scan 280 160 74 0 0 0 0 0 0 0 0 0
scan 280 160 165 0 0 0 0 0 0 0 0 0
scan 280 160 166 0 0 0 0 0 0 0 0 0
scan 280 160 167 1.96518e-05 0 1.96518e-05 5.89555e-07 5.89555e-07 5.89555e-07 9.82591e-07 1.17911e-06 1.39027e-05
scan 280 160 168 0 0 0 0 0 0 0 0 0
scan 280 160 169 0 0 0 0 0 0 0 0 0
scan 280 160 170 0 0 0 0 0 0 0 0 0
scan 280 160 171 0 0 0 0 0 0 0 0 0
scan 280 160 172 0 0 0 0 0 0 0 0 0
scan 280 160 173 0 0 0 0 0 0 0 0 0
scan 280 160 174 0 0 0 0 0 0 0 0 0
scan 280 160 175 0 0 0 0 0 0 0 0 0
scan 280 160 176 0 0 0 0 0 0 0 0 0
scan 280 160 177 0 0 0 0 0 0 0 0 0
scan 280 160 178 0 0 0 0 0 0 0 0 0
scan 280 160 179 0 0 0 0 0 0 0 0 0
