xsec 320 80 0.110302
scan 320 80 0 3.30939e-05 0 1.91068e-05 9.92818e-07 9.92818e-07 9.92818e-07 1.6547e-06 1.98564e-06 2.37367e-05
scan 320 80 1 7.72192e-05 0 2.91861e-05 2.31658e-06 2.31658e-06 2.31658e-06 3.86096e-06 4.63315e-06 5.53857e-05
scan 320 80 2 2.20626e-05 0 1.56006e-05 6.61879e-07 6.61879e-07 6.61879e-07 1.10313e-06 1.32376e-06 1.58245e-05
scan 320 80 3 3.30939e-05 0 1.91068e-05 9.92818e-07 9.92818e-07 9.92818e-07 1.6547e-06 1.98564e-06 2.37367e-05
scan 320 80 4 0 0 0 0 0 0 0 0 0
scan 320 80 5 1.10313e-05 0 1.10313e-05 3.30939e-07 3.30939e-07 3.30939e-07 5.51566e-07 6.61879e-07 7.91224e-06
scan 320 80 6 1.10313e-05 0 1.10313e-05 3.30939e-07 3.30939e-07 3.30939e-07 5.51566e-07 6.61879e-07 7.91224e-06
scan 320 80 7 1.10313e-05 0 1.10313e-05 3.30939e-07 3.30939e-07 3.30939e-07 5.51566e-07 6.61879e-07 7.91224e-06
scan 320 80 8 1.10313e-05 0 1.10313e-05 3.30939e-07 3.30939e-07 3.30939e-07 5.51566e-07 6.61879e-07 7.91224e-06
scan 320 80 9 0 0 0 0 0 0 0 0 0
scan 320 80 10 0 0 0 0 0 0 0 0 0
scan 320 80 11 1.10313e-05 0 1.10313e-05 3.30939e-07 3.30939e-07 3.30939e-07 5.51566e-07 6.61879e-07 7.91224e-06
scan 320 80 12 4.41253e-05 0 2.20626e-05 1.32376e-06 1.32376e-06 1.32376e-06 2.20626e-06 2.64752e-06 3.1649e-05
scan 320 80 13 7.72192e-05 0 2.91861e-05 2.31658e-06 2.31658e-06 2.31658e-06 3.86096e-06 4.63315e-06 5.53857e-05
scan 320 80 14 3.30939e-05 0 1.91068e-05 9.92818e-07 9.92818e-07 9.92818e-07 1.6547e-06 1.98564e-06 2.37367e-05
scan 320 80 15 0.000562597 0 7.87794e-05 1.68779e-05 1.68779e-05 1.68779e-05 2.81299e-05 3.37558e-05 0.000403524
scan 320 80 16 0.00122448 0 0.000116222 3.67343e-05 3.67343e-05 3.67343e-05 6.12238e-05 7.34686e-05 0.000878259
scan 320 80 17 0.00129066 0 0.000119322 3.87199e-05 3.87199e-05 3.87199e-05 6.45332e-05 7.74398e-05 0.000925732
scan 320 80 18 0.000683942 0 8.68607e-05 2.05182e-05 2.05182e-05 2.05182e-05 3.41971e-05 4.10365e-05 0.000490559
scan 320 80 19 0.000661879 0 8.54482e-05 1.98564e-05 1.98564e-05 1.98564e-05 3.30939e-05 3.97127e-05 0.000474735
scan 320 80 20 4.41253e-05 0 2.20626e-05 1.32376e-06 1.32376e-06 1.32376e-06 2.20626e-06 2.64752e-06 3.1649e-05
scan 320 80 21 0.000341971 0 6.14198e-05 1.02591e-05 1.02591e-05 1.02591e-05 1.70985e-05 2.05182e-05 0.00024528
scan 320 80 22 0.000341971 0 6.14198e-05 1.02591e-05 1.02591e-05 1.02591e-05 1.70985e-05 2.05182e-05 0.00024528
scan 320 80 23 0.000220626 0 4.93335e-05 6.61879e-06 6.61879e-06 6.61879e-06 1.10313e-05 1.32376e-05 0.000158245
scan 320 80 24 0.000286814 0 5.62489e-05 8.60443e-06 8.60443e-06 8.60443e-06 1.43407e-05 1.72089e-05 0.000205718
scan 320 80 25 1.10313e-05 0 1.10313e-05 3.30939e-07 3.30939e-07 3.30939e-07 5.51566e-07 6.61879e-07 7.91224e-06
scan 320 80 26 0.000319908 0 5.94055e-05 9.59724e-06 9.59724e-06 9.59724e-06 1.59954e-05 1.91945e-05 0.000229455
scan 320 80 27 0.000794255 0 9.36038e-05 2.38276e-05 2.38276e-05 2.38276e-05 3.97127e-05 4.76553e-05 0.000569682
scan 320 80 28 0.00125757 0 0.000117782 3.77271e-05 3.77271e-05 3.77271e-05 6.28785e-05 7.54542e-05 0.000901996
scan 320 80 29 0.0012686 0 0.000118298 3.8058e-05 3.8058e-05 3.8058e-05 6.34301e-05 7.61161e-05 0.000909908
scan 320 80 30 0 0 0 0 0 0 0 0 0
scan 320 80 31 3.30939e-05 0 1.91068e-05 9.92818e-07 9.92818e-07 9.92818e-07 1.6547e-06 1.98564e-06 2.37367e-05
scan 320 80 32 2.20626e-05 0 1.56006e-05 6.61879e-07 6.61879e-07 6.61879e-07 1.10313e-06 1.32376e-06 1.58245e-05
scan 320 80 33 1.10313e-05 0 1.10313e-05 3.30939e-07 3.30939e-07 3.30939e-07 5.51566e-07 6.61879e-07 7.91224e-06
scan 320 80 34 5.51566e-05 0 2.46668e-05 1.6547e-06 1.6547e-06 1.6547e-06 2.75783e-06 3.30939e-06 3.95612e-05
scan 320 80 35 0 0 0 0 0 0 0 0 0
scan 320 80 36 1.10313e-05 0 1.10313e-05 3.30939e-07 3.30939e-07 3.30939e-07 5.51566e-07 6.61879e-07 7.91224e-06
scan 320 80 37 1.10313e-05 0 1.10313e-05 3.30939e-07 3.30939e-07 3.30939e-07 5.51566e-07 6.61879e-07 7.91224e-06
scan 320 80 38 1.10313e-05 0 1.10313e-05 3.30939e-07 3.30939e-07 3.30939e-07 5.51566e-07 6.61879e-07 7.91224e-06
scan 320 80 39 0 0 0 0 0 0 0 0 0
scan 320 80 40 0 0 0 0 0 0 0 0 0
scan 320 80 41 0 0 0 0 0 0 0 0 0
scan 320 80 42 2.20626e-05 0 1.56006e-05 6.61879e-07 6.61879e-07 6.61879e-07 1.10313e-06 1.32376e-06 1.58245e-05
scan 320 80 43 2.20626e-05 0 1.56006e-05 6.61879e-07 6.61879e-07 6.61879e-07 1.10313e-06 1.32376e-06 1.58245e-05
scan 320 80 44 1.10313e-05 0 1.10313e-05 3.30939e-07 3.30939e-07 3.30939e-07 5.51566e-07 6.61879e-07 7.91224e-06
scan 320 80 45 1.10313e-05 0 1.10313e-05 3.30939e-07 3.30939e-07 3.30939e-07 5.51566e-07 6.61879e-07 7.91224e-06
scan 320 80 46 0 0 0 0 0 0 0 0 0
scan 320 80 47 1.10313e-05 0 1.10313e-05 3.30939e-07 3.30939e-07 3.30939e-07 5.51566e-07 6.61879e-07 7.91224e-06
scan 320 80 48 0 0 0 0 0 0 0 0 0
scan 320 80 49 0 0 0 0 0 0 0 0 0
scan 320 80 50 0 0 0 0 0 0 0 0 0
scan 320 80 51 0 0 0 0 0 0 0 0 0
scan 320 80 52 0 0 0 0 0 0 0 0 0
scan 320 80 53 0 0 0 0 0 0 0 0 0
scan 320 80 54 0 0 0 0 0 0 0 0 0
scan 320 80 55 0 0 0 0 0 0 0 0 0
scan 320 80 56 1.10313e-05 0 1.10313e-05 3.30939e-07 3.30939e-07 3.30939e-07 5.51566e-07 6.61879e-07 7.91224e-06
scan 320 80 57 2.20626e-05 0 1.56006e-05 6.61879e-07 6.61879e-07 6.61879e-07 1.10313e-06 1.32376e-06 1.58245e-05
scan 320 80 58 0 0 0 0 0 0 0 0 0
scan 320 80 59 0 0 0 0 0 0 0 0 0
scan 320 80 60 0 0 0 0 0 0 0 0 0
scan 320 80 61 0 0 0 0 0 0 0 0 0
scan 320 80 62 0 0 0 0 0 0 0 0 0
scan 320 80 63 0 0 0 0 0 0 0 0 0
scan 320 80 64 0 0 0 0 0 0 0 0 0
scan 320 80 65 0 0 0 0 0 0 0 0 0
scan 320 80 66 0 0 0 0 0 0 0 0 0
scan 320 80 67 0 0 0 0 0 0 0 0 0
scan 320 80 68 0 0 0 0 0 0 0 0 0
scan 320 80 69 0 0 0 0 0 0 0 0 0
scan 320 80 70 0 0 0 0 0 0 0 0 0
scan 320 80 71 0 0 0 0 0 0 0 0 0
scan 320 80 72 0 0 0 0 0 0 0 0 0
scan 320 80 73 0 0 0 0 0 0 0 0 0
scan 320 80 74 0 0 0 0 0 0 0 0 0
scan 320 80 75 0 0 0 0 0 0 0 0 0
scan 320 80 76 0 0 0 0 0 0 0 0 0
scan 320 80 77 0 0 0 0 0 0 0 0 0
scan 320 80 78 1.10313e-05 0 1.10313e-05 3.30939e-07 3.30939e-07 3.30939e-07 5.51566e-07 6.61879e-07 7.91224e-06
scan 320 80 79 0 0 0 0 0 0 0 0 0
scan 320 80 80 0 0 0 0 0 0 0 0 0
scan 320 80 81 0 0 0 0 0 0 0 0 0
scan 320 80 82 0 0 0 0 0 0 0 0 0
scan 320 80 83 0 0 0 0 0 0 0 0 0
scan 320 80 84 0 0 0 0 0 0 0 0 0
scan 320 80 85 0 0 0 0 0 0 0 0 0
scan 320 80 86 0 0 0 0 0 0 0 0 0
scan 320 80 87 0 0 0 0 0 0 0 0 0
scan 320 80 88 0 0 0 0 0 0 0 0 0
scan 320 80 89 0 0 0 0 0 0 0 0 0
scan 320 80 90 3.30939e-05 0 1.91068e-05 9.92818e-07 9.92818e-07 9.92818e-07 1.6547e-06 1.98564e-06 2.37367e-05
scan 320 80 91 4.41253e-05 0 2.20626e-05 1.32376e-06 1.32376e-06 1.32376e-06 2.20626e-06 2.64752e-06 3.1649e-05
scan 320 80 92 2.20626e-05 0 1.56006e-05 6.61879e-07 6.61879e-07 6.61879e-07 1.10313e-06 1.32376e-06 1.58245e-05
scan 320 80 93 2.20626e-05 0 1.56006e-05 6.61879e-07 6.61879e-07 6.61879e-07 1.10313e-06 1.32376e-06 1.58245e-05
scan 320 80 94 0 0 0 0 0 0 0 0 0
scan 320 80 95 0 0 0 0 0 0 0 0 0
scan 320 80 96 1.10313e-05 0 1.10313e-05 3.30939e-07 3.30939e-07 3.30939e-07 5.51566e-07 6.61879e-07 7.91224e-06
scan 320 80 97 0 0 0 0 0 0 0 0 0
scan 320 80 98 1.10313e-05 0 1.10313e-05 3.30939e-07 3.30939e-07 3.30939e-07 5.51566e-07 6.61879e-07 7.91224e-06
scan 320 80 99 0 0 0 0 0 0 0 0 0
scan 320 80 100 0 0 0 0 0 0 0 0 0
scan 320 80 101 1.10313e-05 0 1.10313e-05 3.30939e-07 3.30939e-07 3.30939e-07 5.51566e-07 6.61879e-07 7.91224e-06
scan 320 80 102 3.30939e-05 0 1.91068e-05 9.92818e-07 9.92818e-07 9.92818e-07 1.6547e-06 1.98564e-06 2.37367e-05
scan 320 80 103 3.30939e-05 0 1.91068e-05 9.92818e-07 9.92818e-07 9.92818e-07 1.6547e-06 1.98564e-06 2.37367e-05
scan 320 80 104 1.10313e-05 0 1.10313e-05 3.30939e-07 3.30939e-07 3.30939e-07 5.51566e-07 6.61879e-07 7.91224e-06
scan 320 80 60 0 0 0 0 0 0 0 0 0
scan 320 80 61 0 0 0 0 0 0 0 0 0
scan 320 80 62 0 0 0 0 0 0 0 0 0
scan 320 80 63 0 0 0 0 0 0 0 0 0
scan 320 80 64 0 0 0 0 0 0 0 0 0
scan 320 80 65 0 0 0 0 0 0 0 0 0
scan 320 80 66 0 0 0 0 0 0 0 0 0
scan 320 80 67 0 0 0 0 0 0 0 0 0
scan 320 80 68 0 0 0 0 0 0 0 0 0
scan 320 80 69 0 0 0 0 0 0 0 0 0
scan 320 80 70 0 0 0 0 0 0 0 0 0
scan 320 80 71 0 0 0 0 0 0 0 0 0
scan 320 80 72 0 0 0 0 0 0 0 0 0
scan 320 80 73 0 0 0 0 0 0 0 0 0
scan 320 80 74 0 0 0 0 0 0 0 0 0
scan 320 80 120 0 0 0 0 0 0 0 0 0
scan 320 80 121 0 0 0 0 0 0 0 0 0
scan 320 80 122 0 0 0 0 0 0 0 0 0
scan 320 80 123 0 0 0 0 0 0 0 0 0
scan 320 80 124 0 0 0 0 0 0 0 0 0
scan 320 80 125 0 0 0 0 0 0 0 0 0
scan 320 80 126 0 0 0 0 0 0 0 0 0
scan 320 80 127 0 0 0 0 0 0 0 0 0
scan 320 80 128 0 0 0 0 0 0 0 0 0
scan 320 80 129 0 0 0 0 0 0 0 0 0
scan 320 80 130 0 0 0 0 0 0 0 0 0
scan 320 80 131 0 0 0 0 0 0 0 0 0
scan 320 80 132 0 0 0 0 0 0 0 0 0
scan 320 80 133 0 0 0 0 0 0 0 0 0
scan 320 80 134 0 0 0 0 0 0 0 0 0
scan 320 80 135 1.10313e-05 0 1.10313e-05 3.30939e-07 3.30939e-07 3.30939e-07 5.51566e-07 6.61879e-07 7.91224e-06
scan 320 80 136 6.61879e-05 0 2.70211e-05 1.98564e-06 1.98564e-06 1.98564e-06 3.30939e-06 3.97127e-06 4.74735e-05
scan 320 80 137 1.10313e-05 0 1.10313e-05 3.30939e-07 3.30939e-07 3.30939e-07 5.51566e-07 6.61879e-07 7.91224e-06
scan 320 80 138 0 0 0 0 0 0 0 0 0
scan 320 80 139 0 0 0 0 0 0 0 0 0
scan 320 80 140 0 0 0 0 0 0 0 0 0
scan 320 80 141 0 0 0 0 0 0 0 0 0
scan 320 80 142 3.30939e-05 0 1.91068e-05 9.92818e-07 9.92818e-07 9.92818e-07 1.6547e-06 1.98564e-06 2.37367e-05
scan 320 80 143 0 0 0 0 0 0 0 0 0
scan 320 80 144 0 0 0 0 0 0 0 0 0
scan 320 80 145 0 0 0 0 0 0 0 0 0
scan 320 80 146 0 0 0 0 0 0 0 0 0
scan 320 80 147 3.30939e-05 0 1.91068e-05 9.92818e-07 9.92818e-07 9.92818e-07 1.6547e-06 1.98564e-06 2.37367e-05
scan 320 80 148 0 0 0 0 0 0 0 0 0
scan 320 80 149 0 0 0 0 0 0 0 0 0
scan 320 80 60 0 0 0 0 0 0 0 0 0
scan 320 80 61 0 0 0 0 0 0 0 0 0
scan 320 80 62 0 0 0 0 0 0 0 0 0
scan 320 80 63 0 0 0 0 0 0 0 0 0
scan 320 80 64 0 0 0 0 0 0 0 0 0
scan 320 80 65 0 0 0 0 0 0 0 0 0
scan 320 80 66 0 0 0 0 0 0 0 0 0
scan 320 80 67 0 0 0 0 0 0 0 0 0
scan 320 80 68 0 0 0 0 0 0 0 0 0
scan 320 80 69 0 0 0 0 0 0 0 0 0
scan 320 80 70 0 0 0 0 0 0 0 0 0
scan 320 80 71 0 0 0 0 0 0 0 0 0
scan 320 80 72 0 0 0 0 0 0 0 0 0
scan 320 80 73 0 0 0 0 0 0 0 0 0
scan 320 80 74 0 0 0 0 0 0 0 0 0
scan 320 80 165 0 0 0 0 0 0 0 0 0
scan 320 80 166 1.10313e-05 0 1.10313e-05 3.30939e-07 3.30939e-07 3.30939e-07 5.51566e-07 6.61879e-07 7.91224e-06
scan 320 80 167 0 0 0 0 0 0 0 0 0
scan 320 80 168 0 0 0 0 0 0 0 0 0
scan 320 80 169 0 0 0 0 0 0 0 0 0
scan 320 80 170 0 0 0 0 0 0 0 0 0
scan 320 80 171 0 0 0 0 0 0 0 0 0
scan 320 80 172 0 0 0 0 0 0 0 0 0
scan 320 80 173 1.10313e-05 0 1.10313e-05 3.30939e-07 3.30939e-07 3.30939e-07 5.51566e-07 6.61879e-07 7.91224e-06
scan 320 80 174 0 0 0 0 0 0 0 0 0
scan 320 80 175 0 0 0 0 0 0 0 0 0
scan 320 80 176 0 0 0 0 0 0 0 0 0
scan 320 80 177 0 0 0 0 0 0 0 0 0
scan 320 80 178 0 0 0 0 0 0 0 0 0
scan 320 80 179 0 0 0 0 0 0 0 0 0
