xsec 240 20 0.376791
scan 240 20 0 0.000376829 0 0.000119164 1.13049e-05 1.13049e-05 1.13049e-05 1.88414e-05 2.26097e-05 0.000262083
scan 240 20 1 0.000150731 0 7.53657e-05 4.52194e-06 4.52194e-06 4.52194e-06 7.53657e-06 9.04389e-06 0.000104833
scan 240 20 2 0.000150731 0 7.53657e-05 4.52194e-06 4.52194e-06 4.52194e-06 7.53657e-06 9.04389e-06 0.000104833
scan 240 20 3 7.53657e-05 0 5.32916e-05 2.26097e-06 2.26097e-06 2.26097e-06 3.76829e-06 4.52194e-06 5.24166e-05
scan 240 20 4 7.53657e-05 0 5.32916e-05 2.26097e-06 2.26097e-06 2.26097e-06 3.76829e-06 4.52194e-06 5.24166e-05
scan 240 20 5 0 0 0 0 0 0 0 0 0
scan 240 20 6 0.000113049 0 6.52686e-05 3.39146e-06 3.39146e-06 3.39146e-06 5.65243e-06 6.78291e-06 7.86249e-05
scan 240 20 7 7.53657e-05 0 5.32916e-05 2.26097e-06 2.26097e-06 2.26097e-06 3.76829e-06 4.52194e-06 5.24166e-05
scan 240 20 8 3.76829e-05 0 3.76829e-05 1.13049e-06 1.13049e-06 1.13049e-06 1.88414e-06 2.26097e-06 2.62083e-05
scan 240 20 9 0 0 0 0 0 0 0 0 0
scan 240 20 10 0 0 0 0 0 0 0 0 0
scan 240 20 11 3.76829e-05 0 3.76829e-05 1.13049e-06 1.13049e-06 1.13049e-06 1.88414e-06 2.26097e-06 2.62083e-05
scan 240 20 12 0.000188414 0 8.42614e-05 5.65243e-06 5.65243e-06 5.65243e-06 9.42071e-06 1.13049e-05 0.000131042
scan 240 20 13 0.000150731 0 7.53657e-05 4.52194e-06 4.52194e-06 4.52194e-06 7.53657e-06 9.04389e-06 0.000104833
scan 240 20 14 3.76829e-05 0 3.76829e-05 1.13049e-06 1.13049e-06 1.13049e-06 1.88414e-06 2.26097e-06 2.62083e-05
scan 240 20 15 0.00305231 0 0.000339146 9.15693e-05 9.15693e-05 9.15693e-05 0.000152616 0.000183139 0.00212287
scan 240 20 16 0.00584084 0 0.000469148 0.000175225 0.000175225 0.000175225 0.000292042 0.000350451 0.00406229
scan 240 20 17 0.00380597 0 0.000378708 0.000114179 0.000114179 0.000114179 0.000190298 0.000228358 0.00264704
scan 240 20 18 0.00169573 0 0.000252784 5.08719e-05 5.08719e-05 5.08719e-05 8.47864e-05 0.000101744 0.00117937
scan 240 20 19 0.001545 0 0.000241288 4.63499e-05 4.63499e-05 4.63499e-05 7.72499e-05 9.26998e-05 0.00107454
scan 240 20 20 0.000188414 0 8.42614e-05 5.65243e-06 5.65243e-06 5.65243e-06 9.42071e-06 1.13049e-05 0.000131042
scan 240 20 21 0.00184646 0 0.00026378 5.53938e-05 5.53938e-05 5.53938e-05 9.2323e-05 0.000110788 0.00128421
scan 240 20 22 0.00143195 0 0.000232293 4.29585e-05 4.29585e-05 4.29585e-05 7.15974e-05 8.59169e-05 0.000995916
scan 240 20 23 0.000489877 0 0.000135867 1.46963e-05 1.46963e-05 1.46963e-05 2.44939e-05 2.93926e-05 0.000340708
scan 240 20 24 0.000414511 0 0.00012498 1.24353e-05 1.24353e-05 1.24353e-05 2.07256e-05 2.48707e-05 0.000288291
scan 240 20 25 0 0 0 0 0 0 0 0 0
scan 240 20 26 0.00124353 0 0.000216472 3.7306e-05 3.7306e-05 3.7306e-05 6.21767e-05 7.46121e-05 0.000864874
scan 240 20 27 0.00327841 0 0.000351482 9.83523e-05 9.83523e-05 9.83523e-05 0.00016392 0.000196705 0.00228012
scan 240 20 28 0.00282621 0 0.000326343 8.47864e-05 8.47864e-05 8.47864e-05 0.000141311 0.000169573 0.00196562
scan 240 20 29 0.000942071 0 0.000188414 2.82621e-05 2.82621e-05 2.82621e-05 4.71036e-05 5.65243e-05 0.000655208
scan 240 20 30 7.53657e-05 0 5.32916e-05 2.26097e-06 2.26097e-06 2.26097e-06 3.76829e-06 4.52194e-06 5.24166e-05
scan 240 20 31 0.000226097 0 9.23038e-05 6.78291e-06 6.78291e-06 6.78291e-06 1.13049e-05 1.35658e-05 0.00015725
scan 240 20 32 0.000150731 0 7.53657e-05 4.52194e-06 4.52194e-06 4.52194e-06 7.53657e-06 9.04389e-06 0.000104833
scan 240 20 33 3.76829e-05 0 3.76829e-05 1.13049e-06 1.13049e-06 1.13049e-06 1.88414e-06 2.26097e-06 2.62083e-05
scan 240 20 34 3.76829e-05 0 3.76829e-05 1.13049e-06 1.13049e-06 1.13049e-06 1.88414e-06 2.26097e-06 2.62083e-05
scan 240 20 35 3.76829e-05 0 3.76829e-05 1.13049e-06 1.13049e-06 1.13049e-06 1.88414e-06 2.26097e-06 2.62083e-05
scan 240 20 36 0 0 0 0 0 0 0 0 0
scan 240 20 37 3.76829e-05 0 3.76829e-05 1.13049e-06 1.13049e-06 1.13049e-06 1.88414e-06 2.26097e-06 2.62083e-05
scan 240 20 38 0 0 0 0 0 0 0 0 0
scan 240 20 39 3.76829e-05 0 3.76829e-05 1.13049e-06 1.13049e-06 1.13049e-06 1.88414e-06 2.26097e-06 2.62083e-05
scan 240 20 40 0 0 0 0 0 0 0 0 0
scan 240 20 41 0 0 0 0 0 0 0 0 0
scan 240 20 42 0.000113049 0 6.52686e-05 3.39146e-06 3.39146e-06 3.39146e-06 5.65243e-06 6.78291e-06 7.86249e-05
scan 240 20 43 7.53657e-05 0 5.32916e-05 2.26097e-06 2.26097e-06 2.26097e-06 3.76829e-06 4.52194e-06 5.24166e-05
scan 240 20 44 7.53657e-05 0 5.32916e-05 2.26097e-06 2.26097e-06 2.26097e-06 3.76829e-06 4.52194e-06 5.24166e-05
scan 240 20 45 3.76829e-05 0 3.76829e-05 1.13049e-06 1.13049e-06 1.13049e-06 1.88414e-06 2.26097e-06 2.62083e-05
scan 240 20 46 0 0 0 0 0 0 0 0 0
scan 240 20 47 0 0 0 0 0 0 0 0 0
scan 240 20 48 0 0 0 0 0 0 0 0 0
scan 240 20 49 0 0 0 0 0 0 0 0 0
scan 240 20 50 0 0 0 0 0 0 0 0 0
scan 240 20 51 3.76829e-05 0 3.76829e-05 1.13049e-06 1.13049e-06 1.13049e-06 1.88414e-06 2.26097e-06 2.62083e-05
scan 240 20 52 0 0 0 0 0 0 0 0 0
scan 240 20 53 0 0 0 0 0 0 0 0 0
scan 240 20 54 0 0 0 0 0 0 0 0 0
scan 240 20 55 0 0 0 0 0 0 0 0 0
scan 240 20 56 0 0 0 0 0 0 0 0 0
scan 240 20 57 0 0 0 0 0 0 0 0 0
scan 240 20 58 0 0 0 0 0 0 0 0 0
scan 240 20 59 0 0 0 0 0 0 0 0 0
scan 240 20 60 0 0 0 0 0 0 0 0 0
scan 240 20 61 0 0 0 0 0 0 0 0 0
scan 240 20 62 0 0 0 0 0 0 0 0 0
scan 240 20 63 0 0 0 0 0 0 0 0 0
scan 240 20 64 0 0 0 0 0 0 0 0 0
scan 240 20 65 0 0 0 0 0 0 0 0 0
scan 240 20 66 0 0 0 0 0 0 0 0 0
scan 240 20 67 0 0 0 0 0 0 0 0 0
scan 240 20 68 0 0 0 0 0 0 0 0 0
scan 240 20 69 0 0 0 0 0 0 0 0 0
scan 240 20 70 0 0 0 0 0 0 0 0 0
scan 240 20 71 0 0 0 0 0 0 0 0 0
scan 240 20 72 0 0 0 0 0 0 0 0 0
scan 240 20 73 0 0 0 0 0 0 0 0 0
scan 240 20 74 0 0 0 0 0 0 0 0 0
scan 240 20 75 0 0 0 0 0 0 0 0 0
scan 240 20 76 0 0 0 0 0 0 0 0 0
scan 240 20 77 0 0 0 0 0 0 0 0 0
scan 240 20 78 0 0 0 0 0 0 0 0 0
scan 240 20 79 0 0 0 0 0 0 0 0 0
scan 240 20 80 0 0 0 0 0 0 0 0 0
scan 240 20 81 0 0 0 0 0 0 0 0 0
scan 240 20 82 0 0 0 0 0 0 0 0 0
scan 240 20 83 0 0 0 0 0 0 0 0 0
scan 240 20 84 0 0 0 0 0 0 0 0 0
scan 240 20 85 0 0 0 0 0 0 0 0 0
scan 240 20 86 0 0 0 0 0 0 0 0 0
scan 240 20 87 3.76829e-05 0 3.76829e-05 1.13049e-06 1.13049e-06 1.13049e-06 1.88414e-06 2.26097e-06 2.62083e-05
scan 240 20 88 0 0 0 0 0 0 0 0 0
scan 240 20 89 0 0 0 0 0 0 0 0 0
scan 240 20 90 0.000150731 0 7.53657e-05 4.52194e-06 4.52194e-06 4.52194e-06 7.53657e-06 9.04389e-06 0.000104833
scan 240 20 91 0.00026378 0 9.96995e-05 7.9134e-06 7.9134e-06 7.9134e-06 1.3189e-05 1.58268e-05 0.000183458
scan 240 20 92 0.000150731 0 7.53657e-05 4.52194e-06 4.52194e-06 4.52194e-06 7.53657e-06 9.04389e-06 0.000104833
scan 240 20 93 3.76829e-05 0 3.76829e-05 1.13049e-06 1.13049e-06 1.13049e-06 1.88414e-06 2.26097e-06 2.62083e-05
scan 240 20 94 0 0 0 0 0 0 0 0 0
scan 240 20 95 0 0 0 0 0 0 0 0 0
scan 240 20 96 7.53657e-05 0 5.32916e-05 2.26097e-06 2.26097e-06 2.26097e-06 3.76829e-06 4.52194e-06 5.24166e-05
scan 240 20 97 3.76829e-05 0 3.76829e-05 1.13049e-06 1.13049e-06 1.13049e-06 1.88414e-06 2.26097e-06 2.62083e-05
scan 240 20 98 0 0 0 0 0 0 0 0 0
scan 240 20 99 3.76829e-05 0 3.76829e-05 1.13049e-06 1.13049e-06 1.13049e-06 1.88414e-06 2.26097e-06 2.62083e-05
scan 240 20 100 0 0 0 0 0 0 0 0 0
scan 240 20 101 3.76829e-05 0 3.76829e-05 1.13049e-06 1.13049e-06 1.13049e-06 1.88414e-06 2.26097e-06 2.62083e-05
scan 240 20 102 0.000113049 0 6.52686e-05 3.39146e-06 3.39146e-06 3.39146e-06 5.65243e-06 6.78291e-06 7.86249e-05
scan 240 20 103 3.76829e-05 0 3.76829e-05 1.13049e-06 1.13049e-06 1.13049e-06 1.88414e-06 2.26097e-06 2.62083e-05
scan 240 20 104 0 0 0 0 0 0 0 0 0
scan 240 20 60 0 0 0 0 0 0 0 0 0
scan 240 20 61 0 0 0 0 0 0 0 0 0
scan 240 20 62 0 0 0 0 0 0 0 0 0
scan 240 20 63 0 0 0 0 0 0 0 0 0
scan 240 20 64 0 0 0 0 0 0 0 0 0
scan 240 20 65 0 0 0 0 0 0 0 0 0
scan 240 20 66 0 0 0 0 0 0 0 0 0
scan 240 20 67 0 0 0 0 0 0 0 0 0
scan 240 20 68 0 0 0 0 0 0 0 0 0
scan 240 20 69 0 0 0 0 0 0 0 0 0
scan 240 20 70 0 0 0 0 0 0 0 0 0
scan 240 20 71 0 0 0 0 0 0 0 0 0
scan 240 20 72 0 0 0 0 0 0 0 0 0
scan 240 20 73 0 0 0 0 0 0 0 0 0
scan 240 20 74 0 0 0 0 0 0 0 0 0
scan 240 20 120 0 0 0 0 0 0 0 0 0
scan 240 20 121 0 0 0 0 0 0 0 0 0
scan 240 20 122 0 0 0 0 0 0 0 0 0
scan 240 20 123 0 0 0 0 0 0 0 0 0
scan 240 20 124 0 0 0 0 0 0 0 0 0
scan 240 20 125 0 0 0 0 0 0 0 0 0
scan 240 20 126 0 0 0 0 0 0 0 0 0
scan 240 20 127 0 0 0 0 0 0 0 0 0
scan 240 20 128 0 0 0 0 0 0 0 0 0
scan 240 20 129 0 0 0 0 0 0 0 0 0
scan 240 20 130 0 0 0 0 0 0 0 0 0
scan 240 20 131 0 0 0 0 0 0 0 0 0
scan 240 20 132 0 0 0 0 0 0 0 0 0
scan 240 20 133 0 0 0 0 0 0 0 0 0
scan 240 20 134 0 0 0 0 0 0 0 0 0
scan 240 20 135 7.53657e-05 0 5.32916e-05 2.26097e-06 2.26097e-06 2.26097e-06 3.76829e-06 4.52194e-06 5.24166e-05
scan 240 20 136 7.53657e-05 0 5.32916e-05 2.26097e-06 2.26097e-06 2.26097e-06 3.76829e-06 4.52194e-06 5.24166e-05
scan 240 20 137 3.76829e-05 0 3.76829e-05 1.13049e-06 1.13049e-06 1.13049e-06 1.88414e-06 2.26097e-06 2.62083e-05
scan 240 20 138 0 0 0 0 0 0 0 0 0
scan 240 20 139 0 0 0 0 0 0 0 0 0
scan 240 20 140 3.76829e-05 0 3.76829e-05 1.13049e-06 1.13049e-06 1.13049e-06 1.88414e-06 2.26097e-06 2.62083e-05
scan 240 20 141 3.76829e-05 0 3.76829e-05 1.13049e-06 1.13049e-06 1.13049e-06 1.88414e-06 2.26097e-06 2.62083e-05
scan 240 20 142 7.53657e-05 0 5.32916e-05 2.26097e-06 2.26097e-06 2.26097e-06 3.76829e-06 4.52194e-06 5.24166e-05
scan 240 20 143 3.76829e-05 0 3.76829e-05 1.13049e-06 1.13049e-06 1.13049e-06 1.88414e-06 2.26097e-06 2.62083e-05
scan 240 20 144 0 0 0 0 0 0 0 0 0
scan 240 20 145 0 0 0 0 0 0 0 0 0
scan 240 20 146 0 0 0 0 0 0 0 0 0
scan 240 20 147 0 0 0 0 0 0 0 0 0
scan 240 20 148 7.53657e-05 0 5.32916e-05 2.26097e-06 2.26097e-06 2.26097e-06 3.76829e-06 4.52194e-06 5.24166e-05
scan 240 20 149 0 0 0 0 0 0 0 0 0
scan 240 20 60 0 0 0 0 0 0 0 0 0
scan 240 20 61 0 0 0 0 0 0 0 0 0
scan 240 20 62 0 0 0 0 0 0 0 0 0
scan 240 20 63 0 0 0 0 0 0 0 0 0
scan 240 20 64 0 0 0 0 0 0 0 0 0
scan 240 20 65 0 0 0 0 0 0 0 0 0
scan 240 20 66 0 0 0 0 0 0 0 0 0
scan 240 20 67 0 0 0 0 0 0 0 0 0
scan 240 20 68 0 0 0 0 0 0 0 0 0
scan 240 20 69 0 0 0 0 0 0 0 0 0
scan 240 20 70 0 0 0 0 0 0 0 0 0
scan 240 20 71 0 0 0 0 0 0 0 0 0
scan 240 20 72 0 0 0 0 0 0 0 0 0
scan 240 20 73 0 0 0 0 0 0 0 0 0
scan 240 20 74 0 0 0 0 0 0 0 0 0
scan 240 20 165 0 0 0 0 0 0 0 0 0
scan 240 20 166 0 0 0 0 0 0 0 0 0
scan 240 20 167 3.76829e-05 0 3.76829e-05 1.13049e-06 1.13049e-06 1.13049e-06 1.88414e-06 2.26097e-06 2.62083e-05
scan 240 20 168 0 0 0 0 0 0 0 0 0
scan 240 20 169 0 0 0 0 0 0 0 0 0
scan 240 20 170 0 0 0 0 0 0 0 0 0
scan 240 20 171 0 0 0 0 0 0 0 0 0
scan 240 20 172 0 0 0 0 0 0 0 0 0
scan 240 20 173 0 0 0 0 0 0 0 0 0
scan 240 20 174 0 0 0 0 0 0 0 0 0
scan 240 20 175 0 0 0 0 0 0 0 0 0
scan 240 20 176 0 0 0 0 0 0 0 0 0
scan 240 20 177 0 0 0 0 0 0 0 0 0
scan 240 20 178 0 0 0 0 0 0 0 0 0
scan 240 20 179 0 0 0 0 0 0 0 0 0
