xsec 410 260 0.0350132
scan 410 260 0 2.45117e-05 0 9.26456e-06 7.35351e-07 7.35351e-07 7.35351e-07 1.22559e-06 1.4707e-06 1.80651e-05
scan 410 260 1 2.80134e-05 0 9.90423e-06 8.40401e-07 8.40401e-07 8.40401e-07 1.40067e-06 1.6808e-06 2.06458e-05
scan 410 260 2 1.75084e-05 0 7.82998e-06 5.25251e-07 5.25251e-07 5.25251e-07 8.75418e-07 1.0505e-06 1.29037e-05
scan 410 260 3 3.50167e-06 0 3.50167e-06 1.0505e-07 1.0505e-07 1.0505e-07 1.75084e-07 2.101e-07 2.58073e-06
scan 410 260 4 0 0 0 0 0 0 0 0 0
scan 410 260 5 0 0 0 0 0 0 0 0 0
scan 410 260 6 0 0 0 0 0 0 0 0 0
scan 410 260 7 7.00335e-06 0 4.95211e-06 2.101e-07 2.101e-07 2.101e-07 3.50167e-07 4.20201e-07 5.16146e-06
scan 410 260 8 3.50167e-06 0 3.50167e-06 1.0505e-07 1.0505e-07 1.0505e-07 1.75084e-07 2.101e-07 2.58073e-06
scan 410 260 9 0 0 0 0 0 0 0 0 0
scan 410 260 10 0 0 0 0 0 0 0 0 0
scan 410 260 11 1.75084e-05 0 7.82998e-06 5.25251e-07 5.25251e-07 5.25251e-07 8.75418e-07 1.0505e-06 1.29037e-05
scan 410 260 12 1.75084e-05 0 7.82998e-06 5.25251e-07 5.25251e-07 5.25251e-07 8.75418e-07 1.0505e-06 1.29037e-05
scan 410 260 13 7.00335e-06 0 4.95211e-06 2.101e-07 2.101e-07 2.101e-07 3.50167e-07 4.20201e-07 5.16146e-06
scan 410 260 14 7.00335e-06 0 4.95211e-06 2.101e-07 2.101e-07 2.101e-07 3.50167e-07 4.20201e-07 5.16146e-06
scan 410 260 15 0.000378181 0 3.63904e-05 1.13454e-05 1.13454e-05 1.13454e-05 1.8909e-05 2.26908e-05 0.000278719
scan 410 260 16 0.000581278 0 4.51159e-05 1.74383e-05 1.74383e-05 1.74383e-05 2.90639e-05 3.48767e-05 0.000428401
scan 410 260 17 0.000374679 0 3.62216e-05 1.12404e-05 1.12404e-05 1.12404e-05 1.87339e-05 2.24807e-05 0.000276138
scan 410 260 18 0.0002101 0 2.71238e-05 6.30301e-06 6.30301e-06 6.30301e-06 1.0505e-05 1.2606e-05 0.000154844
scan 410 260 19 0.000112054 0 1.98085e-05 3.36161e-06 3.36161e-06 3.36161e-06 5.60268e-06 6.72321e-06 8.25834e-05
scan 410 260 20 2.45117e-05 0 9.26456e-06 7.35351e-07 7.35351e-07 7.35351e-07 1.22559e-06 1.4707e-06 1.80651e-05
scan 410 260 21 0.000161077 0 2.37495e-05 4.83231e-06 4.83231e-06 4.83231e-06 8.05385e-06 9.66462e-06 0.000118714
scan 410 260 22 0.00014707 0 2.26934e-05 4.41211e-06 4.41211e-06 4.41211e-06 7.35351e-06 8.82422e-06 0.000108391
scan 410 260 23 0.000101549 0 1.88571e-05 3.04646e-06 3.04646e-06 3.04646e-06 5.07743e-06 6.09291e-06 7.48412e-05
scan 410 260 24 5.60268e-05 0 1.40067e-05 1.6808e-06 1.6808e-06 1.6808e-06 2.80134e-06 3.36161e-06 4.12917e-05
scan 410 260 25 0 0 0 0 0 0 0 0 0
scan 410 260 26 0.000122559 0 2.07162e-05 3.67676e-06 3.67676e-06 3.67676e-06 6.12793e-06 7.35351e-06 9.03256e-05
scan 410 260 27 0.000322154 0 3.35869e-05 9.66462e-06 9.66462e-06 9.66462e-06 1.61077e-05 1.93292e-05 0.000237427
scan 410 260 28 0.000234612 0 2.86624e-05 7.03836e-06 7.03836e-06 7.03836e-06 1.17306e-05 1.40767e-05 0.000172909
scan 410 260 29 0.000129562 0 2.12998e-05 3.88686e-06 3.88686e-06 3.88686e-06 6.47809e-06 7.77371e-06 9.5487e-05
scan 410 260 30 0 0 0 0 0 0 0 0 0
scan 410 260 31 7.00335e-06 0 4.95211e-06 2.101e-07 2.101e-07 2.101e-07 3.50167e-07 4.20201e-07 5.16146e-06
scan 410 260 32 3.50167e-06 0 3.50167e-06 1.0505e-07 1.0505e-07 1.0505e-07 1.75084e-07 2.101e-07 2.58073e-06
scan 410 260 33 0 0 0 0 0 0 0 0 0
scan 410 260 34 0 0 0 0 0 0 0 0 0
scan 410 260 35 0 0 0 0 0 0 0 0 0
scan 410 260 36 0 0 0 0 0 0 0 0 0
scan 410 260 37 3.50167e-06 0 3.50167e-06 1.0505e-07 1.0505e-07 1.0505e-07 1.75084e-07 2.101e-07 2.58073e-06
scan 410 260 38 0 0 0 0 0 0 0 0 0
scan 410 260 39 0 0 0 0 0 0 0 0 0
scan 410 260 40 0 0 0 0 0 0 0 0 0
scan 410 260 41 3.50167e-06 0 3.50167e-06 1.0505e-07 1.0505e-07 1.0505e-07 1.75084e-07 2.101e-07 2.58073e-06
scan 410 260 42 3.50167e-06 0 3.50167e-06 1.0505e-07 1.0505e-07 1.0505e-07 1.75084e-07 2.101e-07 2.58073e-06
scan 410 260 43 7.00335e-06 0 4.95211e-06 2.101e-07 2.101e-07 2.101e-07 3.50167e-07 4.20201e-07 5.16146e-06
scan 410 260 44 0 0 0 0 0 0 0 0 0
scan 410 260 45 3.50167e-06 0 3.50167e-06 1.0505e-07 1.0505e-07 1.0505e-07 1.75084e-07 2.101e-07 2.58073e-06
scan 410 260 46 3.50167e-06 0 3.50167e-06 1.0505e-07 1.0505e-07 1.0505e-07 1.75084e-07 2.101e-07 2.58073e-06
scan 410 260 47 0 0 0 0 0 0 0 0 0
scan 410 260 48 0 0 0 0 0 0 0 0 0
scan 410 260 49 0 0 0 0 0 0 0 0 0
scan 410 260 50 0 0 0 0 0 0 0 0 0
scan 410 260 51 3.50167e-06 0 3.50167e-06 1.0505e-07 1.0505e-07 1.0505e-07 1.75084e-07 2.101e-07 2.58073e-06
scan 410 260 52 0 0 0 0 0 0 0 0 0
scan 410 260 53 0 0 0 0 0 0 0 0 0
scan 410 260 54 0 0 0 0 0 0 0 0 0
scan 410 260 55 0 0 0 0 0 0 0 0 0
scan 410 260 56 3.50167e-06 0 3.50167e-06 1.0505e-07 1.0505e-07 1.0505e-07 1.75084e-07 2.101e-07 2.58073e-06
scan 410 260 57 0 0 0 0 0 0 0 0 0
scan 410 260 58 3.50167e-06 0 3.50167e-06 1.0505e-07 1.0505e-07 1.0505e-07 1.75084e-07 2.101e-07 2.58073e-06
scan 410 260 59 0 0 0 0 0 0 0 0 0
scan 410 260 60 0 0 0 0 0 0 0 0 0
scan 410 260 61 0 0 0 0 0 0 0 0 0
scan 410 260 62 0 0 0 0 0 0 0 0 0
scan 410 260 63 0 0 0 0 0 0 0 0 0
scan 410 260 64 0 0 0 0 0 0 0 0 0
scan 410 260 65 0 0 0 0 0 0 0 0 0
scan 410 260 66 0 0 0 0 0 0 0 0 0
scan 410 260 67 0 0 0 0 0 0 0 0 0
scan 410 260 68 0 0 0 0 0 0 0 0 0
scan 410 260 69 0 0 0 0 0 0 0 0 0
scan 410 260 70 0 0 0 0 0 0 0 0 0
scan 410 260 71 0 0 0 0 0 0 0 0 0
scan 410 260 72 0 0 0 0 0 0 0 0 0
scan 410 260 73 0 0 0 0 0 0 0 0 0
scan 410 260 74 0 0 0 0 0 0 0 0 0
scan 410 260 75 0 0 0 0 0 0 0 0 0
scan 410 260 76 0 0 0 0 0 0 0 0 0
scan 410 260 77 0 0 0 0 0 0 0 0 0
scan 410 260 78 0 0 0 0 0 0 0 0 0
scan 410 260 79 0 0 0 0 0 0 0 0 0
scan 410 260 80 0 0 0 0 0 0 0 0 0
scan 410 260 81 0 0 0 0 0 0 0 0 0
scan 410 260 82 0 0 0 0 0 0 0 0 0
scan 410 260 83 0 0 0 0 0 0 0 0 0
scan 410 260 84 0 0 0 0 0 0 0 0 0
scan 410 260 85 0 0 0 0 0 0 0 0 0
scan 410 260 86 0 0 0 0 0 0 0 0 0
scan 410 260 87 0 0 0 0 0 0 0 0 0
scan 410 260 88 0 0 0 0 0 0 0 0 0
scan 410 260 89 0 0 0 0 0 0 0 0 0
scan 410 260 90 1.75084e-05 0 7.82998e-06 5.25251e-07 5.25251e-07 5.25251e-07 8.75418e-07 1.0505e-06 1.29037e-05
scan 410 260 91 2.101e-05 0 8.57731e-06 6.30301e-07 6.30301e-07 6.30301e-07 1.0505e-06 1.2606e-06 1.54844e-05
scan 410 260 92 3.50167e-06 0 3.50167e-06 1.0505e-07 1.0505e-07 1.0505e-07 1.75084e-07 2.101e-07 2.58073e-06
scan 410 260 93 0 0 0 0 0 0 0 0 0
scan 410 260 94 3.50167e-06 0 3.50167e-06 1.0505e-07 1.0505e-07 1.0505e-07 1.75084e-07 2.101e-07 2.58073e-06
scan 410 260 95 0 0 0 0 0 0 0 0 0
scan 410 260 96 1.0505e-05 0 6.06507e-06 3.15151e-07 3.15151e-07 3.15151e-07 5.25251e-07 6.30301e-07 7.74219e-06
scan 410 260 97 1.40067e-05 0 7.00335e-06 4.20201e-07 4.20201e-07 4.20201e-07 7.00335e-07 8.40401e-07 1.03229e-05
scan 410 260 98 3.50167e-06 0 3.50167e-06 1.0505e-07 1.0505e-07 1.0505e-07 1.75084e-07 2.101e-07 2.58073e-06
scan 410 260 99 3.50167e-06 0 3.50167e-06 1.0505e-07 1.0505e-07 1.0505e-07 1.75084e-07 2.101e-07 2.58073e-06
scan 410 260 100 0 0 0 0 0 0 0 0 0
scan 410 260 101 3.50167e-06 0 3.50167e-06 1.0505e-07 1.0505e-07 1.0505e-07 1.75084e-07 2.101e-07 2.58073e-06
scan 410 260 102 1.0505e-05 0 6.06507e-06 3.15151e-07 3.15151e-07 3.15151e-07 5.25251e-07 6.30301e-07 7.74219e-06
scan 410 260 103 3.50167e-06 0 3.50167e-06 1.0505e-07 1.0505e-07 1.0505e-07 1.75084e-07 2.101e-07 2.58073e-06
scan 410 260 104 0 0 0 0 0 0 0 0 0
scan 410 260 60 0 0 0 0 0 0 0 0 0
scan 410 260 61 0 0 0 0 0 0 0 0 0
scan 410 260 62 0 0 0 0 0 0 0 0 0
scan 410 260 63 0 0 0 0 0 0 0 0 0
scan 410 260 64 0 0 0 0 0 0 0 0 0
scan 410 260 65 0 0 0 0 0 0 0 0 0
scan 410 260 66 0 0 0 0 0 0 0 0 0
scan 410 260 67 0 0 0 0 0 0 0 0 0
scan 410 260 68 0 0 0 0 0 0 0 0 0
scan 410 260 69 0 0 0 0 0 0 0 0 0
scan 410 260 70 0 0 0 0 0 0 0 0 0
scan 410 260 71 0 0 0 0 0 0 0 0 0
scan 410 260 72 0 0 0 0 0 0 0 0 0
scan 410 260 73 0 0 0 0 0 0 0 0 0
scan 410 260 74 0 0 0 0 0 0 0 0 0
scan 410 260 120 0 0 0 0 0 0 0 0 0
scan 410 260 121 0 0 0 0 0 0 0 0 0
scan 410 260 122 0 0 0 0 0 0 0 0 0
scan 410 260 123 0 0 0 0 0 0 0 0 0
scan 410 260 124 0 0 0 0 0 0 0 0 0
scan 410 260 125 0 0 0 0 0 0 0 0 0
scan 410 260 126 0 0 0 0 0 0 0 0 0
scan 410 260 127 0 0 0 0 0 0 0 0 0
scan 410 260 128 0 0 0 0 0 0 0 0 0
scan 410 260 129 0 0 0 0 0 0 0 0 0
scan 410 260 130 0 0 0 0 0 0 0 0 0
scan 410 260 131 0 0 0 0 0 0 0 0 0
scan 410 260 132 0 0 0 0 0 0 0 0 0
scan 410 260 133 0 0 0 0 0 0 0 0 0
scan 410 260 134 0 0 0 0 0 0 0 0 0
scan 410 260 135 1.75084e-05 0 7.82998e-06 5.25251e-07 5.25251e-07 5.25251e-07 8.75418e-07 1.0505e-06 1.29037e-05
scan 410 260 136 1.40067e-05 0 7.00335e-06 4.20201e-07 4.20201e-07 4.20201e-07 7.00335e-07 8.40401e-07 1.03229e-05
scan 410 260 137 3.50167e-06 0 3.50167e-06 1.0505e-07 1.0505e-07 1.0505e-07 1.75084e-07 2.101e-07 2.58073e-06
scan 410 260 138 3.50167e-06 0 3.50167e-06 1.0505e-07 1.0505e-07 1.0505e-07 1.75084e-07 2.101e-07 2.58073e-06
scan 410 260 139 0 0 0 0 0 0 0 0 0
scan 410 260 140 0 0 0 0 0 0 0 0 0
scan 410 260 141 0 0 0 0 0 0 0 0 0
scan 410 260 142 0 0 0 0 0 0 0 0 0
scan 410 260 143 0 0 0 0 0 0 0 0 0
scan 410 260 144 0 0 0 0 0 0 0 0 0
scan 410 260 145 0 0 0 0 0 0 0 0 0
scan 410 260 146 0 0 0 0 0 0 0 0 0
scan 410 260 147 3.50167e-06 0 3.50167e-06 1.0505e-07 1.0505e-07 1.0505e-07 1.75084e-07 2.101e-07 2.58073e-06
scan 410 260 148 0 0 0 0 0 0 0 0 0
scan 410 260 149 0 0 0 0 0 0 0 0 0
scan 410 260 60 0 0 0 0 0 0 0 0 0
scan 410 260 61 0 0 0 0 0 0 0 0 0
scan 410 260 62 0 0 0 0 0 0 0 0 0
scan 410 260 63 0 0 0 0 0 0 0 0 0
scan 410 260 64 0 0 0 0 0 0 0 0 0
scan 410 260 65 0 0 0 0 0 0 0 0 0
scan 410 260 66 0 0 0 0 0 0 0 0 0
scan 410 260 67 0 0 0 0 0 0 0 0 0
scan 410 260 68 0 0 0 0 0 0 0 0 0
scan 410 260 69 0 0 0 0 0 0 0 0 0
scan 410 260 70 0 0 0 0 0 0 0 0 0
scan 410 260 71 0 0 0 0 0 0 0 0 0
scan 410 260 72 0 0 0 0 0 0 0 0 0
scan 410 260 73 0 0 0 0 0 0 0 0 0
scan 410 260 74 0 0 0 0 0 0 0 0 0
scan 410 260 165 0 0 0 0 0 0 0 0 0
scan 410 260 166 0 0 0 0 0 0 0 0 0
scan 410 260 167 0 0 0 0 0 0 0 0 0
scan 410 260 168 0 0 0 0 0 0 0 0 0
scan 410 260 169 0 0 0 0 0 0 0 0 0
scan 410 260 170 0 0 0 0 0 0 0 0 0
scan 410 260 171 0 0 0 0 0 0 0 0 0
scan 410 260 172 0 0 0 0 0 0 0 0 0
scan 410 260 173 0 0 0 0 0 0 0 0 0
scan 410 260 174 0 0 0 0 0 0 0 0 0
scan 410 260 175 0 0 0 0 0 0 0 0 0
scan 410 260 176 0 0 0 0 0 0 0 0 0
scan 410 260 177 0 0 0 0 0 0 0 0 0
scan 410 260 178 0 0 0 0 0 0 0 0 0
scan 410 260 179 0 0 0 0 0 0 0 0 0
