xsec 280 70 0.196518
scan 280 70 0 7.86073e-05 0 3.93036e-05 2.35822e-06 2.35822e-06 2.35822e-06 3.93036e-06 4.71644e-06 5.56106e-05
scan 280 70 1 7.86073e-05 0 3.93036e-05 2.35822e-06 2.35822e-06 2.35822e-06 3.93036e-06 4.71644e-06 5.56106e-05
scan 280 70 2 1.96518e-05 0 1.96518e-05 5.89555e-07 5.89555e-07 5.89555e-07 9.82591e-07 1.17911e-06 1.39027e-05
scan 280 70 3 1.96518e-05 0 1.96518e-05 5.89555e-07 5.89555e-07 5.89555e-07 9.82591e-07 1.17911e-06 1.39027e-05
scan 280 70 4 3.93036e-05 0 2.77919e-05 1.17911e-06 1.17911e-06 1.17911e-06 1.96518e-06 2.35822e-06 2.78053e-05
scan 280 70 5 0 0 0 0 0 0 0 0 0
scan 280 70 6 1.96518e-05 0 1.96518e-05 5.89555e-07 5.89555e-07 5.89555e-07 9.82591e-07 1.17911e-06 1.39027e-05
scan 280 70 7 3.93036e-05 0 2.77919e-05 1.17911e-06 1.17911e-06 1.17911e-06 1.96518e-06 2.35822e-06 2.78053e-05
scan 280 70 8 3.93036e-05 0 2.77919e-05 1.17911e-06 1.17911e-06 1.17911e-06 1.96518e-06 2.35822e-06 2.78053e-05
scan 280 70 9 1.96518e-05 0 1.96518e-05 5.89555e-07 5.89555e-07 5.89555e-07 9.82591e-07 1.17911e-06 1.39027e-05
scan 280 70 10 0 0 0 0 0 0 0 0 0
scan 280 70 11 3.93036e-05 0 2.77919e-05 1.17911e-06 1.17911e-06 1.17911e-06 1.96518e-06 2.35822e-06 2.78053e-05
scan 280 70 12 1.96518e-05 0 1.96518e-05 5.89555e-07 5.89555e-07 5.89555e-07 9.82591e-07 1.17911e-06 1.39027e-05
scan 280 70 13 9.82591e-05 0 4.39428e-05 2.94777e-06 2.94777e-06 2.94777e-06 4.91295e-06 5.89555e-06 6.95133e-05
scan 280 70 14 1.96518e-05 0 1.96518e-05 5.89555e-07 5.89555e-07 5.89555e-07 9.82591e-07 1.17911e-06 1.39027e-05
scan 280 70 15 0.00169006 0 0.000182243 5.07017e-05 5.07017e-05 5.07017e-05 8.45028e-05 0.000101403 0.00119563
scan 280 70 16 0.00286917 0 0.000237454 8.6075e-05 8.6075e-05 8.6075e-05 0.000143458 0.00017215 0.00202979
scan 280 70 17 0.00214205 0 0.000205171 6.42614e-05 6.42614e-05 6.42614e-05 0.000107102 0.000128523 0.00151539
scan 280 70 18 0.00123806 0 0.000155981 3.71419e-05 3.71419e-05 3.71419e-05 6.19032e-05 7.42839e-05 0.000875867
scan 280 70 19 0.000943287 0 0.000136152 2.82986e-05 2.82986e-05 2.82986e-05 4.71644e-05 5.65972e-05 0.000667327
scan 280 70 20 0.000176866 0 5.89555e-05 5.30599e-06 5.30599e-06 5.30599e-06 8.84332e-06 1.0612e-05 0.000125124
scan 280 70 21 0.000727117 0 0.000119537 2.18135e-05 2.18135e-05 2.18135e-05 3.63559e-05 4.3627e-05 0.000514398
scan 280 70 22 0.00086468 0 0.000130355 2.59404e-05 2.59404e-05 2.59404e-05 4.3234e-05 5.18808e-05 0.000611717
scan 280 70 23 0.000412688 0 9.00559e-05 1.23806e-05 1.23806e-05 1.23806e-05 2.06344e-05 2.47613e-05 0.000291956
scan 280 70 24 0.000451992 0 9.42468e-05 1.35598e-05 1.35598e-05 1.35598e-05 2.25996e-05 2.71195e-05 0.000319761
scan 280 70 25 3.93036e-05 0 2.77919e-05 1.17911e-06 1.17911e-06 1.17911e-06 1.96518e-06 2.35822e-06 2.78053e-05
scan 280 70 26 0.000609206 0 0.000109417 1.82762e-05 1.82762e-05 1.82762e-05 3.04603e-05 3.65524e-05 0.000430982
scan 280 70 27 0.00172936 0 0.00018435 5.18808e-05 5.18808e-05 5.18808e-05 8.6468e-05 0.000103762 0.00122343
scan 280 70 28 0.00172936 0 0.00018435 5.18808e-05 5.18808e-05 5.18808e-05 8.6468e-05 0.000103762 0.00122343
scan 280 70 29 0.00151319 0 0.000172444 4.53957e-05 4.53957e-05 4.53957e-05 7.56595e-05 9.07914e-05 0.0010705
scan 280 70 30 1.96518e-05 0 1.96518e-05 5.89555e-07 5.89555e-07 5.89555e-07 9.82591e-07 1.17911e-06 1.39027e-05
scan 280 70 31 3.93036e-05 0 2.77919e-05 1.17911e-06 1.17911e-06 1.17911e-06 1.96518e-06 2.35822e-06 2.78053e-05
scan 280 70 32 3.93036e-05 0 2.77919e-05 1.17911e-06 1.17911e-06 1.17911e-06 1.96518e-06 2.35822e-06 2.78053e-05
scan 280 70 33 3.93036e-05 0 2.77919e-05 1.17911e-06 1.17911e-06 1.17911e-06 1.96518e-06 2.35822e-06 2.78053e-05
scan 280 70 34 0 0 0 0 0 0 0 0 0
scan 280 70 35 0 0 0 0 0 0 0 0 0
scan 280 70 36 1.96518e-05 0 1.96518e-05 5.89555e-07 5.89555e-07 5.89555e-07 9.82591e-07 1.17911e-06 1.39027e-05
scan 280 70 37 0 0 0 0 0 0 0 0 0
scan 280 70 38 1.96518e-05 0 1.96518e-05 5.89555e-07 5.89555e-07 5.89555e-07 9.82591e-07 1.17911e-06 1.39027e-05
scan 280 70 39 0 0 0 0 0 0 0 0 0
scan 280 70 40 1.96518e-05 0 1.96518e-05 5.89555e-07 5.89555e-07 5.89555e-07 9.82591e-07 1.17911e-06 1.39027e-05
scan 280 70 41 1.96518e-05 0 1.96518e-05 5.89555e-07 5.89555e-07 5.89555e-07 9.82591e-07 1.17911e-06 1.39027e-05
scan 280 70 42 1.96518e-05 0 1.96518e-05 5.89555e-07 5.89555e-07 5.89555e-07 9.82591e-07 1.17911e-06 1.39027e-05
scan 280 70 43 7.86073e-05 0 3.93036e-05 2.35822e-06 2.35822e-06 2.35822e-06 3.93036e-06 4.71644e-06 5.56106e-05
scan 280 70 44 5.89555e-05 0 3.40379e-05 1.76866e-06 1.76866e-06 1.76866e-06 2.94777e-06 3.53733e-06 4.1708e-05
scan 280 70 45 0 0 0 0 0 0 0 0 0
scan 280 70 46 5.89555e-05 0 3.40379e-05 1.76866e-06 1.76866e-06 1.76866e-06 2.94777e-06 3.53733e-06 4.1708e-05
scan 280 70 47 0 0 0 0 0 0 0 0 0
scan 280 70 48 0 0 0 0 0 0 0 0 0
scan 280 70 49 0 0 0 0 0 0 0 0 0
scan 280 70 50 0 0 0 0 0 0 0 0 0
scan 280 70 51 0 0 0 0 0 0 0 0 0
scan 280 70 52 0 0 0 0 0 0 0 0 0
scan 280 70 53 0 0 0 0 0 0 0 0 0
scan 280 70 54 0 0 0 0 0 0 0 0 0
scan 280 70 55 0 0 0 0 0 0 0 0 0
scan 280 70 56 0 0 0 0 0 0 0 0 0
scan 280 70 57 0 0 0 0 0 0 0 0 0
scan 280 70 58 0 0 0 0 0 0 0 0 0
scan 280 70 59 0 0 0 0 0 0 0 0 0
scan 280 70 60 0 0 0 0 0 0 0 0 0
scan 280 70 61 0 0 0 0 0 0 0 0 0
scan 280 70 62 0 0 0 0 0 0 0 0 0
scan 280 70 63 0 0 0 0 0 0 0 0 0
scan 280 70 64 0 0 0 0 0 0 0 0 0
scan 280 70 65 0 0 0 0 0 0 0 0 0
scan 280 70 66 0 0 0 0 0 0 0 0 0
scan 280 70 67 0 0 0 0 0 0 0 0 0
scan 280 70 68 0 0 0 0 0 0 0 0 0
scan 280 70 69 0 0 0 0 0 0 0 0 0
scan 280 70 70 0 0 0 0 0 0 0 0 0
scan 280 70 71 0 0 0 0 0 0 0 0 0
scan 280 70 72 0 0 0 0 0 0 0 0 0
scan 280 70 73 0 0 0 0 0 0 0 0 0
scan 280 70 74 0 0 0 0 0 0 0 0 0
scan 280 70 75 1.96518e-05 0 1.96518e-05 5.89555e-07 5.89555e-07 5.89555e-07 9.82591e-07 1.17911e-06 1.39027e-05
scan 280 70 76 0 0 0 0 0 0 0 0 0
scan 280 70 77 0 0 0 0 0 0 0 0 0
scan 280 70 78 0 0 0 0 0 0 0 0 0
scan 280 70 79 0 0 0 0 0 0 0 0 0
scan 280 70 80 0 0 0 0 0 0 0 0 0
scan 280 70 81 0 0 0 0 0 0 0 0 0
scan 280 70 82 0 0 0 0 0 0 0 0 0
scan 280 70 83 0 0 0 0 0 0 0 0 0
scan 280 70 84 0 0 0 0 0 0 0 0 0
scan 280 70 85 0 0 0 0 0 0 0 0 0
scan 280 70 86 0 0 0 0 0 0 0 0 0
scan 280 70 87 1.96518e-05 0 1.96518e-05 5.89555e-07 5.89555e-07 5.89555e-07 9.82591e-07 1.17911e-06 1.39027e-05
scan 280 70 88 0 0 0 0 0 0 0 0 0
scan 280 70 89 0 0 0 0 0 0 0 0 0
scan 280 70 90 3.93036e-05 0 2.77919e-05 1.17911e-06 1.17911e-06 1.17911e-06 1.96518e-06 2.35822e-06 2.78053e-05
scan 280 70 91 3.93036e-05 0 2.77919e-05 1.17911e-06 1.17911e-06 1.17911e-06 1.96518e-06 2.35822e-06 2.78053e-05
scan 280 70 92 1.96518e-05 0 1.96518e-05 5.89555e-07 5.89555e-07 5.89555e-07 9.82591e-07 1.17911e-06 1.39027e-05
scan 280 70 93 0 0 0 0 0 0 0 0 0
scan 280 70 94 0 0 0 0 0 0 0 0 0
scan 280 70 95 0 0 0 0 0 0 0 0 0
scan 280 70 96 1.96518e-05 0 1.96518e-05 5.89555e-07 5.89555e-07 5.89555e-07 9.82591e-07 1.17911e-06 1.39027e-05
scan 280 70 97 5.89555e-05 0 3.40379e-05 1.76866e-06 1.76866e-06 1.76866e-06 2.94777e-06 3.53733e-06 4.1708e-05
scan 280 70 98 0 0 0 0 0 0 0 0 0
scan 280 70 99 1.96518e-05 0 1.96518e-05 5.89555e-07 5.89555e-07 5.89555e-07 9.82591e-07 1.17911e-06 1.39027e-05
scan 280 70 100 0 0 0 0 0 0 0 0 0
scan 280 70 101 1.96518e-05 0 1.96518e-05 5.89555e-07 5.89555e-07 5.89555e-07 9.82591e-07 1.17911e-06 1.39027e-05
scan 280 70 102 0 0 0 0 0 0 0 0 0
scan 280 70 103 1.96518e-05 0 1.96518e-05 5.89555e-07 5.89555e-07 5.89555e-07 9.82591e-07 1.17911e-06 1.39027e-05
scan 280 70 104 0 0 0 0 0 0 0 0 0
scan 280 70 60 0 0 0 0 0 0 0 0 0
scan 280 70 61 0 0 0 0 0 0 0 0 0
scan 280 70 62 0 0 0 0 0 0 0 0 0
scan 280 70 63 0 0 0 0 0 0 0 0 0
scan 280 70 64 0 0 0 0 0 0 0 0 0
scan 280 70 65 0 0 0 0 0 0 0 0 0
scan 280 70 66 0 0 0 0 0 0 0 0 0
scan 280 70 67 0 0 0 0 0 0 0 0 0
scan 280 70 68 0 0 0 0 0 0 0 0 0
scan 280 70 69 0 0 0 0 0 0 0 0 0
scan 280 70 70 0 0 0 0 0 0 0 0 0
scan 280 70 71 0 0 0 0 0 0 0 0 0
scan 280 70 72 0 0 0 0 0 0 0 0 0
scan 280 70 73 0 0 0 0 0 0 0 0 0
scan 280 70 74 0 0 0 0 0 0 0 0 0
scan 280 70 120 0 0 0 0 0 0 0 0 0
scan 280 70 121 1.96518e-05 0 1.96518e-05 5.89555e-07 5.89555e-07 5.89555e-07 9.82591e-07 1.17911e-06 1.39027e-05
scan 280 70 122 0 0 0 0 0 0 0 0 0
scan 280 70 123 0 0 0 0 0 0 0 0 0
scan 280 70 124 0 0 0 0 0 0 0 0 0
scan 280 70 125 0 0 0 0 0 0 0 0 0
scan 280 70 126 0 0 0 0 0 0 0 0 0
scan 280 70 127 0 0 0 0 0 0 0 0 0
scan 280 70 128 0 0 0 0 0 0 0 0 0
scan 280 70 129 0 0 0 0 0 0 0 0 0
scan 280 70 130 0 0 0 0 0 0 0 0 0
scan 280 70 131 0 0 0 0 0 0 0 0 0
scan 280 70 132 0 0 0 0 0 0 0 0 0
scan 280 70 133 1.96518e-05 0 1.96518e-05 5.89555e-07 5.89555e-07 5.89555e-07 9.82591e-07 1.17911e-06 1.39027e-05
scan 280 70 134 0 0 0 0 0 0 0 0 0
scan 280 70 135 1.96518e-05 0 1.96518e-05 5.89555e-07 5.89555e-07 5.89555e-07 9.82591e-07 1.17911e-06 1.39027e-05
scan 280 70 136 1.96518e-05 0 1.96518e-05 5.89555e-07 5.89555e-07 5.89555e-07 9.82591e-07 1.17911e-06 1.39027e-05
scan 280 70 137 3.93036e-05 0 2.77919e-05 1.17911e-06 1.17911e-06 1.17911e-06 1.96518e-06 2.35822e-06 2.78053e-05
scan 280 70 138 0 0 0 0 0 0 0 0 0
scan 280 70 139 0 0 0 0 0 0 0 0 0
scan 280 70 140 0 0 0 0 0 0 0 0 0
scan 280 70 141 0 0 0 0 0 0 0 0 0
scan 280 70 142 1.96518e-05 0 1.96518e-05 5.89555e-07 5.89555e-07 5.89555e-07 9.82591e-07 1.17911e-06 1.39027e-05
scan 280 70 143 1.96518e-05 0 1.96518e-05 5.89555e-07 5.89555e-07 5.89555e-07 9.82591e-07 1.17911e-06 1.39027e-05
scan 280 70 144 0 0 0 0 0 0 0 0 0
scan 280 70 145 0 0 0 0 0 0 0 0 0
scan 280 70 146 1.96518e-05 0 1.96518e-05 5.89555e-07 5.89555e-07 5.89555e-07 9.82591e-07 1.17911e-06 1.39027e-05
scan 280 70 147 1.96518e-05 0 1.96518e-05 5.89555e-07 5.89555e-07 5.89555e-07 9.82591e-07 1.17911e-06 1.39027e-05
scan 280 70 148 0 0 0 0 0 0 0 0 0
scan 280 70 149 0 0 0 0 0 0 0 0 0
scan 280 70 60 0 0 0 0 0 0 0 0 0
scan 280 70 61 0 0 0 0 0 0 0 0 0
scan 280 70 62 0 0 0 0 0 0 0 0 0
scan 280 70 63 0 0 0 0 0 0 0 0 0
scan 280 70 64 0 0 0 0 0 0 0 0 0
scan 280 70 65 0 0 0 0 0 0 0 0 0
scan 280 70 66 0 0 0 0 0 0 0 0 0
scan 280 70 67 0 0 0 0 0 0 0 0 0
scan 280 70 68 0 0 0 0 0 0 0 0 0
scan 280 70 69 0 0 0 0 0 0 0 0 0
scan 280 70 70 0 0 0 0 0 0 0 0 0
scan 280 70 71 0 0 0 0 0 0 0 0 0
scan 280 70 72 0 0 0 0 0 0 0 0 0
scan 280 70 73 0 0 0 0 0 0 0 0 0
scan 280 70 74 0 0 0 0 0 0 0 0 0
scan 280 70 165 0 0 0 0 0 0 0 0 0
scan 280 70 166 0 0 0 0 0 0 0 0 0
scan 280 70 167 0 0 0 0 0 0 0 0 0
scan 280 70 168 0 0 0 0 0 0 0 0 0
scan 280 70 169 0 0 0 0 0 0 0 0 0
scan 280 70 170 0 0 0 0 0 0 0 0 0
scan 280 70 171 0 0 0 0 0 0 0 0 0
scan 280 70 172 0 0 0 0 0 0 0 0 0
scan 280 70 173 0 0 0 0 0 0 0 0 0
scan 280 70 174 0 0 0 0 0 0 0 0 0
scan 280 70 175 0 0 0 0 0 0 0 0 0
scan 280 70 176 0 0 0 0 0 0 0 0 0
scan 280 70 177 1.96518e-05 0 1.96518e-05 5.89555e-07 5.89555e-07 5.89555e-07 9.82591e-07 1.17911e-06 1.39027e-05
scan 280 70 178 1.96518e-05 0 1.96518e-05 5.89555e-07 5.89555e-07 5.89555e-07 9.82591e-07 1.17911e-06 1.39027e-05
scan 280 70 179 0 0 0 0 0 0 0 0 0
