xsec 200 70 0.785232
scan 200 70 0 0.000628186 0 0.000222097 1.88456e-05 1.88456e-05 1.88456e-05 3.14093e-05 3.76912e-05 0.00042812
scan 200 70 1 0.00125637 0 0.000314093 3.76912e-05 3.76912e-05 3.76912e-05 6.28186e-05 7.53823e-05 0.000856239
scan 200 70 2 0.000157046 0 0.000111049 4.71139e-06 4.71139e-06 4.71139e-06 7.85232e-06 9.42279e-06 0.00010703
scan 200 70 3 7.85232e-05 0 7.85232e-05 2.3557e-06 2.3557e-06 2.3557e-06 3.92616e-06 4.71139e-06 5.3515e-05
scan 200 70 4 7.85232e-05 0 7.85232e-05 2.3557e-06 2.3557e-06 2.3557e-06 3.92616e-06 4.71139e-06 5.3515e-05
scan 200 70 5 0 0 0 0 0 0 0 0 0
scan 200 70 6 7.85232e-05 0 7.85232e-05 2.3557e-06 2.3557e-06 2.3557e-06 3.92616e-06 4.71139e-06 5.3515e-05
scan 200 70 7 0.000157046 0 0.000111049 4.71139e-06 4.71139e-06 4.71139e-06 7.85232e-06 9.42279e-06 0.00010703
scan 200 70 8 7.85232e-05 0 7.85232e-05 2.3557e-06 2.3557e-06 2.3557e-06 3.92616e-06 4.71139e-06 5.3515e-05
scan 200 70 9 0 0 0 0 0 0 0 0 0
scan 200 70 10 0 0 0 0 0 0 0 0 0
scan 200 70 11 0.000157046 0 0.000111049 4.71139e-06 4.71139e-06 4.71139e-06 7.85232e-06 9.42279e-06 0.00010703
scan 200 70 12 7.85232e-05 0 7.85232e-05 2.3557e-06 2.3557e-06 2.3557e-06 3.92616e-06 4.71139e-06 5.3515e-05
scan 200 70 13 0 0 0 0 0 0 0 0 0
scan 200 70 14 0 0 0 0 0 0 0 0 0
scan 200 70 15 0.0140557 0 0.00105057 0.00042167 0.00042167 0.00042167 0.000702783 0.000843339 0.00957918
scan 200 70 16 0.0185315 0 0.0012063 0.000555944 0.000555944 0.000555944 0.000926574 0.00111189 0.0126295
scan 200 70 17 0.00745971 0 0.00076535 0.000223791 0.000223791 0.000223791 0.000372985 0.000447582 0.00508392
scan 200 70 18 0.00164899 0 0.000359839 4.94696e-05 4.94696e-05 4.94696e-05 8.24494e-05 9.89393e-05 0.00112381
scan 200 70 19 0.00172751 0 0.000368307 5.18253e-05 5.18253e-05 5.18253e-05 8.63756e-05 0.000103651 0.00117733
scan 200 70 20 0.000471139 0 0.000192342 1.41342e-05 1.41342e-05 1.41342e-05 2.3557e-05 2.82684e-05 0.00032109
scan 200 70 21 0.0033765 0 0.000514911 0.000101295 0.000101295 0.000101295 0.000168825 0.00020259 0.00230114
scan 200 70 22 0.00345502 0 0.000520864 0.000103651 0.000103651 0.000103651 0.000172751 0.000207301 0.00235466
scan 200 70 23 0.000549663 0 0.000207753 1.64899e-05 1.64899e-05 1.64899e-05 2.74831e-05 3.29798e-05 0.000374605
scan 200 70 24 0.000314093 0 0.000157046 9.42279e-06 9.42279e-06 9.42279e-06 1.57046e-05 1.88456e-05 0.00021406
scan 200 70 25 0 0 0 0 0 0 0 0 0
scan 200 70 26 0.00282684 0 0.000471139 8.48051e-05 8.48051e-05 8.48051e-05 0.000141342 0.00016961 0.00192654
scan 200 70 27 0.00282684 0 0.000471139 8.48051e-05 8.48051e-05 8.48051e-05 0.000141342 0.00016961 0.00192654
scan 200 70 28 0.000314093 0 0.000157046 9.42279e-06 9.42279e-06 9.42279e-06 1.57046e-05 1.88456e-05 0.00021406
scan 200 70 29 0.00023557 0 0.000136006 7.06709e-06 7.06709e-06 7.06709e-06 1.17785e-05 1.41342e-05 0.000160545
scan 200 70 30 0.00023557 0 0.000136006 7.06709e-06 7.06709e-06 7.06709e-06 1.17785e-05 1.41342e-05 0.000160545
scan 200 70 31 7.85232e-05 0 7.85232e-05 2.3557e-06 2.3557e-06 2.3557e-06 3.92616e-06 4.71139e-06 5.3515e-05
scan 200 70 32 7.85232e-05 0 7.85232e-05 2.3557e-06 2.3557e-06 2.3557e-06 3.92616e-06 4.71139e-06 5.3515e-05
scan 200 70 33 0 0 0 0 0 0 0 0 0
scan 200 70 34 7.85232e-05 0 7.85232e-05 2.3557e-06 2.3557e-06 2.3557e-06 3.92616e-06 4.71139e-06 5.3515e-05
scan 200 70 35 0 0 0 0 0 0 0 0 0
scan 200 70 36 7.85232e-05 0 7.85232e-05 2.3557e-06 2.3557e-06 2.3557e-06 3.92616e-06 4.71139e-06 5.3515e-05
scan 200 70 37 0 0 0 0 0 0 0 0 0
scan 200 70 38 0 0 0 0 0 0 0 0 0
scan 200 70 39 0 0 0 0 0 0 0 0 0
scan 200 70 40 0 0 0 0 0 0 0 0 0
scan 200 70 41 0 0 0 0 0 0 0 0 0
scan 200 70 42 0.000157046 0 0.000111049 4.71139e-06 4.71139e-06 4.71139e-06 7.85232e-06 9.42279e-06 0.00010703
scan 200 70 43 0 0 0 0 0 0 0 0 0
scan 200 70 44 0 0 0 0 0 0 0 0 0
scan 200 70 45 0.000314093 0 0.000157046 9.42279e-06 9.42279e-06 9.42279e-06 1.57046e-05 1.88456e-05 0.00021406
scan 200 70 46 7.85232e-05 0 7.85232e-05 2.3557e-06 2.3557e-06 2.3557e-06 3.92616e-06 4.71139e-06 5.3515e-05
scan 200 70 47 0 0 0 0 0 0 0 0 0
scan 200 70 48 0 0 0 0 0 0 0 0 0
scan 200 70 49 0 0 0 0 0 0 0 0 0
scan 200 70 50 0 0 0 0 0 0 0 0 0
scan 200 70 51 0 0 0 0 0 0 0 0 0
scan 200 70 52 0 0 0 0 0 0 0 0 0
scan 200 70 53 0 0 0 0 0 0 0 0 0
scan 200 70 54 0 0 0 0 0 0 0 0 0
scan 200 70 55 0 0 0 0 0 0 0 0 0
scan 200 70 56 0 0 0 0 0 0 0 0 0
scan 200 70 57 7.85232e-05 0 7.85232e-05 2.3557e-06 2.3557e-06 2.3557e-06 3.92616e-06 4.71139e-06 5.3515e-05
scan 200 70 58 0 0 0 0 0 0 0 0 0
scan 200 70 59 0 0 0 0 0 0 0 0 0
scan 200 70 60 0 0 0 0 0 0 0 0 0
scan 200 70 61 0 0 0 0 0 0 0 0 0
scan 200 70 62 0 0 0 0 0 0 0 0 0
scan 200 70 63 0 0 0 0 0 0 0 0 0
scan 200 70 64 0 0 0 0 0 0 0 0 0
scan 200 70 65 0 0 0 0 0 0 0 0 0
scan 200 70 66 0 0 0 0 0 0 0 0 0
scan 200 70 67 0 0 0 0 0 0 0 0 0
scan 200 70 68 0 0 0 0 0 0 0 0 0
scan 200 70 69 0 0 0 0 0 0 0 0 0
scan 200 70 70 0 0 0 0 0 0 0 0 0
scan 200 70 71 0 0 0 0 0 0 0 0 0
scan 200 70 72 0 0 0 0 0 0 0 0 0
scan 200 70 73 0 0 0 0 0 0 0 0 0
scan 200 70 74 0 0 0 0 0 0 0 0 0
scan 200 70 75 0 0 0 0 0 0 0 0 0
scan 200 70 76 0 0 0 0 0 0 0 0 0
scan 200 70 77 0 0 0 0 0 0 0 0 0
scan 200 70 78 0 0 0 0 0 0 0 0 0
scan 200 70 79 0 0 0 0 0 0 0 0 0
scan 200 70 80 0 0 0 0 0 0 0 0 0
scan 200 70 81 0 0 0 0 0 0 0 0 0
scan 200 70 82 0 0 0 0 0 0 0 0 0
scan 200 70 83 0 0 0 0 0 0 0 0 0
scan 200 70 84 0 0 0 0 0 0 0 0 0
scan 200 70 85 0 0 0 0 0 0 0 0 0
scan 200 70 86 0 0 0 0 0 0 0 0 0
scan 200 70 87 0 0 0 0 0 0 0 0 0
scan 200 70 88 0 0 0 0 0 0 0 0 0
scan 200 70 89 0 0 0 0 0 0 0 0 0
scan 200 70 90 0.000392616 0 0.000175583 1.17785e-05 1.17785e-05 1.17785e-05 1.96308e-05 2.3557e-05 0.000267575
scan 200 70 91 0.000392616 0 0.000175583 1.17785e-05 1.17785e-05 1.17785e-05 1.96308e-05 2.3557e-05 0.000267575
scan 200 70 92 7.85232e-05 0 7.85232e-05 2.3557e-06 2.3557e-06 2.3557e-06 3.92616e-06 4.71139e-06 5.3515e-05
scan 200 70 93 0 0 0 0 0 0 0 0 0
scan 200 70 94 0 0 0 0 0 0 0 0 0
scan 200 70 95 0 0 0 0 0 0 0 0 0
scan 200 70 96 0.000157046 0 0.000111049 4.71139e-06 4.71139e-06 4.71139e-06 7.85232e-06 9.42279e-06 0.00010703
scan 200 70 97 0 0 0 0 0 0 0 0 0
scan 200 70 98 0 0 0 0 0 0 0 0 0
scan 200 70 99 0 0 0 0 0 0 0 0 0
scan 200 70 100 7.85232e-05 0 7.85232e-05 2.3557e-06 2.3557e-06 2.3557e-06 3.92616e-06 4.71139e-06 5.3515e-05
scan 200 70 101 0 0 0 0 0 0 0 0 0
scan 200 70 102 0 0 0 0 0 0 0 0 0
scan 200 70 103 7.85232e-05 0 7.85232e-05 2.3557e-06 2.3557e-06 2.3557e-06 3.92616e-06 4.71139e-06 5.3515e-05
scan 200 70 104 0 0 0 0 0 0 0 0 0
scan 200 70 60 0 0 0 0 0 0 0 0 0
scan 200 70 61 0 0 0 0 0 0 0 0 0
scan 200 70 62 0 0 0 0 0 0 0 0 0
scan 200 70 63 0 0 0 0 0 0 0 0 0
scan 200 70 64 0 0 0 0 0 0 0 0 0
scan 200 70 65 0 0 0 0 0 0 0 0 0
scan 200 70 66 0 0 0 0 0 0 0 0 0
scan 200 70 67 0 0 0 0 0 0 0 0 0
scan 200 70 68 0 0 0 0 0 0 0 0 0
scan 200 70 69 0 0 0 0 0 0 0 0 0
scan 200 70 70 0 0 0 0 0 0 0 0 0
scan 200 70 71 0 0 0 0 0 0 0 0 0
scan 200 70 72 0 0 0 0 0 0 0 0 0
scan 200 70 73 0 0 0 0 0 0 0 0 0
scan 200 70 74 0 0 0 0 0 0 0 0 0
scan 200 70 120 0 0 0 0 0 0 0 0 0
scan 200 70 121 7.85232e-05 0 7.85232e-05 2.3557e-06 2.3557e-06 2.3557e-06 3.92616e-06 4.71139e-06 5.3515e-05
scan 200 70 122 0 0 0 0 0 0 0 0 0
scan 200 70 123 0 0 0 0 0 0 0 0 0
scan 200 70 124 0 0 0 0 0 0 0 0 0
scan 200 70 125 0 0 0 0 0 0 0 0 0
scan 200 70 126 7.85232e-05 0 7.85232e-05 2.3557e-06 2.3557e-06 2.3557e-06 3.92616e-06 4.71139e-06 5.3515e-05
scan 200 70 127 0 0 0 0 0 0 0 0 0
scan 200 70 128 0 0 0 0 0 0 0 0 0
scan 200 70 129 0 0 0 0 0 0 0 0 0
scan 200 70 130 0 0 0 0 0 0 0 0 0
scan 200 70 131 0 0 0 0 0 0 0 0 0
scan 200 70 132 0 0 0 0 0 0 0 0 0
scan 200 70 133 0 0 0 0 0 0 0 0 0
scan 200 70 134 0 0 0 0 0 0 0 0 0
scan 200 70 135 0.00023557 0 0.000136006 7.06709e-06 7.06709e-06 7.06709e-06 1.17785e-05 1.41342e-05 0.000160545
scan 200 70 136 0.00023557 0 0.000136006 7.06709e-06 7.06709e-06 7.06709e-06 1.17785e-05 1.41342e-05 0.000160545
scan 200 70 137 0 0 0 0 0 0 0 0 0
scan 200 70 138 0 0 0 0 0 0 0 0 0
scan 200 70 139 0 0 0 0 0 0 0 0 0
scan 200 70 140 0 0 0 0 0 0 0 0 0
scan 200 70 141 7.85232e-05 0 7.85232e-05 2.3557e-06 2.3557e-06 2.3557e-06 3.92616e-06 4.71139e-06 5.3515e-05
scan 200 70 142 0 0 0 0 0 0 0 0 0
scan 200 70 143 0 0 0 0 0 0 0 0 0
scan 200 70 144 0 0 0 0 0 0 0 0 0
scan 200 70 145 0 0 0 0 0 0 0 0 0
scan 200 70 146 0 0 0 0 0 0 0 0 0
scan 200 70 147 0.000157046 0 0.000111049 4.71139e-06 4.71139e-06 4.71139e-06 7.85232e-06 9.42279e-06 0.00010703
scan 200 70 148 0 0 0 0 0 0 0 0 0
scan 200 70 149 0 0 0 0 0 0 0 0 0
scan 200 70 60 0 0 0 0 0 0 0 0 0
scan 200 70 61 0 0 0 0 0 0 0 0 0
scan 200 70 62 0 0 0 0 0 0 0 0 0
scan 200 70 63 0 0 0 0 0 0 0 0 0
scan 200 70 64 0 0 0 0 0 0 0 0 0
scan 200 70 65 0 0 0 0 0 0 0 0 0
scan 200 70 66 0 0 0 0 0 0 0 0 0
scan 200 70 67 0 0 0 0 0 0 0 0 0
scan 200 70 68 0 0 0 0 0 0 0 0 0
scan 200 70 69 0 0 0 0 0 0 0 0 0
scan 200 70 70 0 0 0 0 0 0 0 0 0
scan 200 70 71 0 0 0 0 0 0 0 0 0
scan 200 70 72 0 0 0 0 0 0 0 0 0
scan 200 70 73 0 0 0 0 0 0 0 0 0
scan 200 70 74 0 0 0 0 0 0 0 0 0
scan 200 70 165 0 0 0 0 0 0 0 0 0
scan 200 70 166 0 0 0 0 0 0 0 0 0
scan 200 70 167 0 0 0 0 0 0 0 0 0
scan 200 70 168 0 0 0 0 0 0 0 0 0
scan 200 70 169 0 0 0 0 0 0 0 0 0
scan 200 70 170 0 0 0 0 0 0 0 0 0
scan 200 70 171 0 0 0 0 0 0 0 0 0
scan 200 70 172 7.85232e-05 0 7.85232e-05 2.3557e-06 2.3557e-06 2.3557e-06 3.92616e-06 4.71139e-06 5.3515e-05
scan 200 70 173 0 0 0 0 0 0 0 0 0
scan 200 70 174 0 0 0 0 0 0 0 0 0
scan 200 70 175 0 0 0 0 0 0 0 0 0
scan 200 70 176 0 0 0 0 0 0 0 0 0
scan 200 70 177 0 0 0 0 0 0 0 0 0
scan 200 70 178 0 0 0 0 0 0 0 0 0
scan 200 70 179 0 0 0 0 0 0 0 0 0
