xsec 330 100 0.0956128
scan 330 100 0 3.82528e-05 0 1.91264e-05 1.14758e-06 1.14758e-06 1.14758e-06 1.91264e-06 2.29517e-06 2.75308e-05
scan 330 100 1 4.7816e-05 0 2.1384e-05 1.43448e-06 1.43448e-06 1.43448e-06 2.3908e-06 2.86896e-06 3.44135e-05
scan 330 100 2 3.82528e-05 0 1.91264e-05 1.14758e-06 1.14758e-06 1.14758e-06 1.91264e-06 2.29517e-06 2.75308e-05
scan 330 100 3 9.5632e-06 0 9.5632e-06 2.86896e-07 2.86896e-07 2.86896e-07 4.7816e-07 5.73792e-07 6.88271e-06
scan 330 100 4 9.5632e-06 0 9.5632e-06 2.86896e-07 2.86896e-07 2.86896e-07 4.7816e-07 5.73792e-07 6.88271e-06
scan 330 100 5 0 0 0 0 0 0 0 0 0
scan 330 100 6 0 0 0 0 0 0 0 0 0
scan 330 100 7 9.5632e-06 0 9.5632e-06 2.86896e-07 2.86896e-07 2.86896e-07 4.7816e-07 5.73792e-07 6.88271e-06
scan 330 100 8 0 0 0 0 0 0 0 0 0
scan 330 100 9 1.91264e-05 0 1.35244e-05 5.73792e-07 5.73792e-07 5.73792e-07 9.5632e-07 1.14758e-06 1.37654e-05
scan 330 100 10 0 0 0 0 0 0 0 0 0
scan 330 100 11 0 0 0 0 0 0 0 0 0
scan 330 100 12 2.86896e-05 0 1.65639e-05 8.60688e-07 8.60688e-07 8.60688e-07 1.43448e-06 1.72138e-06 2.06481e-05
scan 330 100 13 4.7816e-05 0 2.1384e-05 1.43448e-06 1.43448e-06 1.43448e-06 2.3908e-06 2.86896e-06 3.44135e-05
scan 330 100 14 3.82528e-05 0 1.91264e-05 1.14758e-06 1.14758e-06 1.14758e-06 1.91264e-06 2.29517e-06 2.75308e-05
scan 330 100 15 0.000497286 0 6.89612e-05 1.49186e-05 1.49186e-05 1.49186e-05 2.48643e-05 2.98372e-05 0.000357901
scan 330 100 16 0.00107108 0 0.000101207 3.21323e-05 3.21323e-05 3.21323e-05 5.35539e-05 6.42647e-05 0.000770863
scan 330 100 17 0.000937193 0 9.46708e-05 2.81158e-05 2.81158e-05 2.81158e-05 4.68597e-05 5.62316e-05 0.000674506
scan 330 100 18 0.000545102 0 7.22006e-05 1.63531e-05 1.63531e-05 1.63531e-05 2.72551e-05 3.27061e-05 0.000392314
scan 330 100 19 0.000621608 0 7.7101e-05 1.86482e-05 1.86482e-05 1.86482e-05 3.10804e-05 3.72965e-05 0.000447376
scan 330 100 20 3.82528e-05 0 1.91264e-05 1.14758e-06 1.14758e-06 1.14758e-06 1.91264e-06 2.29517e-06 2.75308e-05
scan 330 100 21 0.000296459 0 5.32456e-05 8.89377e-06 8.89377e-06 8.89377e-06 1.4823e-05 1.77875e-05 0.000213364
scan 330 100 22 0.000296459 0 5.32456e-05 8.89377e-06 8.89377e-06 8.89377e-06 1.4823e-05 1.77875e-05 0.000213364
scan 330 100 23 0.000229517 0 4.68499e-05 6.8855e-06 6.8855e-06 6.8855e-06 1.14758e-05 1.3771e-05 0.000165185
scan 330 100 24 0.00021039 0 4.48554e-05 6.31171e-06 6.31171e-06 6.31171e-06 1.05195e-05 1.26234e-05 0.00015142
scan 330 100 25 3.82528e-05 0 1.91264e-05 1.14758e-06 1.14758e-06 1.14758e-06 1.91264e-06 2.29517e-06 2.75308e-05
scan 330 100 26 0.000296459 0 5.32456e-05 8.89377e-06 8.89377e-06 8.89377e-06 1.4823e-05 1.77875e-05 0.000213364
scan 330 100 27 0.000640734 0 7.82781e-05 1.9222e-05 1.9222e-05 1.9222e-05 3.20367e-05 3.84441e-05 0.000461142
scan 330 100 28 0.000831998 0 8.91996e-05 2.49599e-05 2.49599e-05 2.49599e-05 4.15999e-05 4.99199e-05 0.000598796
scan 330 100 29 0.000994572 0 9.75259e-05 2.98372e-05 2.98372e-05 2.98372e-05 4.97286e-05 5.96743e-05 0.000715802
scan 330 100 30 1.91264e-05 0 1.35244e-05 5.73792e-07 5.73792e-07 5.73792e-07 9.5632e-07 1.14758e-06 1.37654e-05
scan 330 100 31 2.86896e-05 0 1.65639e-05 8.60688e-07 8.60688e-07 8.60688e-07 1.43448e-06 1.72138e-06 2.06481e-05
scan 330 100 32 1.91264e-05 0 1.35244e-05 5.73792e-07 5.73792e-07 5.73792e-07 9.5632e-07 1.14758e-06 1.37654e-05
scan 330 100 33 0 0 0 0 0 0 0 0 0
scan 330 100 34 1.91264e-05 0 1.35244e-05 5.73792e-07 5.73792e-07 5.73792e-07 9.5632e-07 1.14758e-06 1.37654e-05
scan 330 100 35 9.5632e-06 0 9.5632e-06 2.86896e-07 2.86896e-07 2.86896e-07 4.7816e-07 5.73792e-07 6.88271e-06
scan 330 100 36 9.5632e-06 0 9.5632e-06 2.86896e-07 2.86896e-07 2.86896e-07 4.7816e-07 5.73792e-07 6.88271e-06
scan 330 100 37 0 0 0 0 0 0 0 0 0
scan 330 100 38 0 0 0 0 0 0 0 0 0
scan 330 100 39 0 0 0 0 0 0 0 0 0
scan 330 100 40 0 0 0 0 0 0 0 0 0
scan 330 100 41 9.5632e-06 0 9.5632e-06 2.86896e-07 2.86896e-07 2.86896e-07 4.7816e-07 5.73792e-07 6.88271e-06
scan 330 100 42 3.82528e-05 0 1.91264e-05 1.14758e-06 1.14758e-06 1.14758e-06 1.91264e-06 2.29517e-06 2.75308e-05
scan 330 100 43 2.86896e-05 0 1.65639e-05 8.60688e-07 8.60688e-07 8.60688e-07 1.43448e-06 1.72138e-06 2.06481e-05
scan 330 100 44 2.86896e-05 0 1.65639e-05 8.60688e-07 8.60688e-07 8.60688e-07 1.43448e-06 1.72138e-06 2.06481e-05
scan 330 100 45 9.5632e-06 0 9.5632e-06 2.86896e-07 2.86896e-07 2.86896e-07 4.7816e-07 5.73792e-07 6.88271e-06
scan 330 100 46 9.5632e-06 0 9.5632e-06 2.86896e-07 2.86896e-07 2.86896e-07 4.7816e-07 5.73792e-07 6.88271e-06
scan 330 100 47 9.5632e-06 0 9.5632e-06 2.86896e-07 2.86896e-07 2.86896e-07 4.7816e-07 5.73792e-07 6.88271e-06
scan 330 100 48 0 0 0 0 0 0 0 0 0
scan 330 100 49 9.5632e-06 0 9.5632e-06 2.86896e-07 2.86896e-07 2.86896e-07 4.7816e-07 5.73792e-07 6.88271e-06
scan 330 100 50 0 0 0 0 0 0 0 0 0
scan 330 100 51 0 0 0 0 0 0 0 0 0
scan 330 100 52 0 0 0 0 0 0 0 0 0
scan 330 100 53 0 0 0 0 0 0 0 0 0
scan 330 100 54 0 0 0 0 0 0 0 0 0
scan 330 100 55 0 0 0 0 0 0 0 0 0
scan 330 100 56 0 0 0 0 0 0 0 0 0
scan 330 100 57 9.5632e-06 0 9.5632e-06 2.86896e-07 2.86896e-07 2.86896e-07 4.7816e-07 5.73792e-07 6.88271e-06
scan 330 100 58 0 0 0 0 0 0 0 0 0
scan 330 100 59 0 0 0 0 0 0 0 0 0
scan 330 100 60 0 0 0 0 0 0 0 0 0
scan 330 100 61 0 0 0 0 0 0 0 0 0
scan 330 100 62 0 0 0 0 0 0 0 0 0
scan 330 100 63 0 0 0 0 0 0 0 0 0
scan 330 100 64 0 0 0 0 0 0 0 0 0
scan 330 100 65 0 0 0 0 0 0 0 0 0
scan 330 100 66 0 0 0 0 0 0 0 0 0
scan 330 100 67 0 0 0 0 0 0 0 0 0
scan 330 100 68 0 0 0 0 0 0 0 0 0
scan 330 100 69 0 0 0 0 0 0 0 0 0
scan 330 100 70 0 0 0 0 0 0 0 0 0
scan 330 100 71 0 0 0 0 0 0 0 0 0
scan 330 100 72 0 0 0 0 0 0 0 0 0
scan 330 100 73 0 0 0 0 0 0 0 0 0
scan 330 100 74 0 0 0 0 0 0 0 0 0
scan 330 100 75 0 0 0 0 0 0 0 0 0
scan 330 100 76 0 0 0 0 0 0 0 0 0
scan 330 100 77 0 0 0 0 0 0 0 0 0
scan 330 100 78 0 0 0 0 0 0 0 0 0
scan 330 100 79 0 0 0 0 0 0 0 0 0
scan 330 100 80 0 0 0 0 0 0 0 0 0
scan 330 100 81 0 0 0 0 0 0 0 0 0
scan 330 100 82 0 0 0 0 0 0 0 0 0
scan 330 100 83 0 0 0 0 0 0 0 0 0
scan 330 100 84 0 0 0 0 0 0 0 0 0
scan 330 100 85 0 0 0 0 0 0 0 0 0
scan 330 100 86 0 0 0 0 0 0 0 0 0
scan 330 100 87 0 0 0 0 0 0 0 0 0
scan 330 100 88 0 0 0 0 0 0 0 0 0
scan 330 100 89 0 0 0 0 0 0 0 0 0
scan 330 100 90 6.69424e-05 0 2.53018e-05 2.00827e-06 2.00827e-06 2.00827e-06 3.34712e-06 4.01654e-06 4.8179e-05
scan 330 100 91 1.91264e-05 0 1.35244e-05 5.73792e-07 5.73792e-07 5.73792e-07 9.5632e-07 1.14758e-06 1.37654e-05
scan 330 100 92 9.5632e-06 0 9.5632e-06 2.86896e-07 2.86896e-07 2.86896e-07 4.7816e-07 5.73792e-07 6.88271e-06
scan 330 100 93 1.91264e-05 0 1.35244e-05 5.73792e-07 5.73792e-07 5.73792e-07 9.5632e-07 1.14758e-06 1.37654e-05
scan 330 100 94 2.86896e-05 0 1.65639e-05 8.60688e-07 8.60688e-07 8.60688e-07 1.43448e-06 1.72138e-06 2.06481e-05
scan 330 100 95 0 0 0 0 0 0 0 0 0
scan 330 100 96 9.5632e-06 0 9.5632e-06 2.86896e-07 2.86896e-07 2.86896e-07 4.7816e-07 5.73792e-07 6.88271e-06
scan 330 100 97 9.5632e-06 0 9.5632e-06 2.86896e-07 2.86896e-07 2.86896e-07 4.7816e-07 5.73792e-07 6.88271e-06
scan 330 100 98 0 0 0 0 0 0 0 0 0
scan 330 100 99 0 0 0 0 0 0 0 0 0
scan 330 100 100 0 0 0 0 0 0 0 0 0
scan 330 100 101 0 0 0 0 0 0 0 0 0
scan 330 100 102 2.86896e-05 0 1.65639e-05 8.60688e-07 8.60688e-07 8.60688e-07 1.43448e-06 1.72138e-06 2.06481e-05
scan 330 100 103 2.86896e-05 0 1.65639e-05 8.60688e-07 8.60688e-07 8.60688e-07 1.43448e-06 1.72138e-06 2.06481e-05
scan 330 100 104 9.5632e-06 0 9.5632e-06 2.86896e-07 2.86896e-07 2.86896e-07 4.7816e-07 5.73792e-07 6.88271e-06
scan 330 100 60 0 0 0 0 0 0 0 0 0
scan 330 100 61 0 0 0 0 0 0 0 0 0
scan 330 100 62 0 0 0 0 0 0 0 0 0
scan 330 100 63 0 0 0 0 0 0 0 0 0
scan 330 100 64 0 0 0 0 0 0 0 0 0
scan 330 100 65 0 0 0 0 0 0 0 0 0
scan 330 100 66 0 0 0 0 0 0 0 0 0
scan 330 100 67 0 0 0 0 0 0 0 0 0
scan 330 100 68 0 0 0 0 0 0 0 0 0
scan 330 100 69 0 0 0 0 0 0 0 0 0
scan 330 100 70 0 0 0 0 0 0 0 0 0
scan 330 100 71 0 0 0 0 0 0 0 0 0
scan 330 100 72 0 0 0 0 0 0 0 0 0
scan 330 100 73 0 0 0 0 0 0 0 0 0
scan 330 100 74 0 0 0 0 0 0 0 0 0
scan 330 100 120 0 0 0 0 0 0 0 0 0
scan 330 100 121 0 0 0 0 0 0 0 0 0
scan 330 100 122 0 0 0 0 0 0 0 0 0
scan 330 100 123 0 0 0 0 0 0 0 0 0
scan 330 100 124 0 0 0 0 0 0 0 0 0
scan 330 100 125 0 0 0 0 0 0 0 0 0
scan 330 100 126 0 0 0 0 0 0 0 0 0
scan 330 100 127 0 0 0 0 0 0 0 0 0
scan 330 100 128 0 0 0 0 0 0 0 0 0
scan 330 100 129 0 0 0 0 0 0 0 0 0
scan 330 100 130 0 0 0 0 0 0 0 0 0
scan 330 100 131 0 0 0 0 0 0 0 0 0
scan 330 100 132 0 0 0 0 0 0 0 0 0
scan 330 100 133 0 0 0 0 0 0 0 0 0
scan 330 100 134 0 0 0 0 0 0 0 0 0
scan 330 100 135 2.86896e-05 0 1.65639e-05 8.60688e-07 8.60688e-07 8.60688e-07 1.43448e-06 1.72138e-06 2.06481e-05
scan 330 100 136 3.82528e-05 0 1.91264e-05 1.14758e-06 1.14758e-06 1.14758e-06 1.91264e-06 2.29517e-06 2.75308e-05
scan 330 100 137 0 0 0 0 0 0 0 0 0
scan 330 100 138 9.5632e-06 0 9.5632e-06 2.86896e-07 2.86896e-07 2.86896e-07 4.7816e-07 5.73792e-07 6.88271e-06
scan 330 100 139 0 0 0 0 0 0 0 0 0
scan 330 100 140 0 0 0 0 0 0 0 0 0
scan 330 100 141 9.5632e-06 0 9.5632e-06 2.86896e-07 2.86896e-07 2.86896e-07 4.7816e-07 5.73792e-07 6.88271e-06
scan 330 100 142 9.5632e-06 0 9.5632e-06 2.86896e-07 2.86896e-07 2.86896e-07 4.7816e-07 5.73792e-07 6.88271e-06
scan 330 100 143 0 0 0 0 0 0 0 0 0
scan 330 100 144 0 0 0 0 0 0 0 0 0
scan 330 100 145 0 0 0 0 0 0 0 0 0
scan 330 100 146 9.5632e-06 0 9.5632e-06 2.86896e-07 2.86896e-07 2.86896e-07 4.7816e-07 5.73792e-07 6.88271e-06
scan 330 100 147 2.86896e-05 0 1.65639e-05 8.60688e-07 8.60688e-07 8.60688e-07 1.43448e-06 1.72138e-06 2.06481e-05
scan 330 100 148 1.91264e-05 0 1.35244e-05 5.73792e-07 5.73792e-07 5.73792e-07 9.5632e-07 1.14758e-06 1.37654e-05
scan 330 100 149 9.5632e-06 0 9.5632e-06 2.86896e-07 2.86896e-07 2.86896e-07 4.7816e-07 5.73792e-07 6.88271e-06
scan 330 100 60 0 0 0 0 0 0 0 0 0
scan 330 100 61 0 0 0 0 0 0 0 0 0
scan 330 100 62 0 0 0 0 0 0 0 0 0
scan 330 100 63 0 0 0 0 0 0 0 0 0
scan 330 100 64 0 0 0 0 0 0 0 0 0
scan 330 100 65 0 0 0 0 0 0 0 0 0
scan 330 100 66 0 0 0 0 0 0 0 0 0
scan 330 100 67 0 0 0 0 0 0 0 0 0
scan 330 100 68 0 0 0 0 0 0 0 0 0
scan 330 100 69 0 0 0 0 0 0 0 0 0
scan 330 100 70 0 0 0 0 0 0 0 0 0
scan 330 100 71 0 0 0 0 0 0 0 0 0
scan 330 100 72 0 0 0 0 0 0 0 0 0
scan 330 100 73 0 0 0 0 0 0 0 0 0
scan 330 100 74 0 0 0 0 0 0 0 0 0
scan 330 100 165 9.5632e-06 0 9.5632e-06 2.86896e-07 2.86896e-07 2.86896e-07 4.7816e-07 5.73792e-07 6.88271e-06
scan 330 100 166 0 0 0 0 0 0 0 0 0
scan 330 100 167 0 0 0 0 0 0 0 0 0
scan 330 100 168 0 0 0 0 0 0 0 0 0
scan 330 100 169 0 0 0 0 0 0 0 0 0
scan 330 100 170 0 0 0 0 0 0 0 0 0
scan 330 100 171 0 0 0 0 0 0 0 0 0
scan 330 100 172 9.5632e-06 0 9.5632e-06 2.86896e-07 2.86896e-07 2.86896e-07 4.7816e-07 5.73792e-07 6.88271e-06
scan 330 100 173 0 0 0 0 0 0 0 0 0
scan 330 100 174 0 0 0 0 0 0 0 0 0
scan 330 100 175 0 0 0 0 0 0 0 0 0
scan 330 100 176 0 0 0 0 0 0 0 0 0
scan 330 100 177 0 0 0 0 0 0 0 0 0
scan 330 100 178 0 0 0 0 0 0 0 0 0
scan 330 100 179 0 0 0 0 0 0 0 0 0
