xsec 340 130 0.0836754
scan 340 130 0 8.36754e-06 0 8.36754e-06 2.51026e-07 2.51026e-07 2.51026e-07 4.18377e-07 5.02053e-07 6.04111e-06
scan 340 130 1 2.51026e-05 0 1.4493e-05 7.53079e-07 7.53079e-07 7.53079e-07 1.25513e-06 1.50616e-06 1.81233e-05
scan 340 130 2 1.67351e-05 0 1.18335e-05 5.02053e-07 5.02053e-07 5.02053e-07 8.36754e-07 1.00411e-06 1.20822e-05
scan 340 130 3 1.67351e-05 0 1.18335e-05 5.02053e-07 5.02053e-07 5.02053e-07 8.36754e-07 1.00411e-06 1.20822e-05
scan 340 130 4 2.51026e-05 0 1.4493e-05 7.53079e-07 7.53079e-07 7.53079e-07 1.25513e-06 1.50616e-06 1.81233e-05
scan 340 130 5 0 0 0 0 0 0 0 0 0
scan 340 130 6 0 0 0 0 0 0 0 0 0
scan 340 130 7 8.36754e-06 0 8.36754e-06 2.51026e-07 2.51026e-07 2.51026e-07 4.18377e-07 5.02053e-07 6.04111e-06
scan 340 130 8 2.51026e-05 0 1.4493e-05 7.53079e-07 7.53079e-07 7.53079e-07 1.25513e-06 1.50616e-06 1.81233e-05
scan 340 130 9 0 0 0 0 0 0 0 0 0
scan 340 130 10 0 0 0 0 0 0 0 0 0
scan 340 130 11 8.36754e-06 0 8.36754e-06 2.51026e-07 2.51026e-07 2.51026e-07 4.18377e-07 5.02053e-07 6.04111e-06
scan 340 130 12 2.51026e-05 0 1.4493e-05 7.53079e-07 7.53079e-07 7.53079e-07 1.25513e-06 1.50616e-06 1.81233e-05
scan 340 130 13 3.34702e-05 0 1.67351e-05 1.00411e-06 1.00411e-06 1.00411e-06 1.67351e-06 2.00821e-06 2.41645e-05
scan 340 130 14 1.67351e-05 0 1.18335e-05 5.02053e-07 5.02053e-07 5.02053e-07 8.36754e-07 1.00411e-06 1.20822e-05
scan 340 130 15 0.000426745 0 5.97562e-05 1.28023e-05 1.28023e-05 1.28023e-05 2.13372e-05 2.56047e-05 0.000308097
scan 340 130 16 0.000937165 0 8.85538e-05 2.81149e-05 2.81149e-05 2.81149e-05 4.68582e-05 5.62299e-05 0.000676605
scan 340 130 17 0.000945533 0 8.89482e-05 2.8366e-05 2.8366e-05 2.8366e-05 4.72766e-05 5.6732e-05 0.000682646
scan 340 130 18 0.000518788 0 6.58861e-05 1.55636e-05 1.55636e-05 1.55636e-05 2.59394e-05 3.11273e-05 0.000374549
scan 340 130 19 0.000535523 0 6.69404e-05 1.60657e-05 1.60657e-05 1.60657e-05 2.67761e-05 3.21314e-05 0.000386631
scan 340 130 20 0 0 0 0 0 0 0 0 0
scan 340 130 21 0.000292864 0 4.95031e-05 8.78592e-06 8.78592e-06 8.78592e-06 1.46432e-05 1.75718e-05 0.000211439
scan 340 130 22 0.000292864 0 4.95031e-05 8.78592e-06 8.78592e-06 8.78592e-06 1.46432e-05 1.75718e-05 0.000211439
scan 340 130 23 0.000192454 0 4.01293e-05 5.77361e-06 5.77361e-06 5.77361e-06 9.62268e-06 1.15472e-05 0.000138946
scan 340 130 24 0.000234291 0 4.42769e-05 7.02874e-06 7.02874e-06 7.02874e-06 1.17146e-05 1.40575e-05 0.000169151
scan 340 130 25 0 0 0 0 0 0 0 0 0
scan 340 130 26 0.000184086 0 3.92473e-05 5.52258e-06 5.52258e-06 5.52258e-06 9.2043e-06 1.10452e-05 0.000132904
scan 340 130 27 0.000694506 0 7.6232e-05 2.08352e-05 2.08352e-05 2.08352e-05 3.47253e-05 4.16704e-05 0.000501412
scan 340 130 28 0.000820019 0 8.28345e-05 2.46006e-05 2.46006e-05 2.46006e-05 4.1001e-05 4.92012e-05 0.000592029
scan 340 130 29 0.000979003 0 9.05088e-05 2.93701e-05 2.93701e-05 2.93701e-05 4.89501e-05 5.87402e-05 0.00070681
scan 340 130 30 1.67351e-05 0 1.18335e-05 5.02053e-07 5.02053e-07 5.02053e-07 8.36754e-07 1.00411e-06 1.20822e-05
scan 340 130 31 4.18377e-05 0 1.87104e-05 1.25513e-06 1.25513e-06 1.25513e-06 2.09189e-06 2.51026e-06 3.02056e-05
scan 340 130 32 2.51026e-05 0 1.4493e-05 7.53079e-07 7.53079e-07 7.53079e-07 1.25513e-06 1.50616e-06 1.81233e-05
scan 340 130 33 0 0 0 0 0 0 0 0 0
scan 340 130 34 1.67351e-05 0 1.18335e-05 5.02053e-07 5.02053e-07 5.02053e-07 8.36754e-07 1.00411e-06 1.20822e-05
scan 340 130 35 0 0 0 0 0 0 0 0 0
scan 340 130 36 0 0 0 0 0 0 0 0 0
scan 340 130 37 8.36754e-06 0 8.36754e-06 2.51026e-07 2.51026e-07 2.51026e-07 4.18377e-07 5.02053e-07 6.04111e-06
scan 340 130 38 0 0 0 0 0 0 0 0 0
scan 340 130 39 0 0 0 0 0 0 0 0 0
scan 340 130 40 0 0 0 0 0 0 0 0 0
scan 340 130 41 0 0 0 0 0 0 0 0 0
scan 340 130 42 2.51026e-05 0 1.4493e-05 7.53079e-07 7.53079e-07 7.53079e-07 1.25513e-06 1.50616e-06 1.81233e-05
scan 340 130 43 8.36754e-06 0 8.36754e-06 2.51026e-07 2.51026e-07 2.51026e-07 4.18377e-07 5.02053e-07 6.04111e-06
scan 340 130 44 1.67351e-05 0 1.18335e-05 5.02053e-07 5.02053e-07 5.02053e-07 8.36754e-07 1.00411e-06 1.20822e-05
scan 340 130 45 0 0 0 0 0 0 0 0 0
scan 340 130 46 8.36754e-06 0 8.36754e-06 2.51026e-07 2.51026e-07 2.51026e-07 4.18377e-07 5.02053e-07 6.04111e-06
scan 340 130 47 0 0 0 0 0 0 0 0 0
scan 340 130 48 8.36754e-06 0 8.36754e-06 2.51026e-07 2.51026e-07 2.51026e-07 4.18377e-07 5.02053e-07 6.04111e-06
scan 340 130 49 0 0 0 0 0 0 0 0 0
scan 340 130 50 0 0 0 0 0 0 0 0 0
scan 340 130 51 0 0 0 0 0 0 0 0 0
scan 340 130 52 0 0 0 0 0 0 0 0 0
scan 340 130 53 0 0 0 0 0 0 0 0 0
scan 340 130 54 0 0 0 0 0 0 0 0 0
scan 340 130 55 0 0 0 0 0 0 0 0 0
scan 340 130 56 1.67351e-05 0 1.18335e-05 5.02053e-07 5.02053e-07 5.02053e-07 8.36754e-07 1.00411e-06 1.20822e-05
scan 340 130 57 8.36754e-06 0 8.36754e-06 2.51026e-07 2.51026e-07 2.51026e-07 4.18377e-07 5.02053e-07 6.04111e-06
scan 340 130 58 0 0 0 0 0 0 0 0 0
scan 340 130 59 0 0 0 0 0 0 0 0 0
scan 340 130 60 0 0 0 0 0 0 0 0 0
scan 340 130 61 0 0 0 0 0 0 0 0 0
scan 340 130 62 0 0 0 0 0 0 0 0 0
scan 340 130 63 0 0 0 0 0 0 0 0 0
scan 340 130 64 0 0 0 0 0 0 0 0 0
scan 340 130 65 0 0 0 0 0 0 0 0 0
scan 340 130 66 0 0 0 0 0 0 0 0 0
scan 340 130 67 0 0 0 0 0 0 0 0 0
scan 340 130 68 0 0 0 0 0 0 0 0 0
scan 340 130 69 0 0 0 0 0 0 0 0 0
scan 340 130 70 0 0 0 0 0 0 0 0 0
scan 340 130 71 0 0 0 0 0 0 0 0 0
scan 340 130 72 0 0 0 0 0 0 0 0 0
scan 340 130 73 0 0 0 0 0 0 0 0 0
scan 340 130 74 0 0 0 0 0 0 0 0 0
scan 340 130 75 0 0 0 0 0 0 0 0 0
scan 340 130 76 0 0 0 0 0 0 0 0 0
scan 340 130 77 8.36754e-06 0 8.36754e-06 2.51026e-07 2.51026e-07 2.51026e-07 4.18377e-07 5.02053e-07 6.04111e-06
scan 340 130 78 0 0 0 0 0 0 0 0 0
scan 340 130 79 0 0 0 0 0 0 0 0 0
scan 340 130 80 0 0 0 0 0 0 0 0 0
scan 340 130 81 0 0 0 0 0 0 0 0 0
scan 340 130 82 0 0 0 0 0 0 0 0 0
scan 340 130 83 0 0 0 0 0 0 0 0 0
scan 340 130 84 0 0 0 0 0 0 0 0 0
scan 340 130 85 0 0 0 0 0 0 0 0 0
scan 340 130 86 0 0 0 0 0 0 0 0 0
scan 340 130 87 8.36754e-06 0 8.36754e-06 2.51026e-07 2.51026e-07 2.51026e-07 4.18377e-07 5.02053e-07 6.04111e-06
scan 340 130 88 8.36754e-06 0 8.36754e-06 2.51026e-07 2.51026e-07 2.51026e-07 4.18377e-07 5.02053e-07 6.04111e-06
scan 340 130 89 0 0 0 0 0 0 0 0 0
scan 340 130 90 1.67351e-05 0 1.18335e-05 5.02053e-07 5.02053e-07 5.02053e-07 8.36754e-07 1.00411e-06 1.20822e-05
scan 340 130 91 4.18377e-05 0 1.87104e-05 1.25513e-06 1.25513e-06 1.25513e-06 2.09189e-06 2.51026e-06 3.02056e-05
scan 340 130 92 1.67351e-05 0 1.18335e-05 5.02053e-07 5.02053e-07 5.02053e-07 8.36754e-07 1.00411e-06 1.20822e-05
scan 340 130 93 0 0 0 0 0 0 0 0 0
scan 340 130 94 0 0 0 0 0 0 0 0 0
scan 340 130 95 0 0 0 0 0 0 0 0 0
scan 340 130 96 2.51026e-05 0 1.4493e-05 7.53079e-07 7.53079e-07 7.53079e-07 1.25513e-06 1.50616e-06 1.81233e-05
scan 340 130 97 8.36754e-06 0 8.36754e-06 2.51026e-07 2.51026e-07 2.51026e-07 4.18377e-07 5.02053e-07 6.04111e-06
scan 340 130 98 8.36754e-06 0 8.36754e-06 2.51026e-07 2.51026e-07 2.51026e-07 4.18377e-07 5.02053e-07 6.04111e-06
scan 340 130 99 0 0 0 0 0 0 0 0 0
scan 340 130 100 0 0 0 0 0 0 0 0 0
scan 340 130 101 0 0 0 0 0 0 0 0 0
scan 340 130 102 1.67351e-05 0 1.18335e-05 5.02053e-07 5.02053e-07 5.02053e-07 8.36754e-07 1.00411e-06 1.20822e-05
scan 340 130 103 1.67351e-05 0 1.18335e-05 5.02053e-07 5.02053e-07 5.02053e-07 8.36754e-07 1.00411e-06 1.20822e-05
scan 340 130 104 1.67351e-05 0 1.18335e-05 5.02053e-07 5.02053e-07 5.02053e-07 8.36754e-07 1.00411e-06 1.20822e-05
scan 340 130 60 0 0 0 0 0 0 0 0 0
scan 340 130 61 0 0 0 0 0 0 0 0 0
scan 340 130 62 0 0 0 0 0 0 0 0 0
scan 340 130 63 0 0 0 0 0 0 0 0 0
scan 340 130 64 0 0 0 0 0 0 0 0 0
scan 340 130 65 0 0 0 0 0 0 0 0 0
scan 340 130 66 0 0 0 0 0 0 0 0 0
scan 340 130 67 0 0 0 0 0 0 0 0 0
scan 340 130 68 0 0 0 0 0 0 0 0 0
scan 340 130 69 0 0 0 0 0 0 0 0 0
scan 340 130 70 0 0 0 0 0 0 0 0 0
scan 340 130 71 0 0 0 0 0 0 0 0 0
scan 340 130 72 0 0 0 0 0 0 0 0 0
scan 340 130 73 0 0 0 0 0 0 0 0 0
scan 340 130 74 0 0 0 0 0 0 0 0 0
scan 340 130 120 0 0 0 0 0 0 0 0 0
scan 340 130 121 0 0 0 0 0 0 0 0 0
scan 340 130 122 0 0 0 0 0 0 0 0 0
scan 340 130 123 0 0 0 0 0 0 0 0 0
scan 340 130 124 0 0 0 0 0 0 0 0 0
scan 340 130 125 0 0 0 0 0 0 0 0 0
scan 340 130 126 0 0 0 0 0 0 0 0 0
scan 340 130 127 0 0 0 0 0 0 0 0 0
scan 340 130 128 0 0 0 0 0 0 0 0 0
scan 340 130 129 0 0 0 0 0 0 0 0 0
scan 340 130 130 0 0 0 0 0 0 0 0 0
scan 340 130 131 0 0 0 0 0 0 0 0 0
scan 340 130 132 0 0 0 0 0 0 0 0 0
scan 340 130 133 0 0 0 0 0 0 0 0 0
scan 340 130 134 8.36754e-06 0 8.36754e-06 2.51026e-07 2.51026e-07 2.51026e-07 4.18377e-07 5.02053e-07 6.04111e-06
scan 340 130 135 2.51026e-05 0 1.4493e-05 7.53079e-07 7.53079e-07 7.53079e-07 1.25513e-06 1.50616e-06 1.81233e-05
scan 340 130 136 1.67351e-05 0 1.18335e-05 5.02053e-07 5.02053e-07 5.02053e-07 8.36754e-07 1.00411e-06 1.20822e-05
scan 340 130 137 1.67351e-05 0 1.18335e-05 5.02053e-07 5.02053e-07 5.02053e-07 8.36754e-07 1.00411e-06 1.20822e-05
scan 340 130 138 1.67351e-05 0 1.18335e-05 5.02053e-07 5.02053e-07 5.02053e-07 8.36754e-07 1.00411e-06 1.20822e-05
scan 340 130 139 0 0 0 0 0 0 0 0 0
scan 340 130 140 0 0 0 0 0 0 0 0 0
scan 340 130 141 0 0 0 0 0 0 0 0 0
scan 340 130 142 8.36754e-06 0 8.36754e-06 2.51026e-07 2.51026e-07 2.51026e-07 4.18377e-07 5.02053e-07 6.04111e-06
scan 340 130 143 2.51026e-05 0 1.4493e-05 7.53079e-07 7.53079e-07 7.53079e-07 1.25513e-06 1.50616e-06 1.81233e-05
scan 340 130 144 0 0 0 0 0 0 0 0 0
scan 340 130 145 0 0 0 0 0 0 0 0 0
scan 340 130 146 8.36754e-06 0 8.36754e-06 2.51026e-07 2.51026e-07 2.51026e-07 4.18377e-07 5.02053e-07 6.04111e-06
scan 340 130 147 0 0 0 0 0 0 0 0 0
scan 340 130 148 8.36754e-06 0 8.36754e-06 2.51026e-07 2.51026e-07 2.51026e-07 4.18377e-07 5.02053e-07 6.04111e-06
scan 340 130 149 0 0 0 0 0 0 0 0 0
scan 340 130 60 0 0 0 0 0 0 0 0 0
scan 340 130 61 0 0 0 0 0 0 0 0 0
scan 340 130 62 0 0 0 0 0 0 0 0 0
scan 340 130 63 0 0 0 0 0 0 0 0 0
scan 340 130 64 0 0 0 0 0 0 0 0 0
scan 340 130 65 0 0 0 0 0 0 0 0 0
scan 340 130 66 0 0 0 0 0 0 0 0 0
scan 340 130 67 0 0 0 0 0 0 0 0 0
scan 340 130 68 0 0 0 0 0 0 0 0 0
scan 340 130 69 0 0 0 0 0 0 0 0 0
scan 340 130 70 0 0 0 0 0 0 0 0 0
scan 340 130 71 0 0 0 0 0 0 0 0 0
scan 340 130 72 0 0 0 0 0 0 0 0 0
scan 340 130 73 0 0 0 0 0 0 0 0 0
scan 340 130 74 0 0 0 0 0 0 0 0 0
scan 340 130 165 0 0 0 0 0 0 0 0 0
scan 340 130 166 0 0 0 0 0 0 0 0 0
scan 340 130 167 0 0 0 0 0 0 0 0 0
scan 340 130 168 0 0 0 0 0 0 0 0 0
scan 340 130 169 0 0 0 0 0 0 0 0 0
scan 340 130 170 0 0 0 0 0 0 0 0 0
scan 340 130 171 0 0 0 0 0 0 0 0 0
scan 340 130 172 0 0 0 0 0 0 0 0 0
scan 340 130 173 0 0 0 0 0 0 0 0 0
scan 340 130 174 0 0 0 0 0 0 0 0 0
scan 340 130 175 0 0 0 0 0 0 0 0 0
scan 340 130 176 0 0 0 0 0 0 0 0 0
scan 340 130 177 0 0 0 0 0 0 0 0 0
scan 340 130 178 0 0 0 0 0 0 0 0 0
scan 340 130 179 0 0 0 0 0 0 0 0 0
