xsec 420 20 0.0311379
scan 420 20 0 9.34138e-06 0 5.39325e-06 2.80241e-07 2.80241e-07 2.80241e-07 4.67069e-07 5.60483e-07 6.90129e-06
scan 420 20 1 2.17966e-05 0 8.23832e-06 6.53897e-07 6.53897e-07 6.53897e-07 1.08983e-06 1.30779e-06 1.6103e-05
scan 420 20 2 1.24552e-05 0 6.22759e-06 3.73655e-07 3.73655e-07 3.73655e-07 6.22759e-07 7.47311e-07 9.20172e-06
scan 420 20 3 6.22759e-06 0 4.40357e-06 1.86828e-07 1.86828e-07 1.86828e-07 3.11379e-07 3.73655e-07 4.60086e-06
scan 420 20 4 1.5569e-05 0 6.96265e-06 4.67069e-07 4.67069e-07 4.67069e-07 7.78448e-07 9.34138e-07 1.15022e-05
scan 420 20 5 0 0 0 0 0 0 0 0 0
scan 420 20 6 0 0 0 0 0 0 0 0 0
scan 420 20 7 6.22759e-06 0 4.40357e-06 1.86828e-07 1.86828e-07 1.86828e-07 3.11379e-07 3.73655e-07 4.60086e-06
scan 420 20 8 9.34138e-06 0 5.39325e-06 2.80241e-07 2.80241e-07 2.80241e-07 4.67069e-07 5.60483e-07 6.90129e-06
scan 420 20 9 9.34138e-06 0 5.39325e-06 2.80241e-07 2.80241e-07 2.80241e-07 4.67069e-07 5.60483e-07 6.90129e-06
scan 420 20 10 0 0 0 0 0 0 0 0 0
scan 420 20 11 9.34138e-06 0 5.39325e-06 2.80241e-07 2.80241e-07 2.80241e-07 4.67069e-07 5.60483e-07 6.90129e-06
scan 420 20 12 6.22759e-06 0 4.40357e-06 1.86828e-07 1.86828e-07 1.86828e-07 3.11379e-07 3.73655e-07 4.60086e-06
scan 420 20 13 9.34138e-06 0 5.39325e-06 2.80241e-07 2.80241e-07 2.80241e-07 4.67069e-07 5.60483e-07 6.90129e-06
scan 420 20 14 3.11379e-05 0 9.84668e-06 9.34138e-07 9.34138e-07 9.34138e-07 1.5569e-06 1.86828e-06 2.30043e-05
scan 420 20 15 8.71862e-05 0 1.64766e-05 2.61559e-06 2.61559e-06 2.61559e-06 4.35931e-06 5.23117e-06 6.44121e-05
scan 420 20 16 0.00015569 0 2.20178e-05 4.67069e-06 4.67069e-06 4.67069e-06 7.78448e-06 9.34138e-06 0.000115022
scan 420 20 17 0.000221079 0 2.62373e-05 6.63238e-06 6.63238e-06 6.63238e-06 1.1054e-05 1.32648e-05 0.000163331
scan 420 20 18 0.000168145 0 2.28816e-05 5.04435e-06 5.04435e-06 5.04435e-06 8.40724e-06 1.00887e-05 0.000124223
scan 420 20 19 0.000358086 0 3.33917e-05 1.07426e-05 1.07426e-05 1.07426e-05 1.79043e-05 2.14852e-05 0.00026455
scan 420 20 20 9.34138e-06 0 5.39325e-06 2.80241e-07 2.80241e-07 2.80241e-07 4.67069e-07 5.60483e-07 6.90129e-06
scan 420 20 21 5.29345e-05 0 1.28385e-05 1.58803e-06 1.58803e-06 1.58803e-06 2.64672e-06 3.17607e-06 3.91073e-05
scan 420 20 22 7.78448e-05 0 1.5569e-05 2.33535e-06 2.33535e-06 2.33535e-06 3.89224e-06 4.67069e-06 5.75108e-05
scan 420 20 23 4.98207e-05 0 1.24552e-05 1.49462e-06 1.49462e-06 1.49462e-06 2.49104e-06 2.98924e-06 3.68069e-05
scan 420 20 24 0.000124552 0 1.96934e-05 3.73655e-06 3.73655e-06 3.73655e-06 6.22759e-06 7.47311e-06 9.20172e-05
scan 420 20 25 9.34138e-06 0 5.39325e-06 2.80241e-07 2.80241e-07 2.80241e-07 4.67069e-07 5.60483e-07 6.90129e-06
scan 420 20 26 6.85035e-05 0 1.4605e-05 2.0551e-06 2.0551e-06 2.0551e-06 3.42517e-06 4.11021e-06 5.06095e-05
scan 420 20 27 0.000189941 0 2.43195e-05 5.69824e-06 5.69824e-06 5.69824e-06 9.49707e-06 1.13965e-05 0.000140326
scan 420 20 28 0.000261559 0 2.85384e-05 7.84676e-06 7.84676e-06 7.84676e-06 1.30779e-05 1.56935e-05 0.000193236
scan 420 20 29 0.00103378 0 5.6736e-05 3.10134e-05 3.10134e-05 3.10134e-05 5.1689e-05 6.20268e-05 0.000763743
scan 420 20 30 3.11379e-06 0 3.11379e-06 9.34138e-08 9.34138e-08 9.34138e-08 1.5569e-07 1.86828e-07 2.30043e-06
scan 420 20 31 3.11379e-06 0 3.11379e-06 9.34138e-08 9.34138e-08 9.34138e-08 1.5569e-07 1.86828e-07 2.30043e-06
scan 420 20 32 6.22759e-06 0 4.40357e-06 1.86828e-07 1.86828e-07 1.86828e-07 3.11379e-07 3.73655e-07 4.60086e-06
scan 420 20 33 3.11379e-06 0 3.11379e-06 9.34138e-08 9.34138e-08 9.34138e-08 1.5569e-07 1.86828e-07 2.30043e-06
scan 420 20 34 3.11379e-06 0 3.11379e-06 9.34138e-08 9.34138e-08 9.34138e-08 1.5569e-07 1.86828e-07 2.30043e-06
scan 420 20 35 0 0 0 0 0 0 0 0 0
scan 420 20 36 6.22759e-06 0 4.40357e-06 1.86828e-07 1.86828e-07 1.86828e-07 3.11379e-07 3.73655e-07 4.60086e-06
scan 420 20 37 0 0 0 0 0 0 0 0 0
scan 420 20 38 0 0 0 0 0 0 0 0 0
scan 420 20 39 0 0 0 0 0 0 0 0 0
scan 420 20 40 0 0 0 0 0 0 0 0 0
scan 420 20 41 6.22759e-06 0 4.40357e-06 1.86828e-07 1.86828e-07 1.86828e-07 3.11379e-07 3.73655e-07 4.60086e-06
scan 420 20 42 6.22759e-06 0 4.40357e-06 1.86828e-07 1.86828e-07 1.86828e-07 3.11379e-07 3.73655e-07 4.60086e-06
scan 420 20 43 9.34138e-06 0 5.39325e-06 2.80241e-07 2.80241e-07 2.80241e-07 4.67069e-07 5.60483e-07 6.90129e-06
scan 420 20 44 3.11379e-05 0 9.84668e-06 9.34138e-07 9.34138e-07 9.34138e-07 1.5569e-06 1.86828e-06 2.30043e-05
scan 420 20 45 0 0 0 0 0 0 0 0 0
scan 420 20 46 0 0 0 0 0 0 0 0 0
scan 420 20 47 0 0 0 0 0 0 0 0 0
scan 420 20 48 0 0 0 0 0 0 0 0 0
scan 420 20 49 0 0 0 0 0 0 0 0 0
scan 420 20 50 0 0 0 0 0 0 0 0 0
scan 420 20 51 3.11379e-06 0 3.11379e-06 9.34138e-08 9.34138e-08 9.34138e-08 1.5569e-07 1.86828e-07 2.30043e-06
scan 420 20 52 0 0 0 0 0 0 0 0 0
scan 420 20 53 0 0 0 0 0 0 0 0 0
scan 420 20 54 0 0 0 0 0 0 0 0 0
scan 420 20 55 0 0 0 0 0 0 0 0 0
scan 420 20 56 3.11379e-06 0 3.11379e-06 9.34138e-08 9.34138e-08 9.34138e-08 1.5569e-07 1.86828e-07 2.30043e-06
scan 420 20 57 0 0 0 0 0 0 0 0 0
scan 420 20 58 3.11379e-06 0 3.11379e-06 9.34138e-08 9.34138e-08 9.34138e-08 1.5569e-07 1.86828e-07 2.30043e-06
scan 420 20 59 0 0 0 0 0 0 0 0 0
scan 420 20 60 0 0 0 0 0 0 0 0 0
scan 420 20 61 0 0 0 0 0 0 0 0 0
scan 420 20 62 0 0 0 0 0 0 0 0 0
scan 420 20 63 0 0 0 0 0 0 0 0 0
scan 420 20 64 0 0 0 0 0 0 0 0 0
scan 420 20 65 0 0 0 0 0 0 0 0 0
scan 420 20 66 0 0 0 0 0 0 0 0 0
scan 420 20 67 0 0 0 0 0 0 0 0 0
scan 420 20 68 0 0 0 0 0 0 0 0 0
scan 420 20 69 0 0 0 0 0 0 0 0 0
scan 420 20 70 0 0 0 0 0 0 0 0 0
scan 420 20 71 0 0 0 0 0 0 0 0 0
scan 420 20 72 0 0 0 0 0 0 0 0 0
scan 420 20 73 0 0 0 0 0 0 0 0 0
scan 420 20 74 0 0 0 0 0 0 0 0 0
scan 420 20 75 3.11379e-06 0 3.11379e-06 9.34138e-08 9.34138e-08 9.34138e-08 1.5569e-07 1.86828e-07 2.30043e-06
scan 420 20 76 0 0 0 0 0 0 0 0 0
scan 420 20 77 0 0 0 0 0 0 0 0 0
scan 420 20 78 0 0 0 0 0 0 0 0 0
scan 420 20 79 0 0 0 0 0 0 0 0 0
scan 420 20 80 0 0 0 0 0 0 0 0 0
scan 420 20 81 0 0 0 0 0 0 0 0 0
scan 420 20 82 0 0 0 0 0 0 0 0 0
scan 420 20 83 0 0 0 0 0 0 0 0 0
scan 420 20 84 0 0 0 0 0 0 0 0 0
scan 420 20 85 0 0 0 0 0 0 0 0 0
scan 420 20 86 0 0 0 0 0 0 0 0 0
scan 420 20 87 0 0 0 0 0 0 0 0 0
scan 420 20 88 0 0 0 0 0 0 0 0 0
scan 420 20 89 0 0 0 0 0 0 0 0 0
scan 420 20 90 9.34138e-06 0 5.39325e-06 2.80241e-07 2.80241e-07 2.80241e-07 4.67069e-07 5.60483e-07 6.90129e-06
scan 420 20 91 1.5569e-05 0 6.96265e-06 4.67069e-07 4.67069e-07 4.67069e-07 7.78448e-07 9.34138e-07 1.15022e-05
scan 420 20 92 3.11379e-06 0 3.11379e-06 9.34138e-08 9.34138e-08 9.34138e-08 1.5569e-07 1.86828e-07 2.30043e-06
scan 420 20 93 3.11379e-06 0 3.11379e-06 9.34138e-08 9.34138e-08 9.34138e-08 1.5569e-07 1.86828e-07 2.30043e-06
scan 420 20 94 0 0 0 0 0 0 0 0 0
scan 420 20 95 0 0 0 0 0 0 0 0 0
scan 420 20 96 3.11379e-06 0 3.11379e-06 9.34138e-08 9.34138e-08 9.34138e-08 1.5569e-07 1.86828e-07 2.30043e-06
scan 420 20 97 0 0 0 0 0 0 0 0 0
scan 420 20 98 0 0 0 0 0 0 0 0 0
scan 420 20 99 0 0 0 0 0 0 0 0 0
scan 420 20 100 0 0 0 0 0 0 0 0 0
scan 420 20 101 6.22759e-06 0 4.40357e-06 1.86828e-07 1.86828e-07 1.86828e-07 3.11379e-07 3.73655e-07 4.60086e-06
scan 420 20 102 1.5569e-05 0 6.96265e-06 4.67069e-07 4.67069e-07 4.67069e-07 7.78448e-07 9.34138e-07 1.15022e-05
scan 420 20 103 1.5569e-05 0 6.96265e-06 4.67069e-07 4.67069e-07 4.67069e-07 7.78448e-07 9.34138e-07 1.15022e-05
scan 420 20 104 1.24552e-05 0 6.22759e-06 3.73655e-07 3.73655e-07 3.73655e-07 6.22759e-07 7.47311e-07 9.20172e-06
scan 420 20 60 0 0 0 0 0 0 0 0 0
scan 420 20 61 0 0 0 0 0 0 0 0 0
scan 420 20 62 0 0 0 0 0 0 0 0 0
scan 420 20 63 0 0 0 0 0 0 0 0 0
scan 420 20 64 0 0 0 0 0 0 0 0 0
scan 420 20 65 0 0 0 0 0 0 0 0 0
scan 420 20 66 0 0 0 0 0 0 0 0 0
scan 420 20 67 0 0 0 0 0 0 0 0 0
scan 420 20 68 0 0 0 0 0 0 0 0 0
scan 420 20 69 0 0 0 0 0 0 0 0 0
scan 420 20 70 0 0 0 0 0 0 0 0 0
scan 420 20 71 0 0 0 0 0 0 0 0 0
scan 420 20 72 0 0 0 0 0 0 0 0 0
scan 420 20 73 0 0 0 0 0 0 0 0 0
scan 420 20 74 0 0 0 0 0 0 0 0 0
scan 420 20 120 0 0 0 0 0 0 0 0 0
scan 420 20 121 0 0 0 0 0 0 0 0 0
scan 420 20 122 0 0 0 0 0 0 0 0 0
scan 420 20 123 0 0 0 0 0 0 0 0 0
scan 420 20 124 0 0 0 0 0 0 0 0 0
scan 420 20 125 0 0 0 0 0 0 0 0 0
scan 420 20 126 0 0 0 0 0 0 0 0 0
scan 420 20 127 0 0 0 0 0 0 0 0 0
scan 420 20 128 0 0 0 0 0 0 0 0 0
scan 420 20 129 0 0 0 0 0 0 0 0 0
scan 420 20 130 0 0 0 0 0 0 0 0 0
scan 420 20 131 0 0 0 0 0 0 0 0 0
scan 420 20 132 0 0 0 0 0 0 0 0 0
scan 420 20 133 0 0 0 0 0 0 0 0 0
scan 420 20 134 3.11379e-06 0 3.11379e-06 9.34138e-08 9.34138e-08 9.34138e-08 1.5569e-07 1.86828e-07 2.30043e-06
scan 420 20 135 3.11379e-06 0 3.11379e-06 9.34138e-08 9.34138e-08 9.34138e-08 1.5569e-07 1.86828e-07 2.30043e-06
scan 420 20 136 1.24552e-05 0 6.22759e-06 3.73655e-07 3.73655e-07 3.73655e-07 6.22759e-07 7.47311e-07 9.20172e-06
scan 420 20 137 6.22759e-06 0 4.40357e-06 1.86828e-07 1.86828e-07 1.86828e-07 3.11379e-07 3.73655e-07 4.60086e-06
scan 420 20 138 3.11379e-06 0 3.11379e-06 9.34138e-08 9.34138e-08 9.34138e-08 1.5569e-07 1.86828e-07 2.30043e-06
scan 420 20 139 0 0 0 0 0 0 0 0 0
scan 420 20 140 0 0 0 0 0 0 0 0 0
scan 420 20 141 3.11379e-06 0 3.11379e-06 9.34138e-08 9.34138e-08 9.34138e-08 1.5569e-07 1.86828e-07 2.30043e-06
scan 420 20 142 0 0 0 0 0 0 0 0 0
scan 420 20 143 0 0 0 0 0 0 0 0 0
scan 420 20 144 0 0 0 0 0 0 0 0 0
scan 420 20 145 0 0 0 0 0 0 0 0 0
scan 420 20 146 0 0 0 0 0 0 0 0 0
scan 420 20 147 6.22759e-06 0 4.40357e-06 1.86828e-07 1.86828e-07 1.86828e-07 3.11379e-07 3.73655e-07 4.60086e-06
scan 420 20 148 3.11379e-06 0 3.11379e-06 9.34138e-08 9.34138e-08 9.34138e-08 1.5569e-07 1.86828e-07 2.30043e-06
scan 420 20 149 3.11379e-06 0 3.11379e-06 9.34138e-08 9.34138e-08 9.34138e-08 1.5569e-07 1.86828e-07 2.30043e-06
scan 420 20 60 0 0 0 0 0 0 0 0 0
scan 420 20 61 0 0 0 0 0 0 0 0 0
scan 420 20 62 0 0 0 0 0 0 0 0 0
scan 420 20 63 0 0 0 0 0 0 0 0 0
scan 420 20 64 0 0 0 0 0 0 0 0 0
scan 420 20 65 0 0 0 0 0 0 0 0 0
scan 420 20 66 0 0 0 0 0 0 0 0 0
scan 420 20 67 0 0 0 0 0 0 0 0 0
scan 420 20 68 0 0 0 0 0 0 0 0 0
scan 420 20 69 0 0 0 0 0 0 0 0 0
scan 420 20 70 0 0 0 0 0 0 0 0 0
scan 420 20 71 0 0 0 0 0 0 0 0 0
scan 420 20 72 0 0 0 0 0 0 0 0 0
scan 420 20 73 0 0 0 0 0 0 0 0 0
scan 420 20 74 0 0 0 0 0 0 0 0 0
scan 420 20 165 0 0 0 0 0 0 0 0 0
scan 420 20 166 0 0 0 0 0 0 0 0 0
scan 420 20 167 0 0 0 0 0 0 0 0 0
scan 420 20 168 6.22759e-06 0 4.40357e-06 1.86828e-07 1.86828e-07 1.86828e-07 3.11379e-07 3.73655e-07 4.60086e-06
scan 420 20 169 0 0 0 0 0 0 0 0 0
scan 420 20 170 0 0 0 0 0 0 0 0 0
scan 420 20 171 0 0 0 0 0 0 0 0 0
scan 420 20 172 0 0 0 0 0 0 0 0 0
scan 420 20 173 0 0 0 0 0 0 0 0 0
scan 420 20 174 0 0 0 0 0 0 0 0 0
scan 420 20 175 0 0 0 0 0 0 0 0 0
scan 420 20 176 0 0 0 0 0 0 0 0 0
scan 420 20 177 3.11379e-06 0 3.11379e-06 9.34138e-08 9.34138e-08 9.34138e-08 1.5569e-07 1.86828e-07 2.30043e-06
scan 420 20 178 0 0 0 0 0 0 0 0 0
scan 420 20 179 0 0 0 0 0 0 0 0 0
