xsec 330 10 0.0956128
scan 330 10 0 9.56128e-06 0 9.56128e-06 2.86839e-07 2.86839e-07 2.86839e-07 4.78064e-07 5.73677e-07 6.88133e-06
scan 330 10 1 1.91226e-05 0 1.35217e-05 5.73677e-07 5.73677e-07 5.73677e-07 9.56128e-07 1.14735e-06 1.37627e-05
scan 330 10 2 4.78064e-05 0 2.13797e-05 1.43419e-06 1.43419e-06 1.43419e-06 2.39032e-06 2.86839e-06 3.44067e-05
scan 330 10 3 0 0 0 0 0 0 0 0 0
scan 330 10 4 4.78064e-05 0 2.13797e-05 1.43419e-06 1.43419e-06 1.43419e-06 2.39032e-06 2.86839e-06 3.44067e-05
scan 330 10 5 0 0 0 0 0 0 0 0 0
scan 330 10 6 9.56128e-06 0 9.56128e-06 2.86839e-07 2.86839e-07 2.86839e-07 4.78064e-07 5.73677e-07 6.88133e-06
scan 330 10 7 2.86839e-05 0 1.65606e-05 8.60516e-07 8.60516e-07 8.60516e-07 1.43419e-06 1.72103e-06 2.0644e-05
scan 330 10 8 1.91226e-05 0 1.35217e-05 5.73677e-07 5.73677e-07 5.73677e-07 9.56128e-07 1.14735e-06 1.37627e-05
scan 330 10 9 0 0 0 0 0 0 0 0 0
scan 330 10 10 0 0 0 0 0 0 0 0 0
scan 330 10 11 1.91226e-05 0 1.35217e-05 5.73677e-07 5.73677e-07 5.73677e-07 9.56128e-07 1.14735e-06 1.37627e-05
scan 330 10 12 3.82451e-05 0 1.91226e-05 1.14735e-06 1.14735e-06 1.14735e-06 1.91226e-06 2.29471e-06 2.75253e-05
scan 330 10 13 3.82451e-05 0 1.91226e-05 1.14735e-06 1.14735e-06 1.14735e-06 1.91226e-06 2.29471e-06 2.75253e-05
scan 330 10 14 3.82451e-05 0 1.91226e-05 1.14735e-06 1.14735e-06 1.14735e-06 1.91226e-06 2.29471e-06 2.75253e-05
scan 330 10 15 0.000468503 0 6.6929e-05 1.40551e-05 1.40551e-05 1.40551e-05 2.34251e-05 2.81102e-05 0.000337185
scan 330 10 16 0.00100393 0 9.7974e-05 3.0118e-05 3.0118e-05 3.0118e-05 5.01967e-05 6.02361e-05 0.00072254
scan 330 10 17 0.000908322 0 9.31919e-05 2.72497e-05 2.72497e-05 2.72497e-05 4.54161e-05 5.44993e-05 0.000653727
scan 330 10 18 0.000525871 0 7.09084e-05 1.57761e-05 1.57761e-05 1.57761e-05 2.62935e-05 3.15522e-05 0.000378473
scan 330 10 19 0.000678851 0 8.05648e-05 2.03655e-05 2.03655e-05 2.03655e-05 3.39426e-05 4.07311e-05 0.000488575
scan 330 10 20 4.78064e-05 0 2.13797e-05 1.43419e-06 1.43419e-06 1.43419e-06 2.39032e-06 2.86839e-06 3.44067e-05
scan 330 10 21 0.000258155 0 4.96819e-05 7.74464e-06 7.74464e-06 7.74464e-06 1.29077e-05 1.54893e-05 0.000185796
scan 330 10 22 0.0002964 0 5.3235e-05 8.89199e-06 8.89199e-06 8.89199e-06 1.482e-05 1.7784e-05 0.000213321
scan 330 10 23 0.000286839 0 5.23693e-05 8.60516e-06 8.60516e-06 8.60516e-06 1.43419e-05 1.72103e-05 0.00020644
scan 330 10 24 0.000305961 0 5.40868e-05 9.17883e-06 9.17883e-06 9.17883e-06 1.52981e-05 1.83577e-05 0.000220203
scan 330 10 25 9.56128e-06 0 9.56128e-06 2.86839e-07 2.86839e-07 2.86839e-07 4.78064e-07 5.73677e-07 6.88133e-06
scan 330 10 26 0.000181664 0 4.16767e-05 5.44993e-06 5.44993e-06 5.44993e-06 9.08322e-06 1.08999e-05 0.000130745
scan 330 10 27 0.000621483 0 7.70855e-05 1.86445e-05 1.86445e-05 1.86445e-05 3.10742e-05 3.7289e-05 0.000447287
scan 330 10 28 0.000803148 0 8.76306e-05 2.40944e-05 2.40944e-05 2.40944e-05 4.01574e-05 4.81889e-05 0.000578032
scan 330 10 29 0.0016541 0 0.000125759 4.96231e-05 4.96231e-05 4.96231e-05 8.27051e-05 9.92461e-05 0.00119047
scan 330 10 30 9.56128e-06 0 9.56128e-06 2.86839e-07 2.86839e-07 2.86839e-07 4.78064e-07 5.73677e-07 6.88133e-06
scan 330 10 31 9.56128e-06 0 9.56128e-06 2.86839e-07 2.86839e-07 2.86839e-07 4.78064e-07 5.73677e-07 6.88133e-06
scan 330 10 32 3.82451e-05 0 1.91226e-05 1.14735e-06 1.14735e-06 1.14735e-06 1.91226e-06 2.29471e-06 2.75253e-05
scan 330 10 33 0 0 0 0 0 0 0 0 0
scan 330 10 34 1.91226e-05 0 1.35217e-05 5.73677e-07 5.73677e-07 5.73677e-07 9.56128e-07 1.14735e-06 1.37627e-05
scan 330 10 35 0 0 0 0 0 0 0 0 0
scan 330 10 36 0 0 0 0 0 0 0 0 0
scan 330 10 37 2.86839e-05 0 1.65606e-05 8.60516e-07 8.60516e-07 8.60516e-07 1.43419e-06 1.72103e-06 2.0644e-05
scan 330 10 38 9.56128e-06 0 9.56128e-06 2.86839e-07 2.86839e-07 2.86839e-07 4.78064e-07 5.73677e-07 6.88133e-06
scan 330 10 39 0 0 0 0 0 0 0 0 0
scan 330 10 40 0 0 0 0 0 0 0 0 0
scan 330 10 41 1.91226e-05 0 1.35217e-05 5.73677e-07 5.73677e-07 5.73677e-07 9.56128e-07 1.14735e-06 1.37627e-05
scan 330 10 42 2.86839e-05 0 1.65606e-05 8.60516e-07 8.60516e-07 8.60516e-07 1.43419e-06 1.72103e-06 2.0644e-05
scan 330 10 43 5.73677e-05 0 2.34203e-05 1.72103e-06 1.72103e-06 1.72103e-06 2.86839e-06 3.44206e-06 4.1288e-05
scan 330 10 44 3.82451e-05 0 1.91226e-05 1.14735e-06 1.14735e-06 1.14735e-06 1.91226e-06 2.29471e-06 2.75253e-05
scan 330 10 45 0 0 0 0 0 0 0 0 0
scan 330 10 46 0 0 0 0 0 0 0 0 0
scan 330 10 47 9.56128e-06 0 9.56128e-06 2.86839e-07 2.86839e-07 2.86839e-07 4.78064e-07 5.73677e-07 6.88133e-06
scan 330 10 48 0 0 0 0 0 0 0 0 0
scan 330 10 49 9.56128e-06 0 9.56128e-06 2.86839e-07 2.86839e-07 2.86839e-07 4.78064e-07 5.73677e-07 6.88133e-06
scan 330 10 50 9.56128e-06 0 9.56128e-06 2.86839e-07 2.86839e-07 2.86839e-07 4.78064e-07 5.73677e-07 6.88133e-06
scan 330 10 51 0 0 0 0 0 0 0 0 0
scan 330 10 52 0 0 0 0 0 0 0 0 0
scan 330 10 53 0 0 0 0 0 0 0 0 0
scan 330 10 54 0 0 0 0 0 0 0 0 0
scan 330 10 55 0 0 0 0 0 0 0 0 0
scan 330 10 56 1.91226e-05 0 1.35217e-05 5.73677e-07 5.73677e-07 5.73677e-07 9.56128e-07 1.14735e-06 1.37627e-05
scan 330 10 57 1.91226e-05 0 1.35217e-05 5.73677e-07 5.73677e-07 5.73677e-07 9.56128e-07 1.14735e-06 1.37627e-05
scan 330 10 58 9.56128e-06 0 9.56128e-06 2.86839e-07 2.86839e-07 2.86839e-07 4.78064e-07 5.73677e-07 6.88133e-06
scan 330 10 59 9.56128e-06 0 9.56128e-06 2.86839e-07 2.86839e-07 2.86839e-07 4.78064e-07 5.73677e-07 6.88133e-06
scan 330 10 60 0 0 0 0 0 0 0 0 0
scan 330 10 61 0 0 0 0 0 0 0 0 0
scan 330 10 62 0 0 0 0 0 0 0 0 0
scan 330 10 63 0 0 0 0 0 0 0 0 0
scan 330 10 64 0 0 0 0 0 0 0 0 0
scan 330 10 65 0 0 0 0 0 0 0 0 0
scan 330 10 66 0 0 0 0 0 0 0 0 0
scan 330 10 67 0 0 0 0 0 0 0 0 0
scan 330 10 68 0 0 0 0 0 0 0 0 0
scan 330 10 69 0 0 0 0 0 0 0 0 0
scan 330 10 70 0 0 0 0 0 0 0 0 0
scan 330 10 71 0 0 0 0 0 0 0 0 0
scan 330 10 72 0 0 0 0 0 0 0 0 0
scan 330 10 73 0 0 0 0 0 0 0 0 0
scan 330 10 74 0 0 0 0 0 0 0 0 0
scan 330 10 75 0 0 0 0 0 0 0 0 0
scan 330 10 76 0 0 0 0 0 0 0 0 0
scan 330 10 77 0 0 0 0 0 0 0 0 0
scan 330 10 78 0 0 0 0 0 0 0 0 0
scan 330 10 79 0 0 0 0 0 0 0 0 0
scan 330 10 80 0 0 0 0 0 0 0 0 0
scan 330 10 81 9.56128e-06 0 9.56128e-06 2.86839e-07 2.86839e-07 2.86839e-07 4.78064e-07 5.73677e-07 6.88133e-06
scan 330 10 82 0 0 0 0 0 0 0 0 0
scan 330 10 83 0 0 0 0 0 0 0 0 0
scan 330 10 84 0 0 0 0 0 0 0 0 0
scan 330 10 85 0 0 0 0 0 0 0 0 0
scan 330 10 86 0 0 0 0 0 0 0 0 0
scan 330 10 87 9.56128e-06 0 9.56128e-06 2.86839e-07 2.86839e-07 2.86839e-07 4.78064e-07 5.73677e-07 6.88133e-06
scan 330 10 88 0 0 0 0 0 0 0 0 0
scan 330 10 89 0 0 0 0 0 0 0 0 0
scan 330 10 90 4.78064e-05 0 2.13797e-05 1.43419e-06 1.43419e-06 1.43419e-06 2.39032e-06 2.86839e-06 3.44067e-05
scan 330 10 91 8.60516e-05 0 2.86839e-05 2.58155e-06 2.58155e-06 2.58155e-06 4.30258e-06 5.16309e-06 6.1932e-05
scan 330 10 92 4.78064e-05 0 2.13797e-05 1.43419e-06 1.43419e-06 1.43419e-06 2.39032e-06 2.86839e-06 3.44067e-05
scan 330 10 93 0 0 0 0 0 0 0 0 0
scan 330 10 94 1.91226e-05 0 1.35217e-05 5.73677e-07 5.73677e-07 5.73677e-07 9.56128e-07 1.14735e-06 1.37627e-05
scan 330 10 95 0 0 0 0 0 0 0 0 0
scan 330 10 96 3.82451e-05 0 1.91226e-05 1.14735e-06 1.14735e-06 1.14735e-06 1.91226e-06 2.29471e-06 2.75253e-05
scan 330 10 97 9.56128e-06 0 9.56128e-06 2.86839e-07 2.86839e-07 2.86839e-07 4.78064e-07 5.73677e-07 6.88133e-06
scan 330 10 98 0 0 0 0 0 0 0 0 0
scan 330 10 99 0 0 0 0 0 0 0 0 0
scan 330 10 100 0 0 0 0 0 0 0 0 0
scan 330 10 101 2.86839e-05 0 1.65606e-05 8.60516e-07 8.60516e-07 8.60516e-07 1.43419e-06 1.72103e-06 2.0644e-05
scan 330 10 102 5.73677e-05 0 2.34203e-05 1.72103e-06 1.72103e-06 1.72103e-06 2.86839e-06 3.44206e-06 4.1288e-05
scan 330 10 103 2.86839e-05 0 1.65606e-05 8.60516e-07 8.60516e-07 8.60516e-07 1.43419e-06 1.72103e-06 2.0644e-05
scan 330 10 104 1.91226e-05 0 1.35217e-05 5.73677e-07 5.73677e-07 5.73677e-07 9.56128e-07 1.14735e-06 1.37627e-05
scan 330 10 60 0 0 0 0 0 0 0 0 0
scan 330 10 61 0 0 0 0 0 0 0 0 0
scan 330 10 62 0 0 0 0 0 0 0 0 0
scan 330 10 63 0 0 0 0 0 0 0 0 0
scan 330 10 64 0 0 0 0 0 0 0 0 0
scan 330 10 65 0 0 0 0 0 0 0 0 0
scan 330 10 66 0 0 0 0 0 0 0 0 0
scan 330 10 67 0 0 0 0 0 0 0 0 0
scan 330 10 68 0 0 0 0 0 0 0 0 0
scan 330 10 69 0 0 0 0 0 0 0 0 0
scan 330 10 70 0 0 0 0 0 0 0 0 0
scan 330 10 71 0 0 0 0 0 0 0 0 0
scan 330 10 72 0 0 0 0 0 0 0 0 0
scan 330 10 73 0 0 0 0 0 0 0 0 0
scan 330 10 74 0 0 0 0 0 0 0 0 0
scan 330 10 120 0 0 0 0 0 0 0 0 0
scan 330 10 121 0 0 0 0 0 0 0 0 0
scan 330 10 122 0 0 0 0 0 0 0 0 0
scan 330 10 123 0 0 0 0 0 0 0 0 0
scan 330 10 124 0 0 0 0 0 0 0 0 0
scan 330 10 125 0 0 0 0 0 0 0 0 0
scan 330 10 126 0 0 0 0 0 0 0 0 0
scan 330 10 127 0 0 0 0 0 0 0 0 0
scan 330 10 128 0 0 0 0 0 0 0 0 0
scan 330 10 129 0 0 0 0 0 0 0 0 0
scan 330 10 130 0 0 0 0 0 0 0 0 0
scan 330 10 131 0 0 0 0 0 0 0 0 0
scan 330 10 132 0 0 0 0 0 0 0 0 0
scan 330 10 133 0 0 0 0 0 0 0 0 0
scan 330 10 134 0 0 0 0 0 0 0 0 0
scan 330 10 135 0 0 0 0 0 0 0 0 0
scan 330 10 136 5.73677e-05 0 2.34203e-05 1.72103e-06 1.72103e-06 1.72103e-06 2.86839e-06 3.44206e-06 4.1288e-05
scan 330 10 137 0 0 0 0 0 0 0 0 0
scan 330 10 138 0 0 0 0 0 0 0 0 0
scan 330 10 139 0 0 0 0 0 0 0 0 0
scan 330 10 140 9.56128e-06 0 9.56128e-06 2.86839e-07 2.86839e-07 2.86839e-07 4.78064e-07 5.73677e-07 6.88133e-06
scan 330 10 141 1.91226e-05 0 1.35217e-05 5.73677e-07 5.73677e-07 5.73677e-07 9.56128e-07 1.14735e-06 1.37627e-05
scan 330 10 142 2.86839e-05 0 1.65606e-05 8.60516e-07 8.60516e-07 8.60516e-07 1.43419e-06 1.72103e-06 2.0644e-05
scan 330 10 143 9.56128e-06 0 9.56128e-06 2.86839e-07 2.86839e-07 2.86839e-07 4.78064e-07 5.73677e-07 6.88133e-06
scan 330 10 144 9.56128e-06 0 9.56128e-06 2.86839e-07 2.86839e-07 2.86839e-07 4.78064e-07 5.73677e-07 6.88133e-06
scan 330 10 145 0 0 0 0 0 0 0 0 0
scan 330 10 146 0 0 0 0 0 0 0 0 0
scan 330 10 147 9.56128e-06 0 9.56128e-06 2.86839e-07 2.86839e-07 2.86839e-07 4.78064e-07 5.73677e-07 6.88133e-06
scan 330 10 148 1.91226e-05 0 1.35217e-05 5.73677e-07 5.73677e-07 5.73677e-07 9.56128e-07 1.14735e-06 1.37627e-05
scan 330 10 149 0 0 0 0 0 0 0 0 0
scan 330 10 60 0 0 0 0 0 0 0 0 0
scan 330 10 61 0 0 0 0 0 0 0 0 0
scan 330 10 62 0 0 0 0 0 0 0 0 0
scan 330 10 63 0 0 0 0 0 0 0 0 0
scan 330 10 64 0 0 0 0 0 0 0 0 0
scan 330 10 65 0 0 0 0 0 0 0 0 0
scan 330 10 66 0 0 0 0 0 0 0 0 0
scan 330 10 67 0 0 0 0 0 0 0 0 0
scan 330 10 68 0 0 0 0 0 0 0 0 0
scan 330 10 69 0 0 0 0 0 0 0 0 0
scan 330 10 70 0 0 0 0 0 0 0 0 0
scan 330 10 71 0 0 0 0 0 0 0 0 0
scan 330 10 72 0 0 0 0 0 0 0 0 0
scan 330 10 73 0 0 0 0 0 0 0 0 0
scan 330 10 74 0 0 0 0 0 0 0 0 0
scan 330 10 165 0 0 0 0 0 0 0 0 0
scan 330 10 166 0 0 0 0 0 0 0 0 0
scan 330 10 167 0 0 0 0 0 0 0 0 0
scan 330 10 168 0 0 0 0 0 0 0 0 0
scan 330 10 169 0 0 0 0 0 0 0 0 0
scan 330 10 170 0 0 0 0 0 0 0 0 0
scan 330 10 171 0 0 0 0 0 0 0 0 0
scan 330 10 172 0 0 0 0 0 0 0 0 0
scan 330 10 173 0 0 0 0 0 0 0 0 0
scan 330 10 174 0 0 0 0 0 0 0 0 0
scan 330 10 175 0 0 0 0 0 0 0 0 0
scan 330 10 176 0 0 0 0 0 0 0 0 0
scan 330 10 177 0 0 0 0 0 0 0 0 0
scan 330 10 178 0 0 0 0 0 0 0 0 0
scan 330 10 179 9.56128e-06 0 9.56128e-06 2.86839e-07 2.86839e-07 2.86839e-07 4.78064e-07 5.73677e-07 6.88133e-06
