xsec 170 60 1.47712
scan 170 60 0 0.0011817 0 0.000417792 3.54509e-05 3.54509e-05 3.54509e-05 5.90848e-05 7.09017e-05 0.000792271
scan 170 60 1 0.00177254 0 0.000511689 5.31763e-05 5.31763e-05 5.31763e-05 8.86272e-05 0.000106353 0.00118841
scan 170 60 2 0.000590848 0 0.000295424 1.77254e-05 1.77254e-05 1.77254e-05 2.95424e-05 3.54509e-05 0.000396135
scan 170 60 3 0 0 0 0 0 0 0 0 0
scan 170 60 4 0 0 0 0 0 0 0 0 0
scan 170 60 5 0 0 0 0 0 0 0 0 0
scan 170 60 6 0.000443136 0 0.000255845 1.32941e-05 1.32941e-05 1.32941e-05 2.21568e-05 2.65881e-05 0.000297102
scan 170 60 7 0.000147712 0 0.000147712 4.43136e-06 4.43136e-06 4.43136e-06 7.3856e-06 8.86272e-06 9.90339e-05
scan 170 60 8 0 0 0 0 0 0 0 0 0
scan 170 60 9 0 0 0 0 0 0 0 0 0
scan 170 60 10 0 0 0 0 0 0 0 0 0
scan 170 60 11 0 0 0 0 0 0 0 0 0
scan 170 60 12 0.000147712 0 0.000147712 4.43136e-06 4.43136e-06 4.43136e-06 7.3856e-06 8.86272e-06 9.90339e-05
scan 170 60 13 0 0 0 0 0 0 0 0 0
scan 170 60 14 0 0 0 0 0 0 0 0 0
scan 170 60 15 0.0342692 0 0.00224988 0.00102807 0.00102807 0.00102807 0.00171346 0.00205615 0.0229759
scan 170 60 16 0.0336783 0 0.0022304 0.00101035 0.00101035 0.00101035 0.00168392 0.0020207 0.0225797
scan 170 60 17 0.0116692 0 0.00131289 0.000350077 0.000350077 0.000350077 0.000583462 0.000700155 0.00782367
scan 170 60 18 0.00206797 0 0.000552687 6.2039e-05 6.2039e-05 6.2039e-05 0.000103398 0.000124078 0.00138647
scan 170 60 19 0.000886272 0 0.000361819 2.65881e-05 2.65881e-05 2.65881e-05 4.43136e-05 5.31763e-05 0.000594203
scan 170 60 20 0.0011817 0 0.000417792 3.54509e-05 3.54509e-05 3.54509e-05 5.90848e-05 7.09017e-05 0.000792271
scan 170 60 21 0.00723788 0 0.00103398 0.000217137 0.000217137 0.000217137 0.000361894 0.000434273 0.00485266
scan 170 60 22 0.0011817 0 0.000417792 3.54509e-05 3.54509e-05 3.54509e-05 5.90848e-05 7.09017e-05 0.000792271
scan 170 60 23 0.00073856 0 0.000330294 2.21568e-05 2.21568e-05 2.21568e-05 3.6928e-05 4.43136e-05 0.000495169
scan 170 60 24 0.000295424 0 0.000208896 8.86272e-06 8.86272e-06 8.86272e-06 1.47712e-05 1.77254e-05 0.000198068
scan 170 60 25 0.000295424 0 0.000208896 8.86272e-06 8.86272e-06 8.86272e-06 1.47712e-05 1.77254e-05 0.000198068
scan 170 60 26 0.00177254 0 0.000511689 5.31763e-05 5.31763e-05 5.31763e-05 8.86272e-05 0.000106353 0.00118841
scan 170 60 27 0.00221568 0 0.000572086 6.64704e-05 6.64704e-05 6.64704e-05 0.000110784 0.000132941 0.00148551
scan 170 60 28 0 0 0 0 0 0 0 0 0
scan 170 60 29 0 0 0 0 0 0 0 0 0
scan 170 60 30 0.000147712 0 0.000147712 4.43136e-06 4.43136e-06 4.43136e-06 7.3856e-06 8.86272e-06 9.90339e-05
scan 170 60 31 0.000147712 0 0.000147712 4.43136e-06 4.43136e-06 4.43136e-06 7.3856e-06 8.86272e-06 9.90339e-05
scan 170 60 32 0 0 0 0 0 0 0 0 0
scan 170 60 33 0 0 0 0 0 0 0 0 0
scan 170 60 34 0 0 0 0 0 0 0 0 0
scan 170 60 35 0 0 0 0 0 0 0 0 0
scan 170 60 36 0 0 0 0 0 0 0 0 0
scan 170 60 37 0 0 0 0 0 0 0 0 0
scan 170 60 38 0 0 0 0 0 0 0 0 0
scan 170 60 39 0 0 0 0 0 0 0 0 0
scan 170 60 40 0 0 0 0 0 0 0 0 0
scan 170 60 41 0 0 0 0 0 0 0 0 0
scan 170 60 42 0 0 0 0 0 0 0 0 0
scan 170 60 43 0 0 0 0 0 0 0 0 0
scan 170 60 44 0.000147712 0 0.000147712 4.43136e-06 4.43136e-06 4.43136e-06 7.3856e-06 8.86272e-06 9.90339e-05
scan 170 60 45 0.000295424 0 0.000208896 8.86272e-06 8.86272e-06 8.86272e-06 1.47712e-05 1.77254e-05 0.000198068
scan 170 60 46 0.000295424 0 0.000208896 8.86272e-06 8.86272e-06 8.86272e-06 1.47712e-05 1.77254e-05 0.000198068
scan 170 60 47 0 0 0 0 0 0 0 0 0
scan 170 60 48 0 0 0 0 0 0 0 0 0
scan 170 60 49 0 0 0 0 0 0 0 0 0
scan 170 60 50 0 0 0 0 0 0 0 0 0
scan 170 60 51 0 0 0 0 0 0 0 0 0
scan 170 60 52 0 0 0 0 0 0 0 0 0
scan 170 60 53 0 0 0 0 0 0 0 0 0
scan 170 60 54 0 0 0 0 0 0 0 0 0
scan 170 60 55 0 0 0 0 0 0 0 0 0
scan 170 60 56 0 0 0 0 0 0 0 0 0
scan 170 60 57 0 0 0 0 0 0 0 0 0
scan 170 60 58 0 0 0 0 0 0 0 0 0
scan 170 60 59 0 0 0 0 0 0 0 0 0
scan 170 60 60 0 0 0 0 0 0 0 0 0
scan 170 60 61 0 0 0 0 0 0 0 0 0
scan 170 60 62 0 0 0 0 0 0 0 0 0
scan 170 60 63 0 0 0 0 0 0 0 0 0
scan 170 60 64 0 0 0 0 0 0 0 0 0
scan 170 60 65 0 0 0 0 0 0 0 0 0
scan 170 60 66 0 0 0 0 0 0 0 0 0
scan 170 60 67 0 0 0 0 0 0 0 0 0
scan 170 60 68 0 0 0 0 0 0 0 0 0
scan 170 60 69 0 0 0 0 0 0 0 0 0
scan 170 60 70 0 0 0 0 0 0 0 0 0
scan 170 60 71 0 0 0 0 0 0 0 0 0
scan 170 60 72 0 0 0 0 0 0 0 0 0
scan 170 60 73 0 0 0 0 0 0 0 0 0
scan 170 60 74 0 0 0 0 0 0 0 0 0
scan 170 60 75 0.000147712 0 0.000147712 4.43136e-06 4.43136e-06 4.43136e-06 7.3856e-06 8.86272e-06 9.90339e-05
scan 170 60 76 0 0 0 0 0 0 0 0 0
scan 170 60 77 0 0 0 0 0 0 0 0 0
scan 170 60 78 0 0 0 0 0 0 0 0 0
scan 170 60 79 0 0 0 0 0 0 0 0 0
scan 170 60 80 0 0 0 0 0 0 0 0 0
scan 170 60 81 0.000147712 0 0.000147712 4.43136e-06 4.43136e-06 4.43136e-06 7.3856e-06 8.86272e-06 9.90339e-05
scan 170 60 82 0 0 0 0 0 0 0 0 0
scan 170 60 83 0 0 0 0 0 0 0 0 0
scan 170 60 84 0 0 0 0 0 0 0 0 0
scan 170 60 85 0 0 0 0 0 0 0 0 0
scan 170 60 86 0 0 0 0 0 0 0 0 0
scan 170 60 87 0 0 0 0 0 0 0 0 0
scan 170 60 88 0 0 0 0 0 0 0 0 0
scan 170 60 89 0 0 0 0 0 0 0 0 0
scan 170 60 90 0.00132941 0 0.000443136 3.98822e-05 3.98822e-05 3.98822e-05 6.64704e-05 7.97644e-05 0.000891305
scan 170 60 91 0.00132941 0 0.000443136 3.98822e-05 3.98822e-05 3.98822e-05 6.64704e-05 7.97644e-05 0.000891305
scan 170 60 92 0.000147712 0 0.000147712 4.43136e-06 4.43136e-06 4.43136e-06 7.3856e-06 8.86272e-06 9.90339e-05
scan 170 60 93 0.000147712 0 0.000147712 4.43136e-06 4.43136e-06 4.43136e-06 7.3856e-06 8.86272e-06 9.90339e-05
scan 170 60 94 0 0 0 0 0 0 0 0 0
scan 170 60 95 0.000147712 0 0.000147712 4.43136e-06 4.43136e-06 4.43136e-06 7.3856e-06 8.86272e-06 9.90339e-05
scan 170 60 96 0.000147712 0 0.000147712 4.43136e-06 4.43136e-06 4.43136e-06 7.3856e-06 8.86272e-06 9.90339e-05
scan 170 60 97 0.000147712 0 0.000147712 4.43136e-06 4.43136e-06 4.43136e-06 7.3856e-06 8.86272e-06 9.90339e-05
scan 170 60 98 0 0 0 0 0 0 0 0 0
scan 170 60 99 0 0 0 0 0 0 0 0 0
scan 170 60 100 0 0 0 0 0 0 0 0 0
scan 170 60 101 0 0 0 0 0 0 0 0 0
scan 170 60 102 0 0 0 0 0 0 0 0 0
scan 170 60 103 0 0 0 0 0 0 0 0 0
scan 170 60 104 0 0 0 0 0 0 0 0 0
scan 170 60 60 0 0 0 0 0 0 0 0 0
scan 170 60 61 0 0 0 0 0 0 0 0 0
scan 170 60 62 0 0 0 0 0 0 0 0 0
scan 170 60 63 0 0 0 0 0 0 0 0 0
scan 170 60 64 0 0 0 0 0 0 0 0 0
scan 170 60 65 0 0 0 0 0 0 0 0 0
scan 170 60 66 0 0 0 0 0 0 0 0 0
scan 170 60 67 0 0 0 0 0 0 0 0 0
scan 170 60 68 0 0 0 0 0 0 0 0 0
scan 170 60 69 0 0 0 0 0 0 0 0 0
scan 170 60 70 0 0 0 0 0 0 0 0 0
scan 170 60 71 0 0 0 0 0 0 0 0 0
scan 170 60 72 0 0 0 0 0 0 0 0 0
scan 170 60 73 0 0 0 0 0 0 0 0 0
scan 170 60 74 0 0 0 0 0 0 0 0 0
scan 170 60 120 0 0 0 0 0 0 0 0 0
scan 170 60 121 0 0 0 0 0 0 0 0 0
scan 170 60 122 0 0 0 0 0 0 0 0 0
scan 170 60 123 0 0 0 0 0 0 0 0 0
scan 170 60 124 0 0 0 0 0 0 0 0 0
scan 170 60 125 0 0 0 0 0 0 0 0 0
scan 170 60 126 0 0 0 0 0 0 0 0 0
scan 170 60 127 0 0 0 0 0 0 0 0 0
scan 170 60 128 0 0 0 0 0 0 0 0 0
scan 170 60 129 0 0 0 0 0 0 0 0 0
scan 170 60 130 0 0 0 0 0 0 0 0 0
scan 170 60 131 0 0 0 0 0 0 0 0 0
scan 170 60 132 0 0 0 0 0 0 0 0 0
scan 170 60 133 0 0 0 0 0 0 0 0 0
scan 170 60 134 0 0 0 0 0 0 0 0 0
scan 170 60 135 0.00073856 0 0.000330294 2.21568e-05 2.21568e-05 2.21568e-05 3.6928e-05 4.43136e-05 0.000495169
scan 170 60 136 0.000295424 0 0.000208896 8.86272e-06 8.86272e-06 8.86272e-06 1.47712e-05 1.77254e-05 0.000198068
scan 170 60 137 0.000147712 0 0.000147712 4.43136e-06 4.43136e-06 4.43136e-06 7.3856e-06 8.86272e-06 9.90339e-05
scan 170 60 138 0 0 0 0 0 0 0 0 0
scan 170 60 139 0.000147712 0 0.000147712 4.43136e-06 4.43136e-06 4.43136e-06 7.3856e-06 8.86272e-06 9.90339e-05
scan 170 60 140 0 0 0 0 0 0 0 0 0
scan 170 60 141 0 0 0 0 0 0 0 0 0
scan 170 60 142 0.000147712 0 0.000147712 4.43136e-06 4.43136e-06 4.43136e-06 7.3856e-06 8.86272e-06 9.90339e-05
scan 170 60 143 0 0 0 0 0 0 0 0 0
scan 170 60 144 0 0 0 0 0 0 0 0 0
scan 170 60 145 0 0 0 0 0 0 0 0 0
scan 170 60 146 0 0 0 0 0 0 0 0 0
scan 170 60 147 0.000147712 0 0.000147712 4.43136e-06 4.43136e-06 4.43136e-06 7.3856e-06 8.86272e-06 9.90339e-05
scan 170 60 148 0 0 0 0 0 0 0 0 0
scan 170 60 149 0 0 0 0 0 0 0 0 0
scan 170 60 60 0 0 0 0 0 0 0 0 0
scan 170 60 61 0 0 0 0 0 0 0 0 0
scan 170 60 62 0 0 0 0 0 0 0 0 0
scan 170 60 63 0 0 0 0 0 0 0 0 0
scan 170 60 64 0 0 0 0 0 0 0 0 0
scan 170 60 65 0 0 0 0 0 0 0 0 0
scan 170 60 66 0 0 0 0 0 0 0 0 0
scan 170 60 67 0 0 0 0 0 0 0 0 0
scan 170 60 68 0 0 0 0 0 0 0 0 0
scan 170 60 69 0 0 0 0 0 0 0 0 0
scan 170 60 70 0 0 0 0 0 0 0 0 0
scan 170 60 71 0 0 0 0 0 0 0 0 0
scan 170 60 72 0 0 0 0 0 0 0 0 0
scan 170 60 73 0 0 0 0 0 0 0 0 0
scan 170 60 74 0 0 0 0 0 0 0 0 0
scan 170 60 165 0 0 0 0 0 0 0 0 0
scan 170 60 166 0 0 0 0 0 0 0 0 0
scan 170 60 167 0 0 0 0 0 0 0 0 0
scan 170 60 168 0 0 0 0 0 0 0 0 0
scan 170 60 169 0 0 0 0 0 0 0 0 0
scan 170 60 170 0 0 0 0 0 0 0 0 0
scan 170 60 171 0 0 0 0 0 0 0 0 0
scan 170 60 172 0 0 0 0 0 0 0 0 0
scan 170 60 173 0 0 0 0 0 0 0 0 0
scan 170 60 174 0 0 0 0 0 0 0 0 0
scan 170 60 175 0 0 0 0 0 0 0 0 0
scan 170 60 176 0 0 0 0 0 0 0 0 0
scan 170 60 177 0 0 0 0 0 0 0 0 0
scan 170 60 178 0 0 0 0 0 0 0 0 0
scan 170 60 179 0 0 0 0 0 0 0 0 0
