xsec 410 30 0.0350132
scan 410 30 0 3.50167e-06 0 3.50167e-06 1.0505e-07 1.0505e-07 1.0505e-07 1.75084e-07 2.101e-07 2.58073e-06
scan 410 30 1 1.40067e-05 0 7.00335e-06 4.20201e-07 4.20201e-07 4.20201e-07 7.00335e-07 8.40401e-07 1.03229e-05
scan 410 30 2 2.45117e-05 0 9.26456e-06 7.35351e-07 7.35351e-07 7.35351e-07 1.22559e-06 1.4707e-06 1.80651e-05
scan 410 30 3 1.40067e-05 0 7.00335e-06 4.20201e-07 4.20201e-07 4.20201e-07 7.00335e-07 8.40401e-07 1.03229e-05
scan 410 30 4 1.40067e-05 0 7.00335e-06 4.20201e-07 4.20201e-07 4.20201e-07 7.00335e-07 8.40401e-07 1.03229e-05
scan 410 30 5 0 0 0 0 0 0 0 0 0
scan 410 30 6 3.50167e-06 0 3.50167e-06 1.0505e-07 1.0505e-07 1.0505e-07 1.75084e-07 2.101e-07 2.58073e-06
scan 410 30 7 0 0 0 0 0 0 0 0 0
scan 410 30 8 3.50167e-06 0 3.50167e-06 1.0505e-07 1.0505e-07 1.0505e-07 1.75084e-07 2.101e-07 2.58073e-06
scan 410 30 9 7.00335e-06 0 4.95211e-06 2.101e-07 2.101e-07 2.101e-07 3.50167e-07 4.20201e-07 5.16146e-06
scan 410 30 10 3.50167e-06 0 3.50167e-06 1.0505e-07 1.0505e-07 1.0505e-07 1.75084e-07 2.101e-07 2.58073e-06
scan 410 30 11 3.50167e-06 0 3.50167e-06 1.0505e-07 1.0505e-07 1.0505e-07 1.75084e-07 2.101e-07 2.58073e-06
scan 410 30 12 1.40067e-05 0 7.00335e-06 4.20201e-07 4.20201e-07 4.20201e-07 7.00335e-07 8.40401e-07 1.03229e-05
scan 410 30 13 1.75084e-05 0 7.82998e-06 5.25251e-07 5.25251e-07 5.25251e-07 8.75418e-07 1.0505e-06 1.29037e-05
scan 410 30 14 1.0505e-05 0 6.06507e-06 3.15151e-07 3.15151e-07 3.15151e-07 5.25251e-07 6.30301e-07 7.74219e-06
scan 410 30 15 9.80468e-05 0 1.85291e-05 2.94141e-06 2.94141e-06 2.94141e-06 4.90234e-06 5.88281e-06 7.22605e-05
scan 410 30 16 0.0002101 0 2.71238e-05 6.30301e-06 6.30301e-06 6.30301e-06 1.0505e-05 1.2606e-05 0.000154844
scan 410 30 17 0.000199595 0 2.6437e-05 5.98786e-06 5.98786e-06 5.98786e-06 9.97977e-06 1.19757e-05 0.000147102
scan 410 30 18 0.000196094 0 2.62041e-05 5.88281e-06 5.88281e-06 5.88281e-06 9.80468e-06 1.17656e-05 0.000144521
scan 410 30 19 0.000332659 0 3.41301e-05 9.97977e-06 9.97977e-06 9.97977e-06 1.66329e-05 1.99595e-05 0.000245169
scan 410 30 20 2.45117e-05 0 9.26456e-06 7.35351e-07 7.35351e-07 7.35351e-07 1.22559e-06 1.4707e-06 1.80651e-05
scan 410 30 21 4.55217e-05 0 1.26255e-05 1.36565e-06 1.36565e-06 1.36565e-06 2.27609e-06 2.7313e-06 3.35495e-05
scan 410 30 22 5.95284e-05 0 1.44378e-05 1.78585e-06 1.78585e-06 1.78585e-06 2.97642e-06 3.57171e-06 4.38724e-05
scan 410 30 23 8.05385e-05 0 1.67934e-05 2.41615e-06 2.41615e-06 2.41615e-06 4.02692e-06 4.83231e-06 5.93568e-05
scan 410 30 24 0.000115555 0 2.01156e-05 3.46666e-06 3.46666e-06 3.46666e-06 5.77776e-06 6.93331e-06 8.51641e-05
scan 410 30 25 1.40067e-05 0 7.00335e-06 4.20201e-07 4.20201e-07 4.20201e-07 7.00335e-07 8.40401e-07 1.03229e-05
scan 410 30 26 5.95284e-05 0 1.44378e-05 1.78585e-06 1.78585e-06 1.78585e-06 2.97642e-06 3.57171e-06 4.38724e-05
scan 410 30 27 0.000192592 0 2.59691e-05 5.77776e-06 5.77776e-06 5.77776e-06 9.6296e-06 1.15555e-05 0.00014194
scan 410 30 28 0.000262625 0 3.03254e-05 7.87876e-06 7.87876e-06 7.87876e-06 1.31313e-05 1.57575e-05 0.000193555
scan 410 30 29 0.00100498 0 5.93221e-05 3.01494e-05 3.01494e-05 3.01494e-05 5.0249e-05 6.02988e-05 0.00074067
scan 410 30 30 3.50167e-06 0 3.50167e-06 1.0505e-07 1.0505e-07 1.0505e-07 1.75084e-07 2.101e-07 2.58073e-06
scan 410 30 31 1.40067e-05 0 7.00335e-06 4.20201e-07 4.20201e-07 4.20201e-07 7.00335e-07 8.40401e-07 1.03229e-05
scan 410 30 32 7.00335e-06 0 4.95211e-06 2.101e-07 2.101e-07 2.101e-07 3.50167e-07 4.20201e-07 5.16146e-06
scan 410 30 33 7.00335e-06 0 4.95211e-06 2.101e-07 2.101e-07 2.101e-07 3.50167e-07 4.20201e-07 5.16146e-06
scan 410 30 34 1.75084e-05 0 7.82998e-06 5.25251e-07 5.25251e-07 5.25251e-07 8.75418e-07 1.0505e-06 1.29037e-05
scan 410 30 35 0 0 0 0 0 0 0 0 0
scan 410 30 36 0 0 0 0 0 0 0 0 0
scan 410 30 37 3.50167e-06 0 3.50167e-06 1.0505e-07 1.0505e-07 1.0505e-07 1.75084e-07 2.101e-07 2.58073e-06
scan 410 30 38 0 0 0 0 0 0 0 0 0
scan 410 30 39 3.50167e-06 0 3.50167e-06 1.0505e-07 1.0505e-07 1.0505e-07 1.75084e-07 2.101e-07 2.58073e-06
scan 410 30 40 0 0 0 0 0 0 0 0 0
scan 410 30 41 0 0 0 0 0 0 0 0 0
scan 410 30 42 7.00335e-06 0 4.95211e-06 2.101e-07 2.101e-07 2.101e-07 3.50167e-07 4.20201e-07 5.16146e-06
scan 410 30 43 1.40067e-05 0 7.00335e-06 4.20201e-07 4.20201e-07 4.20201e-07 7.00335e-07 8.40401e-07 1.03229e-05
scan 410 30 44 4.90234e-05 0 1.31021e-05 1.4707e-06 1.4707e-06 1.4707e-06 2.45117e-06 2.94141e-06 3.61302e-05
scan 410 30 45 3.50167e-06 0 3.50167e-06 1.0505e-07 1.0505e-07 1.0505e-07 1.75084e-07 2.101e-07 2.58073e-06
scan 410 30 46 3.50167e-06 0 3.50167e-06 1.0505e-07 1.0505e-07 1.0505e-07 1.75084e-07 2.101e-07 2.58073e-06
scan 410 30 47 0 0 0 0 0 0 0 0 0
scan 410 30 48 0 0 0 0 0 0 0 0 0
scan 410 30 49 0 0 0 0 0 0 0 0 0
scan 410 30 50 0 0 0 0 0 0 0 0 0
scan 410 30 51 0 0 0 0 0 0 0 0 0
scan 410 30 52 0 0 0 0 0 0 0 0 0
scan 410 30 53 0 0 0 0 0 0 0 0 0
scan 410 30 54 0 0 0 0 0 0 0 0 0
scan 410 30 55 0 0 0 0 0 0 0 0 0
scan 410 30 56 3.50167e-06 0 3.50167e-06 1.0505e-07 1.0505e-07 1.0505e-07 1.75084e-07 2.101e-07 2.58073e-06
scan 410 30 57 0 0 0 0 0 0 0 0 0
scan 410 30 58 1.40067e-05 0 7.00335e-06 4.20201e-07 4.20201e-07 4.20201e-07 7.00335e-07 8.40401e-07 1.03229e-05
scan 410 30 59 7.00335e-06 0 4.95211e-06 2.101e-07 2.101e-07 2.101e-07 3.50167e-07 4.20201e-07 5.16146e-06
scan 410 30 60 0 0 0 0 0 0 0 0 0
scan 410 30 61 0 0 0 0 0 0 0 0 0
scan 410 30 62 0 0 0 0 0 0 0 0 0
scan 410 30 63 0 0 0 0 0 0 0 0 0
scan 410 30 64 0 0 0 0 0 0 0 0 0
scan 410 30 65 0 0 0 0 0 0 0 0 0
scan 410 30 66 0 0 0 0 0 0 0 0 0
scan 410 30 67 0 0 0 0 0 0 0 0 0
scan 410 30 68 0 0 0 0 0 0 0 0 0
scan 410 30 69 0 0 0 0 0 0 0 0 0
scan 410 30 70 0 0 0 0 0 0 0 0 0
scan 410 30 71 0 0 0 0 0 0 0 0 0
scan 410 30 72 0 0 0 0 0 0 0 0 0
scan 410 30 73 0 0 0 0 0 0 0 0 0
scan 410 30 74 0 0 0 0 0 0 0 0 0
scan 410 30 75 0 0 0 0 0 0 0 0 0
scan 410 30 76 3.50167e-06 0 3.50167e-06 1.0505e-07 1.0505e-07 1.0505e-07 1.75084e-07 2.101e-07 2.58073e-06
scan 410 30 77 0 0 0 0 0 0 0 0 0
scan 410 30 78 0 0 0 0 0 0 0 0 0
scan 410 30 79 0 0 0 0 0 0 0 0 0
scan 410 30 80 0 0 0 0 0 0 0 0 0
scan 410 30 81 0 0 0 0 0 0 0 0 0
scan 410 30 82 0 0 0 0 0 0 0 0 0
scan 410 30 83 0 0 0 0 0 0 0 0 0
scan 410 30 84 0 0 0 0 0 0 0 0 0
scan 410 30 85 0 0 0 0 0 0 0 0 0
scan 410 30 86 3.50167e-06 0 3.50167e-06 1.0505e-07 1.0505e-07 1.0505e-07 1.75084e-07 2.101e-07 2.58073e-06
scan 410 30 87 0 0 0 0 0 0 0 0 0
scan 410 30 88 0 0 0 0 0 0 0 0 0
scan 410 30 89 0 0 0 0 0 0 0 0 0
scan 410 30 90 1.40067e-05 0 7.00335e-06 4.20201e-07 4.20201e-07 4.20201e-07 7.00335e-07 8.40401e-07 1.03229e-05
scan 410 30 91 1.0505e-05 0 6.06507e-06 3.15151e-07 3.15151e-07 3.15151e-07 5.25251e-07 6.30301e-07 7.74219e-06
scan 410 30 92 3.50167e-06 0 3.50167e-06 1.0505e-07 1.0505e-07 1.0505e-07 1.75084e-07 2.101e-07 2.58073e-06
scan 410 30 93 0 0 0 0 0 0 0 0 0
scan 410 30 94 0 0 0 0 0 0 0 0 0
scan 410 30 95 0 0 0 0 0 0 0 0 0
scan 410 30 96 0 0 0 0 0 0 0 0 0
scan 410 30 97 7.00335e-06 0 4.95211e-06 2.101e-07 2.101e-07 2.101e-07 3.50167e-07 4.20201e-07 5.16146e-06
scan 410 30 98 0 0 0 0 0 0 0 0 0
scan 410 30 99 0 0 0 0 0 0 0 0 0
scan 410 30 100 0 0 0 0 0 0 0 0 0
scan 410 30 101 3.50167e-06 0 3.50167e-06 1.0505e-07 1.0505e-07 1.0505e-07 1.75084e-07 2.101e-07 2.58073e-06
scan 410 30 102 1.40067e-05 0 7.00335e-06 4.20201e-07 4.20201e-07 4.20201e-07 7.00335e-07 8.40401e-07 1.03229e-05
scan 410 30 103 1.75084e-05 0 7.82998e-06 5.25251e-07 5.25251e-07 5.25251e-07 8.75418e-07 1.0505e-06 1.29037e-05
scan 410 30 104 1.40067e-05 0 7.00335e-06 4.20201e-07 4.20201e-07 4.20201e-07 7.00335e-07 8.40401e-07 1.03229e-05
scan 410 30 60 0 0 0 0 0 0 0 0 0
scan 410 30 61 0 0 0 0 0 0 0 0 0
scan 410 30 62 0 0 0 0 0 0 0 0 0
scan 410 30 63 0 0 0 0 0 0 0 0 0
scan 410 30 64 0 0 0 0 0 0 0 0 0
scan 410 30 65 0 0 0 0 0 0 0 0 0
scan 410 30 66 0 0 0 0 0 0 0 0 0
scan 410 30 67 0 0 0 0 0 0 0 0 0
scan 410 30 68 0 0 0 0 0 0 0 0 0
scan 410 30 69 0 0 0 0 0 0 0 0 0
scan 410 30 70 0 0 0 0 0 0 0 0 0
scan 410 30 71 0 0 0 0 0 0 0 0 0
scan 410 30 72 0 0 0 0 0 0 0 0 0
scan 410 30 73 0 0 0 0 0 0 0 0 0
scan 410 30 74 0 0 0 0 0 0 0 0 0
scan 410 30 120 0 0 0 0 0 0 0 0 0
scan 410 30 121 0 0 0 0 0 0 0 0 0
scan 410 30 122 0 0 0 0 0 0 0 0 0
scan 410 30 123 0 0 0 0 0 0 0 0 0
scan 410 30 124 0 0 0 0 0 0 0 0 0
scan 410 30 125 0 0 0 0 0 0 0 0 0
scan 410 30 126 0 0 0 0 0 0 0 0 0
scan 410 30 127 0 0 0 0 0 0 0 0 0
scan 410 30 128 0 0 0 0 0 0 0 0 0
scan 410 30 129 0 0 0 0 0 0 0 0 0
scan 410 30 130 0 0 0 0 0 0 0 0 0
scan 410 30 131 0 0 0 0 0 0 0 0 0
scan 410 30 132 0 0 0 0 0 0 0 0 0
scan 410 30 133 0 0 0 0 0 0 0 0 0
scan 410 30 134 3.50167e-06 0 3.50167e-06 1.0505e-07 1.0505e-07 1.0505e-07 1.75084e-07 2.101e-07 2.58073e-06
scan 410 30 135 3.50167e-06 0 3.50167e-06 1.0505e-07 1.0505e-07 1.0505e-07 1.75084e-07 2.101e-07 2.58073e-06
scan 410 30 136 3.50167e-06 0 3.50167e-06 1.0505e-07 1.0505e-07 1.0505e-07 1.75084e-07 2.101e-07 2.58073e-06
scan 410 30 137 0 0 0 0 0 0 0 0 0
scan 410 30 138 0 0 0 0 0 0 0 0 0
scan 410 30 139 0 0 0 0 0 0 0 0 0
scan 410 30 140 0 0 0 0 0 0 0 0 0
scan 410 30 141 0 0 0 0 0 0 0 0 0
scan 410 30 142 7.00335e-06 0 4.95211e-06 2.101e-07 2.101e-07 2.101e-07 3.50167e-07 4.20201e-07 5.16146e-06
scan 410 30 143 0 0 0 0 0 0 0 0 0
scan 410 30 144 0 0 0 0 0 0 0 0 0
scan 410 30 145 0 0 0 0 0 0 0 0 0
scan 410 30 146 0 0 0 0 0 0 0 0 0
scan 410 30 147 1.0505e-05 0 6.06507e-06 3.15151e-07 3.15151e-07 3.15151e-07 5.25251e-07 6.30301e-07 7.74219e-06
scan 410 30 148 0 0 0 0 0 0 0 0 0
scan 410 30 149 3.50167e-06 0 3.50167e-06 1.0505e-07 1.0505e-07 1.0505e-07 1.75084e-07 2.101e-07 2.58073e-06
scan 410 30 60 0 0 0 0 0 0 0 0 0
scan 410 30 61 0 0 0 0 0 0 0 0 0
scan 410 30 62 0 0 0 0 0 0 0 0 0
scan 410 30 63 0 0 0 0 0 0 0 0 0
scan 410 30 64 0 0 0 0 0 0 0 0 0
scan 410 30 65 0 0 0 0 0 0 0 0 0
scan 410 30 66 0 0 0 0 0 0 0 0 0
scan 410 30 67 0 0 0 0 0 0 0 0 0
scan 410 30 68 0 0 0 0 0 0 0 0 0
scan 410 30 69 0 0 0 0 0 0 0 0 0
scan 410 30 70 0 0 0 0 0 0 0 0 0
scan 410 30 71 0 0 0 0 0 0 0 0 0
scan 410 30 72 0 0 0 0 0 0 0 0 0
scan 410 30 73 0 0 0 0 0 0 0 0 0
scan 410 30 74 0 0 0 0 0 0 0 0 0
scan 410 30 165 0 0 0 0 0 0 0 0 0
scan 410 30 166 0 0 0 0 0 0 0 0 0
scan 410 30 167 0 0 0 0 0 0 0 0 0
scan 410 30 168 0 0 0 0 0 0 0 0 0
scan 410 30 169 0 0 0 0 0 0 0 0 0
scan 410 30 170 0 0 0 0 0 0 0 0 0
scan 410 30 171 0 0 0 0 0 0 0 0 0
scan 410 30 172 0 0 0 0 0 0 0 0 0
scan 410 30 173 0 0 0 0 0 0 0 0 0
scan 410 30 174 0 0 0 0 0 0 0 0 0
scan 410 30 175 0 0 0 0 0 0 0 0 0
scan 410 30 176 0 0 0 0 0 0 0 0 0
scan 410 30 177 3.50167e-06 0 3.50167e-06 1.0505e-07 1.0505e-07 1.0505e-07 1.75084e-07 2.101e-07 2.58073e-06
scan 410 30 178 0 0 0 0 0 0 0 0 0
scan 410 30 179 0 0 0 0 0 0 0 0 0
