xsec 360 180 0.0647443
scan 360 180 0 3.88466e-05 0 1.58591e-05 1.1654e-06 1.1654e-06 1.1654e-06 1.94233e-06 2.33079e-06 2.82053e-05
scan 360 180 1 2.58977e-05 0 1.29489e-05 7.76932e-07 7.76932e-07 7.76932e-07 1.29489e-06 1.55386e-06 1.88035e-05
scan 360 180 2 2.58977e-05 0 1.29489e-05 7.76932e-07 7.76932e-07 7.76932e-07 1.29489e-06 1.55386e-06 1.88035e-05
scan 360 180 3 6.47443e-06 0 6.47443e-06 1.94233e-07 1.94233e-07 1.94233e-07 3.23722e-07 3.88466e-07 4.70088e-06
scan 360 180 4 6.47443e-06 0 6.47443e-06 1.94233e-07 1.94233e-07 1.94233e-07 3.23722e-07 3.88466e-07 4.70088e-06
scan 360 180 5 0 0 0 0 0 0 0 0 0
scan 360 180 6 1.29489e-05 0 9.15623e-06 3.88466e-07 3.88466e-07 3.88466e-07 6.47443e-07 7.76932e-07 9.40177e-06
scan 360 180 7 0 0 0 0 0 0 0 0 0
scan 360 180 8 6.47443e-06 0 6.47443e-06 1.94233e-07 1.94233e-07 1.94233e-07 3.23722e-07 3.88466e-07 4.70088e-06
scan 360 180 9 0 0 0 0 0 0 0 0 0
scan 360 180 10 0 0 0 0 0 0 0 0 0
scan 360 180 11 1.94233e-05 0 1.1214e-05 5.82699e-07 5.82699e-07 5.82699e-07 9.71165e-07 1.1654e-06 1.41027e-05
scan 360 180 12 2.58977e-05 0 1.29489e-05 7.76932e-07 7.76932e-07 7.76932e-07 1.29489e-06 1.55386e-06 1.88035e-05
scan 360 180 13 1.94233e-05 0 1.1214e-05 5.82699e-07 5.82699e-07 5.82699e-07 9.71165e-07 1.1654e-06 1.41027e-05
scan 360 180 14 0 0 0 0 0 0 0 0 0
scan 360 180 15 0.000433787 0 5.29955e-05 1.30136e-05 1.30136e-05 1.30136e-05 2.16893e-05 2.60272e-05 0.000314959
scan 360 180 16 0.000886997 0 7.57813e-05 2.66099e-05 2.66099e-05 2.66099e-05 4.43498e-05 5.32198e-05 0.000644021
scan 360 180 17 0.000712187 0 6.79044e-05 2.13656e-05 2.13656e-05 2.13656e-05 3.56094e-05 4.27312e-05 0.000517097
scan 360 180 18 0.000356094 0 4.80157e-05 1.06828e-05 1.06828e-05 1.06828e-05 1.78047e-05 2.13656e-05 0.000258549
scan 360 180 19 0.000343145 0 4.71346e-05 1.02943e-05 1.02943e-05 1.02943e-05 1.71572e-05 2.05887e-05 0.000249147
scan 360 180 20 4.5321e-05 0 1.71297e-05 1.35963e-06 1.35963e-06 1.35963e-06 2.26605e-06 2.71926e-06 3.29062e-05
scan 360 180 21 0.000200707 0 3.60481e-05 6.02122e-06 6.02122e-06 6.02122e-06 1.00354e-05 1.20424e-05 0.000145727
scan 360 180 22 0.000239554 0 3.93824e-05 7.18662e-06 7.18662e-06 7.18662e-06 1.19777e-05 1.43732e-05 0.000173933
scan 360 180 23 0.000155386 0 3.17181e-05 4.66159e-06 4.66159e-06 4.66159e-06 7.76932e-06 9.32318e-06 0.000112821
scan 360 180 24 8.41676e-05 0 2.33439e-05 2.52503e-06 2.52503e-06 2.52503e-06 4.20838e-06 5.05006e-06 6.11115e-05
scan 360 180 25 6.47443e-06 0 6.47443e-06 1.94233e-07 1.94233e-07 1.94233e-07 3.23722e-07 3.88466e-07 4.70088e-06
scan 360 180 26 0.000207182 0 3.66249e-05 6.21545e-06 6.21545e-06 6.21545e-06 1.03591e-05 1.24309e-05 0.000150428
scan 360 180 27 0.000550327 0 5.96913e-05 1.65098e-05 1.65098e-05 1.65098e-05 2.75163e-05 3.30196e-05 0.000399575
scan 360 180 28 0.000705713 0 6.7595e-05 2.11714e-05 2.11714e-05 2.11714e-05 3.52856e-05 4.23428e-05 0.000512396
scan 360 180 29 0.000492057 0 5.64428e-05 1.47617e-05 1.47617e-05 1.47617e-05 2.46028e-05 2.95234e-05 0.000357267
scan 360 180 30 1.29489e-05 0 9.15623e-06 3.88466e-07 3.88466e-07 3.88466e-07 6.47443e-07 7.76932e-07 9.40177e-06
scan 360 180 31 1.94233e-05 0 1.1214e-05 5.82699e-07 5.82699e-07 5.82699e-07 9.71165e-07 1.1654e-06 1.41027e-05
scan 360 180 32 3.23722e-05 0 1.44773e-05 9.71165e-07 9.71165e-07 9.71165e-07 1.61861e-06 1.94233e-06 2.35044e-05
scan 360 180 33 1.29489e-05 0 9.15623e-06 3.88466e-07 3.88466e-07 3.88466e-07 6.47443e-07 7.76932e-07 9.40177e-06
scan 360 180 34 1.29489e-05 0 9.15623e-06 3.88466e-07 3.88466e-07 3.88466e-07 6.47443e-07 7.76932e-07 9.40177e-06
scan 360 180 35 6.47443e-06 0 6.47443e-06 1.94233e-07 1.94233e-07 1.94233e-07 3.23722e-07 3.88466e-07 4.70088e-06
scan 360 180 36 6.47443e-06 0 6.47443e-06 1.94233e-07 1.94233e-07 1.94233e-07 3.23722e-07 3.88466e-07 4.70088e-06
scan 360 180 37 6.47443e-06 0 6.47443e-06 1.94233e-07 1.94233e-07 1.94233e-07 3.23722e-07 3.88466e-07 4.70088e-06
scan 360 180 38 6.47443e-06 0 6.47443e-06 1.94233e-07 1.94233e-07 1.94233e-07 3.23722e-07 3.88466e-07 4.70088e-06
scan 360 180 39 0 0 0 0 0 0 0 0 0
scan 360 180 40 0 0 0 0 0 0 0 0 0
scan 360 180 41 0 0 0 0 0 0 0 0 0
scan 360 180 42 1.29489e-05 0 9.15623e-06 3.88466e-07 3.88466e-07 3.88466e-07 6.47443e-07 7.76932e-07 9.40177e-06
scan 360 180 43 0 0 0 0 0 0 0 0 0
scan 360 180 44 6.47443e-06 0 6.47443e-06 1.94233e-07 1.94233e-07 1.94233e-07 3.23722e-07 3.88466e-07 4.70088e-06
scan 360 180 45 6.47443e-06 0 6.47443e-06 1.94233e-07 1.94233e-07 1.94233e-07 3.23722e-07 3.88466e-07 4.70088e-06
scan 360 180 46 1.94233e-05 0 1.1214e-05 5.82699e-07 5.82699e-07 5.82699e-07 9.71165e-07 1.1654e-06 1.41027e-05
scan 360 180 47 0 0 0 0 0 0 0 0 0
scan 360 180 48 0 0 0 0 0 0 0 0 0
scan 360 180 49 0 0 0 0 0 0 0 0 0
scan 360 180 50 6.47443e-06 0 6.47443e-06 1.94233e-07 1.94233e-07 1.94233e-07 3.23722e-07 3.88466e-07 4.70088e-06
scan 360 180 51 0 0 0 0 0 0 0 0 0
scan 360 180 52 0 0 0 0 0 0 0 0 0
scan 360 180 53 0 0 0 0 0 0 0 0 0
scan 360 180 54 0 0 0 0 0 0 0 0 0
scan 360 180 55 0 0 0 0 0 0 0 0 0
scan 360 180 56 0 0 0 0 0 0 0 0 0
scan 360 180 57 0 0 0 0 0 0 0 0 0
scan 360 180 58 6.47443e-06 0 6.47443e-06 1.94233e-07 1.94233e-07 1.94233e-07 3.23722e-07 3.88466e-07 4.70088e-06
scan 360 180 59 0 0 0 0 0 0 0 0 0
scan 360 180 60 0 0 0 0 0 0 0 0 0
scan 360 180 61 0 0 0 0 0 0 0 0 0
scan 360 180 62 0 0 0 0 0 0 0 0 0
scan 360 180 63 0 0 0 0 0 0 0 0 0
scan 360 180 64 0 0 0 0 0 0 0 0 0
scan 360 180 65 0 0 0 0 0 0 0 0 0
scan 360 180 66 0 0 0 0 0 0 0 0 0
scan 360 180 67 0 0 0 0 0 0 0 0 0
scan 360 180 68 0 0 0 0 0 0 0 0 0
scan 360 180 69 0 0 0 0 0 0 0 0 0
scan 360 180 70 0 0 0 0 0 0 0 0 0
scan 360 180 71 0 0 0 0 0 0 0 0 0
scan 360 180 72 0 0 0 0 0 0 0 0 0
scan 360 180 73 0 0 0 0 0 0 0 0 0
scan 360 180 74 0 0 0 0 0 0 0 0 0
scan 360 180 75 0 0 0 0 0 0 0 0 0
scan 360 180 76 0 0 0 0 0 0 0 0 0
scan 360 180 77 0 0 0 0 0 0 0 0 0
scan 360 180 78 0 0 0 0 0 0 0 0 0
scan 360 180 79 0 0 0 0 0 0 0 0 0
scan 360 180 80 0 0 0 0 0 0 0 0 0
scan 360 180 81 0 0 0 0 0 0 0 0 0
scan 360 180 82 0 0 0 0 0 0 0 0 0
scan 360 180 83 0 0 0 0 0 0 0 0 0
scan 360 180 84 0 0 0 0 0 0 0 0 0
scan 360 180 85 0 0 0 0 0 0 0 0 0
scan 360 180 86 0 0 0 0 0 0 0 0 0
scan 360 180 87 0 0 0 0 0 0 0 0 0
scan 360 180 88 0 0 0 0 0 0 0 0 0
scan 360 180 89 0 0 0 0 0 0 0 0 0
scan 360 180 90 6.47443e-06 0 6.47443e-06 1.94233e-07 1.94233e-07 1.94233e-07 3.23722e-07 3.88466e-07 4.70088e-06
scan 360 180 91 3.23722e-05 0 1.44773e-05 9.71165e-07 9.71165e-07 9.71165e-07 1.61861e-06 1.94233e-06 2.35044e-05
scan 360 180 92 6.47443e-06 0 6.47443e-06 1.94233e-07 1.94233e-07 1.94233e-07 3.23722e-07 3.88466e-07 4.70088e-06
scan 360 180 93 6.47443e-06 0 6.47443e-06 1.94233e-07 1.94233e-07 1.94233e-07 3.23722e-07 3.88466e-07 4.70088e-06
scan 360 180 94 0 0 0 0 0 0 0 0 0
scan 360 180 95 0 0 0 0 0 0 0 0 0
scan 360 180 96 0 0 0 0 0 0 0 0 0
scan 360 180 97 6.47443e-06 0 6.47443e-06 1.94233e-07 1.94233e-07 1.94233e-07 3.23722e-07 3.88466e-07 4.70088e-06
scan 360 180 98 0 0 0 0 0 0 0 0 0
scan 360 180 99 6.47443e-06 0 6.47443e-06 1.94233e-07 1.94233e-07 1.94233e-07 3.23722e-07 3.88466e-07 4.70088e-06
scan 360 180 100 0 0 0 0 0 0 0 0 0
scan 360 180 101 1.29489e-05 0 9.15623e-06 3.88466e-07 3.88466e-07 3.88466e-07 6.47443e-07 7.76932e-07 9.40177e-06
scan 360 180 102 6.47443e-06 0 6.47443e-06 1.94233e-07 1.94233e-07 1.94233e-07 3.23722e-07 3.88466e-07 4.70088e-06
scan 360 180 103 6.47443e-06 0 6.47443e-06 1.94233e-07 1.94233e-07 1.94233e-07 3.23722e-07 3.88466e-07 4.70088e-06
scan 360 180 104 1.29489e-05 0 9.15623e-06 3.88466e-07 3.88466e-07 3.88466e-07 6.47443e-07 7.76932e-07 9.40177e-06
scan 360 180 60 0 0 0 0 0 0 0 0 0
scan 360 180 61 0 0 0 0 0 0 0 0 0
scan 360 180 62 0 0 0 0 0 0 0 0 0
scan 360 180 63 0 0 0 0 0 0 0 0 0
scan 360 180 64 0 0 0 0 0 0 0 0 0
scan 360 180 65 0 0 0 0 0 0 0 0 0
scan 360 180 66 0 0 0 0 0 0 0 0 0
scan 360 180 67 0 0 0 0 0 0 0 0 0
scan 360 180 68 0 0 0 0 0 0 0 0 0
scan 360 180 69 0 0 0 0 0 0 0 0 0
scan 360 180 70 0 0 0 0 0 0 0 0 0
scan 360 180 71 0 0 0 0 0 0 0 0 0
scan 360 180 72 0 0 0 0 0 0 0 0 0
scan 360 180 73 0 0 0 0 0 0 0 0 0
scan 360 180 74 0 0 0 0 0 0 0 0 0
scan 360 180 120 0 0 0 0 0 0 0 0 0
scan 360 180 121 0 0 0 0 0 0 0 0 0
scan 360 180 122 6.47443e-06 0 6.47443e-06 1.94233e-07 1.94233e-07 1.94233e-07 3.23722e-07 3.88466e-07 4.70088e-06
scan 360 180 123 0 0 0 0 0 0 0 0 0
scan 360 180 124 0 0 0 0 0 0 0 0 0
scan 360 180 125 0 0 0 0 0 0 0 0 0
scan 360 180 126 0 0 0 0 0 0 0 0 0
scan 360 180 127 0 0 0 0 0 0 0 0 0
scan 360 180 128 0 0 0 0 0 0 0 0 0
scan 360 180 129 0 0 0 0 0 0 0 0 0
scan 360 180 130 0 0 0 0 0 0 0 0 0
scan 360 180 131 0 0 0 0 0 0 0 0 0
scan 360 180 132 0 0 0 0 0 0 0 0 0
scan 360 180 133 0 0 0 0 0 0 0 0 0
scan 360 180 134 0 0 0 0 0 0 0 0 0
scan 360 180 135 1.29489e-05 0 9.15623e-06 3.88466e-07 3.88466e-07 3.88466e-07 6.47443e-07 7.76932e-07 9.40177e-06
scan 360 180 136 3.23722e-05 0 1.44773e-05 9.71165e-07 9.71165e-07 9.71165e-07 1.61861e-06 1.94233e-06 2.35044e-05
scan 360 180 137 1.29489e-05 0 9.15623e-06 3.88466e-07 3.88466e-07 3.88466e-07 6.47443e-07 7.76932e-07 9.40177e-06
scan 360 180 138 0 0 0 0 0 0 0 0 0
scan 360 180 139 0 0 0 0 0 0 0 0 0
scan 360 180 140 0 0 0 0 0 0 0 0 0
scan 360 180 141 0 0 0 0 0 0 0 0 0
scan 360 180 142 0 0 0 0 0 0 0 0 0
scan 360 180 143 0 0 0 0 0 0 0 0 0
scan 360 180 144 0 0 0 0 0 0 0 0 0
scan 360 180 145 0 0 0 0 0 0 0 0 0
scan 360 180 146 6.47443e-06 0 6.47443e-06 1.94233e-07 1.94233e-07 1.94233e-07 3.23722e-07 3.88466e-07 4.70088e-06
scan 360 180 147 1.29489e-05 0 9.15623e-06 3.88466e-07 3.88466e-07 3.88466e-07 6.47443e-07 7.76932e-07 9.40177e-06
scan 360 180 148 6.47443e-06 0 6.47443e-06 1.94233e-07 1.94233e-07 1.94233e-07 3.23722e-07 3.88466e-07 4.70088e-06
scan 360 180 149 0 0 0 0 0 0 0 0 0
scan 360 180 60 0 0 0 0 0 0 0 0 0
scan 360 180 61 0 0 0 0 0 0 0 0 0
scan 360 180 62 0 0 0 0 0 0 0 0 0
scan 360 180 63 0 0 0 0 0 0 0 0 0
scan 360 180 64 0 0 0 0 0 0 0 0 0
scan 360 180 65 0 0 0 0 0 0 0 0 0
scan 360 180 66 0 0 0 0 0 0 0 0 0
scan 360 180 67 0 0 0 0 0 0 0 0 0
scan 360 180 68 0 0 0 0 0 0 0 0 0
scan 360 180 69 0 0 0 0 0 0 0 0 0
scan 360 180 70 0 0 0 0 0 0 0 0 0
scan 360 180 71 0 0 0 0 0 0 0 0 0
scan 360 180 72 0 0 0 0 0 0 0 0 0
scan 360 180 73 0 0 0 0 0 0 0 0 0
scan 360 180 74 0 0 0 0 0 0 0 0 0
scan 360 180 165 0 0 0 0 0 0 0 0 0
scan 360 180 166 0 0 0 0 0 0 0 0 0
scan 360 180 167 0 0 0 0 0 0 0 0 0
scan 360 180 168 0 0 0 0 0 0 0 0 0
scan 360 180 169 0 0 0 0 0 0 0 0 0
scan 360 180 170 0 0 0 0 0 0 0 0 0
scan 360 180 171 0 0 0 0 0 0 0 0 0
scan 360 180 172 0 0 0 0 0 0 0 0 0
scan 360 180 173 0 0 0 0 0 0 0 0 0
scan 360 180 174 0 0 0 0 0 0 0 0 0
scan 360 180 175 0 0 0 0 0 0 0 0 0
scan 360 180 176 0 0 0 0 0 0 0 0 0
scan 360 180 177 0 0 0 0 0 0 0 0 0
scan 360 180 178 0 0 0 0 0 0 0 0 0
scan 360 180 179 0 0 0 0 0 0 0 0 0
