xsec 360 100 0.0647443
scan 360 100 0 6.47508e-06 0 6.47508e-06 1.94252e-07 1.94252e-07 1.94252e-07 3.23754e-07 3.88505e-07 4.70135e-06
scan 360 100 1 3.88505e-05 0 1.58606e-05 1.16551e-06 1.16551e-06 1.16551e-06 1.94252e-06 2.33103e-06 2.82081e-05
scan 360 100 2 2.59003e-05 0 1.29502e-05 7.77009e-07 7.77009e-07 7.77009e-07 1.29502e-06 1.55402e-06 1.88054e-05
scan 360 100 3 2.59003e-05 0 1.29502e-05 7.77009e-07 7.77009e-07 7.77009e-07 1.29502e-06 1.55402e-06 1.88054e-05
scan 360 100 4 1.29502e-05 0 9.15714e-06 3.88505e-07 3.88505e-07 3.88505e-07 6.47508e-07 7.77009e-07 9.40271e-06
scan 360 100 5 0 0 0 0 0 0 0 0 0
scan 360 100 6 1.29502e-05 0 9.15714e-06 3.88505e-07 3.88505e-07 3.88505e-07 6.47508e-07 7.77009e-07 9.40271e-06
scan 360 100 7 1.29502e-05 0 9.15714e-06 3.88505e-07 3.88505e-07 3.88505e-07 6.47508e-07 7.77009e-07 9.40271e-06
scan 360 100 8 6.47508e-06 0 6.47508e-06 1.94252e-07 1.94252e-07 1.94252e-07 3.23754e-07 3.88505e-07 4.70135e-06
scan 360 100 9 6.47508e-06 0 6.47508e-06 1.94252e-07 1.94252e-07 1.94252e-07 3.23754e-07 3.88505e-07 4.70135e-06
scan 360 100 10 6.47508e-06 0 6.47508e-06 1.94252e-07 1.94252e-07 1.94252e-07 3.23754e-07 3.88505e-07 4.70135e-06
scan 360 100 11 0 0 0 0 0 0 0 0 0
scan 360 100 12 1.94252e-05 0 1.12152e-05 5.82757e-07 5.82757e-07 5.82757e-07 9.71262e-07 1.16551e-06 1.41041e-05
scan 360 100 13 3.23754e-05 0 1.44787e-05 9.71262e-07 9.71262e-07 9.71262e-07 1.61877e-06 1.94252e-06 2.35068e-05
scan 360 100 14 3.88505e-05 0 1.58606e-05 1.16551e-06 1.16551e-06 1.16551e-06 1.94252e-06 2.33103e-06 2.82081e-05
scan 360 100 15 0.000323754 0 4.57857e-05 9.71262e-06 9.71262e-06 9.71262e-06 1.61877e-05 1.94252e-05 0.000235068
scan 360 100 16 0.000608657 0 6.27782e-05 1.82597e-05 1.82597e-05 1.82597e-05 3.04329e-05 3.65194e-05 0.000441927
scan 360 100 17 0.000628083 0 6.37721e-05 1.88425e-05 1.88425e-05 1.88425e-05 3.14041e-05 3.7685e-05 0.000456031
scan 360 100 18 0.000323754 0 4.57857e-05 9.71262e-06 9.71262e-06 9.71262e-06 1.61877e-05 1.94252e-05 0.000235068
scan 360 100 19 0.000472681 0 5.53231e-05 1.41804e-05 1.41804e-05 1.41804e-05 2.3634e-05 2.83608e-05 0.000343199
scan 360 100 20 2.59003e-05 0 1.29502e-05 7.77009e-07 7.77009e-07 7.77009e-07 1.29502e-06 1.55402e-06 1.88054e-05
scan 360 100 21 0.000135977 0 2.96725e-05 4.0793e-06 4.0793e-06 4.0793e-06 6.79883e-06 8.1586e-06 9.87284e-05
scan 360 100 22 0.000246053 0 3.99151e-05 7.38159e-06 7.38159e-06 7.38159e-06 1.23026e-05 1.47632e-05 0.000178651
scan 360 100 23 0.000148927 0 3.10534e-05 4.4678e-06 4.4678e-06 4.4678e-06 7.44634e-06 8.93561e-06 0.000108131
scan 360 100 24 0.000155402 0 3.17213e-05 4.66206e-06 4.66206e-06 4.66206e-06 7.77009e-06 9.32411e-06 0.000112833
scan 360 100 25 1.29502e-05 0 9.15714e-06 3.88505e-07 3.88505e-07 3.88505e-07 6.47508e-07 7.77009e-07 9.40271e-06
scan 360 100 26 0.000155402 0 3.17213e-05 4.66206e-06 4.66206e-06 4.66206e-06 7.77009e-06 9.32411e-06 0.000112833
scan 360 100 27 0.000459731 0 5.456e-05 1.37919e-05 1.37919e-05 1.37919e-05 2.29865e-05 2.75838e-05 0.000333796
scan 360 100 28 0.000641033 0 6.44262e-05 1.9231e-05 1.9231e-05 1.9231e-05 3.20516e-05 3.8462e-05 0.000465434
scan 360 100 29 0.00125617 0 9.01874e-05 3.7685e-05 3.7685e-05 3.7685e-05 6.28083e-05 7.53699e-05 0.000912063
scan 360 100 30 3.88505e-05 0 1.58606e-05 1.16551e-06 1.16551e-06 1.16551e-06 1.94252e-06 2.33103e-06 2.82081e-05
scan 360 100 31 6.47508e-06 0 6.47508e-06 1.94252e-07 1.94252e-07 1.94252e-07 3.23754e-07 3.88505e-07 4.70135e-06
scan 360 100 32 6.47508e-06 0 6.47508e-06 1.94252e-07 1.94252e-07 1.94252e-07 3.23754e-07 3.88505e-07 4.70135e-06
scan 360 100 33 0 0 0 0 0 0 0 0 0
scan 360 100 34 1.94252e-05 0 1.12152e-05 5.82757e-07 5.82757e-07 5.82757e-07 9.71262e-07 1.16551e-06 1.41041e-05
scan 360 100 35 0 0 0 0 0 0 0 0 0
scan 360 100 36 0 0 0 0 0 0 0 0 0
scan 360 100 37 0 0 0 0 0 0 0 0 0
scan 360 100 38 0 0 0 0 0 0 0 0 0
scan 360 100 39 0 0 0 0 0 0 0 0 0
scan 360 100 40 0 0 0 0 0 0 0 0 0
scan 360 100 41 0 0 0 0 0 0 0 0 0
scan 360 100 42 1.94252e-05 0 1.12152e-05 5.82757e-07 5.82757e-07 5.82757e-07 9.71262e-07 1.16551e-06 1.41041e-05
scan 360 100 43 6.47508e-06 0 6.47508e-06 1.94252e-07 1.94252e-07 1.94252e-07 3.23754e-07 3.88505e-07 4.70135e-06
scan 360 100 44 2.59003e-05 0 1.29502e-05 7.77009e-07 7.77009e-07 7.77009e-07 1.29502e-06 1.55402e-06 1.88054e-05
scan 360 100 45 0 0 0 0 0 0 0 0 0
scan 360 100 46 0 0 0 0 0 0 0 0 0
scan 360 100 47 0 0 0 0 0 0 0 0 0
scan 360 100 48 6.47508e-06 0 6.47508e-06 1.94252e-07 1.94252e-07 1.94252e-07 3.23754e-07 3.88505e-07 4.70135e-06
scan 360 100 49 0 0 0 0 0 0 0 0 0
scan 360 100 50 6.47508e-06 0 6.47508e-06 1.94252e-07 1.94252e-07 1.94252e-07 3.23754e-07 3.88505e-07 4.70135e-06
scan 360 100 51 0 0 0 0 0 0 0 0 0
scan 360 100 52 0 0 0 0 0 0 0 0 0
scan 360 100 53 0 0 0 0 0 0 0 0 0
scan 360 100 54 0 0 0 0 0 0 0 0 0
scan 360 100 55 0 0 0 0 0 0 0 0 0
scan 360 100 56 1.94252e-05 0 1.12152e-05 5.82757e-07 5.82757e-07 5.82757e-07 9.71262e-07 1.16551e-06 1.41041e-05
scan 360 100 57 0 0 0 0 0 0 0 0 0
scan 360 100 58 0 0 0 0 0 0 0 0 0
scan 360 100 59 0 0 0 0 0 0 0 0 0
scan 360 100 60 0 0 0 0 0 0 0 0 0
scan 360 100 61 0 0 0 0 0 0 0 0 0
scan 360 100 62 0 0 0 0 0 0 0 0 0
scan 360 100 63 0 0 0 0 0 0 0 0 0
scan 360 100 64 0 0 0 0 0 0 0 0 0
scan 360 100 65 0 0 0 0 0 0 0 0 0
scan 360 100 66 0 0 0 0 0 0 0 0 0
scan 360 100 67 0 0 0 0 0 0 0 0 0
scan 360 100 68 0 0 0 0 0 0 0 0 0
scan 360 100 69 0 0 0 0 0 0 0 0 0
scan 360 100 70 0 0 0 0 0 0 0 0 0
scan 360 100 71 0 0 0 0 0 0 0 0 0
scan 360 100 72 0 0 0 0 0 0 0 0 0
scan 360 100 73 0 0 0 0 0 0 0 0 0
scan 360 100 74 0 0 0 0 0 0 0 0 0
scan 360 100 75 0 0 0 0 0 0 0 0 0
scan 360 100 76 0 0 0 0 0 0 0 0 0
scan 360 100 77 0 0 0 0 0 0 0 0 0
scan 360 100 78 0 0 0 0 0 0 0 0 0
scan 360 100 79 0 0 0 0 0 0 0 0 0
scan 360 100 80 0 0 0 0 0 0 0 0 0
scan 360 100 81 0 0 0 0 0 0 0 0 0
scan 360 100 82 0 0 0 0 0 0 0 0 0
scan 360 100 83 0 0 0 0 0 0 0 0 0
scan 360 100 84 0 0 0 0 0 0 0 0 0
scan 360 100 85 0 0 0 0 0 0 0 0 0
scan 360 100 86 0 0 0 0 0 0 0 0 0
scan 360 100 87 0 0 0 0 0 0 0 0 0
scan 360 100 88 0 0 0 0 0 0 0 0 0
scan 360 100 89 6.47508e-06 0 6.47508e-06 1.94252e-07 1.94252e-07 1.94252e-07 3.23754e-07 3.88505e-07 4.70135e-06
scan 360 100 90 6.47508e-06 0 6.47508e-06 1.94252e-07 1.94252e-07 1.94252e-07 3.23754e-07 3.88505e-07 4.70135e-06
scan 360 100 91 6.47508e-06 0 6.47508e-06 1.94252e-07 1.94252e-07 1.94252e-07 3.23754e-07 3.88505e-07 4.70135e-06
scan 360 100 92 6.47508e-06 0 6.47508e-06 1.94252e-07 1.94252e-07 1.94252e-07 3.23754e-07 3.88505e-07 4.70135e-06
scan 360 100 93 1.29502e-05 0 9.15714e-06 3.88505e-07 3.88505e-07 3.88505e-07 6.47508e-07 7.77009e-07 9.40271e-06
scan 360 100 94 6.47508e-06 0 6.47508e-06 1.94252e-07 1.94252e-07 1.94252e-07 3.23754e-07 3.88505e-07 4.70135e-06
scan 360 100 95 0 0 0 0 0 0 0 0 0
scan 360 100 96 0 0 0 0 0 0 0 0 0
scan 360 100 97 1.29502e-05 0 9.15714e-06 3.88505e-07 3.88505e-07 3.88505e-07 6.47508e-07 7.77009e-07 9.40271e-06
scan 360 100 98 0 0 0 0 0 0 0 0 0
scan 360 100 99 0 0 0 0 0 0 0 0 0
scan 360 100 100 0 0 0 0 0 0 0 0 0
scan 360 100 101 6.47508e-06 0 6.47508e-06 1.94252e-07 1.94252e-07 1.94252e-07 3.23754e-07 3.88505e-07 4.70135e-06
scan 360 100 102 5.18006e-05 0 1.83143e-05 1.55402e-06 1.55402e-06 1.55402e-06 2.59003e-06 3.10804e-06 3.76108e-05
scan 360 100 103 1.94252e-05 0 1.12152e-05 5.82757e-07 5.82757e-07 5.82757e-07 9.71262e-07 1.16551e-06 1.41041e-05
scan 360 100 104 0 0 0 0 0 0 0 0 0
scan 360 100 60 0 0 0 0 0 0 0 0 0
scan 360 100 61 0 0 0 0 0 0 0 0 0
scan 360 100 62 0 0 0 0 0 0 0 0 0
scan 360 100 63 0 0 0 0 0 0 0 0 0
scan 360 100 64 0 0 0 0 0 0 0 0 0
scan 360 100 65 0 0 0 0 0 0 0 0 0
scan 360 100 66 0 0 0 0 0 0 0 0 0
scan 360 100 67 0 0 0 0 0 0 0 0 0
scan 360 100 68 0 0 0 0 0 0 0 0 0
scan 360 100 69 0 0 0 0 0 0 0 0 0
scan 360 100 70 0 0 0 0 0 0 0 0 0
scan 360 100 71 0 0 0 0 0 0 0 0 0
scan 360 100 72 0 0 0 0 0 0 0 0 0
scan 360 100 73 0 0 0 0 0 0 0 0 0
scan 360 100 74 0 0 0 0 0 0 0 0 0
scan 360 100 120 0 0 0 0 0 0 0 0 0
scan 360 100 121 0 0 0 0 0 0 0 0 0
scan 360 100 122 0 0 0 0 0 0 0 0 0
scan 360 100 123 0 0 0 0 0 0 0 0 0
scan 360 100 124 0 0 0 0 0 0 0 0 0
scan 360 100 125 0 0 0 0 0 0 0 0 0
scan 360 100 126 0 0 0 0 0 0 0 0 0
scan 360 100 127 0 0 0 0 0 0 0 0 0
scan 360 100 128 0 0 0 0 0 0 0 0 0
scan 360 100 129 0 0 0 0 0 0 0 0 0
scan 360 100 130 0 0 0 0 0 0 0 0 0
scan 360 100 131 0 0 0 0 0 0 0 0 0
scan 360 100 132 0 0 0 0 0 0 0 0 0
scan 360 100 133 0 0 0 0 0 0 0 0 0
scan 360 100 134 6.47508e-06 0 6.47508e-06 1.94252e-07 1.94252e-07 1.94252e-07 3.23754e-07 3.88505e-07 4.70135e-06
scan 360 100 135 1.29502e-05 0 9.15714e-06 3.88505e-07 3.88505e-07 3.88505e-07 6.47508e-07 7.77009e-07 9.40271e-06
scan 360 100 136 3.23754e-05 0 1.44787e-05 9.71262e-07 9.71262e-07 9.71262e-07 1.61877e-06 1.94252e-06 2.35068e-05
scan 360 100 137 1.94252e-05 0 1.12152e-05 5.82757e-07 5.82757e-07 5.82757e-07 9.71262e-07 1.16551e-06 1.41041e-05
scan 360 100 138 0 0 0 0 0 0 0 0 0
scan 360 100 139 1.29502e-05 0 9.15714e-06 3.88505e-07 3.88505e-07 3.88505e-07 6.47508e-07 7.77009e-07 9.40271e-06
scan 360 100 140 0 0 0 0 0 0 0 0 0
scan 360 100 141 6.47508e-06 0 6.47508e-06 1.94252e-07 1.94252e-07 1.94252e-07 3.23754e-07 3.88505e-07 4.70135e-06
scan 360 100 142 0 0 0 0 0 0 0 0 0
scan 360 100 143 6.47508e-06 0 6.47508e-06 1.94252e-07 1.94252e-07 1.94252e-07 3.23754e-07 3.88505e-07 4.70135e-06
scan 360 100 144 0 0 0 0 0 0 0 0 0
scan 360 100 145 0 0 0 0 0 0 0 0 0
scan 360 100 146 6.47508e-06 0 6.47508e-06 1.94252e-07 1.94252e-07 1.94252e-07 3.23754e-07 3.88505e-07 4.70135e-06
scan 360 100 147 1.29502e-05 0 9.15714e-06 3.88505e-07 3.88505e-07 3.88505e-07 6.47508e-07 7.77009e-07 9.40271e-06
scan 360 100 148 6.47508e-06 0 6.47508e-06 1.94252e-07 1.94252e-07 1.94252e-07 3.23754e-07 3.88505e-07 4.70135e-06
scan 360 100 149 6.47508e-06 0 6.47508e-06 1.94252e-07 1.94252e-07 1.94252e-07 3.23754e-07 3.88505e-07 4.70135e-06
scan 360 100 60 0 0 0 0 0 0 0 0 0
scan 360 100 61 0 0 0 0 0 0 0 0 0
scan 360 100 62 0 0 0 0 0 0 0 0 0
scan 360 100 63 0 0 0 0 0 0 0 0 0
scan 360 100 64 0 0 0 0 0 0 0 0 0
scan 360 100 65 0 0 0 0 0 0 0 0 0
scan 360 100 66 0 0 0 0 0 0 0 0 0
scan 360 100 67 0 0 0 0 0 0 0 0 0
scan 360 100 68 0 0 0 0 0 0 0 0 0
scan 360 100 69 0 0 0 0 0 0 0 0 0
scan 360 100 70 0 0 0 0 0 0 0 0 0
scan 360 100 71 0 0 0 0 0 0 0 0 0
scan 360 100 72 0 0 0 0 0 0 0 0 0
scan 360 100 73 0 0 0 0 0 0 0 0 0
scan 360 100 74 0 0 0 0 0 0 0 0 0
scan 360 100 165 0 0 0 0 0 0 0 0 0
scan 360 100 166 1.29502e-05 0 9.15714e-06 3.88505e-07 3.88505e-07 3.88505e-07 6.47508e-07 7.77009e-07 9.40271e-06
scan 360 100 167 1.29502e-05 0 9.15714e-06 3.88505e-07 3.88505e-07 3.88505e-07 6.47508e-07 7.77009e-07 9.40271e-06
scan 360 100 168 0 0 0 0 0 0 0 0 0
scan 360 100 169 0 0 0 0 0 0 0 0 0
scan 360 100 170 0 0 0 0 0 0 0 0 0
scan 360 100 171 0 0 0 0 0 0 0 0 0
scan 360 100 172 0 0 0 0 0 0 0 0 0
scan 360 100 173 0 0 0 0 0 0 0 0 0
scan 360 100 174 0 0 0 0 0 0 0 0 0
scan 360 100 175 0 0 0 0 0 0 0 0 0
scan 360 100 176 0 0 0 0 0 0 0 0 0
scan 360 100 177 0 0 0 0 0 0 0 0 0
scan 360 100 178 6.47508e-06 0 6.47508e-06 1.94252e-07 1.94252e-07 1.94252e-07 3.23754e-07 3.88505e-07 4.70135e-06
scan 360 100 179 0 0 0 0 0 0 0 0 0
