xsec 420 110 0.0311379
scan 420 110 0 1.24552e-05 0 6.22759e-06 3.73655e-07 3.73655e-07 3.73655e-07 6.22759e-07 7.47311e-07 9.20172e-06
scan 420 110 1 9.34138e-06 0 5.39325e-06 2.80241e-07 2.80241e-07 2.80241e-07 4.67069e-07 5.60483e-07 6.90129e-06
scan 420 110 2 1.24552e-05 0 6.22759e-06 3.73655e-07 3.73655e-07 3.73655e-07 6.22759e-07 7.47311e-07 9.20172e-06
scan 420 110 3 3.11379e-06 0 3.11379e-06 9.34138e-08 9.34138e-08 9.34138e-08 1.5569e-07 1.86828e-07 2.30043e-06
scan 420 110 4 1.5569e-05 0 6.96265e-06 4.67069e-07 4.67069e-07 4.67069e-07 7.78448e-07 9.34138e-07 1.15022e-05
scan 420 110 5 0 0 0 0 0 0 0 0 0
scan 420 110 6 0 0 0 0 0 0 0 0 0
scan 420 110 7 3.11379e-06 0 3.11379e-06 9.34138e-08 9.34138e-08 9.34138e-08 1.5569e-07 1.86828e-07 2.30043e-06
scan 420 110 8 0 0 0 0 0 0 0 0 0
scan 420 110 9 3.11379e-06 0 3.11379e-06 9.34138e-08 9.34138e-08 9.34138e-08 1.5569e-07 1.86828e-07 2.30043e-06
scan 420 110 10 0 0 0 0 0 0 0 0 0
scan 420 110 11 0 0 0 0 0 0 0 0 0
scan 420 110 12 1.5569e-05 0 6.96265e-06 4.67069e-07 4.67069e-07 4.67069e-07 7.78448e-07 9.34138e-07 1.15022e-05
scan 420 110 13 2.80241e-05 0 9.34138e-06 8.40724e-07 8.40724e-07 8.40724e-07 1.40121e-06 1.68145e-06 2.07039e-05
scan 420 110 14 1.24552e-05 0 6.22759e-06 3.73655e-07 3.73655e-07 3.73655e-07 6.22759e-07 7.47311e-07 9.20172e-06
scan 420 110 15 9.96414e-05 0 1.76143e-05 2.98924e-06 2.98924e-06 2.98924e-06 4.98207e-06 5.97848e-06 7.36138e-05
scan 420 110 16 0.000189941 0 2.43195e-05 5.69824e-06 5.69824e-06 5.69824e-06 9.49707e-06 1.13965e-05 0.000140326
scan 420 110 17 0.000242876 0 2.75003e-05 7.28628e-06 7.28628e-06 7.28628e-06 1.21438e-05 1.45726e-05 0.000179434
scan 420 110 18 0.000171259 0 2.30925e-05 5.13776e-06 5.13776e-06 5.13776e-06 8.56293e-06 1.02755e-05 0.000126524
scan 420 110 19 0.000351859 0 3.31001e-05 1.05558e-05 1.05558e-05 1.05558e-05 1.75929e-05 2.11115e-05 0.000259949
scan 420 110 20 3.11379e-06 0 3.11379e-06 9.34138e-08 9.34138e-08 9.34138e-08 1.5569e-07 1.86828e-07 2.30043e-06
scan 420 110 21 4.67069e-05 0 1.20597e-05 1.40121e-06 1.40121e-06 1.40121e-06 2.33535e-06 2.80241e-06 3.45065e-05
scan 420 110 22 5.60483e-05 0 1.32107e-05 1.68145e-06 1.68145e-06 1.68145e-06 2.80241e-06 3.3629e-06 4.14078e-05
scan 420 110 23 6.85035e-05 0 1.4605e-05 2.0551e-06 2.0551e-06 2.0551e-06 3.42517e-06 4.11021e-06 5.06095e-05
scan 420 110 24 0.000146348 0 2.13471e-05 4.39045e-06 4.39045e-06 4.39045e-06 7.31742e-06 8.7809e-06 0.00010812
scan 420 110 25 6.22759e-06 0 4.40357e-06 1.86828e-07 1.86828e-07 1.86828e-07 3.11379e-07 3.73655e-07 4.60086e-06
scan 420 110 26 7.78448e-05 0 1.5569e-05 2.33535e-06 2.33535e-06 2.33535e-06 3.89224e-06 4.67069e-06 5.75108e-05
scan 420 110 27 0.000196169 0 2.4715e-05 5.88507e-06 5.88507e-06 5.88507e-06 9.80845e-06 1.17701e-05 0.000144927
scan 420 110 28 0.000330062 0 3.20585e-05 9.90186e-06 9.90186e-06 9.90186e-06 1.65031e-05 1.98037e-05 0.000243846
scan 420 110 29 0.000843838 0 5.12595e-05 2.53151e-05 2.53151e-05 2.53151e-05 4.21919e-05 5.06303e-05 0.000623417
scan 420 110 30 3.11379e-06 0 3.11379e-06 9.34138e-08 9.34138e-08 9.34138e-08 1.5569e-07 1.86828e-07 2.30043e-06
scan 420 110 31 6.22759e-06 0 4.40357e-06 1.86828e-07 1.86828e-07 1.86828e-07 3.11379e-07 3.73655e-07 4.60086e-06
scan 420 110 32 1.24552e-05 0 6.22759e-06 3.73655e-07 3.73655e-07 3.73655e-07 6.22759e-07 7.47311e-07 9.20172e-06
scan 420 110 33 0 0 0 0 0 0 0 0 0
scan 420 110 34 6.22759e-06 0 4.40357e-06 1.86828e-07 1.86828e-07 1.86828e-07 3.11379e-07 3.73655e-07 4.60086e-06
scan 420 110 35 0 0 0 0 0 0 0 0 0
scan 420 110 36 0 0 0 0 0 0 0 0 0
scan 420 110 37 3.11379e-06 0 3.11379e-06 9.34138e-08 9.34138e-08 9.34138e-08 1.5569e-07 1.86828e-07 2.30043e-06
scan 420 110 38 9.34138e-06 0 5.39325e-06 2.80241e-07 2.80241e-07 2.80241e-07 4.67069e-07 5.60483e-07 6.90129e-06
scan 420 110 39 0 0 0 0 0 0 0 0 0
scan 420 110 40 0 0 0 0 0 0 0 0 0
scan 420 110 41 0 0 0 0 0 0 0 0 0
scan 420 110 42 0 0 0 0 0 0 0 0 0
scan 420 110 43 9.34138e-06 0 5.39325e-06 2.80241e-07 2.80241e-07 2.80241e-07 4.67069e-07 5.60483e-07 6.90129e-06
scan 420 110 44 2.49104e-05 0 8.80714e-06 7.47311e-07 7.47311e-07 7.47311e-07 1.24552e-06 1.49462e-06 1.84034e-05
scan 420 110 45 0 0 0 0 0 0 0 0 0
scan 420 110 46 0 0 0 0 0 0 0 0 0
scan 420 110 47 0 0 0 0 0 0 0 0 0
scan 420 110 48 0 0 0 0 0 0 0 0 0
scan 420 110 49 3.11379e-06 0 3.11379e-06 9.34138e-08 9.34138e-08 9.34138e-08 1.5569e-07 1.86828e-07 2.30043e-06
scan 420 110 50 0 0 0 0 0 0 0 0 0
scan 420 110 51 0 0 0 0 0 0 0 0 0
scan 420 110 52 6.22759e-06 0 4.40357e-06 1.86828e-07 1.86828e-07 1.86828e-07 3.11379e-07 3.73655e-07 4.60086e-06
scan 420 110 53 0 0 0 0 0 0 0 0 0
scan 420 110 54 0 0 0 0 0 0 0 0 0
scan 420 110 55 0 0 0 0 0 0 0 0 0
scan 420 110 56 0 0 0 0 0 0 0 0 0
scan 420 110 57 0 0 0 0 0 0 0 0 0
scan 420 110 58 0 0 0 0 0 0 0 0 0
scan 420 110 59 0 0 0 0 0 0 0 0 0
scan 420 110 60 0 0 0 0 0 0 0 0 0
scan 420 110 61 0 0 0 0 0 0 0 0 0
scan 420 110 62 0 0 0 0 0 0 0 0 0
scan 420 110 63 0 0 0 0 0 0 0 0 0
scan 420 110 64 0 0 0 0 0 0 0 0 0
scan 420 110 65 0 0 0 0 0 0 0 0 0
scan 420 110 66 0 0 0 0 0 0 0 0 0
scan 420 110 67 0 0 0 0 0 0 0 0 0
scan 420 110 68 0 0 0 0 0 0 0 0 0
scan 420 110 69 0 0 0 0 0 0 0 0 0
scan 420 110 70 0 0 0 0 0 0 0 0 0
scan 420 110 71 0 0 0 0 0 0 0 0 0
scan 420 110 72 0 0 0 0 0 0 0 0 0
scan 420 110 73 0 0 0 0 0 0 0 0 0
scan 420 110 74 0 0 0 0 0 0 0 0 0
scan 420 110 75 0 0 0 0 0 0 0 0 0
scan 420 110 76 0 0 0 0 0 0 0 0 0
scan 420 110 77 0 0 0 0 0 0 0 0 0
scan 420 110 78 0 0 0 0 0 0 0 0 0
scan 420 110 79 0 0 0 0 0 0 0 0 0
scan 420 110 80 0 0 0 0 0 0 0 0 0
scan 420 110 81 0 0 0 0 0 0 0 0 0
scan 420 110 82 0 0 0 0 0 0 0 0 0
scan 420 110 83 0 0 0 0 0 0 0 0 0
scan 420 110 84 0 0 0 0 0 0 0 0 0
scan 420 110 85 0 0 0 0 0 0 0 0 0
scan 420 110 86 0 0 0 0 0 0 0 0 0
scan 420 110 87 0 0 0 0 0 0 0 0 0
scan 420 110 88 0 0 0 0 0 0 0 0 0
scan 420 110 89 3.11379e-06 0 3.11379e-06 9.34138e-08 9.34138e-08 9.34138e-08 1.5569e-07 1.86828e-07 2.30043e-06
scan 420 110 90 9.34138e-06 0 5.39325e-06 2.80241e-07 2.80241e-07 2.80241e-07 4.67069e-07 5.60483e-07 6.90129e-06
scan 420 110 91 3.11379e-06 0 3.11379e-06 9.34138e-08 9.34138e-08 9.34138e-08 1.5569e-07 1.86828e-07 2.30043e-06
scan 420 110 92 3.11379e-06 0 3.11379e-06 9.34138e-08 9.34138e-08 9.34138e-08 1.5569e-07 1.86828e-07 2.30043e-06
scan 420 110 93 6.22759e-06 0 4.40357e-06 1.86828e-07 1.86828e-07 1.86828e-07 3.11379e-07 3.73655e-07 4.60086e-06
scan 420 110 94 0 0 0 0 0 0 0 0 0
scan 420 110 95 0 0 0 0 0 0 0 0 0
scan 420 110 96 0 0 0 0 0 0 0 0 0
scan 420 110 97 6.22759e-06 0 4.40357e-06 1.86828e-07 1.86828e-07 1.86828e-07 3.11379e-07 3.73655e-07 4.60086e-06
scan 420 110 98 6.22759e-06 0 4.40357e-06 1.86828e-07 1.86828e-07 1.86828e-07 3.11379e-07 3.73655e-07 4.60086e-06
scan 420 110 99 0 0 0 0 0 0 0 0 0
scan 420 110 100 0 0 0 0 0 0 0 0 0
scan 420 110 101 6.22759e-06 0 4.40357e-06 1.86828e-07 1.86828e-07 1.86828e-07 3.11379e-07 3.73655e-07 4.60086e-06
scan 420 110 102 9.34138e-06 0 5.39325e-06 2.80241e-07 2.80241e-07 2.80241e-07 4.67069e-07 5.60483e-07 6.90129e-06
scan 420 110 103 9.34138e-06 0 5.39325e-06 2.80241e-07 2.80241e-07 2.80241e-07 4.67069e-07 5.60483e-07 6.90129e-06
scan 420 110 104 1.5569e-05 0 6.96265e-06 4.67069e-07 4.67069e-07 4.67069e-07 7.78448e-07 9.34138e-07 1.15022e-05
scan 420 110 60 0 0 0 0 0 0 0 0 0
scan 420 110 61 0 0 0 0 0 0 0 0 0
scan 420 110 62 0 0 0 0 0 0 0 0 0
scan 420 110 63 0 0 0 0 0 0 0 0 0
scan 420 110 64 0 0 0 0 0 0 0 0 0
scan 420 110 65 0 0 0 0 0 0 0 0 0
scan 420 110 66 0 0 0 0 0 0 0 0 0
scan 420 110 67 0 0 0 0 0 0 0 0 0
scan 420 110 68 0 0 0 0 0 0 0 0 0
scan 420 110 69 0 0 0 0 0 0 0 0 0
scan 420 110 70 0 0 0 0 0 0 0 0 0
scan 420 110 71 0 0 0 0 0 0 0 0 0
scan 420 110 72 0 0 0 0 0 0 0 0 0
scan 420 110 73 0 0 0 0 0 0 0 0 0
scan 420 110 74 0 0 0 0 0 0 0 0 0
scan 420 110 120 0 0 0 0 0 0 0 0 0
scan 420 110 121 0 0 0 0 0 0 0 0 0
scan 420 110 122 0 0 0 0 0 0 0 0 0
scan 420 110 123 0 0 0 0 0 0 0 0 0
scan 420 110 124 0 0 0 0 0 0 0 0 0
scan 420 110 125 0 0 0 0 0 0 0 0 0
scan 420 110 126 0 0 0 0 0 0 0 0 0
scan 420 110 127 0 0 0 0 0 0 0 0 0
scan 420 110 128 0 0 0 0 0 0 0 0 0
scan 420 110 129 0 0 0 0 0 0 0 0 0
scan 420 110 130 0 0 0 0 0 0 0 0 0
scan 420 110 131 0 0 0 0 0 0 0 0 0
scan 420 110 132 0 0 0 0 0 0 0 0 0
scan 420 110 133 0 0 0 0 0 0 0 0 0
scan 420 110 134 0 0 0 0 0 0 0 0 0
scan 420 110 135 6.22759e-06 0 4.40357e-06 1.86828e-07 1.86828e-07 1.86828e-07 3.11379e-07 3.73655e-07 4.60086e-06
scan 420 110 136 6.22759e-06 0 4.40357e-06 1.86828e-07 1.86828e-07 1.86828e-07 3.11379e-07 3.73655e-07 4.60086e-06
scan 420 110 137 3.11379e-06 0 3.11379e-06 9.34138e-08 9.34138e-08 9.34138e-08 1.5569e-07 1.86828e-07 2.30043e-06
scan 420 110 138 3.11379e-06 0 3.11379e-06 9.34138e-08 9.34138e-08 9.34138e-08 1.5569e-07 1.86828e-07 2.30043e-06
scan 420 110 139 0 0 0 0 0 0 0 0 0
scan 420 110 140 0 0 0 0 0 0 0 0 0
scan 420 110 141 3.11379e-06 0 3.11379e-06 9.34138e-08 9.34138e-08 9.34138e-08 1.5569e-07 1.86828e-07 2.30043e-06
scan 420 110 142 0 0 0 0 0 0 0 0 0
scan 420 110 143 3.11379e-06 0 3.11379e-06 9.34138e-08 9.34138e-08 9.34138e-08 1.5569e-07 1.86828e-07 2.30043e-06
scan 420 110 144 3.11379e-06 0 3.11379e-06 9.34138e-08 9.34138e-08 9.34138e-08 1.5569e-07 1.86828e-07 2.30043e-06
scan 420 110 145 0 0 0 0 0 0 0 0 0
scan 420 110 146 0 0 0 0 0 0 0 0 0
scan 420 110 147 6.22759e-06 0 4.40357e-06 1.86828e-07 1.86828e-07 1.86828e-07 3.11379e-07 3.73655e-07 4.60086e-06
scan 420 110 148 3.11379e-06 0 3.11379e-06 9.34138e-08 9.34138e-08 9.34138e-08 1.5569e-07 1.86828e-07 2.30043e-06
scan 420 110 149 6.22759e-06 0 4.40357e-06 1.86828e-07 1.86828e-07 1.86828e-07 3.11379e-07 3.73655e-07 4.60086e-06
scan 420 110 60 0 0 0 0 0 0 0 0 0
scan 420 110 61 0 0 0 0 0 0 0 0 0
scan 420 110 62 0 0 0 0 0 0 0 0 0
scan 420 110 63 0 0 0 0 0 0 0 0 0
scan 420 110 64 0 0 0 0 0 0 0 0 0
scan 420 110 65 0 0 0 0 0 0 0 0 0
scan 420 110 66 0 0 0 0 0 0 0 0 0
scan 420 110 67 0 0 0 0 0 0 0 0 0
scan 420 110 68 0 0 0 0 0 0 0 0 0
scan 420 110 69 0 0 0 0 0 0 0 0 0
scan 420 110 70 0 0 0 0 0 0 0 0 0
scan 420 110 71 0 0 0 0 0 0 0 0 0
scan 420 110 72 0 0 0 0 0 0 0 0 0
scan 420 110 73 0 0 0 0 0 0 0 0 0
scan 420 110 74 0 0 0 0 0 0 0 0 0
scan 420 110 165 0 0 0 0 0 0 0 0 0
scan 420 110 166 0 0 0 0 0 0 0 0 0
scan 420 110 167 0 0 0 0 0 0 0 0 0
scan 420 110 168 0 0 0 0 0 0 0 0 0
scan 420 110 169 0 0 0 0 0 0 0 0 0
scan 420 110 170 0 0 0 0 0 0 0 0 0
scan 420 110 171 0 0 0 0 0 0 0 0 0
scan 420 110 172 0 0 0 0 0 0 0 0 0
scan 420 110 173 3.11379e-06 0 3.11379e-06 9.34138e-08 9.34138e-08 9.34138e-08 1.5569e-07 1.86828e-07 2.30043e-06
scan 420 110 174 0 0 0 0 0 0 0 0 0
scan 420 110 175 0 0 0 0 0 0 0 0 0
scan 420 110 176 0 0 0 0 0 0 0 0 0
scan 420 110 177 0 0 0 0 0 0 0 0 0
scan 420 110 178 0 0 0 0 0 0 0 0 0
scan 420 110 179 0 0 0 0 0 0 0 0 0
