xsec 180 70 1.18219
scan 180 70 0 0.000945848 0 0.000334408 2.83755e-05 2.83755e-05 2.83755e-05 4.72924e-05 5.67509e-05 0.000637872
scan 180 70 1 0.00141877 0 0.000409564 4.25632e-05 4.25632e-05 4.25632e-05 7.09386e-05 8.51264e-05 0.000956809
scan 180 70 2 0.000354693 0 0.000204782 1.06408e-05 1.06408e-05 1.06408e-05 1.77347e-05 2.12816e-05 0.000239202
scan 180 70 3 0 0 0 0 0 0 0 0 0
scan 180 70 4 0.000118231 0 0.000118231 3.54693e-06 3.54693e-06 3.54693e-06 5.91155e-06 7.09386e-06 7.97341e-05
scan 180 70 5 0 0 0 0 0 0 0 0 0
scan 180 70 6 0 0 0 0 0 0 0 0 0
scan 180 70 7 0 0 0 0 0 0 0 0 0
scan 180 70 8 0 0 0 0 0 0 0 0 0
scan 180 70 9 0 0 0 0 0 0 0 0 0
scan 180 70 10 0 0 0 0 0 0 0 0 0
scan 180 70 11 0.000236462 0 0.000167204 7.09386e-06 7.09386e-06 7.09386e-06 1.18231e-05 1.41877e-05 0.000159468
scan 180 70 12 0.000118231 0 0.000118231 3.54693e-06 3.54693e-06 3.54693e-06 5.91155e-06 7.09386e-06 7.97341e-05
scan 180 70 13 0 0 0 0 0 0 0 0 0
scan 180 70 14 0 0 0 0 0 0 0 0 0
scan 180 70 15 0.0280208 0 0.00182014 0.000840623 0.000840623 0.000840623 0.00140104 0.00168125 0.018897
scan 180 70 16 0.0305036 0 0.00189907 0.000915108 0.000915108 0.000915108 0.00152518 0.00183022 0.0205714
scan 180 70 17 0.00934025 0 0.00105086 0.000280208 0.000280208 0.000280208 0.000467013 0.000560415 0.00629899
scan 180 70 18 0.00177347 0 0.000457907 5.3204e-05 5.3204e-05 5.3204e-05 8.86733e-05 0.000106408 0.00119601
scan 180 70 19 0.00106408 0 0.000354693 3.19224e-05 3.19224e-05 3.19224e-05 5.3204e-05 6.38448e-05 0.000717606
scan 180 70 20 0.000709386 0 0.000289606 2.12816e-05 2.12816e-05 2.12816e-05 3.54693e-05 4.25632e-05 0.000478404
scan 180 70 21 0.00567509 0 0.000819129 0.000170253 0.000170253 0.000170253 0.000283755 0.000340505 0.00382723
scan 180 70 22 0.0018917 0 0.000472924 5.67509e-05 5.67509e-05 5.67509e-05 9.45848e-05 0.000113502 0.00127574
scan 180 70 23 0.000118231 0 0.000118231 3.54693e-06 3.54693e-06 3.54693e-06 5.91155e-06 7.09386e-06 7.97341e-05
scan 180 70 24 0.000118231 0 0.000118231 3.54693e-06 3.54693e-06 3.54693e-06 5.91155e-06 7.09386e-06 7.97341e-05
scan 180 70 25 0.000118231 0 0.000118231 3.54693e-06 3.54693e-06 3.54693e-06 5.91155e-06 7.09386e-06 7.97341e-05
scan 180 70 26 0.00177347 0 0.000457907 5.3204e-05 5.3204e-05 5.3204e-05 8.86733e-05 0.000106408 0.00119601
scan 180 70 27 0.001537 0 0.000426288 4.61101e-05 4.61101e-05 4.61101e-05 7.68502e-05 9.22202e-05 0.00103654
scan 180 70 28 0.000236462 0 0.000167204 7.09386e-06 7.09386e-06 7.09386e-06 1.18231e-05 1.41877e-05 0.000159468
scan 180 70 29 0.000118231 0 0.000118231 3.54693e-06 3.54693e-06 3.54693e-06 5.91155e-06 7.09386e-06 7.97341e-05
scan 180 70 30 0.000354693 0 0.000204782 1.06408e-05 1.06408e-05 1.06408e-05 1.77347e-05 2.12816e-05 0.000239202
scan 180 70 31 0.000354693 0 0.000204782 1.06408e-05 1.06408e-05 1.06408e-05 1.77347e-05 2.12816e-05 0.000239202
scan 180 70 32 0 0 0 0 0 0 0 0 0
scan 180 70 33 0 0 0 0 0 0 0 0 0
scan 180 70 34 0.000118231 0 0.000118231 3.54693e-06 3.54693e-06 3.54693e-06 5.91155e-06 7.09386e-06 7.97341e-05
scan 180 70 35 0 0 0 0 0 0 0 0 0
scan 180 70 36 0 0 0 0 0 0 0 0 0
scan 180 70 37 0 0 0 0 0 0 0 0 0
scan 180 70 38 0 0 0 0 0 0 0 0 0
scan 180 70 39 0 0 0 0 0 0 0 0 0
scan 180 70 40 0 0 0 0 0 0 0 0 0
scan 180 70 41 0 0 0 0 0 0 0 0 0
scan 180 70 42 0 0 0 0 0 0 0 0 0
scan 180 70 43 0 0 0 0 0 0 0 0 0
scan 180 70 44 0 0 0 0 0 0 0 0 0
scan 180 70 45 0 0 0 0 0 0 0 0 0
scan 180 70 46 0.000236462 0 0.000167204 7.09386e-06 7.09386e-06 7.09386e-06 1.18231e-05 1.41877e-05 0.000159468
scan 180 70 47 0 0 0 0 0 0 0 0 0
scan 180 70 48 0 0 0 0 0 0 0 0 0
scan 180 70 49 0 0 0 0 0 0 0 0 0
scan 180 70 50 0 0 0 0 0 0 0 0 0
scan 180 70 51 0 0 0 0 0 0 0 0 0
scan 180 70 52 0 0 0 0 0 0 0 0 0
scan 180 70 53 0 0 0 0 0 0 0 0 0
scan 180 70 54 0 0 0 0 0 0 0 0 0
scan 180 70 55 0 0 0 0 0 0 0 0 0
scan 180 70 56 0 0 0 0 0 0 0 0 0
scan 180 70 57 0 0 0 0 0 0 0 0 0
scan 180 70 58 0 0 0 0 0 0 0 0 0
scan 180 70 59 0 0 0 0 0 0 0 0 0
scan 180 70 60 0 0 0 0 0 0 0 0 0
scan 180 70 61 0 0 0 0 0 0 0 0 0
scan 180 70 62 0 0 0 0 0 0 0 0 0
scan 180 70 63 0 0 0 0 0 0 0 0 0
scan 180 70 64 0 0 0 0 0 0 0 0 0
scan 180 70 65 0 0 0 0 0 0 0 0 0
scan 180 70 66 0 0 0 0 0 0 0 0 0
scan 180 70 67 0 0 0 0 0 0 0 0 0
scan 180 70 68 0 0 0 0 0 0 0 0 0
scan 180 70 69 0 0 0 0 0 0 0 0 0
scan 180 70 70 0 0 0 0 0 0 0 0 0
scan 180 70 71 0 0 0 0 0 0 0 0 0
scan 180 70 72 0 0 0 0 0 0 0 0 0
scan 180 70 73 0 0 0 0 0 0 0 0 0
scan 180 70 74 0 0 0 0 0 0 0 0 0
scan 180 70 75 0 0 0 0 0 0 0 0 0
scan 180 70 76 0 0 0 0 0 0 0 0 0
scan 180 70 77 0 0 0 0 0 0 0 0 0
scan 180 70 78 0 0 0 0 0 0 0 0 0
scan 180 70 79 0 0 0 0 0 0 0 0 0
scan 180 70 80 0 0 0 0 0 0 0 0 0
scan 180 70 81 0 0 0 0 0 0 0 0 0
scan 180 70 82 0 0 0 0 0 0 0 0 0
scan 180 70 83 0 0 0 0 0 0 0 0 0
scan 180 70 84 0 0 0 0 0 0 0 0 0
scan 180 70 85 0 0 0 0 0 0 0 0 0
scan 180 70 86 0 0 0 0 0 0 0 0 0
scan 180 70 87 0 0 0 0 0 0 0 0 0
scan 180 70 88 0 0 0 0 0 0 0 0 0
scan 180 70 89 0 0 0 0 0 0 0 0 0
scan 180 70 90 0.000236462 0 0.000167204 7.09386e-06 7.09386e-06 7.09386e-06 1.18231e-05 1.41877e-05 0.000159468
scan 180 70 91 0.000591155 0 0.000264373 1.77347e-05 1.77347e-05 1.77347e-05 2.95578e-05 3.54693e-05 0.00039867
scan 180 70 92 0.000354693 0 0.000204782 1.06408e-05 1.06408e-05 1.06408e-05 1.77347e-05 2.12816e-05 0.000239202
scan 180 70 93 0 0 0 0 0 0 0 0 0
scan 180 70 94 0 0 0 0 0 0 0 0 0
scan 180 70 95 0 0 0 0 0 0 0 0 0
scan 180 70 96 0 0 0 0 0 0 0 0 0
scan 180 70 97 0.000118231 0 0.000118231 3.54693e-06 3.54693e-06 3.54693e-06 5.91155e-06 7.09386e-06 7.97341e-05
scan 180 70 98 0 0 0 0 0 0 0 0 0
scan 180 70 99 0 0 0 0 0 0 0 0 0
scan 180 70 100 0 0 0 0 0 0 0 0 0
scan 180 70 101 0.000354693 0 0.000204782 1.06408e-05 1.06408e-05 1.06408e-05 1.77347e-05 2.12816e-05 0.000239202
scan 180 70 102 0 0 0 0 0 0 0 0 0
scan 180 70 103 0 0 0 0 0 0 0 0 0
scan 180 70 104 0 0 0 0 0 0 0 0 0
scan 180 70 60 0 0 0 0 0 0 0 0 0
scan 180 70 61 0 0 0 0 0 0 0 0 0
scan 180 70 62 0 0 0 0 0 0 0 0 0
scan 180 70 63 0 0 0 0 0 0 0 0 0
scan 180 70 64 0 0 0 0 0 0 0 0 0
scan 180 70 65 0 0 0 0 0 0 0 0 0
scan 180 70 66 0 0 0 0 0 0 0 0 0
scan 180 70 67 0 0 0 0 0 0 0 0 0
scan 180 70 68 0 0 0 0 0 0 0 0 0
scan 180 70 69 0 0 0 0 0 0 0 0 0
scan 180 70 70 0 0 0 0 0 0 0 0 0
scan 180 70 71 0 0 0 0 0 0 0 0 0
scan 180 70 72 0 0 0 0 0 0 0 0 0
scan 180 70 73 0 0 0 0 0 0 0 0 0
scan 180 70 74 0 0 0 0 0 0 0 0 0
scan 180 70 120 0.000118231 0 0.000118231 3.54693e-06 3.54693e-06 3.54693e-06 5.91155e-06 7.09386e-06 7.97341e-05
scan 180 70 121 0 0 0 0 0 0 0 0 0
scan 180 70 122 0 0 0 0 0 0 0 0 0
scan 180 70 123 0 0 0 0 0 0 0 0 0
scan 180 70 124 0 0 0 0 0 0 0 0 0
scan 180 70 125 0 0 0 0 0 0 0 0 0
scan 180 70 126 0 0 0 0 0 0 0 0 0
scan 180 70 127 0 0 0 0 0 0 0 0 0
scan 180 70 128 0 0 0 0 0 0 0 0 0
scan 180 70 129 0 0 0 0 0 0 0 0 0
scan 180 70 130 0 0 0 0 0 0 0 0 0
scan 180 70 131 0 0 0 0 0 0 0 0 0
scan 180 70 132 0 0 0 0 0 0 0 0 0
scan 180 70 133 0 0 0 0 0 0 0 0 0
scan 180 70 134 0 0 0 0 0 0 0 0 0
scan 180 70 135 0.000591155 0 0.000264373 1.77347e-05 1.77347e-05 1.77347e-05 2.95578e-05 3.54693e-05 0.00039867
scan 180 70 136 0.000354693 0 0.000204782 1.06408e-05 1.06408e-05 1.06408e-05 1.77347e-05 2.12816e-05 0.000239202
scan 180 70 137 0 0 0 0 0 0 0 0 0
scan 180 70 138 0 0 0 0 0 0 0 0 0
scan 180 70 139 0 0 0 0 0 0 0 0 0
scan 180 70 140 0 0 0 0 0 0 0 0 0
scan 180 70 141 0 0 0 0 0 0 0 0 0
scan 180 70 142 0.000118231 0 0.000118231 3.54693e-06 3.54693e-06 3.54693e-06 5.91155e-06 7.09386e-06 7.97341e-05
scan 180 70 143 0 0 0 0 0 0 0 0 0
scan 180 70 144 0 0 0 0 0 0 0 0 0
scan 180 70 145 0 0 0 0 0 0 0 0 0
scan 180 70 146 0 0 0 0 0 0 0 0 0
scan 180 70 147 0.000118231 0 0.000118231 3.54693e-06 3.54693e-06 3.54693e-06 5.91155e-06 7.09386e-06 7.97341e-05
scan 180 70 148 0 0 0 0 0 0 0 0 0
scan 180 70 149 0 0 0 0 0 0 0 0 0
scan 180 70 60 0 0 0 0 0 0 0 0 0
scan 180 70 61 0 0 0 0 0 0 0 0 0
scan 180 70 62 0 0 0 0 0 0 0 0 0
scan 180 70 63 0 0 0 0 0 0 0 0 0
scan 180 70 64 0 0 0 0 0 0 0 0 0
scan 180 70 65 0 0 0 0 0 0 0 0 0
scan 180 70 66 0 0 0 0 0 0 0 0 0
scan 180 70 67 0 0 0 0 0 0 0 0 0
scan 180 70 68 0 0 0 0 0 0 0 0 0
scan 180 70 69 0 0 0 0 0 0 0 0 0
scan 180 70 70 0 0 0 0 0 0 0 0 0
scan 180 70 71 0 0 0 0 0 0 0 0 0
scan 180 70 72 0 0 0 0 0 0 0 0 0
scan 180 70 73 0 0 0 0 0 0 0 0 0
scan 180 70 74 0 0 0 0 0 0 0 0 0
scan 180 70 165 0 0 0 0 0 0 0 0 0
scan 180 70 166 0.000118231 0 0.000118231 3.54693e-06 3.54693e-06 3.54693e-06 5.91155e-06 7.09386e-06 7.97341e-05
scan 180 70 167 0 0 0 0 0 0 0 0 0
scan 180 70 168 0 0 0 0 0 0 0 0 0
scan 180 70 169 0 0 0 0 0 0 0 0 0
scan 180 70 170 0 0 0 0 0 0 0 0 0
scan 180 70 171 0 0 0 0 0 0 0 0 0
scan 180 70 172 0 0 0 0 0 0 0 0 0
scan 180 70 173 0 0 0 0 0 0 0 0 0
scan 180 70 174 0 0 0 0 0 0 0 0 0
scan 180 70 175 0 0 0 0 0 0 0 0 0
scan 180 70 176 0 0 0 0 0 0 0 0 0
scan 180 70 177 0 0 0 0 0 0 0 0 0
scan 180 70 178 0 0 0 0 0 0 0 0 0
scan 180 70 179 0 0 0 0 0 0 0 0 0
