xsec 410 230 0.0350132
scan 410 230 0 3.50202e-06 0 3.50202e-06 1.05061e-07 1.05061e-07 1.05061e-07 1.75101e-07 2.10121e-07 2.58099e-06
scan 410 230 1 1.40081e-05 0 7.00405e-06 4.20243e-07 4.20243e-07 4.20243e-07 7.00405e-07 8.40485e-07 1.0324e-05
scan 410 230 2 1.40081e-05 0 7.00405e-06 4.20243e-07 4.20243e-07 4.20243e-07 7.00405e-07 8.40485e-07 1.0324e-05
scan 410 230 3 7.00405e-06 0 4.95261e-06 2.10121e-07 2.10121e-07 2.10121e-07 3.50202e-07 4.20243e-07 5.16198e-06
scan 410 230 4 7.00405e-06 0 4.95261e-06 2.10121e-07 2.10121e-07 2.10121e-07 3.50202e-07 4.20243e-07 5.16198e-06
scan 410 230 5 1.05061e-05 0 6.06568e-06 3.15182e-07 3.15182e-07 3.15182e-07 5.25303e-07 6.30364e-07 7.74297e-06
scan 410 230 6 1.05061e-05 0 6.06568e-06 3.15182e-07 3.15182e-07 3.15182e-07 5.25303e-07 6.30364e-07 7.74297e-06
scan 410 230 7 3.50202e-06 0 3.50202e-06 1.05061e-07 1.05061e-07 1.05061e-07 1.75101e-07 2.10121e-07 2.58099e-06
scan 410 230 8 3.50202e-06 0 3.50202e-06 1.05061e-07 1.05061e-07 1.05061e-07 1.75101e-07 2.10121e-07 2.58099e-06
scan 410 230 9 0 0 0 0 0 0 0 0 0
scan 410 230 10 0 0 0 0 0 0 0 0 0
scan 410 230 11 7.00405e-06 0 4.95261e-06 2.10121e-07 2.10121e-07 2.10121e-07 3.50202e-07 4.20243e-07 5.16198e-06
scan 410 230 12 7.00405e-06 0 4.95261e-06 2.10121e-07 2.10121e-07 2.10121e-07 3.50202e-07 4.20243e-07 5.16198e-06
scan 410 230 13 1.40081e-05 0 7.00405e-06 4.20243e-07 4.20243e-07 4.20243e-07 7.00405e-07 8.40485e-07 1.0324e-05
scan 410 230 14 1.75101e-05 0 7.83076e-06 5.25303e-07 5.25303e-07 5.25303e-07 8.75506e-07 1.05061e-06 1.29049e-05
scan 410 230 15 0.000220627 0 2.77964e-05 6.61882e-06 6.61882e-06 6.61882e-06 1.10314e-05 1.32376e-05 0.000162602
scan 410 230 16 0.000451761 0 3.97753e-05 1.35528e-05 1.35528e-05 1.35528e-05 2.2588e-05 2.71057e-05 0.000332948
scan 410 230 17 0.000448259 0 3.96209e-05 1.34478e-05 1.34478e-05 1.34478e-05 2.24129e-05 2.68955e-05 0.000330367
scan 410 230 18 0.000210121 0 2.71266e-05 6.30364e-06 6.30364e-06 6.30364e-06 1.05061e-05 1.26073e-05 0.000154859
scan 410 230 19 0.00025915 0 3.01255e-05 7.77449e-06 7.77449e-06 7.77449e-06 1.29575e-05 1.5549e-05 0.000190993
scan 410 230 20 1.40081e-05 0 7.00405e-06 4.20243e-07 4.20243e-07 4.20243e-07 7.00405e-07 8.40485e-07 1.0324e-05
scan 410 230 21 0.000115567 0 2.01176e-05 3.467e-06 3.467e-06 3.467e-06 5.77834e-06 6.93401e-06 8.51726e-05
scan 410 230 22 0.000168097 0 2.42627e-05 5.04291e-06 5.04291e-06 5.04291e-06 8.40485e-06 1.00858e-05 0.000123887
scan 410 230 23 9.80566e-05 0 1.8531e-05 2.9417e-06 2.9417e-06 2.9417e-06 4.90283e-06 5.8834e-06 7.22677e-05
scan 410 230 24 9.45546e-05 0 1.8197e-05 2.83664e-06 2.83664e-06 2.83664e-06 4.72773e-06 5.67328e-06 6.96867e-05
scan 410 230 25 3.50202e-06 0 3.50202e-06 1.05061e-07 1.05061e-07 1.05061e-07 1.75101e-07 2.10121e-07 2.58099e-06
scan 410 230 26 0.000112065 0 1.98104e-05 3.36194e-06 3.36194e-06 3.36194e-06 5.60324e-06 6.72388e-06 8.25916e-05
scan 410 230 27 0.000304676 0 3.26647e-05 9.14028e-06 9.14028e-06 9.14028e-06 1.52338e-05 1.82806e-05 0.000224546
scan 410 230 28 0.000360708 0 3.55417e-05 1.08213e-05 1.08213e-05 1.08213e-05 1.80354e-05 2.16425e-05 0.000265842
scan 410 230 29 0.0003467 0 3.48447e-05 1.0401e-05 1.0401e-05 1.0401e-05 1.7335e-05 2.0802e-05 0.000255518
scan 410 230 30 3.50202e-06 0 3.50202e-06 1.05061e-07 1.05061e-07 1.05061e-07 1.75101e-07 2.10121e-07 2.58099e-06
scan 410 230 31 1.75101e-05 0 7.83076e-06 5.25303e-07 5.25303e-07 5.25303e-07 8.75506e-07 1.05061e-06 1.29049e-05
scan 410 230 32 7.00405e-06 0 4.95261e-06 2.10121e-07 2.10121e-07 2.10121e-07 3.50202e-07 4.20243e-07 5.16198e-06
scan 410 230 33 3.50202e-06 0 3.50202e-06 1.05061e-07 1.05061e-07 1.05061e-07 1.75101e-07 2.10121e-07 2.58099e-06
scan 410 230 34 3.50202e-06 0 3.50202e-06 1.05061e-07 1.05061e-07 1.05061e-07 1.75101e-07 2.10121e-07 2.58099e-06
scan 410 230 35 0 0 0 0 0 0 0 0 0
scan 410 230 36 7.00405e-06 0 4.95261e-06 2.10121e-07 2.10121e-07 2.10121e-07 3.50202e-07 4.20243e-07 5.16198e-06
scan 410 230 37 0 0 0 0 0 0 0 0 0
scan 410 230 38 0 0 0 0 0 0 0 0 0
scan 410 230 39 0 0 0 0 0 0 0 0 0
scan 410 230 40 0 0 0 0 0 0 0 0 0
scan 410 230 41 0 0 0 0 0 0 0 0 0
scan 410 230 42 7.00405e-06 0 4.95261e-06 2.10121e-07 2.10121e-07 2.10121e-07 3.50202e-07 4.20243e-07 5.16198e-06
scan 410 230 43 1.05061e-05 0 6.06568e-06 3.15182e-07 3.15182e-07 3.15182e-07 5.25303e-07 6.30364e-07 7.74297e-06
scan 410 230 44 0 0 0 0 0 0 0 0 0
scan 410 230 45 3.50202e-06 0 3.50202e-06 1.05061e-07 1.05061e-07 1.05061e-07 1.75101e-07 2.10121e-07 2.58099e-06
scan 410 230 46 7.00405e-06 0 4.95261e-06 2.10121e-07 2.10121e-07 2.10121e-07 3.50202e-07 4.20243e-07 5.16198e-06
scan 410 230 47 3.50202e-06 0 3.50202e-06 1.05061e-07 1.05061e-07 1.05061e-07 1.75101e-07 2.10121e-07 2.58099e-06
scan 410 230 48 0 0 0 0 0 0 0 0 0
scan 410 230 49 0 0 0 0 0 0 0 0 0
scan 410 230 50 0 0 0 0 0 0 0 0 0
scan 410 230 51 0 0 0 0 0 0 0 0 0
scan 410 230 52 3.50202e-06 0 3.50202e-06 1.05061e-07 1.05061e-07 1.05061e-07 1.75101e-07 2.10121e-07 2.58099e-06
scan 410 230 53 0 0 0 0 0 0 0 0 0
scan 410 230 54 0 0 0 0 0 0 0 0 0
scan 410 230 55 0 0 0 0 0 0 0 0 0
scan 410 230 56 0 0 0 0 0 0 0 0 0
scan 410 230 57 3.50202e-06 0 3.50202e-06 1.05061e-07 1.05061e-07 1.05061e-07 1.75101e-07 2.10121e-07 2.58099e-06
scan 410 230 58 3.50202e-06 0 3.50202e-06 1.05061e-07 1.05061e-07 1.05061e-07 1.75101e-07 2.10121e-07 2.58099e-06
scan 410 230 59 3.50202e-06 0 3.50202e-06 1.05061e-07 1.05061e-07 1.05061e-07 1.75101e-07 2.10121e-07 2.58099e-06
scan 410 230 60 0 0 0 0 0 0 0 0 0
scan 410 230 61 0 0 0 0 0 0 0 0 0
scan 410 230 62 0 0 0 0 0 0 0 0 0
scan 410 230 63 0 0 0 0 0 0 0 0 0
scan 410 230 64 0 0 0 0 0 0 0 0 0
scan 410 230 65 0 0 0 0 0 0 0 0 0
scan 410 230 66 0 0 0 0 0 0 0 0 0
scan 410 230 67 0 0 0 0 0 0 0 0 0
scan 410 230 68 0 0 0 0 0 0 0 0 0
scan 410 230 69 0 0 0 0 0 0 0 0 0
scan 410 230 70 0 0 0 0 0 0 0 0 0
scan 410 230 71 0 0 0 0 0 0 0 0 0
scan 410 230 72 0 0 0 0 0 0 0 0 0
scan 410 230 73 0 0 0 0 0 0 0 0 0
scan 410 230 74 0 0 0 0 0 0 0 0 0
scan 410 230 75 0 0 0 0 0 0 0 0 0
scan 410 230 76 3.50202e-06 0 3.50202e-06 1.05061e-07 1.05061e-07 1.05061e-07 1.75101e-07 2.10121e-07 2.58099e-06
scan 410 230 77 0 0 0 0 0 0 0 0 0
scan 410 230 78 0 0 0 0 0 0 0 0 0
scan 410 230 79 0 0 0 0 0 0 0 0 0
scan 410 230 80 0 0 0 0 0 0 0 0 0
scan 410 230 81 0 0 0 0 0 0 0 0 0
scan 410 230 82 0 0 0 0 0 0 0 0 0
scan 410 230 83 0 0 0 0 0 0 0 0 0
scan 410 230 84 0 0 0 0 0 0 0 0 0
scan 410 230 85 0 0 0 0 0 0 0 0 0
scan 410 230 86 0 0 0 0 0 0 0 0 0
scan 410 230 87 0 0 0 0 0 0 0 0 0
scan 410 230 88 0 0 0 0 0 0 0 0 0
scan 410 230 89 0 0 0 0 0 0 0 0 0
scan 410 230 90 1.40081e-05 0 7.00405e-06 4.20243e-07 4.20243e-07 4.20243e-07 7.00405e-07 8.40485e-07 1.0324e-05
scan 410 230 91 2.10121e-05 0 8.57817e-06 6.30364e-07 6.30364e-07 6.30364e-07 1.05061e-06 1.26073e-06 1.54859e-05
scan 410 230 92 7.00405e-06 0 4.95261e-06 2.10121e-07 2.10121e-07 2.10121e-07 3.50202e-07 4.20243e-07 5.16198e-06
scan 410 230 93 7.00405e-06 0 4.95261e-06 2.10121e-07 2.10121e-07 2.10121e-07 3.50202e-07 4.20243e-07 5.16198e-06
scan 410 230 94 0 0 0 0 0 0 0 0 0
scan 410 230 95 0 0 0 0 0 0 0 0 0
scan 410 230 96 3.50202e-06 0 3.50202e-06 1.05061e-07 1.05061e-07 1.05061e-07 1.75101e-07 2.10121e-07 2.58099e-06
scan 410 230 97 3.50202e-06 0 3.50202e-06 1.05061e-07 1.05061e-07 1.05061e-07 1.75101e-07 2.10121e-07 2.58099e-06
scan 410 230 98 0 0 0 0 0 0 0 0 0
scan 410 230 99 0 0 0 0 0 0 0 0 0
scan 410 230 100 0 0 0 0 0 0 0 0 0
scan 410 230 101 3.50202e-06 0 3.50202e-06 1.05061e-07 1.05061e-07 1.05061e-07 1.75101e-07 2.10121e-07 2.58099e-06
scan 410 230 102 0 0 0 0 0 0 0 0 0
scan 410 230 103 7.00405e-06 0 4.95261e-06 2.10121e-07 2.10121e-07 2.10121e-07 3.50202e-07 4.20243e-07 5.16198e-06
scan 410 230 104 3.50202e-06 0 3.50202e-06 1.05061e-07 1.05061e-07 1.05061e-07 1.75101e-07 2.10121e-07 2.58099e-06
scan 410 230 60 0 0 0 0 0 0 0 0 0
scan 410 230 61 0 0 0 0 0 0 0 0 0
scan 410 230 62 0 0 0 0 0 0 0 0 0
scan 410 230 63 0 0 0 0 0 0 0 0 0
scan 410 230 64 0 0 0 0 0 0 0 0 0
scan 410 230 65 0 0 0 0 0 0 0 0 0
scan 410 230 66 0 0 0 0 0 0 0 0 0
scan 410 230 67 0 0 0 0 0 0 0 0 0
scan 410 230 68 0 0 0 0 0 0 0 0 0
scan 410 230 69 0 0 0 0 0 0 0 0 0
scan 410 230 70 0 0 0 0 0 0 0 0 0
scan 410 230 71 0 0 0 0 0 0 0 0 0
scan 410 230 72 0 0 0 0 0 0 0 0 0
scan 410 230 73 0 0 0 0 0 0 0 0 0
scan 410 230 74 0 0 0 0 0 0 0 0 0
scan 410 230 120 0 0 0 0 0 0 0 0 0
scan 410 230 121 0 0 0 0 0 0 0 0 0
scan 410 230 122 0 0 0 0 0 0 0 0 0
scan 410 230 123 0 0 0 0 0 0 0 0 0
scan 410 230 124 0 0 0 0 0 0 0 0 0
scan 410 230 125 0 0 0 0 0 0 0 0 0
scan 410 230 126 0 0 0 0 0 0 0 0 0
scan 410 230 127 3.50202e-06 0 3.50202e-06 1.05061e-07 1.05061e-07 1.05061e-07 1.75101e-07 2.10121e-07 2.58099e-06
scan 410 230 128 0 0 0 0 0 0 0 0 0
scan 410 230 129 0 0 0 0 0 0 0 0 0
scan 410 230 130 0 0 0 0 0 0 0 0 0
scan 410 230 131 0 0 0 0 0 0 0 0 0
scan 410 230 132 0 0 0 0 0 0 0 0 0
scan 410 230 133 0 0 0 0 0 0 0 0 0
scan 410 230 134 0 0 0 0 0 0 0 0 0
scan 410 230 135 1.05061e-05 0 6.06568e-06 3.15182e-07 3.15182e-07 3.15182e-07 5.25303e-07 6.30364e-07 7.74297e-06
scan 410 230 136 1.40081e-05 0 7.00405e-06 4.20243e-07 4.20243e-07 4.20243e-07 7.00405e-07 8.40485e-07 1.0324e-05
scan 410 230 137 3.50202e-06 0 3.50202e-06 1.05061e-07 1.05061e-07 1.05061e-07 1.75101e-07 2.10121e-07 2.58099e-06
scan 410 230 138 1.75101e-05 0 7.83076e-06 5.25303e-07 5.25303e-07 5.25303e-07 8.75506e-07 1.05061e-06 1.29049e-05
scan 410 230 139 0 0 0 0 0 0 0 0 0
scan 410 230 140 0 0 0 0 0 0 0 0 0
scan 410 230 141 3.50202e-06 0 3.50202e-06 1.05061e-07 1.05061e-07 1.05061e-07 1.75101e-07 2.10121e-07 2.58099e-06
scan 410 230 142 3.50202e-06 0 3.50202e-06 1.05061e-07 1.05061e-07 1.05061e-07 1.75101e-07 2.10121e-07 2.58099e-06
scan 410 230 143 0 0 0 0 0 0 0 0 0
scan 410 230 144 0 0 0 0 0 0 0 0 0
scan 410 230 145 3.50202e-06 0 3.50202e-06 1.05061e-07 1.05061e-07 1.05061e-07 1.75101e-07 2.10121e-07 2.58099e-06
scan 410 230 146 0 0 0 0 0 0 0 0 0
scan 410 230 147 1.40081e-05 0 7.00405e-06 4.20243e-07 4.20243e-07 4.20243e-07 7.00405e-07 8.40485e-07 1.0324e-05
scan 410 230 148 0 0 0 0 0 0 0 0 0
scan 410 230 149 3.50202e-06 0 3.50202e-06 1.05061e-07 1.05061e-07 1.05061e-07 1.75101e-07 2.10121e-07 2.58099e-06
scan 410 230 60 0 0 0 0 0 0 0 0 0
scan 410 230 61 0 0 0 0 0 0 0 0 0
scan 410 230 62 0 0 0 0 0 0 0 0 0
scan 410 230 63 0 0 0 0 0 0 0 0 0
scan 410 230 64 0 0 0 0 0 0 0 0 0
scan 410 230 65 0 0 0 0 0 0 0 0 0
scan 410 230 66 0 0 0 0 0 0 0 0 0
scan 410 230 67 0 0 0 0 0 0 0 0 0
scan 410 230 68 0 0 0 0 0 0 0 0 0
scan 410 230 69 0 0 0 0 0 0 0 0 0
scan 410 230 70 0 0 0 0 0 0 0 0 0
scan 410 230 71 0 0 0 0 0 0 0 0 0
scan 410 230 72 0 0 0 0 0 0 0 0 0
scan 410 230 73 0 0 0 0 0 0 0 0 0
scan 410 230 74 0 0 0 0 0 0 0 0 0
scan 410 230 165 0 0 0 0 0 0 0 0 0
scan 410 230 166 0 0 0 0 0 0 0 0 0
scan 410 230 167 3.50202e-06 0 3.50202e-06 1.05061e-07 1.05061e-07 1.05061e-07 1.75101e-07 2.10121e-07 2.58099e-06
scan 410 230 168 0 0 0 0 0 0 0 0 0
scan 410 230 169 0 0 0 0 0 0 0 0 0
scan 410 230 170 0 0 0 0 0 0 0 0 0
scan 410 230 171 0 0 0 0 0 0 0 0 0
scan 410 230 172 3.50202e-06 0 3.50202e-06 1.05061e-07 1.05061e-07 1.05061e-07 1.75101e-07 2.10121e-07 2.58099e-06
scan 410 230 173 0 0 0 0 0 0 0 0 0
scan 410 230 174 0 0 0 0 0 0 0 0 0
scan 410 230 175 0 0 0 0 0 0 0 0 0
scan 410 230 176 0 0 0 0 0 0 0 0 0
scan 410 230 177 0 0 0 0 0 0 0 0 0
scan 410 230 178 0 0 0 0 0 0 0 0 0
scan 410 230 179 0 0 0 0 0 0 0 0 0
