xsec 210 0 0.646755
scan 210 0 0 0.000258754 0 0.000129377 7.76262e-06 7.76262e-06 7.76262e-06 1.29377e-05 1.55252e-05 0.00017728
scan 210 0 1 0.000452819 0 0.00017115 1.35846e-05 1.35846e-05 1.35846e-05 2.2641e-05 2.71692e-05 0.000310239
scan 210 0 2 0.000194065 0 0.000112044 5.82196e-06 5.82196e-06 5.82196e-06 9.70327e-06 1.16439e-05 0.00013296
scan 210 0 3 0.000129377 0 9.14833e-05 3.88131e-06 3.88131e-06 3.88131e-06 6.46885e-06 7.76262e-06 8.86398e-05
scan 210 0 4 6.46885e-05 0 6.46885e-05 1.94065e-06 1.94065e-06 1.94065e-06 3.23442e-06 3.88131e-06 4.43199e-05
scan 210 0 5 0 0 0 0 0 0 0 0 0
scan 210 0 6 6.46885e-05 0 6.46885e-05 1.94065e-06 1.94065e-06 1.94065e-06 3.23442e-06 3.88131e-06 4.43199e-05
scan 210 0 7 0.000194065 0 0.000112044 5.82196e-06 5.82196e-06 5.82196e-06 9.70327e-06 1.16439e-05 0.00013296
scan 210 0 8 0 0 0 0 0 0 0 0 0
scan 210 0 9 0 0 0 0 0 0 0 0 0
scan 210 0 10 0 0 0 0 0 0 0 0 0
scan 210 0 11 0 0 0 0 0 0 0 0 0
scan 210 0 12 0.000129377 0 9.14833e-05 3.88131e-06 3.88131e-06 3.88131e-06 6.46885e-06 7.76262e-06 8.86398e-05
scan 210 0 13 0.000129377 0 9.14833e-05 3.88131e-06 3.88131e-06 3.88131e-06 6.46885e-06 7.76262e-06 8.86398e-05
scan 210 0 14 0 0 0 0 0 0 0 0 0
scan 210 0 15 0.00711573 0 0.000678459 0.000213472 0.000213472 0.000213472 0.000355787 0.000426944 0.00487519
scan 210 0 16 0.0112558 0 0.0008533 0.000337674 0.000337674 0.000337674 0.00056279 0.000675348 0.00771166
scan 210 0 17 0.00718042 0 0.000681535 0.000215413 0.000215413 0.000215413 0.000359021 0.000430825 0.00491951
scan 210 0 18 0.00245816 0 0.000398767 7.37449e-05 7.37449e-05 7.37449e-05 0.000122908 0.00014749 0.00168416
scan 210 0 19 0.00174659 0 0.000336131 5.23977e-05 5.23977e-05 5.23977e-05 8.73295e-05 0.000104795 0.00119664
scan 210 0 20 0.000258754 0 0.000129377 7.76262e-06 7.76262e-06 7.76262e-06 1.29377e-05 1.55252e-05 0.00017728
scan 210 0 21 0.00349318 0 0.000475361 0.000104795 0.000104795 0.000104795 0.000174659 0.000209591 0.00239327
scan 210 0 22 0.00194065 0 0.000354313 5.82196e-05 5.82196e-05 5.82196e-05 9.70327e-05 0.000116439 0.0013296
scan 210 0 23 0.000970327 0 0.000250537 2.91098e-05 2.91098e-05 2.91098e-05 4.85164e-05 5.82196e-05 0.000664799
scan 210 0 24 0.000582196 0 0.000194065 1.74659e-05 1.74659e-05 1.74659e-05 2.91098e-05 3.49318e-05 0.000398879
scan 210 0 25 0.000258754 0 0.000129377 7.76262e-06 7.76262e-06 7.76262e-06 1.29377e-05 1.55252e-05 0.00017728
scan 210 0 26 0.00219941 0 0.000377195 6.59823e-05 6.59823e-05 6.59823e-05 0.00010997 0.000131965 0.00150688
scan 210 0 27 0.00556321 0 0.000599896 0.000166896 0.000166896 0.000166896 0.00027816 0.000333793 0.00381151
scan 210 0 28 0.0027816 0 0.000424191 8.34481e-05 8.34481e-05 8.34481e-05 0.00013908 0.000166896 0.00190576
scan 210 0 29 0.000905639 0 0.000242042 2.71692e-05 2.71692e-05 2.71692e-05 4.52819e-05 5.43383e-05 0.000620479
scan 210 0 30 0.000258754 0 0.000129377 7.76262e-06 7.76262e-06 7.76262e-06 1.29377e-05 1.55252e-05 0.00017728
scan 210 0 31 0.000323442 0 0.000144648 9.70327e-06 9.70327e-06 9.70327e-06 1.61721e-05 1.94065e-05 0.0002216
scan 210 0 32 0.000388131 0 0.000158454 1.16439e-05 1.16439e-05 1.16439e-05 1.94065e-05 2.32879e-05 0.000265919
scan 210 0 33 0 0 0 0 0 0 0 0 0
scan 210 0 34 0 0 0 0 0 0 0 0 0
scan 210 0 35 0 0 0 0 0 0 0 0 0
scan 210 0 36 6.46885e-05 0 6.46885e-05 1.94065e-06 1.94065e-06 1.94065e-06 3.23442e-06 3.88131e-06 4.43199e-05
scan 210 0 37 6.46885e-05 0 6.46885e-05 1.94065e-06 1.94065e-06 1.94065e-06 3.23442e-06 3.88131e-06 4.43199e-05
scan 210 0 38 0 0 0 0 0 0 0 0 0
scan 210 0 39 0 0 0 0 0 0 0 0 0
scan 210 0 40 0 0 0 0 0 0 0 0 0
scan 210 0 41 0 0 0 0 0 0 0 0 0
scan 210 0 42 6.46885e-05 0 6.46885e-05 1.94065e-06 1.94065e-06 1.94065e-06 3.23442e-06 3.88131e-06 4.43199e-05
scan 210 0 43 0.000194065 0 0.000112044 5.82196e-06 5.82196e-06 5.82196e-06 9.70327e-06 1.16439e-05 0.00013296
scan 210 0 44 0 0 0 0 0 0 0 0 0
scan 210 0 45 6.46885e-05 0 6.46885e-05 1.94065e-06 1.94065e-06 1.94065e-06 3.23442e-06 3.88131e-06 4.43199e-05
scan 210 0 46 6.46885e-05 0 6.46885e-05 1.94065e-06 1.94065e-06 1.94065e-06 3.23442e-06 3.88131e-06 4.43199e-05
scan 210 0 47 0 0 0 0 0 0 0 0 0
scan 210 0 48 6.46885e-05 0 6.46885e-05 1.94065e-06 1.94065e-06 1.94065e-06 3.23442e-06 3.88131e-06 4.43199e-05
scan 210 0 49 0 0 0 0 0 0 0 0 0
scan 210 0 50 0 0 0 0 0 0 0 0 0
scan 210 0 51 0 0 0 0 0 0 0 0 0
scan 210 0 52 0 0 0 0 0 0 0 0 0
scan 210 0 53 0 0 0 0 0 0 0 0 0
scan 210 0 54 0 0 0 0 0 0 0 0 0
scan 210 0 55 0 0 0 0 0 0 0 0 0
scan 210 0 56 6.46885e-05 0 6.46885e-05 1.94065e-06 1.94065e-06 1.94065e-06 3.23442e-06 3.88131e-06 4.43199e-05
scan 210 0 57 6.46885e-05 0 6.46885e-05 1.94065e-06 1.94065e-06 1.94065e-06 3.23442e-06 3.88131e-06 4.43199e-05
scan 210 0 58 0 0 0 0 0 0 0 0 0
scan 210 0 59 0 0 0 0 0 0 0 0 0
scan 210 0 60 0 0 0 0 0 0 0 0 0
scan 210 0 61 0 0 0 0 0 0 0 0 0
scan 210 0 62 0 0 0 0 0 0 0 0 0
scan 210 0 63 0 0 0 0 0 0 0 0 0
scan 210 0 64 0 0 0 0 0 0 0 0 0
scan 210 0 65 0 0 0 0 0 0 0 0 0
scan 210 0 66 0 0 0 0 0 0 0 0 0
scan 210 0 67 0 0 0 0 0 0 0 0 0
scan 210 0 68 0 0 0 0 0 0 0 0 0
scan 210 0 69 0 0 0 0 0 0 0 0 0
scan 210 0 70 0 0 0 0 0 0 0 0 0
scan 210 0 71 0 0 0 0 0 0 0 0 0
scan 210 0 72 0 0 0 0 0 0 0 0 0
scan 210 0 73 0 0 0 0 0 0 0 0 0
scan 210 0 74 0 0 0 0 0 0 0 0 0
scan 210 0 75 0 0 0 0 0 0 0 0 0
scan 210 0 76 0 0 0 0 0 0 0 0 0
scan 210 0 77 0 0 0 0 0 0 0 0 0
scan 210 0 78 0 0 0 0 0 0 0 0 0
scan 210 0 79 0 0 0 0 0 0 0 0 0
scan 210 0 80 0 0 0 0 0 0 0 0 0
scan 210 0 81 0 0 0 0 0 0 0 0 0
scan 210 0 82 0 0 0 0 0 0 0 0 0
scan 210 0 83 0 0 0 0 0 0 0 0 0
scan 210 0 84 0 0 0 0 0 0 0 0 0
scan 210 0 85 0 0 0 0 0 0 0 0 0
scan 210 0 86 0 0 0 0 0 0 0 0 0
scan 210 0 87 0 0 0 0 0 0 0 0 0
scan 210 0 88 0 0 0 0 0 0 0 0 0
scan 210 0 89 0 0 0 0 0 0 0 0 0
scan 210 0 90 0.000194065 0 0.000112044 5.82196e-06 5.82196e-06 5.82196e-06 9.70327e-06 1.16439e-05 0.00013296
scan 210 0 91 0.000194065 0 0.000112044 5.82196e-06 5.82196e-06 5.82196e-06 9.70327e-06 1.16439e-05 0.00013296
scan 210 0 92 0 0 0 0 0 0 0 0 0
scan 210 0 93 0 0 0 0 0 0 0 0 0
scan 210 0 94 0 0 0 0 0 0 0 0 0
scan 210 0 95 0 0 0 0 0 0 0 0 0
scan 210 0 96 6.46885e-05 0 6.46885e-05 1.94065e-06 1.94065e-06 1.94065e-06 3.23442e-06 3.88131e-06 4.43199e-05
scan 210 0 97 0 0 0 0 0 0 0 0 0
scan 210 0 98 0 0 0 0 0 0 0 0 0
scan 210 0 99 0 0 0 0 0 0 0 0 0
scan 210 0 100 0 0 0 0 0 0 0 0 0
scan 210 0 101 0.000194065 0 0.000112044 5.82196e-06 5.82196e-06 5.82196e-06 9.70327e-06 1.16439e-05 0.00013296
scan 210 0 102 0.000194065 0 0.000112044 5.82196e-06 5.82196e-06 5.82196e-06 9.70327e-06 1.16439e-05 0.00013296
scan 210 0 103 0 0 0 0 0 0 0 0 0
scan 210 0 104 0 0 0 0 0 0 0 0 0
scan 210 0 60 0 0 0 0 0 0 0 0 0
scan 210 0 61 0 0 0 0 0 0 0 0 0
scan 210 0 62 0 0 0 0 0 0 0 0 0
scan 210 0 63 0 0 0 0 0 0 0 0 0
scan 210 0 64 0 0 0 0 0 0 0 0 0
scan 210 0 65 0 0 0 0 0 0 0 0 0
scan 210 0 66 0 0 0 0 0 0 0 0 0
scan 210 0 67 0 0 0 0 0 0 0 0 0
scan 210 0 68 0 0 0 0 0 0 0 0 0
scan 210 0 69 0 0 0 0 0 0 0 0 0
scan 210 0 70 0 0 0 0 0 0 0 0 0
scan 210 0 71 0 0 0 0 0 0 0 0 0
scan 210 0 72 0 0 0 0 0 0 0 0 0
scan 210 0 73 0 0 0 0 0 0 0 0 0
scan 210 0 74 0 0 0 0 0 0 0 0 0
scan 210 0 120 0 0 0 0 0 0 0 0 0
scan 210 0 121 0 0 0 0 0 0 0 0 0
scan 210 0 122 0 0 0 0 0 0 0 0 0
scan 210 0 123 0 0 0 0 0 0 0 0 0
scan 210 0 124 0 0 0 0 0 0 0 0 0
scan 210 0 125 0 0 0 0 0 0 0 0 0
scan 210 0 126 0 0 0 0 0 0 0 0 0
scan 210 0 127 0 0 0 0 0 0 0 0 0
scan 210 0 128 0 0 0 0 0 0 0 0 0
scan 210 0 129 0 0 0 0 0 0 0 0 0
scan 210 0 130 0 0 0 0 0 0 0 0 0
scan 210 0 131 0 0 0 0 0 0 0 0 0
scan 210 0 132 0 0 0 0 0 0 0 0 0
scan 210 0 133 0 0 0 0 0 0 0 0 0
scan 210 0 134 0 0 0 0 0 0 0 0 0
scan 210 0 135 0.000323442 0 0.000144648 9.70327e-06 9.70327e-06 9.70327e-06 1.61721e-05 1.94065e-05 0.0002216
scan 210 0 136 0.000194065 0 0.000112044 5.82196e-06 5.82196e-06 5.82196e-06 9.70327e-06 1.16439e-05 0.00013296
scan 210 0 137 6.46885e-05 0 6.46885e-05 1.94065e-06 1.94065e-06 1.94065e-06 3.23442e-06 3.88131e-06 4.43199e-05
scan 210 0 138 0 0 0 0 0 0 0 0 0
scan 210 0 139 0 0 0 0 0 0 0 0 0
scan 210 0 140 0 0 0 0 0 0 0 0 0
scan 210 0 141 0 0 0 0 0 0 0 0 0
scan 210 0 142 0 0 0 0 0 0 0 0 0
scan 210 0 143 0 0 0 0 0 0 0 0 0
scan 210 0 144 0 0 0 0 0 0 0 0 0
scan 210 0 145 0 0 0 0 0 0 0 0 0
scan 210 0 146 0 0 0 0 0 0 0 0 0
scan 210 0 147 0 0 0 0 0 0 0 0 0
scan 210 0 148 0.000129377 0 9.14833e-05 3.88131e-06 3.88131e-06 3.88131e-06 6.46885e-06 7.76262e-06 8.86398e-05
scan 210 0 149 0 0 0 0 0 0 0 0 0
scan 210 0 60 0 0 0 0 0 0 0 0 0
scan 210 0 61 0 0 0 0 0 0 0 0 0
scan 210 0 62 0 0 0 0 0 0 0 0 0
scan 210 0 63 0 0 0 0 0 0 0 0 0
scan 210 0 64 0 0 0 0 0 0 0 0 0
scan 210 0 65 0 0 0 0 0 0 0 0 0
scan 210 0 66 0 0 0 0 0 0 0 0 0
scan 210 0 67 0 0 0 0 0 0 0 0 0
scan 210 0 68 0 0 0 0 0 0 0 0 0
scan 210 0 69 0 0 0 0 0 0 0 0 0
scan 210 0 70 0 0 0 0 0 0 0 0 0
scan 210 0 71 0 0 0 0 0 0 0 0 0
scan 210 0 72 0 0 0 0 0 0 0 0 0
scan 210 0 73 0 0 0 0 0 0 0 0 0
scan 210 0 74 0 0 0 0 0 0 0 0 0
scan 210 0 165 0 0 0 0 0 0 0 0 0
scan 210 0 166 0 0 0 0 0 0 0 0 0
scan 210 0 167 0 0 0 0 0 0 0 0 0
scan 210 0 168 0 0 0 0 0 0 0 0 0
scan 210 0 169 0 0 0 0 0 0 0 0 0
scan 210 0 170 0 0 0 0 0 0 0 0 0
scan 210 0 171 0 0 0 0 0 0 0 0 0
scan 210 0 172 0 0 0 0 0 0 0 0 0
scan 210 0 173 0 0 0 0 0 0 0 0 0
scan 210 0 174 0 0 0 0 0 0 0 0 0
scan 210 0 175 0 0 0 0 0 0 0 0 0
scan 210 0 176 0 0 0 0 0 0 0 0 0
scan 210 0 177 0 0 0 0 0 0 0 0 0
scan 210 0 178 0 0 0 0 0 0 0 0 0
scan 210 0 179 0 0 0 0 0 0 0 0 0
