xsec 420 270 0.0311379
scan 420 270 0 1.86846e-05 0 7.62797e-06 5.60539e-07 5.60539e-07 5.60539e-07 9.34232e-07 1.12108e-06 1.3804e-05
scan 420 270 1 1.86846e-05 0 7.62797e-06 5.60539e-07 5.60539e-07 5.60539e-07 9.34232e-07 1.12108e-06 1.3804e-05
scan 420 270 2 6.22821e-06 0 4.40401e-06 1.86846e-07 1.86846e-07 1.86846e-07 3.11411e-07 3.73693e-07 4.60132e-06
scan 420 270 3 0 0 0 0 0 0 0 0 0
scan 420 270 4 9.34232e-06 0 5.39379e-06 2.80269e-07 2.80269e-07 2.80269e-07 4.67116e-07 5.60539e-07 6.90198e-06
scan 420 270 5 0 0 0 0 0 0 0 0 0
scan 420 270 6 9.34232e-06 0 5.39379e-06 2.80269e-07 2.80269e-07 2.80269e-07 4.67116e-07 5.60539e-07 6.90198e-06
scan 420 270 7 0 0 0 0 0 0 0 0 0
scan 420 270 8 0 0 0 0 0 0 0 0 0
scan 420 270 9 0 0 0 0 0 0 0 0 0
scan 420 270 10 0 0 0 0 0 0 0 0 0
scan 420 270 11 0 0 0 0 0 0 0 0 0
scan 420 270 12 9.34232e-06 0 5.39379e-06 2.80269e-07 2.80269e-07 2.80269e-07 4.67116e-07 5.60539e-07 6.90198e-06
scan 420 270 13 1.24564e-05 0 6.22821e-06 3.73693e-07 3.73693e-07 3.73693e-07 6.22821e-07 7.47385e-07 9.20264e-06
scan 420 270 14 0 0 0 0 0 0 0 0 0
scan 420 270 15 0.000274041 0 2.92129e-05 8.22124e-06 8.22124e-06 8.22124e-06 1.37021e-05 1.64425e-05 0.000202458
scan 420 270 16 0.000526284 0 4.04834e-05 1.57885e-05 1.57885e-05 1.57885e-05 2.63142e-05 3.1577e-05 0.000388812
scan 420 270 17 0.000317639 0 3.14509e-05 9.52916e-06 9.52916e-06 9.52916e-06 1.58819e-05 1.90583e-05 0.000234667
scan 420 270 18 0.000168162 0 2.28839e-05 5.04485e-06 5.04485e-06 5.04485e-06 8.40808e-06 1.00897e-05 0.000124236
scan 420 270 19 0.00010588 0 1.81582e-05 3.17639e-06 3.17639e-06 3.17639e-06 5.29398e-06 6.35277e-06 7.82225e-05
scan 420 270 20 1.55705e-05 0 6.96335e-06 4.67116e-07 4.67116e-07 4.67116e-07 7.78526e-07 9.34232e-07 1.15033e-05
scan 420 270 21 0.000127678 0 1.994e-05 3.83035e-06 3.83035e-06 3.83035e-06 6.38392e-06 7.6607e-06 9.43271e-05
scan 420 270 22 0.000140135 0 2.08901e-05 4.20404e-06 4.20404e-06 4.20404e-06 7.00674e-06 8.40808e-06 0.00010353
scan 420 270 23 6.53962e-05 0 1.42706e-05 1.96189e-06 1.96189e-06 1.96189e-06 3.26981e-06 3.92377e-06 4.83139e-05
scan 420 270 24 5.9168e-05 0 1.35741e-05 1.77504e-06 1.77504e-06 1.77504e-06 2.9584e-06 3.55008e-06 4.37126e-05
scan 420 270 25 0 0 0 0 0 0 0 0 0
scan 420 270 26 9.96514e-05 0 1.7616e-05 2.98954e-06 2.98954e-06 2.98954e-06 4.98257e-06 5.97908e-06 7.36211e-05
scan 420 270 27 0.000280269 0 2.9543e-05 8.40808e-06 8.40808e-06 8.40808e-06 1.40135e-05 1.68162e-05 0.000207059
scan 420 270 28 0.000277155 0 2.93784e-05 8.31466e-06 8.31466e-06 8.31466e-06 1.38578e-05 1.66293e-05 0.000204759
scan 420 270 29 9.96514e-05 0 1.7616e-05 2.98954e-06 2.98954e-06 2.98954e-06 4.98257e-06 5.97908e-06 7.36211e-05
scan 420 270 30 3.11411e-06 0 3.11411e-06 9.34232e-08 9.34232e-08 9.34232e-08 1.55705e-07 1.86846e-07 2.30066e-06
scan 420 270 31 9.34232e-06 0 5.39379e-06 2.80269e-07 2.80269e-07 2.80269e-07 4.67116e-07 5.60539e-07 6.90198e-06
scan 420 270 32 9.34232e-06 0 5.39379e-06 2.80269e-07 2.80269e-07 2.80269e-07 4.67116e-07 5.60539e-07 6.90198e-06
scan 420 270 33 3.11411e-06 0 3.11411e-06 9.34232e-08 9.34232e-08 9.34232e-08 1.55705e-07 1.86846e-07 2.30066e-06
scan 420 270 34 3.11411e-06 0 3.11411e-06 9.34232e-08 9.34232e-08 9.34232e-08 1.55705e-07 1.86846e-07 2.30066e-06
scan 420 270 35 0 0 0 0 0 0 0 0 0
scan 420 270 36 3.11411e-06 0 3.11411e-06 9.34232e-08 9.34232e-08 9.34232e-08 1.55705e-07 1.86846e-07 2.30066e-06
scan 420 270 37 3.11411e-06 0 3.11411e-06 9.34232e-08 9.34232e-08 9.34232e-08 1.55705e-07 1.86846e-07 2.30066e-06
scan 420 270 38 0 0 0 0 0 0 0 0 0
scan 420 270 39 0 0 0 0 0 0 0 0 0
scan 420 270 40 0 0 0 0 0 0 0 0 0
scan 420 270 41 3.11411e-06 0 3.11411e-06 9.34232e-08 9.34232e-08 9.34232e-08 1.55705e-07 1.86846e-07 2.30066e-06
scan 420 270 42 6.22821e-06 0 4.40401e-06 1.86846e-07 1.86846e-07 1.86846e-07 3.11411e-07 3.73693e-07 4.60132e-06
scan 420 270 43 0 0 0 0 0 0 0 0 0
scan 420 270 44 3.11411e-06 0 3.11411e-06 9.34232e-08 9.34232e-08 9.34232e-08 1.55705e-07 1.86846e-07 2.30066e-06
scan 420 270 45 3.11411e-06 0 3.11411e-06 9.34232e-08 9.34232e-08 9.34232e-08 1.55705e-07 1.86846e-07 2.30066e-06
scan 420 270 46 0 0 0 0 0 0 0 0 0
scan 420 270 47 0 0 0 0 0 0 0 0 0
scan 420 270 48 0 0 0 0 0 0 0 0 0
scan 420 270 49 0 0 0 0 0 0 0 0 0
scan 420 270 50 0 0 0 0 0 0 0 0 0
scan 420 270 51 3.11411e-06 0 3.11411e-06 9.34232e-08 9.34232e-08 9.34232e-08 1.55705e-07 1.86846e-07 2.30066e-06
scan 420 270 52 0 0 0 0 0 0 0 0 0
scan 420 270 53 0 0 0 0 0 0 0 0 0
scan 420 270 54 0 0 0 0 0 0 0 0 0
scan 420 270 55 0 0 0 0 0 0 0 0 0
scan 420 270 56 0 0 0 0 0 0 0 0 0
scan 420 270 57 0 0 0 0 0 0 0 0 0
scan 420 270 58 0 0 0 0 0 0 0 0 0
scan 420 270 59 0 0 0 0 0 0 0 0 0
scan 420 270 60 0 0 0 0 0 0 0 0 0
scan 420 270 61 0 0 0 0 0 0 0 0 0
scan 420 270 62 0 0 0 0 0 0 0 0 0
scan 420 270 63 0 0 0 0 0 0 0 0 0
scan 420 270 64 0 0 0 0 0 0 0 0 0
scan 420 270 65 0 0 0 0 0 0 0 0 0
scan 420 270 66 0 0 0 0 0 0 0 0 0
scan 420 270 67 0 0 0 0 0 0 0 0 0
scan 420 270 68 0 0 0 0 0 0 0 0 0
scan 420 270 69 0 0 0 0 0 0 0 0 0
scan 420 270 70 0 0 0 0 0 0 0 0 0
scan 420 270 71 0 0 0 0 0 0 0 0 0
scan 420 270 72 0 0 0 0 0 0 0 0 0
scan 420 270 73 0 0 0 0 0 0 0 0 0
scan 420 270 74 0 0 0 0 0 0 0 0 0
scan 420 270 75 0 0 0 0 0 0 0 0 0
scan 420 270 76 0 0 0 0 0 0 0 0 0
scan 420 270 77 0 0 0 0 0 0 0 0 0
scan 420 270 78 0 0 0 0 0 0 0 0 0
scan 420 270 79 0 0 0 0 0 0 0 0 0
scan 420 270 80 0 0 0 0 0 0 0 0 0
scan 420 270 81 0 0 0 0 0 0 0 0 0
scan 420 270 82 0 0 0 0 0 0 0 0 0
scan 420 270 83 0 0 0 0 0 0 0 0 0
scan 420 270 84 0 0 0 0 0 0 0 0 0
scan 420 270 85 0 0 0 0 0 0 0 0 0
scan 420 270 86 0 0 0 0 0 0 0 0 0
scan 420 270 87 0 0 0 0 0 0 0 0 0
scan 420 270 88 0 0 0 0 0 0 0 0 0
scan 420 270 89 0 0 0 0 0 0 0 0 0
scan 420 270 90 1.24564e-05 0 6.22821e-06 3.73693e-07 3.73693e-07 3.73693e-07 6.22821e-07 7.47385e-07 9.20264e-06
scan 420 270 91 1.86846e-05 0 7.62797e-06 5.60539e-07 5.60539e-07 5.60539e-07 9.34232e-07 1.12108e-06 1.3804e-05
scan 420 270 92 6.22821e-06 0 4.40401e-06 1.86846e-07 1.86846e-07 1.86846e-07 3.11411e-07 3.73693e-07 4.60132e-06
scan 420 270 93 0 0 0 0 0 0 0 0 0
scan 420 270 94 3.11411e-06 0 3.11411e-06 9.34232e-08 9.34232e-08 9.34232e-08 1.55705e-07 1.86846e-07 2.30066e-06
scan 420 270 95 0 0 0 0 0 0 0 0 0
scan 420 270 96 0 0 0 0 0 0 0 0 0
scan 420 270 97 0 0 0 0 0 0 0 0 0
scan 420 270 98 0 0 0 0 0 0 0 0 0
scan 420 270 99 0 0 0 0 0 0 0 0 0
scan 420 270 100 0 0 0 0 0 0 0 0 0
scan 420 270 101 6.22821e-06 0 4.40401e-06 1.86846e-07 1.86846e-07 1.86846e-07 3.11411e-07 3.73693e-07 4.60132e-06
scan 420 270 102 1.24564e-05 0 6.22821e-06 3.73693e-07 3.73693e-07 3.73693e-07 6.22821e-07 7.47385e-07 9.20264e-06
scan 420 270 103 3.11411e-06 0 3.11411e-06 9.34232e-08 9.34232e-08 9.34232e-08 1.55705e-07 1.86846e-07 2.30066e-06
scan 420 270 104 0 0 0 0 0 0 0 0 0
scan 420 270 60 0 0 0 0 0 0 0 0 0
scan 420 270 61 0 0 0 0 0 0 0 0 0
scan 420 270 62 0 0 0 0 0 0 0 0 0
scan 420 270 63 0 0 0 0 0 0 0 0 0
scan 420 270 64 0 0 0 0 0 0 0 0 0
scan 420 270 65 0 0 0 0 0 0 0 0 0
scan 420 270 66 0 0 0 0 0 0 0 0 0
scan 420 270 67 0 0 0 0 0 0 0 0 0
scan 420 270 68 0 0 0 0 0 0 0 0 0
scan 420 270 69 0 0 0 0 0 0 0 0 0
scan 420 270 70 0 0 0 0 0 0 0 0 0
scan 420 270 71 0 0 0 0 0 0 0 0 0
scan 420 270 72 0 0 0 0 0 0 0 0 0
scan 420 270 73 0 0 0 0 0 0 0 0 0
scan 420 270 74 0 0 0 0 0 0 0 0 0
scan 420 270 120 0 0 0 0 0 0 0 0 0
scan 420 270 121 0 0 0 0 0 0 0 0 0
scan 420 270 122 0 0 0 0 0 0 0 0 0
scan 420 270 123 0 0 0 0 0 0 0 0 0
scan 420 270 124 0 0 0 0 0 0 0 0 0
scan 420 270 125 0 0 0 0 0 0 0 0 0
scan 420 270 126 0 0 0 0 0 0 0 0 0
scan 420 270 127 0 0 0 0 0 0 0 0 0
scan 420 270 128 0 0 0 0 0 0 0 0 0
scan 420 270 129 0 0 0 0 0 0 0 0 0
scan 420 270 130 0 0 0 0 0 0 0 0 0
scan 420 270 131 0 0 0 0 0 0 0 0 0
scan 420 270 132 0 0 0 0 0 0 0 0 0
scan 420 270 133 0 0 0 0 0 0 0 0 0
scan 420 270 134 0 0 0 0 0 0 0 0 0
scan 420 270 135 3.11411e-06 0 3.11411e-06 9.34232e-08 9.34232e-08 9.34232e-08 1.55705e-07 1.86846e-07 2.30066e-06
scan 420 270 136 9.34232e-06 0 5.39379e-06 2.80269e-07 2.80269e-07 2.80269e-07 4.67116e-07 5.60539e-07 6.90198e-06
scan 420 270 137 3.11411e-06 0 3.11411e-06 9.34232e-08 9.34232e-08 9.34232e-08 1.55705e-07 1.86846e-07 2.30066e-06
scan 420 270 138 0 0 0 0 0 0 0 0 0
scan 420 270 139 0 0 0 0 0 0 0 0 0
scan 420 270 140 0 0 0 0 0 0 0 0 0
scan 420 270 141 0 0 0 0 0 0 0 0 0
scan 420 270 142 3.11411e-06 0 3.11411e-06 9.34232e-08 9.34232e-08 9.34232e-08 1.55705e-07 1.86846e-07 2.30066e-06
scan 420 270 143 0 0 0 0 0 0 0 0 0
scan 420 270 144 0 0 0 0 0 0 0 0 0
scan 420 270 145 0 0 0 0 0 0 0 0 0
scan 420 270 146 0 0 0 0 0 0 0 0 0
scan 420 270 147 0 0 0 0 0 0 0 0 0
scan 420 270 148 3.11411e-06 0 3.11411e-06 9.34232e-08 9.34232e-08 9.34232e-08 1.55705e-07 1.86846e-07 2.30066e-06
scan 420 270 149 0 0 0 0 0 0 0 0 0
scan 420 270 60 0 0 0 0 0 0 0 0 0
scan 420 270 61 0 0 0 0 0 0 0 0 0
scan 420 270 62 0 0 0 0 0 0 0 0 0
scan 420 270 63 0 0 0 0 0 0 0 0 0
scan 420 270 64 0 0 0 0 0 0 0 0 0
scan 420 270 65 0 0 0 0 0 0 0 0 0
scan 420 270 66 0 0 0 0 0 0 0 0 0
scan 420 270 67 0 0 0 0 0 0 0 0 0
scan 420 270 68 0 0 0 0 0 0 0 0 0
scan 420 270 69 0 0 0 0 0 0 0 0 0
scan 420 270 70 0 0 0 0 0 0 0 0 0
scan 420 270 71 0 0 0 0 0 0 0 0 0
scan 420 270 72 0 0 0 0 0 0 0 0 0
scan 420 270 73 0 0 0 0 0 0 0 0 0
scan 420 270 74 0 0 0 0 0 0 0 0 0
scan 420 270 165 3.11411e-06 0 3.11411e-06 9.34232e-08 9.34232e-08 9.34232e-08 1.55705e-07 1.86846e-07 2.30066e-06
scan 420 270 166 0 0 0 0 0 0 0 0 0
scan 420 270 167 0 0 0 0 0 0 0 0 0
scan 420 270 168 0 0 0 0 0 0 0 0 0
scan 420 270 169 0 0 0 0 0 0 0 0 0
scan 420 270 170 0 0 0 0 0 0 0 0 0
scan 420 270 171 0 0 0 0 0 0 0 0 0
scan 420 270 172 3.11411e-06 0 3.11411e-06 9.34232e-08 9.34232e-08 9.34232e-08 1.55705e-07 1.86846e-07 2.30066e-06
scan 420 270 173 0 0 0 0 0 0 0 0 0
scan 420 270 174 0 0 0 0 0 0 0 0 0
scan 420 270 175 0 0 0 0 0 0 0 0 0
scan 420 270 176 0 0 0 0 0 0 0 0 0
scan 420 270 177 0 0 0 0 0 0 0 0 0
scan 420 270 178 0 0 0 0 0 0 0 0 0
scan 420 270 179 0 0 0 0 0 0 0 0 0
