xsec 290 170 0.170545
scan 290 170 0 8.52725e-05 0 3.8135e-05 2.55817e-06 2.55817e-06 2.55817e-06 4.26362e-06 5.11635e-06 6.05108e-05
scan 290 170 1 0.000170545 0 5.39311e-05 5.11635e-06 5.11635e-06 5.11635e-06 8.52725e-06 1.02327e-05 0.000121022
scan 290 170 2 5.11635e-05 0 2.95393e-05 1.5349e-06 1.5349e-06 1.5349e-06 2.55817e-06 3.06981e-06 3.63065e-05
scan 290 170 3 0 0 0 0 0 0 0 0 0
scan 290 170 4 0 0 0 0 0 0 0 0 0
scan 290 170 5 1.70545e-05 0 1.70545e-05 5.11635e-07 5.11635e-07 5.11635e-07 8.52725e-07 1.02327e-06 1.21022e-05
scan 290 170 6 5.11635e-05 0 2.95393e-05 1.5349e-06 1.5349e-06 1.5349e-06 2.55817e-06 3.06981e-06 3.63065e-05
scan 290 170 7 1.70545e-05 0 1.70545e-05 5.11635e-07 5.11635e-07 5.11635e-07 8.52725e-07 1.02327e-06 1.21022e-05
scan 290 170 8 1.70545e-05 0 1.70545e-05 5.11635e-07 5.11635e-07 5.11635e-07 8.52725e-07 1.02327e-06 1.21022e-05
scan 290 170 9 1.70545e-05 0 1.70545e-05 5.11635e-07 5.11635e-07 5.11635e-07 8.52725e-07 1.02327e-06 1.21022e-05
scan 290 170 10 0 0 0 0 0 0 0 0 0
scan 290 170 11 5.11635e-05 0 2.95393e-05 1.5349e-06 1.5349e-06 1.5349e-06 2.55817e-06 3.06981e-06 3.63065e-05
scan 290 170 12 3.4109e-05 0 2.41187e-05 1.02327e-06 1.02327e-06 1.02327e-06 1.70545e-06 2.04654e-06 2.42043e-05
scan 290 170 13 0 0 0 0 0 0 0 0 0
scan 290 170 14 1.70545e-05 0 1.70545e-05 5.11635e-07 5.11635e-07 5.11635e-07 8.52725e-07 1.02327e-06 1.21022e-05
scan 290 170 15 0.00306981 0 0.00022881 9.20943e-05 9.20943e-05 9.20943e-05 0.00015349 0.000184189 0.00217839
scan 290 170 16 0.00414424 0 0.000265853 0.000124327 0.000124327 0.000124327 0.000207212 0.000248655 0.00294082
scan 290 170 17 0.00189305 0 0.00017968 5.67915e-05 5.67915e-05 5.67915e-05 9.46525e-05 0.000113583 0.00134334
scan 290 170 18 0.000596907 0 0.000100896 1.79072e-05 1.79072e-05 1.79072e-05 2.98454e-05 3.58144e-05 0.000423576
scan 290 170 19 0.000426362 0 8.52725e-05 1.27909e-05 1.27909e-05 1.27909e-05 2.13181e-05 2.55817e-05 0.000302554
scan 290 170 20 0.000136436 0 4.82374e-05 4.09308e-06 4.09308e-06 4.09308e-06 6.8218e-06 8.18616e-06 9.68173e-05
scan 290 170 21 0.0011256 0 0.000138551 3.37679e-05 3.37679e-05 3.37679e-05 5.62798e-05 6.75358e-05 0.000798742
scan 290 170 22 0.000801561 0 0.00011692 2.40468e-05 2.40468e-05 2.40468e-05 4.00781e-05 4.80937e-05 0.000568801
scan 290 170 23 0.000255817 0 6.60518e-05 7.67452e-06 7.67452e-06 7.67452e-06 1.27909e-05 1.5349e-05 0.000181532
scan 290 170 24 0.000119381 0 4.5122e-05 3.58144e-06 3.58144e-06 3.58144e-06 5.96907e-06 7.16289e-06 8.47151e-05
scan 290 170 25 1.70545e-05 0 1.70545e-05 5.11635e-07 5.11635e-07 5.11635e-07 8.52725e-07 1.02327e-06 1.21022e-05
scan 290 170 26 0.00049458 0 9.18413e-05 1.48374e-05 1.48374e-05 1.48374e-05 2.4729e-05 2.96748e-05 0.000350963
scan 290 170 27 0.000784507 0 0.000115669 2.35352e-05 2.35352e-05 2.35352e-05 3.92253e-05 4.70704e-05 0.000556699
scan 290 170 28 0.000272872 0 6.8218e-05 8.18616e-06 8.18616e-06 8.18616e-06 1.36436e-05 1.63723e-05 0.000193635
scan 290 170 29 0.000102327 0 4.17748e-05 3.06981e-06 3.06981e-06 3.06981e-06 5.11635e-06 6.13962e-06 7.2613e-05
scan 290 170 30 6.8218e-05 0 3.4109e-05 2.04654e-06 2.04654e-06 2.04654e-06 3.4109e-06 4.09308e-06 4.84086e-05
scan 290 170 31 1.70545e-05 0 1.70545e-05 5.11635e-07 5.11635e-07 5.11635e-07 8.52725e-07 1.02327e-06 1.21022e-05
scan 290 170 32 0 0 0 0 0 0 0 0 0
scan 290 170 33 1.70545e-05 0 1.70545e-05 5.11635e-07 5.11635e-07 5.11635e-07 8.52725e-07 1.02327e-06 1.21022e-05
scan 290 170 34 0 0 0 0 0 0 0 0 0
scan 290 170 35 0 0 0 0 0 0 0 0 0
scan 290 170 36 0 0 0 0 0 0 0 0 0
scan 290 170 37 1.70545e-05 0 1.70545e-05 5.11635e-07 5.11635e-07 5.11635e-07 8.52725e-07 1.02327e-06 1.21022e-05
scan 290 170 38 0 0 0 0 0 0 0 0 0
scan 290 170 39 0 0 0 0 0 0 0 0 0
scan 290 170 40 0 0 0 0 0 0 0 0 0
scan 290 170 41 0 0 0 0 0 0 0 0 0
scan 290 170 42 1.70545e-05 0 1.70545e-05 5.11635e-07 5.11635e-07 5.11635e-07 8.52725e-07 1.02327e-06 1.21022e-05
scan 290 170 43 0 0 0 0 0 0 0 0 0
scan 290 170 44 0 0 0 0 0 0 0 0 0
scan 290 170 45 1.70545e-05 0 1.70545e-05 5.11635e-07 5.11635e-07 5.11635e-07 8.52725e-07 1.02327e-06 1.21022e-05
scan 290 170 46 3.4109e-05 0 2.41187e-05 1.02327e-06 1.02327e-06 1.02327e-06 1.70545e-06 2.04654e-06 2.42043e-05
scan 290 170 47 0 0 0 0 0 0 0 0 0
scan 290 170 48 0 0 0 0 0 0 0 0 0
scan 290 170 49 0 0 0 0 0 0 0 0 0
scan 290 170 50 0 0 0 0 0 0 0 0 0
scan 290 170 51 1.70545e-05 0 1.70545e-05 5.11635e-07 5.11635e-07 5.11635e-07 8.52725e-07 1.02327e-06 1.21022e-05
scan 290 170 52 0 0 0 0 0 0 0 0 0
scan 290 170 53 0 0 0 0 0 0 0 0 0
scan 290 170 54 0 0 0 0 0 0 0 0 0
scan 290 170 55 0 0 0 0 0 0 0 0 0
scan 290 170 56 1.70545e-05 0 1.70545e-05 5.11635e-07 5.11635e-07 5.11635e-07 8.52725e-07 1.02327e-06 1.21022e-05
scan 290 170 57 0 0 0 0 0 0 0 0 0
scan 290 170 58 0 0 0 0 0 0 0 0 0
scan 290 170 59 0 0 0 0 0 0 0 0 0
scan 290 170 60 0 0 0 0 0 0 0 0 0
scan 290 170 61 0 0 0 0 0 0 0 0 0
scan 290 170 62 0 0 0 0 0 0 0 0 0
scan 290 170 63 0 0 0 0 0 0 0 0 0
scan 290 170 64 0 0 0 0 0 0 0 0 0
scan 290 170 65 0 0 0 0 0 0 0 0 0
scan 290 170 66 0 0 0 0 0 0 0 0 0
scan 290 170 67 0 0 0 0 0 0 0 0 0
scan 290 170 68 0 0 0 0 0 0 0 0 0
scan 290 170 69 0 0 0 0 0 0 0 0 0
scan 290 170 70 0 0 0 0 0 0 0 0 0
scan 290 170 71 0 0 0 0 0 0 0 0 0
scan 290 170 72 0 0 0 0 0 0 0 0 0
scan 290 170 73 0 0 0 0 0 0 0 0 0
scan 290 170 74 0 0 0 0 0 0 0 0 0
scan 290 170 75 0 0 0 0 0 0 0 0 0
scan 290 170 76 0 0 0 0 0 0 0 0 0
scan 290 170 77 0 0 0 0 0 0 0 0 0
scan 290 170 78 0 0 0 0 0 0 0 0 0
scan 290 170 79 0 0 0 0 0 0 0 0 0
scan 290 170 80 0 0 0 0 0 0 0 0 0
scan 290 170 81 0 0 0 0 0 0 0 0 0
scan 290 170 82 0 0 0 0 0 0 0 0 0
scan 290 170 83 0 0 0 0 0 0 0 0 0
scan 290 170 84 0 0 0 0 0 0 0 0 0
scan 290 170 85 0 0 0 0 0 0 0 0 0
scan 290 170 86 0 0 0 0 0 0 0 0 0
scan 290 170 87 0 0 0 0 0 0 0 0 0
scan 290 170 88 0 0 0 0 0 0 0 0 0
scan 290 170 89 0 0 0 0 0 0 0 0 0
scan 290 170 90 0.00015349 0 5.11635e-05 4.60471e-06 4.60471e-06 4.60471e-06 7.67452e-06 9.20943e-06 0.000108919
scan 290 170 91 3.4109e-05 0 2.41187e-05 1.02327e-06 1.02327e-06 1.02327e-06 1.70545e-06 2.04654e-06 2.42043e-05
scan 290 170 92 3.4109e-05 0 2.41187e-05 1.02327e-06 1.02327e-06 1.02327e-06 1.70545e-06 2.04654e-06 2.42043e-05
scan 290 170 93 0 0 0 0 0 0 0 0 0
scan 290 170 94 0 0 0 0 0 0 0 0 0
scan 290 170 95 0 0 0 0 0 0 0 0 0
scan 290 170 96 3.4109e-05 0 2.41187e-05 1.02327e-06 1.02327e-06 1.02327e-06 1.70545e-06 2.04654e-06 2.42043e-05
scan 290 170 97 0 0 0 0 0 0 0 0 0
scan 290 170 98 0 0 0 0 0 0 0 0 0
scan 290 170 99 0 0 0 0 0 0 0 0 0
scan 290 170 100 0 0 0 0 0 0 0 0 0
scan 290 170 101 0 0 0 0 0 0 0 0 0
scan 290 170 102 6.8218e-05 0 3.4109e-05 2.04654e-06 2.04654e-06 2.04654e-06 3.4109e-06 4.09308e-06 4.84086e-05
scan 290 170 103 1.70545e-05 0 1.70545e-05 5.11635e-07 5.11635e-07 5.11635e-07 8.52725e-07 1.02327e-06 1.21022e-05
scan 290 170 104 0 0 0 0 0 0 0 0 0
scan 290 170 60 0 0 0 0 0 0 0 0 0
scan 290 170 61 0 0 0 0 0 0 0 0 0
scan 290 170 62 0 0 0 0 0 0 0 0 0
scan 290 170 63 0 0 0 0 0 0 0 0 0
scan 290 170 64 0 0 0 0 0 0 0 0 0
scan 290 170 65 0 0 0 0 0 0 0 0 0
scan 290 170 66 0 0 0 0 0 0 0 0 0
scan 290 170 67 0 0 0 0 0 0 0 0 0
scan 290 170 68 0 0 0 0 0 0 0 0 0
scan 290 170 69 0 0 0 0 0 0 0 0 0
scan 290 170 70 0 0 0 0 0 0 0 0 0
scan 290 170 71 0 0 0 0 0 0 0 0 0
scan 290 170 72 0 0 0 0 0 0 0 0 0
scan 290 170 73 0 0 0 0 0 0 0 0 0
scan 290 170 74 0 0 0 0 0 0 0 0 0
scan 290 170 120 3.4109e-05 0 2.41187e-05 1.02327e-06 1.02327e-06 1.02327e-06 1.70545e-06 2.04654e-06 2.42043e-05
scan 290 170 121 0 0 0 0 0 0 0 0 0
scan 290 170 122 0 0 0 0 0 0 0 0 0
scan 290 170 123 0 0 0 0 0 0 0 0 0
scan 290 170 124 0 0 0 0 0 0 0 0 0
scan 290 170 125 0 0 0 0 0 0 0 0 0
scan 290 170 126 0 0 0 0 0 0 0 0 0
scan 290 170 127 0 0 0 0 0 0 0 0 0
scan 290 170 128 0 0 0 0 0 0 0 0 0
scan 290 170 129 0 0 0 0 0 0 0 0 0
scan 290 170 130 0 0 0 0 0 0 0 0 0
scan 290 170 131 0 0 0 0 0 0 0 0 0
scan 290 170 132 0 0 0 0 0 0 0 0 0
scan 290 170 133 0 0 0 0 0 0 0 0 0
scan 290 170 134 0 0 0 0 0 0 0 0 0
scan 290 170 135 0.000119381 0 4.5122e-05 3.58144e-06 3.58144e-06 3.58144e-06 5.96907e-06 7.16289e-06 8.47151e-05
scan 290 170 136 5.11635e-05 0 2.95393e-05 1.5349e-06 1.5349e-06 1.5349e-06 2.55817e-06 3.06981e-06 3.63065e-05
scan 290 170 137 0 0 0 0 0 0 0 0 0
scan 290 170 138 0 0 0 0 0 0 0 0 0
scan 290 170 139 0 0 0 0 0 0 0 0 0
scan 290 170 140 0 0 0 0 0 0 0 0 0
scan 290 170 141 0 0 0 0 0 0 0 0 0
scan 290 170 142 0 0 0 0 0 0 0 0 0
scan 290 170 143 0 0 0 0 0 0 0 0 0
scan 290 170 144 0 0 0 0 0 0 0 0 0
scan 290 170 145 0 0 0 0 0 0 0 0 0
scan 290 170 146 0 0 0 0 0 0 0 0 0
scan 290 170 147 0 0 0 0 0 0 0 0 0
scan 290 170 148 0 0 0 0 0 0 0 0 0
scan 290 170 149 0 0 0 0 0 0 0 0 0
scan 290 170 60 0 0 0 0 0 0 0 0 0
scan 290 170 61 0 0 0 0 0 0 0 0 0
scan 290 170 62 0 0 0 0 0 0 0 0 0
scan 290 170 63 0 0 0 0 0 0 0 0 0
scan 290 170 64 0 0 0 0 0 0 0 0 0
scan 290 170 65 0 0 0 0 0 0 0 0 0
scan 290 170 66 0 0 0 0 0 0 0 0 0
scan 290 170 67 0 0 0 0 0 0 0 0 0
scan 290 170 68 0 0 0 0 0 0 0 0 0
scan 290 170 69 0 0 0 0 0 0 0 0 0
scan 290 170 70 0 0 0 0 0 0 0 0 0
scan 290 170 71 0 0 0 0 0 0 0 0 0
scan 290 170 72 0 0 0 0 0 0 0 0 0
scan 290 170 73 0 0 0 0 0 0 0 0 0
scan 290 170 74 0 0 0 0 0 0 0 0 0
scan 290 170 165 0 0 0 0 0 0 0 0 0
scan 290 170 166 0 0 0 0 0 0 0 0 0
scan 290 170 167 0 0 0 0 0 0 0 0 0
scan 290 170 168 0 0 0 0 0 0 0 0 0
scan 290 170 169 0 0 0 0 0 0 0 0 0
scan 290 170 170 0 0 0 0 0 0 0 0 0
scan 290 170 171 0 0 0 0 0 0 0 0 0
scan 290 170 172 0 0 0 0 0 0 0 0 0
scan 290 170 173 0 0 0 0 0 0 0 0 0
scan 290 170 174 0 0 0 0 0 0 0 0 0
scan 290 170 175 0 0 0 0 0 0 0 0 0
scan 290 170 176 0 0 0 0 0 0 0 0 0
scan 290 170 177 0 0 0 0 0 0 0 0 0
scan 290 170 178 0 0 0 0 0 0 0 0 0
scan 290 170 179 0 0 0 0 0 0 0 0 0
