xsec 410 310 0.0350132
scan 410 310 0 3.85223e-05 0 1.16149e-05 1.15567e-06 1.15567e-06 1.15567e-06 1.92611e-06 2.31134e-06 2.83909e-05
scan 410 310 1 2.45142e-05 0 9.26548e-06 7.35425e-07 7.35425e-07 7.35425e-07 1.22571e-06 1.47085e-06 1.80669e-05
scan 410 310 2 2.10121e-05 0 8.57817e-06 6.30364e-07 6.30364e-07 6.30364e-07 1.05061e-06 1.26073e-06 1.54859e-05
scan 410 310 3 7.00405e-06 0 4.95261e-06 2.10121e-07 2.10121e-07 2.10121e-07 3.50202e-07 4.20243e-07 5.16198e-06
scan 410 310 4 0 0 0 0 0 0 0 0 0
scan 410 310 5 0 0 0 0 0 0 0 0 0
scan 410 310 6 3.50202e-06 0 3.50202e-06 1.05061e-07 1.05061e-07 1.05061e-07 1.75101e-07 2.10121e-07 2.58099e-06
scan 410 310 7 7.00405e-06 0 4.95261e-06 2.10121e-07 2.10121e-07 2.10121e-07 3.50202e-07 4.20243e-07 5.16198e-06
scan 410 310 8 3.50202e-06 0 3.50202e-06 1.05061e-07 1.05061e-07 1.05061e-07 1.75101e-07 2.10121e-07 2.58099e-06
scan 410 310 9 0 0 0 0 0 0 0 0 0
scan 410 310 10 0 0 0 0 0 0 0 0 0
scan 410 310 11 0 0 0 0 0 0 0 0 0
scan 410 310 12 3.50202e-06 0 3.50202e-06 1.05061e-07 1.05061e-07 1.05061e-07 1.75101e-07 2.10121e-07 2.58099e-06
scan 410 310 13 3.50202e-06 0 3.50202e-06 1.05061e-07 1.05061e-07 1.05061e-07 1.75101e-07 2.10121e-07 2.58099e-06
scan 410 310 14 0 0 0 0 0 0 0 0 0
scan 410 310 15 0.000907024 0 5.63597e-05 2.72107e-05 2.72107e-05 2.72107e-05 4.53512e-05 5.44214e-05 0.000668476
scan 410 310 16 0.00102259 0 5.98426e-05 3.06777e-05 3.06777e-05 3.06777e-05 5.11295e-05 6.13554e-05 0.000753649
scan 410 310 17 0.000287166 0 3.17122e-05 8.61498e-06 8.61498e-06 8.61498e-06 1.43583e-05 1.723e-05 0.000211641
scan 410 310 18 6.65384e-05 0 1.5265e-05 1.99615e-06 1.99615e-06 1.99615e-06 3.32692e-06 3.99231e-06 4.90388e-05
scan 410 310 19 2.10121e-05 0 8.57817e-06 6.30364e-07 6.30364e-07 6.30364e-07 1.05061e-06 1.26073e-06 1.54859e-05
scan 410 310 20 2.10121e-05 0 8.57817e-06 6.30364e-07 6.30364e-07 6.30364e-07 1.05061e-06 1.26073e-06 1.54859e-05
scan 410 310 21 0.000189109 0 2.57345e-05 5.67328e-06 5.67328e-06 5.67328e-06 9.45546e-06 1.13466e-05 0.000139373
scan 410 310 22 9.45546e-05 0 1.8197e-05 2.83664e-06 2.83664e-06 2.83664e-06 4.72773e-06 5.67328e-06 6.96867e-05
scan 410 310 23 2.80162e-05 0 9.90522e-06 8.40485e-07 8.40485e-07 8.40485e-07 1.40081e-06 1.68097e-06 2.06479e-05
scan 410 310 24 7.00405e-06 0 4.95261e-06 2.10121e-07 2.10121e-07 2.10121e-07 3.50202e-07 4.20243e-07 5.16198e-06
scan 410 310 25 1.05061e-05 0 6.06568e-06 3.15182e-07 3.15182e-07 3.15182e-07 5.25303e-07 6.30364e-07 7.74297e-06
scan 410 310 26 9.45546e-05 0 1.8197e-05 2.83664e-06 2.83664e-06 2.83664e-06 4.72773e-06 5.67328e-06 6.96867e-05
scan 410 310 27 3.50202e-05 0 1.10744e-05 1.05061e-06 1.05061e-06 1.05061e-06 1.75101e-06 2.10121e-06 2.58099e-05
scan 410 310 28 1.40081e-05 0 7.00405e-06 4.20243e-07 4.20243e-07 4.20243e-07 7.00405e-07 8.40485e-07 1.0324e-05
scan 410 310 29 2.10121e-05 0 8.57817e-06 6.30364e-07 6.30364e-07 6.30364e-07 1.05061e-06 1.26073e-06 1.54859e-05
scan 410 310 30 7.00405e-06 0 4.95261e-06 2.10121e-07 2.10121e-07 2.10121e-07 3.50202e-07 4.20243e-07 5.16198e-06
scan 410 310 31 0 0 0 0 0 0 0 0 0
scan 410 310 32 0 0 0 0 0 0 0 0 0
scan 410 310 33 0 0 0 0 0 0 0 0 0
scan 410 310 34 0 0 0 0 0 0 0 0 0
scan 410 310 35 0 0 0 0 0 0 0 0 0
scan 410 310 36 0 0 0 0 0 0 0 0 0
scan 410 310 37 0 0 0 0 0 0 0 0 0
scan 410 310 38 0 0 0 0 0 0 0 0 0
scan 410 310 39 0 0 0 0 0 0 0 0 0
scan 410 310 40 0 0 0 0 0 0 0 0 0
scan 410 310 41 0 0 0 0 0 0 0 0 0
scan 410 310 42 0 0 0 0 0 0 0 0 0
scan 410 310 43 0 0 0 0 0 0 0 0 0
scan 410 310 44 0 0 0 0 0 0 0 0 0
scan 410 310 45 7.00405e-06 0 4.95261e-06 2.10121e-07 2.10121e-07 2.10121e-07 3.50202e-07 4.20243e-07 5.16198e-06
scan 410 310 46 3.50202e-06 0 3.50202e-06 1.05061e-07 1.05061e-07 1.05061e-07 1.75101e-07 2.10121e-07 2.58099e-06
scan 410 310 47 0 0 0 0 0 0 0 0 0
scan 410 310 48 0 0 0 0 0 0 0 0 0
scan 410 310 49 0 0 0 0 0 0 0 0 0
scan 410 310 50 0 0 0 0 0 0 0 0 0
scan 410 310 51 0 0 0 0 0 0 0 0 0
scan 410 310 52 0 0 0 0 0 0 0 0 0
scan 410 310 53 0 0 0 0 0 0 0 0 0
scan 410 310 54 0 0 0 0 0 0 0 0 0
scan 410 310 55 0 0 0 0 0 0 0 0 0
scan 410 310 56 0 0 0 0 0 0 0 0 0
scan 410 310 57 0 0 0 0 0 0 0 0 0
scan 410 310 58 0 0 0 0 0 0 0 0 0
scan 410 310 59 0 0 0 0 0 0 0 0 0
scan 410 310 60 0 0 0 0 0 0 0 0 0
scan 410 310 61 0 0 0 0 0 0 0 0 0
scan 410 310 62 0 0 0 0 0 0 0 0 0
scan 410 310 63 0 0 0 0 0 0 0 0 0
scan 410 310 64 0 0 0 0 0 0 0 0 0
scan 410 310 65 0 0 0 0 0 0 0 0 0
scan 410 310 66 0 0 0 0 0 0 0 0 0
scan 410 310 67 0 0 0 0 0 0 0 0 0
scan 410 310 68 0 0 0 0 0 0 0 0 0
scan 410 310 69 0 0 0 0 0 0 0 0 0
scan 410 310 70 0 0 0 0 0 0 0 0 0
scan 410 310 71 0 0 0 0 0 0 0 0 0
scan 410 310 72 0 0 0 0 0 0 0 0 0
scan 410 310 73 0 0 0 0 0 0 0 0 0
scan 410 310 74 0 0 0 0 0 0 0 0 0
scan 410 310 75 0 0 0 0 0 0 0 0 0
scan 410 310 76 0 0 0 0 0 0 0 0 0
scan 410 310 77 0 0 0 0 0 0 0 0 0
scan 410 310 78 0 0 0 0 0 0 0 0 0
scan 410 310 79 0 0 0 0 0 0 0 0 0
scan 410 310 80 0 0 0 0 0 0 0 0 0
scan 410 310 81 0 0 0 0 0 0 0 0 0
scan 410 310 82 0 0 0 0 0 0 0 0 0
scan 410 310 83 0 0 0 0 0 0 0 0 0
scan 410 310 84 0 0 0 0 0 0 0 0 0
scan 410 310 85 0 0 0 0 0 0 0 0 0
scan 410 310 86 0 0 0 0 0 0 0 0 0
scan 410 310 87 0 0 0 0 0 0 0 0 0
scan 410 310 88 0 0 0 0 0 0 0 0 0
scan 410 310 89 0 0 0 0 0 0 0 0 0
scan 410 310 90 1.40081e-05 0 7.00405e-06 4.20243e-07 4.20243e-07 4.20243e-07 7.00405e-07 8.40485e-07 1.0324e-05
scan 410 310 91 2.10121e-05 0 8.57817e-06 6.30364e-07 6.30364e-07 6.30364e-07 1.05061e-06 1.26073e-06 1.54859e-05
scan 410 310 92 3.50202e-06 0 3.50202e-06 1.05061e-07 1.05061e-07 1.05061e-07 1.75101e-07 2.10121e-07 2.58099e-06
scan 410 310 93 0 0 0 0 0 0 0 0 0
scan 410 310 94 0 0 0 0 0 0 0 0 0
scan 410 310 95 3.50202e-06 0 3.50202e-06 1.05061e-07 1.05061e-07 1.05061e-07 1.75101e-07 2.10121e-07 2.58099e-06
scan 410 310 96 3.50202e-06 0 3.50202e-06 1.05061e-07 1.05061e-07 1.05061e-07 1.75101e-07 2.10121e-07 2.58099e-06
scan 410 310 97 3.50202e-06 0 3.50202e-06 1.05061e-07 1.05061e-07 1.05061e-07 1.75101e-07 2.10121e-07 2.58099e-06
scan 410 310 98 3.50202e-06 0 3.50202e-06 1.05061e-07 1.05061e-07 1.05061e-07 1.75101e-07 2.10121e-07 2.58099e-06
scan 410 310 99 0 0 0 0 0 0 0 0 0
scan 410 310 100 0 0 0 0 0 0 0 0 0
scan 410 310 101 7.00405e-06 0 4.95261e-06 2.10121e-07 2.10121e-07 2.10121e-07 3.50202e-07 4.20243e-07 5.16198e-06
scan 410 310 102 3.50202e-06 0 3.50202e-06 1.05061e-07 1.05061e-07 1.05061e-07 1.75101e-07 2.10121e-07 2.58099e-06
scan 410 310 103 0 0 0 0 0 0 0 0 0
scan 410 310 104 0 0 0 0 0 0 0 0 0
scan 410 310 60 0 0 0 0 0 0 0 0 0
scan 410 310 61 0 0 0 0 0 0 0 0 0
scan 410 310 62 0 0 0 0 0 0 0 0 0
scan 410 310 63 0 0 0 0 0 0 0 0 0
scan 410 310 64 0 0 0 0 0 0 0 0 0
scan 410 310 65 0 0 0 0 0 0 0 0 0
scan 410 310 66 0 0 0 0 0 0 0 0 0
scan 410 310 67 0 0 0 0 0 0 0 0 0
scan 410 310 68 0 0 0 0 0 0 0 0 0
scan 410 310 69 0 0 0 0 0 0 0 0 0
scan 410 310 70 0 0 0 0 0 0 0 0 0
scan 410 310 71 0 0 0 0 0 0 0 0 0
scan 410 310 72 0 0 0 0 0 0 0 0 0
scan 410 310 73 0 0 0 0 0 0 0 0 0
scan 410 310 74 0 0 0 0 0 0 0 0 0
scan 410 310 120 0 0 0 0 0 0 0 0 0
scan 410 310 121 0 0 0 0 0 0 0 0 0
scan 410 310 122 0 0 0 0 0 0 0 0 0
scan 410 310 123 0 0 0 0 0 0 0 0 0
scan 410 310 124 0 0 0 0 0 0 0 0 0
scan 410 310 125 0 0 0 0 0 0 0 0 0
scan 410 310 126 0 0 0 0 0 0 0 0 0
scan 410 310 127 0 0 0 0 0 0 0 0 0
scan 410 310 128 0 0 0 0 0 0 0 0 0
scan 410 310 129 0 0 0 0 0 0 0 0 0
scan 410 310 130 0 0 0 0 0 0 0 0 0
scan 410 310 131 0 0 0 0 0 0 0 0 0
scan 410 310 132 0 0 0 0 0 0 0 0 0
scan 410 310 133 0 0 0 0 0 0 0 0 0
scan 410 310 134 0 0 0 0 0 0 0 0 0
scan 410 310 135 1.40081e-05 0 7.00405e-06 4.20243e-07 4.20243e-07 4.20243e-07 7.00405e-07 8.40485e-07 1.0324e-05
scan 410 310 136 0 0 0 0 0 0 0 0 0
scan 410 310 137 3.50202e-06 0 3.50202e-06 1.05061e-07 1.05061e-07 1.05061e-07 1.75101e-07 2.10121e-07 2.58099e-06
scan 410 310 138 3.50202e-06 0 3.50202e-06 1.05061e-07 1.05061e-07 1.05061e-07 1.75101e-07 2.10121e-07 2.58099e-06
scan 410 310 139 0 0 0 0 0 0 0 0 0
scan 410 310 140 0 0 0 0 0 0 0 0 0
scan 410 310 141 0 0 0 0 0 0 0 0 0
scan 410 310 142 0 0 0 0 0 0 0 0 0
scan 410 310 143 0 0 0 0 0 0 0 0 0
scan 410 310 144 0 0 0 0 0 0 0 0 0
scan 410 310 145 0 0 0 0 0 0 0 0 0
scan 410 310 146 0 0 0 0 0 0 0 0 0
scan 410 310 147 0 0 0 0 0 0 0 0 0
scan 410 310 148 0 0 0 0 0 0 0 0 0
scan 410 310 149 0 0 0 0 0 0 0 0 0
scan 410 310 60 0 0 0 0 0 0 0 0 0
scan 410 310 61 0 0 0 0 0 0 0 0 0
scan 410 310 62 0 0 0 0 0 0 0 0 0
scan 410 310 63 0 0 0 0 0 0 0 0 0
scan 410 310 64 0 0 0 0 0 0 0 0 0
scan 410 310 65 0 0 0 0 0 0 0 0 0
scan 410 310 66 0 0 0 0 0 0 0 0 0
scan 410 310 67 0 0 0 0 0 0 0 0 0
scan 410 310 68 0 0 0 0 0 0 0 0 0
scan 410 310 69 0 0 0 0 0 0 0 0 0
scan 410 310 70 0 0 0 0 0 0 0 0 0
scan 410 310 71 0 0 0 0 0 0 0 0 0
scan 410 310 72 0 0 0 0 0 0 0 0 0
scan 410 310 73 0 0 0 0 0 0 0 0 0
scan 410 310 74 0 0 0 0 0 0 0 0 0
scan 410 310 165 0 0 0 0 0 0 0 0 0
scan 410 310 166 3.50202e-06 0 3.50202e-06 1.05061e-07 1.05061e-07 1.05061e-07 1.75101e-07 2.10121e-07 2.58099e-06
scan 410 310 167 0 0 0 0 0 0 0 0 0
scan 410 310 168 0 0 0 0 0 0 0 0 0
scan 410 310 169 0 0 0 0 0 0 0 0 0
scan 410 310 170 0 0 0 0 0 0 0 0 0
scan 410 310 171 0 0 0 0 0 0 0 0 0
scan 410 310 172 0 0 0 0 0 0 0 0 0
scan 410 310 173 0 0 0 0 0 0 0 0 0
scan 410 310 174 0 0 0 0 0 0 0 0 0
scan 410 310 175 0 0 0 0 0 0 0 0 0
scan 410 310 176 0 0 0 0 0 0 0 0 0
scan 410 310 177 0 0 0 0 0 0 0 0 0
scan 410 310 178 0 0 0 0 0 0 0 0 0
scan 410 310 179 0 0 0 0 0 0 0 0 0
