xsec 440 140 0.0249422
scan 440 140 0 0 0 0 0 0 0 0 0 0
scan 440 140 1 1.99538e-05 0 7.05473e-06 5.98614e-07 5.98614e-07 5.98614e-07 9.9769e-07 1.19723e-06 1.48028e-05
scan 440 140 2 9.9769e-06 0 4.98845e-06 2.99307e-07 2.99307e-07 2.99307e-07 4.98845e-07 5.98614e-07 7.4014e-06
scan 440 140 3 0 0 0 0 0 0 0 0 0
scan 440 140 4 2.49422e-06 0 2.49422e-06 7.48267e-08 7.48267e-08 7.48267e-08 1.24711e-07 1.49653e-07 1.85035e-06
scan 440 140 5 2.49422e-06 0 2.49422e-06 7.48267e-08 7.48267e-08 7.48267e-08 1.24711e-07 1.49653e-07 1.85035e-06
scan 440 140 6 2.49422e-06 0 2.49422e-06 7.48267e-08 7.48267e-08 7.48267e-08 1.24711e-07 1.49653e-07 1.85035e-06
scan 440 140 7 0 0 0 0 0 0 0 0 0
scan 440 140 8 4.98845e-06 0 3.52737e-06 1.49653e-07 1.49653e-07 1.49653e-07 2.49422e-07 2.99307e-07 3.7007e-06
scan 440 140 9 2.49422e-06 0 2.49422e-06 7.48267e-08 7.48267e-08 7.48267e-08 1.24711e-07 1.49653e-07 1.85035e-06
scan 440 140 10 0 0 0 0 0 0 0 0 0
scan 440 140 11 7.48267e-06 0 4.32012e-06 2.2448e-07 2.2448e-07 2.2448e-07 3.74134e-07 4.4896e-07 5.55105e-06
scan 440 140 12 2.49422e-06 0 2.49422e-06 7.48267e-08 7.48267e-08 7.48267e-08 1.24711e-07 1.49653e-07 1.85035e-06
scan 440 140 13 1.24711e-05 0 5.57726e-06 3.74134e-07 3.74134e-07 3.74134e-07 6.23556e-07 7.48267e-07 9.25175e-06
scan 440 140 14 2.99307e-05 0 8.64025e-06 8.97921e-07 8.97921e-07 8.97921e-07 1.49653e-06 1.79584e-06 2.22042e-05
scan 440 140 15 6.73441e-05 0 1.29604e-05 2.02032e-06 2.02032e-06 2.02032e-06 3.3672e-06 4.04064e-06 4.99594e-05
scan 440 140 16 0.000152148 0 1.94805e-05 4.56443e-06 4.56443e-06 4.56443e-06 7.60738e-06 9.12886e-06 0.000112871
scan 440 140 17 0.000134688 0 1.83287e-05 4.04064e-06 4.04064e-06 4.04064e-06 6.73441e-06 8.08129e-06 9.99189e-05
scan 440 140 18 0.000152148 0 1.94805e-05 4.56443e-06 4.56443e-06 4.56443e-06 7.60738e-06 9.12886e-06 0.000112871
scan 440 140 19 0.000266882 0 2.58005e-05 8.00646e-06 8.00646e-06 8.00646e-06 1.33441e-05 1.60129e-05 0.000197987
scan 440 140 20 7.48267e-06 0 4.32012e-06 2.2448e-07 2.2448e-07 2.2448e-07 3.74134e-07 4.4896e-07 5.55105e-06
scan 440 140 21 4.98845e-05 0 1.11545e-05 1.49653e-06 1.49653e-06 1.49653e-06 2.49422e-06 2.99307e-06 3.7007e-05
scan 440 140 22 4.98845e-05 0 1.11545e-05 1.49653e-06 1.49653e-06 1.49653e-06 2.49422e-06 2.99307e-06 3.7007e-05
scan 440 140 23 4.4896e-05 0 1.05821e-05 1.34688e-06 1.34688e-06 1.34688e-06 2.2448e-06 2.69376e-06 3.33063e-05
scan 440 140 24 0.000127205 0 1.78123e-05 3.81616e-06 3.81616e-06 3.81616e-06 6.36027e-06 7.63233e-06 9.43678e-05
scan 440 140 25 4.98845e-06 0 3.52737e-06 1.49653e-07 1.49653e-07 1.49653e-07 2.49422e-07 2.99307e-07 3.7007e-06
scan 440 140 26 4.24018e-05 0 1.0284e-05 1.27205e-06 1.27205e-06 1.27205e-06 2.12009e-06 2.54411e-06 3.14559e-05
scan 440 140 27 0.000144665 0 1.89954e-05 4.33995e-06 4.33995e-06 4.33995e-06 7.23325e-06 8.6799e-06 0.00010732
scan 440 140 28 0.000221986 0 2.35305e-05 6.65958e-06 6.65958e-06 6.65958e-06 1.10993e-05 1.33192e-05 0.000164681
scan 440 140 29 0.000723325 0 4.24751e-05 2.16998e-05 2.16998e-05 2.16998e-05 3.61663e-05 4.33995e-05 0.000536601
scan 440 140 30 0 0 0 0 0 0 0 0 0
scan 440 140 31 4.98845e-06 0 3.52737e-06 1.49653e-07 1.49653e-07 1.49653e-07 2.49422e-07 2.99307e-07 3.7007e-06
scan 440 140 32 1.24711e-05 0 5.57726e-06 3.74134e-07 3.74134e-07 3.74134e-07 6.23556e-07 7.48267e-07 9.25175e-06
scan 440 140 33 7.48267e-06 0 4.32012e-06 2.2448e-07 2.2448e-07 2.2448e-07 3.74134e-07 4.4896e-07 5.55105e-06
scan 440 140 34 9.9769e-06 0 4.98845e-06 2.99307e-07 2.99307e-07 2.99307e-07 4.98845e-07 5.98614e-07 7.4014e-06
scan 440 140 35 0 0 0 0 0 0 0 0 0
scan 440 140 36 2.49422e-06 0 2.49422e-06 7.48267e-08 7.48267e-08 7.48267e-08 1.24711e-07 1.49653e-07 1.85035e-06
scan 440 140 37 0 0 0 0 0 0 0 0 0
scan 440 140 38 0 0 0 0 0 0 0 0 0
scan 440 140 39 2.49422e-06 0 2.49422e-06 7.48267e-08 7.48267e-08 7.48267e-08 1.24711e-07 1.49653e-07 1.85035e-06
scan 440 140 40 2.49422e-06 0 2.49422e-06 7.48267e-08 7.48267e-08 7.48267e-08 1.24711e-07 1.49653e-07 1.85035e-06
scan 440 140 41 2.49422e-06 0 2.49422e-06 7.48267e-08 7.48267e-08 7.48267e-08 1.24711e-07 1.49653e-07 1.85035e-06
scan 440 140 42 2.49422e-06 0 2.49422e-06 7.48267e-08 7.48267e-08 7.48267e-08 1.24711e-07 1.49653e-07 1.85035e-06
scan 440 140 43 9.9769e-06 0 4.98845e-06 2.99307e-07 2.99307e-07 2.99307e-07 4.98845e-07 5.98614e-07 7.4014e-06
scan 440 140 44 1.74596e-05 0 6.5991e-06 5.23787e-07 5.23787e-07 5.23787e-07 8.72979e-07 1.04757e-06 1.29524e-05
scan 440 140 45 2.49422e-06 0 2.49422e-06 7.48267e-08 7.48267e-08 7.48267e-08 1.24711e-07 1.49653e-07 1.85035e-06
scan 440 140 46 2.49422e-06 0 2.49422e-06 7.48267e-08 7.48267e-08 7.48267e-08 1.24711e-07 1.49653e-07 1.85035e-06
scan 440 140 47 7.48267e-06 0 4.32012e-06 2.2448e-07 2.2448e-07 2.2448e-07 3.74134e-07 4.4896e-07 5.55105e-06
scan 440 140 48 2.49422e-06 0 2.49422e-06 7.48267e-08 7.48267e-08 7.48267e-08 1.24711e-07 1.49653e-07 1.85035e-06
scan 440 140 49 0 0 0 0 0 0 0 0 0
scan 440 140 50 0 0 0 0 0 0 0 0 0
scan 440 140 51 0 0 0 0 0 0 0 0 0
scan 440 140 52 0 0 0 0 0 0 0 0 0
scan 440 140 53 0 0 0 0 0 0 0 0 0
scan 440 140 54 0 0 0 0 0 0 0 0 0
scan 440 140 55 0 0 0 0 0 0 0 0 0
scan 440 140 56 2.49422e-06 0 2.49422e-06 7.48267e-08 7.48267e-08 7.48267e-08 1.24711e-07 1.49653e-07 1.85035e-06
scan 440 140 57 2.49422e-06 0 2.49422e-06 7.48267e-08 7.48267e-08 7.48267e-08 1.24711e-07 1.49653e-07 1.85035e-06
scan 440 140 58 0 0 0 0 0 0 0 0 0
scan 440 140 59 4.98845e-06 0 3.52737e-06 1.49653e-07 1.49653e-07 1.49653e-07 2.49422e-07 2.99307e-07 3.7007e-06
scan 440 140 60 0 0 0 0 0 0 0 0 0
scan 440 140 61 0 0 0 0 0 0 0 0 0
scan 440 140 62 0 0 0 0 0 0 0 0 0
scan 440 140 63 0 0 0 0 0 0 0 0 0
scan 440 140 64 0 0 0 0 0 0 0 0 0
scan 440 140 65 0 0 0 0 0 0 0 0 0
scan 440 140 66 0 0 0 0 0 0 0 0 0
scan 440 140 67 0 0 0 0 0 0 0 0 0
scan 440 140 68 0 0 0 0 0 0 0 0 0
scan 440 140 69 0 0 0 0 0 0 0 0 0
scan 440 140 70 0 0 0 0 0 0 0 0 0
scan 440 140 71 0 0 0 0 0 0 0 0 0
scan 440 140 72 0 0 0 0 0 0 0 0 0
scan 440 140 73 0 0 0 0 0 0 0 0 0
scan 440 140 74 0 0 0 0 0 0 0 0 0
scan 440 140 75 0 0 0 0 0 0 0 0 0
scan 440 140 76 0 0 0 0 0 0 0 0 0
scan 440 140 77 0 0 0 0 0 0 0 0 0
scan 440 140 78 0 0 0 0 0 0 0 0 0
scan 440 140 79 0 0 0 0 0 0 0 0 0
scan 440 140 80 0 0 0 0 0 0 0 0 0
scan 440 140 81 2.49422e-06 0 2.49422e-06 7.48267e-08 7.48267e-08 7.48267e-08 1.24711e-07 1.49653e-07 1.85035e-06
scan 440 140 82 0 0 0 0 0 0 0 0 0
scan 440 140 83 0 0 0 0 0 0 0 0 0
scan 440 140 84 0 0 0 0 0 0 0 0 0
scan 440 140 85 0 0 0 0 0 0 0 0 0
scan 440 140 86 0 0 0 0 0 0 0 0 0
scan 440 140 87 0 0 0 0 0 0 0 0 0
scan 440 140 88 0 0 0 0 0 0 0 0 0
scan 440 140 89 0 0 0 0 0 0 0 0 0
scan 440 140 90 2.49422e-06 0 2.49422e-06 7.48267e-08 7.48267e-08 7.48267e-08 1.24711e-07 1.49653e-07 1.85035e-06
scan 440 140 91 0 0 0 0 0 0 0 0 0
scan 440 140 92 2.49422e-06 0 2.49422e-06 7.48267e-08 7.48267e-08 7.48267e-08 1.24711e-07 1.49653e-07 1.85035e-06
scan 440 140 93 7.48267e-06 0 4.32012e-06 2.2448e-07 2.2448e-07 2.2448e-07 3.74134e-07 4.4896e-07 5.55105e-06
scan 440 140 94 2.49422e-06 0 2.49422e-06 7.48267e-08 7.48267e-08 7.48267e-08 1.24711e-07 1.49653e-07 1.85035e-06
scan 440 140 95 0 0 0 0 0 0 0 0 0
scan 440 140 96 0 0 0 0 0 0 0 0 0
scan 440 140 97 9.9769e-06 0 4.98845e-06 2.99307e-07 2.99307e-07 2.99307e-07 4.98845e-07 5.98614e-07 7.4014e-06
scan 440 140 98 0 0 0 0 0 0 0 0 0
scan 440 140 99 0 0 0 0 0 0 0 0 0
scan 440 140 100 0 0 0 0 0 0 0 0 0
scan 440 140 101 0 0 0 0 0 0 0 0 0
scan 440 140 102 4.98845e-06 0 3.52737e-06 1.49653e-07 1.49653e-07 1.49653e-07 2.49422e-07 2.99307e-07 3.7007e-06
scan 440 140 103 1.49653e-05 0 6.10958e-06 4.4896e-07 4.4896e-07 4.4896e-07 7.48267e-07 8.97921e-07 1.11021e-05
scan 440 140 104 2.49422e-06 0 2.49422e-06 7.48267e-08 7.48267e-08 7.48267e-08 1.24711e-07 1.49653e-07 1.85035e-06
scan 440 140 60 0 0 0 0 0 0 0 0 0
scan 440 140 61 0 0 0 0 0 0 0 0 0
scan 440 140 62 0 0 0 0 0 0 0 0 0
scan 440 140 63 0 0 0 0 0 0 0 0 0
scan 440 140 64 0 0 0 0 0 0 0 0 0
scan 440 140 65 0 0 0 0 0 0 0 0 0
scan 440 140 66 0 0 0 0 0 0 0 0 0
scan 440 140 67 0 0 0 0 0 0 0 0 0
scan 440 140 68 0 0 0 0 0 0 0 0 0
scan 440 140 69 0 0 0 0 0 0 0 0 0
scan 440 140 70 0 0 0 0 0 0 0 0 0
scan 440 140 71 0 0 0 0 0 0 0 0 0
scan 440 140 72 0 0 0 0 0 0 0 0 0
scan 440 140 73 0 0 0 0 0 0 0 0 0
scan 440 140 74 0 0 0 0 0 0 0 0 0
scan 440 140 120 0 0 0 0 0 0 0 0 0
scan 440 140 121 0 0 0 0 0 0 0 0 0
scan 440 140 122 0 0 0 0 0 0 0 0 0
scan 440 140 123 2.49422e-06 0 2.49422e-06 7.48267e-08 7.48267e-08 7.48267e-08 1.24711e-07 1.49653e-07 1.85035e-06
scan 440 140 124 0 0 0 0 0 0 0 0 0
scan 440 140 125 0 0 0 0 0 0 0 0 0
scan 440 140 126 0 0 0 0 0 0 0 0 0
scan 440 140 127 0 0 0 0 0 0 0 0 0
scan 440 140 128 0 0 0 0 0 0 0 0 0
scan 440 140 129 0 0 0 0 0 0 0 0 0
scan 440 140 130 0 0 0 0 0 0 0 0 0
scan 440 140 131 0 0 0 0 0 0 0 0 0
scan 440 140 132 0 0 0 0 0 0 0 0 0
scan 440 140 133 0 0 0 0 0 0 0 0 0
scan 440 140 134 0 0 0 0 0 0 0 0 0
scan 440 140 135 2.49422e-06 0 2.49422e-06 7.48267e-08 7.48267e-08 7.48267e-08 1.24711e-07 1.49653e-07 1.85035e-06
scan 440 140 136 9.9769e-06 0 4.98845e-06 2.99307e-07 2.99307e-07 2.99307e-07 4.98845e-07 5.98614e-07 7.4014e-06
scan 440 140 137 4.98845e-06 0 3.52737e-06 1.49653e-07 1.49653e-07 1.49653e-07 2.49422e-07 2.99307e-07 3.7007e-06
scan 440 140 138 0 0 0 0 0 0 0 0 0
scan 440 140 139 0 0 0 0 0 0 0 0 0
scan 440 140 140 0 0 0 0 0 0 0 0 0
scan 440 140 141 0 0 0 0 0 0 0 0 0
scan 440 140 142 0 0 0 0 0 0 0 0 0
scan 440 140 143 0 0 0 0 0 0 0 0 0
scan 440 140 144 0 0 0 0 0 0 0 0 0
scan 440 140 145 0 0 0 0 0 0 0 0 0
scan 440 140 146 2.49422e-06 0 2.49422e-06 7.48267e-08 7.48267e-08 7.48267e-08 1.24711e-07 1.49653e-07 1.85035e-06
scan 440 140 147 2.49422e-06 0 2.49422e-06 7.48267e-08 7.48267e-08 7.48267e-08 1.24711e-07 1.49653e-07 1.85035e-06
scan 440 140 148 4.98845e-06 0 3.52737e-06 1.49653e-07 1.49653e-07 1.49653e-07 2.49422e-07 2.99307e-07 3.7007e-06
scan 440 140 149 7.48267e-06 0 4.32012e-06 2.2448e-07 2.2448e-07 2.2448e-07 3.74134e-07 4.4896e-07 5.55105e-06
scan 440 140 60 0 0 0 0 0 0 0 0 0
scan 440 140 61 0 0 0 0 0 0 0 0 0
scan 440 140 62 0 0 0 0 0 0 0 0 0
scan 440 140 63 0 0 0 0 0 0 0 0 0
scan 440 140 64 0 0 0 0 0 0 0 0 0
scan 440 140 65 0 0 0 0 0 0 0 0 0
scan 440 140 66 0 0 0 0 0 0 0 0 0
scan 440 140 67 0 0 0 0 0 0 0 0 0
scan 440 140 68 0 0 0 0 0 0 0 0 0
scan 440 140 69 0 0 0 0 0 0 0 0 0
scan 440 140 70 0 0 0 0 0 0 0 0 0
scan 440 140 71 0 0 0 0 0 0 0 0 0
scan 440 140 72 0 0 0 0 0 0 0 0 0
scan 440 140 73 0 0 0 0 0 0 0 0 0
scan 440 140 74 0 0 0 0 0 0 0 0 0
scan 440 140 165 0 0 0 0 0 0 0 0 0
scan 440 140 166 2.49422e-06 0 2.49422e-06 7.48267e-08 7.48267e-08 7.48267e-08 1.24711e-07 1.49653e-07 1.85035e-06
scan 440 140 167 0 0 0 0 0 0 0 0 0
scan 440 140 168 0 0 0 0 0 0 0 0 0
scan 440 140 169 0 0 0 0 0 0 0 0 0
scan 440 140 170 0 0 0 0 0 0 0 0 0
scan 440 140 171 0 0 0 0 0 0 0 0 0
scan 440 140 172 0 0 0 0 0 0 0 0 0
scan 440 140 173 0 0 0 0 0 0 0 0 0
scan 440 140 174 0 0 0 0 0 0 0 0 0
scan 440 140 175 0 0 0 0 0 0 0 0 0
scan 440 140 176 0 0 0 0 0 0 0 0 0
scan 440 140 177 0 0 0 0 0 0 0 0 0
scan 440 140 178 0 0 0 0 0 0 0 0 0
scan 440 140 179 0 0 0 0 0 0 0 0 0
