xsec 230 0 0.446796
scan 230 0 0 0.000134052 0 7.73951e-05 4.02157e-06 4.02157e-06 4.02157e-06 6.70261e-06 8.04313e-06 9.27301e-05
scan 230 0 1 0.000178736 0 8.93682e-05 5.36209e-06 5.36209e-06 5.36209e-06 8.93682e-06 1.07242e-05 0.00012364
scan 230 0 2 0.00022342 0 9.99166e-05 6.70261e-06 6.70261e-06 6.70261e-06 1.1171e-05 1.34052e-05 0.00015455
scan 230 0 3 0.000134052 0 7.73951e-05 4.02157e-06 4.02157e-06 4.02157e-06 6.70261e-06 8.04313e-06 9.27301e-05
scan 230 0 4 0 0 0 0 0 0 0 0 0
scan 230 0 5 0 0 0 0 0 0 0 0 0
scan 230 0 6 0.000134052 0 7.73951e-05 4.02157e-06 4.02157e-06 4.02157e-06 6.70261e-06 8.04313e-06 9.27301e-05
scan 230 0 7 0 0 0 0 0 0 0 0 0
scan 230 0 8 0 0 0 0 0 0 0 0 0
scan 230 0 9 0 0 0 0 0 0 0 0 0
scan 230 0 10 0 0 0 0 0 0 0 0 0
scan 230 0 11 0.000134052 0 7.73951e-05 4.02157e-06 4.02157e-06 4.02157e-06 6.70261e-06 8.04313e-06 9.27301e-05
scan 230 0 12 0.000268104 0 0.000109453 8.04313e-06 8.04313e-06 8.04313e-06 1.34052e-05 1.60863e-05 0.00018546
scan 230 0 13 4.46841e-05 0 4.46841e-05 1.34052e-06 1.34052e-06 1.34052e-06 2.2342e-06 2.68104e-06 3.091e-05
scan 230 0 14 4.46841e-05 0 4.46841e-05 1.34052e-06 1.34052e-06 1.34052e-06 2.2342e-06 2.68104e-06 3.091e-05
scan 230 0 15 0.00402157 0 0.00042391 0.000120647 0.000120647 0.000120647 0.000201078 0.000241294 0.0027819
scan 230 0 16 0.00688135 0 0.000554515 0.00020644 0.00020644 0.00020644 0.000344067 0.000412881 0.00476015
scan 230 0 17 0.00549614 0 0.00049557 0.000164884 0.000164884 0.000164884 0.000274807 0.000329768 0.00380193
scan 230 0 18 0.00259168 0 0.000340304 7.77503e-05 7.77503e-05 7.77503e-05 0.000129584 0.000155501 0.00179278
scan 230 0 19 0.00160863 0 0.000268104 4.82588e-05 4.82588e-05 4.82588e-05 8.04313e-05 9.65176e-05 0.00111276
scan 230 0 20 0.000312789 0 0.000118223 9.38366e-06 9.38366e-06 9.38366e-06 1.56394e-05 1.87673e-05 0.00021637
scan 230 0 21 0.0022342 0 0.000315964 6.70261e-05 6.70261e-05 6.70261e-05 0.00011171 0.000134052 0.0015455
scan 230 0 22 0.00201078 0 0.00029975 6.03235e-05 6.03235e-05 6.03235e-05 0.000100539 0.000120647 0.00139095
scan 230 0 23 0.000625577 0 0.000167193 1.87673e-05 1.87673e-05 1.87673e-05 3.12789e-05 3.75346e-05 0.000432741
scan 230 0 24 0.000312789 0 0.000118223 9.38366e-06 9.38366e-06 9.38366e-06 1.56394e-05 1.87673e-05 0.00021637
scan 230 0 25 4.46841e-05 0 4.46841e-05 1.34052e-06 1.34052e-06 1.34052e-06 2.2342e-06 2.68104e-06 3.091e-05
scan 230 0 26 0.00178736 0 0.000282607 5.36209e-05 5.36209e-05 5.36209e-05 8.93682e-05 0.000107242 0.0012364
scan 230 0 27 0.00294915 0 0.000363015 8.84745e-05 8.84745e-05 8.84745e-05 0.000147457 0.000176949 0.00204006
scan 230 0 28 0.00285978 0 0.000357473 8.57934e-05 8.57934e-05 8.57934e-05 0.000142989 0.000171587 0.00197824
scan 230 0 29 0.000938366 0 0.000204768 2.8151e-05 2.8151e-05 2.8151e-05 4.69183e-05 5.63019e-05 0.000649111
scan 230 0 30 8.93682e-05 0 6.31928e-05 2.68104e-06 2.68104e-06 2.68104e-06 4.46841e-06 5.36209e-06 6.18201e-05
scan 230 0 31 0.000268104 0 0.000109453 8.04313e-06 8.04313e-06 8.04313e-06 1.34052e-05 1.60863e-05 0.00018546
scan 230 0 32 0.000268104 0 0.000109453 8.04313e-06 8.04313e-06 8.04313e-06 1.34052e-05 1.60863e-05 0.00018546
scan 230 0 33 0 0 0 0 0 0 0 0 0
scan 230 0 34 0.000134052 0 7.73951e-05 4.02157e-06 4.02157e-06 4.02157e-06 6.70261e-06 8.04313e-06 9.27301e-05
scan 230 0 35 0 0 0 0 0 0 0 0 0
scan 230 0 36 8.93682e-05 0 6.31928e-05 2.68104e-06 2.68104e-06 2.68104e-06 4.46841e-06 5.36209e-06 6.18201e-05
scan 230 0 37 0.000134052 0 7.73951e-05 4.02157e-06 4.02157e-06 4.02157e-06 6.70261e-06 8.04313e-06 9.27301e-05
scan 230 0 38 8.93682e-05 0 6.31928e-05 2.68104e-06 2.68104e-06 2.68104e-06 4.46841e-06 5.36209e-06 6.18201e-05
scan 230 0 39 0 0 0 0 0 0 0 0 0
scan 230 0 40 0 0 0 0 0 0 0 0 0
scan 230 0 41 0 0 0 0 0 0 0 0 0
scan 230 0 42 8.93682e-05 0 6.31928e-05 2.68104e-06 2.68104e-06 2.68104e-06 4.46841e-06 5.36209e-06 6.18201e-05
scan 230 0 43 0 0 0 0 0 0 0 0 0
scan 230 0 44 0 0 0 0 0 0 0 0 0
scan 230 0 45 4.46841e-05 0 4.46841e-05 1.34052e-06 1.34052e-06 1.34052e-06 2.2342e-06 2.68104e-06 3.091e-05
scan 230 0 46 8.93682e-05 0 6.31928e-05 2.68104e-06 2.68104e-06 2.68104e-06 4.46841e-06 5.36209e-06 6.18201e-05
scan 230 0 47 0 0 0 0 0 0 0 0 0
scan 230 0 48 0 0 0 0 0 0 0 0 0
scan 230 0 49 0 0 0 0 0 0 0 0 0
scan 230 0 50 0 0 0 0 0 0 0 0 0
scan 230 0 51 8.93682e-05 0 6.31928e-05 2.68104e-06 2.68104e-06 2.68104e-06 4.46841e-06 5.36209e-06 6.18201e-05
scan 230 0 52 0 0 0 0 0 0 0 0 0
scan 230 0 53 0 0 0 0 0 0 0 0 0
scan 230 0 54 0 0 0 0 0 0 0 0 0
scan 230 0 55 0 0 0 0 0 0 0 0 0
scan 230 0 56 0.000134052 0 7.73951e-05 4.02157e-06 4.02157e-06 4.02157e-06 6.70261e-06 8.04313e-06 9.27301e-05
scan 230 0 57 8.93682e-05 0 6.31928e-05 2.68104e-06 2.68104e-06 2.68104e-06 4.46841e-06 5.36209e-06 6.18201e-05
scan 230 0 58 0 0 0 0 0 0 0 0 0
scan 230 0 59 0 0 0 0 0 0 0 0 0
scan 230 0 60 0 0 0 0 0 0 0 0 0
scan 230 0 61 0 0 0 0 0 0 0 0 0
scan 230 0 62 0 0 0 0 0 0 0 0 0
scan 230 0 63 0 0 0 0 0 0 0 0 0
scan 230 0 64 0 0 0 0 0 0 0 0 0
scan 230 0 65 0 0 0 0 0 0 0 0 0
scan 230 0 66 0 0 0 0 0 0 0 0 0
scan 230 0 67 0 0 0 0 0 0 0 0 0
scan 230 0 68 0 0 0 0 0 0 0 0 0
scan 230 0 69 0 0 0 0 0 0 0 0 0
scan 230 0 70 0 0 0 0 0 0 0 0 0
scan 230 0 71 0 0 0 0 0 0 0 0 0
scan 230 0 72 0 0 0 0 0 0 0 0 0
scan 230 0 73 0 0 0 0 0 0 0 0 0
scan 230 0 74 0 0 0 0 0 0 0 0 0
scan 230 0 75 0 0 0 0 0 0 0 0 0
scan 230 0 76 0 0 0 0 0 0 0 0 0
scan 230 0 77 0 0 0 0 0 0 0 0 0
scan 230 0 78 0 0 0 0 0 0 0 0 0
scan 230 0 79 0 0 0 0 0 0 0 0 0
scan 230 0 80 0 0 0 0 0 0 0 0 0
scan 230 0 81 0 0 0 0 0 0 0 0 0
scan 230 0 82 0 0 0 0 0 0 0 0 0
scan 230 0 83 0 0 0 0 0 0 0 0 0
scan 230 0 84 0 0 0 0 0 0 0 0 0
scan 230 0 85 0 0 0 0 0 0 0 0 0
scan 230 0 86 0 0 0 0 0 0 0 0 0
scan 230 0 87 4.46841e-05 0 4.46841e-05 1.34052e-06 1.34052e-06 1.34052e-06 2.2342e-06 2.68104e-06 3.091e-05
scan 230 0 88 4.46841e-05 0 4.46841e-05 1.34052e-06 1.34052e-06 1.34052e-06 2.2342e-06 2.68104e-06 3.091e-05
scan 230 0 89 0 0 0 0 0 0 0 0 0
scan 230 0 90 0.000134052 0 7.73951e-05 4.02157e-06 4.02157e-06 4.02157e-06 6.70261e-06 8.04313e-06 9.27301e-05
scan 230 0 91 0.000134052 0 7.73951e-05 4.02157e-06 4.02157e-06 4.02157e-06 6.70261e-06 8.04313e-06 9.27301e-05
scan 230 0 92 8.93682e-05 0 6.31928e-05 2.68104e-06 2.68104e-06 2.68104e-06 4.46841e-06 5.36209e-06 6.18201e-05
scan 230 0 93 4.46841e-05 0 4.46841e-05 1.34052e-06 1.34052e-06 1.34052e-06 2.2342e-06 2.68104e-06 3.091e-05
scan 230 0 94 0 0 0 0 0 0 0 0 0
scan 230 0 95 0 0 0 0 0 0 0 0 0
scan 230 0 96 0 0 0 0 0 0 0 0 0
scan 230 0 97 8.93682e-05 0 6.31928e-05 2.68104e-06 2.68104e-06 2.68104e-06 4.46841e-06 5.36209e-06 6.18201e-05
scan 230 0 98 0 0 0 0 0 0 0 0 0
scan 230 0 99 0 0 0 0 0 0 0 0 0
scan 230 0 100 0 0 0 0 0 0 0 0 0
scan 230 0 101 4.46841e-05 0 4.46841e-05 1.34052e-06 1.34052e-06 1.34052e-06 2.2342e-06 2.68104e-06 3.091e-05
scan 230 0 102 8.93682e-05 0 6.31928e-05 2.68104e-06 2.68104e-06 2.68104e-06 4.46841e-06 5.36209e-06 6.18201e-05
scan 230 0 103 8.93682e-05 0 6.31928e-05 2.68104e-06 2.68104e-06 2.68104e-06 4.46841e-06 5.36209e-06 6.18201e-05
scan 230 0 104 8.93682e-05 0 6.31928e-05 2.68104e-06 2.68104e-06 2.68104e-06 4.46841e-06 5.36209e-06 6.18201e-05
scan 230 0 60 0 0 0 0 0 0 0 0 0
scan 230 0 61 0 0 0 0 0 0 0 0 0
scan 230 0 62 0 0 0 0 0 0 0 0 0
scan 230 0 63 0 0 0 0 0 0 0 0 0
scan 230 0 64 0 0 0 0 0 0 0 0 0
scan 230 0 65 0 0 0 0 0 0 0 0 0
scan 230 0 66 0 0 0 0 0 0 0 0 0
scan 230 0 67 0 0 0 0 0 0 0 0 0
scan 230 0 68 0 0 0 0 0 0 0 0 0
scan 230 0 69 0 0 0 0 0 0 0 0 0
scan 230 0 70 0 0 0 0 0 0 0 0 0
scan 230 0 71 0 0 0 0 0 0 0 0 0
scan 230 0 72 0 0 0 0 0 0 0 0 0
scan 230 0 73 0 0 0 0 0 0 0 0 0
scan 230 0 74 0 0 0 0 0 0 0 0 0
scan 230 0 120 0 0 0 0 0 0 0 0 0
scan 230 0 121 0 0 0 0 0 0 0 0 0
scan 230 0 122 0 0 0 0 0 0 0 0 0
scan 230 0 123 0 0 0 0 0 0 0 0 0
scan 230 0 124 0 0 0 0 0 0 0 0 0
scan 230 0 125 0 0 0 0 0 0 0 0 0
scan 230 0 126 0 0 0 0 0 0 0 0 0
scan 230 0 127 0 0 0 0 0 0 0 0 0
scan 230 0 128 0 0 0 0 0 0 0 0 0
scan 230 0 129 0 0 0 0 0 0 0 0 0
scan 230 0 130 0 0 0 0 0 0 0 0 0
scan 230 0 131 0 0 0 0 0 0 0 0 0
scan 230 0 132 4.46841e-05 0 4.46841e-05 1.34052e-06 1.34052e-06 1.34052e-06 2.2342e-06 2.68104e-06 3.091e-05
scan 230 0 133 0 0 0 0 0 0 0 0 0
scan 230 0 134 0 0 0 0 0 0 0 0 0
scan 230 0 135 0 0 0 0 0 0 0 0 0
scan 230 0 136 0.000178736 0 8.93682e-05 5.36209e-06 5.36209e-06 5.36209e-06 8.93682e-06 1.07242e-05 0.00012364
scan 230 0 137 4.46841e-05 0 4.46841e-05 1.34052e-06 1.34052e-06 1.34052e-06 2.2342e-06 2.68104e-06 3.091e-05
scan 230 0 138 4.46841e-05 0 4.46841e-05 1.34052e-06 1.34052e-06 1.34052e-06 2.2342e-06 2.68104e-06 3.091e-05
scan 230 0 139 0 0 0 0 0 0 0 0 0
scan 230 0 140 0 0 0 0 0 0 0 0 0
scan 230 0 141 4.46841e-05 0 4.46841e-05 1.34052e-06 1.34052e-06 1.34052e-06 2.2342e-06 2.68104e-06 3.091e-05
scan 230 0 142 0 0 0 0 0 0 0 0 0
scan 230 0 143 0 0 0 0 0 0 0 0 0
scan 230 0 144 0 0 0 0 0 0 0 0 0
scan 230 0 145 0 0 0 0 0 0 0 0 0
scan 230 0 146 4.46841e-05 0 4.46841e-05 1.34052e-06 1.34052e-06 1.34052e-06 2.2342e-06 2.68104e-06 3.091e-05
scan 230 0 147 0.000134052 0 7.73951e-05 4.02157e-06 4.02157e-06 4.02157e-06 6.70261e-06 8.04313e-06 9.27301e-05
scan 230 0 148 0 0 0 0 0 0 0 0 0
scan 230 0 149 0 0 0 0 0 0 0 0 0
scan 230 0 60 0 0 0 0 0 0 0 0 0
scan 230 0 61 0 0 0 0 0 0 0 0 0
scan 230 0 62 0 0 0 0 0 0 0 0 0
scan 230 0 63 0 0 0 0 0 0 0 0 0
scan 230 0 64 0 0 0 0 0 0 0 0 0
scan 230 0 65 0 0 0 0 0 0 0 0 0
scan 230 0 66 0 0 0 0 0 0 0 0 0
scan 230 0 67 0 0 0 0 0 0 0 0 0
scan 230 0 68 0 0 0 0 0 0 0 0 0
scan 230 0 69 0 0 0 0 0 0 0 0 0
scan 230 0 70 0 0 0 0 0 0 0 0 0
scan 230 0 71 0 0 0 0 0 0 0 0 0
scan 230 0 72 0 0 0 0 0 0 0 0 0
scan 230 0 73 0 0 0 0 0 0 0 0 0
scan 230 0 74 0 0 0 0 0 0 0 0 0
scan 230 0 165 0 0 0 0 0 0 0 0 0
scan 230 0 166 0 0 0 0 0 0 0 0 0
scan 230 0 167 4.46841e-05 0 4.46841e-05 1.34052e-06 1.34052e-06 1.34052e-06 2.2342e-06 2.68104e-06 3.091e-05
scan 230 0 168 0 0 0 0 0 0 0 0 0
scan 230 0 169 4.46841e-05 0 4.46841e-05 1.34052e-06 1.34052e-06 1.34052e-06 2.2342e-06 2.68104e-06 3.091e-05
scan 230 0 170 0 0 0 0 0 0 0 0 0
scan 230 0 171 0 0 0 0 0 0 0 0 0
scan 230 0 172 0 0 0 0 0 0 0 0 0
scan 230 0 173 0 0 0 0 0 0 0 0 0
scan 230 0 174 0 0 0 0 0 0 0 0 0
scan 230 0 175 0 0 0 0 0 0 0 0 0
scan 230 0 176 0 0 0 0 0 0 0 0 0
scan 230 0 177 0 0 0 0 0 0 0 0 0
scan 230 0 178 0 0 0 0 0 0 0 0 0
scan 230 0 179 0 0 0 0 0 0 0 0 0
