xsec 230 60 0.446796
scan 230 60 0 0.000268104 0 0.000109453 8.04313e-06 8.04313e-06 8.04313e-06 1.34052e-05 1.60863e-05 0.00018546
scan 230 60 1 0.000446841 0 0.000141303 1.34052e-05 1.34052e-05 1.34052e-05 2.2342e-05 2.68104e-05 0.0003091
scan 230 60 2 0.000268104 0 0.000109453 8.04313e-06 8.04313e-06 8.04313e-06 1.34052e-05 1.60863e-05 0.00018546
scan 230 60 3 0 0 0 0 0 0 0 0 0
scan 230 60 4 4.46841e-05 0 4.46841e-05 1.34052e-06 1.34052e-06 1.34052e-06 2.2342e-06 2.68104e-06 3.091e-05
scan 230 60 5 4.46841e-05 0 4.46841e-05 1.34052e-06 1.34052e-06 1.34052e-06 2.2342e-06 2.68104e-06 3.091e-05
scan 230 60 6 8.93682e-05 0 6.31928e-05 2.68104e-06 2.68104e-06 2.68104e-06 4.46841e-06 5.36209e-06 6.18201e-05
scan 230 60 7 0.000134052 0 7.73951e-05 4.02157e-06 4.02157e-06 4.02157e-06 6.70261e-06 8.04313e-06 9.27301e-05
scan 230 60 8 0 0 0 0 0 0 0 0 0
scan 230 60 9 0 0 0 0 0 0 0 0 0
scan 230 60 10 0 0 0 0 0 0 0 0 0
scan 230 60 11 0 0 0 0 0 0 0 0 0
scan 230 60 12 0.00022342 0 9.99166e-05 6.70261e-06 6.70261e-06 6.70261e-06 1.1171e-05 1.34052e-05 0.00015455
scan 230 60 13 0.000134052 0 7.73951e-05 4.02157e-06 4.02157e-06 4.02157e-06 6.70261e-06 8.04313e-06 9.27301e-05
scan 230 60 14 0 0 0 0 0 0 0 0 0
scan 230 60 15 0.00491525 0 0.000468651 0.000147457 0.000147457 0.000147457 0.000245762 0.000294915 0.0034001
scan 230 60 16 0.00656856 0 0.000541766 0.000197057 0.000197057 0.000197057 0.000328428 0.000394114 0.00454378
scan 230 60 17 0.00513867 0 0.000479183 0.00015416 0.00015416 0.00015416 0.000256933 0.00030832 0.00355465
scan 230 60 18 0.00236826 0 0.000325305 7.10477e-05 7.10477e-05 7.10477e-05 0.000118413 0.000142095 0.00163823
scan 230 60 19 0.00120647 0 0.000232185 3.61941e-05 3.61941e-05 3.61941e-05 6.03235e-05 7.23882e-05 0.000834571
scan 230 60 20 0.000402157 0 0.000134052 1.20647e-05 1.20647e-05 1.20647e-05 2.01078e-05 2.41294e-05 0.00027819
scan 230 60 21 0.00174268 0 0.000279052 5.22804e-05 5.22804e-05 5.22804e-05 8.7134e-05 0.000104561 0.00120549
scan 230 60 22 0.00174268 0 0.000279052 5.22804e-05 5.22804e-05 5.22804e-05 8.7134e-05 0.000104561 0.00120549
scan 230 60 23 0.000670261 0 0.000173061 2.01078e-05 2.01078e-05 2.01078e-05 3.35131e-05 4.02157e-05 0.000463651
scan 230 60 24 0.00022342 0 9.99166e-05 6.70261e-06 6.70261e-06 6.70261e-06 1.1171e-05 1.34052e-05 0.00015455
scan 230 60 25 0 0 0 0 0 0 0 0 0
scan 230 60 26 0.00210015 0 0.000306339 6.30045e-05 6.30045e-05 6.30045e-05 0.000105008 0.000126009 0.00145277
scan 230 60 27 0.00353004 0 0.000397161 0.000105901 0.000105901 0.000105901 0.000176502 0.000211803 0.00244189
scan 230 60 28 0.0022342 0 0.000315964 6.70261e-05 6.70261e-05 6.70261e-05 0.00011171 0.000134052 0.0015455
scan 230 60 29 0.000714945 0 0.000178736 2.14484e-05 2.14484e-05 2.14484e-05 3.57473e-05 4.28967e-05 0.000494561
scan 230 60 30 0.00022342 0 9.99166e-05 6.70261e-06 6.70261e-06 6.70261e-06 1.1171e-05 1.34052e-05 0.00015455
scan 230 60 31 0.00022342 0 9.99166e-05 6.70261e-06 6.70261e-06 6.70261e-06 1.1171e-05 1.34052e-05 0.00015455
scan 230 60 32 8.93682e-05 0 6.31928e-05 2.68104e-06 2.68104e-06 2.68104e-06 4.46841e-06 5.36209e-06 6.18201e-05
scan 230 60 33 8.93682e-05 0 6.31928e-05 2.68104e-06 2.68104e-06 2.68104e-06 4.46841e-06 5.36209e-06 6.18201e-05
scan 230 60 34 0 0 0 0 0 0 0 0 0
scan 230 60 35 0 0 0 0 0 0 0 0 0
scan 230 60 36 0.000134052 0 7.73951e-05 4.02157e-06 4.02157e-06 4.02157e-06 6.70261e-06 8.04313e-06 9.27301e-05
scan 230 60 37 8.93682e-05 0 6.31928e-05 2.68104e-06 2.68104e-06 2.68104e-06 4.46841e-06 5.36209e-06 6.18201e-05
scan 230 60 38 4.46841e-05 0 4.46841e-05 1.34052e-06 1.34052e-06 1.34052e-06 2.2342e-06 2.68104e-06 3.091e-05
scan 230 60 39 0 0 0 0 0 0 0 0 0
scan 230 60 40 0 0 0 0 0 0 0 0 0
scan 230 60 41 0 0 0 0 0 0 0 0 0
scan 230 60 42 0.000178736 0 8.93682e-05 5.36209e-06 5.36209e-06 5.36209e-06 8.93682e-06 1.07242e-05 0.00012364
scan 230 60 43 0 0 0 0 0 0 0 0 0
scan 230 60 44 0 0 0 0 0 0 0 0 0
scan 230 60 45 8.93682e-05 0 6.31928e-05 2.68104e-06 2.68104e-06 2.68104e-06 4.46841e-06 5.36209e-06 6.18201e-05
scan 230 60 46 8.93682e-05 0 6.31928e-05 2.68104e-06 2.68104e-06 2.68104e-06 4.46841e-06 5.36209e-06 6.18201e-05
scan 230 60 47 0 0 0 0 0 0 0 0 0
scan 230 60 48 0 0 0 0 0 0 0 0 0
scan 230 60 49 0 0 0 0 0 0 0 0 0
scan 230 60 50 0 0 0 0 0 0 0 0 0
scan 230 60 51 0 0 0 0 0 0 0 0 0
scan 230 60 52 0 0 0 0 0 0 0 0 0
scan 230 60 53 0 0 0 0 0 0 0 0 0
scan 230 60 54 0 0 0 0 0 0 0 0 0
scan 230 60 55 0 0 0 0 0 0 0 0 0
scan 230 60 56 4.46841e-05 0 4.46841e-05 1.34052e-06 1.34052e-06 1.34052e-06 2.2342e-06 2.68104e-06 3.091e-05
scan 230 60 57 0 0 0 0 0 0 0 0 0
scan 230 60 58 0 0 0 0 0 0 0 0 0
scan 230 60 59 0 0 0 0 0 0 0 0 0
scan 230 60 60 0 0 0 0 0 0 0 0 0
scan 230 60 61 0 0 0 0 0 0 0 0 0
scan 230 60 62 0 0 0 0 0 0 0 0 0
scan 230 60 63 0 0 0 0 0 0 0 0 0
scan 230 60 64 0 0 0 0 0 0 0 0 0
scan 230 60 65 0 0 0 0 0 0 0 0 0
scan 230 60 66 0 0 0 0 0 0 0 0 0
scan 230 60 67 0 0 0 0 0 0 0 0 0
scan 230 60 68 0 0 0 0 0 0 0 0 0
scan 230 60 69 0 0 0 0 0 0 0 0 0
scan 230 60 70 0 0 0 0 0 0 0 0 0
scan 230 60 71 0 0 0 0 0 0 0 0 0
scan 230 60 72 0 0 0 0 0 0 0 0 0
scan 230 60 73 0 0 0 0 0 0 0 0 0
scan 230 60 74 0 0 0 0 0 0 0 0 0
scan 230 60 75 0 0 0 0 0 0 0 0 0
scan 230 60 76 0 0 0 0 0 0 0 0 0
scan 230 60 77 0 0 0 0 0 0 0 0 0
scan 230 60 78 0 0 0 0 0 0 0 0 0
scan 230 60 79 0 0 0 0 0 0 0 0 0
scan 230 60 80 0 0 0 0 0 0 0 0 0
scan 230 60 81 0 0 0 0 0 0 0 0 0
scan 230 60 82 0 0 0 0 0 0 0 0 0
scan 230 60 83 0 0 0 0 0 0 0 0 0
scan 230 60 84 0 0 0 0 0 0 0 0 0
scan 230 60 85 0 0 0 0 0 0 0 0 0
scan 230 60 86 0 0 0 0 0 0 0 0 0
scan 230 60 87 0 0 0 0 0 0 0 0 0
scan 230 60 88 4.46841e-05 0 4.46841e-05 1.34052e-06 1.34052e-06 1.34052e-06 2.2342e-06 2.68104e-06 3.091e-05
scan 230 60 89 0 0 0 0 0 0 0 0 0
scan 230 60 90 0.00022342 0 9.99166e-05 6.70261e-06 6.70261e-06 6.70261e-06 1.1171e-05 1.34052e-05 0.00015455
scan 230 60 91 0.00022342 0 9.99166e-05 6.70261e-06 6.70261e-06 6.70261e-06 1.1171e-05 1.34052e-05 0.00015455
scan 230 60 92 4.46841e-05 0 4.46841e-05 1.34052e-06 1.34052e-06 1.34052e-06 2.2342e-06 2.68104e-06 3.091e-05
scan 230 60 93 4.46841e-05 0 4.46841e-05 1.34052e-06 1.34052e-06 1.34052e-06 2.2342e-06 2.68104e-06 3.091e-05
scan 230 60 94 0 0 0 0 0 0 0 0 0
scan 230 60 95 0 0 0 0 0 0 0 0 0
scan 230 60 96 0.000134052 0 7.73951e-05 4.02157e-06 4.02157e-06 4.02157e-06 6.70261e-06 8.04313e-06 9.27301e-05
scan 230 60 97 4.46841e-05 0 4.46841e-05 1.34052e-06 1.34052e-06 1.34052e-06 2.2342e-06 2.68104e-06 3.091e-05
scan 230 60 98 0 0 0 0 0 0 0 0 0
scan 230 60 99 0 0 0 0 0 0 0 0 0
scan 230 60 100 0 0 0 0 0 0 0 0 0
scan 230 60 101 4.46841e-05 0 4.46841e-05 1.34052e-06 1.34052e-06 1.34052e-06 2.2342e-06 2.68104e-06 3.091e-05
scan 230 60 102 8.93682e-05 0 6.31928e-05 2.68104e-06 2.68104e-06 2.68104e-06 4.46841e-06 5.36209e-06 6.18201e-05
scan 230 60 103 0 0 0 0 0 0 0 0 0
scan 230 60 104 4.46841e-05 0 4.46841e-05 1.34052e-06 1.34052e-06 1.34052e-06 2.2342e-06 2.68104e-06 3.091e-05
scan 230 60 60 0 0 0 0 0 0 0 0 0
scan 230 60 61 0 0 0 0 0 0 0 0 0
scan 230 60 62 0 0 0 0 0 0 0 0 0
scan 230 60 63 0 0 0 0 0 0 0 0 0
scan 230 60 64 0 0 0 0 0 0 0 0 0
scan 230 60 65 0 0 0 0 0 0 0 0 0
scan 230 60 66 0 0 0 0 0 0 0 0 0
scan 230 60 67 0 0 0 0 0 0 0 0 0
scan 230 60 68 0 0 0 0 0 0 0 0 0
scan 230 60 69 0 0 0 0 0 0 0 0 0
scan 230 60 70 0 0 0 0 0 0 0 0 0
scan 230 60 71 0 0 0 0 0 0 0 0 0
scan 230 60 72 0 0 0 0 0 0 0 0 0
scan 230 60 73 0 0 0 0 0 0 0 0 0
scan 230 60 74 0 0 0 0 0 0 0 0 0
scan 230 60 120 0 0 0 0 0 0 0 0 0
scan 230 60 121 0 0 0 0 0 0 0 0 0
scan 230 60 122 0 0 0 0 0 0 0 0 0
scan 230 60 123 0 0 0 0 0 0 0 0 0
scan 230 60 124 0 0 0 0 0 0 0 0 0
scan 230 60 125 0 0 0 0 0 0 0 0 0
scan 230 60 126 0 0 0 0 0 0 0 0 0
scan 230 60 127 0 0 0 0 0 0 0 0 0
scan 230 60 128 0 0 0 0 0 0 0 0 0
scan 230 60 129 0 0 0 0 0 0 0 0 0
scan 230 60 130 0 0 0 0 0 0 0 0 0
scan 230 60 131 0 0 0 0 0 0 0 0 0
scan 230 60 132 0 0 0 0 0 0 0 0 0
scan 230 60 133 0 0 0 0 0 0 0 0 0
scan 230 60 134 0 0 0 0 0 0 0 0 0
scan 230 60 135 0.000134052 0 7.73951e-05 4.02157e-06 4.02157e-06 4.02157e-06 6.70261e-06 8.04313e-06 9.27301e-05
scan 230 60 136 0.00022342 0 9.99166e-05 6.70261e-06 6.70261e-06 6.70261e-06 1.1171e-05 1.34052e-05 0.00015455
scan 230 60 137 4.46841e-05 0 4.46841e-05 1.34052e-06 1.34052e-06 1.34052e-06 2.2342e-06 2.68104e-06 3.091e-05
scan 230 60 138 0 0 0 0 0 0 0 0 0
scan 230 60 139 0 0 0 0 0 0 0 0 0
scan 230 60 140 0 0 0 0 0 0 0 0 0
scan 230 60 141 0 0 0 0 0 0 0 0 0
scan 230 60 142 0 0 0 0 0 0 0 0 0
scan 230 60 143 0 0 0 0 0 0 0 0 0
scan 230 60 144 0 0 0 0 0 0 0 0 0
scan 230 60 145 0 0 0 0 0 0 0 0 0
scan 230 60 146 0 0 0 0 0 0 0 0 0
scan 230 60 147 4.46841e-05 0 4.46841e-05 1.34052e-06 1.34052e-06 1.34052e-06 2.2342e-06 2.68104e-06 3.091e-05
scan 230 60 148 0 0 0 0 0 0 0 0 0
scan 230 60 149 0 0 0 0 0 0 0 0 0
scan 230 60 60 0 0 0 0 0 0 0 0 0
scan 230 60 61 0 0 0 0 0 0 0 0 0
scan 230 60 62 0 0 0 0 0 0 0 0 0
scan 230 60 63 0 0 0 0 0 0 0 0 0
scan 230 60 64 0 0 0 0 0 0 0 0 0
scan 230 60 65 0 0 0 0 0 0 0 0 0
scan 230 60 66 0 0 0 0 0 0 0 0 0
scan 230 60 67 0 0 0 0 0 0 0 0 0
scan 230 60 68 0 0 0 0 0 0 0 0 0
scan 230 60 69 0 0 0 0 0 0 0 0 0
scan 230 60 70 0 0 0 0 0 0 0 0 0
scan 230 60 71 0 0 0 0 0 0 0 0 0
scan 230 60 72 0 0 0 0 0 0 0 0 0
scan 230 60 73 0 0 0 0 0 0 0 0 0
scan 230 60 74 0 0 0 0 0 0 0 0 0
scan 230 60 165 0 0 0 0 0 0 0 0 0
scan 230 60 166 0 0 0 0 0 0 0 0 0
scan 230 60 167 0 0 0 0 0 0 0 0 0
scan 230 60 168 0 0 0 0 0 0 0 0 0
scan 230 60 169 0 0 0 0 0 0 0 0 0
scan 230 60 170 0 0 0 0 0 0 0 0 0
scan 230 60 171 0 0 0 0 0 0 0 0 0
scan 230 60 172 0 0 0 0 0 0 0 0 0
scan 230 60 173 0 0 0 0 0 0 0 0 0
scan 230 60 174 0 0 0 0 0 0 0 0 0
scan 230 60 175 0 0 0 0 0 0 0 0 0
scan 230 60 176 0 0 0 0 0 0 0 0 0
scan 230 60 177 0 0 0 0 0 0 0 0 0
scan 230 60 178 0 0 0 0 0 0 0 0 0
scan 230 60 179 0 0 0 0 0 0 0 0 0
