xsec 210 60 0.646755
scan 210 60 0 0.000452865 0 0.000171167 1.35859e-05 1.35859e-05 1.35859e-05 2.26432e-05 2.71719e-05 0.00031027
scan 210 60 1 0.00116451 0 0.000274477 3.49353e-05 3.49353e-05 3.49353e-05 5.82255e-05 6.98706e-05 0.000797838
scan 210 60 2 6.4695e-05 0 6.4695e-05 1.94085e-06 1.94085e-06 1.94085e-06 3.23475e-06 3.8817e-06 4.43243e-05
scan 210 60 3 6.4695e-05 0 6.4695e-05 1.94085e-06 1.94085e-06 1.94085e-06 3.23475e-06 3.8817e-06 4.43243e-05
scan 210 60 4 0 0 0 0 0 0 0 0 0
scan 210 60 5 6.4695e-05 0 6.4695e-05 1.94085e-06 1.94085e-06 1.94085e-06 3.23475e-06 3.8817e-06 4.43243e-05
scan 210 60 6 0.000194085 0 0.000112055 5.82255e-06 5.82255e-06 5.82255e-06 9.70424e-06 1.16451e-05 0.000132973
scan 210 60 7 0.000194085 0 0.000112055 5.82255e-06 5.82255e-06 5.82255e-06 9.70424e-06 1.16451e-05 0.000132973
scan 210 60 8 0 0 0 0 0 0 0 0 0
scan 210 60 9 0 0 0 0 0 0 0 0 0
scan 210 60 10 0 0 0 0 0 0 0 0 0
scan 210 60 11 0.00012939 0 9.14925e-05 3.8817e-06 3.8817e-06 3.8817e-06 6.4695e-06 7.76339e-06 8.86487e-05
scan 210 60 12 6.4695e-05 0 6.4695e-05 1.94085e-06 1.94085e-06 1.94085e-06 3.23475e-06 3.8817e-06 4.43243e-05
scan 210 60 13 6.4695e-05 0 6.4695e-05 1.94085e-06 1.94085e-06 1.94085e-06 3.23475e-06 3.8817e-06 4.43243e-05
scan 210 60 14 6.4695e-05 0 6.4695e-05 1.94085e-06 1.94085e-06 1.94085e-06 3.23475e-06 3.8817e-06 4.43243e-05
scan 210 60 15 0.00815156 0 0.000726199 0.000244547 0.000244547 0.000244547 0.000407578 0.000489094 0.00558487
scan 210 60 16 0.0120333 0 0.000882322 0.000360998 0.000360998 0.000360998 0.000601663 0.000721996 0.00824433
scan 210 60 17 0.00666358 0 0.000656582 0.000199907 0.000199907 0.000199907 0.000333179 0.000399815 0.00456541
scan 210 60 18 0.00200554 0 0.000360206 6.01663e-05 6.01663e-05 6.01663e-05 0.000100277 0.000120333 0.00137405
scan 210 60 19 0.00155268 0 0.000316939 4.65804e-05 4.65804e-05 4.65804e-05 7.76339e-05 9.31607e-05 0.00106378
scan 210 60 20 0.000452865 0 0.000171167 1.35859e-05 1.35859e-05 1.35859e-05 2.26432e-05 2.71719e-05 0.00031027
scan 210 60 21 0.00310536 0 0.00044822 9.31607e-05 9.31607e-05 9.31607e-05 0.000155268 0.000186321 0.00212757
scan 210 60 22 0.00200554 0 0.000360206 6.01663e-05 6.01663e-05 6.01663e-05 0.000100277 0.000120333 0.00137405
scan 210 60 23 0.000841034 0 0.000233261 2.5231e-05 2.5231e-05 2.5231e-05 4.20517e-05 5.04621e-05 0.000576216
scan 210 60 24 0.00025878 0 0.00012939 7.76339e-06 7.76339e-06 7.76339e-06 1.2939e-05 1.55268e-05 0.000177297
scan 210 60 25 0 0 0 0 0 0 0 0 0
scan 210 60 26 0.00148798 0 0.000310266 4.46395e-05 4.46395e-05 4.46395e-05 7.43992e-05 8.9279e-05 0.00101946
scan 210 60 27 0.00439926 0 0.000533488 0.000131978 0.000131978 0.000131978 0.000219963 0.000263955 0.00301405
scan 210 60 28 0.00148798 0 0.000310266 4.46395e-05 4.46395e-05 4.46395e-05 7.43992e-05 8.9279e-05 0.00101946
scan 210 60 29 0.00051756 0 0.000182985 1.55268e-05 1.55268e-05 1.55268e-05 2.5878e-05 3.10536e-05 0.000354595
scan 210 60 30 0.00025878 0 0.00012939 7.76339e-06 7.76339e-06 7.76339e-06 1.2939e-05 1.55268e-05 0.000177297
scan 210 60 31 0.000452865 0 0.000171167 1.35859e-05 1.35859e-05 1.35859e-05 2.26432e-05 2.71719e-05 0.00031027
scan 210 60 32 6.4695e-05 0 6.4695e-05 1.94085e-06 1.94085e-06 1.94085e-06 3.23475e-06 3.8817e-06 4.43243e-05
scan 210 60 33 6.4695e-05 0 6.4695e-05 1.94085e-06 1.94085e-06 1.94085e-06 3.23475e-06 3.8817e-06 4.43243e-05
scan 210 60 34 6.4695e-05 0 6.4695e-05 1.94085e-06 1.94085e-06 1.94085e-06 3.23475e-06 3.8817e-06 4.43243e-05
scan 210 60 35 0 0 0 0 0 0 0 0 0
scan 210 60 36 0 0 0 0 0 0 0 0 0
scan 210 60 37 0.00012939 0 9.14925e-05 3.8817e-06 3.8817e-06 3.8817e-06 6.4695e-06 7.76339e-06 8.86487e-05
scan 210 60 38 6.4695e-05 0 6.4695e-05 1.94085e-06 1.94085e-06 1.94085e-06 3.23475e-06 3.8817e-06 4.43243e-05
scan 210 60 39 0 0 0 0 0 0 0 0 0
scan 210 60 40 0 0 0 0 0 0 0 0 0
scan 210 60 41 0 0 0 0 0 0 0 0 0
scan 210 60 42 6.4695e-05 0 6.4695e-05 1.94085e-06 1.94085e-06 1.94085e-06 3.23475e-06 3.8817e-06 4.43243e-05
scan 210 60 43 0 0 0 0 0 0 0 0 0
scan 210 60 44 6.4695e-05 0 6.4695e-05 1.94085e-06 1.94085e-06 1.94085e-06 3.23475e-06 3.8817e-06 4.43243e-05
scan 210 60 45 0 0 0 0 0 0 0 0 0
scan 210 60 46 0 0 0 0 0 0 0 0 0
scan 210 60 47 6.4695e-05 0 6.4695e-05 1.94085e-06 1.94085e-06 1.94085e-06 3.23475e-06 3.8817e-06 4.43243e-05
scan 210 60 48 0 0 0 0 0 0 0 0 0
scan 210 60 49 0 0 0 0 0 0 0 0 0
scan 210 60 50 0 0 0 0 0 0 0 0 0
scan 210 60 51 0.00012939 0 9.14925e-05 3.8817e-06 3.8817e-06 3.8817e-06 6.4695e-06 7.76339e-06 8.86487e-05
scan 210 60 52 0 0 0 0 0 0 0 0 0
scan 210 60 53 0 0 0 0 0 0 0 0 0
scan 210 60 54 0 0 0 0 0 0 0 0 0
scan 210 60 55 0 0 0 0 0 0 0 0 0
scan 210 60 56 0 0 0 0 0 0 0 0 0
scan 210 60 57 0 0 0 0 0 0 0 0 0
scan 210 60 58 0 0 0 0 0 0 0 0 0
scan 210 60 59 0 0 0 0 0 0 0 0 0
scan 210 60 60 0 0 0 0 0 0 0 0 0
scan 210 60 61 0 0 0 0 0 0 0 0 0
scan 210 60 62 0 0 0 0 0 0 0 0 0
scan 210 60 63 0 0 0 0 0 0 0 0 0
scan 210 60 64 0 0 0 0 0 0 0 0 0
scan 210 60 65 0 0 0 0 0 0 0 0 0
scan 210 60 66 0 0 0 0 0 0 0 0 0
scan 210 60 67 0 0 0 0 0 0 0 0 0
scan 210 60 68 0 0 0 0 0 0 0 0 0
scan 210 60 69 0 0 0 0 0 0 0 0 0
scan 210 60 70 0 0 0 0 0 0 0 0 0
scan 210 60 71 0 0 0 0 0 0 0 0 0
scan 210 60 72 0 0 0 0 0 0 0 0 0
scan 210 60 73 0 0 0 0 0 0 0 0 0
scan 210 60 74 0 0 0 0 0 0 0 0 0
scan 210 60 75 0 0 0 0 0 0 0 0 0
scan 210 60 76 0 0 0 0 0 0 0 0 0
scan 210 60 77 0 0 0 0 0 0 0 0 0
scan 210 60 78 0 0 0 0 0 0 0 0 0
scan 210 60 79 0 0 0 0 0 0 0 0 0
scan 210 60 80 0 0 0 0 0 0 0 0 0
scan 210 60 81 0 0 0 0 0 0 0 0 0
scan 210 60 82 0 0 0 0 0 0 0 0 0
scan 210 60 83 0 0 0 0 0 0 0 0 0
scan 210 60 84 0 0 0 0 0 0 0 0 0
scan 210 60 85 0 0 0 0 0 0 0 0 0
scan 210 60 86 0 0 0 0 0 0 0 0 0
scan 210 60 87 0 0 0 0 0 0 0 0 0
scan 210 60 88 0 0 0 0 0 0 0 0 0
scan 210 60 89 0 0 0 0 0 0 0 0 0
scan 210 60 90 0.00025878 0 0.00012939 7.76339e-06 7.76339e-06 7.76339e-06 1.2939e-05 1.55268e-05 0.000177297
scan 210 60 91 6.4695e-05 0 6.4695e-05 1.94085e-06 1.94085e-06 1.94085e-06 3.23475e-06 3.8817e-06 4.43243e-05
scan 210 60 92 0.00012939 0 9.14925e-05 3.8817e-06 3.8817e-06 3.8817e-06 6.4695e-06 7.76339e-06 8.86487e-05
scan 210 60 93 0 0 0 0 0 0 0 0 0
scan 210 60 94 6.4695e-05 0 6.4695e-05 1.94085e-06 1.94085e-06 1.94085e-06 3.23475e-06 3.8817e-06 4.43243e-05
scan 210 60 95 0 0 0 0 0 0 0 0 0
scan 210 60 96 0.00012939 0 9.14925e-05 3.8817e-06 3.8817e-06 3.8817e-06 6.4695e-06 7.76339e-06 8.86487e-05
scan 210 60 97 0 0 0 0 0 0 0 0 0
scan 210 60 98 0 0 0 0 0 0 0 0 0
scan 210 60 99 0 0 0 0 0 0 0 0 0
scan 210 60 100 0 0 0 0 0 0 0 0 0
scan 210 60 101 0.00025878 0 0.00012939 7.76339e-06 7.76339e-06 7.76339e-06 1.2939e-05 1.55268e-05 0.000177297
scan 210 60 102 0.00012939 0 9.14925e-05 3.8817e-06 3.8817e-06 3.8817e-06 6.4695e-06 7.76339e-06 8.86487e-05
scan 210 60 103 0 0 0 0 0 0 0 0 0
scan 210 60 104 0 0 0 0 0 0 0 0 0
scan 210 60 60 0 0 0 0 0 0 0 0 0
scan 210 60 61 0 0 0 0 0 0 0 0 0
scan 210 60 62 0 0 0 0 0 0 0 0 0
scan 210 60 63 0 0 0 0 0 0 0 0 0
scan 210 60 64 0 0 0 0 0 0 0 0 0
scan 210 60 65 0 0 0 0 0 0 0 0 0
scan 210 60 66 0 0 0 0 0 0 0 0 0
scan 210 60 67 0 0 0 0 0 0 0 0 0
scan 210 60 68 0 0 0 0 0 0 0 0 0
scan 210 60 69 0 0 0 0 0 0 0 0 0
scan 210 60 70 0 0 0 0 0 0 0 0 0
scan 210 60 71 0 0 0 0 0 0 0 0 0
scan 210 60 72 0 0 0 0 0 0 0 0 0
scan 210 60 73 0 0 0 0 0 0 0 0 0
scan 210 60 74 0 0 0 0 0 0 0 0 0
scan 210 60 120 0 0 0 0 0 0 0 0 0
scan 210 60 121 0 0 0 0 0 0 0 0 0
scan 210 60 122 6.4695e-05 0 6.4695e-05 1.94085e-06 1.94085e-06 1.94085e-06 3.23475e-06 3.8817e-06 4.43243e-05
scan 210 60 123 0 0 0 0 0 0 0 0 0
scan 210 60 124 0 0 0 0 0 0 0 0 0
scan 210 60 125 0 0 0 0 0 0 0 0 0
scan 210 60 126 0 0 0 0 0 0 0 0 0
scan 210 60 127 0 0 0 0 0 0 0 0 0
scan 210 60 128 0 0 0 0 0 0 0 0 0
scan 210 60 129 0 0 0 0 0 0 0 0 0
scan 210 60 130 0 0 0 0 0 0 0 0 0
scan 210 60 131 0 0 0 0 0 0 0 0 0
scan 210 60 132 0 0 0 0 0 0 0 0 0
scan 210 60 133 0 0 0 0 0 0 0 0 0
scan 210 60 134 0 0 0 0 0 0 0 0 0
scan 210 60 135 0.000194085 0 0.000112055 5.82255e-06 5.82255e-06 5.82255e-06 9.70424e-06 1.16451e-05 0.000132973
scan 210 60 136 0.00025878 0 0.00012939 7.76339e-06 7.76339e-06 7.76339e-06 1.2939e-05 1.55268e-05 0.000177297
scan 210 60 137 0 0 0 0 0 0 0 0 0
scan 210 60 138 6.4695e-05 0 6.4695e-05 1.94085e-06 1.94085e-06 1.94085e-06 3.23475e-06 3.8817e-06 4.43243e-05
scan 210 60 139 0 0 0 0 0 0 0 0 0
scan 210 60 140 0 0 0 0 0 0 0 0 0
scan 210 60 141 6.4695e-05 0 6.4695e-05 1.94085e-06 1.94085e-06 1.94085e-06 3.23475e-06 3.8817e-06 4.43243e-05
scan 210 60 142 0 0 0 0 0 0 0 0 0
scan 210 60 143 0 0 0 0 0 0 0 0 0
scan 210 60 144 0 0 0 0 0 0 0 0 0
scan 210 60 145 0 0 0 0 0 0 0 0 0
scan 210 60 146 6.4695e-05 0 6.4695e-05 1.94085e-06 1.94085e-06 1.94085e-06 3.23475e-06 3.8817e-06 4.43243e-05
scan 210 60 147 6.4695e-05 0 6.4695e-05 1.94085e-06 1.94085e-06 1.94085e-06 3.23475e-06 3.8817e-06 4.43243e-05
scan 210 60 148 0 0 0 0 0 0 0 0 0
scan 210 60 149 0 0 0 0 0 0 0 0 0
scan 210 60 60 0 0 0 0 0 0 0 0 0
scan 210 60 61 0 0 0 0 0 0 0 0 0
scan 210 60 62 0 0 0 0 0 0 0 0 0
scan 210 60 63 0 0 0 0 0 0 0 0 0
scan 210 60 64 0 0 0 0 0 0 0 0 0
scan 210 60 65 0 0 0 0 0 0 0 0 0
scan 210 60 66 0 0 0 0 0 0 0 0 0
scan 210 60 67 0 0 0 0 0 0 0 0 0
scan 210 60 68 0 0 0 0 0 0 0 0 0
scan 210 60 69 0 0 0 0 0 0 0 0 0
scan 210 60 70 0 0 0 0 0 0 0 0 0
scan 210 60 71 0 0 0 0 0 0 0 0 0
scan 210 60 72 0 0 0 0 0 0 0 0 0
scan 210 60 73 0 0 0 0 0 0 0 0 0
scan 210 60 74 0 0 0 0 0 0 0 0 0
scan 210 60 165 0 0 0 0 0 0 0 0 0
scan 210 60 166 0 0 0 0 0 0 0 0 0
scan 210 60 167 0 0 0 0 0 0 0 0 0
scan 210 60 168 0 0 0 0 0 0 0 0 0
scan 210 60 169 0 0 0 0 0 0 0 0 0
scan 210 60 170 0 0 0 0 0 0 0 0 0
scan 210 60 171 0 0 0 0 0 0 0 0 0
scan 210 60 172 0 0 0 0 0 0 0 0 0
scan 210 60 173 0 0 0 0 0 0 0 0 0
scan 210 60 174 0 0 0 0 0 0 0 0 0
scan 210 60 175 0 0 0 0 0 0 0 0 0
scan 210 60 176 0 0 0 0 0 0 0 0 0
scan 210 60 177 0 0 0 0 0 0 0 0 0
scan 210 60 178 0 0 0 0 0 0 0 0 0
scan 210 60 179 0 0 0 0 0 0 0 0 0
