xsec 380 90 0.0498016
scan 380 90 0 9.96031e-06 0 7.043e-06 2.98809e-07 2.98809e-07 2.98809e-07 4.98016e-07 5.97619e-07 7.28133e-06
scan 380 90 1 4.98016e-06 0 4.98016e-06 1.49405e-07 1.49405e-07 1.49405e-07 2.49008e-07 2.98809e-07 3.64066e-06
scan 380 90 2 9.96031e-06 0 7.043e-06 2.98809e-07 2.98809e-07 2.98809e-07 4.98016e-07 5.97619e-07 7.28133e-06
scan 380 90 3 0 0 0 0 0 0 0 0 0
scan 380 90 4 1.49405e-05 0 8.62588e-06 4.48214e-07 4.48214e-07 4.48214e-07 7.47023e-07 8.96428e-07 1.0922e-05
scan 380 90 5 0 0 0 0 0 0 0 0 0
scan 380 90 6 1.49405e-05 0 8.62588e-06 4.48214e-07 4.48214e-07 4.48214e-07 7.47023e-07 8.96428e-07 1.0922e-05
scan 380 90 7 4.98016e-06 0 4.98016e-06 1.49405e-07 1.49405e-07 1.49405e-07 2.49008e-07 2.98809e-07 3.64066e-06
scan 380 90 8 4.98016e-06 0 4.98016e-06 1.49405e-07 1.49405e-07 1.49405e-07 2.49008e-07 2.98809e-07 3.64066e-06
scan 380 90 9 0 0 0 0 0 0 0 0 0
scan 380 90 10 0 0 0 0 0 0 0 0 0
scan 380 90 11 4.98016e-06 0 4.98016e-06 1.49405e-07 1.49405e-07 1.49405e-07 2.49008e-07 2.98809e-07 3.64066e-06
scan 380 90 12 1.49405e-05 0 8.62588e-06 4.48214e-07 4.48214e-07 4.48214e-07 7.47023e-07 8.96428e-07 1.0922e-05
scan 380 90 13 2.98809e-05 0 1.21988e-05 8.96428e-07 8.96428e-07 8.96428e-07 1.49405e-06 1.79286e-06 2.1844e-05
scan 380 90 14 4.98016e-05 0 1.57486e-05 1.49405e-06 1.49405e-06 1.49405e-06 2.49008e-06 2.98809e-06 3.64066e-05
scan 380 90 15 0.000154385 0 2.77283e-05 4.63155e-06 4.63155e-06 4.63155e-06 7.71924e-06 9.26309e-06 0.000112861
scan 380 90 16 0.000373512 0 4.31294e-05 1.12054e-05 1.12054e-05 1.12054e-05 1.86756e-05 2.24107e-05 0.00027305
scan 380 90 17 0.000393432 0 4.42646e-05 1.1803e-05 1.1803e-05 1.1803e-05 1.96716e-05 2.36059e-05 0.000287612
scan 380 90 18 0.000288849 0 3.79277e-05 8.66547e-06 8.66547e-06 8.66547e-06 1.44425e-05 1.73309e-05 0.000211158
scan 380 90 19 0.000547817 0 5.22323e-05 1.64345e-05 1.64345e-05 1.64345e-05 2.73909e-05 3.2869e-05 0.000400473
scan 380 90 20 1.99206e-05 0 9.96031e-06 5.97619e-07 5.97619e-07 5.97619e-07 9.96031e-07 1.19524e-06 1.45627e-05
scan 380 90 21 0.000139444 0 2.63525e-05 4.18333e-06 4.18333e-06 4.18333e-06 6.97222e-06 8.36666e-06 0.000101939
scan 380 90 22 0.000154385 0 2.77283e-05 4.63155e-06 4.63155e-06 4.63155e-06 7.71924e-06 9.26309e-06 0.000112861
scan 380 90 23 0.000124504 0 2.49008e-05 3.73512e-06 3.73512e-06 3.73512e-06 6.2252e-06 7.47023e-06 9.10166e-05
scan 380 90 24 0.000134464 0 2.58777e-05 4.03393e-06 4.03393e-06 4.03393e-06 6.72321e-06 8.06785e-06 9.82979e-05
scan 380 90 25 9.96031e-06 0 7.043e-06 2.98809e-07 2.98809e-07 2.98809e-07 4.98016e-07 5.97619e-07 7.28133e-06
scan 380 90 26 6.4742e-05 0 1.79562e-05 1.94226e-06 1.94226e-06 1.94226e-06 3.2371e-06 3.88452e-06 4.73286e-05
scan 380 90 27 0.000293829 0 3.82533e-05 8.81488e-06 8.81488e-06 8.81488e-06 1.46915e-05 1.76298e-05 0.000214799
scan 380 90 28 0.000507976 0 5.02971e-05 1.52393e-05 1.52393e-05 1.52393e-05 2.53988e-05 3.04786e-05 0.000371348
scan 380 90 29 0.00111555 0 7.45362e-05 3.34666e-05 3.34666e-05 3.34666e-05 5.57777e-05 6.69333e-05 0.000815509
scan 380 90 30 9.96031e-06 0 7.043e-06 2.98809e-07 2.98809e-07 2.98809e-07 4.98016e-07 5.97619e-07 7.28133e-06
scan 380 90 31 4.98016e-06 0 4.98016e-06 1.49405e-07 1.49405e-07 1.49405e-07 2.49008e-07 2.98809e-07 3.64066e-06
scan 380 90 32 9.96031e-06 0 7.043e-06 2.98809e-07 2.98809e-07 2.98809e-07 4.98016e-07 5.97619e-07 7.28133e-06
scan 380 90 33 1.49405e-05 0 8.62588e-06 4.48214e-07 4.48214e-07 4.48214e-07 7.47023e-07 8.96428e-07 1.0922e-05
scan 380 90 34 1.99206e-05 0 9.96031e-06 5.97619e-07 5.97619e-07 5.97619e-07 9.96031e-07 1.19524e-06 1.45627e-05
scan 380 90 35 0 0 0 0 0 0 0 0 0
scan 380 90 36 0 0 0 0 0 0 0 0 0
scan 380 90 37 0 0 0 0 0 0 0 0 0
scan 380 90 38 4.98016e-06 0 4.98016e-06 1.49405e-07 1.49405e-07 1.49405e-07 2.49008e-07 2.98809e-07 3.64066e-06
scan 380 90 39 9.96031e-06 0 7.043e-06 2.98809e-07 2.98809e-07 2.98809e-07 4.98016e-07 5.97619e-07 7.28133e-06
scan 380 90 40 0 0 0 0 0 0 0 0 0
scan 380 90 41 0 0 0 0 0 0 0 0 0
scan 380 90 42 4.98016e-06 0 4.98016e-06 1.49405e-07 1.49405e-07 1.49405e-07 2.49008e-07 2.98809e-07 3.64066e-06
scan 380 90 43 9.96031e-06 0 7.043e-06 2.98809e-07 2.98809e-07 2.98809e-07 4.98016e-07 5.97619e-07 7.28133e-06
scan 380 90 44 1.99206e-05 0 9.96031e-06 5.97619e-07 5.97619e-07 5.97619e-07 9.96031e-07 1.19524e-06 1.45627e-05
scan 380 90 45 1.49405e-05 0 8.62588e-06 4.48214e-07 4.48214e-07 4.48214e-07 7.47023e-07 8.96428e-07 1.0922e-05
scan 380 90 46 4.98016e-06 0 4.98016e-06 1.49405e-07 1.49405e-07 1.49405e-07 2.49008e-07 2.98809e-07 3.64066e-06
scan 380 90 47 0 0 0 0 0 0 0 0 0
scan 380 90 48 4.98016e-06 0 4.98016e-06 1.49405e-07 1.49405e-07 1.49405e-07 2.49008e-07 2.98809e-07 3.64066e-06
scan 380 90 49 0 0 0 0 0 0 0 0 0
scan 380 90 50 0 0 0 0 0 0 0 0 0
scan 380 90 51 0 0 0 0 0 0 0 0 0
scan 380 90 52 4.98016e-06 0 4.98016e-06 1.49405e-07 1.49405e-07 1.49405e-07 2.49008e-07 2.98809e-07 3.64066e-06
scan 380 90 53 4.98016e-06 0 4.98016e-06 1.49405e-07 1.49405e-07 1.49405e-07 2.49008e-07 2.98809e-07 3.64066e-06
scan 380 90 54 0 0 0 0 0 0 0 0 0
scan 380 90 55 0 0 0 0 0 0 0 0 0
scan 380 90 56 0 0 0 0 0 0 0 0 0
scan 380 90 57 0 0 0 0 0 0 0 0 0
scan 380 90 58 4.98016e-06 0 4.98016e-06 1.49405e-07 1.49405e-07 1.49405e-07 2.49008e-07 2.98809e-07 3.64066e-06
scan 380 90 59 0 0 0 0 0 0 0 0 0
scan 380 90 60 0 0 0 0 0 0 0 0 0
scan 380 90 61 0 0 0 0 0 0 0 0 0
scan 380 90 62 0 0 0 0 0 0 0 0 0
scan 380 90 63 0 0 0 0 0 0 0 0 0
scan 380 90 64 0 0 0 0 0 0 0 0 0
scan 380 90 65 0 0 0 0 0 0 0 0 0
scan 380 90 66 0 0 0 0 0 0 0 0 0
scan 380 90 67 0 0 0 0 0 0 0 0 0
scan 380 90 68 0 0 0 0 0 0 0 0 0
scan 380 90 69 0 0 0 0 0 0 0 0 0
scan 380 90 70 0 0 0 0 0 0 0 0 0
scan 380 90 71 0 0 0 0 0 0 0 0 0
scan 380 90 72 0 0 0 0 0 0 0 0 0
scan 380 90 73 0 0 0 0 0 0 0 0 0
scan 380 90 74 0 0 0 0 0 0 0 0 0
scan 380 90 75 0 0 0 0 0 0 0 0 0
scan 380 90 76 0 0 0 0 0 0 0 0 0
scan 380 90 77 0 0 0 0 0 0 0 0 0
scan 380 90 78 0 0 0 0 0 0 0 0 0
scan 380 90 79 0 0 0 0 0 0 0 0 0
scan 380 90 80 0 0 0 0 0 0 0 0 0
scan 380 90 81 0 0 0 0 0 0 0 0 0
scan 380 90 82 0 0 0 0 0 0 0 0 0
scan 380 90 83 0 0 0 0 0 0 0 0 0
scan 380 90 84 0 0 0 0 0 0 0 0 0
scan 380 90 85 0 0 0 0 0 0 0 0 0
scan 380 90 86 0 0 0 0 0 0 0 0 0
scan 380 90 87 0 0 0 0 0 0 0 0 0
scan 380 90 88 0 0 0 0 0 0 0 0 0
scan 380 90 89 0 0 0 0 0 0 0 0 0
scan 380 90 90 4.98016e-06 0 4.98016e-06 1.49405e-07 1.49405e-07 1.49405e-07 2.49008e-07 2.98809e-07 3.64066e-06
scan 380 90 91 2.98809e-05 0 1.21988e-05 8.96428e-07 8.96428e-07 8.96428e-07 1.49405e-06 1.79286e-06 2.1844e-05
scan 380 90 92 4.98016e-06 0 4.98016e-06 1.49405e-07 1.49405e-07 1.49405e-07 2.49008e-07 2.98809e-07 3.64066e-06
scan 380 90 93 4.98016e-06 0 4.98016e-06 1.49405e-07 1.49405e-07 1.49405e-07 2.49008e-07 2.98809e-07 3.64066e-06
scan 380 90 94 4.98016e-06 0 4.98016e-06 1.49405e-07 1.49405e-07 1.49405e-07 2.49008e-07 2.98809e-07 3.64066e-06
scan 380 90 95 0 0 0 0 0 0 0 0 0
scan 380 90 96 1.49405e-05 0 8.62588e-06 4.48214e-07 4.48214e-07 4.48214e-07 7.47023e-07 8.96428e-07 1.0922e-05
scan 380 90 97 4.98016e-06 0 4.98016e-06 1.49405e-07 1.49405e-07 1.49405e-07 2.49008e-07 2.98809e-07 3.64066e-06
scan 380 90 98 4.98016e-06 0 4.98016e-06 1.49405e-07 1.49405e-07 1.49405e-07 2.49008e-07 2.98809e-07 3.64066e-06
scan 380 90 99 0 0 0 0 0 0 0 0 0
scan 380 90 100 0 0 0 0 0 0 0 0 0
scan 380 90 101 1.49405e-05 0 8.62588e-06 4.48214e-07 4.48214e-07 4.48214e-07 7.47023e-07 8.96428e-07 1.0922e-05
scan 380 90 102 2.98809e-05 0 1.21988e-05 8.96428e-07 8.96428e-07 8.96428e-07 1.49405e-06 1.79286e-06 2.1844e-05
scan 380 90 103 1.49405e-05 0 8.62588e-06 4.48214e-07 4.48214e-07 4.48214e-07 7.47023e-07 8.96428e-07 1.0922e-05
scan 380 90 104 9.96031e-06 0 7.043e-06 2.98809e-07 2.98809e-07 2.98809e-07 4.98016e-07 5.97619e-07 7.28133e-06
scan 380 90 60 0 0 0 0 0 0 0 0 0
scan 380 90 61 0 0 0 0 0 0 0 0 0
scan 380 90 62 0 0 0 0 0 0 0 0 0
scan 380 90 63 0 0 0 0 0 0 0 0 0
scan 380 90 64 0 0 0 0 0 0 0 0 0
scan 380 90 65 0 0 0 0 0 0 0 0 0
scan 380 90 66 0 0 0 0 0 0 0 0 0
scan 380 90 67 0 0 0 0 0 0 0 0 0
scan 380 90 68 0 0 0 0 0 0 0 0 0
scan 380 90 69 0 0 0 0 0 0 0 0 0
scan 380 90 70 0 0 0 0 0 0 0 0 0
scan 380 90 71 0 0 0 0 0 0 0 0 0
scan 380 90 72 0 0 0 0 0 0 0 0 0
scan 380 90 73 0 0 0 0 0 0 0 0 0
scan 380 90 74 0 0 0 0 0 0 0 0 0
scan 380 90 120 4.98016e-06 0 4.98016e-06 1.49405e-07 1.49405e-07 1.49405e-07 2.49008e-07 2.98809e-07 3.64066e-06
scan 380 90 121 0 0 0 0 0 0 0 0 0
scan 380 90 122 0 0 0 0 0 0 0 0 0
scan 380 90 123 0 0 0 0 0 0 0 0 0
scan 380 90 124 0 0 0 0 0 0 0 0 0
scan 380 90 125 0 0 0 0 0 0 0 0 0
scan 380 90 126 0 0 0 0 0 0 0 0 0
scan 380 90 127 0 0 0 0 0 0 0 0 0
scan 380 90 128 0 0 0 0 0 0 0 0 0
scan 380 90 129 0 0 0 0 0 0 0 0 0
scan 380 90 130 0 0 0 0 0 0 0 0 0
scan 380 90 131 0 0 0 0 0 0 0 0 0
scan 380 90 132 0 0 0 0 0 0 0 0 0
scan 380 90 133 4.98016e-06 0 4.98016e-06 1.49405e-07 1.49405e-07 1.49405e-07 2.49008e-07 2.98809e-07 3.64066e-06
scan 380 90 134 0 0 0 0 0 0 0 0 0
scan 380 90 135 9.96031e-06 0 7.043e-06 2.98809e-07 2.98809e-07 2.98809e-07 4.98016e-07 5.97619e-07 7.28133e-06
scan 380 90 136 4.98016e-06 0 4.98016e-06 1.49405e-07 1.49405e-07 1.49405e-07 2.49008e-07 2.98809e-07 3.64066e-06
scan 380 90 137 0 0 0 0 0 0 0 0 0
scan 380 90 138 0 0 0 0 0 0 0 0 0
scan 380 90 139 0 0 0 0 0 0 0 0 0
scan 380 90 140 0 0 0 0 0 0 0 0 0
scan 380 90 141 4.98016e-06 0 4.98016e-06 1.49405e-07 1.49405e-07 1.49405e-07 2.49008e-07 2.98809e-07 3.64066e-06
scan 380 90 142 4.98016e-06 0 4.98016e-06 1.49405e-07 1.49405e-07 1.49405e-07 2.49008e-07 2.98809e-07 3.64066e-06
scan 380 90 143 0 0 0 0 0 0 0 0 0
scan 380 90 144 0 0 0 0 0 0 0 0 0
scan 380 90 145 0 0 0 0 0 0 0 0 0
scan 380 90 146 4.98016e-06 0 4.98016e-06 1.49405e-07 1.49405e-07 1.49405e-07 2.49008e-07 2.98809e-07 3.64066e-06
scan 380 90 147 0 0 0 0 0 0 0 0 0
scan 380 90 148 9.96031e-06 0 7.043e-06 2.98809e-07 2.98809e-07 2.98809e-07 4.98016e-07 5.97619e-07 7.28133e-06
scan 380 90 149 0 0 0 0 0 0 0 0 0
scan 380 90 60 0 0 0 0 0 0 0 0 0
scan 380 90 61 0 0 0 0 0 0 0 0 0
scan 380 90 62 0 0 0 0 0 0 0 0 0
scan 380 90 63 0 0 0 0 0 0 0 0 0
scan 380 90 64 0 0 0 0 0 0 0 0 0
scan 380 90 65 0 0 0 0 0 0 0 0 0
scan 380 90 66 0 0 0 0 0 0 0 0 0
scan 380 90 67 0 0 0 0 0 0 0 0 0
scan 380 90 68 0 0 0 0 0 0 0 0 0
scan 380 90 69 0 0 0 0 0 0 0 0 0
scan 380 90 70 0 0 0 0 0 0 0 0 0
scan 380 90 71 0 0 0 0 0 0 0 0 0
scan 380 90 72 0 0 0 0 0 0 0 0 0
scan 380 90 73 0 0 0 0 0 0 0 0 0
scan 380 90 74 0 0 0 0 0 0 0 0 0
scan 380 90 165 0 0 0 0 0 0 0 0 0
scan 380 90 166 4.98016e-06 0 4.98016e-06 1.49405e-07 1.49405e-07 1.49405e-07 2.49008e-07 2.98809e-07 3.64066e-06
scan 380 90 167 4.98016e-06 0 4.98016e-06 1.49405e-07 1.49405e-07 1.49405e-07 2.49008e-07 2.98809e-07 3.64066e-06
scan 380 90 168 0 0 0 0 0 0 0 0 0
scan 380 90 169 0 0 0 0 0 0 0 0 0
scan 380 90 170 0 0 0 0 0 0 0 0 0
scan 380 90 171 0 0 0 0 0 0 0 0 0
scan 380 90 172 0 0 0 0 0 0 0 0 0
scan 380 90 173 0 0 0 0 0 0 0 0 0
scan 380 90 174 0 0 0 0 0 0 0 0 0
scan 380 90 175 0 0 0 0 0 0 0 0 0
scan 380 90 176 0 0 0 0 0 0 0 0 0
scan 380 90 177 0 0 0 0 0 0 0 0 0
scan 380 90 178 0 0 0 0 0 0 0 0 0
scan 380 90 179 0 0 0 0 0 0 0 0 0
