xsec 300 60 0.145923
scan 300 60 0 0 0 0 0 0 0 0 0 0
scan 300 60 1 4.3777e-05 0 2.52747e-05 1.31331e-06 1.31331e-06 1.31331e-06 2.18885e-06 2.62662e-06 3.12057e-05
scan 300 60 2 8.7554e-05 0 3.57438e-05 2.62662e-06 2.62662e-06 2.62662e-06 4.3777e-06 5.25324e-06 6.24114e-05
scan 300 60 3 1.45923e-05 0 1.45923e-05 4.3777e-07 4.3777e-07 4.3777e-07 7.29617e-07 8.7554e-07 1.04019e-05
scan 300 60 4 2.91847e-05 0 2.06367e-05 8.7554e-07 8.7554e-07 8.7554e-07 1.45923e-06 1.75108e-06 2.08038e-05
scan 300 60 5 0 0 0 0 0 0 0 0 0
scan 300 60 6 0 0 0 0 0 0 0 0 0
scan 300 60 7 2.91847e-05 0 2.06367e-05 8.7554e-07 8.7554e-07 8.7554e-07 1.45923e-06 1.75108e-06 2.08038e-05
scan 300 60 8 0 0 0 0 0 0 0 0 0
scan 300 60 9 4.3777e-05 0 2.52747e-05 1.31331e-06 1.31331e-06 1.31331e-06 2.18885e-06 2.62662e-06 3.12057e-05
scan 300 60 10 0 0 0 0 0 0 0 0 0
scan 300 60 11 2.91847e-05 0 2.06367e-05 8.7554e-07 8.7554e-07 8.7554e-07 1.45923e-06 1.75108e-06 2.08038e-05
scan 300 60 12 4.3777e-05 0 2.52747e-05 1.31331e-06 1.31331e-06 1.31331e-06 2.18885e-06 2.62662e-06 3.12057e-05
scan 300 60 13 2.91847e-05 0 2.06367e-05 8.7554e-07 8.7554e-07 8.7554e-07 1.45923e-06 1.75108e-06 2.08038e-05
scan 300 60 14 7.29617e-05 0 3.26294e-05 2.18885e-06 2.18885e-06 2.18885e-06 3.64808e-06 4.3777e-06 5.20095e-05
scan 300 60 15 0.000831763 0 0.00011017 2.49529e-05 2.49529e-05 2.49529e-05 4.15881e-05 4.99058e-05 0.000592909
scan 300 60 16 0.00161975 0 0.00015374 4.85925e-05 4.85925e-05 4.85925e-05 8.09874e-05 9.71849e-05 0.00115461
scan 300 60 17 0.00167812 0 0.000156485 5.03435e-05 5.03435e-05 5.03435e-05 8.39059e-05 0.000100687 0.00119622
scan 300 60 18 0.000817171 0 0.000109199 2.45151e-05 2.45151e-05 2.45151e-05 4.08585e-05 4.90302e-05 0.000582507
scan 300 60 19 0.000554509 0 8.99532e-05 1.66353e-05 1.66353e-05 1.66353e-05 2.77254e-05 3.32705e-05 0.000395272
scan 300 60 20 0.000102146 0 3.86077e-05 3.06439e-06 3.06439e-06 3.06439e-06 5.10732e-06 6.12878e-06 7.28133e-05
scan 300 60 21 0.000423178 0 7.85821e-05 1.26953e-05 1.26953e-05 1.26953e-05 2.11589e-05 2.53907e-05 0.000301655
scan 300 60 22 0.000379401 0 7.44066e-05 1.1382e-05 1.1382e-05 1.1382e-05 1.897e-05 2.2764e-05 0.00027045
scan 300 60 23 0.000393993 0 7.5824e-05 1.18198e-05 1.18198e-05 1.18198e-05 1.96996e-05 2.36396e-05 0.000280851
scan 300 60 24 0.000291847 0 6.52589e-05 8.7554e-06 8.7554e-06 8.7554e-06 1.45923e-05 1.75108e-05 0.000208038
scan 300 60 25 1.45923e-05 0 1.45923e-05 4.3777e-07 4.3777e-07 4.3777e-07 7.29617e-07 8.7554e-07 1.04019e-05
scan 300 60 26 0.000423178 0 7.85821e-05 1.26953e-05 1.26953e-05 1.26953e-05 2.11589e-05 2.53907e-05 0.000301655
scan 300 60 27 0.00100687 0 0.000121213 3.02061e-05 3.02061e-05 3.02061e-05 5.03435e-05 6.04123e-05 0.000717731
scan 300 60 28 0.00138627 0 0.000142228 4.15881e-05 4.15881e-05 4.15881e-05 6.93136e-05 8.31763e-05 0.000988181
scan 300 60 29 0.00178026 0 0.000161178 5.34079e-05 5.34079e-05 5.34079e-05 8.90132e-05 0.000106816 0.00126903
scan 300 60 30 2.91847e-05 0 2.06367e-05 8.7554e-07 8.7554e-07 8.7554e-07 1.45923e-06 1.75108e-06 2.08038e-05
scan 300 60 31 5.83693e-05 0 2.91847e-05 1.75108e-06 1.75108e-06 1.75108e-06 2.91847e-06 3.50216e-06 4.16076e-05
scan 300 60 32 5.83693e-05 0 2.91847e-05 1.75108e-06 1.75108e-06 1.75108e-06 2.91847e-06 3.50216e-06 4.16076e-05
scan 300 60 33 0 0 0 0 0 0 0 0 0
scan 300 60 34 0 0 0 0 0 0 0 0 0
scan 300 60 35 0 0 0 0 0 0 0 0 0
scan 300 60 36 2.91847e-05 0 2.06367e-05 8.7554e-07 8.7554e-07 8.7554e-07 1.45923e-06 1.75108e-06 2.08038e-05
scan 300 60 37 0 0 0 0 0 0 0 0 0
scan 300 60 38 1.45923e-05 0 1.45923e-05 4.3777e-07 4.3777e-07 4.3777e-07 7.29617e-07 8.7554e-07 1.04019e-05
scan 300 60 39 1.45923e-05 0 1.45923e-05 4.3777e-07 4.3777e-07 4.3777e-07 7.29617e-07 8.7554e-07 1.04019e-05
scan 300 60 40 1.45923e-05 0 1.45923e-05 4.3777e-07 4.3777e-07 4.3777e-07 7.29617e-07 8.7554e-07 1.04019e-05
scan 300 60 41 2.91847e-05 0 2.06367e-05 8.7554e-07 8.7554e-07 8.7554e-07 1.45923e-06 1.75108e-06 2.08038e-05
scan 300 60 42 4.3777e-05 0 2.52747e-05 1.31331e-06 1.31331e-06 1.31331e-06 2.18885e-06 2.62662e-06 3.12057e-05
scan 300 60 43 5.83693e-05 0 2.91847e-05 1.75108e-06 1.75108e-06 1.75108e-06 2.91847e-06 3.50216e-06 4.16076e-05
scan 300 60 44 4.3777e-05 0 2.52747e-05 1.31331e-06 1.31331e-06 1.31331e-06 2.18885e-06 2.62662e-06 3.12057e-05
scan 300 60 45 0 0 0 0 0 0 0 0 0
scan 300 60 46 4.3777e-05 0 2.52747e-05 1.31331e-06 1.31331e-06 1.31331e-06 2.18885e-06 2.62662e-06 3.12057e-05
scan 300 60 47 1.45923e-05 0 1.45923e-05 4.3777e-07 4.3777e-07 4.3777e-07 7.29617e-07 8.7554e-07 1.04019e-05
scan 300 60 48 0 0 0 0 0 0 0 0 0
scan 300 60 49 0 0 0 0 0 0 0 0 0
scan 300 60 50 0 0 0 0 0 0 0 0 0
scan 300 60 51 0 0 0 0 0 0 0 0 0
scan 300 60 52 0 0 0 0 0 0 0 0 0
scan 300 60 53 0 0 0 0 0 0 0 0 0
scan 300 60 54 0 0 0 0 0 0 0 0 0
scan 300 60 55 0 0 0 0 0 0 0 0 0
scan 300 60 56 0 0 0 0 0 0 0 0 0
scan 300 60 57 1.45923e-05 0 1.45923e-05 4.3777e-07 4.3777e-07 4.3777e-07 7.29617e-07 8.7554e-07 1.04019e-05
scan 300 60 58 0 0 0 0 0 0 0 0 0
scan 300 60 59 0 0 0 0 0 0 0 0 0
scan 300 60 60 0 0 0 0 0 0 0 0 0
scan 300 60 61 0 0 0 0 0 0 0 0 0
scan 300 60 62 0 0 0 0 0 0 0 0 0
scan 300 60 63 0 0 0 0 0 0 0 0 0
scan 300 60 64 0 0 0 0 0 0 0 0 0
scan 300 60 65 0 0 0 0 0 0 0 0 0
scan 300 60 66 0 0 0 0 0 0 0 0 0
scan 300 60 67 0 0 0 0 0 0 0 0 0
scan 300 60 68 0 0 0 0 0 0 0 0 0
scan 300 60 69 0 0 0 0 0 0 0 0 0
scan 300 60 70 0 0 0 0 0 0 0 0 0
scan 300 60 71 0 0 0 0 0 0 0 0 0
scan 300 60 72 0 0 0 0 0 0 0 0 0
scan 300 60 73 0 0 0 0 0 0 0 0 0
scan 300 60 74 0 0 0 0 0 0 0 0 0
scan 300 60 75 1.45923e-05 0 1.45923e-05 4.3777e-07 4.3777e-07 4.3777e-07 7.29617e-07 8.7554e-07 1.04019e-05
scan 300 60 76 1.45923e-05 0 1.45923e-05 4.3777e-07 4.3777e-07 4.3777e-07 7.29617e-07 8.7554e-07 1.04019e-05
scan 300 60 77 0 0 0 0 0 0 0 0 0
scan 300 60 78 0 0 0 0 0 0 0 0 0
scan 300 60 79 0 0 0 0 0 0 0 0 0
scan 300 60 80 0 0 0 0 0 0 0 0 0
scan 300 60 81 0 0 0 0 0 0 0 0 0
scan 300 60 82 0 0 0 0 0 0 0 0 0
scan 300 60 83 0 0 0 0 0 0 0 0 0
scan 300 60 84 0 0 0 0 0 0 0 0 0
scan 300 60 85 0 0 0 0 0 0 0 0 0
scan 300 60 86 0 0 0 0 0 0 0 0 0
scan 300 60 87 0 0 0 0 0 0 0 0 0
scan 300 60 88 0 0 0 0 0 0 0 0 0
scan 300 60 89 0 0 0 0 0 0 0 0 0
scan 300 60 90 2.91847e-05 0 2.06367e-05 8.7554e-07 8.7554e-07 8.7554e-07 1.45923e-06 1.75108e-06 2.08038e-05
scan 300 60 91 4.3777e-05 0 2.52747e-05 1.31331e-06 1.31331e-06 1.31331e-06 2.18885e-06 2.62662e-06 3.12057e-05
scan 300 60 92 5.83693e-05 0 2.91847e-05 1.75108e-06 1.75108e-06 1.75108e-06 2.91847e-06 3.50216e-06 4.16076e-05
scan 300 60 93 1.45923e-05 0 1.45923e-05 4.3777e-07 4.3777e-07 4.3777e-07 7.29617e-07 8.7554e-07 1.04019e-05
scan 300 60 94 1.45923e-05 0 1.45923e-05 4.3777e-07 4.3777e-07 4.3777e-07 7.29617e-07 8.7554e-07 1.04019e-05
scan 300 60 95 0 0 0 0 0 0 0 0 0
scan 300 60 96 0 0 0 0 0 0 0 0 0
scan 300 60 97 1.45923e-05 0 1.45923e-05 4.3777e-07 4.3777e-07 4.3777e-07 7.29617e-07 8.7554e-07 1.04019e-05
scan 300 60 98 0 0 0 0 0 0 0 0 0
scan 300 60 99 0 0 0 0 0 0 0 0 0
scan 300 60 100 0 0 0 0 0 0 0 0 0
scan 300 60 101 2.91847e-05 0 2.06367e-05 8.7554e-07 8.7554e-07 8.7554e-07 1.45923e-06 1.75108e-06 2.08038e-05
scan 300 60 102 4.3777e-05 0 2.52747e-05 1.31331e-06 1.31331e-06 1.31331e-06 2.18885e-06 2.62662e-06 3.12057e-05
scan 300 60 103 4.3777e-05 0 2.52747e-05 1.31331e-06 1.31331e-06 1.31331e-06 2.18885e-06 2.62662e-06 3.12057e-05
scan 300 60 104 1.45923e-05 0 1.45923e-05 4.3777e-07 4.3777e-07 4.3777e-07 7.29617e-07 8.7554e-07 1.04019e-05
scan 300 60 60 0 0 0 0 0 0 0 0 0
scan 300 60 61 0 0 0 0 0 0 0 0 0
scan 300 60 62 0 0 0 0 0 0 0 0 0
scan 300 60 63 0 0 0 0 0 0 0 0 0
scan 300 60 64 0 0 0 0 0 0 0 0 0
scan 300 60 65 0 0 0 0 0 0 0 0 0
scan 300 60 66 0 0 0 0 0 0 0 0 0
scan 300 60 67 0 0 0 0 0 0 0 0 0
scan 300 60 68 0 0 0 0 0 0 0 0 0
scan 300 60 69 0 0 0 0 0 0 0 0 0
scan 300 60 70 0 0 0 0 0 0 0 0 0
scan 300 60 71 0 0 0 0 0 0 0 0 0
scan 300 60 72 0 0 0 0 0 0 0 0 0
scan 300 60 73 0 0 0 0 0 0 0 0 0
scan 300 60 74 0 0 0 0 0 0 0 0 0
scan 300 60 120 0 0 0 0 0 0 0 0 0
scan 300 60 121 0 0 0 0 0 0 0 0 0
scan 300 60 122 0 0 0 0 0 0 0 0 0
scan 300 60 123 0 0 0 0 0 0 0 0 0
scan 300 60 124 0 0 0 0 0 0 0 0 0
scan 300 60 125 0 0 0 0 0 0 0 0 0
scan 300 60 126 0 0 0 0 0 0 0 0 0
scan 300 60 127 0 0 0 0 0 0 0 0 0
scan 300 60 128 0 0 0 0 0 0 0 0 0
scan 300 60 129 0 0 0 0 0 0 0 0 0
scan 300 60 130 0 0 0 0 0 0 0 0 0
scan 300 60 131 1.45923e-05 0 1.45923e-05 4.3777e-07 4.3777e-07 4.3777e-07 7.29617e-07 8.7554e-07 1.04019e-05
scan 300 60 132 0 0 0 0 0 0 0 0 0
scan 300 60 133 0 0 0 0 0 0 0 0 0
scan 300 60 134 0 0 0 0 0 0 0 0 0
scan 300 60 135 4.3777e-05 0 2.52747e-05 1.31331e-06 1.31331e-06 1.31331e-06 2.18885e-06 2.62662e-06 3.12057e-05
scan 300 60 136 2.91847e-05 0 2.06367e-05 8.7554e-07 8.7554e-07 8.7554e-07 1.45923e-06 1.75108e-06 2.08038e-05
scan 300 60 137 4.3777e-05 0 2.52747e-05 1.31331e-06 1.31331e-06 1.31331e-06 2.18885e-06 2.62662e-06 3.12057e-05
scan 300 60 138 0 0 0 0 0 0 0 0 0
scan 300 60 139 0 0 0 0 0 0 0 0 0
scan 300 60 140 0 0 0 0 0 0 0 0 0
scan 300 60 141 0 0 0 0 0 0 0 0 0
scan 300 60 142 1.45923e-05 0 1.45923e-05 4.3777e-07 4.3777e-07 4.3777e-07 7.29617e-07 8.7554e-07 1.04019e-05
scan 300 60 143 0 0 0 0 0 0 0 0 0
scan 300 60 144 0 0 0 0 0 0 0 0 0
scan 300 60 145 0 0 0 0 0 0 0 0 0
scan 300 60 146 0 0 0 0 0 0 0 0 0
scan 300 60 147 2.91847e-05 0 2.06367e-05 8.7554e-07 8.7554e-07 8.7554e-07 1.45923e-06 1.75108e-06 2.08038e-05
scan 300 60 148 0 0 0 0 0 0 0 0 0
scan 300 60 149 0 0 0 0 0 0 0 0 0
scan 300 60 60 0 0 0 0 0 0 0 0 0
scan 300 60 61 0 0 0 0 0 0 0 0 0
scan 300 60 62 0 0 0 0 0 0 0 0 0
scan 300 60 63 0 0 0 0 0 0 0 0 0
scan 300 60 64 0 0 0 0 0 0 0 0 0
scan 300 60 65 0 0 0 0 0 0 0 0 0
scan 300 60 66 0 0 0 0 0 0 0 0 0
scan 300 60 67 0 0 0 0 0 0 0 0 0
scan 300 60 68 0 0 0 0 0 0 0 0 0
scan 300 60 69 0 0 0 0 0 0 0 0 0
scan 300 60 70 0 0 0 0 0 0 0 0 0
scan 300 60 71 0 0 0 0 0 0 0 0 0
scan 300 60 72 0 0 0 0 0 0 0 0 0
scan 300 60 73 0 0 0 0 0 0 0 0 0
scan 300 60 74 0 0 0 0 0 0 0 0 0
scan 300 60 165 0 0 0 0 0 0 0 0 0
scan 300 60 166 0 0 0 0 0 0 0 0 0
scan 300 60 167 0 0 0 0 0 0 0 0 0
scan 300 60 168 0 0 0 0 0 0 0 0 0
scan 300 60 169 0 0 0 0 0 0 0 0 0
scan 300 60 170 0 0 0 0 0 0 0 0 0
scan 300 60 171 0 0 0 0 0 0 0 0 0
scan 300 60 172 0 0 0 0 0 0 0 0 0
scan 300 60 173 0 0 0 0 0 0 0 0 0
scan 300 60 174 0 0 0 0 0 0 0 0 0
scan 300 60 175 0 0 0 0 0 0 0 0 0
scan 300 60 176 0 0 0 0 0 0 0 0 0
scan 300 60 177 0 0 0 0 0 0 0 0 0
scan 300 60 178 0 0 0 0 0 0 0 0 0
scan 300 60 179 0 0 0 0 0 0 0 0 0
