xsec 430 130 0.0277012
scan 430 130 0 2.77012e-06 0 2.77012e-06 8.31035e-08 8.31035e-08 8.31035e-08 1.38506e-07 1.66207e-07 2.05039e-06
scan 430 130 1 8.31035e-06 0 4.79798e-06 2.4931e-07 2.4931e-07 2.4931e-07 4.15517e-07 4.98621e-07 6.15118e-06
scan 430 130 2 8.31035e-06 0 4.79798e-06 2.4931e-07 2.4931e-07 2.4931e-07 4.15517e-07 4.98621e-07 6.15118e-06
scan 430 130 3 5.54023e-06 0 3.91754e-06 1.66207e-07 1.66207e-07 1.66207e-07 2.77012e-07 3.32414e-07 4.10079e-06
scan 430 130 4 1.10805e-05 0 5.54023e-06 3.32414e-07 3.32414e-07 3.32414e-07 5.54023e-07 6.64828e-07 8.20158e-06
scan 430 130 5 2.77012e-06 0 2.77012e-06 8.31035e-08 8.31035e-08 8.31035e-08 1.38506e-07 1.66207e-07 2.05039e-06
scan 430 130 6 0 0 0 0 0 0 0 0 0
scan 430 130 7 5.54023e-06 0 3.91754e-06 1.66207e-07 1.66207e-07 1.66207e-07 2.77012e-07 3.32414e-07 4.10079e-06
scan 430 130 8 2.77012e-06 0 2.77012e-06 8.31035e-08 8.31035e-08 8.31035e-08 1.38506e-07 1.66207e-07 2.05039e-06
scan 430 130 9 2.77012e-06 0 2.77012e-06 8.31035e-08 8.31035e-08 8.31035e-08 1.38506e-07 1.66207e-07 2.05039e-06
scan 430 130 10 0 0 0 0 0 0 0 0 0
scan 430 130 11 5.54023e-06 0 3.91754e-06 1.66207e-07 1.66207e-07 1.66207e-07 2.77012e-07 3.32414e-07 4.10079e-06
scan 430 130 12 1.38506e-05 0 6.19417e-06 4.15517e-07 4.15517e-07 4.15517e-07 6.92529e-07 8.31035e-07 1.0252e-05
scan 430 130 13 2.77012e-06 0 2.77012e-06 8.31035e-08 8.31035e-08 8.31035e-08 1.38506e-07 1.66207e-07 2.05039e-06
scan 430 130 14 2.4931e-05 0 8.31035e-06 7.47931e-07 7.47931e-07 7.47931e-07 1.24655e-06 1.49586e-06 1.84535e-05
scan 430 130 15 7.2023e-05 0 1.41249e-05 2.16069e-06 2.16069e-06 2.16069e-06 3.60115e-06 4.32138e-06 5.33102e-05
scan 430 130 16 0.000188368 0 2.2843e-05 5.65104e-06 5.65104e-06 5.65104e-06 9.41839e-06 1.13021e-05 0.000139427
scan 430 130 17 0.000202218 0 2.36679e-05 6.06655e-06 6.06655e-06 6.06655e-06 1.01109e-05 1.21331e-05 0.000149679
scan 430 130 18 0.000166207 0 2.14572e-05 4.98621e-06 4.98621e-06 4.98621e-06 8.31035e-06 9.97242e-06 0.000123024
scan 430 130 19 0.000271471 0 2.74227e-05 8.14414e-06 8.14414e-06 8.14414e-06 1.35736e-05 1.62883e-05 0.000200939
scan 430 130 20 8.31035e-06 0 4.79798e-06 2.4931e-07 2.4931e-07 2.4931e-07 4.15517e-07 4.98621e-07 6.15118e-06
scan 430 130 21 4.7092e-05 0 1.14215e-05 1.41276e-06 1.41276e-06 1.41276e-06 2.3546e-06 2.82552e-06 3.48567e-05
scan 430 130 22 6.64828e-05 0 1.35707e-05 1.99448e-06 1.99448e-06 1.99448e-06 3.32414e-06 3.98897e-06 4.92095e-05
scan 430 130 23 8.58736e-05 0 1.54234e-05 2.57621e-06 2.57621e-06 2.57621e-06 4.29368e-06 5.15242e-06 6.35622e-05
scan 430 130 24 0.000110805 0 1.75197e-05 3.32414e-06 3.32414e-06 3.32414e-06 5.54023e-06 6.64828e-06 8.20158e-05
scan 430 130 25 8.31035e-06 0 4.79798e-06 2.4931e-07 2.4931e-07 2.4931e-07 4.15517e-07 4.98621e-07 6.15118e-06
scan 430 130 26 7.47931e-05 0 1.43939e-05 2.24379e-06 2.24379e-06 2.24379e-06 3.73966e-06 4.48759e-06 5.53606e-05
scan 430 130 27 0.000168977 0 2.16353e-05 5.06931e-06 5.06931e-06 5.06931e-06 8.44885e-06 1.01386e-05 0.000125074
scan 430 130 28 0.000265931 0 2.71415e-05 7.97793e-06 7.97793e-06 7.97793e-06 1.32966e-05 1.59559e-05 0.000196838
scan 430 130 29 0.000750701 0 4.56019e-05 2.2521e-05 2.2521e-05 2.2521e-05 3.75351e-05 4.50421e-05 0.000555657
scan 430 130 30 0 0 0 0 0 0 0 0 0
scan 430 130 31 5.54023e-06 0 3.91754e-06 1.66207e-07 1.66207e-07 1.66207e-07 2.77012e-07 3.32414e-07 4.10079e-06
scan 430 130 32 1.10805e-05 0 5.54023e-06 3.32414e-07 3.32414e-07 3.32414e-07 5.54023e-07 6.64828e-07 8.20158e-06
scan 430 130 33 2.77012e-06 0 2.77012e-06 8.31035e-08 8.31035e-08 8.31035e-08 1.38506e-07 1.66207e-07 2.05039e-06
scan 430 130 34 1.10805e-05 0 5.54023e-06 3.32414e-07 3.32414e-07 3.32414e-07 5.54023e-07 6.64828e-07 8.20158e-06
scan 430 130 35 0 0 0 0 0 0 0 0 0
scan 430 130 36 8.31035e-06 0 4.79798e-06 2.4931e-07 2.4931e-07 2.4931e-07 4.15517e-07 4.98621e-07 6.15118e-06
scan 430 130 37 0 0 0 0 0 0 0 0 0
scan 430 130 38 0 0 0 0 0 0 0 0 0
scan 430 130 39 2.77012e-06 0 2.77012e-06 8.31035e-08 8.31035e-08 8.31035e-08 1.38506e-07 1.66207e-07 2.05039e-06
scan 430 130 40 0 0 0 0 0 0 0 0 0
scan 430 130 41 0 0 0 0 0 0 0 0 0
scan 430 130 42 2.77012e-06 0 2.77012e-06 8.31035e-08 8.31035e-08 8.31035e-08 1.38506e-07 1.66207e-07 2.05039e-06
scan 430 130 43 5.54023e-06 0 3.91754e-06 1.66207e-07 1.66207e-07 1.66207e-07 2.77012e-07 3.32414e-07 4.10079e-06
scan 430 130 44 1.66207e-05 0 6.78537e-06 4.98621e-07 4.98621e-07 4.98621e-07 8.31035e-07 9.97242e-07 1.23024e-05
scan 430 130 45 0 0 0 0 0 0 0 0 0
scan 430 130 46 2.77012e-06 0 2.77012e-06 8.31035e-08 8.31035e-08 8.31035e-08 1.38506e-07 1.66207e-07 2.05039e-06
scan 430 130 47 0 0 0 0 0 0 0 0 0
scan 430 130 48 5.54023e-06 0 3.91754e-06 1.66207e-07 1.66207e-07 1.66207e-07 2.77012e-07 3.32414e-07 4.10079e-06
scan 430 130 49 0 0 0 0 0 0 0 0 0
scan 430 130 50 0 0 0 0 0 0 0 0 0
scan 430 130 51 0 0 0 0 0 0 0 0 0
scan 430 130 52 0 0 0 0 0 0 0 0 0
scan 430 130 53 0 0 0 0 0 0 0 0 0
scan 430 130 54 0 0 0 0 0 0 0 0 0
scan 430 130 55 0 0 0 0 0 0 0 0 0
scan 430 130 56 0 0 0 0 0 0 0 0 0
scan 430 130 57 5.54023e-06 0 3.91754e-06 1.66207e-07 1.66207e-07 1.66207e-07 2.77012e-07 3.32414e-07 4.10079e-06
scan 430 130 58 2.77012e-06 0 2.77012e-06 8.31035e-08 8.31035e-08 8.31035e-08 1.38506e-07 1.66207e-07 2.05039e-06
scan 430 130 59 2.77012e-06 0 2.77012e-06 8.31035e-08 8.31035e-08 8.31035e-08 1.38506e-07 1.66207e-07 2.05039e-06
scan 430 130 60 0 0 0 0 0 0 0 0 0
scan 430 130 61 0 0 0 0 0 0 0 0 0
scan 430 130 62 0 0 0 0 0 0 0 0 0
scan 430 130 63 0 0 0 0 0 0 0 0 0
scan 430 130 64 0 0 0 0 0 0 0 0 0
scan 430 130 65 0 0 0 0 0 0 0 0 0
scan 430 130 66 0 0 0 0 0 0 0 0 0
scan 430 130 67 0 0 0 0 0 0 0 0 0
scan 430 130 68 0 0 0 0 0 0 0 0 0
scan 430 130 69 0 0 0 0 0 0 0 0 0
scan 430 130 70 0 0 0 0 0 0 0 0 0
scan 430 130 71 0 0 0 0 0 0 0 0 0
scan 430 130 72 0 0 0 0 0 0 0 0 0
scan 430 130 73 0 0 0 0 0 0 0 0 0
scan 430 130 74 0 0 0 0 0 0 0 0 0
scan 430 130 75 0 0 0 0 0 0 0 0 0
scan 430 130 76 0 0 0 0 0 0 0 0 0
scan 430 130 77 0 0 0 0 0 0 0 0 0
scan 430 130 78 2.77012e-06 0 2.77012e-06 8.31035e-08 8.31035e-08 8.31035e-08 1.38506e-07 1.66207e-07 2.05039e-06
scan 430 130 79 0 0 0 0 0 0 0 0 0
scan 430 130 80 0 0 0 0 0 0 0 0 0
scan 430 130 81 0 0 0 0 0 0 0 0 0
scan 430 130 82 0 0 0 0 0 0 0 0 0
scan 430 130 83 0 0 0 0 0 0 0 0 0
scan 430 130 84 0 0 0 0 0 0 0 0 0
scan 430 130 85 0 0 0 0 0 0 0 0 0
scan 430 130 86 0 0 0 0 0 0 0 0 0
scan 430 130 87 2.77012e-06 0 2.77012e-06 8.31035e-08 8.31035e-08 8.31035e-08 1.38506e-07 1.66207e-07 2.05039e-06
scan 430 130 88 0 0 0 0 0 0 0 0 0
scan 430 130 89 0 0 0 0 0 0 0 0 0
scan 430 130 90 5.54023e-06 0 3.91754e-06 1.66207e-07 1.66207e-07 1.66207e-07 2.77012e-07 3.32414e-07 4.10079e-06
scan 430 130 91 1.38506e-05 0 6.19417e-06 4.15517e-07 4.15517e-07 4.15517e-07 6.92529e-07 8.31035e-07 1.0252e-05
scan 430 130 92 8.31035e-06 0 4.79798e-06 2.4931e-07 2.4931e-07 2.4931e-07 4.15517e-07 4.98621e-07 6.15118e-06
scan 430 130 93 5.54023e-06 0 3.91754e-06 1.66207e-07 1.66207e-07 1.66207e-07 2.77012e-07 3.32414e-07 4.10079e-06
scan 430 130 94 1.10805e-05 0 5.54023e-06 3.32414e-07 3.32414e-07 3.32414e-07 5.54023e-07 6.64828e-07 8.20158e-06
scan 430 130 95 2.77012e-06 0 2.77012e-06 8.31035e-08 8.31035e-08 8.31035e-08 1.38506e-07 1.66207e-07 2.05039e-06
scan 430 130 96 2.77012e-06 0 2.77012e-06 8.31035e-08 8.31035e-08 8.31035e-08 1.38506e-07 1.66207e-07 2.05039e-06
scan 430 130 97 0 0 0 0 0 0 0 0 0
scan 430 130 98 0 0 0 0 0 0 0 0 0
scan 430 130 99 0 0 0 0 0 0 0 0 0
scan 430 130 100 0 0 0 0 0 0 0 0 0
scan 430 130 101 1.38506e-05 0 6.19417e-06 4.15517e-07 4.15517e-07 4.15517e-07 6.92529e-07 8.31035e-07 1.0252e-05
scan 430 130 102 8.31035e-06 0 4.79798e-06 2.4931e-07 2.4931e-07 2.4931e-07 4.15517e-07 4.98621e-07 6.15118e-06
scan 430 130 103 1.38506e-05 0 6.19417e-06 4.15517e-07 4.15517e-07 4.15517e-07 6.92529e-07 8.31035e-07 1.0252e-05
scan 430 130 104 5.54023e-06 0 3.91754e-06 1.66207e-07 1.66207e-07 1.66207e-07 2.77012e-07 3.32414e-07 4.10079e-06
scan 430 130 60 0 0 0 0 0 0 0 0 0
scan 430 130 61 0 0 0 0 0 0 0 0 0
scan 430 130 62 0 0 0 0 0 0 0 0 0
scan 430 130 63 0 0 0 0 0 0 0 0 0
scan 430 130 64 0 0 0 0 0 0 0 0 0
scan 430 130 65 0 0 0 0 0 0 0 0 0
scan 430 130 66 0 0 0 0 0 0 0 0 0
scan 430 130 67 0 0 0 0 0 0 0 0 0
scan 430 130 68 0 0 0 0 0 0 0 0 0
scan 430 130 69 0 0 0 0 0 0 0 0 0
scan 430 130 70 0 0 0 0 0 0 0 0 0
scan 430 130 71 0 0 0 0 0 0 0 0 0
scan 430 130 72 0 0 0 0 0 0 0 0 0
scan 430 130 73 0 0 0 0 0 0 0 0 0
scan 430 130 74 0 0 0 0 0 0 0 0 0
scan 430 130 120 0 0 0 0 0 0 0 0 0
scan 430 130 121 0 0 0 0 0 0 0 0 0
scan 430 130 122 0 0 0 0 0 0 0 0 0
scan 430 130 123 0 0 0 0 0 0 0 0 0
scan 430 130 124 0 0 0 0 0 0 0 0 0
scan 430 130 125 0 0 0 0 0 0 0 0 0
scan 430 130 126 0 0 0 0 0 0 0 0 0
scan 430 130 127 0 0 0 0 0 0 0 0 0
scan 430 130 128 0 0 0 0 0 0 0 0 0
scan 430 130 129 0 0 0 0 0 0 0 0 0
scan 430 130 130 0 0 0 0 0 0 0 0 0
scan 430 130 131 0 0 0 0 0 0 0 0 0
scan 430 130 132 0 0 0 0 0 0 0 0 0
scan 430 130 133 0 0 0 0 0 0 0 0 0
scan 430 130 134 0 0 0 0 0 0 0 0 0
scan 430 130 135 2.77012e-06 0 2.77012e-06 8.31035e-08 8.31035e-08 8.31035e-08 1.38506e-07 1.66207e-07 2.05039e-06
scan 430 130 136 2.77012e-06 0 2.77012e-06 8.31035e-08 8.31035e-08 8.31035e-08 1.38506e-07 1.66207e-07 2.05039e-06
scan 430 130 137 2.77012e-06 0 2.77012e-06 8.31035e-08 8.31035e-08 8.31035e-08 1.38506e-07 1.66207e-07 2.05039e-06
scan 430 130 138 2.77012e-06 0 2.77012e-06 8.31035e-08 8.31035e-08 8.31035e-08 1.38506e-07 1.66207e-07 2.05039e-06
scan 430 130 139 0 0 0 0 0 0 0 0 0
scan 430 130 140 0 0 0 0 0 0 0 0 0
scan 430 130 141 2.77012e-06 0 2.77012e-06 8.31035e-08 8.31035e-08 8.31035e-08 1.38506e-07 1.66207e-07 2.05039e-06
scan 430 130 142 0 0 0 0 0 0 0 0 0
scan 430 130 143 2.77012e-06 0 2.77012e-06 8.31035e-08 8.31035e-08 8.31035e-08 1.38506e-07 1.66207e-07 2.05039e-06
scan 430 130 144 0 0 0 0 0 0 0 0 0
scan 430 130 145 0 0 0 0 0 0 0 0 0
scan 430 130 146 0 0 0 0 0 0 0 0 0
scan 430 130 147 2.77012e-06 0 2.77012e-06 8.31035e-08 8.31035e-08 8.31035e-08 1.38506e-07 1.66207e-07 2.05039e-06
scan 430 130 148 0 0 0 0 0 0 0 0 0
scan 430 130 149 5.54023e-06 0 3.91754e-06 1.66207e-07 1.66207e-07 1.66207e-07 2.77012e-07 3.32414e-07 4.10079e-06
scan 430 130 60 0 0 0 0 0 0 0 0 0
scan 430 130 61 0 0 0 0 0 0 0 0 0
scan 430 130 62 0 0 0 0 0 0 0 0 0
scan 430 130 63 0 0 0 0 0 0 0 0 0
scan 430 130 64 0 0 0 0 0 0 0 0 0
scan 430 130 65 0 0 0 0 0 0 0 0 0
scan 430 130 66 0 0 0 0 0 0 0 0 0
scan 430 130 67 0 0 0 0 0 0 0 0 0
scan 430 130 68 0 0 0 0 0 0 0 0 0
scan 430 130 69 0 0 0 0 0 0 0 0 0
scan 430 130 70 0 0 0 0 0 0 0 0 0
scan 430 130 71 0 0 0 0 0 0 0 0 0
scan 430 130 72 0 0 0 0 0 0 0 0 0
scan 430 130 73 0 0 0 0 0 0 0 0 0
scan 430 130 74 0 0 0 0 0 0 0 0 0
scan 430 130 165 0 0 0 0 0 0 0 0 0
scan 430 130 166 2.77012e-06 0 2.77012e-06 8.31035e-08 8.31035e-08 8.31035e-08 1.38506e-07 1.66207e-07 2.05039e-06
scan 430 130 167 0 0 0 0 0 0 0 0 0
scan 430 130 168 0 0 0 0 0 0 0 0 0
scan 430 130 169 0 0 0 0 0 0 0 0 0
scan 430 130 170 0 0 0 0 0 0 0 0 0
scan 430 130 171 0 0 0 0 0 0 0 0 0
scan 430 130 172 0 0 0 0 0 0 0 0 0
scan 430 130 173 0 0 0 0 0 0 0 0 0
scan 430 130 174 0 0 0 0 0 0 0 0 0
scan 430 130 175 0 0 0 0 0 0 0 0 0
scan 430 130 176 0 0 0 0 0 0 0 0 0
scan 430 130 177 0 0 0 0 0 0 0 0 0
scan 430 130 178 2.77012e-06 0 2.77012e-06 8.31035e-08 8.31035e-08 8.31035e-08 1.38506e-07 1.66207e-07 2.05039e-06
scan 430 130 179 0 0 0 0 0 0 0 0 0
