xsec 250 20 0.317895
scan 250 20 0 0.000349684 0 0.000105434 1.04905e-05 1.04905e-05 1.04905e-05 1.74842e-05 2.0981e-05 0.000244251
scan 250 20 1 0.000222526 0 8.4107e-05 6.67579e-06 6.67579e-06 6.67579e-06 1.11263e-05 1.33516e-05 0.000155433
scan 250 20 2 0.000127158 0 6.35789e-05 3.81473e-06 3.81473e-06 3.81473e-06 6.35789e-06 7.62947e-06 8.88187e-05
scan 250 20 3 3.17895e-05 0 3.17895e-05 9.53684e-07 9.53684e-07 9.53684e-07 1.58947e-06 1.90737e-06 2.22047e-05
scan 250 20 4 3.17895e-05 0 3.17895e-05 9.53684e-07 9.53684e-07 9.53684e-07 1.58947e-06 1.90737e-06 2.22047e-05
scan 250 20 5 0 0 0 0 0 0 0 0 0
scan 250 20 6 6.35789e-05 0 4.49571e-05 1.90737e-06 1.90737e-06 1.90737e-06 3.17895e-06 3.81473e-06 4.44093e-05
scan 250 20 7 0.000127158 0 6.35789e-05 3.81473e-06 3.81473e-06 3.81473e-06 6.35789e-06 7.62947e-06 8.88187e-05
scan 250 20 8 3.17895e-05 0 3.17895e-05 9.53684e-07 9.53684e-07 9.53684e-07 1.58947e-06 1.90737e-06 2.22047e-05
scan 250 20 9 0 0 0 0 0 0 0 0 0
scan 250 20 10 0 0 0 0 0 0 0 0 0
scan 250 20 11 0 0 0 0 0 0 0 0 0
scan 250 20 12 0.000317895 0 0.000100527 9.53684e-06 9.53684e-06 9.53684e-06 1.58947e-05 1.90737e-05 0.000222047
scan 250 20 13 0.000127158 0 6.35789e-05 3.81473e-06 3.81473e-06 3.81473e-06 6.35789e-06 7.62947e-06 8.88187e-05
scan 250 20 14 6.35789e-05 0 4.49571e-05 1.90737e-06 1.90737e-06 1.90737e-06 3.17895e-06 3.81473e-06 4.44093e-05
scan 250 20 15 0.00251137 0 0.000282551 7.5341e-05 7.5341e-05 7.5341e-05 0.000125568 0.000150682 0.00175417
scan 250 20 16 0.00486379 0 0.000393214 0.000145914 0.000145914 0.000145914 0.000243189 0.000291827 0.00339731
scan 250 20 17 0.00371937 0 0.000343856 0.000111581 0.000111581 0.000111581 0.000185968 0.000223162 0.00259795
scan 250 20 18 0.00178021 0 0.000237891 5.34063e-05 5.34063e-05 5.34063e-05 8.90105e-05 0.000106813 0.00124346
scan 250 20 19 0.00184379 0 0.000242101 5.53137e-05 5.53137e-05 5.53137e-05 9.21894e-05 0.000110627 0.00128787
scan 250 20 20 0.000222526 0 8.4107e-05 6.67579e-06 6.67579e-06 6.67579e-06 1.11263e-05 1.33516e-05 0.000155433
scan 250 20 21 0.00155768 0 0.000222526 4.67305e-05 4.67305e-05 4.67305e-05 7.78842e-05 9.3461e-05 0.00108803
scan 250 20 22 0.00136695 0 0.000208457 4.10084e-05 4.10084e-05 4.10084e-05 6.83473e-05 8.20168e-05 0.000954801
scan 250 20 23 0.000858315 0 0.000165183 2.57495e-05 2.57495e-05 2.57495e-05 4.29158e-05 5.14989e-05 0.000599526
scan 250 20 24 0.000476842 0 0.00012312 1.43053e-05 1.43053e-05 1.43053e-05 2.38421e-05 2.86105e-05 0.00033307
scan 250 20 25 3.17895e-05 0 3.17895e-05 9.53684e-07 9.53684e-07 9.53684e-07 1.58947e-06 1.90737e-06 2.22047e-05
scan 250 20 26 0.000826526 0 0.000162095 2.47958e-05 2.47958e-05 2.47958e-05 4.13263e-05 4.95916e-05 0.000577321
scan 250 20 27 0.00247958 0 0.000280757 7.43873e-05 7.43873e-05 7.43873e-05 0.000123979 0.000148775 0.00173196
scan 250 20 28 0.00254316 0 0.000284334 7.62947e-05 7.62947e-05 7.62947e-05 0.000127158 0.000152589 0.00177637
scan 250 20 29 0.00139874 0 0.000210867 4.19621e-05 4.19621e-05 4.19621e-05 6.99368e-05 8.39242e-05 0.000977005
scan 250 20 30 9.53684e-05 0 5.5061e-05 2.86105e-06 2.86105e-06 2.86105e-06 4.76842e-06 5.7221e-06 6.6614e-05
scan 250 20 31 0.000127158 0 6.35789e-05 3.81473e-06 3.81473e-06 3.81473e-06 6.35789e-06 7.62947e-06 8.88187e-05
scan 250 20 32 0.000127158 0 6.35789e-05 3.81473e-06 3.81473e-06 3.81473e-06 6.35789e-06 7.62947e-06 8.88187e-05
scan 250 20 33 0.000127158 0 6.35789e-05 3.81473e-06 3.81473e-06 3.81473e-06 6.35789e-06 7.62947e-06 8.88187e-05
scan 250 20 34 3.17895e-05 0 3.17895e-05 9.53684e-07 9.53684e-07 9.53684e-07 1.58947e-06 1.90737e-06 2.22047e-05
scan 250 20 35 0 0 0 0 0 0 0 0 0
scan 250 20 36 6.35789e-05 0 4.49571e-05 1.90737e-06 1.90737e-06 1.90737e-06 3.17895e-06 3.81473e-06 4.44093e-05
scan 250 20 37 9.53684e-05 0 5.5061e-05 2.86105e-06 2.86105e-06 2.86105e-06 4.76842e-06 5.7221e-06 6.6614e-05
scan 250 20 38 0 0 0 0 0 0 0 0 0
scan 250 20 39 3.17895e-05 0 3.17895e-05 9.53684e-07 9.53684e-07 9.53684e-07 1.58947e-06 1.90737e-06 2.22047e-05
scan 250 20 40 0 0 0 0 0 0 0 0 0
scan 250 20 41 3.17895e-05 0 3.17895e-05 9.53684e-07 9.53684e-07 9.53684e-07 1.58947e-06 1.90737e-06 2.22047e-05
scan 250 20 42 0 0 0 0 0 0 0 0 0
scan 250 20 43 0.000127158 0 6.35789e-05 3.81473e-06 3.81473e-06 3.81473e-06 6.35789e-06 7.62947e-06 8.88187e-05
scan 250 20 44 0 0 0 0 0 0 0 0 0
scan 250 20 45 0 0 0 0 0 0 0 0 0
scan 250 20 46 0 0 0 0 0 0 0 0 0
scan 250 20 47 0 0 0 0 0 0 0 0 0
scan 250 20 48 0 0 0 0 0 0 0 0 0
scan 250 20 49 0 0 0 0 0 0 0 0 0
scan 250 20 50 0 0 0 0 0 0 0 0 0
scan 250 20 51 0 0 0 0 0 0 0 0 0
scan 250 20 52 3.17895e-05 0 3.17895e-05 9.53684e-07 9.53684e-07 9.53684e-07 1.58947e-06 1.90737e-06 2.22047e-05
scan 250 20 53 0 0 0 0 0 0 0 0 0
scan 250 20 54 0 0 0 0 0 0 0 0 0
scan 250 20 55 0 0 0 0 0 0 0 0 0
scan 250 20 56 3.17895e-05 0 3.17895e-05 9.53684e-07 9.53684e-07 9.53684e-07 1.58947e-06 1.90737e-06 2.22047e-05
scan 250 20 57 9.53684e-05 0 5.5061e-05 2.86105e-06 2.86105e-06 2.86105e-06 4.76842e-06 5.7221e-06 6.6614e-05
scan 250 20 58 0 0 0 0 0 0 0 0 0
scan 250 20 59 6.35789e-05 0 4.49571e-05 1.90737e-06 1.90737e-06 1.90737e-06 3.17895e-06 3.81473e-06 4.44093e-05
scan 250 20 60 0 0 0 0 0 0 0 0 0
scan 250 20 61 0 0 0 0 0 0 0 0 0
scan 250 20 62 0 0 0 0 0 0 0 0 0
scan 250 20 63 0 0 0 0 0 0 0 0 0
scan 250 20 64 0 0 0 0 0 0 0 0 0
scan 250 20 65 0 0 0 0 0 0 0 0 0
scan 250 20 66 0 0 0 0 0 0 0 0 0
scan 250 20 67 0 0 0 0 0 0 0 0 0
scan 250 20 68 0 0 0 0 0 0 0 0 0
scan 250 20 69 0 0 0 0 0 0 0 0 0
scan 250 20 70 0 0 0 0 0 0 0 0 0
scan 250 20 71 0 0 0 0 0 0 0 0 0
scan 250 20 72 0 0 0 0 0 0 0 0 0
scan 250 20 73 0 0 0 0 0 0 0 0 0
scan 250 20 74 0 0 0 0 0 0 0 0 0
scan 250 20 75 0 0 0 0 0 0 0 0 0
scan 250 20 76 0 0 0 0 0 0 0 0 0
scan 250 20 77 0 0 0 0 0 0 0 0 0
scan 250 20 78 0 0 0 0 0 0 0 0 0
scan 250 20 79 0 0 0 0 0 0 0 0 0
scan 250 20 80 0 0 0 0 0 0 0 0 0
scan 250 20 81 0 0 0 0 0 0 0 0 0
scan 250 20 82 0 0 0 0 0 0 0 0 0
scan 250 20 83 0 0 0 0 0 0 0 0 0
scan 250 20 84 0 0 0 0 0 0 0 0 0
scan 250 20 85 0 0 0 0 0 0 0 0 0
scan 250 20 86 0 0 0 0 0 0 0 0 0
scan 250 20 87 0 0 0 0 0 0 0 0 0
scan 250 20 88 0 0 0 0 0 0 0 0 0
scan 250 20 89 0 0 0 0 0 0 0 0 0
scan 250 20 90 0.000254316 0 8.99142e-05 7.62947e-06 7.62947e-06 7.62947e-06 1.27158e-05 1.52589e-05 0.000177637
scan 250 20 91 0.000127158 0 6.35789e-05 3.81473e-06 3.81473e-06 3.81473e-06 6.35789e-06 7.62947e-06 8.88187e-05
scan 250 20 92 6.35789e-05 0 4.49571e-05 1.90737e-06 1.90737e-06 1.90737e-06 3.17895e-06 3.81473e-06 4.44093e-05
scan 250 20 93 3.17895e-05 0 3.17895e-05 9.53684e-07 9.53684e-07 9.53684e-07 1.58947e-06 1.90737e-06 2.22047e-05
scan 250 20 94 3.17895e-05 0 3.17895e-05 9.53684e-07 9.53684e-07 9.53684e-07 1.58947e-06 1.90737e-06 2.22047e-05
scan 250 20 95 0 0 0 0 0 0 0 0 0
scan 250 20 96 3.17895e-05 0 3.17895e-05 9.53684e-07 9.53684e-07 9.53684e-07 1.58947e-06 1.90737e-06 2.22047e-05
scan 250 20 97 0 0 0 0 0 0 0 0 0
scan 250 20 98 0 0 0 0 0 0 0 0 0
scan 250 20 99 0 0 0 0 0 0 0 0 0
scan 250 20 100 0 0 0 0 0 0 0 0 0
scan 250 20 101 0 0 0 0 0 0 0 0 0
scan 250 20 102 6.35789e-05 0 4.49571e-05 1.90737e-06 1.90737e-06 1.90737e-06 3.17895e-06 3.81473e-06 4.44093e-05
scan 250 20 103 6.35789e-05 0 4.49571e-05 1.90737e-06 1.90737e-06 1.90737e-06 3.17895e-06 3.81473e-06 4.44093e-05
scan 250 20 104 6.35789e-05 0 4.49571e-05 1.90737e-06 1.90737e-06 1.90737e-06 3.17895e-06 3.81473e-06 4.44093e-05
scan 250 20 60 0 0 0 0 0 0 0 0 0
scan 250 20 61 0 0 0 0 0 0 0 0 0
scan 250 20 62 0 0 0 0 0 0 0 0 0
scan 250 20 63 0 0 0 0 0 0 0 0 0
scan 250 20 64 0 0 0 0 0 0 0 0 0
scan 250 20 65 0 0 0 0 0 0 0 0 0
scan 250 20 66 0 0 0 0 0 0 0 0 0
scan 250 20 67 0 0 0 0 0 0 0 0 0
scan 250 20 68 0 0 0 0 0 0 0 0 0
scan 250 20 69 0 0 0 0 0 0 0 0 0
scan 250 20 70 0 0 0 0 0 0 0 0 0
scan 250 20 71 0 0 0 0 0 0 0 0 0
scan 250 20 72 0 0 0 0 0 0 0 0 0
scan 250 20 73 0 0 0 0 0 0 0 0 0
scan 250 20 74 0 0 0 0 0 0 0 0 0
scan 250 20 120 0 0 0 0 0 0 0 0 0
scan 250 20 121 0 0 0 0 0 0 0 0 0
scan 250 20 122 0 0 0 0 0 0 0 0 0
scan 250 20 123 0 0 0 0 0 0 0 0 0
scan 250 20 124 0 0 0 0 0 0 0 0 0
scan 250 20 125 0 0 0 0 0 0 0 0 0
scan 250 20 126 0 0 0 0 0 0 0 0 0
scan 250 20 127 0 0 0 0 0 0 0 0 0
scan 250 20 128 0 0 0 0 0 0 0 0 0
scan 250 20 129 0 0 0 0 0 0 0 0 0
scan 250 20 130 0 0 0 0 0 0 0 0 0
scan 250 20 131 0 0 0 0 0 0 0 0 0
scan 250 20 132 0 0 0 0 0 0 0 0 0
scan 250 20 133 0 0 0 0 0 0 0 0 0
scan 250 20 134 0 0 0 0 0 0 0 0 0
scan 250 20 135 6.35789e-05 0 4.49571e-05 1.90737e-06 1.90737e-06 1.90737e-06 3.17895e-06 3.81473e-06 4.44093e-05
scan 250 20 136 0.000158947 0 7.10834e-05 4.76842e-06 4.76842e-06 4.76842e-06 7.94736e-06 9.53684e-06 0.000111023
scan 250 20 137 0.000127158 0 6.35789e-05 3.81473e-06 3.81473e-06 3.81473e-06 6.35789e-06 7.62947e-06 8.88187e-05
scan 250 20 138 3.17895e-05 0 3.17895e-05 9.53684e-07 9.53684e-07 9.53684e-07 1.58947e-06 1.90737e-06 2.22047e-05
scan 250 20 139 0 0 0 0 0 0 0 0 0
scan 250 20 140 0 0 0 0 0 0 0 0 0
scan 250 20 141 6.35789e-05 0 4.49571e-05 1.90737e-06 1.90737e-06 1.90737e-06 3.17895e-06 3.81473e-06 4.44093e-05
scan 250 20 142 0 0 0 0 0 0 0 0 0
scan 250 20 143 0 0 0 0 0 0 0 0 0
scan 250 20 144 0 0 0 0 0 0 0 0 0
scan 250 20 145 0 0 0 0 0 0 0 0 0
scan 250 20 146 0 0 0 0 0 0 0 0 0
scan 250 20 147 0 0 0 0 0 0 0 0 0
scan 250 20 148 0 0 0 0 0 0 0 0 0
scan 250 20 149 0 0 0 0 0 0 0 0 0
scan 250 20 60 0 0 0 0 0 0 0 0 0
scan 250 20 61 0 0 0 0 0 0 0 0 0
scan 250 20 62 0 0 0 0 0 0 0 0 0
scan 250 20 63 0 0 0 0 0 0 0 0 0
scan 250 20 64 0 0 0 0 0 0 0 0 0
scan 250 20 65 0 0 0 0 0 0 0 0 0
scan 250 20 66 0 0 0 0 0 0 0 0 0
scan 250 20 67 0 0 0 0 0 0 0 0 0
scan 250 20 68 0 0 0 0 0 0 0 0 0
scan 250 20 69 0 0 0 0 0 0 0 0 0
scan 250 20 70 0 0 0 0 0 0 0 0 0
scan 250 20 71 0 0 0 0 0 0 0 0 0
scan 250 20 72 0 0 0 0 0 0 0 0 0
scan 250 20 73 0 0 0 0 0 0 0 0 0
scan 250 20 74 0 0 0 0 0 0 0 0 0
scan 250 20 165 0 0 0 0 0 0 0 0 0
scan 250 20 166 0 0 0 0 0 0 0 0 0
scan 250 20 167 0 0 0 0 0 0 0 0 0
scan 250 20 168 0 0 0 0 0 0 0 0 0
scan 250 20 169 0 0 0 0 0 0 0 0 0
scan 250 20 170 0 0 0 0 0 0 0 0 0
scan 250 20 171 0 0 0 0 0 0 0 0 0
scan 250 20 172 0 0 0 0 0 0 0 0 0
scan 250 20 173 0 0 0 0 0 0 0 0 0
scan 250 20 174 0 0 0 0 0 0 0 0 0
scan 250 20 175 0 0 0 0 0 0 0 0 0
scan 250 20 176 0 0 0 0 0 0 0 0 0
scan 250 20 177 0 0 0 0 0 0 0 0 0
scan 250 20 178 0 0 0 0 0 0 0 0 0
scan 250 20 179 0 0 0 0 0 0 0 0 0
