xsec 340 220 0.0836754
scan 340 220 0 6.69537e-05 0 2.36717e-05 2.00861e-06 2.00861e-06 2.00861e-06 3.34769e-06 4.01722e-06 4.83386e-05
scan 340 220 1 5.85845e-05 0 2.21429e-05 1.75754e-06 1.75754e-06 1.75754e-06 2.92923e-06 3.51507e-06 4.22963e-05
scan 340 220 2 4.18461e-05 0 1.87141e-05 1.25538e-06 1.25538e-06 1.25538e-06 2.0923e-06 2.51077e-06 3.02116e-05
scan 340 220 3 1.67384e-05 0 1.18359e-05 5.02153e-07 5.02153e-07 5.02153e-07 8.36922e-07 1.00431e-06 1.20846e-05
scan 340 220 4 0 0 0 0 0 0 0 0 0
scan 340 220 5 0 0 0 0 0 0 0 0 0
scan 340 220 6 2.51077e-05 0 1.44959e-05 7.5323e-07 7.5323e-07 7.5323e-07 1.25538e-06 1.50646e-06 1.8127e-05
scan 340 220 7 8.36922e-06 0 8.36922e-06 2.51077e-07 2.51077e-07 2.51077e-07 4.18461e-07 5.02153e-07 6.04232e-06
scan 340 220 8 1.67384e-05 0 1.18359e-05 5.02153e-07 5.02153e-07 5.02153e-07 8.36922e-07 1.00431e-06 1.20846e-05
scan 340 220 9 1.67384e-05 0 1.18359e-05 5.02153e-07 5.02153e-07 5.02153e-07 8.36922e-07 1.00431e-06 1.20846e-05
scan 340 220 10 0 0 0 0 0 0 0 0 0
scan 340 220 11 1.67384e-05 0 1.18359e-05 5.02153e-07 5.02153e-07 5.02153e-07 8.36922e-07 1.00431e-06 1.20846e-05
scan 340 220 12 2.51077e-05 0 1.44959e-05 7.5323e-07 7.5323e-07 7.5323e-07 1.25538e-06 1.50646e-06 1.8127e-05
scan 340 220 13 8.36922e-06 0 8.36922e-06 2.51077e-07 2.51077e-07 2.51077e-07 4.18461e-07 5.02153e-07 6.04232e-06
scan 340 220 14 0 0 0 0 0 0 0 0 0
scan 340 220 15 0.00143114 0 0.000109442 4.29341e-05 4.29341e-05 4.29341e-05 7.15568e-05 8.58682e-05 0.00103324
scan 340 220 16 0.00208394 0 0.000132064 6.25181e-05 6.25181e-05 6.25181e-05 0.000104197 0.000125036 0.00150454
scan 340 220 17 0.00085366 0 8.4525e-05 2.56098e-05 2.56098e-05 2.56098e-05 4.2683e-05 5.12196e-05 0.000616317
scan 340 220 18 0.000225969 0 4.34877e-05 6.77907e-06 6.77907e-06 6.77907e-06 1.12984e-05 1.35581e-05 0.000163143
scan 340 220 19 9.20614e-05 0 2.77576e-05 2.76184e-06 2.76184e-06 2.76184e-06 4.60307e-06 5.52368e-06 6.64655e-05
scan 340 220 20 8.36922e-05 0 2.64658e-05 2.51077e-06 2.51077e-06 2.51077e-06 4.18461e-06 5.02153e-06 6.04232e-05
scan 340 220 21 0.00053563 0 6.69537e-05 1.60689e-05 1.60689e-05 1.60689e-05 2.67815e-05 3.21378e-05 0.000386709
scan 340 220 22 0.000343138 0 5.35891e-05 1.02941e-05 1.02941e-05 1.02941e-05 1.71569e-05 2.05883e-05 0.000247735
scan 340 220 23 0.000133907 0 3.34769e-05 4.01722e-06 4.01722e-06 4.01722e-06 6.69537e-06 8.03445e-06 9.66771e-05
scan 340 220 24 5.02153e-05 0 2.05003e-05 1.50646e-06 1.50646e-06 1.50646e-06 2.51077e-06 3.01292e-06 3.62539e-05
scan 340 220 25 0 0 0 0 0 0 0 0 0
scan 340 220 26 0.0002176 0 4.26748e-05 6.52799e-06 6.52799e-06 6.52799e-06 1.088e-05 1.3056e-05 0.0001571
scan 340 220 27 0.000351507 0 5.42387e-05 1.05452e-05 1.05452e-05 1.05452e-05 1.75754e-05 2.10904e-05 0.000253778
scan 340 220 28 0.000184123 0 3.92551e-05 5.52368e-06 5.52368e-06 5.52368e-06 9.20614e-06 1.10474e-05 0.000132931
scan 340 220 29 5.85845e-05 0 2.21429e-05 1.75754e-06 1.75754e-06 1.75754e-06 2.92923e-06 3.51507e-06 4.22963e-05
scan 340 220 30 4.18461e-05 0 1.87141e-05 1.25538e-06 1.25538e-06 1.25538e-06 2.0923e-06 2.51077e-06 3.02116e-05
scan 340 220 31 0 0 0 0 0 0 0 0 0
scan 340 220 32 8.36922e-06 0 8.36922e-06 2.51077e-07 2.51077e-07 2.51077e-07 4.18461e-07 5.02153e-07 6.04232e-06
scan 340 220 33 0 0 0 0 0 0 0 0 0
scan 340 220 34 0 0 0 0 0 0 0 0 0
scan 340 220 35 0 0 0 0 0 0 0 0 0
scan 340 220 36 8.36922e-06 0 8.36922e-06 2.51077e-07 2.51077e-07 2.51077e-07 4.18461e-07 5.02153e-07 6.04232e-06
scan 340 220 37 0 0 0 0 0 0 0 0 0
scan 340 220 38 0 0 0 0 0 0 0 0 0
scan 340 220 39 0 0 0 0 0 0 0 0 0
scan 340 220 40 0 0 0 0 0 0 0 0 0
scan 340 220 41 0 0 0 0 0 0 0 0 0
scan 340 220 42 0 0 0 0 0 0 0 0 0
scan 340 220 43 0 0 0 0 0 0 0 0 0
scan 340 220 44 0 0 0 0 0 0 0 0 0
scan 340 220 45 8.36922e-06 0 8.36922e-06 2.51077e-07 2.51077e-07 2.51077e-07 4.18461e-07 5.02153e-07 6.04232e-06
scan 340 220 46 0 0 0 0 0 0 0 0 0
scan 340 220 47 8.36922e-06 0 8.36922e-06 2.51077e-07 2.51077e-07 2.51077e-07 4.18461e-07 5.02153e-07 6.04232e-06
scan 340 220 48 0 0 0 0 0 0 0 0 0
scan 340 220 49 0 0 0 0 0 0 0 0 0
scan 340 220 50 0 0 0 0 0 0 0 0 0
scan 340 220 51 0 0 0 0 0 0 0 0 0
scan 340 220 52 0 0 0 0 0 0 0 0 0
scan 340 220 53 0 0 0 0 0 0 0 0 0
scan 340 220 54 0 0 0 0 0 0 0 0 0
scan 340 220 55 0 0 0 0 0 0 0 0 0
scan 340 220 56 0 0 0 0 0 0 0 0 0
scan 340 220 57 0 0 0 0 0 0 0 0 0
scan 340 220 58 0 0 0 0 0 0 0 0 0
scan 340 220 59 0 0 0 0 0 0 0 0 0
scan 340 220 60 0 0 0 0 0 0 0 0 0
scan 340 220 61 0 0 0 0 0 0 0 0 0
scan 340 220 62 0 0 0 0 0 0 0 0 0
scan 340 220 63 0 0 0 0 0 0 0 0 0
scan 340 220 64 0 0 0 0 0 0 0 0 0
scan 340 220 65 0 0 0 0 0 0 0 0 0
scan 340 220 66 0 0 0 0 0 0 0 0 0
scan 340 220 67 0 0 0 0 0 0 0 0 0
scan 340 220 68 0 0 0 0 0 0 0 0 0
scan 340 220 69 0 0 0 0 0 0 0 0 0
scan 340 220 70 0 0 0 0 0 0 0 0 0
scan 340 220 71 0 0 0 0 0 0 0 0 0
scan 340 220 72 0 0 0 0 0 0 0 0 0
scan 340 220 73 0 0 0 0 0 0 0 0 0
scan 340 220 74 0 0 0 0 0 0 0 0 0
scan 340 220 75 0 0 0 0 0 0 0 0 0
scan 340 220 76 0 0 0 0 0 0 0 0 0
scan 340 220 77 0 0 0 0 0 0 0 0 0
scan 340 220 78 0 0 0 0 0 0 0 0 0
scan 340 220 79 0 0 0 0 0 0 0 0 0
scan 340 220 80 0 0 0 0 0 0 0 0 0
scan 340 220 81 0 0 0 0 0 0 0 0 0
scan 340 220 82 8.36922e-06 0 8.36922e-06 2.51077e-07 2.51077e-07 2.51077e-07 4.18461e-07 5.02153e-07 6.04232e-06
scan 340 220 83 0 0 0 0 0 0 0 0 0
scan 340 220 84 0 0 0 0 0 0 0 0 0
scan 340 220 85 0 0 0 0 0 0 0 0 0
scan 340 220 86 0 0 0 0 0 0 0 0 0
scan 340 220 87 0 0 0 0 0 0 0 0 0
scan 340 220 88 0 0 0 0 0 0 0 0 0
scan 340 220 89 0 0 0 0 0 0 0 0 0
scan 340 220 90 5.85845e-05 0 2.21429e-05 1.75754e-06 1.75754e-06 1.75754e-06 2.92923e-06 3.51507e-06 4.22963e-05
scan 340 220 91 3.34769e-05 0 1.67384e-05 1.00431e-06 1.00431e-06 1.00431e-06 1.67384e-06 2.00861e-06 2.41693e-05
scan 340 220 92 8.36922e-06 0 8.36922e-06 2.51077e-07 2.51077e-07 2.51077e-07 4.18461e-07 5.02153e-07 6.04232e-06
scan 340 220 93 8.36922e-06 0 8.36922e-06 2.51077e-07 2.51077e-07 2.51077e-07 4.18461e-07 5.02153e-07 6.04232e-06
scan 340 220 94 0 0 0 0 0 0 0 0 0
scan 340 220 95 0 0 0 0 0 0 0 0 0
scan 340 220 96 0 0 0 0 0 0 0 0 0
scan 340 220 97 8.36922e-06 0 8.36922e-06 2.51077e-07 2.51077e-07 2.51077e-07 4.18461e-07 5.02153e-07 6.04232e-06
scan 340 220 98 0 0 0 0 0 0 0 0 0
scan 340 220 99 0 0 0 0 0 0 0 0 0
scan 340 220 100 0 0 0 0 0 0 0 0 0
scan 340 220 101 0 0 0 0 0 0 0 0 0
scan 340 220 102 8.36922e-06 0 8.36922e-06 2.51077e-07 2.51077e-07 2.51077e-07 4.18461e-07 5.02153e-07 6.04232e-06
scan 340 220 103 0 0 0 0 0 0 0 0 0
scan 340 220 104 0 0 0 0 0 0 0 0 0
scan 340 220 60 0 0 0 0 0 0 0 0 0
scan 340 220 61 0 0 0 0 0 0 0 0 0
scan 340 220 62 0 0 0 0 0 0 0 0 0
scan 340 220 63 0 0 0 0 0 0 0 0 0
scan 340 220 64 0 0 0 0 0 0 0 0 0
scan 340 220 65 0 0 0 0 0 0 0 0 0
scan 340 220 66 0 0 0 0 0 0 0 0 0
scan 340 220 67 0 0 0 0 0 0 0 0 0
scan 340 220 68 0 0 0 0 0 0 0 0 0
scan 340 220 69 0 0 0 0 0 0 0 0 0
scan 340 220 70 0 0 0 0 0 0 0 0 0
scan 340 220 71 0 0 0 0 0 0 0 0 0
scan 340 220 72 0 0 0 0 0 0 0 0 0
scan 340 220 73 0 0 0 0 0 0 0 0 0
scan 340 220 74 0 0 0 0 0 0 0 0 0
scan 340 220 120 0 0 0 0 0 0 0 0 0
scan 340 220 121 0 0 0 0 0 0 0 0 0
scan 340 220 122 0 0 0 0 0 0 0 0 0
scan 340 220 123 0 0 0 0 0 0 0 0 0
scan 340 220 124 0 0 0 0 0 0 0 0 0
scan 340 220 125 0 0 0 0 0 0 0 0 0
scan 340 220 126 0 0 0 0 0 0 0 0 0
scan 340 220 127 0 0 0 0 0 0 0 0 0
scan 340 220 128 0 0 0 0 0 0 0 0 0
scan 340 220 129 0 0 0 0 0 0 0 0 0
scan 340 220 130 0 0 0 0 0 0 0 0 0
scan 340 220 131 0 0 0 0 0 0 0 0 0
scan 340 220 132 0 0 0 0 0 0 0 0 0
scan 340 220 133 0 0 0 0 0 0 0 0 0
scan 340 220 134 0 0 0 0 0 0 0 0 0
scan 340 220 135 8.36922e-06 0 8.36922e-06 2.51077e-07 2.51077e-07 2.51077e-07 4.18461e-07 5.02153e-07 6.04232e-06
scan 340 220 136 4.18461e-05 0 1.87141e-05 1.25538e-06 1.25538e-06 1.25538e-06 2.0923e-06 2.51077e-06 3.02116e-05
scan 340 220 137 8.36922e-06 0 8.36922e-06 2.51077e-07 2.51077e-07 2.51077e-07 4.18461e-07 5.02153e-07 6.04232e-06
scan 340 220 138 0 0 0 0 0 0 0 0 0
scan 340 220 139 0 0 0 0 0 0 0 0 0
scan 340 220 140 0 0 0 0 0 0 0 0 0
scan 340 220 141 0 0 0 0 0 0 0 0 0
scan 340 220 142 0 0 0 0 0 0 0 0 0
scan 340 220 143 0 0 0 0 0 0 0 0 0
scan 340 220 144 0 0 0 0 0 0 0 0 0
scan 340 220 145 0 0 0 0 0 0 0 0 0
scan 340 220 146 0 0 0 0 0 0 0 0 0
scan 340 220 147 0 0 0 0 0 0 0 0 0
scan 340 220 148 0 0 0 0 0 0 0 0 0
scan 340 220 149 8.36922e-06 0 8.36922e-06 2.51077e-07 2.51077e-07 2.51077e-07 4.18461e-07 5.02153e-07 6.04232e-06
scan 340 220 60 0 0 0 0 0 0 0 0 0
scan 340 220 61 0 0 0 0 0 0 0 0 0
scan 340 220 62 0 0 0 0 0 0 0 0 0
scan 340 220 63 0 0 0 0 0 0 0 0 0
scan 340 220 64 0 0 0 0 0 0 0 0 0
scan 340 220 65 0 0 0 0 0 0 0 0 0
scan 340 220 66 0 0 0 0 0 0 0 0 0
scan 340 220 67 0 0 0 0 0 0 0 0 0
scan 340 220 68 0 0 0 0 0 0 0 0 0
scan 340 220 69 0 0 0 0 0 0 0 0 0
scan 340 220 70 0 0 0 0 0 0 0 0 0
scan 340 220 71 0 0 0 0 0 0 0 0 0
scan 340 220 72 0 0 0 0 0 0 0 0 0
scan 340 220 73 0 0 0 0 0 0 0 0 0
scan 340 220 74 0 0 0 0 0 0 0 0 0
scan 340 220 165 0 0 0 0 0 0 0 0 0
scan 340 220 166 0 0 0 0 0 0 0 0 0
scan 340 220 167 0 0 0 0 0 0 0 0 0
scan 340 220 168 0 0 0 0 0 0 0 0 0
scan 340 220 169 0 0 0 0 0 0 0 0 0
scan 340 220 170 0 0 0 0 0 0 0 0 0
scan 340 220 171 0 0 0 0 0 0 0 0 0
scan 340 220 172 0 0 0 0 0 0 0 0 0
scan 340 220 173 0 0 0 0 0 0 0 0 0
scan 340 220 174 0 0 0 0 0 0 0 0 0
scan 340 220 175 0 0 0 0 0 0 0 0 0
scan 340 220 176 0 0 0 0 0 0 0 0 0
scan 340 220 177 0 0 0 0 0 0 0 0 0
scan 340 220 178 0 0 0 0 0 0 0 0 0
scan 340 220 179 0 0 0 0 0 0 0 0 0
