xsec 440 90 0.0249422
scan 440 90 0 2.49472e-06 0 2.49472e-06 7.48417e-08 7.48417e-08 7.48417e-08 1.24736e-07 1.49683e-07 1.85072e-06
scan 440 90 1 0 0 0 0 0 0 0 0 0
scan 440 90 2 1.74631e-05 0 6.60042e-06 5.23892e-07 5.23892e-07 5.23892e-07 8.73153e-07 1.04778e-06 1.2955e-05
scan 440 90 3 0 0 0 0 0 0 0 0 0
scan 440 90 4 7.48417e-06 0 4.32099e-06 2.24525e-07 2.24525e-07 2.24525e-07 3.74208e-07 4.4905e-07 5.55216e-06
scan 440 90 5 0 0 0 0 0 0 0 0 0
scan 440 90 6 0 0 0 0 0 0 0 0 0
scan 440 90 7 0 0 0 0 0 0 0 0 0
scan 440 90 8 0 0 0 0 0 0 0 0 0
scan 440 90 9 0 0 0 0 0 0 0 0 0
scan 440 90 10 0 0 0 0 0 0 0 0 0
scan 440 90 11 4.98945e-06 0 3.52807e-06 1.49683e-07 1.49683e-07 1.49683e-07 2.49472e-07 2.99367e-07 3.70144e-06
scan 440 90 12 4.98945e-06 0 3.52807e-06 1.49683e-07 1.49683e-07 1.49683e-07 2.49472e-07 2.99367e-07 3.70144e-06
scan 440 90 13 9.97889e-06 0 4.98945e-06 2.99367e-07 2.99367e-07 2.99367e-07 4.98945e-07 5.98734e-07 7.40288e-06
scan 440 90 14 2.99367e-05 0 8.64197e-06 8.981e-07 8.981e-07 8.981e-07 1.49683e-06 1.7962e-06 2.22086e-05
scan 440 90 15 8.48206e-05 0 1.45466e-05 2.54462e-06 2.54462e-06 2.54462e-06 4.24103e-06 5.08924e-06 6.29245e-05
scan 440 90 16 0.000127231 0 1.78159e-05 3.81693e-06 3.81693e-06 3.81693e-06 6.36154e-06 7.63385e-06 9.43867e-05
scan 440 90 17 0.00013222 0 1.81619e-05 3.96661e-06 3.96661e-06 3.96661e-06 6.61102e-06 7.93322e-06 9.80882e-05
scan 440 90 18 0.000172136 0 2.07227e-05 5.16408e-06 5.16408e-06 5.16408e-06 8.6068e-06 1.03282e-05 0.0001277
scan 440 90 19 0.000284398 0 2.66364e-05 8.53195e-06 8.53195e-06 8.53195e-06 1.42199e-05 1.70639e-05 0.000210982
scan 440 90 20 4.98945e-06 0 3.52807e-06 1.49683e-07 1.49683e-07 1.49683e-07 2.49472e-07 2.99367e-07 3.70144e-06
scan 440 90 21 4.24103e-05 0 1.0286e-05 1.27231e-06 1.27231e-06 1.27231e-06 2.12051e-06 2.54462e-06 3.14622e-05
scan 440 90 22 8.981e-05 0 1.49683e-05 2.6943e-06 2.6943e-06 2.6943e-06 4.4905e-06 5.3886e-06 6.66259e-05
scan 440 90 23 4.73997e-05 0 1.08742e-05 1.42199e-06 1.42199e-06 1.42199e-06 2.36999e-06 2.84398e-06 3.51637e-05
scan 440 90 24 9.47995e-05 0 1.53785e-05 2.84398e-06 2.84398e-06 2.84398e-06 4.73997e-06 5.68797e-06 7.03274e-05
scan 440 90 25 7.48417e-06 0 4.32099e-06 2.24525e-07 2.24525e-07 2.24525e-07 3.74208e-07 4.4905e-07 5.55216e-06
scan 440 90 26 5.23892e-05 0 1.14323e-05 1.57168e-06 1.57168e-06 1.57168e-06 2.61946e-06 3.14335e-06 3.88651e-05
scan 440 90 27 0.000164652 0 2.02672e-05 4.93955e-06 4.93955e-06 4.93955e-06 8.23259e-06 9.8791e-06 0.000122148
scan 440 90 28 0.000251967 0 2.50717e-05 7.55901e-06 7.55901e-06 7.55901e-06 1.25984e-05 1.5118e-05 0.000186923
scan 440 90 29 0.000818269 0 4.51814e-05 2.45481e-05 2.45481e-05 2.45481e-05 4.09135e-05 4.90962e-05 0.000607036
scan 440 90 30 2.49472e-06 0 2.49472e-06 7.48417e-08 7.48417e-08 7.48417e-08 1.24736e-07 1.49683e-07 1.85072e-06
scan 440 90 31 4.98945e-06 0 3.52807e-06 1.49683e-07 1.49683e-07 1.49683e-07 2.49472e-07 2.99367e-07 3.70144e-06
scan 440 90 32 2.49472e-06 0 2.49472e-06 7.48417e-08 7.48417e-08 7.48417e-08 1.24736e-07 1.49683e-07 1.85072e-06
scan 440 90 33 7.48417e-06 0 4.32099e-06 2.24525e-07 2.24525e-07 2.24525e-07 3.74208e-07 4.4905e-07 5.55216e-06
scan 440 90 34 4.98945e-06 0 3.52807e-06 1.49683e-07 1.49683e-07 1.49683e-07 2.49472e-07 2.99367e-07 3.70144e-06
scan 440 90 35 0 0 0 0 0 0 0 0 0
scan 440 90 36 0 0 0 0 0 0 0 0 0
scan 440 90 37 2.49472e-06 0 2.49472e-06 7.48417e-08 7.48417e-08 7.48417e-08 1.24736e-07 1.49683e-07 1.85072e-06
scan 440 90 38 0 0 0 0 0 0 0 0 0
scan 440 90 39 2.49472e-06 0 2.49472e-06 7.48417e-08 7.48417e-08 7.48417e-08 1.24736e-07 1.49683e-07 1.85072e-06
scan 440 90 40 0 0 0 0 0 0 0 0 0
scan 440 90 41 4.98945e-06 0 3.52807e-06 1.49683e-07 1.49683e-07 1.49683e-07 2.49472e-07 2.99367e-07 3.70144e-06
scan 440 90 42 0 0 0 0 0 0 0 0 0
scan 440 90 43 0 0 0 0 0 0 0 0 0
scan 440 90 44 1.74631e-05 0 6.60042e-06 5.23892e-07 5.23892e-07 5.23892e-07 8.73153e-07 1.04778e-06 1.2955e-05
scan 440 90 45 4.98945e-06 0 3.52807e-06 1.49683e-07 1.49683e-07 1.49683e-07 2.49472e-07 2.99367e-07 3.70144e-06
scan 440 90 46 0 0 0 0 0 0 0 0 0
scan 440 90 47 0 0 0 0 0 0 0 0 0
scan 440 90 48 0 0 0 0 0 0 0 0 0
scan 440 90 49 0 0 0 0 0 0 0 0 0
scan 440 90 50 0 0 0 0 0 0 0 0 0
scan 440 90 51 0 0 0 0 0 0 0 0 0
scan 440 90 52 0 0 0 0 0 0 0 0 0
scan 440 90 53 0 0 0 0 0 0 0 0 0
scan 440 90 54 0 0 0 0 0 0 0 0 0
scan 440 90 55 0 0 0 0 0 0 0 0 0
scan 440 90 56 0 0 0 0 0 0 0 0 0
scan 440 90 57 2.49472e-06 0 2.49472e-06 7.48417e-08 7.48417e-08 7.48417e-08 1.24736e-07 1.49683e-07 1.85072e-06
scan 440 90 58 0 0 0 0 0 0 0 0 0
scan 440 90 59 4.98945e-06 0 3.52807e-06 1.49683e-07 1.49683e-07 1.49683e-07 2.49472e-07 2.99367e-07 3.70144e-06
scan 440 90 60 0 0 0 0 0 0 0 0 0
scan 440 90 61 0 0 0 0 0 0 0 0 0
scan 440 90 62 0 0 0 0 0 0 0 0 0
scan 440 90 63 0 0 0 0 0 0 0 0 0
scan 440 90 64 0 0 0 0 0 0 0 0 0
scan 440 90 65 0 0 0 0 0 0 0 0 0
scan 440 90 66 0 0 0 0 0 0 0 0 0
scan 440 90 67 0 0 0 0 0 0 0 0 0
scan 440 90 68 0 0 0 0 0 0 0 0 0
scan 440 90 69 0 0 0 0 0 0 0 0 0
scan 440 90 70 0 0 0 0 0 0 0 0 0
scan 440 90 71 0 0 0 0 0 0 0 0 0
scan 440 90 72 0 0 0 0 0 0 0 0 0
scan 440 90 73 0 0 0 0 0 0 0 0 0
scan 440 90 74 0 0 0 0 0 0 0 0 0
scan 440 90 75 0 0 0 0 0 0 0 0 0
scan 440 90 76 0 0 0 0 0 0 0 0 0
scan 440 90 77 0 0 0 0 0 0 0 0 0
scan 440 90 78 0 0 0 0 0 0 0 0 0
scan 440 90 79 0 0 0 0 0 0 0 0 0
scan 440 90 80 0 0 0 0 0 0 0 0 0
scan 440 90 81 0 0 0 0 0 0 0 0 0
scan 440 90 82 0 0 0 0 0 0 0 0 0
scan 440 90 83 0 0 0 0 0 0 0 0 0
scan 440 90 84 0 0 0 0 0 0 0 0 0
scan 440 90 85 0 0 0 0 0 0 0 0 0
scan 440 90 86 0 0 0 0 0 0 0 0 0
scan 440 90 87 0 0 0 0 0 0 0 0 0
scan 440 90 88 0 0 0 0 0 0 0 0 0
scan 440 90 89 0 0 0 0 0 0 0 0 0
scan 440 90 90 2.49472e-06 0 2.49472e-06 7.48417e-08 7.48417e-08 7.48417e-08 1.24736e-07 1.49683e-07 1.85072e-06
scan 440 90 91 9.97889e-06 0 4.98945e-06 2.99367e-07 2.99367e-07 2.99367e-07 4.98945e-07 5.98734e-07 7.40288e-06
scan 440 90 92 2.49472e-06 0 2.49472e-06 7.48417e-08 7.48417e-08 7.48417e-08 1.24736e-07 1.49683e-07 1.85072e-06
scan 440 90 93 0 0 0 0 0 0 0 0 0
scan 440 90 94 2.49472e-06 0 2.49472e-06 7.48417e-08 7.48417e-08 7.48417e-08 1.24736e-07 1.49683e-07 1.85072e-06
scan 440 90 95 0 0 0 0 0 0 0 0 0
scan 440 90 96 2.49472e-06 0 2.49472e-06 7.48417e-08 7.48417e-08 7.48417e-08 1.24736e-07 1.49683e-07 1.85072e-06
scan 440 90 97 0 0 0 0 0 0 0 0 0
scan 440 90 98 0 0 0 0 0 0 0 0 0
scan 440 90 99 0 0 0 0 0 0 0 0 0
scan 440 90 100 0 0 0 0 0 0 0 0 0
scan 440 90 101 4.98945e-06 0 3.52807e-06 1.49683e-07 1.49683e-07 1.49683e-07 2.49472e-07 2.99367e-07 3.70144e-06
scan 440 90 102 1.24736e-05 0 5.57837e-06 3.74208e-07 3.74208e-07 3.74208e-07 6.23681e-07 7.48417e-07 9.2536e-06
scan 440 90 103 1.49683e-05 0 6.1108e-06 4.4905e-07 4.4905e-07 4.4905e-07 7.48417e-07 8.981e-07 1.11043e-05
scan 440 90 104 1.49683e-05 0 6.1108e-06 4.4905e-07 4.4905e-07 4.4905e-07 7.48417e-07 8.981e-07 1.11043e-05
scan 440 90 60 0 0 0 0 0 0 0 0 0
scan 440 90 61 0 0 0 0 0 0 0 0 0
scan 440 90 62 0 0 0 0 0 0 0 0 0
scan 440 90 63 0 0 0 0 0 0 0 0 0
scan 440 90 64 0 0 0 0 0 0 0 0 0
scan 440 90 65 0 0 0 0 0 0 0 0 0
scan 440 90 66 0 0 0 0 0 0 0 0 0
scan 440 90 67 0 0 0 0 0 0 0 0 0
scan 440 90 68 0 0 0 0 0 0 0 0 0
scan 440 90 69 0 0 0 0 0 0 0 0 0
scan 440 90 70 0 0 0 0 0 0 0 0 0
scan 440 90 71 0 0 0 0 0 0 0 0 0
scan 440 90 72 0 0 0 0 0 0 0 0 0
scan 440 90 73 0 0 0 0 0 0 0 0 0
scan 440 90 74 0 0 0 0 0 0 0 0 0
scan 440 90 120 2.49472e-06 0 2.49472e-06 7.48417e-08 7.48417e-08 7.48417e-08 1.24736e-07 1.49683e-07 1.85072e-06
scan 440 90 121 0 0 0 0 0 0 0 0 0
scan 440 90 122 0 0 0 0 0 0 0 0 0
scan 440 90 123 0 0 0 0 0 0 0 0 0
scan 440 90 124 0 0 0 0 0 0 0 0 0
scan 440 90 125 0 0 0 0 0 0 0 0 0
scan 440 90 126 0 0 0 0 0 0 0 0 0
scan 440 90 127 0 0 0 0 0 0 0 0 0
scan 440 90 128 0 0 0 0 0 0 0 0 0
scan 440 90 129 0 0 0 0 0 0 0 0 0
scan 440 90 130 0 0 0 0 0 0 0 0 0
scan 440 90 131 0 0 0 0 0 0 0 0 0
scan 440 90 132 0 0 0 0 0 0 0 0 0
scan 440 90 133 0 0 0 0 0 0 0 0 0
scan 440 90 134 0 0 0 0 0 0 0 0 0
scan 440 90 135 7.48417e-06 0 4.32099e-06 2.24525e-07 2.24525e-07 2.24525e-07 3.74208e-07 4.4905e-07 5.55216e-06
scan 440 90 136 2.49472e-06 0 2.49472e-06 7.48417e-08 7.48417e-08 7.48417e-08 1.24736e-07 1.49683e-07 1.85072e-06
scan 440 90 137 2.49472e-06 0 2.49472e-06 7.48417e-08 7.48417e-08 7.48417e-08 1.24736e-07 1.49683e-07 1.85072e-06
scan 440 90 138 0 0 0 0 0 0 0 0 0
scan 440 90 139 0 0 0 0 0 0 0 0 0
scan 440 90 140 2.49472e-06 0 2.49472e-06 7.48417e-08 7.48417e-08 7.48417e-08 1.24736e-07 1.49683e-07 1.85072e-06
scan 440 90 141 2.49472e-06 0 2.49472e-06 7.48417e-08 7.48417e-08 7.48417e-08 1.24736e-07 1.49683e-07 1.85072e-06
scan 440 90 142 2.49472e-06 0 2.49472e-06 7.48417e-08 7.48417e-08 7.48417e-08 1.24736e-07 1.49683e-07 1.85072e-06
scan 440 90 143 2.49472e-06 0 2.49472e-06 7.48417e-08 7.48417e-08 7.48417e-08 1.24736e-07 1.49683e-07 1.85072e-06
scan 440 90 144 0 0 0 0 0 0 0 0 0
scan 440 90 145 0 0 0 0 0 0 0 0 0
scan 440 90 146 0 0 0 0 0 0 0 0 0
scan 440 90 147 1.24736e-05 0 5.57837e-06 3.74208e-07 3.74208e-07 3.74208e-07 6.23681e-07 7.48417e-07 9.2536e-06
scan 440 90 148 7.48417e-06 0 4.32099e-06 2.24525e-07 2.24525e-07 2.24525e-07 3.74208e-07 4.4905e-07 5.55216e-06
scan 440 90 149 7.48417e-06 0 4.32099e-06 2.24525e-07 2.24525e-07 2.24525e-07 3.74208e-07 4.4905e-07 5.55216e-06
scan 440 90 60 0 0 0 0 0 0 0 0 0
scan 440 90 61 0 0 0 0 0 0 0 0 0
scan 440 90 62 0 0 0 0 0 0 0 0 0
scan 440 90 63 0 0 0 0 0 0 0 0 0
scan 440 90 64 0 0 0 0 0 0 0 0 0
scan 440 90 65 0 0 0 0 0 0 0 0 0
scan 440 90 66 0 0 0 0 0 0 0 0 0
scan 440 90 67 0 0 0 0 0 0 0 0 0
scan 440 90 68 0 0 0 0 0 0 0 0 0
scan 440 90 69 0 0 0 0 0 0 0 0 0
scan 440 90 70 0 0 0 0 0 0 0 0 0
scan 440 90 71 0 0 0 0 0 0 0 0 0
scan 440 90 72 0 0 0 0 0 0 0 0 0
scan 440 90 73 0 0 0 0 0 0 0 0 0
scan 440 90 74 0 0 0 0 0 0 0 0 0
scan 440 90 165 0 0 0 0 0 0 0 0 0
scan 440 90 166 0 0 0 0 0 0 0 0 0
scan 440 90 167 0 0 0 0 0 0 0 0 0
scan 440 90 168 0 0 0 0 0 0 0 0 0
scan 440 90 169 0 0 0 0 0 0 0 0 0
scan 440 90 170 0 0 0 0 0 0 0 0 0
scan 440 90 171 0 0 0 0 0 0 0 0 0
scan 440 90 172 0 0 0 0 0 0 0 0 0
scan 440 90 173 0 0 0 0 0 0 0 0 0
scan 440 90 174 0 0 0 0 0 0 0 0 0
scan 440 90 175 0 0 0 0 0 0 0 0 0
scan 440 90 176 0 0 0 0 0 0 0 0 0
scan 440 90 177 0 0 0 0 0 0 0 0 0
scan 440 90 178 0 0 0 0 0 0 0 0 0
scan 440 90 179 0 0 0 0 0 0 0 0 0
