xsec 390 50 0.0445121
scan 390 50 0 1.78066e-05 0 8.90331e-06 5.34199e-07 5.34199e-07 5.34199e-07 8.90331e-07 1.0684e-06 1.30439e-05
scan 390 50 1 3.11616e-05 0 1.1778e-05 9.34848e-07 9.34848e-07 9.34848e-07 1.55808e-06 1.8697e-06 2.28269e-05
scan 390 50 2 1.3355e-05 0 7.71049e-06 4.00649e-07 4.00649e-07 4.00649e-07 6.67748e-07 8.01298e-07 9.78296e-06
scan 390 50 3 0 0 0 0 0 0 0 0 0
scan 390 50 4 1.3355e-05 0 7.71049e-06 4.00649e-07 4.00649e-07 4.00649e-07 6.67748e-07 8.01298e-07 9.78296e-06
scan 390 50 5 0 0 0 0 0 0 0 0 0
scan 390 50 6 0 0 0 0 0 0 0 0 0
scan 390 50 7 1.3355e-05 0 7.71049e-06 4.00649e-07 4.00649e-07 4.00649e-07 6.67748e-07 8.01298e-07 9.78296e-06
scan 390 50 8 8.90331e-06 0 6.29559e-06 2.67099e-07 2.67099e-07 2.67099e-07 4.45166e-07 5.34199e-07 6.52197e-06
scan 390 50 9 1.3355e-05 0 7.71049e-06 4.00649e-07 4.00649e-07 4.00649e-07 6.67748e-07 8.01298e-07 9.78296e-06
scan 390 50 10 0 0 0 0 0 0 0 0 0
scan 390 50 11 8.90331e-06 0 6.29559e-06 2.67099e-07 2.67099e-07 2.67099e-07 4.45166e-07 5.34199e-07 6.52197e-06
scan 390 50 12 4.45166e-06 0 4.45166e-06 1.3355e-07 1.3355e-07 1.3355e-07 2.22583e-07 2.67099e-07 3.26099e-06
scan 390 50 13 8.90331e-06 0 6.29559e-06 2.67099e-07 2.67099e-07 2.67099e-07 4.45166e-07 5.34199e-07 6.52197e-06
scan 390 50 14 4.00649e-05 0 1.3355e-05 1.20195e-06 1.20195e-06 1.20195e-06 2.00324e-06 2.40389e-06 2.93489e-05
scan 390 50 15 0.00010684 0 2.18086e-05 3.20519e-06 3.20519e-06 3.20519e-06 5.34199e-06 6.41038e-06 7.82637e-05
scan 390 50 16 0.000342777 0 3.90631e-05 1.02833e-05 1.02833e-05 1.02833e-05 1.71389e-05 2.05666e-05 0.000251096
scan 390 50 17 0.000235938 0 3.24085e-05 7.07813e-06 7.07813e-06 7.07813e-06 1.17969e-05 1.41563e-05 0.000172832
scan 390 50 18 0.000231486 0 3.21013e-05 6.94458e-06 6.94458e-06 6.94458e-06 1.15743e-05 1.38892e-05 0.000169571
scan 390 50 19 0.00045852 0 4.51794e-05 1.37556e-05 1.37556e-05 1.37556e-05 2.2926e-05 2.75112e-05 0.000335882
scan 390 50 20 1.3355e-05 0 7.71049e-06 4.00649e-07 4.00649e-07 4.00649e-07 6.67748e-07 8.01298e-07 9.78296e-06
scan 390 50 21 9.34848e-05 0 2.04e-05 2.80454e-06 2.80454e-06 2.80454e-06 4.67424e-06 5.60909e-06 6.84807e-05
scan 390 50 22 8.45814e-05 0 1.94043e-05 2.53744e-06 2.53744e-06 2.53744e-06 4.22907e-06 5.07489e-06 6.19588e-05
scan 390 50 23 9.34848e-05 0 2.04e-05 2.80454e-06 2.80454e-06 2.80454e-06 4.67424e-06 5.60909e-06 6.84807e-05
scan 390 50 24 0.000191421 0 2.91915e-05 5.74264e-06 5.74264e-06 5.74264e-06 9.57106e-06 1.14853e-05 0.000140222
scan 390 50 25 0 0 0 0 0 0 0 0 0
scan 390 50 26 9.79364e-05 0 2.08801e-05 2.93809e-06 2.93809e-06 2.93809e-06 4.89682e-06 5.87618e-06 7.17417e-05
scan 390 50 27 0.000244841 0 3.30144e-05 7.34523e-06 7.34523e-06 7.34523e-06 1.22421e-05 1.46905e-05 0.000179354
scan 390 50 28 0.000391746 0 4.17602e-05 1.17524e-05 1.17524e-05 1.17524e-05 1.95873e-05 2.35047e-05 0.000286967
scan 390 50 29 0.0013444 0 7.73615e-05 4.0332e-05 4.0332e-05 4.0332e-05 6.722e-05 8.0664e-05 0.000984818
scan 390 50 30 4.45166e-06 0 4.45166e-06 1.3355e-07 1.3355e-07 1.3355e-07 2.22583e-07 2.67099e-07 3.26099e-06
scan 390 50 31 3.11616e-05 0 1.1778e-05 9.34848e-07 9.34848e-07 9.34848e-07 1.55808e-06 1.8697e-06 2.28269e-05
scan 390 50 32 1.3355e-05 0 7.71049e-06 4.00649e-07 4.00649e-07 4.00649e-07 6.67748e-07 8.01298e-07 9.78296e-06
scan 390 50 33 4.45166e-06 0 4.45166e-06 1.3355e-07 1.3355e-07 1.3355e-07 2.22583e-07 2.67099e-07 3.26099e-06
scan 390 50 34 1.78066e-05 0 8.90331e-06 5.34199e-07 5.34199e-07 5.34199e-07 8.90331e-07 1.0684e-06 1.30439e-05
scan 390 50 35 0 0 0 0 0 0 0 0 0
scan 390 50 36 4.45166e-06 0 4.45166e-06 1.3355e-07 1.3355e-07 1.3355e-07 2.22583e-07 2.67099e-07 3.26099e-06
scan 390 50 37 0 0 0 0 0 0 0 0 0
scan 390 50 38 0 0 0 0 0 0 0 0 0
scan 390 50 39 0 0 0 0 0 0 0 0 0
scan 390 50 40 0 0 0 0 0 0 0 0 0
scan 390 50 41 0 0 0 0 0 0 0 0 0
scan 390 50 42 4.45166e-06 0 4.45166e-06 1.3355e-07 1.3355e-07 1.3355e-07 2.22583e-07 2.67099e-07 3.26099e-06
scan 390 50 43 1.3355e-05 0 7.71049e-06 4.00649e-07 4.00649e-07 4.00649e-07 6.67748e-07 8.01298e-07 9.78296e-06
scan 390 50 44 1.78066e-05 0 8.90331e-06 5.34199e-07 5.34199e-07 5.34199e-07 8.90331e-07 1.0684e-06 1.30439e-05
scan 390 50 45 0 0 0 0 0 0 0 0 0
scan 390 50 46 0 0 0 0 0 0 0 0 0
scan 390 50 47 0 0 0 0 0 0 0 0 0
scan 390 50 48 4.45166e-06 0 4.45166e-06 1.3355e-07 1.3355e-07 1.3355e-07 2.22583e-07 2.67099e-07 3.26099e-06
scan 390 50 49 0 0 0 0 0 0 0 0 0
scan 390 50 50 0 0 0 0 0 0 0 0 0
scan 390 50 51 0 0 0 0 0 0 0 0 0
scan 390 50 52 0 0 0 0 0 0 0 0 0
scan 390 50 53 0 0 0 0 0 0 0 0 0
scan 390 50 54 0 0 0 0 0 0 0 0 0
scan 390 50 55 0 0 0 0 0 0 0 0 0
scan 390 50 56 8.90331e-06 0 6.29559e-06 2.67099e-07 2.67099e-07 2.67099e-07 4.45166e-07 5.34199e-07 6.52197e-06
scan 390 50 57 0 0 0 0 0 0 0 0 0
scan 390 50 58 4.45166e-06 0 4.45166e-06 1.3355e-07 1.3355e-07 1.3355e-07 2.22583e-07 2.67099e-07 3.26099e-06
scan 390 50 59 0 0 0 0 0 0 0 0 0
scan 390 50 60 0 0 0 0 0 0 0 0 0
scan 390 50 61 0 0 0 0 0 0 0 0 0
scan 390 50 62 0 0 0 0 0 0 0 0 0
scan 390 50 63 0 0 0 0 0 0 0 0 0
scan 390 50 64 0 0 0 0 0 0 0 0 0
scan 390 50 65 0 0 0 0 0 0 0 0 0
scan 390 50 66 0 0 0 0 0 0 0 0 0
scan 390 50 67 0 0 0 0 0 0 0 0 0
scan 390 50 68 0 0 0 0 0 0 0 0 0
scan 390 50 69 0 0 0 0 0 0 0 0 0
scan 390 50 70 0 0 0 0 0 0 0 0 0
scan 390 50 71 0 0 0 0 0 0 0 0 0
scan 390 50 72 0 0 0 0 0 0 0 0 0
scan 390 50 73 0 0 0 0 0 0 0 0 0
scan 390 50 74 0 0 0 0 0 0 0 0 0
scan 390 50 75 0 0 0 0 0 0 0 0 0
scan 390 50 76 0 0 0 0 0 0 0 0 0
scan 390 50 77 0 0 0 0 0 0 0 0 0
scan 390 50 78 0 0 0 0 0 0 0 0 0
scan 390 50 79 0 0 0 0 0 0 0 0 0
scan 390 50 80 0 0 0 0 0 0 0 0 0
scan 390 50 81 0 0 0 0 0 0 0 0 0
scan 390 50 82 0 0 0 0 0 0 0 0 0
scan 390 50 83 0 0 0 0 0 0 0 0 0
scan 390 50 84 0 0 0 0 0 0 0 0 0
scan 390 50 85 0 0 0 0 0 0 0 0 0
scan 390 50 86 0 0 0 0 0 0 0 0 0
scan 390 50 87 0 0 0 0 0 0 0 0 0
scan 390 50 88 0 0 0 0 0 0 0 0 0
scan 390 50 89 4.45166e-06 0 4.45166e-06 1.3355e-07 1.3355e-07 1.3355e-07 2.22583e-07 2.67099e-07 3.26099e-06
scan 390 50 90 2.22583e-05 0 9.9542e-06 6.67748e-07 6.67748e-07 6.67748e-07 1.11291e-06 1.3355e-06 1.63049e-05
scan 390 50 91 8.90331e-06 0 6.29559e-06 2.67099e-07 2.67099e-07 2.67099e-07 4.45166e-07 5.34199e-07 6.52197e-06
scan 390 50 92 1.3355e-05 0 7.71049e-06 4.00649e-07 4.00649e-07 4.00649e-07 6.67748e-07 8.01298e-07 9.78296e-06
scan 390 50 93 8.90331e-06 0 6.29559e-06 2.67099e-07 2.67099e-07 2.67099e-07 4.45166e-07 5.34199e-07 6.52197e-06
scan 390 50 94 8.90331e-06 0 6.29559e-06 2.67099e-07 2.67099e-07 2.67099e-07 4.45166e-07 5.34199e-07 6.52197e-06
scan 390 50 95 0 0 0 0 0 0 0 0 0
scan 390 50 96 0 0 0 0 0 0 0 0 0
scan 390 50 97 4.45166e-06 0 4.45166e-06 1.3355e-07 1.3355e-07 1.3355e-07 2.22583e-07 2.67099e-07 3.26099e-06
scan 390 50 98 0 0 0 0 0 0 0 0 0
scan 390 50 99 0 0 0 0 0 0 0 0 0
scan 390 50 100 0 0 0 0 0 0 0 0 0
scan 390 50 101 0 0 0 0 0 0 0 0 0
scan 390 50 102 1.3355e-05 0 7.71049e-06 4.00649e-07 4.00649e-07 4.00649e-07 6.67748e-07 8.01298e-07 9.78296e-06
scan 390 50 103 8.90331e-06 0 6.29559e-06 2.67099e-07 2.67099e-07 2.67099e-07 4.45166e-07 5.34199e-07 6.52197e-06
scan 390 50 104 8.90331e-06 0 6.29559e-06 2.67099e-07 2.67099e-07 2.67099e-07 4.45166e-07 5.34199e-07 6.52197e-06
scan 390 50 60 0 0 0 0 0 0 0 0 0
scan 390 50 61 0 0 0 0 0 0 0 0 0
scan 390 50 62 0 0 0 0 0 0 0 0 0
scan 390 50 63 0 0 0 0 0 0 0 0 0
scan 390 50 64 0 0 0 0 0 0 0 0 0
scan 390 50 65 0 0 0 0 0 0 0 0 0
scan 390 50 66 0 0 0 0 0 0 0 0 0
scan 390 50 67 0 0 0 0 0 0 0 0 0
scan 390 50 68 0 0 0 0 0 0 0 0 0
scan 390 50 69 0 0 0 0 0 0 0 0 0
scan 390 50 70 0 0 0 0 0 0 0 0 0
scan 390 50 71 0 0 0 0 0 0 0 0 0
scan 390 50 72 0 0 0 0 0 0 0 0 0
scan 390 50 73 0 0 0 0 0 0 0 0 0
scan 390 50 74 0 0 0 0 0 0 0 0 0
scan 390 50 120 0 0 0 0 0 0 0 0 0
scan 390 50 121 0 0 0 0 0 0 0 0 0
scan 390 50 122 0 0 0 0 0 0 0 0 0
scan 390 50 123 0 0 0 0 0 0 0 0 0
scan 390 50 124 0 0 0 0 0 0 0 0 0
scan 390 50 125 0 0 0 0 0 0 0 0 0
scan 390 50 126 0 0 0 0 0 0 0 0 0
scan 390 50 127 0 0 0 0 0 0 0 0 0
scan 390 50 128 0 0 0 0 0 0 0 0 0
scan 390 50 129 0 0 0 0 0 0 0 0 0
scan 390 50 130 0 0 0 0 0 0 0 0 0
scan 390 50 131 0 0 0 0 0 0 0 0 0
scan 390 50 132 0 0 0 0 0 0 0 0 0
scan 390 50 133 0 0 0 0 0 0 0 0 0
scan 390 50 134 0 0 0 0 0 0 0 0 0
scan 390 50 135 4.45166e-06 0 4.45166e-06 1.3355e-07 1.3355e-07 1.3355e-07 2.22583e-07 2.67099e-07 3.26099e-06
scan 390 50 136 8.90331e-06 0 6.29559e-06 2.67099e-07 2.67099e-07 2.67099e-07 4.45166e-07 5.34199e-07 6.52197e-06
scan 390 50 137 8.90331e-06 0 6.29559e-06 2.67099e-07 2.67099e-07 2.67099e-07 4.45166e-07 5.34199e-07 6.52197e-06
scan 390 50 138 4.45166e-06 0 4.45166e-06 1.3355e-07 1.3355e-07 1.3355e-07 2.22583e-07 2.67099e-07 3.26099e-06
scan 390 50 139 0 0 0 0 0 0 0 0 0
scan 390 50 140 0 0 0 0 0 0 0 0 0
scan 390 50 141 0 0 0 0 0 0 0 0 0
scan 390 50 142 4.45166e-06 0 4.45166e-06 1.3355e-07 1.3355e-07 1.3355e-07 2.22583e-07 2.67099e-07 3.26099e-06
scan 390 50 143 0 0 0 0 0 0 0 0 0
scan 390 50 144 4.45166e-06 0 4.45166e-06 1.3355e-07 1.3355e-07 1.3355e-07 2.22583e-07 2.67099e-07 3.26099e-06
scan 390 50 145 0 0 0 0 0 0 0 0 0
scan 390 50 146 4.45166e-06 0 4.45166e-06 1.3355e-07 1.3355e-07 1.3355e-07 2.22583e-07 2.67099e-07 3.26099e-06
scan 390 50 147 8.90331e-06 0 6.29559e-06 2.67099e-07 2.67099e-07 2.67099e-07 4.45166e-07 5.34199e-07 6.52197e-06
scan 390 50 148 1.3355e-05 0 7.71049e-06 4.00649e-07 4.00649e-07 4.00649e-07 6.67748e-07 8.01298e-07 9.78296e-06
scan 390 50 149 1.78066e-05 0 8.90331e-06 5.34199e-07 5.34199e-07 5.34199e-07 8.90331e-07 1.0684e-06 1.30439e-05
scan 390 50 60 0 0 0 0 0 0 0 0 0
scan 390 50 61 0 0 0 0 0 0 0 0 0
scan 390 50 62 0 0 0 0 0 0 0 0 0
scan 390 50 63 0 0 0 0 0 0 0 0 0
scan 390 50 64 0 0 0 0 0 0 0 0 0
scan 390 50 65 0 0 0 0 0 0 0 0 0
scan 390 50 66 0 0 0 0 0 0 0 0 0
scan 390 50 67 0 0 0 0 0 0 0 0 0
scan 390 50 68 0 0 0 0 0 0 0 0 0
scan 390 50 69 0 0 0 0 0 0 0 0 0
scan 390 50 70 0 0 0 0 0 0 0 0 0
scan 390 50 71 0 0 0 0 0 0 0 0 0
scan 390 50 72 0 0 0 0 0 0 0 0 0
scan 390 50 73 0 0 0 0 0 0 0 0 0
scan 390 50 74 0 0 0 0 0 0 0 0 0
scan 390 50 165 0 0 0 0 0 0 0 0 0
scan 390 50 166 4.45166e-06 0 4.45166e-06 1.3355e-07 1.3355e-07 1.3355e-07 2.22583e-07 2.67099e-07 3.26099e-06
scan 390 50 167 0 0 0 0 0 0 0 0 0
scan 390 50 168 0 0 0 0 0 0 0 0 0
scan 390 50 169 0 0 0 0 0 0 0 0 0
scan 390 50 170 0 0 0 0 0 0 0 0 0
scan 390 50 171 0 0 0 0 0 0 0 0 0
scan 390 50 172 0 0 0 0 0 0 0 0 0
scan 390 50 173 0 0 0 0 0 0 0 0 0
scan 390 50 174 0 0 0 0 0 0 0 0 0
scan 390 50 175 0 0 0 0 0 0 0 0 0
scan 390 50 176 0 0 0 0 0 0 0 0 0
scan 390 50 177 0 0 0 0 0 0 0 0 0
scan 390 50 178 0 0 0 0 0 0 0 0 0
scan 390 50 179 4.45166e-06 0 4.45166e-06 1.3355e-07 1.3355e-07 1.3355e-07 2.22583e-07 2.67099e-07 3.26099e-06
