xsec 410 0 0.0350132
scan 410 0 0 2.101e-05 0 8.57731e-06 6.30301e-07 6.30301e-07 6.30301e-07 1.0505e-06 1.2606e-06 1.54844e-05
scan 410 0 1 1.40067e-05 0 7.00335e-06 4.20201e-07 4.20201e-07 4.20201e-07 7.00335e-07 8.40401e-07 1.03229e-05
scan 410 0 2 1.0505e-05 0 6.06507e-06 3.15151e-07 3.15151e-07 3.15151e-07 5.25251e-07 6.30301e-07 7.74219e-06
scan 410 0 3 1.0505e-05 0 6.06507e-06 3.15151e-07 3.15151e-07 3.15151e-07 5.25251e-07 6.30301e-07 7.74219e-06
scan 410 0 4 3.50167e-06 0 3.50167e-06 1.0505e-07 1.0505e-07 1.0505e-07 1.75084e-07 2.101e-07 2.58073e-06
scan 410 0 5 7.00335e-06 0 4.95211e-06 2.101e-07 2.101e-07 2.101e-07 3.50167e-07 4.20201e-07 5.16146e-06
scan 410 0 6 3.50167e-06 0 3.50167e-06 1.0505e-07 1.0505e-07 1.0505e-07 1.75084e-07 2.101e-07 2.58073e-06
scan 410 0 7 0 0 0 0 0 0 0 0 0
scan 410 0 8 0 0 0 0 0 0 0 0 0
scan 410 0 9 3.50167e-06 0 3.50167e-06 1.0505e-07 1.0505e-07 1.0505e-07 1.75084e-07 2.101e-07 2.58073e-06
scan 410 0 10 0 0 0 0 0 0 0 0 0
scan 410 0 11 7.00335e-06 0 4.95211e-06 2.101e-07 2.101e-07 2.101e-07 3.50167e-07 4.20201e-07 5.16146e-06
scan 410 0 12 1.0505e-05 0 6.06507e-06 3.15151e-07 3.15151e-07 3.15151e-07 5.25251e-07 6.30301e-07 7.74219e-06
scan 410 0 13 2.101e-05 0 8.57731e-06 6.30301e-07 6.30301e-07 6.30301e-07 1.0505e-06 1.2606e-06 1.54844e-05
scan 410 0 14 4.90234e-05 0 1.31021e-05 1.4707e-06 1.4707e-06 1.4707e-06 2.45117e-06 2.94141e-06 3.61302e-05
scan 410 0 15 8.05385e-05 0 1.67934e-05 2.41615e-06 2.41615e-06 2.41615e-06 4.02692e-06 4.83231e-06 5.93568e-05
scan 410 0 16 0.000192592 0 2.59691e-05 5.77776e-06 5.77776e-06 5.77776e-06 9.6296e-06 1.15555e-05 0.00014194
scan 410 0 17 0.000227609 0 2.82314e-05 6.82826e-06 6.82826e-06 6.82826e-06 1.13804e-05 1.36565e-05 0.000167747
scan 410 0 18 0.0002101 0 2.71238e-05 6.30301e-06 6.30301e-06 6.30301e-06 1.0505e-05 1.2606e-05 0.000154844
scan 410 0 19 0.000304646 0 3.26614e-05 9.13937e-06 9.13937e-06 9.13937e-06 1.52323e-05 1.82787e-05 0.000224524
scan 410 0 20 1.40067e-05 0 7.00335e-06 4.20201e-07 4.20201e-07 4.20201e-07 7.00335e-07 8.40401e-07 1.03229e-05
scan 410 0 21 5.60268e-05 0 1.40067e-05 1.6808e-06 1.6808e-06 1.6808e-06 2.80134e-06 3.36161e-06 4.12917e-05
scan 410 0 22 9.80468e-05 0 1.85291e-05 2.94141e-06 2.94141e-06 2.94141e-06 4.90234e-06 5.88281e-06 7.22605e-05
scan 410 0 23 8.75418e-05 0 1.75084e-05 2.62625e-06 2.62625e-06 2.62625e-06 4.37709e-06 5.25251e-06 6.45183e-05
scan 410 0 24 0.000108552 0 1.94965e-05 3.25656e-06 3.25656e-06 3.25656e-06 5.42759e-06 6.51311e-06 8.00026e-05
scan 410 0 25 3.50167e-06 0 3.50167e-06 1.0505e-07 1.0505e-07 1.0505e-07 1.75084e-07 2.101e-07 2.58073e-06
scan 410 0 26 6.65318e-05 0 1.52634e-05 1.99595e-06 1.99595e-06 1.99595e-06 3.32659e-06 3.99191e-06 4.90339e-05
scan 410 0 27 0.000203097 0 2.66679e-05 6.09291e-06 6.09291e-06 6.09291e-06 1.01549e-05 1.21858e-05 0.000149682
scan 410 0 28 0.000329157 0 3.395e-05 9.87472e-06 9.87472e-06 9.87472e-06 1.64579e-05 1.97494e-05 0.000242589
scan 410 0 29 0.00103299 0 6.01432e-05 3.09898e-05 3.09898e-05 3.09898e-05 5.16497e-05 6.19796e-05 0.000761315
scan 410 0 30 3.50167e-06 0 3.50167e-06 1.0505e-07 1.0505e-07 1.0505e-07 1.75084e-07 2.101e-07 2.58073e-06
scan 410 0 31 1.0505e-05 0 6.06507e-06 3.15151e-07 3.15151e-07 3.15151e-07 5.25251e-07 6.30301e-07 7.74219e-06
scan 410 0 32 3.50167e-06 0 3.50167e-06 1.0505e-07 1.0505e-07 1.0505e-07 1.75084e-07 2.101e-07 2.58073e-06
scan 410 0 33 7.00335e-06 0 4.95211e-06 2.101e-07 2.101e-07 2.101e-07 3.50167e-07 4.20201e-07 5.16146e-06
scan 410 0 34 1.0505e-05 0 6.06507e-06 3.15151e-07 3.15151e-07 3.15151e-07 5.25251e-07 6.30301e-07 7.74219e-06
scan 410 0 35 0 0 0 0 0 0 0 0 0
scan 410 0 36 1.0505e-05 0 6.06507e-06 3.15151e-07 3.15151e-07 3.15151e-07 5.25251e-07 6.30301e-07 7.74219e-06
scan 410 0 37 0 0 0 0 0 0 0 0 0
scan 410 0 38 0 0 0 0 0 0 0 0 0
scan 410 0 39 0 0 0 0 0 0 0 0 0
scan 410 0 40 0 0 0 0 0 0 0 0 0
scan 410 0 41 3.50167e-06 0 3.50167e-06 1.0505e-07 1.0505e-07 1.0505e-07 1.75084e-07 2.101e-07 2.58073e-06
scan 410 0 42 3.50167e-06 0 3.50167e-06 1.0505e-07 1.0505e-07 1.0505e-07 1.75084e-07 2.101e-07 2.58073e-06
scan 410 0 43 1.40067e-05 0 7.00335e-06 4.20201e-07 4.20201e-07 4.20201e-07 7.00335e-07 8.40401e-07 1.03229e-05
scan 410 0 44 3.50167e-05 0 1.10733e-05 1.0505e-06 1.0505e-06 1.0505e-06 1.75084e-06 2.101e-06 2.58073e-05
scan 410 0 45 0 0 0 0 0 0 0 0 0
scan 410 0 46 3.50167e-06 0 3.50167e-06 1.0505e-07 1.0505e-07 1.0505e-07 1.75084e-07 2.101e-07 2.58073e-06
scan 410 0 47 7.00335e-06 0 4.95211e-06 2.101e-07 2.101e-07 2.101e-07 3.50167e-07 4.20201e-07 5.16146e-06
scan 410 0 48 3.50167e-06 0 3.50167e-06 1.0505e-07 1.0505e-07 1.0505e-07 1.75084e-07 2.101e-07 2.58073e-06
scan 410 0 49 0 0 0 0 0 0 0 0 0
scan 410 0 50 0 0 0 0 0 0 0 0 0
scan 410 0 51 0 0 0 0 0 0 0 0 0
scan 410 0 52 0 0 0 0 0 0 0 0 0
scan 410 0 53 0 0 0 0 0 0 0 0 0
scan 410 0 54 0 0 0 0 0 0 0 0 0
scan 410 0 55 0 0 0 0 0 0 0 0 0
scan 410 0 56 0 0 0 0 0 0 0 0 0
scan 410 0 57 0 0 0 0 0 0 0 0 0
scan 410 0 58 0 0 0 0 0 0 0 0 0
scan 410 0 59 3.50167e-06 0 3.50167e-06 1.0505e-07 1.0505e-07 1.0505e-07 1.75084e-07 2.101e-07 2.58073e-06
scan 410 0 60 0 0 0 0 0 0 0 0 0
scan 410 0 61 0 0 0 0 0 0 0 0 0
scan 410 0 62 0 0 0 0 0 0 0 0 0
scan 410 0 63 0 0 0 0 0 0 0 0 0
scan 410 0 64 0 0 0 0 0 0 0 0 0
scan 410 0 65 0 0 0 0 0 0 0 0 0
scan 410 0 66 0 0 0 0 0 0 0 0 0
scan 410 0 67 0 0 0 0 0 0 0 0 0
scan 410 0 68 0 0 0 0 0 0 0 0 0
scan 410 0 69 0 0 0 0 0 0 0 0 0
scan 410 0 70 0 0 0 0 0 0 0 0 0
scan 410 0 71 0 0 0 0 0 0 0 0 0
scan 410 0 72 0 0 0 0 0 0 0 0 0
scan 410 0 73 0 0 0 0 0 0 0 0 0
scan 410 0 74 0 0 0 0 0 0 0 0 0
scan 410 0 75 0 0 0 0 0 0 0 0 0
scan 410 0 76 0 0 0 0 0 0 0 0 0
scan 410 0 77 0 0 0 0 0 0 0 0 0
scan 410 0 78 0 0 0 0 0 0 0 0 0
scan 410 0 79 0 0 0 0 0 0 0 0 0
scan 410 0 80 0 0 0 0 0 0 0 0 0
scan 410 0 81 0 0 0 0 0 0 0 0 0
scan 410 0 82 0 0 0 0 0 0 0 0 0
scan 410 0 83 0 0 0 0 0 0 0 0 0
scan 410 0 84 0 0 0 0 0 0 0 0 0
scan 410 0 85 0 0 0 0 0 0 0 0 0
scan 410 0 86 0 0 0 0 0 0 0 0 0
scan 410 0 87 0 0 0 0 0 0 0 0 0
scan 410 0 88 0 0 0 0 0 0 0 0 0
scan 410 0 89 0 0 0 0 0 0 0 0 0
scan 410 0 90 3.50167e-06 0 3.50167e-06 1.0505e-07 1.0505e-07 1.0505e-07 1.75084e-07 2.101e-07 2.58073e-06
scan 410 0 91 1.40067e-05 0 7.00335e-06 4.20201e-07 4.20201e-07 4.20201e-07 7.00335e-07 8.40401e-07 1.03229e-05
scan 410 0 92 0 0 0 0 0 0 0 0 0
scan 410 0 93 0 0 0 0 0 0 0 0 0
scan 410 0 94 0 0 0 0 0 0 0 0 0
scan 410 0 95 0 0 0 0 0 0 0 0 0
scan 410 0 96 3.50167e-06 0 3.50167e-06 1.0505e-07 1.0505e-07 1.0505e-07 1.75084e-07 2.101e-07 2.58073e-06
scan 410 0 97 3.50167e-06 0 3.50167e-06 1.0505e-07 1.0505e-07 1.0505e-07 1.75084e-07 2.101e-07 2.58073e-06
scan 410 0 98 0 0 0 0 0 0 0 0 0
scan 410 0 99 3.50167e-06 0 3.50167e-06 1.0505e-07 1.0505e-07 1.0505e-07 1.75084e-07 2.101e-07 2.58073e-06
scan 410 0 100 0 0 0 0 0 0 0 0 0
scan 410 0 101 3.50167e-06 0 3.50167e-06 1.0505e-07 1.0505e-07 1.0505e-07 1.75084e-07 2.101e-07 2.58073e-06
scan 410 0 102 3.50167e-06 0 3.50167e-06 1.0505e-07 1.0505e-07 1.0505e-07 1.75084e-07 2.101e-07 2.58073e-06
scan 410 0 103 3.50167e-06 0 3.50167e-06 1.0505e-07 1.0505e-07 1.0505e-07 1.75084e-07 2.101e-07 2.58073e-06
scan 410 0 104 1.0505e-05 0 6.06507e-06 3.15151e-07 3.15151e-07 3.15151e-07 5.25251e-07 6.30301e-07 7.74219e-06
scan 410 0 60 0 0 0 0 0 0 0 0 0
scan 410 0 61 0 0 0 0 0 0 0 0 0
scan 410 0 62 0 0 0 0 0 0 0 0 0
scan 410 0 63 0 0 0 0 0 0 0 0 0
scan 410 0 64 0 0 0 0 0 0 0 0 0
scan 410 0 65 0 0 0 0 0 0 0 0 0
scan 410 0 66 0 0 0 0 0 0 0 0 0
scan 410 0 67 0 0 0 0 0 0 0 0 0
scan 410 0 68 0 0 0 0 0 0 0 0 0
scan 410 0 69 0 0 0 0 0 0 0 0 0
scan 410 0 70 0 0 0 0 0 0 0 0 0
scan 410 0 71 0 0 0 0 0 0 0 0 0
scan 410 0 72 0 0 0 0 0 0 0 0 0
scan 410 0 73 0 0 0 0 0 0 0 0 0
scan 410 0 74 0 0 0 0 0 0 0 0 0
scan 410 0 120 0 0 0 0 0 0 0 0 0
scan 410 0 121 0 0 0 0 0 0 0 0 0
scan 410 0 122 0 0 0 0 0 0 0 0 0
scan 410 0 123 0 0 0 0 0 0 0 0 0
scan 410 0 124 0 0 0 0 0 0 0 0 0
scan 410 0 125 0 0 0 0 0 0 0 0 0
scan 410 0 126 0 0 0 0 0 0 0 0 0
scan 410 0 127 0 0 0 0 0 0 0 0 0
scan 410 0 128 0 0 0 0 0 0 0 0 0
scan 410 0 129 0 0 0 0 0 0 0 0 0
scan 410 0 130 0 0 0 0 0 0 0 0 0
scan 410 0 131 0 0 0 0 0 0 0 0 0
scan 410 0 132 0 0 0 0 0 0 0 0 0
scan 410 0 133 0 0 0 0 0 0 0 0 0
scan 410 0 134 3.50167e-06 0 3.50167e-06 1.0505e-07 1.0505e-07 1.0505e-07 1.75084e-07 2.101e-07 2.58073e-06
scan 410 0 135 0 0 0 0 0 0 0 0 0
scan 410 0 136 3.50167e-06 0 3.50167e-06 1.0505e-07 1.0505e-07 1.0505e-07 1.75084e-07 2.101e-07 2.58073e-06
scan 410 0 137 3.50167e-06 0 3.50167e-06 1.0505e-07 1.0505e-07 1.0505e-07 1.75084e-07 2.101e-07 2.58073e-06
scan 410 0 138 0 0 0 0 0 0 0 0 0
scan 410 0 139 0 0 0 0 0 0 0 0 0
scan 410 0 140 0 0 0 0 0 0 0 0 0
scan 410 0 141 3.50167e-06 0 3.50167e-06 1.0505e-07 1.0505e-07 1.0505e-07 1.75084e-07 2.101e-07 2.58073e-06
scan 410 0 142 7.00335e-06 0 4.95211e-06 2.101e-07 2.101e-07 2.101e-07 3.50167e-07 4.20201e-07 5.16146e-06
scan 410 0 143 0 0 0 0 0 0 0 0 0
scan 410 0 144 7.00335e-06 0 4.95211e-06 2.101e-07 2.101e-07 2.101e-07 3.50167e-07 4.20201e-07 5.16146e-06
scan 410 0 145 0 0 0 0 0 0 0 0 0
scan 410 0 146 0 0 0 0 0 0 0 0 0
scan 410 0 147 7.00335e-06 0 4.95211e-06 2.101e-07 2.101e-07 2.101e-07 3.50167e-07 4.20201e-07 5.16146e-06
scan 410 0 148 1.0505e-05 0 6.06507e-06 3.15151e-07 3.15151e-07 3.15151e-07 5.25251e-07 6.30301e-07 7.74219e-06
scan 410 0 149 1.40067e-05 0 7.00335e-06 4.20201e-07 4.20201e-07 4.20201e-07 7.00335e-07 8.40401e-07 1.03229e-05
scan 410 0 60 0 0 0 0 0 0 0 0 0
scan 410 0 61 0 0 0 0 0 0 0 0 0
scan 410 0 62 0 0 0 0 0 0 0 0 0
scan 410 0 63 0 0 0 0 0 0 0 0 0
scan 410 0 64 0 0 0 0 0 0 0 0 0
scan 410 0 65 0 0 0 0 0 0 0 0 0
scan 410 0 66 0 0 0 0 0 0 0 0 0
scan 410 0 67 0 0 0 0 0 0 0 0 0
scan 410 0 68 0 0 0 0 0 0 0 0 0
scan 410 0 69 0 0 0 0 0 0 0 0 0
scan 410 0 70 0 0 0 0 0 0 0 0 0
scan 410 0 71 0 0 0 0 0 0 0 0 0
scan 410 0 72 0 0 0 0 0 0 0 0 0
scan 410 0 73 0 0 0 0 0 0 0 0 0
scan 410 0 74 0 0 0 0 0 0 0 0 0
scan 410 0 165 0 0 0 0 0 0 0 0 0
scan 410 0 166 0 0 0 0 0 0 0 0 0
scan 410 0 167 0 0 0 0 0 0 0 0 0
scan 410 0 168 0 0 0 0 0 0 0 0 0
scan 410 0 169 0 0 0 0 0 0 0 0 0
scan 410 0 170 0 0 0 0 0 0 0 0 0
scan 410 0 171 0 0 0 0 0 0 0 0 0
scan 410 0 172 0 0 0 0 0 0 0 0 0
scan 410 0 173 0 0 0 0 0 0 0 0 0
scan 410 0 174 0 0 0 0 0 0 0 0 0
scan 410 0 175 0 0 0 0 0 0 0 0 0
scan 410 0 176 0 0 0 0 0 0 0 0 0
scan 410 0 177 0 0 0 0 0 0 0 0 0
scan 410 0 178 0 0 0 0 0 0 0 0 0
scan 410 0 179 0 0 0 0 0 0 0 0 0
