xsec 250 50 0.317895
scan 250 50 0 0.000190775 0 7.78835e-05 5.72325e-06 5.72325e-06 5.72325e-06 9.53875e-06 1.14465e-05 0.000133255
scan 250 50 1 0.000190775 0 7.78835e-05 5.72325e-06 5.72325e-06 5.72325e-06 9.53875e-06 1.14465e-05 0.000133255
scan 250 50 2 9.53875e-05 0 5.5072e-05 2.86162e-06 2.86162e-06 2.86162e-06 4.76937e-06 5.72325e-06 6.66273e-05
scan 250 50 3 6.35916e-05 0 4.49661e-05 1.90775e-06 1.90775e-06 1.90775e-06 3.17958e-06 3.8155e-06 4.44182e-05
scan 250 50 4 3.17958e-05 0 3.17958e-05 9.53875e-07 9.53875e-07 9.53875e-07 1.58979e-06 1.90775e-06 2.22091e-05
scan 250 50 5 3.17958e-05 0 3.17958e-05 9.53875e-07 9.53875e-07 9.53875e-07 1.58979e-06 1.90775e-06 2.22091e-05
scan 250 50 6 3.17958e-05 0 3.17958e-05 9.53875e-07 9.53875e-07 9.53875e-07 1.58979e-06 1.90775e-06 2.22091e-05
scan 250 50 7 3.17958e-05 0 3.17958e-05 9.53875e-07 9.53875e-07 9.53875e-07 1.58979e-06 1.90775e-06 2.22091e-05
scan 250 50 8 3.17958e-05 0 3.17958e-05 9.53875e-07 9.53875e-07 9.53875e-07 1.58979e-06 1.90775e-06 2.22091e-05
scan 250 50 9 0 0 0 0 0 0 0 0 0
scan 250 50 10 0 0 0 0 0 0 0 0 0
scan 250 50 11 3.17958e-05 0 3.17958e-05 9.53875e-07 9.53875e-07 9.53875e-07 1.58979e-06 1.90775e-06 2.22091e-05
scan 250 50 12 6.35916e-05 0 4.49661e-05 1.90775e-06 1.90775e-06 1.90775e-06 3.17958e-06 3.8155e-06 4.44182e-05
scan 250 50 13 0 0 0 0 0 0 0 0 0
scan 250 50 14 0.000127183 0 6.35916e-05 3.8155e-06 3.8155e-06 3.8155e-06 6.35916e-06 7.631e-06 8.88364e-05
scan 250 50 15 0.00276624 0 0.000296572 8.29871e-05 8.29871e-05 8.29871e-05 0.000138312 0.000165974 0.00193219
scan 250 50 16 0.0045786 0 0.00038155 0.000137358 0.000137358 0.000137358 0.00022893 0.000274716 0.00319811
scan 250 50 17 0.00372011 0 0.000343924 0.000111603 0.000111603 0.000111603 0.000186006 0.000223207 0.00259847
scan 250 50 18 0.00213032 0 0.00026026 6.39096e-05 6.39096e-05 6.39096e-05 0.000106516 0.000127819 0.00148801
scan 250 50 19 0.00206673 0 0.000256346 6.20018e-05 6.20018e-05 6.20018e-05 0.000103336 0.000124004 0.00144359
scan 250 50 20 0.000127183 0 6.35916e-05 3.8155e-06 3.8155e-06 3.8155e-06 6.35916e-06 7.631e-06 8.88364e-05
scan 250 50 21 0.001558 0 0.000222571 4.67399e-05 4.67399e-05 4.67399e-05 7.78998e-05 9.34797e-05 0.00108825
scan 250 50 22 0.0014944 0 0.000217981 4.48321e-05 4.48321e-05 4.48321e-05 7.47202e-05 8.96642e-05 0.00104383
scan 250 50 23 0.0007631 0 0.000155767 2.2893e-05 2.2893e-05 2.2893e-05 3.8155e-05 4.5786e-05 0.000533019
scan 250 50 24 0.000572325 0 0.000134898 1.71697e-05 1.71697e-05 1.71697e-05 2.86162e-05 3.43395e-05 0.000399764
scan 250 50 25 3.17958e-05 0 3.17958e-05 9.53875e-07 9.53875e-07 9.53875e-07 1.58979e-06 1.90775e-06 2.22091e-05
scan 250 50 26 0.000826691 0 0.000162127 2.48007e-05 2.48007e-05 2.48007e-05 4.13346e-05 4.96015e-05 0.000577437
scan 250 50 27 0.00263905 0 0.000289674 7.91716e-05 7.91716e-05 7.91716e-05 0.000131953 0.000158343 0.00184336
scan 250 50 28 0.00206673 0 0.000256346 6.20018e-05 6.20018e-05 6.20018e-05 0.000103336 0.000124004 0.00144359
scan 250 50 29 0.00158979 0 0.00022483 4.76937e-05 4.76937e-05 4.76937e-05 7.94895e-05 9.53875e-05 0.00111046
scan 250 50 30 0.000127183 0 6.35916e-05 3.8155e-06 3.8155e-06 3.8155e-06 6.35916e-06 7.631e-06 8.88364e-05
scan 250 50 31 6.35916e-05 0 4.49661e-05 1.90775e-06 1.90775e-06 1.90775e-06 3.17958e-06 3.8155e-06 4.44182e-05
scan 250 50 32 0.000158979 0 7.10976e-05 4.76937e-06 4.76937e-06 4.76937e-06 7.94895e-06 9.53875e-06 0.000111046
scan 250 50 33 3.17958e-05 0 3.17958e-05 9.53875e-07 9.53875e-07 9.53875e-07 1.58979e-06 1.90775e-06 2.22091e-05
scan 250 50 34 0 0 0 0 0 0 0 0 0
scan 250 50 35 0 0 0 0 0 0 0 0 0
scan 250 50 36 0 0 0 0 0 0 0 0 0
scan 250 50 37 0 0 0 0 0 0 0 0 0
scan 250 50 38 0 0 0 0 0 0 0 0 0
scan 250 50 39 0 0 0 0 0 0 0 0 0
scan 250 50 40 0 0 0 0 0 0 0 0 0
scan 250 50 41 0 0 0 0 0 0 0 0 0
scan 250 50 42 0.000127183 0 6.35916e-05 3.8155e-06 3.8155e-06 3.8155e-06 6.35916e-06 7.631e-06 8.88364e-05
scan 250 50 43 6.35916e-05 0 4.49661e-05 1.90775e-06 1.90775e-06 1.90775e-06 3.17958e-06 3.8155e-06 4.44182e-05
scan 250 50 44 6.35916e-05 0 4.49661e-05 1.90775e-06 1.90775e-06 1.90775e-06 3.17958e-06 3.8155e-06 4.44182e-05
scan 250 50 45 0 0 0 0 0 0 0 0 0
scan 250 50 46 3.17958e-05 0 3.17958e-05 9.53875e-07 9.53875e-07 9.53875e-07 1.58979e-06 1.90775e-06 2.22091e-05
scan 250 50 47 3.17958e-05 0 3.17958e-05 9.53875e-07 9.53875e-07 9.53875e-07 1.58979e-06 1.90775e-06 2.22091e-05
scan 250 50 48 0 0 0 0 0 0 0 0 0
scan 250 50 49 0 0 0 0 0 0 0 0 0
scan 250 50 50 0 0 0 0 0 0 0 0 0
scan 250 50 51 0 0 0 0 0 0 0 0 0
scan 250 50 52 3.17958e-05 0 3.17958e-05 9.53875e-07 9.53875e-07 9.53875e-07 1.58979e-06 1.90775e-06 2.22091e-05
scan 250 50 53 0 0 0 0 0 0 0 0 0
scan 250 50 54 0 0 0 0 0 0 0 0 0
scan 250 50 55 0 0 0 0 0 0 0 0 0
scan 250 50 56 0 0 0 0 0 0 0 0 0
scan 250 50 57 0 0 0 0 0 0 0 0 0
scan 250 50 58 0 0 0 0 0 0 0 0 0
scan 250 50 59 0 0 0 0 0 0 0 0 0
scan 250 50 60 0 0 0 0 0 0 0 0 0
scan 250 50 61 0 0 0 0 0 0 0 0 0
scan 250 50 62 0 0 0 0 0 0 0 0 0
scan 250 50 63 0 0 0 0 0 0 0 0 0
scan 250 50 64 0 0 0 0 0 0 0 0 0
scan 250 50 65 0 0 0 0 0 0 0 0 0
scan 250 50 66 0 0 0 0 0 0 0 0 0
scan 250 50 67 0 0 0 0 0 0 0 0 0
scan 250 50 68 0 0 0 0 0 0 0 0 0
scan 250 50 69 0 0 0 0 0 0 0 0 0
scan 250 50 70 0 0 0 0 0 0 0 0 0
scan 250 50 71 0 0 0 0 0 0 0 0 0
scan 250 50 72 0 0 0 0 0 0 0 0 0
scan 250 50 73 0 0 0 0 0 0 0 0 0
scan 250 50 74 0 0 0 0 0 0 0 0 0
scan 250 50 75 0 0 0 0 0 0 0 0 0
scan 250 50 76 0 0 0 0 0 0 0 0 0
scan 250 50 77 0 0 0 0 0 0 0 0 0
scan 250 50 78 0 0 0 0 0 0 0 0 0
scan 250 50 79 0 0 0 0 0 0 0 0 0
scan 250 50 80 0 0 0 0 0 0 0 0 0
scan 250 50 81 0 0 0 0 0 0 0 0 0
scan 250 50 82 0 0 0 0 0 0 0 0 0
scan 250 50 83 0 0 0 0 0 0 0 0 0
scan 250 50 84 0 0 0 0 0 0 0 0 0
scan 250 50 85 0 0 0 0 0 0 0 0 0
scan 250 50 86 0 0 0 0 0 0 0 0 0
scan 250 50 87 0 0 0 0 0 0 0 0 0
scan 250 50 88 0 0 0 0 0 0 0 0 0
scan 250 50 89 0 0 0 0 0 0 0 0 0
scan 250 50 90 0 0 0 0 0 0 0 0 0
scan 250 50 91 0.000222571 0 8.41238e-05 6.67712e-06 6.67712e-06 6.67712e-06 1.11285e-05 1.33542e-05 0.000155464
scan 250 50 92 9.53875e-05 0 5.5072e-05 2.86162e-06 2.86162e-06 2.86162e-06 4.76937e-06 5.72325e-06 6.66273e-05
scan 250 50 93 6.35916e-05 0 4.49661e-05 1.90775e-06 1.90775e-06 1.90775e-06 3.17958e-06 3.8155e-06 4.44182e-05
scan 250 50 94 0 0 0 0 0 0 0 0 0
scan 250 50 95 0 0 0 0 0 0 0 0 0
scan 250 50 96 6.35916e-05 0 4.49661e-05 1.90775e-06 1.90775e-06 1.90775e-06 3.17958e-06 3.8155e-06 4.44182e-05
scan 250 50 97 0 0 0 0 0 0 0 0 0
scan 250 50 98 3.17958e-05 0 3.17958e-05 9.53875e-07 9.53875e-07 9.53875e-07 1.58979e-06 1.90775e-06 2.22091e-05
scan 250 50 99 0 0 0 0 0 0 0 0 0
scan 250 50 100 0 0 0 0 0 0 0 0 0
scan 250 50 101 3.17958e-05 0 3.17958e-05 9.53875e-07 9.53875e-07 9.53875e-07 1.58979e-06 1.90775e-06 2.22091e-05
scan 250 50 102 9.53875e-05 0 5.5072e-05 2.86162e-06 2.86162e-06 2.86162e-06 4.76937e-06 5.72325e-06 6.66273e-05
scan 250 50 103 3.17958e-05 0 3.17958e-05 9.53875e-07 9.53875e-07 9.53875e-07 1.58979e-06 1.90775e-06 2.22091e-05
scan 250 50 104 0 0 0 0 0 0 0 0 0
scan 250 50 60 0 0 0 0 0 0 0 0 0
scan 250 50 61 0 0 0 0 0 0 0 0 0
scan 250 50 62 0 0 0 0 0 0 0 0 0
scan 250 50 63 0 0 0 0 0 0 0 0 0
scan 250 50 64 0 0 0 0 0 0 0 0 0
scan 250 50 65 0 0 0 0 0 0 0 0 0
scan 250 50 66 0 0 0 0 0 0 0 0 0
scan 250 50 67 0 0 0 0 0 0 0 0 0
scan 250 50 68 0 0 0 0 0 0 0 0 0
scan 250 50 69 0 0 0 0 0 0 0 0 0
scan 250 50 70 0 0 0 0 0 0 0 0 0
scan 250 50 71 0 0 0 0 0 0 0 0 0
scan 250 50 72 0 0 0 0 0 0 0 0 0
scan 250 50 73 0 0 0 0 0 0 0 0 0
scan 250 50 74 0 0 0 0 0 0 0 0 0
scan 250 50 120 0 0 0 0 0 0 0 0 0
scan 250 50 121 0 0 0 0 0 0 0 0 0
scan 250 50 122 0 0 0 0 0 0 0 0 0
scan 250 50 123 0 0 0 0 0 0 0 0 0
scan 250 50 124 0 0 0 0 0 0 0 0 0
scan 250 50 125 0 0 0 0 0 0 0 0 0
scan 250 50 126 0 0 0 0 0 0 0 0 0
scan 250 50 127 3.17958e-05 0 3.17958e-05 9.53875e-07 9.53875e-07 9.53875e-07 1.58979e-06 1.90775e-06 2.22091e-05
scan 250 50 128 0 0 0 0 0 0 0 0 0
scan 250 50 129 0 0 0 0 0 0 0 0 0
scan 250 50 130 0 0 0 0 0 0 0 0 0
scan 250 50 131 0 0 0 0 0 0 0 0 0
scan 250 50 132 0 0 0 0 0 0 0 0 0
scan 250 50 133 0 0 0 0 0 0 0 0 0
scan 250 50 134 0 0 0 0 0 0 0 0 0
scan 250 50 135 6.35916e-05 0 4.49661e-05 1.90775e-06 1.90775e-06 1.90775e-06 3.17958e-06 3.8155e-06 4.44182e-05
scan 250 50 136 0.000127183 0 6.35916e-05 3.8155e-06 3.8155e-06 3.8155e-06 6.35916e-06 7.631e-06 8.88364e-05
scan 250 50 137 0 0 0 0 0 0 0 0 0
scan 250 50 138 3.17958e-05 0 3.17958e-05 9.53875e-07 9.53875e-07 9.53875e-07 1.58979e-06 1.90775e-06 2.22091e-05
scan 250 50 139 0 0 0 0 0 0 0 0 0
scan 250 50 140 0 0 0 0 0 0 0 0 0
scan 250 50 141 6.35916e-05 0 4.49661e-05 1.90775e-06 1.90775e-06 1.90775e-06 3.17958e-06 3.8155e-06 4.44182e-05
scan 250 50 142 3.17958e-05 0 3.17958e-05 9.53875e-07 9.53875e-07 9.53875e-07 1.58979e-06 1.90775e-06 2.22091e-05
scan 250 50 143 0 0 0 0 0 0 0 0 0
scan 250 50 144 3.17958e-05 0 3.17958e-05 9.53875e-07 9.53875e-07 9.53875e-07 1.58979e-06 1.90775e-06 2.22091e-05
scan 250 50 145 0 0 0 0 0 0 0 0 0
scan 250 50 146 0 0 0 0 0 0 0 0 0
scan 250 50 147 3.17958e-05 0 3.17958e-05 9.53875e-07 9.53875e-07 9.53875e-07 1.58979e-06 1.90775e-06 2.22091e-05
scan 250 50 148 0 0 0 0 0 0 0 0 0
scan 250 50 149 3.17958e-05 0 3.17958e-05 9.53875e-07 9.53875e-07 9.53875e-07 1.58979e-06 1.90775e-06 2.22091e-05
scan 250 50 60 0 0 0 0 0 0 0 0 0
scan 250 50 61 0 0 0 0 0 0 0 0 0
scan 250 50 62 0 0 0 0 0 0 0 0 0
scan 250 50 63 0 0 0 0 0 0 0 0 0
scan 250 50 64 0 0 0 0 0 0 0 0 0
scan 250 50 65 0 0 0 0 0 0 0 0 0
scan 250 50 66 0 0 0 0 0 0 0 0 0
scan 250 50 67 0 0 0 0 0 0 0 0 0
scan 250 50 68 0 0 0 0 0 0 0 0 0
scan 250 50 69 0 0 0 0 0 0 0 0 0
scan 250 50 70 0 0 0 0 0 0 0 0 0
scan 250 50 71 0 0 0 0 0 0 0 0 0
scan 250 50 72 0 0 0 0 0 0 0 0 0
scan 250 50 73 0 0 0 0 0 0 0 0 0
scan 250 50 74 0 0 0 0 0 0 0 0 0
scan 250 50 165 0 0 0 0 0 0 0 0 0
scan 250 50 166 3.17958e-05 0 3.17958e-05 9.53875e-07 9.53875e-07 9.53875e-07 1.58979e-06 1.90775e-06 2.22091e-05
scan 250 50 167 0 0 0 0 0 0 0 0 0
scan 250 50 168 0 0 0 0 0 0 0 0 0
scan 250 50 169 3.17958e-05 0 3.17958e-05 9.53875e-07 9.53875e-07 9.53875e-07 1.58979e-06 1.90775e-06 2.22091e-05
scan 250 50 170 0 0 0 0 0 0 0 0 0
scan 250 50 171 0 0 0 0 0 0 0 0 0
scan 250 50 172 0 0 0 0 0 0 0 0 0
scan 250 50 173 0 0 0 0 0 0 0 0 0
scan 250 50 174 0 0 0 0 0 0 0 0 0
scan 250 50 175 0 0 0 0 0 0 0 0 0
scan 250 50 176 0 0 0 0 0 0 0 0 0
scan 250 50 177 0 0 0 0 0 0 0 0 0
scan 250 50 178 0 0 0 0 0 0 0 0 0
scan 250 50 179 0 0 0 0 0 0 0 0 0
