xsec 230 90 0.446796
scan 230 90 0 0.000268104 0 0.000109453 8.04313e-06 8.04313e-06 8.04313e-06 1.34052e-05 1.60863e-05 0.00018546
scan 230 90 1 0.000312789 0 0.000118223 9.38366e-06 9.38366e-06 9.38366e-06 1.56394e-05 1.87673e-05 0.00021637
scan 230 90 2 0.000178736 0 8.93682e-05 5.36209e-06 5.36209e-06 5.36209e-06 8.93682e-06 1.07242e-05 0.00012364
scan 230 90 3 0.000134052 0 7.73951e-05 4.02157e-06 4.02157e-06 4.02157e-06 6.70261e-06 8.04313e-06 9.27301e-05
scan 230 90 4 4.46841e-05 0 4.46841e-05 1.34052e-06 1.34052e-06 1.34052e-06 2.2342e-06 2.68104e-06 3.091e-05
scan 230 90 5 4.46841e-05 0 4.46841e-05 1.34052e-06 1.34052e-06 1.34052e-06 2.2342e-06 2.68104e-06 3.091e-05
scan 230 90 6 0.000134052 0 7.73951e-05 4.02157e-06 4.02157e-06 4.02157e-06 6.70261e-06 8.04313e-06 9.27301e-05
scan 230 90 7 0.000134052 0 7.73951e-05 4.02157e-06 4.02157e-06 4.02157e-06 6.70261e-06 8.04313e-06 9.27301e-05
scan 230 90 8 0 0 0 0 0 0 0 0 0
scan 230 90 9 0 0 0 0 0 0 0 0 0
scan 230 90 10 0 0 0 0 0 0 0 0 0
scan 230 90 11 4.46841e-05 0 4.46841e-05 1.34052e-06 1.34052e-06 1.34052e-06 2.2342e-06 2.68104e-06 3.091e-05
scan 230 90 12 0.000178736 0 8.93682e-05 5.36209e-06 5.36209e-06 5.36209e-06 8.93682e-06 1.07242e-05 0.00012364
scan 230 90 13 4.46841e-05 0 4.46841e-05 1.34052e-06 1.34052e-06 1.34052e-06 2.2342e-06 2.68104e-06 3.091e-05
scan 230 90 14 4.46841e-05 0 4.46841e-05 1.34052e-06 1.34052e-06 1.34052e-06 2.2342e-06 2.68104e-06 3.091e-05
scan 230 90 15 0.00612172 0 0.000523014 0.000183652 0.000183652 0.000183652 0.000306086 0.000367303 0.00423468
scan 230 90 16 0.00889213 0 0.000630346 0.000266764 0.000266764 0.000266764 0.000444607 0.000533528 0.0061511
scan 230 90 17 0.00487056 0 0.000466515 0.000146117 0.000146117 0.000146117 0.000243528 0.000292234 0.00336919
scan 230 90 18 0.00218952 0 0.000312789 6.56856e-05 6.56856e-05 6.56856e-05 0.000109476 0.000131371 0.00151459
scan 230 90 19 0.00107242 0 0.000218906 3.21725e-05 3.21725e-05 3.21725e-05 5.36209e-05 6.43451e-05 0.000741841
scan 230 90 20 0.000268104 0 0.000109453 8.04313e-06 8.04313e-06 8.04313e-06 1.34052e-05 1.60863e-05 0.00018546
scan 230 90 21 0.0028151 0 0.000354669 8.44529e-05 8.44529e-05 8.44529e-05 0.000140755 0.000168906 0.00194733
scan 230 90 22 0.00142989 0 0.000252771 4.28967e-05 4.28967e-05 4.28967e-05 7.14945e-05 8.57934e-05 0.000989121
scan 230 90 23 0.000804313 0 0.000189578 2.41294e-05 2.41294e-05 2.41294e-05 4.02157e-05 4.82588e-05 0.000556381
scan 230 90 24 0.000357473 0 0.000126386 1.07242e-05 1.07242e-05 1.07242e-05 1.78736e-05 2.14484e-05 0.00024728
scan 230 90 25 0 0 0 0 0 0 0 0 0
scan 230 90 26 0.00151926 0 0.000260551 4.55778e-05 4.55778e-05 4.55778e-05 7.59629e-05 9.11555e-05 0.00105094
scan 230 90 27 0.00344067 0 0.000392101 0.00010322 0.00010322 0.00010322 0.000172034 0.00020644 0.00238007
scan 230 90 28 0.000714945 0 0.000178736 2.14484e-05 2.14484e-05 2.14484e-05 3.57473e-05 4.28967e-05 0.000494561
scan 230 90 29 0.000268104 0 0.000109453 8.04313e-06 8.04313e-06 8.04313e-06 1.34052e-05 1.60863e-05 0.00018546
scan 230 90 30 0.000134052 0 7.73951e-05 4.02157e-06 4.02157e-06 4.02157e-06 6.70261e-06 8.04313e-06 9.27301e-05
scan 230 90 31 0.00022342 0 9.99166e-05 6.70261e-06 6.70261e-06 6.70261e-06 1.1171e-05 1.34052e-05 0.00015455
scan 230 90 32 8.93682e-05 0 6.31928e-05 2.68104e-06 2.68104e-06 2.68104e-06 4.46841e-06 5.36209e-06 6.18201e-05
scan 230 90 33 0 0 0 0 0 0 0 0 0
scan 230 90 34 4.46841e-05 0 4.46841e-05 1.34052e-06 1.34052e-06 1.34052e-06 2.2342e-06 2.68104e-06 3.091e-05
scan 230 90 35 4.46841e-05 0 4.46841e-05 1.34052e-06 1.34052e-06 1.34052e-06 2.2342e-06 2.68104e-06 3.091e-05
scan 230 90 36 8.93682e-05 0 6.31928e-05 2.68104e-06 2.68104e-06 2.68104e-06 4.46841e-06 5.36209e-06 6.18201e-05
scan 230 90 37 4.46841e-05 0 4.46841e-05 1.34052e-06 1.34052e-06 1.34052e-06 2.2342e-06 2.68104e-06 3.091e-05
scan 230 90 38 0 0 0 0 0 0 0 0 0
scan 230 90 39 0 0 0 0 0 0 0 0 0
scan 230 90 40 0 0 0 0 0 0 0 0 0
scan 230 90 41 4.46841e-05 0 4.46841e-05 1.34052e-06 1.34052e-06 1.34052e-06 2.2342e-06 2.68104e-06 3.091e-05
scan 230 90 42 0 0 0 0 0 0 0 0 0
scan 230 90 43 4.46841e-05 0 4.46841e-05 1.34052e-06 1.34052e-06 1.34052e-06 2.2342e-06 2.68104e-06 3.091e-05
scan 230 90 44 0 0 0 0 0 0 0 0 0
scan 230 90 45 4.46841e-05 0 4.46841e-05 1.34052e-06 1.34052e-06 1.34052e-06 2.2342e-06 2.68104e-06 3.091e-05
scan 230 90 46 0 0 0 0 0 0 0 0 0
scan 230 90 47 4.46841e-05 0 4.46841e-05 1.34052e-06 1.34052e-06 1.34052e-06 2.2342e-06 2.68104e-06 3.091e-05
scan 230 90 48 0 0 0 0 0 0 0 0 0
scan 230 90 49 0 0 0 0 0 0 0 0 0
scan 230 90 50 0 0 0 0 0 0 0 0 0
scan 230 90 51 4.46841e-05 0 4.46841e-05 1.34052e-06 1.34052e-06 1.34052e-06 2.2342e-06 2.68104e-06 3.091e-05
scan 230 90 52 0 0 0 0 0 0 0 0 0
scan 230 90 53 0 0 0 0 0 0 0 0 0
scan 230 90 54 0 0 0 0 0 0 0 0 0
scan 230 90 55 0 0 0 0 0 0 0 0 0
scan 230 90 56 0 0 0 0 0 0 0 0 0
scan 230 90 57 0 0 0 0 0 0 0 0 0
scan 230 90 58 0 0 0 0 0 0 0 0 0
scan 230 90 59 0 0 0 0 0 0 0 0 0
scan 230 90 60 0 0 0 0 0 0 0 0 0
scan 230 90 61 0 0 0 0 0 0 0 0 0
scan 230 90 62 0 0 0 0 0 0 0 0 0
scan 230 90 63 0 0 0 0 0 0 0 0 0
scan 230 90 64 0 0 0 0 0 0 0 0 0
scan 230 90 65 0 0 0 0 0 0 0 0 0
scan 230 90 66 0 0 0 0 0 0 0 0 0
scan 230 90 67 0 0 0 0 0 0 0 0 0
scan 230 90 68 0 0 0 0 0 0 0 0 0
scan 230 90 69 0 0 0 0 0 0 0 0 0
scan 230 90 70 0 0 0 0 0 0 0 0 0
scan 230 90 71 0 0 0 0 0 0 0 0 0
scan 230 90 72 0 0 0 0 0 0 0 0 0
scan 230 90 73 0 0 0 0 0 0 0 0 0
scan 230 90 74 0 0 0 0 0 0 0 0 0
scan 230 90 75 0 0 0 0 0 0 0 0 0
scan 230 90 76 0 0 0 0 0 0 0 0 0
scan 230 90 77 0 0 0 0 0 0 0 0 0
scan 230 90 78 0 0 0 0 0 0 0 0 0
scan 230 90 79 0 0 0 0 0 0 0 0 0
scan 230 90 80 0 0 0 0 0 0 0 0 0
scan 230 90 81 0 0 0 0 0 0 0 0 0
scan 230 90 82 0 0 0 0 0 0 0 0 0
scan 230 90 83 0 0 0 0 0 0 0 0 0
scan 230 90 84 0 0 0 0 0 0 0 0 0
scan 230 90 85 0 0 0 0 0 0 0 0 0
scan 230 90 86 0 0 0 0 0 0 0 0 0
scan 230 90 87 0 0 0 0 0 0 0 0 0
scan 230 90 88 0 0 0 0 0 0 0 0 0
scan 230 90 89 0 0 0 0 0 0 0 0 0
scan 230 90 90 0.000178736 0 8.93682e-05 5.36209e-06 5.36209e-06 5.36209e-06 8.93682e-06 1.07242e-05 0.00012364
scan 230 90 91 0.000178736 0 8.93682e-05 5.36209e-06 5.36209e-06 5.36209e-06 8.93682e-06 1.07242e-05 0.00012364
scan 230 90 92 0 0 0 0 0 0 0 0 0
scan 230 90 93 0 0 0 0 0 0 0 0 0
scan 230 90 94 0 0 0 0 0 0 0 0 0
scan 230 90 95 0 0 0 0 0 0 0 0 0
scan 230 90 96 0 0 0 0 0 0 0 0 0
scan 230 90 97 0 0 0 0 0 0 0 0 0
scan 230 90 98 0 0 0 0 0 0 0 0 0
scan 230 90 99 4.46841e-05 0 4.46841e-05 1.34052e-06 1.34052e-06 1.34052e-06 2.2342e-06 2.68104e-06 3.091e-05
scan 230 90 100 4.46841e-05 0 4.46841e-05 1.34052e-06 1.34052e-06 1.34052e-06 2.2342e-06 2.68104e-06 3.091e-05
scan 230 90 101 4.46841e-05 0 4.46841e-05 1.34052e-06 1.34052e-06 1.34052e-06 2.2342e-06 2.68104e-06 3.091e-05
scan 230 90 102 4.46841e-05 0 4.46841e-05 1.34052e-06 1.34052e-06 1.34052e-06 2.2342e-06 2.68104e-06 3.091e-05
scan 230 90 103 0 0 0 0 0 0 0 0 0
scan 230 90 104 4.46841e-05 0 4.46841e-05 1.34052e-06 1.34052e-06 1.34052e-06 2.2342e-06 2.68104e-06 3.091e-05
scan 230 90 60 0 0 0 0 0 0 0 0 0
scan 230 90 61 0 0 0 0 0 0 0 0 0
scan 230 90 62 0 0 0 0 0 0 0 0 0
scan 230 90 63 0 0 0 0 0 0 0 0 0
scan 230 90 64 0 0 0 0 0 0 0 0 0
scan 230 90 65 0 0 0 0 0 0 0 0 0
scan 230 90 66 0 0 0 0 0 0 0 0 0
scan 230 90 67 0 0 0 0 0 0 0 0 0
scan 230 90 68 0 0 0 0 0 0 0 0 0
scan 230 90 69 0 0 0 0 0 0 0 0 0
scan 230 90 70 0 0 0 0 0 0 0 0 0
scan 230 90 71 0 0 0 0 0 0 0 0 0
scan 230 90 72 0 0 0 0 0 0 0 0 0
scan 230 90 73 0 0 0 0 0 0 0 0 0
scan 230 90 74 0 0 0 0 0 0 0 0 0
scan 230 90 120 0 0 0 0 0 0 0 0 0
scan 230 90 121 0 0 0 0 0 0 0 0 0
scan 230 90 122 0 0 0 0 0 0 0 0 0
scan 230 90 123 0 0 0 0 0 0 0 0 0
scan 230 90 124 0 0 0 0 0 0 0 0 0
scan 230 90 125 0 0 0 0 0 0 0 0 0
scan 230 90 126 0 0 0 0 0 0 0 0 0
scan 230 90 127 0 0 0 0 0 0 0 0 0
scan 230 90 128 0 0 0 0 0 0 0 0 0
scan 230 90 129 0 0 0 0 0 0 0 0 0
scan 230 90 130 0 0 0 0 0 0 0 0 0
scan 230 90 131 0 0 0 0 0 0 0 0 0
scan 230 90 132 0 0 0 0 0 0 0 0 0
scan 230 90 133 0 0 0 0 0 0 0 0 0
scan 230 90 134 0 0 0 0 0 0 0 0 0
scan 230 90 135 8.93682e-05 0 6.31928e-05 2.68104e-06 2.68104e-06 2.68104e-06 4.46841e-06 5.36209e-06 6.18201e-05
scan 230 90 136 8.93682e-05 0 6.31928e-05 2.68104e-06 2.68104e-06 2.68104e-06 4.46841e-06 5.36209e-06 6.18201e-05
scan 230 90 137 0.000134052 0 7.73951e-05 4.02157e-06 4.02157e-06 4.02157e-06 6.70261e-06 8.04313e-06 9.27301e-05
scan 230 90 138 4.46841e-05 0 4.46841e-05 1.34052e-06 1.34052e-06 1.34052e-06 2.2342e-06 2.68104e-06 3.091e-05
scan 230 90 139 4.46841e-05 0 4.46841e-05 1.34052e-06 1.34052e-06 1.34052e-06 2.2342e-06 2.68104e-06 3.091e-05
scan 230 90 140 0 0 0 0 0 0 0 0 0
scan 230 90 141 0 0 0 0 0 0 0 0 0
scan 230 90 142 4.46841e-05 0 4.46841e-05 1.34052e-06 1.34052e-06 1.34052e-06 2.2342e-06 2.68104e-06 3.091e-05
scan 230 90 143 4.46841e-05 0 4.46841e-05 1.34052e-06 1.34052e-06 1.34052e-06 2.2342e-06 2.68104e-06 3.091e-05
scan 230 90 144 0 0 0 0 0 0 0 0 0
scan 230 90 145 0 0 0 0 0 0 0 0 0
scan 230 90 146 0 0 0 0 0 0 0 0 0
scan 230 90 147 0 0 0 0 0 0 0 0 0
scan 230 90 148 0 0 0 0 0 0 0 0 0
scan 230 90 149 0 0 0 0 0 0 0 0 0
scan 230 90 60 0 0 0 0 0 0 0 0 0
scan 230 90 61 0 0 0 0 0 0 0 0 0
scan 230 90 62 0 0 0 0 0 0 0 0 0
scan 230 90 63 0 0 0 0 0 0 0 0 0
scan 230 90 64 0 0 0 0 0 0 0 0 0
scan 230 90 65 0 0 0 0 0 0 0 0 0
scan 230 90 66 0 0 0 0 0 0 0 0 0
scan 230 90 67 0 0 0 0 0 0 0 0 0
scan 230 90 68 0 0 0 0 0 0 0 0 0
scan 230 90 69 0 0 0 0 0 0 0 0 0
scan 230 90 70 0 0 0 0 0 0 0 0 0
scan 230 90 71 0 0 0 0 0 0 0 0 0
scan 230 90 72 0 0 0 0 0 0 0 0 0
scan 230 90 73 0 0 0 0 0 0 0 0 0
scan 230 90 74 0 0 0 0 0 0 0 0 0
scan 230 90 165 0 0 0 0 0 0 0 0 0
scan 230 90 166 0 0 0 0 0 0 0 0 0
scan 230 90 167 4.46841e-05 0 4.46841e-05 1.34052e-06 1.34052e-06 1.34052e-06 2.2342e-06 2.68104e-06 3.091e-05
scan 230 90 168 0 0 0 0 0 0 0 0 0
scan 230 90 169 0 0 0 0 0 0 0 0 0
scan 230 90 170 0 0 0 0 0 0 0 0 0
scan 230 90 171 0 0 0 0 0 0 0 0 0
scan 230 90 172 0 0 0 0 0 0 0 0 0
scan 230 90 173 0 0 0 0 0 0 0 0 0
scan 230 90 174 0 0 0 0 0 0 0 0 0
scan 230 90 175 0 0 0 0 0 0 0 0 0
scan 230 90 176 0 0 0 0 0 0 0 0 0
scan 230 90 177 0 0 0 0 0 0 0 0 0
scan 230 90 178 0 0 0 0 0 0 0 0 0
scan 230 90 179 0 0 0 0 0 0 0 0 0
