xsec 420 170 0.0311379
scan 420 170 0 1.24552e-05 0 6.22759e-06 3.73655e-07 3.73655e-07 3.73655e-07 6.22759e-07 7.47311e-07 9.20172e-06
scan 420 170 1 1.24552e-05 0 6.22759e-06 3.73655e-07 3.73655e-07 3.73655e-07 6.22759e-07 7.47311e-07 9.20172e-06
scan 420 170 2 1.5569e-05 0 6.96265e-06 4.67069e-07 4.67069e-07 4.67069e-07 7.78448e-07 9.34138e-07 1.15022e-05
scan 420 170 3 3.11379e-06 0 3.11379e-06 9.34138e-08 9.34138e-08 9.34138e-08 1.5569e-07 1.86828e-07 2.30043e-06
scan 420 170 4 1.5569e-05 0 6.96265e-06 4.67069e-07 4.67069e-07 4.67069e-07 7.78448e-07 9.34138e-07 1.15022e-05
scan 420 170 5 0 0 0 0 0 0 0 0 0
scan 420 170 6 6.22759e-06 0 4.40357e-06 1.86828e-07 1.86828e-07 1.86828e-07 3.11379e-07 3.73655e-07 4.60086e-06
scan 420 170 7 3.11379e-06 0 3.11379e-06 9.34138e-08 9.34138e-08 9.34138e-08 1.5569e-07 1.86828e-07 2.30043e-06
scan 420 170 8 0 0 0 0 0 0 0 0 0
scan 420 170 9 0 0 0 0 0 0 0 0 0
scan 420 170 10 0 0 0 0 0 0 0 0 0
scan 420 170 11 3.11379e-06 0 3.11379e-06 9.34138e-08 9.34138e-08 9.34138e-08 1.5569e-07 1.86828e-07 2.30043e-06
scan 420 170 12 1.86828e-05 0 7.62721e-06 5.60483e-07 5.60483e-07 5.60483e-07 9.34138e-07 1.12097e-06 1.38026e-05
scan 420 170 13 9.34138e-06 0 5.39325e-06 2.80241e-07 2.80241e-07 2.80241e-07 4.67069e-07 5.60483e-07 6.90129e-06
scan 420 170 14 2.17966e-05 0 8.23832e-06 6.53897e-07 6.53897e-07 6.53897e-07 1.08983e-06 1.30779e-06 1.6103e-05
scan 420 170 15 0.000102755 0 1.78874e-05 3.08266e-06 3.08266e-06 3.08266e-06 5.13776e-06 6.16531e-06 7.59142e-05
scan 420 170 16 0.000267786 0 2.88761e-05 8.03359e-06 8.03359e-06 8.03359e-06 1.33893e-05 1.60672e-05 0.000197837
scan 420 170 17 0.000242876 0 2.75003e-05 7.28628e-06 7.28628e-06 7.28628e-06 1.21438e-05 1.45726e-05 0.000179434
scan 420 170 18 0.000161917 0 2.24539e-05 4.85752e-06 4.85752e-06 4.85752e-06 8.09586e-06 9.71504e-06 0.000119622
scan 420 170 19 0.000298924 0 3.05088e-05 8.96773e-06 8.96773e-06 8.96773e-06 1.49462e-05 1.79355e-05 0.000220841
scan 420 170 20 1.86828e-05 0 7.62721e-06 5.60483e-07 5.60483e-07 5.60483e-07 9.34138e-07 1.12097e-06 1.38026e-05
scan 420 170 21 9.65276e-05 0 1.73369e-05 2.89583e-06 2.89583e-06 2.89583e-06 4.82638e-06 5.79166e-06 7.13134e-05
scan 420 170 22 8.71862e-05 0 1.64766e-05 2.61559e-06 2.61559e-06 2.61559e-06 4.35931e-06 5.23117e-06 6.44121e-05
scan 420 170 23 0.000108983 0 1.84215e-05 3.26948e-06 3.26948e-06 3.26948e-06 5.44914e-06 6.53897e-06 8.05151e-05
scan 420 170 24 9.34138e-05 0 1.7055e-05 2.80241e-06 2.80241e-06 2.80241e-06 4.67069e-06 5.60483e-06 6.90129e-05
scan 420 170 25 9.34138e-06 0 5.39325e-06 2.80241e-07 2.80241e-07 2.80241e-07 4.67069e-07 5.60483e-07 6.90129e-06
scan 420 170 26 9.65276e-05 0 1.73369e-05 2.89583e-06 2.89583e-06 2.89583e-06 4.82638e-06 5.79166e-06 7.13134e-05
scan 420 170 27 0.000186828 0 2.41193e-05 5.60483e-06 5.60483e-06 5.60483e-06 9.34138e-06 1.12097e-05 0.000138026
scan 420 170 28 0.000286469 0 2.98665e-05 8.59407e-06 8.59407e-06 8.59407e-06 1.43235e-05 1.71881e-05 0.00021164
scan 420 170 29 0.000694376 0 4.64989e-05 2.08313e-05 2.08313e-05 2.08313e-05 3.47188e-05 4.16626e-05 0.000512996
scan 420 170 30 3.11379e-06 0 3.11379e-06 9.34138e-08 9.34138e-08 9.34138e-08 1.5569e-07 1.86828e-07 2.30043e-06
scan 420 170 31 1.5569e-05 0 6.96265e-06 4.67069e-07 4.67069e-07 4.67069e-07 7.78448e-07 9.34138e-07 1.15022e-05
scan 420 170 32 6.22759e-06 0 4.40357e-06 1.86828e-07 1.86828e-07 1.86828e-07 3.11379e-07 3.73655e-07 4.60086e-06
scan 420 170 33 9.34138e-06 0 5.39325e-06 2.80241e-07 2.80241e-07 2.80241e-07 4.67069e-07 5.60483e-07 6.90129e-06
scan 420 170 34 0 0 0 0 0 0 0 0 0
scan 420 170 35 0 0 0 0 0 0 0 0 0
scan 420 170 36 6.22759e-06 0 4.40357e-06 1.86828e-07 1.86828e-07 1.86828e-07 3.11379e-07 3.73655e-07 4.60086e-06
scan 420 170 37 0 0 0 0 0 0 0 0 0
scan 420 170 38 3.11379e-06 0 3.11379e-06 9.34138e-08 9.34138e-08 9.34138e-08 1.5569e-07 1.86828e-07 2.30043e-06
scan 420 170 39 6.22759e-06 0 4.40357e-06 1.86828e-07 1.86828e-07 1.86828e-07 3.11379e-07 3.73655e-07 4.60086e-06
scan 420 170 40 0 0 0 0 0 0 0 0 0
scan 420 170 41 0 0 0 0 0 0 0 0 0
scan 420 170 42 6.22759e-06 0 4.40357e-06 1.86828e-07 1.86828e-07 1.86828e-07 3.11379e-07 3.73655e-07 4.60086e-06
scan 420 170 43 3.11379e-06 0 3.11379e-06 9.34138e-08 9.34138e-08 9.34138e-08 1.5569e-07 1.86828e-07 2.30043e-06
scan 420 170 44 6.22759e-06 0 4.40357e-06 1.86828e-07 1.86828e-07 1.86828e-07 3.11379e-07 3.73655e-07 4.60086e-06
scan 420 170 45 6.22759e-06 0 4.40357e-06 1.86828e-07 1.86828e-07 1.86828e-07 3.11379e-07 3.73655e-07 4.60086e-06
scan 420 170 46 6.22759e-06 0 4.40357e-06 1.86828e-07 1.86828e-07 1.86828e-07 3.11379e-07 3.73655e-07 4.60086e-06
scan 420 170 47 0 0 0 0 0 0 0 0 0
scan 420 170 48 0 0 0 0 0 0 0 0 0
scan 420 170 49 0 0 0 0 0 0 0 0 0
scan 420 170 50 0 0 0 0 0 0 0 0 0
scan 420 170 51 0 0 0 0 0 0 0 0 0
scan 420 170 52 0 0 0 0 0 0 0 0 0
scan 420 170 53 0 0 0 0 0 0 0 0 0
scan 420 170 54 0 0 0 0 0 0 0 0 0
scan 420 170 55 0 0 0 0 0 0 0 0 0
scan 420 170 56 0 0 0 0 0 0 0 0 0
scan 420 170 57 3.11379e-06 0 3.11379e-06 9.34138e-08 9.34138e-08 9.34138e-08 1.5569e-07 1.86828e-07 2.30043e-06
scan 420 170 58 3.11379e-06 0 3.11379e-06 9.34138e-08 9.34138e-08 9.34138e-08 1.5569e-07 1.86828e-07 2.30043e-06
scan 420 170 59 0 0 0 0 0 0 0 0 0
scan 420 170 60 0 0 0 0 0 0 0 0 0
scan 420 170 61 0 0 0 0 0 0 0 0 0
scan 420 170 62 0 0 0 0 0 0 0 0 0
scan 420 170 63 0 0 0 0 0 0 0 0 0
scan 420 170 64 0 0 0 0 0 0 0 0 0
scan 420 170 65 0 0 0 0 0 0 0 0 0
scan 420 170 66 0 0 0 0 0 0 0 0 0
scan 420 170 67 0 0 0 0 0 0 0 0 0
scan 420 170 68 0 0 0 0 0 0 0 0 0
scan 420 170 69 0 0 0 0 0 0 0 0 0
scan 420 170 70 0 0 0 0 0 0 0 0 0
scan 420 170 71 0 0 0 0 0 0 0 0 0
scan 420 170 72 0 0 0 0 0 0 0 0 0
scan 420 170 73 0 0 0 0 0 0 0 0 0
scan 420 170 74 0 0 0 0 0 0 0 0 0
scan 420 170 75 0 0 0 0 0 0 0 0 0
scan 420 170 76 0 0 0 0 0 0 0 0 0
scan 420 170 77 3.11379e-06 0 3.11379e-06 9.34138e-08 9.34138e-08 9.34138e-08 1.5569e-07 1.86828e-07 2.30043e-06
scan 420 170 78 0 0 0 0 0 0 0 0 0
scan 420 170 79 0 0 0 0 0 0 0 0 0
scan 420 170 80 0 0 0 0 0 0 0 0 0
scan 420 170 81 0 0 0 0 0 0 0 0 0
scan 420 170 82 0 0 0 0 0 0 0 0 0
scan 420 170 83 0 0 0 0 0 0 0 0 0
scan 420 170 84 0 0 0 0 0 0 0 0 0
scan 420 170 85 0 0 0 0 0 0 0 0 0
scan 420 170 86 0 0 0 0 0 0 0 0 0
scan 420 170 87 0 0 0 0 0 0 0 0 0
scan 420 170 88 3.11379e-06 0 3.11379e-06 9.34138e-08 9.34138e-08 9.34138e-08 1.5569e-07 1.86828e-07 2.30043e-06
scan 420 170 89 6.22759e-06 0 4.40357e-06 1.86828e-07 1.86828e-07 1.86828e-07 3.11379e-07 3.73655e-07 4.60086e-06
scan 420 170 90 6.22759e-06 0 4.40357e-06 1.86828e-07 1.86828e-07 1.86828e-07 3.11379e-07 3.73655e-07 4.60086e-06
scan 420 170 91 1.24552e-05 0 6.22759e-06 3.73655e-07 3.73655e-07 3.73655e-07 6.22759e-07 7.47311e-07 9.20172e-06
scan 420 170 92 1.86828e-05 0 7.62721e-06 5.60483e-07 5.60483e-07 5.60483e-07 9.34138e-07 1.12097e-06 1.38026e-05
scan 420 170 93 0 0 0 0 0 0 0 0 0
scan 420 170 94 0 0 0 0 0 0 0 0 0
scan 420 170 95 0 0 0 0 0 0 0 0 0
scan 420 170 96 0 0 0 0 0 0 0 0 0
scan 420 170 97 6.22759e-06 0 4.40357e-06 1.86828e-07 1.86828e-07 1.86828e-07 3.11379e-07 3.73655e-07 4.60086e-06
scan 420 170 98 3.11379e-06 0 3.11379e-06 9.34138e-08 9.34138e-08 9.34138e-08 1.5569e-07 1.86828e-07 2.30043e-06
scan 420 170 99 3.11379e-06 0 3.11379e-06 9.34138e-08 9.34138e-08 9.34138e-08 1.5569e-07 1.86828e-07 2.30043e-06
scan 420 170 100 0 0 0 0 0 0 0 0 0
scan 420 170 101 0 0 0 0 0 0 0 0 0
scan 420 170 102 9.34138e-06 0 5.39325e-06 2.80241e-07 2.80241e-07 2.80241e-07 4.67069e-07 5.60483e-07 6.90129e-06
scan 420 170 103 3.11379e-06 0 3.11379e-06 9.34138e-08 9.34138e-08 9.34138e-08 1.5569e-07 1.86828e-07 2.30043e-06
scan 420 170 104 0 0 0 0 0 0 0 0 0
scan 420 170 60 0 0 0 0 0 0 0 0 0
scan 420 170 61 0 0 0 0 0 0 0 0 0
scan 420 170 62 0 0 0 0 0 0 0 0 0
scan 420 170 63 0 0 0 0 0 0 0 0 0
scan 420 170 64 0 0 0 0 0 0 0 0 0
scan 420 170 65 0 0 0 0 0 0 0 0 0
scan 420 170 66 0 0 0 0 0 0 0 0 0
scan 420 170 67 0 0 0 0 0 0 0 0 0
scan 420 170 68 0 0 0 0 0 0 0 0 0
scan 420 170 69 0 0 0 0 0 0 0 0 0
scan 420 170 70 0 0 0 0 0 0 0 0 0
scan 420 170 71 0 0 0 0 0 0 0 0 0
scan 420 170 72 0 0 0 0 0 0 0 0 0
scan 420 170 73 0 0 0 0 0 0 0 0 0
scan 420 170 74 0 0 0 0 0 0 0 0 0
scan 420 170 120 0 0 0 0 0 0 0 0 0
scan 420 170 121 0 0 0 0 0 0 0 0 0
scan 420 170 122 0 0 0 0 0 0 0 0 0
scan 420 170 123 0 0 0 0 0 0 0 0 0
scan 420 170 124 0 0 0 0 0 0 0 0 0
scan 420 170 125 0 0 0 0 0 0 0 0 0
scan 420 170 126 0 0 0 0 0 0 0 0 0
scan 420 170 127 0 0 0 0 0 0 0 0 0
scan 420 170 128 0 0 0 0 0 0 0 0 0
scan 420 170 129 0 0 0 0 0 0 0 0 0
scan 420 170 130 0 0 0 0 0 0 0 0 0
scan 420 170 131 0 0 0 0 0 0 0 0 0
scan 420 170 132 3.11379e-06 0 3.11379e-06 9.34138e-08 9.34138e-08 9.34138e-08 1.5569e-07 1.86828e-07 2.30043e-06
scan 420 170 133 0 0 0 0 0 0 0 0 0
scan 420 170 134 3.11379e-06 0 3.11379e-06 9.34138e-08 9.34138e-08 9.34138e-08 1.5569e-07 1.86828e-07 2.30043e-06
scan 420 170 135 0 0 0 0 0 0 0 0 0
scan 420 170 136 1.86828e-05 0 7.62721e-06 5.60483e-07 5.60483e-07 5.60483e-07 9.34138e-07 1.12097e-06 1.38026e-05
scan 420 170 137 3.11379e-06 0 3.11379e-06 9.34138e-08 9.34138e-08 9.34138e-08 1.5569e-07 1.86828e-07 2.30043e-06
scan 420 170 138 0 0 0 0 0 0 0 0 0
scan 420 170 139 0 0 0 0 0 0 0 0 0
scan 420 170 140 0 0 0 0 0 0 0 0 0
scan 420 170 141 0 0 0 0 0 0 0 0 0
scan 420 170 142 0 0 0 0 0 0 0 0 0
scan 420 170 143 0 0 0 0 0 0 0 0 0
scan 420 170 144 0 0 0 0 0 0 0 0 0
scan 420 170 145 0 0 0 0 0 0 0 0 0
scan 420 170 146 3.11379e-06 0 3.11379e-06 9.34138e-08 9.34138e-08 9.34138e-08 1.5569e-07 1.86828e-07 2.30043e-06
scan 420 170 147 9.34138e-06 0 5.39325e-06 2.80241e-07 2.80241e-07 2.80241e-07 4.67069e-07 5.60483e-07 6.90129e-06
scan 420 170 148 9.34138e-06 0 5.39325e-06 2.80241e-07 2.80241e-07 2.80241e-07 4.67069e-07 5.60483e-07 6.90129e-06
scan 420 170 149 3.11379e-06 0 3.11379e-06 9.34138e-08 9.34138e-08 9.34138e-08 1.5569e-07 1.86828e-07 2.30043e-06
scan 420 170 60 0 0 0 0 0 0 0 0 0
scan 420 170 61 0 0 0 0 0 0 0 0 0
scan 420 170 62 0 0 0 0 0 0 0 0 0
scan 420 170 63 0 0 0 0 0 0 0 0 0
scan 420 170 64 0 0 0 0 0 0 0 0 0
scan 420 170 65 0 0 0 0 0 0 0 0 0
scan 420 170 66 0 0 0 0 0 0 0 0 0
scan 420 170 67 0 0 0 0 0 0 0 0 0
scan 420 170 68 0 0 0 0 0 0 0 0 0
scan 420 170 69 0 0 0 0 0 0 0 0 0
scan 420 170 70 0 0 0 0 0 0 0 0 0
scan 420 170 71 0 0 0 0 0 0 0 0 0
scan 420 170 72 0 0 0 0 0 0 0 0 0
scan 420 170 73 0 0 0 0 0 0 0 0 0
scan 420 170 74 0 0 0 0 0 0 0 0 0
scan 420 170 165 3.11379e-06 0 3.11379e-06 9.34138e-08 9.34138e-08 9.34138e-08 1.5569e-07 1.86828e-07 2.30043e-06
scan 420 170 166 0 0 0 0 0 0 0 0 0
scan 420 170 167 0 0 0 0 0 0 0 0 0
scan 420 170 168 0 0 0 0 0 0 0 0 0
scan 420 170 169 0 0 0 0 0 0 0 0 0
scan 420 170 170 0 0 0 0 0 0 0 0 0
scan 420 170 171 0 0 0 0 0 0 0 0 0
scan 420 170 172 0 0 0 0 0 0 0 0 0
scan 420 170 173 0 0 0 0 0 0 0 0 0
scan 420 170 174 0 0 0 0 0 0 0 0 0
scan 420 170 175 0 0 0 0 0 0 0 0 0
scan 420 170 176 0 0 0 0 0 0 0 0 0
scan 420 170 177 0 0 0 0 0 0 0 0 0
scan 420 170 178 0 0 0 0 0 0 0 0 0
scan 420 170 179 0 0 0 0 0 0 0 0 0
