xsec 370 130 0.0576486
scan 370 130 0 0 0 0 0 0 0 0 0 0
scan 370 130 1 1.15309e-05 0 8.15356e-06 3.45926e-07 3.45926e-07 3.45926e-07 5.76543e-07 6.91852e-07 8.40243e-06
scan 370 130 2 2.30617e-05 0 1.15309e-05 6.91852e-07 6.91852e-07 6.91852e-07 1.15309e-06 1.3837e-06 1.68049e-05
scan 370 130 3 1.72963e-05 0 9.98603e-06 5.18889e-07 5.18889e-07 5.18889e-07 8.64815e-07 1.03778e-06 1.26036e-05
scan 370 130 4 1.15309e-05 0 8.15356e-06 3.45926e-07 3.45926e-07 3.45926e-07 5.76543e-07 6.91852e-07 8.40243e-06
scan 370 130 5 5.76543e-06 0 5.76543e-06 1.72963e-07 1.72963e-07 1.72963e-07 2.88272e-07 3.45926e-07 4.20121e-06
scan 370 130 6 5.76543e-06 0 5.76543e-06 1.72963e-07 1.72963e-07 1.72963e-07 2.88272e-07 3.45926e-07 4.20121e-06
scan 370 130 7 1.72963e-05 0 9.98603e-06 5.18889e-07 5.18889e-07 5.18889e-07 8.64815e-07 1.03778e-06 1.26036e-05
scan 370 130 8 5.76543e-06 0 5.76543e-06 1.72963e-07 1.72963e-07 1.72963e-07 2.88272e-07 3.45926e-07 4.20121e-06
scan 370 130 9 5.76543e-06 0 5.76543e-06 1.72963e-07 1.72963e-07 1.72963e-07 2.88272e-07 3.45926e-07 4.20121e-06
scan 370 130 10 0 0 0 0 0 0 0 0 0
scan 370 130 11 0 0 0 0 0 0 0 0 0
scan 370 130 12 2.88272e-05 0 1.28919e-05 8.64815e-07 8.64815e-07 8.64815e-07 1.44136e-06 1.72963e-06 2.10061e-05
scan 370 130 13 2.88272e-05 0 1.28919e-05 8.64815e-07 8.64815e-07 8.64815e-07 1.44136e-06 1.72963e-06 2.10061e-05
scan 370 130 14 3.45926e-05 0 1.41224e-05 1.03778e-06 1.03778e-06 1.03778e-06 1.72963e-06 2.07556e-06 2.52073e-05
scan 370 130 15 0.000282506 0 4.0358e-05 8.47519e-06 8.47519e-06 8.47519e-06 1.41253e-05 1.69504e-05 0.000205859
scan 370 130 16 0.00053042 0 5.53001e-05 1.59126e-05 1.59126e-05 1.59126e-05 2.6521e-05 3.18252e-05 0.000386512
scan 370 130 17 0.000501593 0 5.37764e-05 1.50478e-05 1.50478e-05 1.50478e-05 2.50796e-05 3.00956e-05 0.000365506
scan 370 130 18 0.000311333 0 4.23671e-05 9.34e-06 9.34e-06 9.34e-06 1.55667e-05 1.868e-05 0.000226865
scan 370 130 19 0.000386284 0 4.71921e-05 1.15885e-05 1.15885e-05 1.15885e-05 1.93142e-05 2.3177e-05 0.000281481
scan 370 130 20 3.45926e-05 0 1.41224e-05 1.03778e-06 1.03778e-06 1.03778e-06 1.72963e-06 2.07556e-06 2.52073e-05
scan 370 130 21 0.00012684 0 2.70423e-05 3.80519e-06 3.80519e-06 3.80519e-06 6.34198e-06 7.61037e-06 9.24267e-05
scan 370 130 22 0.000213321 0 3.50698e-05 6.39963e-06 6.39963e-06 6.39963e-06 1.06661e-05 1.27993e-05 0.000155445
scan 370 130 23 0.000149901 0 2.93981e-05 4.49704e-06 4.49704e-06 4.49704e-06 7.49506e-06 8.99408e-06 0.000109232
scan 370 130 24 0.00013837 0 2.82447e-05 4.15111e-06 4.15111e-06 4.15111e-06 6.91852e-06 8.30223e-06 0.000100829
scan 370 130 25 1.72963e-05 0 9.98603e-06 5.18889e-07 5.18889e-07 5.18889e-07 8.64815e-07 1.03778e-06 1.26036e-05
scan 370 130 26 0.000207556 0 3.45926e-05 6.22667e-06 6.22667e-06 6.22667e-06 1.03778e-05 1.24533e-05 0.000151244
scan 370 130 27 0.000426642 0 4.95961e-05 1.27993e-05 1.27993e-05 1.27993e-05 2.13321e-05 2.55985e-05 0.00031089
scan 370 130 28 0.000634198 0 6.04684e-05 1.90259e-05 1.90259e-05 1.90259e-05 3.17099e-05 3.80519e-05 0.000462133
scan 370 130 29 0.000945531 0 7.38336e-05 2.83659e-05 2.83659e-05 2.83659e-05 4.72766e-05 5.67319e-05 0.000688999
scan 370 130 30 1.72963e-05 0 9.98603e-06 5.18889e-07 5.18889e-07 5.18889e-07 8.64815e-07 1.03778e-06 1.26036e-05
scan 370 130 31 2.30617e-05 0 1.15309e-05 6.91852e-07 6.91852e-07 6.91852e-07 1.15309e-06 1.3837e-06 1.68049e-05
scan 370 130 32 5.76543e-06 0 5.76543e-06 1.72963e-07 1.72963e-07 1.72963e-07 2.88272e-07 3.45926e-07 4.20121e-06
scan 370 130 33 5.76543e-06 0 5.76543e-06 1.72963e-07 1.72963e-07 1.72963e-07 2.88272e-07 3.45926e-07 4.20121e-06
scan 370 130 34 5.76543e-06 0 5.76543e-06 1.72963e-07 1.72963e-07 1.72963e-07 2.88272e-07 3.45926e-07 4.20121e-06
scan 370 130 35 5.76543e-06 0 5.76543e-06 1.72963e-07 1.72963e-07 1.72963e-07 2.88272e-07 3.45926e-07 4.20121e-06
scan 370 130 36 5.76543e-06 0 5.76543e-06 1.72963e-07 1.72963e-07 1.72963e-07 2.88272e-07 3.45926e-07 4.20121e-06
scan 370 130 37 5.76543e-06 0 5.76543e-06 1.72963e-07 1.72963e-07 1.72963e-07 2.88272e-07 3.45926e-07 4.20121e-06
scan 370 130 38 0 0 0 0 0 0 0 0 0
scan 370 130 39 0 0 0 0 0 0 0 0 0
scan 370 130 40 0 0 0 0 0 0 0 0 0
scan 370 130 41 2.30617e-05 0 1.15309e-05 6.91852e-07 6.91852e-07 6.91852e-07 1.15309e-06 1.3837e-06 1.68049e-05
scan 370 130 42 5.76543e-06 0 5.76543e-06 1.72963e-07 1.72963e-07 1.72963e-07 2.88272e-07 3.45926e-07 4.20121e-06
scan 370 130 43 1.15309e-05 0 8.15356e-06 3.45926e-07 3.45926e-07 3.45926e-07 5.76543e-07 6.91852e-07 8.40243e-06
scan 370 130 44 1.72963e-05 0 9.98603e-06 5.18889e-07 5.18889e-07 5.18889e-07 8.64815e-07 1.03778e-06 1.26036e-05
scan 370 130 45 0 0 0 0 0 0 0 0 0
scan 370 130 46 1.72963e-05 0 9.98603e-06 5.18889e-07 5.18889e-07 5.18889e-07 8.64815e-07 1.03778e-06 1.26036e-05
scan 370 130 47 5.76543e-06 0 5.76543e-06 1.72963e-07 1.72963e-07 1.72963e-07 2.88272e-07 3.45926e-07 4.20121e-06
scan 370 130 48 0 0 0 0 0 0 0 0 0
scan 370 130 49 5.76543e-06 0 5.76543e-06 1.72963e-07 1.72963e-07 1.72963e-07 2.88272e-07 3.45926e-07 4.20121e-06
scan 370 130 50 0 0 0 0 0 0 0 0 0
scan 370 130 51 5.76543e-06 0 5.76543e-06 1.72963e-07 1.72963e-07 1.72963e-07 2.88272e-07 3.45926e-07 4.20121e-06
scan 370 130 52 0 0 0 0 0 0 0 0 0
scan 370 130 53 0 0 0 0 0 0 0 0 0
scan 370 130 54 0 0 0 0 0 0 0 0 0
scan 370 130 55 0 0 0 0 0 0 0 0 0
scan 370 130 56 0 0 0 0 0 0 0 0 0
scan 370 130 57 5.76543e-06 0 5.76543e-06 1.72963e-07 1.72963e-07 1.72963e-07 2.88272e-07 3.45926e-07 4.20121e-06
scan 370 130 58 0 0 0 0 0 0 0 0 0
scan 370 130 59 5.76543e-06 0 5.76543e-06 1.72963e-07 1.72963e-07 1.72963e-07 2.88272e-07 3.45926e-07 4.20121e-06
scan 370 130 60 0 0 0 0 0 0 0 0 0
scan 370 130 61 0 0 0 0 0 0 0 0 0
scan 370 130 62 0 0 0 0 0 0 0 0 0
scan 370 130 63 0 0 0 0 0 0 0 0 0
scan 370 130 64 0 0 0 0 0 0 0 0 0
scan 370 130 65 0 0 0 0 0 0 0 0 0
scan 370 130 66 0 0 0 0 0 0 0 0 0
scan 370 130 67 0 0 0 0 0 0 0 0 0
scan 370 130 68 0 0 0 0 0 0 0 0 0
scan 370 130 69 0 0 0 0 0 0 0 0 0
scan 370 130 70 0 0 0 0 0 0 0 0 0
scan 370 130 71 0 0 0 0 0 0 0 0 0
scan 370 130 72 0 0 0 0 0 0 0 0 0
scan 370 130 73 0 0 0 0 0 0 0 0 0
scan 370 130 74 0 0 0 0 0 0 0 0 0
scan 370 130 75 0 0 0 0 0 0 0 0 0
scan 370 130 76 0 0 0 0 0 0 0 0 0
scan 370 130 77 5.76543e-06 0 5.76543e-06 1.72963e-07 1.72963e-07 1.72963e-07 2.88272e-07 3.45926e-07 4.20121e-06
scan 370 130 78 0 0 0 0 0 0 0 0 0
scan 370 130 79 0 0 0 0 0 0 0 0 0
scan 370 130 80 0 0 0 0 0 0 0 0 0
scan 370 130 81 0 0 0 0 0 0 0 0 0
scan 370 130 82 0 0 0 0 0 0 0 0 0
scan 370 130 83 0 0 0 0 0 0 0 0 0
scan 370 130 84 0 0 0 0 0 0 0 0 0
scan 370 130 85 0 0 0 0 0 0 0 0 0
scan 370 130 86 0 0 0 0 0 0 0 0 0
scan 370 130 87 0 0 0 0 0 0 0 0 0
scan 370 130 88 0 0 0 0 0 0 0 0 0
scan 370 130 89 0 0 0 0 0 0 0 0 0
scan 370 130 90 2.88272e-05 0 1.28919e-05 8.64815e-07 8.64815e-07 8.64815e-07 1.44136e-06 1.72963e-06 2.10061e-05
scan 370 130 91 2.30617e-05 0 1.15309e-05 6.91852e-07 6.91852e-07 6.91852e-07 1.15309e-06 1.3837e-06 1.68049e-05
scan 370 130 92 1.72963e-05 0 9.98603e-06 5.18889e-07 5.18889e-07 5.18889e-07 8.64815e-07 1.03778e-06 1.26036e-05
scan 370 130 93 0 0 0 0 0 0 0 0 0
scan 370 130 94 0 0 0 0 0 0 0 0 0
scan 370 130 95 5.76543e-06 0 5.76543e-06 1.72963e-07 1.72963e-07 1.72963e-07 2.88272e-07 3.45926e-07 4.20121e-06
scan 370 130 96 2.30617e-05 0 1.15309e-05 6.91852e-07 6.91852e-07 6.91852e-07 1.15309e-06 1.3837e-06 1.68049e-05
scan 370 130 97 0 0 0 0 0 0 0 0 0
scan 370 130 98 0 0 0 0 0 0 0 0 0
scan 370 130 99 0 0 0 0 0 0 0 0 0
scan 370 130 100 0 0 0 0 0 0 0 0 0
scan 370 130 101 1.15309e-05 0 8.15356e-06 3.45926e-07 3.45926e-07 3.45926e-07 5.76543e-07 6.91852e-07 8.40243e-06
scan 370 130 102 1.72963e-05 0 9.98603e-06 5.18889e-07 5.18889e-07 5.18889e-07 8.64815e-07 1.03778e-06 1.26036e-05
scan 370 130 103 1.72963e-05 0 9.98603e-06 5.18889e-07 5.18889e-07 5.18889e-07 8.64815e-07 1.03778e-06 1.26036e-05
scan 370 130 104 2.30617e-05 0 1.15309e-05 6.91852e-07 6.91852e-07 6.91852e-07 1.15309e-06 1.3837e-06 1.68049e-05
scan 370 130 60 0 0 0 0 0 0 0 0 0
scan 370 130 61 0 0 0 0 0 0 0 0 0
scan 370 130 62 0 0 0 0 0 0 0 0 0
scan 370 130 63 0 0 0 0 0 0 0 0 0
scan 370 130 64 0 0 0 0 0 0 0 0 0
scan 370 130 65 0 0 0 0 0 0 0 0 0
scan 370 130 66 0 0 0 0 0 0 0 0 0
scan 370 130 67 0 0 0 0 0 0 0 0 0
scan 370 130 68 0 0 0 0 0 0 0 0 0
scan 370 130 69 0 0 0 0 0 0 0 0 0
scan 370 130 70 0 0 0 0 0 0 0 0 0
scan 370 130 71 0 0 0 0 0 0 0 0 0
scan 370 130 72 0 0 0 0 0 0 0 0 0
scan 370 130 73 0 0 0 0 0 0 0 0 0
scan 370 130 74 0 0 0 0 0 0 0 0 0
scan 370 130 120 0 0 0 0 0 0 0 0 0
scan 370 130 121 0 0 0 0 0 0 0 0 0
scan 370 130 122 0 0 0 0 0 0 0 0 0
scan 370 130 123 0 0 0 0 0 0 0 0 0
scan 370 130 124 0 0 0 0 0 0 0 0 0
scan 370 130 125 0 0 0 0 0 0 0 0 0
scan 370 130 126 0 0 0 0 0 0 0 0 0
scan 370 130 127 0 0 0 0 0 0 0 0 0
scan 370 130 128 0 0 0 0 0 0 0 0 0
scan 370 130 129 0 0 0 0 0 0 0 0 0
scan 370 130 130 0 0 0 0 0 0 0 0 0
scan 370 130 131 0 0 0 0 0 0 0 0 0
scan 370 130 132 5.76543e-06 0 5.76543e-06 1.72963e-07 1.72963e-07 1.72963e-07 2.88272e-07 3.45926e-07 4.20121e-06
scan 370 130 133 0 0 0 0 0 0 0 0 0
scan 370 130 134 0 0 0 0 0 0 0 0 0
scan 370 130 135 1.72963e-05 0 9.98603e-06 5.18889e-07 5.18889e-07 5.18889e-07 8.64815e-07 1.03778e-06 1.26036e-05
scan 370 130 136 1.15309e-05 0 8.15356e-06 3.45926e-07 3.45926e-07 3.45926e-07 5.76543e-07 6.91852e-07 8.40243e-06
scan 370 130 137 1.15309e-05 0 8.15356e-06 3.45926e-07 3.45926e-07 3.45926e-07 5.76543e-07 6.91852e-07 8.40243e-06
scan 370 130 138 5.76543e-06 0 5.76543e-06 1.72963e-07 1.72963e-07 1.72963e-07 2.88272e-07 3.45926e-07 4.20121e-06
scan 370 130 139 0 0 0 0 0 0 0 0 0
scan 370 130 140 0 0 0 0 0 0 0 0 0
scan 370 130 141 5.76543e-06 0 5.76543e-06 1.72963e-07 1.72963e-07 1.72963e-07 2.88272e-07 3.45926e-07 4.20121e-06
scan 370 130 142 0 0 0 0 0 0 0 0 0
scan 370 130 143 1.15309e-05 0 8.15356e-06 3.45926e-07 3.45926e-07 3.45926e-07 5.76543e-07 6.91852e-07 8.40243e-06
scan 370 130 144 0 0 0 0 0 0 0 0 0
scan 370 130 145 0 0 0 0 0 0 0 0 0
scan 370 130 146 5.76543e-06 0 5.76543e-06 1.72963e-07 1.72963e-07 1.72963e-07 2.88272e-07 3.45926e-07 4.20121e-06
scan 370 130 147 0 0 0 0 0 0 0 0 0
scan 370 130 148 0 0 0 0 0 0 0 0 0
scan 370 130 149 1.72963e-05 0 9.98603e-06 5.18889e-07 5.18889e-07 5.18889e-07 8.64815e-07 1.03778e-06 1.26036e-05
scan 370 130 60 0 0 0 0 0 0 0 0 0
scan 370 130 61 0 0 0 0 0 0 0 0 0
scan 370 130 62 0 0 0 0 0 0 0 0 0
scan 370 130 63 0 0 0 0 0 0 0 0 0
scan 370 130 64 0 0 0 0 0 0 0 0 0
scan 370 130 65 0 0 0 0 0 0 0 0 0
scan 370 130 66 0 0 0 0 0 0 0 0 0
scan 370 130 67 0 0 0 0 0 0 0 0 0
scan 370 130 68 0 0 0 0 0 0 0 0 0
scan 370 130 69 0 0 0 0 0 0 0 0 0
scan 370 130 70 0 0 0 0 0 0 0 0 0
scan 370 130 71 0 0 0 0 0 0 0 0 0
scan 370 130 72 0 0 0 0 0 0 0 0 0
scan 370 130 73 0 0 0 0 0 0 0 0 0
scan 370 130 74 0 0 0 0 0 0 0 0 0
scan 370 130 165 0 0 0 0 0 0 0 0 0
scan 370 130 166 0 0 0 0 0 0 0 0 0
scan 370 130 167 0 0 0 0 0 0 0 0 0
scan 370 130 168 0 0 0 0 0 0 0 0 0
scan 370 130 169 0 0 0 0 0 0 0 0 0
scan 370 130 170 0 0 0 0 0 0 0 0 0
scan 370 130 171 0 0 0 0 0 0 0 0 0
scan 370 130 172 0 0 0 0 0 0 0 0 0
scan 370 130 173 0 0 0 0 0 0 0 0 0
scan 370 130 174 0 0 0 0 0 0 0 0 0
scan 370 130 175 0 0 0 0 0 0 0 0 0
scan 370 130 176 0 0 0 0 0 0 0 0 0
scan 370 130 177 0 0 0 0 0 0 0 0 0
scan 370 130 178 0 0 0 0 0 0 0 0 0
scan 370 130 179 0 0 0 0 0 0 0 0 0
