xsec 420 100 0.0311379
scan 420 100 0 3.11411e-06 0 3.11411e-06 9.34232e-08 9.34232e-08 9.34232e-08 1.55705e-07 1.86846e-07 2.30066e-06
scan 420 100 1 6.22821e-06 0 4.40401e-06 1.86846e-07 1.86846e-07 1.86846e-07 3.11411e-07 3.73693e-07 4.60132e-06
scan 420 100 2 6.22821e-06 0 4.40401e-06 1.86846e-07 1.86846e-07 1.86846e-07 3.11411e-07 3.73693e-07 4.60132e-06
scan 420 100 3 1.24564e-05 0 6.22821e-06 3.73693e-07 3.73693e-07 3.73693e-07 6.22821e-07 7.47385e-07 9.20264e-06
scan 420 100 4 6.22821e-06 0 4.40401e-06 1.86846e-07 1.86846e-07 1.86846e-07 3.11411e-07 3.73693e-07 4.60132e-06
scan 420 100 5 0 0 0 0 0 0 0 0 0
scan 420 100 6 9.34232e-06 0 5.39379e-06 2.80269e-07 2.80269e-07 2.80269e-07 4.67116e-07 5.60539e-07 6.90198e-06
scan 420 100 7 3.11411e-06 0 3.11411e-06 9.34232e-08 9.34232e-08 9.34232e-08 1.55705e-07 1.86846e-07 2.30066e-06
scan 420 100 8 0 0 0 0 0 0 0 0 0
scan 420 100 9 0 0 0 0 0 0 0 0 0
scan 420 100 10 0 0 0 0 0 0 0 0 0
scan 420 100 11 0 0 0 0 0 0 0 0 0
scan 420 100 12 9.34232e-06 0 5.39379e-06 2.80269e-07 2.80269e-07 2.80269e-07 4.67116e-07 5.60539e-07 6.90198e-06
scan 420 100 13 1.24564e-05 0 6.22821e-06 3.73693e-07 3.73693e-07 3.73693e-07 6.22821e-07 7.47385e-07 9.20264e-06
scan 420 100 14 2.17987e-05 0 8.23915e-06 6.53962e-07 6.53962e-07 6.53962e-07 1.08994e-06 1.30792e-06 1.61046e-05
scan 420 100 15 6.53962e-05 0 1.42706e-05 1.96189e-06 1.96189e-06 1.96189e-06 3.26981e-06 3.92377e-06 4.83139e-05
scan 420 100 16 0.000199303 0 2.49128e-05 5.97908e-06 5.97908e-06 5.97908e-06 9.96514e-06 1.19582e-05 0.000147242
scan 420 100 17 0.000221101 0 2.62399e-05 6.63304e-06 6.63304e-06 6.63304e-06 1.10551e-05 1.32661e-05 0.000163347
scan 420 100 18 0.000165048 0 2.2671e-05 4.95143e-06 4.95143e-06 4.95143e-06 8.25238e-06 9.90286e-06 0.000121935
scan 420 100 19 0.000326981 0 3.19101e-05 9.80943e-06 9.80943e-06 9.80943e-06 1.63491e-05 1.96189e-05 0.000241569
scan 420 100 20 1.55705e-05 0 6.96335e-06 4.67116e-07 4.67116e-07 4.67116e-07 7.78526e-07 9.34232e-07 1.15033e-05
scan 420 100 21 6.85103e-05 0 1.46064e-05 2.05531e-06 2.05531e-06 2.05531e-06 3.42552e-06 4.11062e-06 5.06145e-05
scan 420 100 22 6.22821e-05 0 1.39267e-05 1.86846e-06 1.86846e-06 1.86846e-06 3.11411e-06 3.73693e-06 4.60132e-05
scan 420 100 23 6.85103e-05 0 1.46064e-05 2.05531e-06 2.05531e-06 2.05531e-06 3.42552e-06 4.11062e-06 5.06145e-05
scan 420 100 24 0.000130792 0 2.01817e-05 3.92377e-06 3.92377e-06 3.92377e-06 6.53962e-06 7.84755e-06 9.66278e-05
scan 420 100 25 3.11411e-06 0 3.11411e-06 9.34232e-08 9.34232e-08 9.34232e-08 1.55705e-07 1.86846e-07 2.30066e-06
scan 420 100 26 7.16244e-05 0 1.49347e-05 2.14873e-06 2.14873e-06 2.14873e-06 3.58122e-06 4.29747e-06 5.29152e-05
scan 420 100 27 0.000165048 0 2.2671e-05 4.95143e-06 4.95143e-06 4.95143e-06 8.25238e-06 9.90286e-06 0.000121935
scan 420 100 28 0.00036435 0 3.36842e-05 1.09305e-05 1.09305e-05 1.09305e-05 1.82175e-05 2.1861e-05 0.000269177
scan 420 100 29 0.000875064 0 5.22019e-05 2.62519e-05 2.62519e-05 2.62519e-05 4.37532e-05 5.25038e-05 0.000646486
scan 420 100 30 6.22821e-06 0 4.40401e-06 1.86846e-07 1.86846e-07 1.86846e-07 3.11411e-07 3.73693e-07 4.60132e-06
scan 420 100 31 9.34232e-06 0 5.39379e-06 2.80269e-07 2.80269e-07 2.80269e-07 4.67116e-07 5.60539e-07 6.90198e-06
scan 420 100 32 6.22821e-06 0 4.40401e-06 1.86846e-07 1.86846e-07 1.86846e-07 3.11411e-07 3.73693e-07 4.60132e-06
scan 420 100 33 3.11411e-06 0 3.11411e-06 9.34232e-08 9.34232e-08 9.34232e-08 1.55705e-07 1.86846e-07 2.30066e-06
scan 420 100 34 3.11411e-06 0 3.11411e-06 9.34232e-08 9.34232e-08 9.34232e-08 1.55705e-07 1.86846e-07 2.30066e-06
scan 420 100 35 3.11411e-06 0 3.11411e-06 9.34232e-08 9.34232e-08 9.34232e-08 1.55705e-07 1.86846e-07 2.30066e-06
scan 420 100 36 3.11411e-06 0 3.11411e-06 9.34232e-08 9.34232e-08 9.34232e-08 1.55705e-07 1.86846e-07 2.30066e-06
scan 420 100 37 3.11411e-06 0 3.11411e-06 9.34232e-08 9.34232e-08 9.34232e-08 1.55705e-07 1.86846e-07 2.30066e-06
scan 420 100 38 0 0 0 0 0 0 0 0 0
scan 420 100 39 0 0 0 0 0 0 0 0 0
scan 420 100 40 0 0 0 0 0 0 0 0 0
scan 420 100 41 3.11411e-06 0 3.11411e-06 9.34232e-08 9.34232e-08 9.34232e-08 1.55705e-07 1.86846e-07 2.30066e-06
scan 420 100 42 6.22821e-06 0 4.40401e-06 1.86846e-07 1.86846e-07 1.86846e-07 3.11411e-07 3.73693e-07 4.60132e-06
scan 420 100 43 1.55705e-05 0 6.96335e-06 4.67116e-07 4.67116e-07 4.67116e-07 7.78526e-07 9.34232e-07 1.15033e-05
scan 420 100 44 2.17987e-05 0 8.23915e-06 6.53962e-07 6.53962e-07 6.53962e-07 1.08994e-06 1.30792e-06 1.61046e-05
scan 420 100 45 0 0 0 0 0 0 0 0 0
scan 420 100 46 3.11411e-06 0 3.11411e-06 9.34232e-08 9.34232e-08 9.34232e-08 1.55705e-07 1.86846e-07 2.30066e-06
scan 420 100 47 3.11411e-06 0 3.11411e-06 9.34232e-08 9.34232e-08 9.34232e-08 1.55705e-07 1.86846e-07 2.30066e-06
scan 420 100 48 0 0 0 0 0 0 0 0 0
scan 420 100 49 0 0 0 0 0 0 0 0 0
scan 420 100 50 0 0 0 0 0 0 0 0 0
scan 420 100 51 0 0 0 0 0 0 0 0 0
scan 420 100 52 0 0 0 0 0 0 0 0 0
scan 420 100 53 0 0 0 0 0 0 0 0 0
scan 420 100 54 0 0 0 0 0 0 0 0 0
scan 420 100 55 0 0 0 0 0 0 0 0 0
scan 420 100 56 0 0 0 0 0 0 0 0 0
scan 420 100 57 3.11411e-06 0 3.11411e-06 9.34232e-08 9.34232e-08 9.34232e-08 1.55705e-07 1.86846e-07 2.30066e-06
scan 420 100 58 0 0 0 0 0 0 0 0 0
scan 420 100 59 6.22821e-06 0 4.40401e-06 1.86846e-07 1.86846e-07 1.86846e-07 3.11411e-07 3.73693e-07 4.60132e-06
scan 420 100 60 0 0 0 0 0 0 0 0 0
scan 420 100 61 0 0 0 0 0 0 0 0 0
scan 420 100 62 0 0 0 0 0 0 0 0 0
scan 420 100 63 0 0 0 0 0 0 0 0 0
scan 420 100 64 0 0 0 0 0 0 0 0 0
scan 420 100 65 0 0 0 0 0 0 0 0 0
scan 420 100 66 0 0 0 0 0 0 0 0 0
scan 420 100 67 0 0 0 0 0 0 0 0 0
scan 420 100 68 0 0 0 0 0 0 0 0 0
scan 420 100 69 0 0 0 0 0 0 0 0 0
scan 420 100 70 0 0 0 0 0 0 0 0 0
scan 420 100 71 0 0 0 0 0 0 0 0 0
scan 420 100 72 0 0 0 0 0 0 0 0 0
scan 420 100 73 0 0 0 0 0 0 0 0 0
scan 420 100 74 0 0 0 0 0 0 0 0 0
scan 420 100 75 0 0 0 0 0 0 0 0 0
scan 420 100 76 0 0 0 0 0 0 0 0 0
scan 420 100 77 0 0 0 0 0 0 0 0 0
scan 420 100 78 0 0 0 0 0 0 0 0 0
scan 420 100 79 0 0 0 0 0 0 0 0 0
scan 420 100 80 0 0 0 0 0 0 0 0 0
scan 420 100 81 0 0 0 0 0 0 0 0 0
scan 420 100 82 0 0 0 0 0 0 0 0 0
scan 420 100 83 0 0 0 0 0 0 0 0 0
scan 420 100 84 0 0 0 0 0 0 0 0 0
scan 420 100 85 0 0 0 0 0 0 0 0 0
scan 420 100 86 0 0 0 0 0 0 0 0 0
scan 420 100 87 0 0 0 0 0 0 0 0 0
scan 420 100 88 0 0 0 0 0 0 0 0 0
scan 420 100 89 3.11411e-06 0 3.11411e-06 9.34232e-08 9.34232e-08 9.34232e-08 1.55705e-07 1.86846e-07 2.30066e-06
scan 420 100 90 9.34232e-06 0 5.39379e-06 2.80269e-07 2.80269e-07 2.80269e-07 4.67116e-07 5.60539e-07 6.90198e-06
scan 420 100 91 1.86846e-05 0 7.62797e-06 5.60539e-07 5.60539e-07 5.60539e-07 9.34232e-07 1.12108e-06 1.3804e-05
scan 420 100 92 3.11411e-06 0 3.11411e-06 9.34232e-08 9.34232e-08 9.34232e-08 1.55705e-07 1.86846e-07 2.30066e-06
scan 420 100 93 3.11411e-06 0 3.11411e-06 9.34232e-08 9.34232e-08 9.34232e-08 1.55705e-07 1.86846e-07 2.30066e-06
scan 420 100 94 0 0 0 0 0 0 0 0 0
scan 420 100 95 3.11411e-06 0 3.11411e-06 9.34232e-08 9.34232e-08 9.34232e-08 1.55705e-07 1.86846e-07 2.30066e-06
scan 420 100 96 3.11411e-06 0 3.11411e-06 9.34232e-08 9.34232e-08 9.34232e-08 1.55705e-07 1.86846e-07 2.30066e-06
scan 420 100 97 0 0 0 0 0 0 0 0 0
scan 420 100 98 3.11411e-06 0 3.11411e-06 9.34232e-08 9.34232e-08 9.34232e-08 1.55705e-07 1.86846e-07 2.30066e-06
scan 420 100 99 3.11411e-06 0 3.11411e-06 9.34232e-08 9.34232e-08 9.34232e-08 1.55705e-07 1.86846e-07 2.30066e-06
scan 420 100 100 0 0 0 0 0 0 0 0 0
scan 420 100 101 9.34232e-06 0 5.39379e-06 2.80269e-07 2.80269e-07 2.80269e-07 4.67116e-07 5.60539e-07 6.90198e-06
scan 420 100 102 9.34232e-06 0 5.39379e-06 2.80269e-07 2.80269e-07 2.80269e-07 4.67116e-07 5.60539e-07 6.90198e-06
scan 420 100 103 9.34232e-06 0 5.39379e-06 2.80269e-07 2.80269e-07 2.80269e-07 4.67116e-07 5.60539e-07 6.90198e-06
scan 420 100 104 2.49128e-05 0 8.80802e-06 7.47385e-07 7.47385e-07 7.47385e-07 1.24564e-06 1.49477e-06 1.84053e-05
scan 420 100 60 0 0 0 0 0 0 0 0 0
scan 420 100 61 0 0 0 0 0 0 0 0 0
scan 420 100 62 0 0 0 0 0 0 0 0 0
scan 420 100 63 0 0 0 0 0 0 0 0 0
scan 420 100 64 0 0 0 0 0 0 0 0 0
scan 420 100 65 0 0 0 0 0 0 0 0 0
scan 420 100 66 0 0 0 0 0 0 0 0 0
scan 420 100 67 0 0 0 0 0 0 0 0 0
scan 420 100 68 0 0 0 0 0 0 0 0 0
scan 420 100 69 0 0 0 0 0 0 0 0 0
scan 420 100 70 0 0 0 0 0 0 0 0 0
scan 420 100 71 0 0 0 0 0 0 0 0 0
scan 420 100 72 0 0 0 0 0 0 0 0 0
scan 420 100 73 0 0 0 0 0 0 0 0 0
scan 420 100 74 0 0 0 0 0 0 0 0 0
scan 420 100 120 0 0 0 0 0 0 0 0 0
scan 420 100 121 0 0 0 0 0 0 0 0 0
scan 420 100 122 0 0 0 0 0 0 0 0 0
scan 420 100 123 0 0 0 0 0 0 0 0 0
scan 420 100 124 0 0 0 0 0 0 0 0 0
scan 420 100 125 0 0 0 0 0 0 0 0 0
scan 420 100 126 0 0 0 0 0 0 0 0 0
scan 420 100 127 0 0 0 0 0 0 0 0 0
scan 420 100 128 0 0 0 0 0 0 0 0 0
scan 420 100 129 0 0 0 0 0 0 0 0 0
scan 420 100 130 0 0 0 0 0 0 0 0 0
scan 420 100 131 0 0 0 0 0 0 0 0 0
scan 420 100 132 0 0 0 0 0 0 0 0 0
scan 420 100 133 0 0 0 0 0 0 0 0 0
scan 420 100 134 0 0 0 0 0 0 0 0 0
scan 420 100 135 0 0 0 0 0 0 0 0 0
scan 420 100 136 1.24564e-05 0 6.22821e-06 3.73693e-07 3.73693e-07 3.73693e-07 6.22821e-07 7.47385e-07 9.20264e-06
scan 420 100 137 6.22821e-06 0 4.40401e-06 1.86846e-07 1.86846e-07 1.86846e-07 3.11411e-07 3.73693e-07 4.60132e-06
scan 420 100 138 0 0 0 0 0 0 0 0 0
scan 420 100 139 0 0 0 0 0 0 0 0 0
scan 420 100 140 0 0 0 0 0 0 0 0 0
scan 420 100 141 3.11411e-06 0 3.11411e-06 9.34232e-08 9.34232e-08 9.34232e-08 1.55705e-07 1.86846e-07 2.30066e-06
scan 420 100 142 0 0 0 0 0 0 0 0 0
scan 420 100 143 3.11411e-06 0 3.11411e-06 9.34232e-08 9.34232e-08 9.34232e-08 1.55705e-07 1.86846e-07 2.30066e-06
scan 420 100 144 0 0 0 0 0 0 0 0 0
scan 420 100 145 0 0 0 0 0 0 0 0 0
scan 420 100 146 0 0 0 0 0 0 0 0 0
scan 420 100 147 9.34232e-06 0 5.39379e-06 2.80269e-07 2.80269e-07 2.80269e-07 4.67116e-07 5.60539e-07 6.90198e-06
scan 420 100 148 6.22821e-06 0 4.40401e-06 1.86846e-07 1.86846e-07 1.86846e-07 3.11411e-07 3.73693e-07 4.60132e-06
scan 420 100 149 9.34232e-06 0 5.39379e-06 2.80269e-07 2.80269e-07 2.80269e-07 4.67116e-07 5.60539e-07 6.90198e-06
scan 420 100 60 0 0 0 0 0 0 0 0 0
scan 420 100 61 0 0 0 0 0 0 0 0 0
scan 420 100 62 0 0 0 0 0 0 0 0 0
scan 420 100 63 0 0 0 0 0 0 0 0 0
scan 420 100 64 0 0 0 0 0 0 0 0 0
scan 420 100 65 0 0 0 0 0 0 0 0 0
scan 420 100 66 0 0 0 0 0 0 0 0 0
scan 420 100 67 0 0 0 0 0 0 0 0 0
scan 420 100 68 0 0 0 0 0 0 0 0 0
scan 420 100 69 0 0 0 0 0 0 0 0 0
scan 420 100 70 0 0 0 0 0 0 0 0 0
scan 420 100 71 0 0 0 0 0 0 0 0 0
scan 420 100 72 0 0 0 0 0 0 0 0 0
scan 420 100 73 0 0 0 0 0 0 0 0 0
scan 420 100 74 0 0 0 0 0 0 0 0 0
scan 420 100 165 0 0 0 0 0 0 0 0 0
scan 420 100 166 0 0 0 0 0 0 0 0 0
scan 420 100 167 0 0 0 0 0 0 0 0 0
scan 420 100 168 0 0 0 0 0 0 0 0 0
scan 420 100 169 0 0 0 0 0 0 0 0 0
scan 420 100 170 0 0 0 0 0 0 0 0 0
scan 420 100 171 0 0 0 0 0 0 0 0 0
scan 420 100 172 0 0 0 0 0 0 0 0 0
scan 420 100 173 0 0 0 0 0 0 0 0 0
scan 420 100 174 0 0 0 0 0 0 0 0 0
scan 420 100 175 0 0 0 0 0 0 0 0 0
scan 420 100 176 0 0 0 0 0 0 0 0 0
scan 420 100 177 0 0 0 0 0 0 0 0 0
scan 420 100 178 0 0 0 0 0 0 0 0 0
scan 420 100 179 0 0 0 0 0 0 0 0 0
