xsec 440 200 0.0249422
scan 440 200 0 1.24711e-05 0 5.57726e-06 3.74134e-07 3.74134e-07 3.74134e-07 6.23556e-07 7.48267e-07 9.25175e-06
scan 440 200 1 1.24711e-05 0 5.57726e-06 3.74134e-07 3.74134e-07 3.74134e-07 6.23556e-07 7.48267e-07 9.25175e-06
scan 440 200 2 1.24711e-05 0 5.57726e-06 3.74134e-07 3.74134e-07 3.74134e-07 6.23556e-07 7.48267e-07 9.25175e-06
scan 440 200 3 7.48267e-06 0 4.32012e-06 2.2448e-07 2.2448e-07 2.2448e-07 3.74134e-07 4.4896e-07 5.55105e-06
scan 440 200 4 1.49653e-05 0 6.10958e-06 4.4896e-07 4.4896e-07 4.4896e-07 7.48267e-07 8.97921e-07 1.11021e-05
scan 440 200 5 0 0 0 0 0 0 0 0 0
scan 440 200 6 4.98845e-06 0 3.52737e-06 1.49653e-07 1.49653e-07 1.49653e-07 2.49422e-07 2.99307e-07 3.7007e-06
scan 440 200 7 4.98845e-06 0 3.52737e-06 1.49653e-07 1.49653e-07 1.49653e-07 2.49422e-07 2.99307e-07 3.7007e-06
scan 440 200 8 7.48267e-06 0 4.32012e-06 2.2448e-07 2.2448e-07 2.2448e-07 3.74134e-07 4.4896e-07 5.55105e-06
scan 440 200 9 0 0 0 0 0 0 0 0 0
scan 440 200 10 0 0 0 0 0 0 0 0 0
scan 440 200 11 0 0 0 0 0 0 0 0 0
scan 440 200 12 7.48267e-06 0 4.32012e-06 2.2448e-07 2.2448e-07 2.2448e-07 3.74134e-07 4.4896e-07 5.55105e-06
scan 440 200 13 1.49653e-05 0 6.10958e-06 4.4896e-07 4.4896e-07 4.4896e-07 7.48267e-07 8.97921e-07 1.11021e-05
scan 440 200 14 1.49653e-05 0 6.10958e-06 4.4896e-07 4.4896e-07 4.4896e-07 7.48267e-07 8.97921e-07 1.11021e-05
scan 440 200 15 0.000104757 0 1.61644e-05 3.14272e-06 3.14272e-06 3.14272e-06 5.23787e-06 6.28545e-06 7.77147e-05
scan 440 200 16 0.000249422 0 2.49422e-05 7.48267e-06 7.48267e-06 7.48267e-06 1.24711e-05 1.49653e-05 0.000185035
scan 440 200 17 0.000212009 0 2.29956e-05 6.36027e-06 6.36027e-06 6.36027e-06 1.06005e-05 1.27205e-05 0.00015728
scan 440 200 18 0.00017709 0 2.10167e-05 5.3127e-06 5.3127e-06 5.3127e-06 8.8545e-06 1.06254e-05 0.000131375
scan 440 200 19 0.000187067 0 2.16006e-05 5.612e-06 5.612e-06 5.612e-06 9.35334e-06 1.1224e-05 0.000138776
scan 440 200 20 1.49653e-05 0 6.10958e-06 4.4896e-07 4.4896e-07 4.4896e-07 7.48267e-07 8.97921e-07 1.11021e-05
scan 440 200 21 5.48729e-05 0 1.16989e-05 1.64619e-06 1.64619e-06 1.64619e-06 2.74365e-06 3.29238e-06 4.07077e-05
scan 440 200 22 6.98383e-05 0 1.31982e-05 2.09515e-06 2.09515e-06 2.09515e-06 3.49191e-06 4.1903e-06 5.18098e-05
scan 440 200 23 3.49191e-05 0 9.33253e-06 1.04757e-06 1.04757e-06 1.04757e-06 1.74596e-06 2.09515e-06 2.59049e-05
scan 440 200 24 8.72979e-05 0 1.4756e-05 2.61894e-06 2.61894e-06 2.61894e-06 4.36489e-06 5.23787e-06 6.47622e-05
scan 440 200 25 4.98845e-06 0 3.52737e-06 1.49653e-07 1.49653e-07 1.49653e-07 2.49422e-07 2.99307e-07 3.7007e-06
scan 440 200 26 6.98383e-05 0 1.31982e-05 2.09515e-06 2.09515e-06 2.09515e-06 3.49191e-06 4.1903e-06 5.18098e-05
scan 440 200 27 0.000197044 0 2.21692e-05 5.91131e-06 5.91131e-06 5.91131e-06 9.85219e-06 1.18226e-05 0.000146178
scan 440 200 28 0.000281847 0 2.6514e-05 8.45542e-06 8.45542e-06 8.45542e-06 1.40924e-05 1.69108e-05 0.00020909
scan 440 200 29 0.000481385 0 3.46509e-05 1.44416e-05 1.44416e-05 1.44416e-05 2.40693e-05 2.88831e-05 0.000357118
scan 440 200 30 0 0 0 0 0 0 0 0 0
scan 440 200 31 7.48267e-06 0 4.32012e-06 2.2448e-07 2.2448e-07 2.2448e-07 3.74134e-07 4.4896e-07 5.55105e-06
scan 440 200 32 4.98845e-06 0 3.52737e-06 1.49653e-07 1.49653e-07 1.49653e-07 2.49422e-07 2.99307e-07 3.7007e-06
scan 440 200 33 7.48267e-06 0 4.32012e-06 2.2448e-07 2.2448e-07 2.2448e-07 3.74134e-07 4.4896e-07 5.55105e-06
scan 440 200 34 7.48267e-06 0 4.32012e-06 2.2448e-07 2.2448e-07 2.2448e-07 3.74134e-07 4.4896e-07 5.55105e-06
scan 440 200 35 0 0 0 0 0 0 0 0 0
scan 440 200 36 2.49422e-06 0 2.49422e-06 7.48267e-08 7.48267e-08 7.48267e-08 1.24711e-07 1.49653e-07 1.85035e-06
scan 440 200 37 7.48267e-06 0 4.32012e-06 2.2448e-07 2.2448e-07 2.2448e-07 3.74134e-07 4.4896e-07 5.55105e-06
scan 440 200 38 0 0 0 0 0 0 0 0 0
scan 440 200 39 4.98845e-06 0 3.52737e-06 1.49653e-07 1.49653e-07 1.49653e-07 2.49422e-07 2.99307e-07 3.7007e-06
scan 440 200 40 0 0 0 0 0 0 0 0 0
scan 440 200 41 0 0 0 0 0 0 0 0 0
scan 440 200 42 4.98845e-06 0 3.52737e-06 1.49653e-07 1.49653e-07 1.49653e-07 2.49422e-07 2.99307e-07 3.7007e-06
scan 440 200 43 9.9769e-06 0 4.98845e-06 2.99307e-07 2.99307e-07 2.99307e-07 4.98845e-07 5.98614e-07 7.4014e-06
scan 440 200 44 9.9769e-06 0 4.98845e-06 2.99307e-07 2.99307e-07 2.99307e-07 4.98845e-07 5.98614e-07 7.4014e-06
scan 440 200 45 2.49422e-06 0 2.49422e-06 7.48267e-08 7.48267e-08 7.48267e-08 1.24711e-07 1.49653e-07 1.85035e-06
scan 440 200 46 0 0 0 0 0 0 0 0 0
scan 440 200 47 0 0 0 0 0 0 0 0 0
scan 440 200 48 0 0 0 0 0 0 0 0 0
scan 440 200 49 2.49422e-06 0 2.49422e-06 7.48267e-08 7.48267e-08 7.48267e-08 1.24711e-07 1.49653e-07 1.85035e-06
scan 440 200 50 0 0 0 0 0 0 0 0 0
scan 440 200 51 0 0 0 0 0 0 0 0 0
scan 440 200 52 0 0 0 0 0 0 0 0 0
scan 440 200 53 0 0 0 0 0 0 0 0 0
scan 440 200 54 2.49422e-06 0 2.49422e-06 7.48267e-08 7.48267e-08 7.48267e-08 1.24711e-07 1.49653e-07 1.85035e-06
scan 440 200 55 0 0 0 0 0 0 0 0 0
scan 440 200 56 0 0 0 0 0 0 0 0 0
scan 440 200 57 2.49422e-06 0 2.49422e-06 7.48267e-08 7.48267e-08 7.48267e-08 1.24711e-07 1.49653e-07 1.85035e-06
scan 440 200 58 0 0 0 0 0 0 0 0 0
scan 440 200 59 2.49422e-06 0 2.49422e-06 7.48267e-08 7.48267e-08 7.48267e-08 1.24711e-07 1.49653e-07 1.85035e-06
scan 440 200 60 0 0 0 0 0 0 0 0 0
scan 440 200 61 0 0 0 0 0 0 0 0 0
scan 440 200 62 0 0 0 0 0 0 0 0 0
scan 440 200 63 0 0 0 0 0 0 0 0 0
scan 440 200 64 0 0 0 0 0 0 0 0 0
scan 440 200 65 0 0 0 0 0 0 0 0 0
scan 440 200 66 0 0 0 0 0 0 0 0 0
scan 440 200 67 0 0 0 0 0 0 0 0 0
scan 440 200 68 0 0 0 0 0 0 0 0 0
scan 440 200 69 0 0 0 0 0 0 0 0 0
scan 440 200 70 0 0 0 0 0 0 0 0 0
scan 440 200 71 0 0 0 0 0 0 0 0 0
scan 440 200 72 0 0 0 0 0 0 0 0 0
scan 440 200 73 0 0 0 0 0 0 0 0 0
scan 440 200 74 0 0 0 0 0 0 0 0 0
scan 440 200 75 0 0 0 0 0 0 0 0 0
scan 440 200 76 0 0 0 0 0 0 0 0 0
scan 440 200 77 0 0 0 0 0 0 0 0 0
scan 440 200 78 0 0 0 0 0 0 0 0 0
scan 440 200 79 0 0 0 0 0 0 0 0 0
scan 440 200 80 0 0 0 0 0 0 0 0 0
scan 440 200 81 0 0 0 0 0 0 0 0 0
scan 440 200 82 0 0 0 0 0 0 0 0 0
scan 440 200 83 0 0 0 0 0 0 0 0 0
scan 440 200 84 0 0 0 0 0 0 0 0 0
scan 440 200 85 0 0 0 0 0 0 0 0 0
scan 440 200 86 0 0 0 0 0 0 0 0 0
scan 440 200 87 0 0 0 0 0 0 0 0 0
scan 440 200 88 0 0 0 0 0 0 0 0 0
scan 440 200 89 0 0 0 0 0 0 0 0 0
scan 440 200 90 9.9769e-06 0 4.98845e-06 2.99307e-07 2.99307e-07 2.99307e-07 4.98845e-07 5.98614e-07 7.4014e-06
scan 440 200 91 2.49422e-06 0 2.49422e-06 7.48267e-08 7.48267e-08 7.48267e-08 1.24711e-07 1.49653e-07 1.85035e-06
scan 440 200 92 4.98845e-06 0 3.52737e-06 1.49653e-07 1.49653e-07 1.49653e-07 2.49422e-07 2.99307e-07 3.7007e-06
scan 440 200 93 2.49422e-06 0 2.49422e-06 7.48267e-08 7.48267e-08 7.48267e-08 1.24711e-07 1.49653e-07 1.85035e-06
scan 440 200 94 0 0 0 0 0 0 0 0 0
scan 440 200 95 0 0 0 0 0 0 0 0 0
scan 440 200 96 4.98845e-06 0 3.52737e-06 1.49653e-07 1.49653e-07 1.49653e-07 2.49422e-07 2.99307e-07 3.7007e-06
scan 440 200 97 4.98845e-06 0 3.52737e-06 1.49653e-07 1.49653e-07 1.49653e-07 2.49422e-07 2.99307e-07 3.7007e-06
scan 440 200 98 2.49422e-06 0 2.49422e-06 7.48267e-08 7.48267e-08 7.48267e-08 1.24711e-07 1.49653e-07 1.85035e-06
scan 440 200 99 0 0 0 0 0 0 0 0 0
scan 440 200 100 0 0 0 0 0 0 0 0 0
scan 440 200 101 4.98845e-06 0 3.52737e-06 1.49653e-07 1.49653e-07 1.49653e-07 2.49422e-07 2.99307e-07 3.7007e-06
scan 440 200 102 7.48267e-06 0 4.32012e-06 2.2448e-07 2.2448e-07 2.2448e-07 3.74134e-07 4.4896e-07 5.55105e-06
scan 440 200 103 1.24711e-05 0 5.57726e-06 3.74134e-07 3.74134e-07 3.74134e-07 6.23556e-07 7.48267e-07 9.25175e-06
scan 440 200 104 1.24711e-05 0 5.57726e-06 3.74134e-07 3.74134e-07 3.74134e-07 6.23556e-07 7.48267e-07 9.25175e-06
scan 440 200 60 0 0 0 0 0 0 0 0 0
scan 440 200 61 0 0 0 0 0 0 0 0 0
scan 440 200 62 0 0 0 0 0 0 0 0 0
scan 440 200 63 0 0 0 0 0 0 0 0 0
scan 440 200 64 0 0 0 0 0 0 0 0 0
scan 440 200 65 0 0 0 0 0 0 0 0 0
scan 440 200 66 0 0 0 0 0 0 0 0 0
scan 440 200 67 0 0 0 0 0 0 0 0 0
scan 440 200 68 0 0 0 0 0 0 0 0 0
scan 440 200 69 0 0 0 0 0 0 0 0 0
scan 440 200 70 0 0 0 0 0 0 0 0 0
scan 440 200 71 0 0 0 0 0 0 0 0 0
scan 440 200 72 0 0 0 0 0 0 0 0 0
scan 440 200 73 0 0 0 0 0 0 0 0 0
scan 440 200 74 0 0 0 0 0 0 0 0 0
scan 440 200 120 0 0 0 0 0 0 0 0 0
scan 440 200 121 0 0 0 0 0 0 0 0 0
scan 440 200 122 2.49422e-06 0 2.49422e-06 7.48267e-08 7.48267e-08 7.48267e-08 1.24711e-07 1.49653e-07 1.85035e-06
scan 440 200 123 2.49422e-06 0 2.49422e-06 7.48267e-08 7.48267e-08 7.48267e-08 1.24711e-07 1.49653e-07 1.85035e-06
scan 440 200 124 0 0 0 0 0 0 0 0 0
scan 440 200 125 0 0 0 0 0 0 0 0 0
scan 440 200 126 0 0 0 0 0 0 0 0 0
scan 440 200 127 0 0 0 0 0 0 0 0 0
scan 440 200 128 0 0 0 0 0 0 0 0 0
scan 440 200 129 0 0 0 0 0 0 0 0 0
scan 440 200 130 0 0 0 0 0 0 0 0 0
scan 440 200 131 0 0 0 0 0 0 0 0 0
scan 440 200 132 0 0 0 0 0 0 0 0 0
scan 440 200 133 0 0 0 0 0 0 0 0 0
scan 440 200 134 0 0 0 0 0 0 0 0 0
scan 440 200 135 4.98845e-06 0 3.52737e-06 1.49653e-07 1.49653e-07 1.49653e-07 2.49422e-07 2.99307e-07 3.7007e-06
scan 440 200 136 0 0 0 0 0 0 0 0 0
scan 440 200 137 2.49422e-06 0 2.49422e-06 7.48267e-08 7.48267e-08 7.48267e-08 1.24711e-07 1.49653e-07 1.85035e-06
scan 440 200 138 0 0 0 0 0 0 0 0 0
scan 440 200 139 2.49422e-06 0 2.49422e-06 7.48267e-08 7.48267e-08 7.48267e-08 1.24711e-07 1.49653e-07 1.85035e-06
scan 440 200 140 0 0 0 0 0 0 0 0 0
scan 440 200 141 0 0 0 0 0 0 0 0 0
scan 440 200 142 2.49422e-06 0 2.49422e-06 7.48267e-08 7.48267e-08 7.48267e-08 1.24711e-07 1.49653e-07 1.85035e-06
scan 440 200 143 2.49422e-06 0 2.49422e-06 7.48267e-08 7.48267e-08 7.48267e-08 1.24711e-07 1.49653e-07 1.85035e-06
scan 440 200 144 2.49422e-06 0 2.49422e-06 7.48267e-08 7.48267e-08 7.48267e-08 1.24711e-07 1.49653e-07 1.85035e-06
scan 440 200 145 0 0 0 0 0 0 0 0 0
scan 440 200 146 0 0 0 0 0 0 0 0 0
scan 440 200 147 7.48267e-06 0 4.32012e-06 2.2448e-07 2.2448e-07 2.2448e-07 3.74134e-07 4.4896e-07 5.55105e-06
scan 440 200 148 4.98845e-06 0 3.52737e-06 1.49653e-07 1.49653e-07 1.49653e-07 2.49422e-07 2.99307e-07 3.7007e-06
scan 440 200 149 7.48267e-06 0 4.32012e-06 2.2448e-07 2.2448e-07 2.2448e-07 3.74134e-07 4.4896e-07 5.55105e-06
scan 440 200 60 0 0 0 0 0 0 0 0 0
scan 440 200 61 0 0 0 0 0 0 0 0 0
scan 440 200 62 0 0 0 0 0 0 0 0 0
scan 440 200 63 0 0 0 0 0 0 0 0 0
scan 440 200 64 0 0 0 0 0 0 0 0 0
scan 440 200 65 0 0 0 0 0 0 0 0 0
scan 440 200 66 0 0 0 0 0 0 0 0 0
scan 440 200 67 0 0 0 0 0 0 0 0 0
scan 440 200 68 0 0 0 0 0 0 0 0 0
scan 440 200 69 0 0 0 0 0 0 0 0 0
scan 440 200 70 0 0 0 0 0 0 0 0 0
scan 440 200 71 0 0 0 0 0 0 0 0 0
scan 440 200 72 0 0 0 0 0 0 0 0 0
scan 440 200 73 0 0 0 0 0 0 0 0 0
scan 440 200 74 0 0 0 0 0 0 0 0 0
scan 440 200 165 0 0 0 0 0 0 0 0 0
scan 440 200 166 2.49422e-06 0 2.49422e-06 7.48267e-08 7.48267e-08 7.48267e-08 1.24711e-07 1.49653e-07 1.85035e-06
scan 440 200 167 2.49422e-06 0 2.49422e-06 7.48267e-08 7.48267e-08 7.48267e-08 1.24711e-07 1.49653e-07 1.85035e-06
scan 440 200 168 0 0 0 0 0 0 0 0 0
scan 440 200 169 0 0 0 0 0 0 0 0 0
scan 440 200 170 0 0 0 0 0 0 0 0 0
scan 440 200 171 2.49422e-06 0 2.49422e-06 7.48267e-08 7.48267e-08 7.48267e-08 1.24711e-07 1.49653e-07 1.85035e-06
scan 440 200 172 0 0 0 0 0 0 0 0 0
scan 440 200 173 0 0 0 0 0 0 0 0 0
scan 440 200 174 0 0 0 0 0 0 0 0 0
scan 440 200 175 0 0 0 0 0 0 0 0 0
scan 440 200 176 0 0 0 0 0 0 0 0 0
scan 440 200 177 0 0 0 0 0 0 0 0 0
scan 440 200 178 0 0 0 0 0 0 0 0 0
scan 440 200 179 0 0 0 0 0 0 0 0 0
