xsec 230 80 0.446796
scan 230 80 0 0.00031282 0 0.000118235 9.38459e-06 9.38459e-06 9.38459e-06 1.5641e-05 1.87692e-05 0.000216392
scan 230 80 1 0.000446885 0 0.000141318 1.34066e-05 1.34066e-05 1.34066e-05 2.23443e-05 2.68131e-05 0.000309131
scan 230 80 2 0.000134066 0 7.74028e-05 4.02197e-06 4.02197e-06 4.02197e-06 6.70328e-06 8.04394e-06 9.27394e-05
scan 230 80 3 4.46885e-05 0 4.46885e-05 1.34066e-06 1.34066e-06 1.34066e-06 2.23443e-06 2.68131e-06 3.09131e-05
scan 230 80 4 4.46885e-05 0 4.46885e-05 1.34066e-06 1.34066e-06 1.34066e-06 2.23443e-06 2.68131e-06 3.09131e-05
scan 230 80 5 0 0 0 0 0 0 0 0 0
scan 230 80 6 0.000268131 0 0.000109464 8.04394e-06 8.04394e-06 8.04394e-06 1.34066e-05 1.60879e-05 0.000185479
scan 230 80 7 4.46885e-05 0 4.46885e-05 1.34066e-06 1.34066e-06 1.34066e-06 2.23443e-06 2.68131e-06 3.09131e-05
scan 230 80 8 0 0 0 0 0 0 0 0 0
scan 230 80 9 4.46885e-05 0 4.46885e-05 1.34066e-06 1.34066e-06 1.34066e-06 2.23443e-06 2.68131e-06 3.09131e-05
scan 230 80 10 0 0 0 0 0 0 0 0 0
scan 230 80 11 0 0 0 0 0 0 0 0 0
scan 230 80 12 4.46885e-05 0 4.46885e-05 1.34066e-06 1.34066e-06 1.34066e-06 2.23443e-06 2.68131e-06 3.09131e-05
scan 230 80 13 0 0 0 0 0 0 0 0 0
scan 230 80 14 0 0 0 0 0 0 0 0 0
scan 230 80 15 0.00567545 0 0.000503614 0.000170263 0.000170263 0.000170263 0.000283772 0.000340527 0.00392597
scan 230 80 16 0.0106806 0 0.000690868 0.000320417 0.000320417 0.000320417 0.000534028 0.000640834 0.00738824
scan 230 80 17 0.00509449 0 0.000477143 0.000152835 0.000152835 0.000152835 0.000254725 0.00030567 0.0035241
scan 230 80 18 0.00183223 0 0.000286146 5.49669e-05 5.49669e-05 5.49669e-05 9.16115e-05 0.000109934 0.00126744
scan 230 80 19 0.00125128 0 0.00023647 3.75384e-05 3.75384e-05 3.75384e-05 6.2564e-05 7.50768e-05 0.000865568
scan 230 80 20 0.000268131 0 0.000109464 8.04394e-06 8.04394e-06 8.04394e-06 1.34066e-05 1.60879e-05 0.000185479
scan 230 80 21 0.00259194 0 0.000340338 7.77581e-05 7.77581e-05 7.77581e-05 0.000129597 0.000155516 0.00179296
scan 230 80 22 0.00169816 0 0.000275479 5.09449e-05 5.09449e-05 5.09449e-05 8.49082e-05 0.00010189 0.0011747
scan 230 80 23 0.000402197 0 0.000134066 1.20659e-05 1.20659e-05 1.20659e-05 2.01098e-05 2.41318e-05 0.000278218
scan 230 80 24 0.000268131 0 0.000109464 8.04394e-06 8.04394e-06 8.04394e-06 1.34066e-05 1.60879e-05 0.000185479
scan 230 80 25 4.46885e-05 0 4.46885e-05 1.34066e-06 1.34066e-06 1.34066e-06 2.23443e-06 2.68131e-06 3.09131e-05
scan 230 80 26 0.00143003 0 0.000252797 4.2901e-05 4.2901e-05 4.2901e-05 7.15017e-05 8.5802e-05 0.00098922
scan 230 80 27 0.00321758 0 0.000379195 9.65273e-05 9.65273e-05 9.65273e-05 0.000160879 0.000193055 0.00222575
scan 230 80 28 0.00143003 0 0.000252797 4.2901e-05 4.2901e-05 4.2901e-05 7.15017e-05 8.5802e-05 0.00098922
scan 230 80 29 0.000491574 0 0.000148215 1.47472e-05 1.47472e-05 1.47472e-05 2.45787e-05 2.94944e-05 0.000340044
scan 230 80 30 8.93771e-05 0 6.31991e-05 2.68131e-06 2.68131e-06 2.68131e-06 4.46885e-06 5.36263e-06 6.18263e-05
scan 230 80 31 0.000223443 0 9.99266e-05 6.70328e-06 6.70328e-06 6.70328e-06 1.11721e-05 1.34066e-05 0.000154566
scan 230 80 32 8.93771e-05 0 6.31991e-05 2.68131e-06 2.68131e-06 2.68131e-06 4.46885e-06 5.36263e-06 6.18263e-05
scan 230 80 33 4.46885e-05 0 4.46885e-05 1.34066e-06 1.34066e-06 1.34066e-06 2.23443e-06 2.68131e-06 3.09131e-05
scan 230 80 34 4.46885e-05 0 4.46885e-05 1.34066e-06 1.34066e-06 1.34066e-06 2.23443e-06 2.68131e-06 3.09131e-05
scan 230 80 35 0 0 0 0 0 0 0 0 0
scan 230 80 36 4.46885e-05 0 4.46885e-05 1.34066e-06 1.34066e-06 1.34066e-06 2.23443e-06 2.68131e-06 3.09131e-05
scan 230 80 37 4.46885e-05 0 4.46885e-05 1.34066e-06 1.34066e-06 1.34066e-06 2.23443e-06 2.68131e-06 3.09131e-05
scan 230 80 38 0 0 0 0 0 0 0 0 0
scan 230 80 39 0 0 0 0 0 0 0 0 0
scan 230 80 40 0 0 0 0 0 0 0 0 0
scan 230 80 41 0 0 0 0 0 0 0 0 0
scan 230 80 42 4.46885e-05 0 4.46885e-05 1.34066e-06 1.34066e-06 1.34066e-06 2.23443e-06 2.68131e-06 3.09131e-05
scan 230 80 43 0 0 0 0 0 0 0 0 0
scan 230 80 44 0 0 0 0 0 0 0 0 0
scan 230 80 45 8.93771e-05 0 6.31991e-05 2.68131e-06 2.68131e-06 2.68131e-06 4.46885e-06 5.36263e-06 6.18263e-05
scan 230 80 46 0 0 0 0 0 0 0 0 0
scan 230 80 47 0 0 0 0 0 0 0 0 0
scan 230 80 48 0 0 0 0 0 0 0 0 0
scan 230 80 49 0 0 0 0 0 0 0 0 0
scan 230 80 50 0 0 0 0 0 0 0 0 0
scan 230 80 51 0 0 0 0 0 0 0 0 0
scan 230 80 52 0 0 0 0 0 0 0 0 0
scan 230 80 53 0 0 0 0 0 0 0 0 0
scan 230 80 54 0 0 0 0 0 0 0 0 0
scan 230 80 55 0 0 0 0 0 0 0 0 0
scan 230 80 56 4.46885e-05 0 4.46885e-05 1.34066e-06 1.34066e-06 1.34066e-06 2.23443e-06 2.68131e-06 3.09131e-05
scan 230 80 57 0 0 0 0 0 0 0 0 0
scan 230 80 58 0 0 0 0 0 0 0 0 0
scan 230 80 59 0 0 0 0 0 0 0 0 0
scan 230 80 60 0 0 0 0 0 0 0 0 0
scan 230 80 61 0 0 0 0 0 0 0 0 0
scan 230 80 62 0 0 0 0 0 0 0 0 0
scan 230 80 63 0 0 0 0 0 0 0 0 0
scan 230 80 64 0 0 0 0 0 0 0 0 0
scan 230 80 65 0 0 0 0 0 0 0 0 0
scan 230 80 66 0 0 0 0 0 0 0 0 0
scan 230 80 67 0 0 0 0 0 0 0 0 0
scan 230 80 68 0 0 0 0 0 0 0 0 0
scan 230 80 69 0 0 0 0 0 0 0 0 0
scan 230 80 70 0 0 0 0 0 0 0 0 0
scan 230 80 71 0 0 0 0 0 0 0 0 0
scan 230 80 72 0 0 0 0 0 0 0 0 0
scan 230 80 73 0 0 0 0 0 0 0 0 0
scan 230 80 74 0 0 0 0 0 0 0 0 0
scan 230 80 75 0 0 0 0 0 0 0 0 0
scan 230 80 76 0 0 0 0 0 0 0 0 0
scan 230 80 77 0 0 0 0 0 0 0 0 0
scan 230 80 78 0 0 0 0 0 0 0 0 0
scan 230 80 79 0 0 0 0 0 0 0 0 0
scan 230 80 80 0 0 0 0 0 0 0 0 0
scan 230 80 81 0 0 0 0 0 0 0 0 0
scan 230 80 82 0 0 0 0 0 0 0 0 0
scan 230 80 83 0 0 0 0 0 0 0 0 0
scan 230 80 84 0 0 0 0 0 0 0 0 0
scan 230 80 85 0 0 0 0 0 0 0 0 0
scan 230 80 86 0 0 0 0 0 0 0 0 0
scan 230 80 87 4.46885e-05 0 4.46885e-05 1.34066e-06 1.34066e-06 1.34066e-06 2.23443e-06 2.68131e-06 3.09131e-05
scan 230 80 88 0 0 0 0 0 0 0 0 0
scan 230 80 89 0 0 0 0 0 0 0 0 0
scan 230 80 90 0.000268131 0 0.000109464 8.04394e-06 8.04394e-06 8.04394e-06 1.34066e-05 1.60879e-05 0.000185479
scan 230 80 91 0.000223443 0 9.99266e-05 6.70328e-06 6.70328e-06 6.70328e-06 1.11721e-05 1.34066e-05 0.000154566
scan 230 80 92 0.000178754 0 8.93771e-05 5.36263e-06 5.36263e-06 5.36263e-06 8.93771e-06 1.07253e-05 0.000123653
scan 230 80 93 4.46885e-05 0 4.46885e-05 1.34066e-06 1.34066e-06 1.34066e-06 2.23443e-06 2.68131e-06 3.09131e-05
scan 230 80 94 0 0 0 0 0 0 0 0 0
scan 230 80 95 4.46885e-05 0 4.46885e-05 1.34066e-06 1.34066e-06 1.34066e-06 2.23443e-06 2.68131e-06 3.09131e-05
scan 230 80 96 8.93771e-05 0 6.31991e-05 2.68131e-06 2.68131e-06 2.68131e-06 4.46885e-06 5.36263e-06 6.18263e-05
scan 230 80 97 4.46885e-05 0 4.46885e-05 1.34066e-06 1.34066e-06 1.34066e-06 2.23443e-06 2.68131e-06 3.09131e-05
scan 230 80 98 4.46885e-05 0 4.46885e-05 1.34066e-06 1.34066e-06 1.34066e-06 2.23443e-06 2.68131e-06 3.09131e-05
scan 230 80 99 0 0 0 0 0 0 0 0 0
scan 230 80 100 0 0 0 0 0 0 0 0 0
scan 230 80 101 0 0 0 0 0 0 0 0 0
scan 230 80 102 8.93771e-05 0 6.31991e-05 2.68131e-06 2.68131e-06 2.68131e-06 4.46885e-06 5.36263e-06 6.18263e-05
scan 230 80 103 4.46885e-05 0 4.46885e-05 1.34066e-06 1.34066e-06 1.34066e-06 2.23443e-06 2.68131e-06 3.09131e-05
scan 230 80 104 0 0 0 0 0 0 0 0 0
scan 230 80 60 0 0 0 0 0 0 0 0 0
scan 230 80 61 0 0 0 0 0 0 0 0 0
scan 230 80 62 0 0 0 0 0 0 0 0 0
scan 230 80 63 0 0 0 0 0 0 0 0 0
scan 230 80 64 0 0 0 0 0 0 0 0 0
scan 230 80 65 0 0 0 0 0 0 0 0 0
scan 230 80 66 0 0 0 0 0 0 0 0 0
scan 230 80 67 0 0 0 0 0 0 0 0 0
scan 230 80 68 0 0 0 0 0 0 0 0 0
scan 230 80 69 0 0 0 0 0 0 0 0 0
scan 230 80 70 0 0 0 0 0 0 0 0 0
scan 230 80 71 0 0 0 0 0 0 0 0 0
scan 230 80 72 0 0 0 0 0 0 0 0 0
scan 230 80 73 0 0 0 0 0 0 0 0 0
scan 230 80 74 0 0 0 0 0 0 0 0 0
scan 230 80 120 0 0 0 0 0 0 0 0 0
scan 230 80 121 0 0 0 0 0 0 0 0 0
scan 230 80 122 0 0 0 0 0 0 0 0 0
scan 230 80 123 0 0 0 0 0 0 0 0 0
scan 230 80 124 0 0 0 0 0 0 0 0 0
scan 230 80 125 0 0 0 0 0 0 0 0 0
scan 230 80 126 0 0 0 0 0 0 0 0 0
scan 230 80 127 0 0 0 0 0 0 0 0 0
scan 230 80 128 0 0 0 0 0 0 0 0 0
scan 230 80 129 0 0 0 0 0 0 0 0 0
scan 230 80 130 0 0 0 0 0 0 0 0 0
scan 230 80 131 0 0 0 0 0 0 0 0 0
scan 230 80 132 0 0 0 0 0 0 0 0 0
scan 230 80 133 0 0 0 0 0 0 0 0 0
scan 230 80 134 0 0 0 0 0 0 0 0 0
scan 230 80 135 8.93771e-05 0 6.31991e-05 2.68131e-06 2.68131e-06 2.68131e-06 4.46885e-06 5.36263e-06 6.18263e-05
scan 230 80 136 8.93771e-05 0 6.31991e-05 2.68131e-06 2.68131e-06 2.68131e-06 4.46885e-06 5.36263e-06 6.18263e-05
scan 230 80 137 4.46885e-05 0 4.46885e-05 1.34066e-06 1.34066e-06 1.34066e-06 2.23443e-06 2.68131e-06 3.09131e-05
scan 230 80 138 0 0 0 0 0 0 0 0 0
scan 230 80 139 0 0 0 0 0 0 0 0 0
scan 230 80 140 0 0 0 0 0 0 0 0 0
scan 230 80 141 0 0 0 0 0 0 0 0 0
scan 230 80 142 0 0 0 0 0 0 0 0 0
scan 230 80 143 0 0 0 0 0 0 0 0 0
scan 230 80 144 0 0 0 0 0 0 0 0 0
scan 230 80 145 0 0 0 0 0 0 0 0 0
scan 230 80 146 4.46885e-05 0 4.46885e-05 1.34066e-06 1.34066e-06 1.34066e-06 2.23443e-06 2.68131e-06 3.09131e-05
scan 230 80 147 0 0 0 0 0 0 0 0 0
scan 230 80 148 0 0 0 0 0 0 0 0 0
scan 230 80 149 0 0 0 0 0 0 0 0 0
scan 230 80 60 0 0 0 0 0 0 0 0 0
scan 230 80 61 0 0 0 0 0 0 0 0 0
scan 230 80 62 0 0 0 0 0 0 0 0 0
scan 230 80 63 0 0 0 0 0 0 0 0 0
scan 230 80 64 0 0 0 0 0 0 0 0 0
scan 230 80 65 0 0 0 0 0 0 0 0 0
scan 230 80 66 0 0 0 0 0 0 0 0 0
scan 230 80 67 0 0 0 0 0 0 0 0 0
scan 230 80 68 0 0 0 0 0 0 0 0 0
scan 230 80 69 0 0 0 0 0 0 0 0 0
scan 230 80 70 0 0 0 0 0 0 0 0 0
scan 230 80 71 0 0 0 0 0 0 0 0 0
scan 230 80 72 0 0 0 0 0 0 0 0 0
scan 230 80 73 0 0 0 0 0 0 0 0 0
scan 230 80 74 0 0 0 0 0 0 0 0 0
scan 230 80 165 0 0 0 0 0 0 0 0 0
scan 230 80 166 0 0 0 0 0 0 0 0 0
scan 230 80 167 0 0 0 0 0 0 0 0 0
scan 230 80 168 0 0 0 0 0 0 0 0 0
scan 230 80 169 0 0 0 0 0 0 0 0 0
scan 230 80 170 0 0 0 0 0 0 0 0 0
scan 230 80 171 0 0 0 0 0 0 0 0 0
scan 230 80 172 0 0 0 0 0 0 0 0 0
scan 230 80 173 0 0 0 0 0 0 0 0 0
scan 230 80 174 0 0 0 0 0 0 0 0 0
scan 230 80 175 0 0 0 0 0 0 0 0 0
scan 230 80 176 0 0 0 0 0 0 0 0 0
scan 230 80 177 0 0 0 0 0 0 0 0 0
scan 230 80 178 0 0 0 0 0 0 0 0 0
scan 230 80 179 0 0 0 0 0 0 0 0 0
