xsec 400 230 0.0393429
scan 400 230 0 1.57387e-05 0 7.86936e-06 4.72162e-07 4.72162e-07 4.72162e-07 7.86936e-07 9.44323e-07 1.15632e-05
scan 400 230 1 2.36081e-05 0 9.63796e-06 7.08242e-07 7.08242e-07 7.08242e-07 1.1804e-06 1.41648e-06 1.73448e-05
scan 400 230 2 2.36081e-05 0 9.63796e-06 7.08242e-07 7.08242e-07 7.08242e-07 1.1804e-06 1.41648e-06 1.73448e-05
scan 400 230 3 1.57387e-05 0 7.86936e-06 4.72162e-07 4.72162e-07 4.72162e-07 7.86936e-07 9.44323e-07 1.15632e-05
scan 400 230 4 3.93468e-06 0 3.93468e-06 1.1804e-07 1.1804e-07 1.1804e-07 1.96734e-07 2.36081e-07 2.89079e-06
scan 400 230 5 0 0 0 0 0 0 0 0 0
scan 400 230 6 7.86936e-06 0 5.56448e-06 2.36081e-07 2.36081e-07 2.36081e-07 3.93468e-07 4.72162e-07 5.78159e-06
scan 400 230 7 1.57387e-05 0 7.86936e-06 4.72162e-07 4.72162e-07 4.72162e-07 7.86936e-07 9.44323e-07 1.15632e-05
scan 400 230 8 0 0 0 0 0 0 0 0 0
scan 400 230 9 3.93468e-06 0 3.93468e-06 1.1804e-07 1.1804e-07 1.1804e-07 1.96734e-07 2.36081e-07 2.89079e-06
scan 400 230 10 0 0 0 0 0 0 0 0 0
scan 400 230 11 3.93468e-06 0 3.93468e-06 1.1804e-07 1.1804e-07 1.1804e-07 1.96734e-07 2.36081e-07 2.89079e-06
scan 400 230 12 1.1804e-05 0 6.81506e-06 3.54121e-07 3.54121e-07 3.54121e-07 5.90202e-07 7.08242e-07 8.67238e-06
scan 400 230 13 2.36081e-05 0 9.63796e-06 7.08242e-07 7.08242e-07 7.08242e-07 1.1804e-06 1.41648e-06 1.73448e-05
scan 400 230 14 3.93468e-06 0 3.93468e-06 1.1804e-07 1.1804e-07 1.1804e-07 1.96734e-07 2.36081e-07 2.89079e-06
scan 400 230 15 0.000318709 0 3.54121e-05 9.56127e-06 9.56127e-06 9.56127e-06 1.59355e-05 1.91225e-05 0.000234154
scan 400 230 16 0.000629549 0 4.97702e-05 1.88865e-05 1.88865e-05 1.88865e-05 3.14774e-05 3.77729e-05 0.000462527
scan 400 230 17 0.000491835 0 4.39911e-05 1.4755e-05 1.4755e-05 1.4755e-05 2.45917e-05 2.95101e-05 0.000361349
scan 400 230 18 0.000224277 0 2.97062e-05 6.7283e-06 6.7283e-06 6.7283e-06 1.12138e-05 1.34566e-05 0.000164775
scan 400 230 19 0.000224277 0 2.97062e-05 6.7283e-06 6.7283e-06 6.7283e-06 1.12138e-05 1.34566e-05 0.000164775
scan 400 230 20 2.75428e-05 0 1.04102e-05 8.26283e-07 8.26283e-07 8.26283e-07 1.37714e-06 1.65257e-06 2.02356e-05
scan 400 230 21 0.000173126 0 2.60997e-05 5.19378e-06 5.19378e-06 5.19378e-06 8.65629e-06 1.03876e-05 0.000127195
scan 400 230 22 0.000212473 0 2.89139e-05 6.37418e-06 6.37418e-06 6.37418e-06 1.06236e-05 1.27484e-05 0.000156103
scan 400 230 23 0.00012591 0 2.22579e-05 3.77729e-06 3.77729e-06 3.77729e-06 6.29549e-06 7.55458e-06 9.25054e-05
scan 400 230 24 6.29549e-05 0 1.57387e-05 1.88865e-06 1.88865e-06 1.88865e-06 3.14774e-06 3.77729e-06 4.62527e-05
scan 400 230 25 3.93468e-06 0 3.93468e-06 1.1804e-07 1.1804e-07 1.1804e-07 1.96734e-07 2.36081e-07 2.89079e-06
scan 400 230 26 0.000137714 0 2.32779e-05 4.13141e-06 4.13141e-06 4.13141e-06 6.88569e-06 8.26283e-06 0.000101178
scan 400 230 27 0.000326578 0 3.58466e-05 9.79735e-06 9.79735e-06 9.79735e-06 1.63289e-05 1.95947e-05 0.000239936
scan 400 230 28 0.000377729 0 3.85518e-05 1.13319e-05 1.13319e-05 1.13319e-05 1.88865e-05 2.26638e-05 0.000277516
scan 400 230 29 0.000263624 0 3.22067e-05 7.90871e-06 7.90871e-06 7.90871e-06 1.31812e-05 1.58174e-05 0.000193683
scan 400 230 30 1.57387e-05 0 7.86936e-06 4.72162e-07 4.72162e-07 4.72162e-07 7.86936e-07 9.44323e-07 1.15632e-05
scan 400 230 31 7.86936e-06 0 5.56448e-06 2.36081e-07 2.36081e-07 2.36081e-07 3.93468e-07 4.72162e-07 5.78159e-06
scan 400 230 32 1.1804e-05 0 6.81506e-06 3.54121e-07 3.54121e-07 3.54121e-07 5.90202e-07 7.08242e-07 8.67238e-06
scan 400 230 33 3.93468e-06 0 3.93468e-06 1.1804e-07 1.1804e-07 1.1804e-07 1.96734e-07 2.36081e-07 2.89079e-06
scan 400 230 34 0 0 0 0 0 0 0 0 0
scan 400 230 35 0 0 0 0 0 0 0 0 0
scan 400 230 36 3.93468e-06 0 3.93468e-06 1.1804e-07 1.1804e-07 1.1804e-07 1.96734e-07 2.36081e-07 2.89079e-06
scan 400 230 37 3.93468e-06 0 3.93468e-06 1.1804e-07 1.1804e-07 1.1804e-07 1.96734e-07 2.36081e-07 2.89079e-06
scan 400 230 38 3.93468e-06 0 3.93468e-06 1.1804e-07 1.1804e-07 1.1804e-07 1.96734e-07 2.36081e-07 2.89079e-06
scan 400 230 39 0 0 0 0 0 0 0 0 0
scan 400 230 40 0 0 0 0 0 0 0 0 0
scan 400 230 41 0 0 0 0 0 0 0 0 0
scan 400 230 42 1.1804e-05 0 6.81506e-06 3.54121e-07 3.54121e-07 3.54121e-07 5.90202e-07 7.08242e-07 8.67238e-06
scan 400 230 43 0 0 0 0 0 0 0 0 0
scan 400 230 44 7.86936e-06 0 5.56448e-06 2.36081e-07 2.36081e-07 2.36081e-07 3.93468e-07 4.72162e-07 5.78159e-06
scan 400 230 45 0 0 0 0 0 0 0 0 0
scan 400 230 46 1.1804e-05 0 6.81506e-06 3.54121e-07 3.54121e-07 3.54121e-07 5.90202e-07 7.08242e-07 8.67238e-06
scan 400 230 47 0 0 0 0 0 0 0 0 0
scan 400 230 48 0 0 0 0 0 0 0 0 0
scan 400 230 49 0 0 0 0 0 0 0 0 0
scan 400 230 50 0 0 0 0 0 0 0 0 0
scan 400 230 51 0 0 0 0 0 0 0 0 0
scan 400 230 52 0 0 0 0 0 0 0 0 0
scan 400 230 53 0 0 0 0 0 0 0 0 0
scan 400 230 54 0 0 0 0 0 0 0 0 0
scan 400 230 55 0 0 0 0 0 0 0 0 0
scan 400 230 56 0 0 0 0 0 0 0 0 0
scan 400 230 57 0 0 0 0 0 0 0 0 0
scan 400 230 58 0 0 0 0 0 0 0 0 0
scan 400 230 59 0 0 0 0 0 0 0 0 0
scan 400 230 60 0 0 0 0 0 0 0 0 0
scan 400 230 61 0 0 0 0 0 0 0 0 0
scan 400 230 62 0 0 0 0 0 0 0 0 0
scan 400 230 63 0 0 0 0 0 0 0 0 0
scan 400 230 64 0 0 0 0 0 0 0 0 0
scan 400 230 65 0 0 0 0 0 0 0 0 0
scan 400 230 66 0 0 0 0 0 0 0 0 0
scan 400 230 67 0 0 0 0 0 0 0 0 0
scan 400 230 68 0 0 0 0 0 0 0 0 0
scan 400 230 69 0 0 0 0 0 0 0 0 0
scan 400 230 70 0 0 0 0 0 0 0 0 0
scan 400 230 71 0 0 0 0 0 0 0 0 0
scan 400 230 72 0 0 0 0 0 0 0 0 0
scan 400 230 73 0 0 0 0 0 0 0 0 0
scan 400 230 74 0 0 0 0 0 0 0 0 0
scan 400 230 75 0 0 0 0 0 0 0 0 0
scan 400 230 76 0 0 0 0 0 0 0 0 0
scan 400 230 77 0 0 0 0 0 0 0 0 0
scan 400 230 78 0 0 0 0 0 0 0 0 0
scan 400 230 79 0 0 0 0 0 0 0 0 0
scan 400 230 80 0 0 0 0 0 0 0 0 0
scan 400 230 81 0 0 0 0 0 0 0 0 0
scan 400 230 82 0 0 0 0 0 0 0 0 0
scan 400 230 83 0 0 0 0 0 0 0 0 0
scan 400 230 84 0 0 0 0 0 0 0 0 0
scan 400 230 85 0 0 0 0 0 0 0 0 0
scan 400 230 86 0 0 0 0 0 0 0 0 0
scan 400 230 87 0 0 0 0 0 0 0 0 0
scan 400 230 88 0 0 0 0 0 0 0 0 0
scan 400 230 89 0 0 0 0 0 0 0 0 0
scan 400 230 90 3.14774e-05 0 1.1129e-05 9.44323e-07 9.44323e-07 9.44323e-07 1.57387e-06 1.88865e-06 2.31264e-05
scan 400 230 91 2.36081e-05 0 9.63796e-06 7.08242e-07 7.08242e-07 7.08242e-07 1.1804e-06 1.41648e-06 1.73448e-05
scan 400 230 92 3.93468e-06 0 3.93468e-06 1.1804e-07 1.1804e-07 1.1804e-07 1.96734e-07 2.36081e-07 2.89079e-06
scan 400 230 93 0 0 0 0 0 0 0 0 0
scan 400 230 94 0 0 0 0 0 0 0 0 0
scan 400 230 95 0 0 0 0 0 0 0 0 0
scan 400 230 96 0 0 0 0 0 0 0 0 0
scan 400 230 97 7.86936e-06 0 5.56448e-06 2.36081e-07 2.36081e-07 2.36081e-07 3.93468e-07 4.72162e-07 5.78159e-06
scan 400 230 98 0 0 0 0 0 0 0 0 0
scan 400 230 99 0 0 0 0 0 0 0 0 0
scan 400 230 100 0 0 0 0 0 0 0 0 0
scan 400 230 101 0 0 0 0 0 0 0 0 0
scan 400 230 102 3.93468e-06 0 3.93468e-06 1.1804e-07 1.1804e-07 1.1804e-07 1.96734e-07 2.36081e-07 2.89079e-06
scan 400 230 103 1.1804e-05 0 6.81506e-06 3.54121e-07 3.54121e-07 3.54121e-07 5.90202e-07 7.08242e-07 8.67238e-06
scan 400 230 104 3.93468e-06 0 3.93468e-06 1.1804e-07 1.1804e-07 1.1804e-07 1.96734e-07 2.36081e-07 2.89079e-06
scan 400 230 60 0 0 0 0 0 0 0 0 0
scan 400 230 61 0 0 0 0 0 0 0 0 0
scan 400 230 62 0 0 0 0 0 0 0 0 0
scan 400 230 63 0 0 0 0 0 0 0 0 0
scan 400 230 64 0 0 0 0 0 0 0 0 0
scan 400 230 65 0 0 0 0 0 0 0 0 0
scan 400 230 66 0 0 0 0 0 0 0 0 0
scan 400 230 67 0 0 0 0 0 0 0 0 0
scan 400 230 68 0 0 0 0 0 0 0 0 0
scan 400 230 69 0 0 0 0 0 0 0 0 0
scan 400 230 70 0 0 0 0 0 0 0 0 0
scan 400 230 71 0 0 0 0 0 0 0 0 0
scan 400 230 72 0 0 0 0 0 0 0 0 0
scan 400 230 73 0 0 0 0 0 0 0 0 0
scan 400 230 74 0 0 0 0 0 0 0 0 0
scan 400 230 120 0 0 0 0 0 0 0 0 0
scan 400 230 121 0 0 0 0 0 0 0 0 0
scan 400 230 122 0 0 0 0 0 0 0 0 0
scan 400 230 123 0 0 0 0 0 0 0 0 0
scan 400 230 124 0 0 0 0 0 0 0 0 0
scan 400 230 125 0 0 0 0 0 0 0 0 0
scan 400 230 126 0 0 0 0 0 0 0 0 0
scan 400 230 127 0 0 0 0 0 0 0 0 0
scan 400 230 128 0 0 0 0 0 0 0 0 0
scan 400 230 129 0 0 0 0 0 0 0 0 0
scan 400 230 130 0 0 0 0 0 0 0 0 0
scan 400 230 131 0 0 0 0 0 0 0 0 0
scan 400 230 132 0 0 0 0 0 0 0 0 0
scan 400 230 133 0 0 0 0 0 0 0 0 0
scan 400 230 134 0 0 0 0 0 0 0 0 0
scan 400 230 135 3.93468e-06 0 3.93468e-06 1.1804e-07 1.1804e-07 1.1804e-07 1.96734e-07 2.36081e-07 2.89079e-06
scan 400 230 136 3.93468e-06 0 3.93468e-06 1.1804e-07 1.1804e-07 1.1804e-07 1.96734e-07 2.36081e-07 2.89079e-06
scan 400 230 137 0 0 0 0 0 0 0 0 0
scan 400 230 138 7.86936e-06 0 5.56448e-06 2.36081e-07 2.36081e-07 2.36081e-07 3.93468e-07 4.72162e-07 5.78159e-06
scan 400 230 139 3.93468e-06 0 3.93468e-06 1.1804e-07 1.1804e-07 1.1804e-07 1.96734e-07 2.36081e-07 2.89079e-06
scan 400 230 140 0 0 0 0 0 0 0 0 0
scan 400 230 141 3.93468e-06 0 3.93468e-06 1.1804e-07 1.1804e-07 1.1804e-07 1.96734e-07 2.36081e-07 2.89079e-06
scan 400 230 142 0 0 0 0 0 0 0 0 0
scan 400 230 143 3.93468e-06 0 3.93468e-06 1.1804e-07 1.1804e-07 1.1804e-07 1.96734e-07 2.36081e-07 2.89079e-06
scan 400 230 144 0 0 0 0 0 0 0 0 0
scan 400 230 145 0 0 0 0 0 0 0 0 0
scan 400 230 146 0 0 0 0 0 0 0 0 0
scan 400 230 147 0 0 0 0 0 0 0 0 0
scan 400 230 148 0 0 0 0 0 0 0 0 0
scan 400 230 149 0 0 0 0 0 0 0 0 0
scan 400 230 60 0 0 0 0 0 0 0 0 0
scan 400 230 61 0 0 0 0 0 0 0 0 0
scan 400 230 62 0 0 0 0 0 0 0 0 0
scan 400 230 63 0 0 0 0 0 0 0 0 0
scan 400 230 64 0 0 0 0 0 0 0 0 0
scan 400 230 65 0 0 0 0 0 0 0 0 0
scan 400 230 66 0 0 0 0 0 0 0 0 0
scan 400 230 67 0 0 0 0 0 0 0 0 0
scan 400 230 68 0 0 0 0 0 0 0 0 0
scan 400 230 69 0 0 0 0 0 0 0 0 0
scan 400 230 70 0 0 0 0 0 0 0 0 0
scan 400 230 71 0 0 0 0 0 0 0 0 0
scan 400 230 72 0 0 0 0 0 0 0 0 0
scan 400 230 73 0 0 0 0 0 0 0 0 0
scan 400 230 74 0 0 0 0 0 0 0 0 0
scan 400 230 165 0 0 0 0 0 0 0 0 0
scan 400 230 166 0 0 0 0 0 0 0 0 0
scan 400 230 167 0 0 0 0 0 0 0 0 0
scan 400 230 168 0 0 0 0 0 0 0 0 0
scan 400 230 169 0 0 0 0 0 0 0 0 0
scan 400 230 170 0 0 0 0 0 0 0 0 0
scan 400 230 171 0 0 0 0 0 0 0 0 0
scan 400 230 172 0 0 0 0 0 0 0 0 0
scan 400 230 173 0 0 0 0 0 0 0 0 0
scan 400 230 174 0 0 0 0 0 0 0 0 0
scan 400 230 175 0 0 0 0 0 0 0 0 0
scan 400 230 176 0 0 0 0 0 0 0 0 0
scan 400 230 177 0 0 0 0 0 0 0 0 0
scan 400 230 178 0 0 0 0 0 0 0 0 0
scan 400 230 179 0 0 0 0 0 0 0 0 0
