xsec 330 0 0.0956128
scan 330 0 0 9.56128e-06 0 9.56128e-06 2.86839e-07 2.86839e-07 2.86839e-07 4.78064e-07 5.73677e-07 6.88133e-06
scan 330 0 1 5.73677e-05 0 2.34203e-05 1.72103e-06 1.72103e-06 1.72103e-06 2.86839e-06 3.44206e-06 4.1288e-05
scan 330 0 2 3.82451e-05 0 1.91226e-05 1.14735e-06 1.14735e-06 1.14735e-06 1.91226e-06 2.29471e-06 2.75253e-05
scan 330 0 3 2.86839e-05 0 1.65606e-05 8.60516e-07 8.60516e-07 8.60516e-07 1.43419e-06 1.72103e-06 2.0644e-05
scan 330 0 4 9.56128e-06 0 9.56128e-06 2.86839e-07 2.86839e-07 2.86839e-07 4.78064e-07 5.73677e-07 6.88133e-06
scan 330 0 5 0 0 0 0 0 0 0 0 0
scan 330 0 6 1.91226e-05 0 1.35217e-05 5.73677e-07 5.73677e-07 5.73677e-07 9.56128e-07 1.14735e-06 1.37627e-05
scan 330 0 7 9.56128e-06 0 9.56128e-06 2.86839e-07 2.86839e-07 2.86839e-07 4.78064e-07 5.73677e-07 6.88133e-06
scan 330 0 8 3.82451e-05 0 1.91226e-05 1.14735e-06 1.14735e-06 1.14735e-06 1.91226e-06 2.29471e-06 2.75253e-05
scan 330 0 9 0 0 0 0 0 0 0 0 0
scan 330 0 10 0 0 0 0 0 0 0 0 0
scan 330 0 11 9.56128e-06 0 9.56128e-06 2.86839e-07 2.86839e-07 2.86839e-07 4.78064e-07 5.73677e-07 6.88133e-06
scan 330 0 12 2.86839e-05 0 1.65606e-05 8.60516e-07 8.60516e-07 8.60516e-07 1.43419e-06 1.72103e-06 2.0644e-05
scan 330 0 13 2.86839e-05 0 1.65606e-05 8.60516e-07 8.60516e-07 8.60516e-07 1.43419e-06 1.72103e-06 2.0644e-05
scan 330 0 14 6.6929e-05 0 2.52968e-05 2.00787e-06 2.00787e-06 2.00787e-06 3.34645e-06 4.01574e-06 4.81693e-05
scan 330 0 15 0.000392013 0 6.12221e-05 1.17604e-05 1.17604e-05 1.17604e-05 1.96006e-05 2.35208e-05 0.000282135
scan 330 0 16 0.000803148 0 8.76306e-05 2.40944e-05 2.40944e-05 2.40944e-05 4.01574e-05 4.81889e-05 0.000578032
scan 330 0 17 0.000841393 0 8.96928e-05 2.52418e-05 2.52418e-05 2.52418e-05 4.20696e-05 5.04836e-05 0.000605557
scan 330 0 18 0.000621483 0 7.70855e-05 1.86445e-05 1.86445e-05 1.86445e-05 3.10742e-05 3.7289e-05 0.000447287
scan 330 0 19 0.000717096 0 8.28031e-05 2.15129e-05 2.15129e-05 2.15129e-05 3.58548e-05 4.30258e-05 0.0005161
scan 330 0 20 4.78064e-05 0 2.13797e-05 1.43419e-06 1.43419e-06 1.43419e-06 2.39032e-06 2.86839e-06 3.44067e-05
scan 330 0 21 0.000258155 0 4.96819e-05 7.74464e-06 7.74464e-06 7.74464e-06 1.29077e-05 1.54893e-05 0.000185796
scan 330 0 22 0.000267716 0 5.05936e-05 8.03148e-06 8.03148e-06 8.03148e-06 1.33858e-05 1.6063e-05 0.000192677
scan 330 0 23 0.000229471 0 4.68405e-05 6.88412e-06 6.88412e-06 6.88412e-06 1.14735e-05 1.37682e-05 0.000165152
scan 330 0 24 0.000315522 0 5.49254e-05 9.46567e-06 9.46567e-06 9.46567e-06 1.57761e-05 1.89313e-05 0.000227084
scan 330 0 25 9.56128e-06 0 9.56128e-06 2.86839e-07 2.86839e-07 2.86839e-07 4.78064e-07 5.73677e-07 6.88133e-06
scan 330 0 26 0.000229471 0 4.68405e-05 6.88412e-06 6.88412e-06 6.88412e-06 1.14735e-05 1.37682e-05 0.000165152
scan 330 0 27 0.00082227 0 8.86677e-05 2.46681e-05 2.46681e-05 2.46681e-05 4.11135e-05 4.93362e-05 0.000591795
scan 330 0 28 0.000946567 0 9.51336e-05 2.8397e-05 2.8397e-05 2.8397e-05 4.73284e-05 5.6794e-05 0.000681252
scan 330 0 29 0.00178796 0 0.000130749 5.36388e-05 5.36388e-05 5.36388e-05 8.9398e-05 0.000107278 0.00128681
scan 330 0 30 0 0 0 0 0 0 0 0 0
scan 330 0 31 2.86839e-05 0 1.65606e-05 8.60516e-07 8.60516e-07 8.60516e-07 1.43419e-06 1.72103e-06 2.0644e-05
scan 330 0 32 9.56128e-06 0 9.56128e-06 2.86839e-07 2.86839e-07 2.86839e-07 4.78064e-07 5.73677e-07 6.88133e-06
scan 330 0 33 3.82451e-05 0 1.91226e-05 1.14735e-06 1.14735e-06 1.14735e-06 1.91226e-06 2.29471e-06 2.75253e-05
scan 330 0 34 0 0 0 0 0 0 0 0 0
scan 330 0 35 0 0 0 0 0 0 0 0 0
scan 330 0 36 9.56128e-06 0 9.56128e-06 2.86839e-07 2.86839e-07 2.86839e-07 4.78064e-07 5.73677e-07 6.88133e-06
scan 330 0 37 0 0 0 0 0 0 0 0 0
scan 330 0 38 0 0 0 0 0 0 0 0 0
scan 330 0 39 0 0 0 0 0 0 0 0 0
scan 330 0 40 0 0 0 0 0 0 0 0 0
scan 330 0 41 9.56128e-06 0 9.56128e-06 2.86839e-07 2.86839e-07 2.86839e-07 4.78064e-07 5.73677e-07 6.88133e-06
scan 330 0 42 2.86839e-05 0 1.65606e-05 8.60516e-07 8.60516e-07 8.60516e-07 1.43419e-06 1.72103e-06 2.0644e-05
scan 330 0 43 4.78064e-05 0 2.13797e-05 1.43419e-06 1.43419e-06 1.43419e-06 2.39032e-06 2.86839e-06 3.44067e-05
scan 330 0 44 1.91226e-05 0 1.35217e-05 5.73677e-07 5.73677e-07 5.73677e-07 9.56128e-07 1.14735e-06 1.37627e-05
scan 330 0 45 0 0 0 0 0 0 0 0 0
scan 330 0 46 2.86839e-05 0 1.65606e-05 8.60516e-07 8.60516e-07 8.60516e-07 1.43419e-06 1.72103e-06 2.0644e-05
scan 330 0 47 0 0 0 0 0 0 0 0 0
scan 330 0 48 0 0 0 0 0 0 0 0 0
scan 330 0 49 0 0 0 0 0 0 0 0 0
scan 330 0 50 0 0 0 0 0 0 0 0 0
scan 330 0 51 0 0 0 0 0 0 0 0 0
scan 330 0 52 9.56128e-06 0 9.56128e-06 2.86839e-07 2.86839e-07 2.86839e-07 4.78064e-07 5.73677e-07 6.88133e-06
scan 330 0 53 0 0 0 0 0 0 0 0 0
scan 330 0 54 0 0 0 0 0 0 0 0 0
scan 330 0 55 0 0 0 0 0 0 0 0 0
scan 330 0 56 0 0 0 0 0 0 0 0 0
scan 330 0 57 3.82451e-05 0 1.91226e-05 1.14735e-06 1.14735e-06 1.14735e-06 1.91226e-06 2.29471e-06 2.75253e-05
scan 330 0 58 9.56128e-06 0 9.56128e-06 2.86839e-07 2.86839e-07 2.86839e-07 4.78064e-07 5.73677e-07 6.88133e-06
scan 330 0 59 0 0 0 0 0 0 0 0 0
scan 330 0 60 0 0 0 0 0 0 0 0 0
scan 330 0 61 0 0 0 0 0 0 0 0 0
scan 330 0 62 0 0 0 0 0 0 0 0 0
scan 330 0 63 0 0 0 0 0 0 0 0 0
scan 330 0 64 0 0 0 0 0 0 0 0 0
scan 330 0 65 0 0 0 0 0 0 0 0 0
scan 330 0 66 0 0 0 0 0 0 0 0 0
scan 330 0 67 0 0 0 0 0 0 0 0 0
scan 330 0 68 0 0 0 0 0 0 0 0 0
scan 330 0 69 0 0 0 0 0 0 0 0 0
scan 330 0 70 0 0 0 0 0 0 0 0 0
scan 330 0 71 0 0 0 0 0 0 0 0 0
scan 330 0 72 0 0 0 0 0 0 0 0 0
scan 330 0 73 0 0 0 0 0 0 0 0 0
scan 330 0 74 0 0 0 0 0 0 0 0 0
scan 330 0 75 0 0 0 0 0 0 0 0 0
scan 330 0 76 0 0 0 0 0 0 0 0 0
scan 330 0 77 0 0 0 0 0 0 0 0 0
scan 330 0 78 0 0 0 0 0 0 0 0 0
scan 330 0 79 0 0 0 0 0 0 0 0 0
scan 330 0 80 0 0 0 0 0 0 0 0 0
scan 330 0 81 0 0 0 0 0 0 0 0 0
scan 330 0 82 0 0 0 0 0 0 0 0 0
scan 330 0 83 0 0 0 0 0 0 0 0 0
scan 330 0 84 0 0 0 0 0 0 0 0 0
scan 330 0 85 0 0 0 0 0 0 0 0 0
scan 330 0 86 0 0 0 0 0 0 0 0 0
scan 330 0 87 0 0 0 0 0 0 0 0 0
scan 330 0 88 0 0 0 0 0 0 0 0 0
scan 330 0 89 0 0 0 0 0 0 0 0 0
scan 330 0 90 1.91226e-05 0 1.35217e-05 5.73677e-07 5.73677e-07 5.73677e-07 9.56128e-07 1.14735e-06 1.37627e-05
scan 330 0 91 6.6929e-05 0 2.52968e-05 2.00787e-06 2.00787e-06 2.00787e-06 3.34645e-06 4.01574e-06 4.81693e-05
scan 330 0 92 1.91226e-05 0 1.35217e-05 5.73677e-07 5.73677e-07 5.73677e-07 9.56128e-07 1.14735e-06 1.37627e-05
scan 330 0 93 9.56128e-06 0 9.56128e-06 2.86839e-07 2.86839e-07 2.86839e-07 4.78064e-07 5.73677e-07 6.88133e-06
scan 330 0 94 0 0 0 0 0 0 0 0 0
scan 330 0 95 0 0 0 0 0 0 0 0 0
scan 330 0 96 0 0 0 0 0 0 0 0 0
scan 330 0 97 0 0 0 0 0 0 0 0 0
scan 330 0 98 0 0 0 0 0 0 0 0 0
scan 330 0 99 9.56128e-06 0 9.56128e-06 2.86839e-07 2.86839e-07 2.86839e-07 4.78064e-07 5.73677e-07 6.88133e-06
scan 330 0 100 0 0 0 0 0 0 0 0 0
scan 330 0 101 9.56128e-06 0 9.56128e-06 2.86839e-07 2.86839e-07 2.86839e-07 4.78064e-07 5.73677e-07 6.88133e-06
scan 330 0 102 9.56128e-06 0 9.56128e-06 2.86839e-07 2.86839e-07 2.86839e-07 4.78064e-07 5.73677e-07 6.88133e-06
scan 330 0 103 1.91226e-05 0 1.35217e-05 5.73677e-07 5.73677e-07 5.73677e-07 9.56128e-07 1.14735e-06 1.37627e-05
scan 330 0 104 1.91226e-05 0 1.35217e-05 5.73677e-07 5.73677e-07 5.73677e-07 9.56128e-07 1.14735e-06 1.37627e-05
scan 330 0 60 0 0 0 0 0 0 0 0 0
scan 330 0 61 0 0 0 0 0 0 0 0 0
scan 330 0 62 0 0 0 0 0 0 0 0 0
scan 330 0 63 0 0 0 0 0 0 0 0 0
scan 330 0 64 0 0 0 0 0 0 0 0 0
scan 330 0 65 0 0 0 0 0 0 0 0 0
scan 330 0 66 0 0 0 0 0 0 0 0 0
scan 330 0 67 0 0 0 0 0 0 0 0 0
scan 330 0 68 0 0 0 0 0 0 0 0 0
scan 330 0 69 0 0 0 0 0 0 0 0 0
scan 330 0 70 0 0 0 0 0 0 0 0 0
scan 330 0 71 0 0 0 0 0 0 0 0 0
scan 330 0 72 0 0 0 0 0 0 0 0 0
scan 330 0 73 0 0 0 0 0 0 0 0 0
scan 330 0 74 0 0 0 0 0 0 0 0 0
scan 330 0 120 0 0 0 0 0 0 0 0 0
scan 330 0 121 0 0 0 0 0 0 0 0 0
scan 330 0 122 0 0 0 0 0 0 0 0 0
scan 330 0 123 0 0 0 0 0 0 0 0 0
scan 330 0 124 0 0 0 0 0 0 0 0 0
scan 330 0 125 0 0 0 0 0 0 0 0 0
scan 330 0 126 0 0 0 0 0 0 0 0 0
scan 330 0 127 0 0 0 0 0 0 0 0 0
scan 330 0 128 0 0 0 0 0 0 0 0 0
scan 330 0 129 0 0 0 0 0 0 0 0 0
scan 330 0 130 0 0 0 0 0 0 0 0 0
scan 330 0 131 0 0 0 0 0 0 0 0 0
scan 330 0 132 0 0 0 0 0 0 0 0 0
scan 330 0 133 0 0 0 0 0 0 0 0 0
scan 330 0 134 0 0 0 0 0 0 0 0 0
scan 330 0 135 9.56128e-06 0 9.56128e-06 2.86839e-07 2.86839e-07 2.86839e-07 4.78064e-07 5.73677e-07 6.88133e-06
scan 330 0 136 2.86839e-05 0 1.65606e-05 8.60516e-07 8.60516e-07 8.60516e-07 1.43419e-06 1.72103e-06 2.0644e-05
scan 330 0 137 9.56128e-06 0 9.56128e-06 2.86839e-07 2.86839e-07 2.86839e-07 4.78064e-07 5.73677e-07 6.88133e-06
scan 330 0 138 0 0 0 0 0 0 0 0 0
scan 330 0 139 0 0 0 0 0 0 0 0 0
scan 330 0 140 0 0 0 0 0 0 0 0 0
scan 330 0 141 1.91226e-05 0 1.35217e-05 5.73677e-07 5.73677e-07 5.73677e-07 9.56128e-07 1.14735e-06 1.37627e-05
scan 330 0 142 0 0 0 0 0 0 0 0 0
scan 330 0 143 0 0 0 0 0 0 0 0 0
scan 330 0 144 0 0 0 0 0 0 0 0 0
scan 330 0 145 0 0 0 0 0 0 0 0 0
scan 330 0 146 0 0 0 0 0 0 0 0 0
scan 330 0 147 0 0 0 0 0 0 0 0 0
scan 330 0 148 0 0 0 0 0 0 0 0 0
scan 330 0 149 9.56128e-06 0 9.56128e-06 2.86839e-07 2.86839e-07 2.86839e-07 4.78064e-07 5.73677e-07 6.88133e-06
scan 330 0 60 0 0 0 0 0 0 0 0 0
scan 330 0 61 0 0 0 0 0 0 0 0 0
scan 330 0 62 0 0 0 0 0 0 0 0 0
scan 330 0 63 0 0 0 0 0 0 0 0 0
scan 330 0 64 0 0 0 0 0 0 0 0 0
scan 330 0 65 0 0 0 0 0 0 0 0 0
scan 330 0 66 0 0 0 0 0 0 0 0 0
scan 330 0 67 0 0 0 0 0 0 0 0 0
scan 330 0 68 0 0 0 0 0 0 0 0 0
scan 330 0 69 0 0 0 0 0 0 0 0 0
scan 330 0 70 0 0 0 0 0 0 0 0 0
scan 330 0 71 0 0 0 0 0 0 0 0 0
scan 330 0 72 0 0 0 0 0 0 0 0 0
scan 330 0 73 0 0 0 0 0 0 0 0 0
scan 330 0 74 0 0 0 0 0 0 0 0 0
scan 330 0 165 0 0 0 0 0 0 0 0 0
scan 330 0 166 0 0 0 0 0 0 0 0 0
scan 330 0 167 0 0 0 0 0 0 0 0 0
scan 330 0 168 0 0 0 0 0 0 0 0 0
scan 330 0 169 0 0 0 0 0 0 0 0 0
scan 330 0 170 0 0 0 0 0 0 0 0 0
scan 330 0 171 0 0 0 0 0 0 0 0 0
scan 330 0 172 9.56128e-06 0 9.56128e-06 2.86839e-07 2.86839e-07 2.86839e-07 4.78064e-07 5.73677e-07 6.88133e-06
scan 330 0 173 0 0 0 0 0 0 0 0 0
scan 330 0 174 0 0 0 0 0 0 0 0 0
scan 330 0 175 0 0 0 0 0 0 0 0 0
scan 330 0 176 0 0 0 0 0 0 0 0 0
scan 330 0 177 0 0 0 0 0 0 0 0 0
scan 330 0 178 0 0 0 0 0 0 0 0 0
scan 330 0 179 0 0 0 0 0 0 0 0 0
