xsec 350 50 0.073732
scan  350 50 30 0 5.96899e-05 0 0 0 0 0 0 0 
scan  350 50 35 0 5.96899e-05 0 0 0 0 0 0 0 
scan  350 50 40 0 5.96899e-05 0 0 0 0 0 0 0 
scan  350 50 31 6.52454e-07 5.2346e-05 6.52454e-07 0 -1.42338e-07 0 0 6.62315e-07 0 
scan  350 50 36 0 5.96899e-05 0 0 0 0 0 0 0 
scan  350 50 41 6.372e-07 5.22354e-05 6.372e-07 -6.65203e-09 -1.13231e-07 0 0 0 0 
scan  350 50 32 1.05203e-05 4.56205e-05 8.06779e-06 -2.37916e-07 -3.77291e-07 0 0 -6.62315e-07 0 
scan  350 50 37 0 5.96899e-05 0 0 0 0 0 0 0 
scan  350 50 42 5.26859e-07 5.22341e-05 5.26859e-07 0 -8.88519e-08 0 0 0 0 
scan  350 50 33 2.46696e-05 5.07052e-05 1.79186e-05 -5.74032e-07 -3.67355e-06 0 0 -1.52314e-05 0 
scan  350 50 38 0 5.96899e-05 0 0 0 0 0 0 0 
scan  350 50 43 3.67702e-05 5.65286e-05 2.55109e-05 -8.68021e-07 -3.56099e-07 0 0 -2.28301e-05 0 
scan  350 50 34 3.30353e-06 3.73718e-05 2.20696e-06 -7.69024e-08 -1.39061e-07 0 0 0 0 
scan  350 50 39 0 5.96899e-05 0 0 0 0 0 0 0 
scan  350 50 44 5.89345e-05 4.91593e-05 3.16996e-05 -8.07735e-07 -9.53042e-07 0 0 0 0 
scan  350 50 0 4.09359e-07 5.22308e-05 4.09359e-07 0 -2.3523e-07 0 0 0 0 
scan  350 50 5 0 5.96899e-05 0 0 0 0 0 0 0 
scan  350 50 10 0 5.96899e-05 0 0 0 0 0 0 0 
scan  350 50 1 0.000107645 0.000121972 0.000106397 -3.65892e-08 -4.64791e-05 0 0 0 0 
scan  350 50 6 0 5.96918e-05 0 0 0 0 0 0 0 
scan  350 50 11 4.01973e-06 4.49714e-05 3.48157e-06 -3.0254e-08 -8.26322e-07 0 0 0 0 
scan  350 50 2 3.36254e-06 3.7435e-05 2.31512e-06 -3.20677e-08 -4.10068e-07 0 0 0 0 
scan  350 50 7 2.34877e-05 4.23786e-05 1.976e-05 -1.24174e-07 -3.68057e-06 0 0 0 0 
scan  350 50 12 1.20664e-05 3.83925e-05 8.60627e-06 -2.29025e-07 -2.59588e-07 0 0 0 0 
scan  350 50 3 4.01624e-05 5.13438e-05 3.2037e-05 -1.87016e-07 -7.78846e-06 0 0 0 0 
scan  350 50 8 0 5.96899e-05 0 0 0 0 0 0 0 
scan  350 50 13 1.79581e-05 3.8672e-05 9.45568e-06 -4.03002e-07 -3.45002e-06 0 0 6.59908e-07 0 
scan  350 50 4 4.16771e-06 5.38463e-05 4.16771e-06 -8.74715e-08 -1.13883e-07 0 0 0 0 
scan  350 50 9 1.0995e-05 5.33737e-05 1.0995e-05 -1.14782e-07 -1.27167e-07 0 0 0 0 
scan  350 50 14 4.43064e-05 4.53679e-05 2.57527e-05 -9.29777e-07 -1.02894e-06 0 0 6.59908e-07 0 
scan  350 50 15 0.000245554 8.56793e-05 7.38387e-05 -4.19682e-06 -1.67065e-05 0 0 0 0 
scan  350 50 20 6.95464e-05 5.18966e-05 4.18192e-05 -1.41771e-06 -6.86061e-06 0 0 0 0 
scan  350 50 25 6.27052e-05 8.96321e-05 6.27052e-05 -1.31605e-06 -3.36111e-07 0 0 0 0 
scan  350 50 16 0.000648469 0.000214406 0.00015607 -1.64635e-05 -5.65514e-05 0 0 8.68199e-05 0 
scan  350 50 21 0.000224705 0.000133874 0.000115139 -2.5143e-06 -4.40499e-05 0 0 -6.2206e-07 0 
scan  350 50 26 0.00012879 0.000101292 4.71284e-05 -3.04947e-06 -9.70412e-06 0 0 8.39187e-05 0 
scan  350 50 17 0.000675469 0.000211874 0.000147931 -1.28069e-05 -3.85798e-05 0 0 -0.000137647 0 
scan  350 50 22 0.000173085 8.42713e-05 6.04537e-05 -3.92355e-06 -1.1098e-05 0 0 -8.40722e-06 0 
scan  350 50 27 0.000424551 0.000172184 9.481e-05 -8.951e-06 -1.67374e-05 0 0 1.76913e-05 0 
scan  350 50 18 0.000304656 0.000102558 8.70267e-05 -6.58874e-06 -1.81568e-05 0 0 1.73341e-05 0 
scan  350 50 23 8.72344e-05 5.52604e-05 3.57947e-05 -1.19744e-06 -1.51252e-05 0 0 1.09777e-05 0 
scan  350 50 28 0.000909449 0.000219684 0.000206695 -1.37176e-05 -7.00816e-05 0 0 -1.01071e-05 0 
scan  350 50 19 0.000781184 0.000183337 0.000170579 -1.62819e-05 -5.31002e-05 0 0 -3.69351e-05 0 
scan  350 50 24 0.000131571 7.11184e-05 4.46697e-05 -2.32642e-06 -1.41883e-05 0 0 6.10517e-07 0 
scan  350 50 29 0.00168328 0.000279135 0.000240852 -2.83316e-05 -0.000137687 0 0 -1.16117e-05 0 
scan  350 50 75 0 2.9845e-05 0 0 0 0 0 0 0 
scan  350 50 80 0 2.9845e-05 0 0 0 0 0 0 0 
scan  350 50 85 0 2.9845e-05 0 0 0 0 0 0 0 
scan  350 50 76 0 2.9845e-05 0 0 0 0 0 0 0 
scan  350 50 81 0 2.9845e-05 0 0 0 0 0 0 0 
scan  350 50 86 0 2.9845e-05 0 0 0 0 0 0 0 
scan  350 50 77 0 2.9845e-05 0 0 0 0 0 0 0 
scan  350 50 82 0 2.9845e-05 0 0 0 0 0 0 0 
scan  350 50 87 0 2.9845e-05 0 0 0 0 0 0 0 
scan  350 50 78 0 2.9845e-05 0 0 0 0 0 0 0 
scan  350 50 83 0 2.9845e-05 0 0 0 0 0 0 0 
scan  350 50 88 0 2.9845e-05 0 0 0 0 0 0 0 
scan  350 50 79 0 2.9845e-05 0 0 0 0 0 0 0 
scan  350 50 84 0 2.9845e-05 0 0 0 0 0 0 0 
scan  350 50 89 0 2.9845e-05 0 0 0 0 0 0 0 
scan  350 50 45 0 2.98746e-05 0 0 0 0 0 0 0 
scan  350 50 50 0 2.9845e-05 0 0 0 0 0 0 0 
scan  350 50 55 0 2.9845e-05 0 0 0 0 0 0 0 
scan  350 50 46 5.467e-07 2.27433e-05 5.467e-07 -2.67896e-08 -1.17419e-07 0 0 0 0 
scan  350 50 51 6.64844e-06 2.39929e-05 6.64844e-06 -2.37094e-07 -1.44233e-06 0 0 0 0 
scan  350 50 56 0 2.9845e-05 0 0 0 0 0 0 0 
scan  350 50 47 0 2.9845e-05 0 0 0 0 0 0 0 
scan  350 50 52 0 2.9845e-05 0 0 0 0 0 0 0 
scan  350 50 57 0 2.9845e-05 0 0 0 0 0 0 0 
scan  350 50 48 0 2.9845e-05 0 0 0 0 0 0 0 
scan  350 50 53 0 2.9845e-05 0 0 0 0 0 0 0 
scan  350 50 58 4.49881e-07 2.23883e-05 4.49881e-07 -1.51597e-08 -5.64882e-08 0 0 0 0 
scan  350 50 49 0 2.9845e-05 0 0 0 0 0 0 0 
scan  350 50 54 0 2.9845e-05 0 0 0 0 0 0 0 
scan  350 50 59 0 2.9845e-05 0 0 0 0 0 0 0 
scan  350 50 165 0 1.49225e-05 0 0 0 0 0 0 0 
scan  350 50 170 0 1.49225e-05 0 0 0 0 0 0 0 
scan  350 50 175 0 1.49225e-05 0 0 0 0 0 0 0 
scan  350 50 166 0 1.49225e-05 0 0 0 0 0 0 0 
scan  350 50 171 0 1.49225e-05 0 0 0 0 0 0 0 
scan  350 50 176 0 1.49225e-05 0 0 0 0 0 0 0 
scan  350 50 167 0 1.49225e-05 0 0 0 0 0 0 0 
scan  350 50 172 0 1.49225e-05 0 0 0 0 0 0 0 
scan  350 50 177 0 1.49225e-05 0 0 0 0 0 0 0 
scan  350 50 168 0 1.49225e-05 0 0 0 0 0 0 0 
scan  350 50 173 0 1.49225e-05 0 0 0 0 0 0 0 
scan  350 50 178 0 1.49225e-05 0 0 0 0 0 0 0 
scan  350 50 169 6.55122e-07 7.49024e-06 6.55122e-07 -6.85542e-09 -3.5114e-09 -6.55122e-08 0 0 0 
scan  350 50 174 0 1.49225e-05 0 0 0 0 0 0 0 
scan  350 50 179 0 1.49225e-05 0 0 0 0 0 0 0 
scan  350 50 135 1.96544e-06 7.85455e-06 1.96544e-06 -3.1727e-08 -2.03663e-07 -1.96544e-07 0 0 0 
scan  350 50 140 0 1.49225e-05 0 0 0 0 0 0 0 
scan  350 50 145 0 1.49225e-05 0 0 0 0 0 0 0 
scan  350 50 136 5.41361e-06 8.791e-06 4.23602e-06 -1.00718e-07 -1.39784e-07 -5.41361e-07 0 -6.35481e-07 0 
scan  350 50 141 6.54105e-07 7.51866e-06 6.54105e-07 -6.84e-09 -7.39065e-09 -6.54105e-08 0 0 0 
scan  350 50 146 1.00249e-05 1.12123e-05 8.00361e-06 -1.33252e-07 -1.70822e-06 -1.00249e-06 0 0 0 
scan  350 50 137 1.14035e-05 1.51937e-05 9.06999e-06 -1.62907e-07 -1.87528e-06 -1.14035e-06 0 6.35481e-07 0 
scan  350 50 142 0 1.49225e-05 0 0 0 0 0 0 0 
scan  350 50 147 2.07618e-06 7.87945e-06 2.07618e-06 -2.16743e-08 -1.18362e-07 -2.07618e-07 0 0 0 
scan  350 50 138 5.66486e-07 7.58639e-06 5.66486e-07 -5.91382e-09 -1.20539e-07 -5.66486e-08 0 5.66486e-07 0 
scan  350 50 143 0 1.72423e-05 0 0 0 0 0 0 0 
scan  350 50 148 2.92662e-06 8.02047e-06 2.92662e-06 -3.05524e-08 -7.88987e-08 -2.92662e-07 0 0 0 
scan  350 50 139 0 1.49225e-05 0 0 0 0 0 0 0 
scan  350 50 144 0 1.49225e-05 0 0 0 0 0 0 0 
scan  350 50 149 2.63723e-05 2.71728e-05 2.57922e-05 -2.75313e-07 -3.22827e-06 -2.63723e-06 0 0 0 
scan  350 50 120 0 4.47674e-05 0 0 0 0 0 0 0 
scan  350 50 125 0 4.47674e-05 0 0 0 0 0 0 0 
scan  350 50 130 0 4.47674e-05 0 0 0 0 0 0 0 
scan  350 50 121 0 4.47674e-05 0 0 0 0 0 0 0 
scan  350 50 126 0 4.47674e-05 0 0 0 0 0 0 0 
scan  350 50 131 0 4.47674e-05 0 0 0 0 0 0 0 
scan  350 50 122 0 4.47674e-05 0 0 0 0 0 0 0 
scan  350 50 127 0 4.47674e-05 0 0 0 0 0 0 0 
scan  350 50 132 0 4.47674e-05 0 0 0 0 0 0 0 
scan  350 50 123 0 4.47674e-05 0 0 0 0 0 0 0 
scan  350 50 128 0 4.47674e-05 0 0 0 0 0 0 0 
scan  350 50 133 0 4.47674e-05 0 0 0 0 0 0 0 
scan  350 50 124 0 4.47674e-05 0 0 0 0 0 0 0 
scan  350 50 129 0 4.47674e-05 0 0 0 0 0 0 0 
scan  350 50 134 0 4.47674e-05 0 0 0 0 0 0 0 
scan  350 50 90 1.09676e-05 3.85384e-05 8.54356e-06 -1.14498e-07 -5.87884e-08 -1.09676e-06 0 0 0 
scan  350 50 95 5.91187e-07 3.73203e-05 5.91187e-07 -6.17169e-09 -1.31688e-07 -5.91187e-08 0 0 0 
scan  350 50 100 2.59136e-06 3.74546e-05 2.59136e-06 -1.22677e-07 0 -2.59136e-07 0 0 0 
scan  350 50 91 9.39537e-05 6.76074e-05 5.93701e-05 -1.14188e-06 -3.99035e-06 -9.39537e-06 0 0 0 
scan  350 50 96 0 4.47676e-05 0 0 0 0 0 0 0 
scan  350 50 101 8.30024e-06 3.08176e-05 7.16497e-06 -1.23644e-08 -1.77855e-06 -8.30024e-07 0 0 0 
scan  350 50 92 6.29169e-07 4.58577e-05 6.29169e-07 -6.98737e-09 -1.447e-08 -6.29169e-08 0 0 0 
scan  350 50 97 0 4.47674e-05 0 0 0 0 0 0 0 
scan  350 50 102 1.25165e-06 2.98587e-05 8.85116e-07 -1.34067e-08 -1.41323e-07 -1.25165e-07 0 0 0 
scan  350 50 93 6.8602e-06 3.06211e-05 6.25868e-06 -1.32996e-08 -1.84955e-07 -6.8602e-07 0 -6.33677e-07 0 
scan  350 50 98 0 4.47674e-05 0 0 0 0 0 0 0 
scan  350 50 103 7.67174e-06 3.82651e-05 7.67174e-06 -1.91468e-07 0 -7.67174e-07 0 0 0 
scan  350 50 94 0 4.47721e-05 0 0 0 0 0 6.33677e-07 0 
scan  350 50 99 0 4.47674e-05 0 0 0 0 0 0 0 
scan  350 50 104 2.16184e-05 3.35655e-05 1.4852e-05 -4.65325e-07 -5.61923e-08 -2.16184e-06 0 0 0 
