xsec 450 350 0.0217971
scan  450 350 30 0 0 0 0 0 0 0 0 0 
scan  450 350 35 0 0 0 0 0 0 0 0 0 
scan  450 350 40 0 0 0 0 0 0 0 0 0 
scan  450 350 31 0 0 0 0 0 0 0 0 0 
scan  450 350 36 0 0 0 0 0 0 0 0 0 
scan  450 350 41 0 0 0 0 0 0 0 0 0 
scan  450 350 32 0 0 0 0 0 0 0 0 0 
scan  450 350 37 0 0 0 0 0 0 0 0 0 
scan  450 350 42 0 0 0 0 0 0 0 0 0 
scan  450 350 33 0 0 0 0 0 0 0 0 0 
scan  450 350 38 0 0 0 0 0 0 0 0 0 
scan  450 350 43 0 0 0 0 0 0 0 0 0 
scan  450 350 34 0 0 0 0 0 0 0 0 0 
scan  450 350 39 0 0 0 0 0 0 0 0 0 
scan  450 350 44 0 0 0 0 0 0 0 0 0 
scan  450 350 0 0 0 0 0 0 0 0 0 0 
scan  450 350 5 0 0 0 0 0 0 0 0 0 
scan  450 350 10 0 0 0 0 0 0 0 0 0 
scan  450 350 1 0 0 0 0 0 0 0 0 0 
scan  450 350 6 0 0 0 0 0 0 0 0 0 
scan  450 350 11 0 0 0 0 0 0 0 0 0 
scan  450 350 2 0 0 0 0 0 0 0 0 0 
scan  450 350 7 0 0 0 0 0 0 0 0 0 
scan  450 350 12 0 0 0 0 0 0 0 0 0 
scan  450 350 3 0 0 0 0 0 0 0 0 0 
scan  450 350 8 0 0 0 0 0 0 0 0 0 
scan  450 350 13 0 0 0 0 0 0 0 0 0 
scan  450 350 4 0 0 0 0 0 0 0 0 0 
scan  450 350 9 0 0 0 0 0 0 0 0 0 
scan  450 350 14 0 0 0 0 0 0 0 0 0 
scan  450 350 15 0 0 0 0 0 0 0 0 0 
scan  450 350 20 0 0 0 0 0 0 0 0 0 
scan  450 350 25 0 0 0 0 0 0 0 0 0 
scan  450 350 16 0 0 0 0 0 0 0 0 0 
scan  450 350 21 0 0 0 0 0 0 0 0 0 
scan  450 350 26 0 0 0 0 0 0 0 0 0 
scan  450 350 17 0 0 0 0 0 0 0 0 0 
scan  450 350 22 0 0 0 0 0 0 0 0 0 
scan  450 350 27 0 0 0 0 0 0 0 0 0 
scan  450 350 18 0 0 0 0 0 0 0 0 0 
scan  450 350 23 0 0 0 0 0 0 0 0 0 
scan  450 350 28 0 0 0 0 0 0 0 0 0 
scan  450 350 19 0 0 0 0 0 0 0 0 0 
scan  450 350 24 0 0 0 0 0 0 0 0 0 
scan  450 350 29 0 0 0 0 0 0 0 0 0 
scan  450 350 75 0 0 0 0 0 0 0 0 0 
scan  450 350 80 0 0 0 0 0 0 0 0 0 
scan  450 350 85 0 0 0 0 0 0 0 0 0 
scan  450 350 76 0 0 0 0 0 0 0 0 0 
scan  450 350 81 0 0 0 0 0 0 0 0 0 
scan  450 350 86 0 0 0 0 0 0 0 0 0 
scan  450 350 77 0 0 0 0 0 0 0 0 0 
scan  450 350 82 0 0 0 0 0 0 0 0 0 
scan  450 350 87 0 0 0 0 0 0 0 0 0 
scan  450 350 78 0 0 0 0 0 0 0 0 0 
scan  450 350 83 0 0 0 0 0 0 0 0 0 
scan  450 350 88 0 0 0 0 0 0 0 0 0 
scan  450 350 79 0 0 0 0 0 0 0 0 0 
scan  450 350 84 0 0 0 0 0 0 0 0 0 
scan  450 350 89 0 0 0 0 0 0 0 0 0 
scan  450 350 45 0 0 0 0 0 0 0 0 0 
scan  450 350 50 0 0 0 0 0 0 0 0 0 
scan  450 350 55 0 0 0 0 0 0 0 0 0 
scan  450 350 46 0 0 0 0 0 0 0 0 0 
scan  450 350 51 0 0 0 0 0 0 0 0 0 
scan  450 350 56 0 0 0 0 0 0 0 0 0 
scan  450 350 47 0 0 0 0 0 0 0 0 0 
scan  450 350 52 0 0 0 0 0 0 0 0 0 
scan  450 350 57 0 0 0 0 0 0 0 0 0 
scan  450 350 48 0 0 0 0 0 0 0 0 0 
scan  450 350 53 0 0 0 0 0 0 0 0 0 
scan  450 350 58 0 0 0 0 0 0 0 0 0 
scan  450 350 49 0 0 0 0 0 0 0 0 0 
scan  450 350 54 0 0 0 0 0 0 0 0 0 
scan  450 350 59 0 0 0 0 0 0 0 0 0 
scan  450 350 165 0 0 0 0 0 0 0 0 0 
scan  450 350 170 0 0 0 0 0 0 0 0 0 
scan  450 350 175 0 0 0 0 0 0 0 0 0 
scan  450 350 166 0 0 0 0 0 0 0 0 0 
scan  450 350 171 0 0 0 0 0 0 0 0 0 
scan  450 350 176 0 0 0 0 0 0 0 0 0 
scan  450 350 167 0 0 0 0 0 0 0 0 0 
scan  450 350 172 0 0 0 0 0 0 0 0 0 
scan  450 350 177 0 0 0 0 0 0 0 0 0 
scan  450 350 168 0 0 0 0 0 0 0 0 0 
scan  450 350 173 0 0 0 0 0 0 0 0 0 
scan  450 350 178 0 0 0 0 0 0 0 0 0 
scan  450 350 169 0 0 0 0 0 0 0 0 0 
scan  450 350 174 0 0 0 0 0 0 0 0 0 
scan  450 350 179 0 0 0 0 0 0 0 0 0 
scan  450 350 135 0 0 0 0 0 0 0 0 0 
scan  450 350 140 0 0 0 0 0 0 0 0 0 
scan  450 350 145 0 0 0 0 0 0 0 0 0 
scan  450 350 136 0 0 0 0 0 0 0 0 0 
scan  450 350 141 0 0 0 0 0 0 0 0 0 
scan  450 350 146 0 0 0 0 0 0 0 0 0 
scan  450 350 137 0 0 0 0 0 0 0 0 0 
scan  450 350 142 0 0 0 0 0 0 0 0 0 
scan  450 350 147 0 0 0 0 0 0 0 0 0 
scan  450 350 138 0 0 0 0 0 0 0 0 0 
scan  450 350 143 0 0 0 0 0 0 0 0 0 
scan  450 350 148 0 0 0 0 0 0 0 0 0 
scan  450 350 139 0 0 0 0 0 0 0 0 0 
scan  450 350 144 0 0 0 0 0 0 0 0 0 
scan  450 350 149 0 0 0 0 0 0 0 0 0 
scan  450 350 120 0 0 0 0 0 0 0 0 0 
scan  450 350 125 0 0 0 0 0 0 0 0 0 
scan  450 350 130 0 0 0 0 0 0 0 0 0 
scan  450 350 121 0 0 0 0 0 0 0 0 0 
scan  450 350 126 0 0 0 0 0 0 0 0 0 
scan  450 350 131 0 0 0 0 0 0 0 0 0 
scan  450 350 122 0 0 0 0 0 0 0 0 0 
scan  450 350 127 0 0 0 0 0 0 0 0 0 
scan  450 350 132 0 0 0 0 0 0 0 0 0 
scan  450 350 123 0 0 0 0 0 0 0 0 0 
scan  450 350 128 0 0 0 0 0 0 0 0 0 
scan  450 350 133 0 0 0 0 0 0 0 0 0 
scan  450 350 124 0 0 0 0 0 0 0 0 0 
scan  450 350 129 0 0 0 0 0 0 0 0 0 
scan  450 350 134 0 0 0 0 0 0 0 0 0 
scan  450 350 90 0 0 0 0 0 0 0 0 0 
scan  450 350 95 0 0 0 0 0 0 0 0 0 
scan  450 350 100 0 0 0 0 0 0 0 0 0 
scan  450 350 91 0 0 0 0 0 0 0 0 0 
scan  450 350 96 0 0 0 0 0 0 0 0 0 
scan  450 350 101 0 0 0 0 0 0 0 0 0 
scan  450 350 92 0 0 0 0 0 0 0 0 0 
scan  450 350 97 0 0 0 0 0 0 0 0 0 
scan  450 350 102 0 0 0 0 0 0 0 0 0 
scan  450 350 93 0 0 0 0 0 0 0 0 0 
scan  450 350 98 0 0 0 0 0 0 0 0 0 
scan  450 350 103 0 0 0 0 0 0 0 0 0 
scan  450 350 94 0 0 0 0 0 0 0 0 0 
scan  450 350 99 0 0 0 0 0 0 0 0 0 
scan  450 350 104 0 0 0 0 0 0 0 0 0 
