xsec 250 150 0.317895
scan  250 150 30 0.000347025 0.000436585 0.000347025 -2.07244e-05 0 0 0 0 0 
scan  250 150 35 0 0.000256781 0 0 0 0 0 0 0 
scan  250 150 40 0 0.000256781 0 0 0 0 0 0 0 
scan  250 150 31 0 0.000291898 0 0 0 0 0 0 0 
scan  250 150 36 0 0.000256781 0 0 0 0 0 0 0 
scan  250 150 41 0 0.000256781 0 0 0 0 0 0 0 
scan  250 150 32 0 0.000256781 0 0 0 0 0 0 0 
scan  250 150 37 0 0.000256781 0 0 0 0 0 0 0 
scan  250 150 42 0 0.000256781 0 0 0 0 0 0 0 
scan  250 150 33 0 0.000256781 0 0 0 0 0 0 0 
scan  250 150 38 0 0.000256781 0 0 0 0 0 0 0 
scan  250 150 43 0 0.000256781 0 0 0 0 0 0 0 
scan  250 150 34 0 0.000256781 0 0 0 0 0 0 0 
scan  250 150 39 0 0.000256781 0 0 0 0 0 0 0 
scan  250 150 44 0 0.000256781 0 0 0 0 0 0 0 
scan  250 150 0 7.05047e-05 0.000195604 3.04786e-05 -2.08522e-06 -9.9159e-06 0 0 0 0 
scan  250 150 5 1.93012e-05 0.000226063 1.93012e-05 -2.01494e-07 -3.32445e-06 0 0 0 0 
scan  250 150 10 0 0.000256781 0 0 0 0 0 0 0 
scan  250 150 1 0.00025897 0.000182951 0.000126387 -8.4671e-06 -3.05383e-05 0 0 0 0 
scan  250 150 6 3.08264e-05 0.000193753 1.97113e-05 -4.3103e-07 -6.83995e-06 0 0 0 0 
scan  250 150 11 0 0.000256781 0 0 0 0 0 0 0 
scan  250 150 2 1.04301e-05 0.000224935 1.04301e-05 -3.33556e-07 -2.02885e-06 0 0 0 0 
scan  250 150 7 2.60786e-06 0.000224699 2.60786e-06 -1.00982e-07 -1.08048e-07 0 0 0 0 
scan  250 150 12 0.000116286 0.000257294 0.000116286 0 -4.66266e-05 0 0 0 0 
scan  250 150 3 0 0.000256786 0 0 0 0 0 0 0 
scan  250 150 8 0 0.000256781 0 0 0 0 0 0 0 
scan  250 150 13 0 0.000256781 0 0 0 0 0 0 0 
scan  250 150 4 2.71697e-05 0.00019443 2.46833e-05 -5.51244e-08 -1.01096e-05 0 0 0 0 
scan  250 150 9 0 0.000256781 0 0 0 0 0 0 0 
scan  250 150 14 0 0.000256781 0 0 0 0 0 0 0 
scan  250 150 15 0.00735164 0.00160197 0.000933065 -0.000132207 -0.00120496 0 0 -4.33466e-05 0 
scan  250 150 20 0.000194958 0.000177292 9.47664e-05 -2.19877e-06 -3.13245e-05 0 0 -2.66181e-06 0 
scan  250 150 25 0 0.000256864 0 0 0 0 0 0 0 
scan  250 150 16 0.00719859 0.00148558 0.000927576 -0.000159726 -0.00097451 0 0 -1.43301e-05 0 
scan  250 150 21 0.00124752 0.000472072 0.000324413 -2.04807e-05 -0.000145554 0 0 -0.000278473 0 
scan  250 150 26 0.00107883 0.000506817 0.000481373 -2.91552e-05 -3.0238e-05 0 0 2.99957e-05 0 
scan  250 150 17 0.0015941 0.00052137 0.000346423 -3.90041e-05 -0.000155329 0 0 -1.71277e-05 0 
scan  250 150 22 0.000555675 0.000245225 0.000170152 -8.52122e-06 -9.45183e-05 0 0 0.000125815 0 
scan  250 150 27 0.000561121 0.000339833 0.000267528 -1.89139e-05 -1.69022e-06 0 0 -2.99957e-05 0 
scan  250 150 18 0.000301013 0.000316929 0.000122442 -4.28234e-06 -3.07692e-05 0 0 0.000140118 0 
scan  250 150 23 0.000147103 0.000209539 0.000126827 -3.15659e-07 -1.23079e-05 0 0 0 0 
scan  250 150 28 2.74815e-06 0.00022478 2.74815e-06 -5.81846e-08 -1.53896e-08 0 0 0 0 
scan  250 150 19 0.000641277 0.000492977 0.000453216 -6.87324e-06 -8.32731e-05 0 0 -6.76113e-05 0 
scan  250 150 24 0 0.000256781 0 0 0 0 0 0 0 
scan  250 150 29 2.10039e-05 0.000193476 1.85232e-05 -7.95379e-07 -3.06695e-07 0 0 0 0 
scan  250 150 75 0 0.00012839 0 0 0 0 0 0 0 
scan  250 150 80 0 0.00012839 0 0 0 0 0 0 0 
scan  250 150 85 0 0.00012839 0 0 0 0 0 0 0 
scan  250 150 76 0 0.00012839 0 0 0 0 0 0 0 
scan  250 150 81 0 0.00012839 0 0 0 0 0 0 0 
scan  250 150 86 0 0.00012839 0 0 0 0 0 0 0 
scan  250 150 77 0 0.00012839 0 0 0 0 0 0 0 
scan  250 150 82 0 0.00012839 0 0 0 0 0 0 0 
scan  250 150 87 0 0.00012839 0 0 0 0 0 0 0 
scan  250 150 78 0 0.00012839 0 0 0 0 0 0 0 
scan  250 150 83 0 0.00012839 0 0 0 0 0 0 0 
scan  250 150 88 0 0.00012839 0 0 0 0 0 0 0 
scan  250 150 79 0 0.00012839 0 0 0 0 0 0 0 
scan  250 150 84 0 0.00012839 0 0 0 0 0 0 0 
scan  250 150 89 0 0.00012839 0 0 0 0 0 0 0 
scan  250 150 45 3.44939e-05 0.000107962 3.44939e-05 -3.60101e-07 -1.91988e-06 0 0 0 0 
scan  250 150 50 0 0.00012839 0 0 0 0 0 0 0 
scan  250 150 55 0 0.00012839 0 0 0 0 0 0 0 
scan  250 150 46 1.06423e-05 6.47804e-05 8.46995e-06 -3.63185e-07 -1.89785e-06 0 0 0 0 
scan  250 150 51 2.25804e-06 0.000100072 2.25804e-06 -4.44898e-08 -4.16162e-07 0 0 0 0 
scan  250 150 56 0 0.000128601 0 0 0 0 0 0 0 
scan  250 150 47 0 0.00012839 0 0 0 0 0 0 0 
scan  250 150 52 0 0.00012839 0 0 0 0 0 0 0 
scan  250 150 57 0 0.00012839 0 0 0 0 0 0 0 
scan  250 150 48 0 0.00012839 0 0 0 0 0 0 0 
scan  250 150 53 0 0.00012839 0 0 0 0 0 0 0 
scan  250 150 58 0 0.00012839 0 0 0 0 0 0 0 
scan  250 150 49 0 0.00012839 0 0 0 0 0 0 0 
scan  250 150 54 0 0.00012839 0 0 0 0 0 0 0 
scan  250 150 59 0 0.00012839 0 0 0 0 0 0 0 
scan  250 150 165 0 6.54253e-05 0 0 0 0 0 0 0 
scan  250 150 170 0 6.41952e-05 0 0 0 0 0 0 0 
scan  250 150 175 0 6.41952e-05 0 0 0 0 0 0 0 
scan  250 150 166 6.31351e-05 7.24653e-05 6.31351e-05 -6.59187e-07 -5.93166e-06 -6.31351e-06 0 0 0 
scan  250 150 171 0 6.41952e-05 0 0 0 0 0 0 0 
scan  250 150 176 0 6.41952e-05 0 0 0 0 0 0 0 
scan  250 150 167 0 6.41952e-05 0 0 0 0 0 0 0 
scan  250 150 172 0 6.41952e-05 0 0 0 0 0 0 0 
scan  250 150 177 0 6.41952e-05 0 0 0 0 0 0 0 
scan  250 150 168 0 6.41952e-05 0 0 0 0 0 0 0 
scan  250 150 173 0 6.41952e-05 0 0 0 0 0 0 0 
scan  250 150 178 0 6.41952e-05 0 0 0 0 0 0 0 
scan  250 150 169 0 6.41952e-05 0 0 0 0 0 0 0 
scan  250 150 174 0 6.41952e-05 0 0 0 0 0 0 0 
scan  250 150 179 0 6.41952e-05 0 0 0 0 0 0 0 
scan  250 150 135 3.79694e-05 6.19215e-05 3.57549e-05 -1.10868e-06 -8.11982e-06 -3.79694e-06 0 0 0 
scan  250 150 140 0 6.41952e-05 0 0 0 0 0 0 0 
scan  250 150 145 0 6.41952e-05 0 0 0 0 0 0 0 
scan  250 150 136 0.000187999 0.000125844 0.000111125 -3.02069e-06 -1.61836e-05 -1.87999e-05 0 0 0 
scan  250 150 141 0 6.72572e-05 0 0 0 0 0 0 0 
scan  250 150 146 0 6.41952e-05 0 0 0 0 0 0 0 
scan  250 150 137 0.000101319 0.000109089 0.000101319 -2.43481e-06 -9.22831e-06 -1.01319e-05 0 0 0 
scan  250 150 142 0 6.43908e-05 0 0 0 0 0 0 0 
scan  250 150 147 0 6.66508e-05 0 0 0 0 0 0 0 
scan  250 150 138 0 6.41952e-05 0 0 0 0 0 0 0 
scan  250 150 143 0 6.41952e-05 0 0 0 0 0 0 0 
scan  250 150 148 1.79249e-05 4.10664e-05 1.79249e-05 -2.47849e-07 -3.2113e-06 -1.79249e-06 0 0 0 
scan  250 150 139 0 6.41952e-05 0 0 0 0 0 0 0 
scan  250 150 144 0 6.41952e-05 0 0 0 0 0 0 0 
scan  250 150 149 0 6.41952e-05 0 0 0 0 0 0 0 
scan  250 150 120 0 0.000192586 0 0 0 0 0 0 0 
scan  250 150 125 0 0.000192586 0 0 0 0 0 0 0 
scan  250 150 130 0 0.000192586 0 0 0 0 0 0 0 
scan  250 150 121 0 0.000192586 0 0 0 0 0 0 0 
scan  250 150 126 0 0.000192586 0 0 0 0 0 0 0 
scan  250 150 131 0 0.000192586 0 0 0 0 0 0 0 
scan  250 150 122 0 0.000192586 0 0 0 0 0 0 0 
scan  250 150 127 0 0.000192586 0 0 0 0 0 0 0 
scan  250 150 132 0 0.000192586 0 0 0 0 0 0 0 
scan  250 150 123 0 0.000192586 0 0 0 0 0 0 0 
scan  250 150 128 0 0.000192586 0 0 0 0 0 0 0 
scan  250 150 133 0 0.000192586 0 0 0 0 0 0 0 
scan  250 150 124 0 0.000192586 0 0 0 0 0 0 0 
scan  250 150 129 0 0.000192586 0 0 0 0 0 0 0 
scan  250 150 134 0 0.000192586 0 0 0 0 0 0 0 
scan  250 150 90 0.000660496 0.00040889 0.000317314 -8.58532e-06 -6.78045e-05 -6.60496e-05 0 0 0 
scan  250 150 95 0 0.000192593 0 0 0 0 0 0 0 
scan  250 150 100 0 0.000192586 0 0 0 0 0 0 0 
scan  250 150 91 9.79805e-05 0.00026117 5.84544e-05 -3.85887e-06 -5.33359e-07 -9.79805e-06 0 0 0 
scan  250 150 96 1.92976e-05 0.000166659 1.92976e-05 0 -3.68876e-06 -1.92976e-06 0 0 0 
scan  250 150 101 1.49207e-05 0.00016074 8.24229e-06 -1.55764e-07 -1.68385e-06 -1.49207e-06 0 0 0 
scan  250 150 92 0 0.000192586 0 0 0 0 0 0 0 
scan  250 150 97 0 0.000192586 0 0 0 0 0 0 0 
scan  250 150 102 0.000234176 0.000258931 0.000218909 -4.74778e-06 -2.68819e-06 -2.34176e-05 0 0 0 
scan  250 150 93 0 0.000192586 0 0 0 0 0 0 0 
scan  250 150 98 0 0.000192586 0 0 0 0 0 0 0 
scan  250 150 103 2.43729e-06 0.000160507 2.43729e-06 -1.2394e-07 0 -2.43729e-07 0 0 0 
scan  250 150 94 0 0.000192586 0 0 0 0 0 0 0 
scan  250 150 99 0 0.000192586 0 0 0 0 0 0 0 
scan  250 150 104 0 0.000192586 0 0 0 0 0 0 0 
