xsec 400 50 0.0393429
scan  400 50 30 5.54726e-06 2.81875e-05 4.25894e-06 -1.16703e-07 -3.51503e-08 0 0 0 0 
scan  400 50 35 1.07977e-05 3.1212e-05 1.07977e-05 -1.12722e-07 -1.16065e-07 0 0 0 0 
scan  400 50 40 0 3.35728e-05 0 0 0 0 0 0 0 
scan  400 50 31 1.62934e-05 2.46055e-05 1.45014e-05 -5.03201e-07 -3.75908e-07 0 0 0 0 
scan  400 50 36 0 3.17891e-05 0 0 0 0 0 0 0 
scan  400 50 41 0 3.1789e-05 0 0 0 0 0 0 0 
scan  400 50 32 6.93164e-07 2.38471e-05 4.90286e-07 -7.12313e-09 -5.87322e-08 0 0 0 0 
scan  400 50 37 0 3.17896e-05 0 0 0 0 0 0 0 
scan  400 50 42 1.15939e-05 2.23327e-05 1.01907e-05 -3.42681e-07 -2.98043e-08 0 0 0 0 
scan  400 50 33 2.543e-07 2.78166e-05 2.543e-07 -5.33724e-09 -3.08345e-08 0 0 0 0 
scan  400 50 38 0 3.1789e-05 0 0 0 0 0 0 0 
scan  400 50 43 2.20415e-05 2.57873e-05 1.643e-05 -4.32785e-07 -1.74308e-07 0 0 0 0 
scan  400 50 34 2.22331e-05 2.01217e-05 1.19861e-05 -5.35061e-07 -2.58253e-06 0 0 0 0 
scan  400 50 39 0 3.18092e-05 0 0 0 0 0 0 0 
scan  400 50 44 4.42381e-05 2.28912e-05 1.94679e-05 -8.01579e-07 -1.4781e-06 0 0 0 0 
scan  400 50 0 0 3.17918e-05 0 0 0 0 0 0 0 
scan  400 50 5 1.10783e-06 2.78454e-05 1.10783e-06 -2.44385e-08 -5.93817e-09 0 0 0 0 
scan  400 50 10 0 3.1789e-05 0 0 0 0 0 0 0 
scan  400 50 1 3.0679e-06 2.55289e-05 2.19288e-06 -1.2477e-07 -9.62955e-08 0 0 0 0 
scan  400 50 6 0 3.18715e-05 0 0 0 0 0 0 0 
scan  400 50 11 6.57098e-06 2.0584e-05 5.36848e-06 -3.45882e-07 -1.37111e-07 0 0 0 0 
scan  400 50 2 1.15995e-05 2.72366e-05 1.00915e-05 -4.14053e-07 -1.42915e-07 0 0 0 0 
scan  400 50 7 3.96943e-06 2.81347e-05 3.96943e-06 -4.14388e-08 -8.93108e-07 0 0 0 0 
scan  400 50 12 2.07273e-05 2.80957e-05 1.47835e-05 -9.49182e-07 -2.03008e-08 0 0 0 0 
scan  400 50 3 0 3.17907e-05 0 0 0 0 0 0 0 
scan  400 50 8 7.99077e-06 2.43362e-05 4.64771e-06 -1.21803e-07 -1.41738e-06 0 0 0 0 
scan  400 50 13 5.62812e-07 2.78185e-05 3.98372e-07 0 -1.12341e-07 0 0 0 0 
scan  400 50 4 2.80044e-06 2.3945e-05 2.21493e-06 -8.42902e-08 -1.28e-07 0 0 0 0 
scan  400 50 9 3.64075e-07 2.78179e-05 3.64075e-07 0 -6.01649e-09 0 0 0 0 
scan  400 50 14 6.35357e-05 4.61129e-05 4.15793e-05 -1.34307e-06 -1.01011e-06 0 0 0 0 
scan  400 50 15 0.00011016 4.79658e-05 4.16306e-05 -3.06319e-06 -4.42824e-06 0 0 0 0 
scan  400 50 20 4.45006e-06 2.44014e-05 2.74749e-06 -1.23581e-07 -8.67974e-09 0 0 0 0 
scan  400 50 25 3.35966e-06 2.01186e-05 2.0132e-06 -7.33529e-08 -8.01095e-08 0 0 0 0 
scan  400 50 16 0.00020706 7.17239e-05 5.72323e-05 -4.38839e-06 -9.15506e-06 0 0 7.05858e-21 0 
scan  400 50 21 5.46141e-05 3.78326e-05 2.35647e-05 -1.03855e-06 -4.54658e-06 0 0 -3.3345e-07 0 
scan  400 50 26 6.32651e-05 3.21801e-05 2.7301e-05 -9.80498e-07 -5.72865e-06 0 0 0 0 
scan  400 50 17 0.000235442 8.30584e-05 5.8139e-05 -4.38494e-06 -1.85491e-05 0 0 0 0 
scan  400 50 22 6.53141e-05 2.85921e-05 1.91676e-05 -1.13316e-06 -8.34766e-06 0 0 8.23004e-06 0 
scan  400 50 27 0.000277233 8.68767e-05 6.87518e-05 -5.31194e-06 -1.32793e-05 0 0 2.39036e-06 0 
scan  400 50 18 0.000186535 6.79152e-05 5.34615e-05 -2.70199e-06 -2.00113e-05 0 0 1.68179e-05 0 
scan  400 50 23 8.292e-05 3.30915e-05 2.60223e-05 -9.96843e-07 -1.05682e-05 0 0 2.4276e-07 0 
scan  400 50 28 0.000400198 0.000137128 7.78596e-05 -9.28345e-06 -1.48638e-05 0 0 8.12624e-06 0 
scan  400 50 19 0.000313223 7.38923e-05 6.79473e-05 -5.50147e-06 -2.42505e-05 0 0 1.49946e-05 0 
scan  400 50 24 0.000112041 4.55162e-05 3.8961e-05 -1.34346e-06 -8.06039e-06 0 0 -2.25113e-06 0 
scan  400 50 29 0.000909298 0.000123039 0.000107592 -1.87854e-05 -3.09258e-05 0 0 -1.05688e-05 0 
scan  400 50 75 0 1.58945e-05 0 0 0 0 0 0 0 
scan  400 50 80 0 1.58945e-05 0 0 0 0 0 0 0 
scan  400 50 85 0 1.58945e-05 0 0 0 0 0 0 0 
scan  400 50 76 0 1.58945e-05 0 0 0 0 0 0 0 
scan  400 50 81 0 1.58945e-05 0 0 0 0 0 0 0 
scan  400 50 86 0 1.58945e-05 0 0 0 0 0 0 0 
scan  400 50 77 0 1.58945e-05 0 0 0 0 0 0 0 
scan  400 50 82 0 1.58945e-05 0 0 0 0 0 0 0 
scan  400 50 87 0 1.58945e-05 0 0 0 0 0 0 0 
scan  400 50 78 0 1.58945e-05 0 0 0 0 0 0 0 
scan  400 50 83 0 1.58945e-05 0 0 0 0 0 0 0 
scan  400 50 88 0 1.58945e-05 0 0 0 0 0 0 0 
scan  400 50 79 0 1.58945e-05 0 0 0 0 0 0 0 
scan  400 50 84 0 1.58945e-05 0 0 0 0 0 0 0 
scan  400 50 89 0 1.58945e-05 0 0 0 0 0 0 0 
scan  400 50 45 3.78759e-05 4.04115e-05 3.78759e-05 -8.30987e-07 -7.4638e-06 0 0 0 0 
scan  400 50 50 0 1.58945e-05 0 0 0 0 0 0 0 
scan  400 50 55 0 1.58945e-05 0 0 0 0 0 0 0 
scan  400 50 46 0 1.64108e-05 0 0 0 0 0 0 0 
scan  400 50 51 1.04986e-05 1.58638e-05 1.01999e-05 -2.21063e-07 -1.14308e-06 0 0 0 0 
scan  400 50 56 0 1.60248e-05 0 0 0 0 0 0 0 
scan  400 50 47 1.02096e-05 1.62518e-05 1.02096e-05 -2.1488e-07 -1.02749e-06 0 0 0 0 
scan  400 50 52 0 1.58945e-05 0 0 0 0 0 0 0 
scan  400 50 57 1.87093e-06 1.20877e-05 1.55967e-06 -1.95315e-08 -3.57951e-07 0 0 0 0 
scan  400 50 48 3.40688e-07 1.19257e-05 3.40688e-07 -7.59987e-09 -1.82615e-09 0 0 0 0 
scan  400 50 53 0 1.58945e-05 0 0 0 0 0 0 0 
scan  400 50 58 8.19684e-06 1.12125e-05 7.8967e-06 -1.77179e-07 -1.72678e-07 0 0 0 0 
scan  400 50 49 0 1.58945e-05 0 0 0 0 0 0 0 
scan  400 50 54 0 1.58945e-05 0 0 0 0 0 0 0 
scan  400 50 59 3.40053e-07 1.20297e-05 3.40053e-07 -8.01629e-09 -1.82275e-09 0 0 0 0 
scan  400 50 165 0 7.94725e-06 0 0 0 0 0 0 0 
scan  400 50 170 0 7.94725e-06 0 0 0 0 0 0 0 
scan  400 50 175 0 7.94725e-06 0 0 0 0 0 0 0 
scan  400 50 166 0 7.94725e-06 0 0 0 0 0 0 0 
scan  400 50 171 0 7.94725e-06 0 0 0 0 0 0 0 
scan  400 50 176 0 7.94725e-06 0 0 0 0 0 0 0 
scan  400 50 167 0 7.94725e-06 0 0 0 0 0 0 0 
scan  400 50 172 0 7.94725e-06 0 0 0 0 0 0 0 
scan  400 50 177 0 7.94725e-06 0 0 0 0 0 0 0 
scan  400 50 168 0 7.94725e-06 0 0 0 0 0 0 0 
scan  400 50 173 0 7.94725e-06 0 0 0 0 0 0 0 
scan  400 50 178 0 7.94725e-06 0 0 0 0 0 0 0 
scan  400 50 169 0 7.94725e-06 0 0 0 0 0 0 0 
scan  400 50 174 0 7.94725e-06 0 0 0 0 0 0 0 
scan  400 50 179 0 7.94725e-06 0 0 0 0 0 0 0 
scan  400 50 135 3.47873e-07 3.98898e-06 3.47873e-07 -3.65479e-09 -1.89126e-09 -3.47873e-08 0 0 0 
scan  400 50 140 0 7.94725e-06 0 0 0 0 0 0 0 
scan  400 50 145 0 7.94725e-06 0 0 0 0 0 0 0 
scan  400 50 136 0 7.94725e-06 0 0 0 0 0 0 0 
scan  400 50 141 7.58063e-06 8.78757e-06 7.30198e-06 -2.94801e-07 -1.08925e-07 -7.58063e-07 0 0 0 
scan  400 50 146 3.47864e-07 4.20403e-06 3.47864e-07 -3.63152e-09 -2.0664e-09 -3.47864e-08 0 0 0 
scan  400 50 137 1.49119e-06 4.25983e-06 1.49119e-06 -1.55672e-08 -3.32148e-07 -1.49119e-07 0 0 0 
scan  400 50 142 0 7.94725e-06 0 0 0 0 0 0 0 
scan  400 50 147 8.37617e-06 9.31418e-06 7.33281e-06 -8.74428e-08 -1.61907e-06 -8.37617e-07 0 3.47788e-07 0 
scan  400 50 138 0 7.94725e-06 0 0 0 0 0 0 0 
scan  400 50 143 0 7.94725e-06 0 0 0 0 0 0 0 
scan  400 50 148 2.75363e-06 4.41404e-06 1.76388e-06 -2.87464e-08 -5.1401e-07 -2.75363e-07 0 3.47788e-07 0 
scan  400 50 139 3.46416e-07 3.98885e-06 3.46416e-07 -3.6164e-09 -5.21727e-09 -3.46416e-08 0 0 0 
scan  400 50 144 0 7.94725e-06 0 0 0 0 0 0 0 
scan  400 50 149 4.41509e-05 4.03125e-05 3.97836e-05 -4.68452e-07 -2.61992e-06 -4.41509e-06 0 0 0 
scan  400 50 120 0 2.38417e-05 0 0 0 0 0 0 0 
scan  400 50 125 0 2.38417e-05 0 0 0 0 0 0 0 
scan  400 50 130 0 2.38417e-05 0 0 0 0 0 0 0 
scan  400 50 121 0 2.38417e-05 0 0 0 0 0 0 0 
scan  400 50 126 0 2.38417e-05 0 0 0 0 0 0 0 
scan  400 50 131 0 2.38417e-05 0 0 0 0 0 0 0 
scan  400 50 122 0 2.38417e-05 0 0 0 0 0 0 0 
scan  400 50 127 0 2.38417e-05 0 0 0 0 0 0 0 
scan  400 50 132 0 2.38417e-05 0 0 0 0 0 0 0 
scan  400 50 123 0 2.38417e-05 0 0 0 0 0 0 0 
scan  400 50 128 0 2.38417e-05 0 0 0 0 0 0 0 
scan  400 50 133 0 2.38417e-05 0 0 0 0 0 0 0 
scan  400 50 124 0 2.38417e-05 0 0 0 0 0 0 0 
scan  400 50 129 0 2.38417e-05 0 0 0 0 0 0 0 
scan  400 50 134 3.54273e-07 1.98713e-05 3.54273e-07 0 -2.34772e-08 -3.54273e-08 0 0 0 
scan  400 50 90 8.69287e-07 1.59274e-05 5.05778e-07 -6.56302e-09 -1.76945e-07 -8.69287e-08 0 3.28175e-07 0 
scan  400 50 95 0 2.38417e-05 0 0 0 0 0 0 0 
scan  400 50 100 0 2.38417e-05 0 0 0 0 0 0 0 
scan  400 50 91 9.06386e-06 2.10934e-05 6.52436e-06 -2.1677e-07 0 -9.06386e-07 0 3.28175e-07 0 
scan  400 50 96 3.11629e-06 2.01832e-05 3.11629e-06 0 -4.12157e-07 -3.11629e-07 0 0 0 
scan  400 50 101 3.34631e-07 1.98742e-05 3.34631e-07 -7.23133e-09 0 -3.34631e-08 0 0 0 
scan  400 50 92 5.95713e-07 1.98728e-05 4.24395e-07 -2.19353e-08 0 -5.95713e-08 0 0 0 
scan  400 50 97 0 2.38421e-05 0 0 0 0 0 0 0 
scan  400 50 102 2.77438e-05 2.50419e-05 2.33851e-05 -3.35511e-07 -2.72734e-06 -2.77438e-06 0 0 0 
scan  400 50 93 2.21021e-06 1.9992e-05 2.21021e-06 -4.63878e-08 0 -2.21021e-07 0 0 0 
scan  400 50 98 0 2.38417e-05 0 0 0 0 0 0 0 
scan  400 50 103 2.12506e-06 1.19922e-05 1.26867e-06 -3.34607e-08 -4.34228e-08 -2.12506e-07 0 0 0 
scan  400 50 94 3.13666e-07 1.98716e-05 3.13666e-07 -1.29444e-08 -1.95149e-09 -3.13666e-08 0 0 0 
scan  400 50 99 3.26519e-07 1.98719e-05 3.26519e-07 -3.40868e-09 -6.47063e-08 -3.26519e-08 0 0 0 
scan  400 50 104 3.67857e-06 2.01985e-05 3.36014e-06 0 -5.60311e-07 -3.67857e-07 0 0 0 
