xsec 450 300 0.0217971
scan  450 300 30 0 0.0108985 0 0 0 0 0 0 0 
scan  450 300 35 0 0.0108985 0 0 0 0 0 0 0 
scan  450 300 40 0 0.0108985 0 0 0 0 0 0 0 
scan  450 300 31 0 0.0108985 0 0 0 0 0 0 0 
scan  450 300 36 0 0.0108985 0 0 0 0 0 0 0 
scan  450 300 41 0 0.0108985 0 0 0 0 0 0 0 
scan  450 300 32 0 0.0108985 0 0 0 0 0 0 0 
scan  450 300 37 0 0.0108985 0 0 0 0 0 0 0 
scan  450 300 42 0 0.0108985 0 0 0 0 0 0 0 
scan  450 300 33 0 0.0108985 0 0 0 0 0 0 0 
scan  450 300 38 0 0.0108985 0 0 0 0 0 0 0 
scan  450 300 43 0 0.0108985 0 0 0 0 0 0 0 
scan  450 300 34 0 0.0108985 0 0 0 0 0 0 0 
scan  450 300 39 0 0.0108985 0 0 0 0 0 0 0 
scan  450 300 44 0 0.0108985 0 0 0 0 0 0 0 
scan  450 300 0 0 0.0108985 0 0 0 0 0 0 0 
scan  450 300 5 0 0.0108985 0 0 0 0 0 0 0 
scan  450 300 10 0 0.0108985 0 0 0 0 0 0 0 
scan  450 300 1 0 0.0108985 0 0 0 0 0 0 0 
scan  450 300 6 0 0.0108985 0 0 0 0 0 0 0 
scan  450 300 11 0 0.0108985 0 0 0 0 0 0 0 
scan  450 300 2 0 0.0108985 0 0 0 0 0 0 0 
scan  450 300 7 0 0.0108985 0 0 0 0 0 0 0 
scan  450 300 12 0 0.0108985 0 0 0 0 0 0 0 
scan  450 300 3 0 0.0108985 0 0 0 0 0 0 0 
scan  450 300 8 0 0.0108985 0 0 0 0 0 0 0 
scan  450 300 13 0 0.0108985 0 0 0 0 0 0 0 
scan  450 300 4 0 0.0108985 0 0 0 0 0 0 0 
scan  450 300 9 0 0.0108985 0 0 0 0 0 0 0 
scan  450 300 14 0 0.0108985 0 0 0 0 0 0 0 
scan  450 300 15 0 0.0108985 0 0 0 0 0 0 0 
scan  450 300 20 0 0.0108985 0 0 0 0 0 0 0 
scan  450 300 25 0 0.0108985 0 0 0 0 0 0 0 
scan  450 300 16 0.00373782 0.00893605 0.00343768 -4.56983e-05 -0.000867087 0 0 0 0 
scan  450 300 21 0 0.01092 0 0 0 0 0 0 0 
scan  450 300 26 0 0.0108985 0 0 0 0 0 0 0 
scan  450 300 17 0 0.0109388 0 0 0 0 0 0 0 
scan  450 300 22 0.00156298 0.00970912 0.00156298 -7.2893e-05 0 0 0 0 0 
scan  450 300 27 0.000298627 0.0095409 0.000298627 -1.45957e-05 0 0 0 0 0 
scan  450 300 18 0 0.0108985 0 0 0 0 0 0 0 
scan  450 300 23 0 0.0108985 0 0 0 0 0 0 0 
scan  450 300 28 0 0.0108985 0 0 0 0 0 0 0 
scan  450 300 19 0 0.0108985 0 0 0 0 0 0 0 
scan  450 300 24 0 0.0108985 0 0 0 0 0 0 0 
scan  450 300 29 0 0.0108985 0 0 0 0 0 0 0 
scan  450 300 75 0 0.00544926 0 0 0 0 0 0 0 
scan  450 300 80 0 0.00544926 0 0 0 0 0 0 0 
scan  450 300 85 0 0.00544926 0 0 0 0 0 0 0 
scan  450 300 76 0 0.00544926 0 0 0 0 0 0 0 
scan  450 300 81 0 0.00544926 0 0 0 0 0 0 0 
scan  450 300 86 0 0.00544926 0 0 0 0 0 0 0 
scan  450 300 77 0 0.00544926 0 0 0 0 0 0 0 
scan  450 300 82 0 0.00544926 0 0 0 0 0 0 0 
scan  450 300 87 0 0.00544926 0 0 0 0 0 0 0 
scan  450 300 78 0 0.00544926 0 0 0 0 0 0 0 
scan  450 300 83 0 0.00544926 0 0 0 0 0 0 0 
scan  450 300 88 0 0.00544926 0 0 0 0 0 0 0 
scan  450 300 79 0 0.00544926 0 0 0 0 0 0 0 
scan  450 300 84 0 0.00544926 0 0 0 0 0 0 0 
scan  450 300 89 0 0.00544926 0 0 0 0 0 0 0 
scan  450 300 45 0 0.00544926 0 0 0 0 0 0 0 
scan  450 300 50 0 0.00544926 0 0 0 0 0 0 0 
scan  450 300 55 0 0.00544926 0 0 0 0 0 0 0 
scan  450 300 46 0 0.00544926 0 0 0 0 0 0 0 
scan  450 300 51 0 0.00544926 0 0 0 0 0 0 0 
scan  450 300 56 0 0.00544926 0 0 0 0 0 0 0 
scan  450 300 47 0 0.00544926 0 0 0 0 0 0 0 
scan  450 300 52 0 0.00544926 0 0 0 0 0 0 0 
scan  450 300 57 0 0.00544926 0 0 0 0 0 0 0 
scan  450 300 48 0 0.00544926 0 0 0 0 0 0 0 
scan  450 300 53 0 0.00544926 0 0 0 0 0 0 0 
scan  450 300 58 0 0.00544926 0 0 0 0 0 0 0 
scan  450 300 49 0 0.00544926 0 0 0 0 0 0 0 
scan  450 300 54 0 0.00544926 0 0 0 0 0 0 0 
scan  450 300 59 0 0.00544926 0 0 0 0 0 0 0 
scan  450 300 165 0 0.00272463 0 0 0 0 0 0 0 
scan  450 300 170 0 0.00272463 0 0 0 0 0 0 0 
scan  450 300 175 0 0.00272463 0 0 0 0 0 0 0 
scan  450 300 166 0 0.00272463 0 0 0 0 0 0 0 
scan  450 300 171 0 0.00272463 0 0 0 0 0 0 0 
scan  450 300 176 0 0.00272463 0 0 0 0 0 0 0 
scan  450 300 167 0 0.00272463 0 0 0 0 0 0 0 
scan  450 300 172 0 0.00272463 0 0 0 0 0 0 0 
scan  450 300 177 0 0.00272463 0 0 0 0 0 0 0 
scan  450 300 168 0 0.00272463 0 0 0 0 0 0 0 
scan  450 300 173 0 0.00272463 0 0 0 0 0 0 0 
scan  450 300 178 0 0.00272463 0 0 0 0 0 0 0 
scan  450 300 169 0 0.00272463 0 0 0 0 0 0 0 
scan  450 300 174 0 0.00272463 0 0 0 0 0 0 0 
scan  450 300 179 0 0.00272463 0 0 0 0 0 0 0 
scan  450 300 135 0 0.00272463 0 0 0 0 0 0 0 
scan  450 300 140 0 0.00272463 0 0 0 0 0 0 0 
scan  450 300 145 0 0.00272463 0 0 0 0 0 0 0 
scan  450 300 136 0 0.00272463 0 0 0 0 0 0 0 
scan  450 300 141 0 0.00272463 0 0 0 0 0 0 0 
scan  450 300 146 0 0.00272463 0 0 0 0 0 0 0 
scan  450 300 137 0 0.00272463 0 0 0 0 0 0 0 
scan  450 300 142 0 0.00272463 0 0 0 0 0 0 0 
scan  450 300 147 0 0.00272463 0 0 0 0 0 0 0 
scan  450 300 138 0 0.00272463 0 0 0 0 0 0 0 
scan  450 300 143 0 0.00272463 0 0 0 0 0 0 0 
scan  450 300 148 0 0.00272463 0 0 0 0 0 0 0 
scan  450 300 139 0 0.00272463 0 0 0 0 0 0 0 
scan  450 300 144 0 0.00272463 0 0 0 0 0 0 0 
scan  450 300 149 0 0.00272463 0 0 0 0 0 0 0 
scan  450 300 120 0 0.0081739 0 0 0 0 0 0 0 
scan  450 300 125 0 0.0081739 0 0 0 0 0 0 0 
scan  450 300 130 0 0.0081739 0 0 0 0 0 0 0 
scan  450 300 121 0 0.0081739 0 0 0 0 0 0 0 
scan  450 300 126 0 0.0081739 0 0 0 0 0 0 0 
scan  450 300 131 0 0.0081739 0 0 0 0 0 0 0 
scan  450 300 122 0 0.0081739 0 0 0 0 0 0 0 
scan  450 300 127 0 0.0081739 0 0 0 0 0 0 0 
scan  450 300 132 0 0.0081739 0 0 0 0 0 0 0 
scan  450 300 123 0 0.0081739 0 0 0 0 0 0 0 
scan  450 300 128 0 0.0081739 0 0 0 0 0 0 0 
scan  450 300 133 0 0.0081739 0 0 0 0 0 0 0 
scan  450 300 124 0 0.0081739 0 0 0 0 0 0 0 
scan  450 300 129 0 0.0081739 0 0 0 0 0 0 0 
scan  450 300 134 0 0.0081739 0 0 0 0 0 0 0 
scan  450 300 90 0 0.0081739 0 0 0 0 0 0 0 
scan  450 300 95 0 0.0081739 0 0 0 0 0 0 0 
scan  450 300 100 0 0.0081739 0 0 0 0 0 0 0 
scan  450 300 91 0 0.0081739 0 0 0 0 0 0 0 
scan  450 300 96 0 0.0081739 0 0 0 0 0 0 0 
scan  450 300 101 0 0.0081739 0 0 0 0 0 0 0 
scan  450 300 92 0 0.0081739 0 0 0 0 0 0 0 
scan  450 300 97 0 0.0081739 0 0 0 0 0 0 0 
scan  450 300 102 0 0.00817414 0 0 0 0 0 0 0 
scan  450 300 93 0 0.0081739 0 0 0 0 0 0 0 
scan  450 300 98 0 0.0081739 0 0 0 0 0 0 0 
scan  450 300 103 0.000318572 0.0068194 0.000318572 -6.86999e-06 0 -3.18572e-05 0 0 0 
scan  450 300 94 0 0.0081739 0 0 0 0 0 0 0 
scan  450 300 99 0 0.0081739 0 0 0 0 0 0 0 
scan  450 300 104 0 0.0081739 0 0 0 0 0 0 0 
