xsec 250 200 0.317895
scan  250 200 30 0 0 0 0 0 0 0 0 0 
scan  250 200 35 0 0 0 0 0 0 0 0 0 
scan  250 200 40 0 0 0 0 0 0 0 0 0 
scan  250 200 31 0 0 0 0 0 0 0 0 0 
scan  250 200 36 0 0 0 0 0 0 0 0 0 
scan  250 200 41 0 0 0 0 0 0 0 0 0 
scan  250 200 32 0 0 0 0 0 0 0 0 0 
scan  250 200 37 0 0 0 0 0 0 0 0 0 
scan  250 200 42 0 0 0 0 0 0 0 0 0 
scan  250 200 33 0 0 0 0 0 0 0 0 0 
scan  250 200 38 0 0 0 0 0 0 0 0 0 
scan  250 200 43 0 0 0 0 0 0 0 0 0 
scan  250 200 34 0 0 0 0 0 0 0 0 0 
scan  250 200 39 0 0 0 0 0 0 0 0 0 
scan  250 200 44 0 0 0 0 0 0 0 0 0 
scan  250 200 0 0 0 0 0 0 0 0 0 0 
scan  250 200 5 0 0 0 0 0 0 0 0 0 
scan  250 200 10 0 0 0 0 0 0 0 0 0 
scan  250 200 1 0 0 0 0 0 0 0 0 0 
scan  250 200 6 0 0 0 0 0 0 0 0 0 
scan  250 200 11 0 0 0 0 0 0 0 0 0 
scan  250 200 2 0 0 0 0 0 0 0 0 0 
scan  250 200 7 0 0 0 0 0 0 0 0 0 
scan  250 200 12 0 0 0 0 0 0 0 0 0 
scan  250 200 3 0 0 0 0 0 0 0 0 0 
scan  250 200 8 0 0 0 0 0 0 0 0 0 
scan  250 200 13 0 0 0 0 0 0 0 0 0 
scan  250 200 4 0 0 0 0 0 0 0 0 0 
scan  250 200 9 0 0 0 0 0 0 0 0 0 
scan  250 200 14 0 0 0 0 0 0 0 0 0 
scan  250 200 15 0 0 0 0 0 0 0 0 0 
scan  250 200 20 0 0 0 0 0 0 0 0 0 
scan  250 200 25 0 0 0 0 0 0 0 0 0 
scan  250 200 16 0 0 0 0 0 0 0 0 0 
scan  250 200 21 0 0 0 0 0 0 0 0 0 
scan  250 200 26 0 0 0 0 0 0 0 0 0 
scan  250 200 17 0 0 0 0 0 0 0 0 0 
scan  250 200 22 0 0 0 0 0 0 0 0 0 
scan  250 200 27 0 0 0 0 0 0 0 0 0 
scan  250 200 18 0 0 0 0 0 0 0 0 0 
scan  250 200 23 0 0 0 0 0 0 0 0 0 
scan  250 200 28 0 0 0 0 0 0 0 0 0 
scan  250 200 19 0 0 0 0 0 0 0 0 0 
scan  250 200 24 0 0 0 0 0 0 0 0 0 
scan  250 200 29 0 0 0 0 0 0 0 0 0 
scan  250 200 75 0 0 0 0 0 0 0 0 0 
scan  250 200 80 0 0 0 0 0 0 0 0 0 
scan  250 200 85 0 0 0 0 0 0 0 0 0 
scan  250 200 76 0 0 0 0 0 0 0 0 0 
scan  250 200 81 0 0 0 0 0 0 0 0 0 
scan  250 200 86 0 0 0 0 0 0 0 0 0 
scan  250 200 77 0 0 0 0 0 0 0 0 0 
scan  250 200 82 0 0 0 0 0 0 0 0 0 
scan  250 200 87 0 0 0 0 0 0 0 0 0 
scan  250 200 78 0 0 0 0 0 0 0 0 0 
scan  250 200 83 0 0 0 0 0 0 0 0 0 
scan  250 200 88 0 0 0 0 0 0 0 0 0 
scan  250 200 79 0 0 0 0 0 0 0 0 0 
scan  250 200 84 0 0 0 0 0 0 0 0 0 
scan  250 200 89 0 0 0 0 0 0 0 0 0 
scan  250 200 45 0 0 0 0 0 0 0 0 0 
scan  250 200 50 0 0 0 0 0 0 0 0 0 
scan  250 200 55 0 0 0 0 0 0 0 0 0 
scan  250 200 46 0 0 0 0 0 0 0 0 0 
scan  250 200 51 0 0 0 0 0 0 0 0 0 
scan  250 200 56 0 0 0 0 0 0 0 0 0 
scan  250 200 47 0 0 0 0 0 0 0 0 0 
scan  250 200 52 0 0 0 0 0 0 0 0 0 
scan  250 200 57 0 0 0 0 0 0 0 0 0 
scan  250 200 48 0 0 0 0 0 0 0 0 0 
scan  250 200 53 0 0 0 0 0 0 0 0 0 
scan  250 200 58 0 0 0 0 0 0 0 0 0 
scan  250 200 49 0 0 0 0 0 0 0 0 0 
scan  250 200 54 0 0 0 0 0 0 0 0 0 
scan  250 200 59 0 0 0 0 0 0 0 0 0 
scan  250 200 165 0 0 0 0 0 0 0 0 0 
scan  250 200 170 0 0 0 0 0 0 0 0 0 
scan  250 200 175 0 0 0 0 0 0 0 0 0 
scan  250 200 166 0 0 0 0 0 0 0 0 0 
scan  250 200 171 0 0 0 0 0 0 0 0 0 
scan  250 200 176 0 0 0 0 0 0 0 0 0 
scan  250 200 167 0 0 0 0 0 0 0 0 0 
scan  250 200 172 0 0 0 0 0 0 0 0 0 
scan  250 200 177 0 0 0 0 0 0 0 0 0 
scan  250 200 168 0 0 0 0 0 0 0 0 0 
scan  250 200 173 0 0 0 0 0 0 0 0 0 
scan  250 200 178 0 0 0 0 0 0 0 0 0 
scan  250 200 169 0 0 0 0 0 0 0 0 0 
scan  250 200 174 0 0 0 0 0 0 0 0 0 
scan  250 200 179 0 0 0 0 0 0 0 0 0 
scan  250 200 135 0 0 0 0 0 0 0 0 0 
scan  250 200 140 0 0 0 0 0 0 0 0 0 
scan  250 200 145 0 0 0 0 0 0 0 0 0 
scan  250 200 136 0 0 0 0 0 0 0 0 0 
scan  250 200 141 0 0 0 0 0 0 0 0 0 
scan  250 200 146 0 0 0 0 0 0 0 0 0 
scan  250 200 137 0 0 0 0 0 0 0 0 0 
scan  250 200 142 0 0 0 0 0 0 0 0 0 
scan  250 200 147 0 0 0 0 0 0 0 0 0 
scan  250 200 138 0 0 0 0 0 0 0 0 0 
scan  250 200 143 0 0 0 0 0 0 0 0 0 
scan  250 200 148 0 0 0 0 0 0 0 0 0 
scan  250 200 139 0 0 0 0 0 0 0 0 0 
scan  250 200 144 0 0 0 0 0 0 0 0 0 
scan  250 200 149 0 0 0 0 0 0 0 0 0 
scan  250 200 120 0 0 0 0 0 0 0 0 0 
scan  250 200 125 0 0 0 0 0 0 0 0 0 
scan  250 200 130 0 0 0 0 0 0 0 0 0 
scan  250 200 121 0 0 0 0 0 0 0 0 0 
scan  250 200 126 0 0 0 0 0 0 0 0 0 
scan  250 200 131 0 0 0 0 0 0 0 0 0 
scan  250 200 122 0 0 0 0 0 0 0 0 0 
scan  250 200 127 0 0 0 0 0 0 0 0 0 
scan  250 200 132 0 0 0 0 0 0 0 0 0 
scan  250 200 123 0 0 0 0 0 0 0 0 0 
scan  250 200 128 0 0 0 0 0 0 0 0 0 
scan  250 200 133 0 0 0 0 0 0 0 0 0 
scan  250 200 124 0 0 0 0 0 0 0 0 0 
scan  250 200 129 0 0 0 0 0 0 0 0 0 
scan  250 200 134 0 0 0 0 0 0 0 0 0 
scan  250 200 90 0 0 0 0 0 0 0 0 0 
scan  250 200 95 0 0 0 0 0 0 0 0 0 
scan  250 200 100 0 0 0 0 0 0 0 0 0 
scan  250 200 91 0 0 0 0 0 0 0 0 0 
scan  250 200 96 0 0 0 0 0 0 0 0 0 
scan  250 200 101 0 0 0 0 0 0 0 0 0 
scan  250 200 92 0 0 0 0 0 0 0 0 0 
scan  250 200 97 0 0 0 0 0 0 0 0 0 
scan  250 200 102 0 0 0 0 0 0 0 0 0 
scan  250 200 93 0 0 0 0 0 0 0 0 0 
scan  250 200 98 0 0 0 0 0 0 0 0 0 
scan  250 200 103 0 0 0 0 0 0 0 0 0 
scan  250 200 94 0 0 0 0 0 0 0 0 0 
scan  250 200 99 0 0 0 0 0 0 0 0 0 
scan  250 200 104 0 0 0 0 0 0 0 0 0 
