xsec 200 50 0.785232
scan  200 50 30 0.000377476 0.000456976 0.000195975 -9.00182e-06 -1.42809e-05 0 0 0 0 
scan  200 50 35 0 0.00063543 0 0 0 0 0 0 0 
scan  200 50 40 0 0.00063543 0 0 0 0 0 0 0 
scan  200 50 31 0.000318422 0.000569055 0.00028281 -1.36377e-07 -8.2528e-05 0 0 0 0 
scan  200 50 36 6.87529e-06 0.000556181 6.87529e-06 -1.44298e-07 -7.74832e-08 0 0 0 0 
scan  200 50 41 0 0.00063543 0 0 0 0 0 0 0 
scan  200 50 32 5.48817e-05 0.000481072 4.22647e-05 -1.58652e-06 -1.88966e-07 0 0 -4.11298e-05 0 
scan  200 50 37 0 0.00063554 0 0 0 0 0 0 0 
scan  200 50 42 0 0.00063543 0 0 0 0 0 0 0 
scan  200 50 33 0 0.000636972 0 0 0 0 0 4.11298e-05 0 
scan  200 50 38 0 0.00063543 0 0 0 0 0 0 0 
scan  200 50 43 0 0.00063543 0 0 0 0 0 0 0 
scan  200 50 34 0 0.00063543 0 0 0 0 0 0 0 
scan  200 50 39 0 0.00063543 0 0 0 0 0 0 0 
scan  200 50 44 0 0.00063543 0 0 0 0 0 0 0 
scan  200 50 0 7.71996e-05 0.000481852 6.58163e-05 -2.10924e-07 -2.05869e-05 0 0 0 0 
scan  200 50 5 6.66499e-06 0.000556047 6.66499e-06 -2.10924e-07 0 0 0 0 0 
scan  200 50 10 0 0.00063543 0 0 0 0 0 0 0 
scan  200 50 1 0.000151006 0.000328557 7.04248e-05 -2.6409e-06 -2.98777e-05 0 0 6.38162e-06 0 
scan  200 50 6 0.000198005 0.000513593 0.00018598 -2.01024e-06 -1.9795e-05 0 0 0 0 
scan  200 50 11 0.000189263 0.000512688 0.000182679 -2.12117e-06 -2.80897e-05 0 0 0 0 
scan  200 50 2 6.08616e-05 0.000477719 3.10912e-05 -1.36334e-06 -5.79212e-06 0 0 6.38162e-06 0 
scan  200 50 7 0.00017942 0.000584542 0.00017942 -3.86838e-06 -1.57661e-05 0 0 0 0 
scan  200 50 12 0.00011011 0.000482686 6.67821e-05 -5.57266e-07 -2.56693e-05 0 0 0 0 
scan  200 50 3 0 0.000635436 0 0 0 0 0 0 0 
scan  200 50 8 0 0.00063543 0 0 0 0 0 0 0 
scan  200 50 13 0.000148851 0.000569348 0.000115334 0 -3.11769e-05 0 0 0 0 
scan  200 50 4 0 0.00063543 0 0 0 0 0 0 0 
scan  200 50 9 5.49988e-06 0.000556036 5.49988e-06 0 -2.9987e-06 0 0 0 0 
scan  200 50 14 0 0.00063543 0 0 0 0 0 0 0 
scan  200 50 15 0.010531 0.00226375 0.00188813 -0.000226971 -0.000977224 0 0 0.000330639 0 
scan  200 50 20 8.27794e-05 0.000424804 4.76786e-05 -2.33839e-06 -1.79542e-06 0 0 -7.11035e-06 0 
scan  200 50 25 8.61276e-05 0.000563693 8.61276e-05 -2.86413e-06 0 0 0 0 0 
scan  200 50 16 0.0157141 0.00364392 0.00297983 -0.000290113 -0.00204943 0 0 -0.000297535 0 
scan  200 50 21 0.00567567 0.00201508 0.00174719 -8.87565e-05 -0.000653056 0 0 7.06691e-05 0 
scan  200 50 26 0.00146733 0.00104004 0.000570899 -1.48879e-05 -0.00021033 0 0 0.000155931 0 
scan  200 50 17 0.00652328 0.00151777 0.0012418 -0.000148301 -0.000644288 0 0 -9.69947e-05 0 
scan  200 50 22 0.00108875 0.000627709 0.000439512 -1.82954e-05 -0.000150074 0 0 2.10779e-05 0 
scan  200 50 27 0.00304033 0.000837079 0.000725208 -5.94626e-05 -0.000305513 0 0 0.000113449 0 
scan  200 50 18 0.00267314 0.00131902 0.00091804 -3.05963e-05 -0.000485737 0 0 8.90095e-05 0 
scan  200 50 23 0.000107883 0.000400414 4.61617e-05 -1.52105e-06 -2.17551e-05 0 0 0 0 
scan  200 50 28 0.00166878 0.00113385 0.0010716 -2.13188e-05 -0.000122896 0 0 4.24817e-05 0 
scan  200 50 19 0.0019053 0.000886998 0.000841141 -4.19384e-05 -0.000126741 0 0 -4.48496e-06 0 
scan  200 50 24 0.000774593 0.000782465 0.000604903 -1.59572e-05 -0.000126629 0 0 0 0 
scan  200 50 29 9.42437e-05 0.000343972 6.788e-05 -1.86009e-06 -1.33753e-06 0 0 0 0 
scan  200 50 75 8.84195e-05 0.000260141 8.84195e-05 -9.23053e-07 -1.61113e-05 0 0 0 0 
scan  200 50 80 0 0.000317715 0 0 0 0 0 0 0 
scan  200 50 85 0 0.000317715 0 0 0 0 0 0 0 
scan  200 50 76 0 0.000322114 0 0 0 0 0 0 0 
scan  200 50 81 0 0.000317715 0 0 0 0 0 0 0 
scan  200 50 86 0 0.000317715 0 0 0 0 0 0 0 
scan  200 50 77 0 0.000317715 0 0 0 0 0 0 0 
scan  200 50 82 0 0.000317715 0 0 0 0 0 0 0 
scan  200 50 87 0 0.000317715 0 0 0 0 0 0 0 
scan  200 50 78 0 0.000317715 0 0 0 0 0 0 0 
scan  200 50 83 0 0.000317715 0 0 0 0 0 0 0 
scan  200 50 88 0 0.000317715 0 0 0 0 0 0 0 
scan  200 50 79 0 0.000317715 0 0 0 0 0 0 0 
scan  200 50 84 0 0.000317715 0 0 0 0 0 0 0 
scan  200 50 89 0 0.000317715 0 0 0 0 0 0 0 
scan  200 50 45 2.77768e-05 0.000240529 2.77768e-05 -5.8464e-07 -4.93668e-06 0 0 0 0 
scan  200 50 50 0 0.000317715 0 0 0 0 0 0 0 
scan  200 50 55 0 0.000317715 0 0 0 0 0 0 0 
scan  200 50 46 0 0.000318152 0 0 0 0 0 0 0 
scan  200 50 51 0 0.000317715 0 0 0 0 0 0 0 
scan  200 50 56 0 0.000317715 0 0 0 0 0 0 0 
scan  200 50 47 0 0.000317715 0 0 0 0 0 0 0 
scan  200 50 52 0 0.000317715 0 0 0 0 0 0 0 
scan  200 50 57 0 0.000317715 0 0 0 0 0 0 0 
scan  200 50 48 0 0.000317715 0 0 0 0 0 0 0 
scan  200 50 53 0 0.000317715 0 0 0 0 0 0 0 
scan  200 50 58 0 0.000317715 0 0 0 0 0 0 0 
scan  200 50 49 0 0.000317715 0 0 0 0 0 0 0 
scan  200 50 54 0 0.000317715 0 0 0 0 0 0 0 
scan  200 50 59 0 0.000317715 0 0 0 0 0 0 0 
scan  200 50 165 2.22258e-05 8.26319e-05 2.22258e-05 -2.32025e-07 -6.16357e-07 -2.22258e-06 0 0 0 
scan  200 50 170 0 0.000158857 0 0 0 0 0 0 0 
scan  200 50 175 0 0.000158857 0 0 0 0 0 0 0 
scan  200 50 166 0 0.000158857 0 0 0 0 0 0 0 
scan  200 50 171 0 0.00015892 0 0 0 0 0 0 0 
scan  200 50 176 0 0.000158857 0 0 0 0 0 0 0 
scan  200 50 167 6.90653e-06 7.97315e-05 6.90653e-06 -1.24069e-07 -3.81085e-08 -6.90653e-07 0 0 0 
scan  200 50 172 0 0.000158857 0 0 0 0 0 0 0 
scan  200 50 177 0 0.000158857 0 0 0 0 0 0 0 
scan  200 50 168 0 0.000158857 0 0 0 0 0 0 0 
scan  200 50 173 0 0.000158857 0 0 0 0 0 0 0 
scan  200 50 178 0 0.000158857 0 0 0 0 0 0 0 
scan  200 50 169 0 0.000158857 0 0 0 0 0 0 0 
scan  200 50 174 0 0.000158857 0 0 0 0 0 0 0 
scan  200 50 179 0 0.000158857 0 0 0 0 0 0 0 
scan  200 50 135 8.10678e-05 0.000152698 6.80181e-05 -8.48436e-07 -9.22345e-06 -8.10678e-06 0 0 0 
scan  200 50 140 0 0.000158857 0 0 0 0 0 0 0 
scan  200 50 145 0 0.000158857 0 0 0 0 0 0 0 
scan  200 50 136 0.00124039 0.0011039 0.00104678 -1.50759e-05 -2.2968e-05 -0.000124039 0 0 0 
scan  200 50 141 5.96781e-06 7.96556e-05 5.96781e-06 -1.22634e-07 -3.17588e-07 -5.96781e-07 0 0 0 
scan  200 50 146 0 0.000158857 0 0 0 0 0 0 0 
scan  200 50 137 0 0.000260363 0 0 0 0 0 0 0 
scan  200 50 142 0 0.000158857 0 0 0 0 0 0 0 
scan  200 50 147 0 0.000158857 0 0 0 0 0 0 0 
scan  200 50 138 0 0.000158857 0 0 0 0 0 0 0 
scan  200 50 143 0 0.000158857 0 0 0 0 0 0 0 
scan  200 50 148 0 0.000158857 0 0 0 0 0 0 0 
scan  200 50 139 0 0.000158857 0 0 0 0 0 0 0 
scan  200 50 144 0 0.000158857 0 0 0 0 0 0 0 
scan  200 50 149 0 0.000158857 0 0 0 0 0 0 0 
scan  200 50 120 0 0.000476572 0 0 0 0 0 0 0 
scan  200 50 125 0 0.000476572 0 0 0 0 0 0 0 
scan  200 50 130 0 0.000476572 0 0 0 0 0 0 0 
scan  200 50 121 0 0.000477341 0 0 0 0 0 0 0 
scan  200 50 126 0 0.000476572 0 0 0 0 0 0 0 
scan  200 50 131 0 0.000476572 0 0 0 0 0 0 0 
scan  200 50 122 0.000135352 0.000424112 0.000135352 0 -5.39584e-05 -1.35352e-05 0 0 0 
scan  200 50 127 0 0.000476572 0 0 0 0 0 0 0 
scan  200 50 132 0 0.000476572 0 0 0 0 0 0 0 
scan  200 50 123 0 0.000476572 0 0 0 0 0 0 0 
scan  200 50 128 0 0.000476572 0 0 0 0 0 0 0 
scan  200 50 133 0 0.000476572 0 0 0 0 0 0 0 
scan  200 50 124 0 0.000476572 0 0 0 0 0 0 0 
scan  200 50 129 0 0.000476572 0 0 0 0 0 0 0 
scan  200 50 134 0 0.000476572 0 0 0 0 0 0 0 
scan  200 50 90 0.000353778 0.00040136 0.000241429 -1.32707e-05 -1.66066e-07 -3.53778e-05 0 0 0 
scan  200 50 95 0 0.000476599 0 0 0 0 0 0 0 
scan  200 50 100 0 0.000476572 0 0 0 0 0 0 0 
scan  200 50 91 6.13116e-05 0.000323984 5.53062e-05 -7.0362e-07 -1.38918e-05 -6.13116e-06 0 0 0 
scan  200 50 96 0 0.000476578 0 0 0 0 0 0 0 
scan  200 50 101 2.87278e-05 0.000398192 2.87278e-05 -6.02936e-07 0 -2.87278e-06 0 0 0 
scan  200 50 92 6.28672e-06 0.000397196 6.28672e-06 -6.563e-08 -1.39754e-06 -6.28672e-07 0 0 0 
scan  200 50 97 1.1979e-05 0.000317847 8.57929e-06 -5.24723e-08 -1.76379e-06 -1.1979e-06 0 0 0 
scan  200 50 102 0.000224301 0.00034889 0.000141183 -3.9099e-06 -1.81715e-05 -2.24301e-05 0 0 0 
scan  200 50 93 0 0.000476572 0 0 0 0 0 0 0 
scan  200 50 98 0 0.000476574 0 0 0 0 0 0 0 
scan  200 50 103 8.79314e-05 0.000406861 8.79314e-05 -1.84569e-06 0 -8.79314e-06 0 0 0 
scan  200 50 94 0 0.000476572 0 0 0 0 0 0 0 
scan  200 50 99 0 0.000476572 0 0 0 0 0 0 0 
scan  200 50 104 0.000479899 0.000641471 0.000479899 0 -0.000145451 -4.79899e-05 0 0 0 
