xsec 350 200 0.073732
scan  350 200 30 1.32726e-05 4.57279e-05 8.74261e-06 -1.34419e-08 -2.49377e-06 0 0 0 0 
scan  350 200 35 0 5.97021e-05 0 0 0 0 0 0 0 
scan  350 200 40 0 5.9702e-05 0 0 0 0 0 0 0 
scan  350 200 31 6.20166e-07 5.22791e-05 6.20166e-07 -1.96309e-08 0 0 0 5.98162e-07 0 
scan  350 200 36 0 5.9702e-05 0 0 0 0 0 0 0 
scan  350 200 41 0 5.97021e-05 0 0 0 0 0 0 0 
scan  350 200 32 5.98162e-07 5.22462e-05 5.98162e-07 -2.69597e-08 0 0 0 5.98162e-07 0 
scan  350 200 37 0 5.97022e-05 0 0 0 0 0 0 0 
scan  350 200 42 1.29919e-06 4.47867e-05 9.19608e-07 -1.96339e-08 -3.17321e-08 0 0 0 0 
scan  350 200 33 1.24146e-05 4.58819e-05 9.93076e-06 -5.34971e-07 -1.14358e-06 0 0 0 0 
scan  350 200 38 0 5.9702e-05 0 0 0 0 0 0 0 
scan  350 200 43 0 5.9702e-05 0 0 0 0 0 0 0 
scan  350 200 34 0 5.9702e-05 0 0 0 0 0 0 0 
scan  350 200 39 0 5.9702e-05 0 0 0 0 0 0 0 
scan  350 200 44 0 5.9702e-05 0 0 0 0 0 0 0 
scan  350 200 0 7.48525e-05 7.16952e-05 4.89247e-05 -1.32191e-06 -1.99813e-05 0 0 0 0 
scan  350 200 5 0 5.98889e-05 0 0 0 0 0 0 0 
scan  350 200 10 0 5.9702e-05 0 0 0 0 0 0 0 
scan  350 200 1 1.00763e-05 4.54707e-05 7.70118e-06 -4.36389e-07 -6.61896e-07 0 0 0 0 
scan  350 200 6 6.10131e-05 7.89804e-05 5.93021e-05 -6.18818e-07 -1.42342e-05 0 0 0 0 
scan  350 200 11 1.43714e-05 5.41878e-05 1.43714e-05 -1.5003e-07 -9.06564e-07 0 0 0 0 
scan  350 200 2 4.12037e-05 4.03615e-05 2.70779e-05 -1.30206e-06 -1.49606e-06 0 0 0 0 
scan  350 200 7 1.21182e-06 0.000104435 8.58284e-07 -4.57764e-08 -1.76718e-08 0 0 0 0 
scan  350 200 12 6.56736e-05 9.6583e-05 6.56736e-05 -1.37872e-06 -1.64555e-06 0 0 0 0 
scan  350 200 3 2.68995e-06 5.232e-05 2.68995e-06 -1.50738e-07 -5.97127e-07 0 0 0 0 
scan  350 200 8 3.21201e-06 5.23387e-05 3.21201e-06 -6.74134e-08 -2.80026e-07 0 0 0 0 
scan  350 200 13 2.07948e-05 3.35553e-05 1.47596e-05 -3.24177e-07 -2.09463e-06 0 0 0 0 
scan  350 200 4 2.45041e-05 5.07488e-05 2.38574e-05 -1.0849e-06 -7.75119e-09 0 0 0 0 
scan  350 200 9 0 5.9702e-05 0 0 0 0 0 0 0 
scan  350 200 14 4.18286e-06 5.24705e-05 4.18286e-06 0 -6.49486e-07 0 0 0 0 
scan  350 200 15 0.000610888 0.000135746 0.000101744 -1.12181e-05 -8.61521e-05 0 0 -1.52237e-05 0 
scan  350 200 20 2.4378e-05 4.02466e-05 1.49891e-05 -7.15167e-07 -5.56937e-08 0 0 1.2444e-06 0 
scan  350 200 25 0 5.97226e-05 0 0 0 0 0 0 0 
scan  350 200 16 0.00114558 0.000236961 0.000169596 -2.29321e-05 -0.000161761 0 0 2.67642e-06 0 
scan  350 200 21 0.000320143 9.83982e-05 8.87034e-05 -7.28436e-06 -1.93475e-05 0 0 1.70507e-05 0 
scan  350 200 26 0.000298069 0.000109053 0.000101008 -5.82764e-06 -1.99945e-05 0 0 1.17943e-05 0 
scan  350 200 17 0.000836116 0.000234198 0.000189 -1.65048e-05 -0.000122932 0 0 -1.5323e-05 0 
scan  350 200 22 0.000312623 0.000144096 0.000127627 -3.18008e-06 -5.21136e-05 0 0 -1.76386e-05 0 
scan  350 200 27 0.000548414 0.000169008 0.00011856 -1.2907e-05 -4.02455e-05 0 0 -4.42222e-05 0 
scan  350 200 18 0.000191833 9.35159e-05 5.66925e-05 -2.93416e-06 -2.2556e-05 0 0 2.82267e-05 0 
scan  350 200 23 0.000128601 6.00644e-05 4.53015e-05 -3.09534e-06 -6.71275e-06 0 0 -9.45184e-06 0 
scan  350 200 28 0.000429641 0.000176262 0.000154724 -3.94066e-06 -2.9955e-05 0 0 4.34663e-05 0 
scan  350 200 19 0.000265201 9.63473e-05 8.61803e-05 -6.37135e-06 -1.49768e-05 0 0 -3.58004e-05 0 
scan  350 200 24 3.69987e-05 3.42604e-05 2.02369e-05 -4.3325e-07 -3.77353e-06 0 0 1.01084e-05 0 
scan  350 200 29 0.000313177 9.90135e-05 9.75814e-05 -8.03652e-06 -7.77709e-06 0 0 2.55561e-06 0 
scan  350 200 75 0 2.9851e-05 0 0 0 0 0 0 0 
scan  350 200 80 0 2.9851e-05 0 0 0 0 0 0 0 
scan  350 200 85 0 2.9851e-05 0 0 0 0 0 0 0 
scan  350 200 76 0 2.9851e-05 0 0 0 0 0 0 0 
scan  350 200 81 0 2.9851e-05 0 0 0 0 0 0 0 
scan  350 200 86 0 2.9851e-05 0 0 0 0 0 0 0 
scan  350 200 77 0 2.9851e-05 0 0 0 0 0 0 0 
scan  350 200 82 0 2.9851e-05 0 0 0 0 0 0 0 
scan  350 200 87 0 2.9851e-05 0 0 0 0 0 0 0 
scan  350 200 78 0 2.9851e-05 0 0 0 0 0 0 0 
scan  350 200 83 0 2.9851e-05 0 0 0 0 0 0 0 
scan  350 200 88 0 2.9851e-05 0 0 0 0 0 0 0 
scan  350 200 79 0 2.9851e-05 0 0 0 0 0 0 0 
scan  350 200 84 0 2.9851e-05 0 0 0 0 0 0 0 
scan  350 200 89 0 2.9851e-05 0 0 0 0 0 0 0 
scan  350 200 45 0 2.9851e-05 0 0 0 0 0 0 0 
scan  350 200 50 0 2.9851e-05 0 0 0 0 0 0 0 
scan  350 200 55 0 2.9851e-05 0 0 0 0 0 0 0 
scan  350 200 46 5.87025e-06 2.28724e-05 4.38557e-06 -2.08878e-07 -3.9386e-07 0 0 0 0 
scan  350 200 51 5.3458e-06 2.31187e-05 5.3458e-06 -2.99209e-07 -2.90297e-08 0 0 0 0 
scan  350 200 56 0 2.99275e-05 0 0 0 0 0 0 0 
scan  350 200 47 1.74794e-05 2.90884e-05 1.69674e-05 -1.82476e-07 -7.50713e-06 0 0 0 0 
scan  350 200 52 6.1501e-07 2.24105e-05 6.1501e-07 -2.13552e-08 -1.10097e-08 0 0 0 0 
scan  350 200 57 0 2.98534e-05 0 0 0 0 0 0 0 
scan  350 200 48 0 2.9851e-05 0 0 0 0 0 0 0 
scan  350 200 53 0 2.9851e-05 0 0 0 0 0 0 0 
scan  350 200 58 1.90893e-06 2.24763e-05 1.90893e-06 -2.17029e-08 -4.01032e-07 0 0 0 0 
scan  350 200 49 0 2.9851e-05 0 0 0 0 0 0 0 
scan  350 200 54 0 2.9851e-05 0 0 0 0 0 0 0 
scan  350 200 59 0 2.9851e-05 0 0 0 0 0 0 0 
scan  350 200 165 0 1.49255e-05 0 0 0 0 0 0 0 
scan  350 200 170 0 1.49255e-05 0 0 0 0 0 0 0 
scan  350 200 175 0 1.49255e-05 0 0 0 0 0 0 0 
scan  350 200 166 0 1.49255e-05 0 0 0 0 0 0 0 
scan  350 200 171 0 1.49255e-05 0 0 0 0 0 0 0 
scan  350 200 176 0 1.49255e-05 0 0 0 0 0 0 0 
scan  350 200 167 0 1.49255e-05 0 0 0 0 0 0 0 
scan  350 200 172 1.01601e-05 1.28185e-05 1.01601e-05 -1.19368e-07 -4.6563e-07 -1.01601e-06 0 0 0 
scan  350 200 177 0 2.07982e-05 0 0 0 0 0 1.4341e-05 0 
scan  350 200 168 0 1.49255e-05 0 0 0 0 0 0 0 
scan  350 200 173 0 1.49255e-05 0 0 0 0 0 0 0 
scan  350 200 178 1.4341e-05 2.16589e-05 1.4341e-05 -1.49713e-07 -8.02182e-08 -1.4341e-06 0 -1.4341e-05 0 
scan  350 200 169 0 1.49255e-05 0 0 0 0 0 0 0 
scan  350 200 174 0 1.49255e-05 0 0 0 0 0 0 0 
scan  350 200 179 0 2.06987e-05 0 0 0 0 0 1.4341e-05 0 
scan  350 200 135 7.95782e-05 6.77751e-05 6.62903e-05 -8.35339e-07 -8.90726e-06 -7.95782e-06 0 0 0 
scan  350 200 140 0 1.49255e-05 0 0 0 0 0 0 0 
scan  350 200 145 0 1.49255e-05 0 0 0 0 0 0 0 
scan  350 200 136 2.86513e-05 6.11908e-05 2.50852e-05 -3.808e-07 -3.33942e-06 -2.86513e-06 0 5.01335e-07 0 
scan  350 200 141 1.268e-06 1.17906e-05 8.96814e-07 -1.35598e-08 -5.43837e-08 -1.268e-07 0 0 0 
scan  350 200 146 2.54753e-05 2.60609e-05 2.48309e-05 -6.29659e-07 -1.36552e-07 -2.54753e-06 0 0 0 
scan  350 200 137 8.73869e-05 0.000105304 8.09052e-05 -9.1819e-07 -1.53932e-05 -8.73869e-06 0 5.01335e-07 0 
scan  350 200 142 0 1.49255e-05 0 0 0 0 0 0 0 
scan  350 200 147 3.79213e-05 3.87316e-05 3.7433e-05 -3.95878e-07 -5.35449e-06 -3.79213e-06 0 0 0 
scan  350 200 138 0 1.49278e-05 0 0 0 0 0 0 0 
scan  350 200 143 0 1.49255e-05 0 0 0 0 0 0 0 
scan  350 200 148 0 1.49258e-05 0 0 0 0 0 0 0 
scan  350 200 139 0 1.49255e-05 0 0 0 0 0 0 0 
scan  350 200 144 0 1.49255e-05 0 0 0 0 0 0 0 
scan  350 200 149 0 1.49255e-05 0 0 0 0 0 0 0 
scan  350 200 120 0 4.47765e-05 0 0 0 0 0 0 0 
scan  350 200 125 0 4.47765e-05 0 0 0 0 0 0 0 
scan  350 200 130 0 4.47765e-05 0 0 0 0 0 0 0 
scan  350 200 121 0 4.47765e-05 0 0 0 0 0 0 0 
scan  350 200 126 0 4.47765e-05 0 0 0 0 0 0 0 
scan  350 200 131 0 4.47765e-05 0 0 0 0 0 0 0 
scan  350 200 122 0 4.47765e-05 0 0 0 0 0 0 0 
scan  350 200 127 0 4.47765e-05 0 0 0 0 0 0 0 
scan  350 200 132 0 4.47765e-05 0 0 0 0 0 0 0 
scan  350 200 123 0 4.47765e-05 0 0 0 0 0 0 0 
scan  350 200 128 0 4.47765e-05 0 0 0 0 0 0 0 
scan  350 200 133 0 4.47765e-05 0 0 0 0 0 0 0 
scan  350 200 124 0 4.47765e-05 0 0 0 0 0 0 0 
scan  350 200 129 0 4.47765e-05 0 0 0 0 0 0 0 
scan  350 200 134 0 4.47765e-05 0 0 0 0 0 0 0 
scan  350 200 90 1.21975e-06 2.99013e-05 8.63048e-07 -3.78174e-08 -3.21763e-09 -1.21975e-07 0 0 0 
scan  350 200 95 0 4.47767e-05 0 0 0 0 0 0 0 
scan  350 200 100 0 4.47765e-05 0 0 0 0 0 0 0 
scan  350 200 91 6.40041e-05 4.81368e-05 3.78435e-05 -5.83478e-07 -7.64097e-06 -6.40041e-06 0 0 0 
scan  350 200 96 0 4.49892e-05 0 0 0 0 0 0 0 
scan  350 200 101 1.81922e-06 2.98736e-05 1.0556e-06 -5.4417e-09 -2.74992e-07 -1.81922e-07 0 0 0 
scan  350 200 92 3.24061e-06 3.87932e-05 3.24061e-06 -3.38303e-08 -4.9193e-07 -3.24061e-07 0 0 0 
scan  350 200 97 0 4.47767e-05 0 0 0 0 0 0 0 
scan  350 200 102 3.23007e-06 3.74576e-05 3.23007e-06 -3.37203e-08 -3.69943e-07 -3.23007e-07 0 0 0 
scan  350 200 93 0 4.47812e-05 0 0 0 0 0 0 0 
scan  350 200 98 6.04894e-07 3.73191e-05 6.04894e-07 0 -1.78817e-07 -6.04894e-08 0 0 0 
scan  350 200 103 0 4.47812e-05 0 0 0 0 0 0 0 
scan  350 200 94 0 4.47765e-05 0 0 0 0 0 0 0 
scan  350 200 99 0 4.47765e-05 0 0 0 0 0 0 0 
scan  350 200 104 6.41412e-07 3.73195e-05 6.41412e-07 0 -1.20205e-07 -6.41412e-08 0 0 0 
