model coNLSP
parameter coNLSP 3
parameter kFactorProcessWeighted true
scan charginogluino 725 1700 LOXSEC 0.007132
scan charginogluino 725 1700 L4T0METVHTVZV 0.000716166 4.46245e-05 3.9581e-05 5.02288e-06 1.99865e-05 0 0 9.74881e-15
scan charginogluino 725 1700 L4T1METVHTVZV 0.000401886 3.27219e-05 3.13646e-05 1.96219e-06 9.01738e-06 1.15028e-06 7.09469e-07 6.22189e-09
scan charginogluino 725 1700 L4T2METVHTVZV 7.9551e-05 1.11742e-05 1.10503e-05 2.76644e-07 1.54636e-06 5.08061e-07 1.50497e-07 6.01653e-08
scan charginogluino 725 1700 L4T0METVHTV 0.000141986 1.54241e-05 1.51087e-05 1.19335e-06 2.86454e-06 0 0 7.04728e-15
scan charginogluino 725 1700 L4T1METVHTV 2.02335e-05 5.64819e-06 5.63723e-06 1.85952e-07 2.88014e-07 6.98105e-08 3.67458e-08 7.06258e-10
scan charginogluino 725 1700 L4T2METVHTV 9.77481e-06 3.70251e-06 3.69685e-06 4.30355e-08 1.75223e-07 9.34648e-08 0 2.36342e-08
scan charginogluino 725 1700 L4T0METVZV 0.000194262 1.76317e-05 1.72627e-05 1.57243e-06 3.22544e-06 0 0 7.11644e-15
scan charginogluino 725 1700 L4T1METVZV 8.73258e-05 1.22678e-05 1.18834e-05 5.32656e-07 2.9552e-06 3.416e-07 3.847e-07 2.98023e-10
scan charginogluino 725 1700 L4T2METVZV 1.53647e-05 5.11184e-06 5.08126e-06 2.79266e-08 5.47042e-07 1.06467e-07 0 1.96556e-08
scan charginogluino 725 1700 L4T0METV 3.82031e-05 7.1335e-06 7.1037e-06 3.65764e-07 5.38904e-07 0 0 1.28172e-15
scan charginogluino 725 1700 L4T1METV 2.47382e-06 1.94519e-06 1.94357e-06 1.60288e-08 6.53823e-08 2.13458e-09 4.18786e-08 4.56754e-12
scan charginogluino 725 1700 L4T2METV 3.05561e-06 2.16106e-06 2.1607e-06 2.64605e-08 0 2.84008e-08 0 4.20597e-09
scan charginogluino 725 1700 L4T0HTVZV 6.90311e-06 3.36215e-06 3.36037e-06 4.26501e-08 1.00575e-07 0 0 3.53127e-18
scan charginogluino 725 1700 L4T1HTVZV 3.51149e-05 2.87271e-05 2.87225e-05 2.73742e-07 4.33449e-07 2.05527e-08 0 1.43011e-11
scan charginogluino 725 1700 L4T2HTVZV 1.81844e-06 1.81858e-06 1.81851e-06 1.10839e-08 0 1.10839e-08 0 5.84783e-10
scan charginogluino 725 1700 L4T0HTV 5.41309e-06 3.02505e-06 3.02119e-06 3.25161e-08 1.49318e-07 0 0 2.59471e-18
scan charginogluino 725 1700 L4T1HTV 1.1861e-06 1.18648e-06 1.18625e-06 3.61091e-09 1.98042e-08 1.14174e-08 0 1.43183e-13
scan charginogluino 725 1700 L4T2HTV 0 1.74698e-08 1.74698e-08 0 0 0 0 0
scan charginogluino 725 1700 L4T0ZV 8.77533e-06 3.43383e-06 3.43065e-06 4.9154e-08 1.39394e-07 0 0 4.88445e-17
scan charginogluino 725 1700 L4T1ZV 0 2.01723e-08 2.01723e-08 0 0 0 0 0
scan charginogluino 725 1700 L4T2ZV 0 1.74698e-08 1.74698e-08 0 0 0 0 0
scan charginogluino 725 1700 L4T0 8.63673e-06 4.33114e-06 4.32466e-06 8.31841e-08 2.21694e-07 0 0 9.4702e-22
scan charginogluino 725 1700 L4T1 0 2.01723e-08 2.01723e-08 0 0 0 0 0
scan charginogluino 725 1700 L4T2 0 1.74698e-08 1.74698e-08 0 0 0 0 0
scan charginogluino 725 1700 L3DY0T0METVHTV 1.67314e-05 5.14898e-06 5.13607e-06 1.36168e-07 3.37963e-07 0 0 2.37013e-11
scan charginogluino 725 1700 L3DY0T1METVHTV 0.000118032 1.37352e-05 1.35227e-05 4.76915e-07 2.28821e-06 3.25675e-07 4.07452e-07 2.37567e-07
scan charginogluino 725 1700 L3DY0T2METVHTV 3.66788e-05 6.5774e-06 6.56239e-06 6.51489e-08 1.10165e-07 2.80853e-07 0 3.19253e-07
scan charginogluino 725 1700 L3DY0T0METV 2.09935e-06 2.10229e-06 2.09938e-06 0 1.10486e-07 0 0 2.53428e-13
scan charginogluino 725 1700 L3DY0T1METV 9.34539e-06 3.68359e-06 3.54836e-06 1.63622e-08 9.8501e-07 1.73448e-08 8.0564e-08 2.55491e-08
scan charginogluino 725 1700 L3DY0T2METV 8.3689e-06 3.22578e-06 3.22391e-06 5.39532e-09 4.75637e-08 6.10241e-08 0 7.77567e-08
scan charginogluino 725 1700 L3DY0T0HTV 3.66541e-06 3.66559e-06 3.66543e-06 2.23417e-08 2.64286e-08 0 0 3.44499e-13
scan charginogluino 725 1700 L3DY0T1HTV 0 2.01723e-08 2.01723e-08 0 0 0 0 0
scan charginogluino 725 1700 L3DY0T2HTV 0 1.4264e-08 1.4264e-08 0 0 0 0 0
scan charginogluino 725 1700 L3DY0T0 0 1.4264e-08 1.4264e-08 0 0 0 0 0
scan charginogluino 725 1700 L3DY0T1 0 2.01723e-08 2.01723e-08 0 0 0 0 0
scan charginogluino 725 1700 L3DY0T2 0 1.4264e-08 1.4264e-08 0 0 0 0 0
scan charginogluino 725 1700 L3DY1T0METVHTVZV 0.000276656 2.37485e-05 2.32823e-05 1.73981e-06 4.34729e-06 0 0 7.7978e-10
scan charginogluino 725 1700 L3DY1T1METVHTVZV 0.000218773 2.06661e-05 1.99733e-05 6.91049e-07 5.13833e-06 7.24985e-07 8.40083e-07 2.13588e-07
scan charginogluino 725 1700 L3DY1T0METVHTV 1.34335e-05 4.94334e-06 4.85801e-06 8.95201e-08 9.10123e-07 0 0 2.16995e-11
scan charginogluino 725 1700 L3DY1T1METVHTV 9.62977e-06 4.10983e-06 4.10878e-06 6.12187e-08 9.21866e-09 2.02047e-08 6.59615e-08 6.42735e-09
scan charginogluino 725 1700 L3DY1T0METVZV 2.93693e-05 6.57605e-06 6.39898e-06 1.51792e-07 1.50813e-06 0 0 1.93348e-11
scan charginogluino 725 1700 L3DY1T1METVZV 2.7608e-05 5.32057e-06 5.26801e-06 1.04231e-07 7.01918e-07 1.6772e-07 1.57487e-07 7.3329e-09
scan charginogluino 725 1700 L3DY1T0METV 6.80554e-08 6.91748e-08 6.91675e-08 2.07185e-10 9.84233e-10 0 0 8.21548e-15
scan charginogluino 725 1700 L3DY1T1METV 2.72863e-07 2.8102e-07 2.73143e-07 0 6.60181e-08 8.55719e-10 0 2.48058e-09
scan charginogluino 725 1700 L3DY1T0HTVZV 3.49112e-06 2.81086e-06 2.81071e-06 2.70396e-08 1.16395e-08 0 0 1.23196e-12
scan charginogluino 725 1700 L3DY1T1HTVZV 8.35514e-06 4.48518e-06 4.48312e-06 1.58151e-08 4.56973e-08 7.92232e-09 1.2679e-07 1.4259e-09
scan charginogluino 725 1700 L3DY1T0HTV 0 1.4264e-08 1.4264e-08 0 0 0 0 0
scan charginogluino 725 1700 L3DY1T1HTV 0 1.4264e-08 1.4264e-08 0 0 0 0 0
scan charginogluino 725 1700 L3DY1T0ZV 4.6192e-06 3.38426e-06 3.38377e-06 1.92021e-08 5.4587e-08 0 0 2.43467e-12
scan charginogluino 725 1700 L3DY1T1ZV 0 1.4264e-08 1.4264e-08 0 0 0 0 0
scan charginogluino 725 1700 L3DY1T0 0 1.4264e-08 1.4264e-08 0 0 0 0 0
scan charginogluino 725 1700 L3DY1T1 0 1.4264e-08 1.4264e-08 0 0 0 0 0
