model coNLSP
parameter coNLSP 3
parameter kFactorProcessWeighted true
scan charginogluino 550 1300 LOXSEC 0.04375
scan charginogluino 550 1300 L4T0METVHTVZV 0.00599976 0.00030958 0.000250066 4.71366e-05 0.00017631 0 0 1.68965e-11
scan charginogluino 550 1300 L4T1METVHTVZV 0.00374115 0.000255617 0.000206148 2.04878e-05 0.000148485 1.42604e-05 1.31277e-05 2.77604e-07
scan charginogluino 550 1300 L4T2METVHTVZV 0.001131 0.000112954 0.000109789 3.76124e-06 2.46101e-05 8.21851e-06 3.58038e-06 2.17614e-06
scan charginogluino 550 1300 L4T0METVHTV 0.0026425 0.000196211 0.000174637 2.31339e-05 8.64029e-05 0 0 3.70485e-13
scan charginogluino 550 1300 L4T1METVHTV 0.000953227 0.000150779 0.000135082 4.11353e-06 6.67394e-05 2.99092e-06 2.65014e-06 2.9614e-09
scan charginogluino 550 1300 L4T2METVHTV 0.000110695 3.34786e-05 3.34454e-05 8.28314e-07 2.5156e-07 1.20483e-06 0 1.44881e-07
scan charginogluino 550 1300 L4T0METVZV 0.000970676 0.00010741 0.00010352 8.1191e-06 2.74686e-05 0 0 9.64742e-13
scan charginogluino 550 1300 L4T1METVZV 0.000366586 5.90232e-05 5.78611e-05 1.66016e-06 1.13947e-05 1.24658e-06 1.29575e-06 1.86202e-10
scan charginogluino 550 1300 L4T2METVZV 7.94564e-05 2.69378e-05 2.58976e-05 2.20713e-07 7.37487e-06 4.15959e-07 5.51753e-07 2.029e-07
scan charginogluino 550 1300 L4T0METV 0.000376137 6.35894e-05 6.23524e-05 3.04133e-06 1.21058e-05 0 0 3.32019e-14
scan charginogluino 550 1300 L4T1METV 0.000318463 0.000173122 0.000172977 8.58932e-07 6.38467e-06 2.02392e-06 2.12142e-06 2.52678e-10
scan charginogluino 550 1300 L4T2METV 6.48496e-05 3.26049e-05 3.24673e-05 2.07753e-07 2.9409e-06 4.83169e-07 0 1.59914e-07
scan charginogluino 550 1300 L4T0HTVZV 0.000150883 3.7024e-05 3.61302e-05 9.44106e-07 8.03099e-06 0 0 1.48544e-15
scan charginogluino 550 1300 L4T1HTVZV 5.45686e-05 2.23962e-05 2.22778e-05 1.8558e-07 2.28621e-06 1.66127e-07 0 2.07134e-11
scan charginogluino 550 1300 L4T2HTVZV 0.000192497 0.00010189 0.000101812 8.54127e-07 3.69976e-06 1.17661e-06 0 8.02073e-08
scan charginogluino 550 1300 L4T0HTV 5.07284e-05 1.931e-05 1.93009e-05 4.69019e-07 3.6195e-07 0 0 5.49503e-16
scan charginogluino 550 1300 L4T1HTV 1.07237e-05 1.0726e-05 1.07243e-05 3.26467e-08 1.55087e-07 1.03226e-07 0 8.46122e-14
scan charginogluino 550 1300 L4T2HTV 0 1.07165e-07 1.07165e-07 0 0 0 0 0
scan charginogluino 550 1300 L4T0ZV 0.000114052 4.68338e-05 4.68049e-05 1.17018e-06 1.15368e-06 0 0 9.33519e-15
scan charginogluino 550 1300 L4T1ZV 5.10421e-05 2.57117e-05 2.57012e-05 4.13032e-07 3.36338e-07 1.09577e-07 4.92826e-07 7.34475e-11
scan charginogluino 550 1300 L4T2ZV 0 1.07165e-07 1.07165e-07 0 0 0 0 0
scan charginogluino 550 1300 L4T0 4.42716e-05 2.69047e-05 2.58928e-05 3.34915e-07 7.30148e-06 0 0 1.39344e-17
scan charginogluino 550 1300 L4T1 0 1.23744e-07 1.23744e-07 0 0 0 0 0
scan charginogluino 550 1300 L4T2 0 1.07165e-07 1.07165e-07 0 0 0 0 0
scan charginogluino 550 1300 L3DY0T0METVHTV 0.000338321 7.0023e-05 6.86888e-05 1.81693e-06 1.3482e-05 0 0 1.1438e-09
scan charginogluino 550 1300 L3DY0T1METVHTV 0.0015025 0.000145006 0.000134062 4.83816e-06 5.45831e-05 4.59525e-06 4.83684e-06 2.64359e-06
scan charginogluino 550 1300 L3DY0T2METVHTV 0.000531869 6.86982e-05 6.84063e-05 9.73476e-07 1.48858e-06 3.94573e-06 0 4.61446e-06
scan charginogluino 550 1300 L3DY0T0METV 4.51292e-07 4.59225e-07 4.5761e-07 2.75075e-09 3.83745e-08 0 0 6.46027e-13
scan charginogluino 550 1300 L3DY0T1METV 0.000104773 3.87203e-05 3.86456e-05 3.71557e-07 2.2307e-06 2.47799e-07 5.15077e-07 5.87539e-07
scan charginogluino 550 1300 L3DY0T2METV 1.02764e-05 7.03796e-06 7.03468e-06 1.03476e-09 7.1645e-08 1.77209e-07 0 9.83805e-08
scan charginogluino 550 1300 L3DY0T0HTV 5.61657e-06 5.61769e-06 5.61708e-06 1.70988e-08 8.12273e-08 0 0 4.43159e-14
scan charginogluino 550 1300 L3DY0T1HTV 1.29578e-05 1.32989e-05 1.29583e-05 0 2.97671e-06 0 2.85505e-07 7.67448e-09
scan charginogluino 550 1300 L3DY0T2HTV 2.81248e-05 1.38881e-05 1.38847e-05 8.45101e-08 2.63359e-09 1.84587e-07 0 2.26869e-07
scan charginogluino 550 1300 L3DY0T0 0 8.75e-08 8.75e-08 0 0 0 0 0
scan charginogluino 550 1300 L3DY0T1 4.45918e-05 2.5076e-05 2.50665e-05 1.43198e-07 3.07445e-07 5.39444e-08 5.93809e-07 5.82619e-08
scan charginogluino 550 1300 L3DY0T2 0 8.75e-08 8.75e-08 0 0 0 0 0
scan charginogluino 550 1300 L3DY1T0METVHTVZV 0.00362486 0.000244306 0.000208606 2.19005e-05 0.000125257 0 0 1.19721e-08
scan charginogluino 550 1300 L3DY1T1METVHTVZV 0.00280072 0.000207976 0.000203316 1.15228e-05 3.97985e-05 8.64589e-06 1.07491e-05 3.12471e-06
scan charginogluino 550 1300 L3DY1T0METVHTV 0.000813349 9.33198e-05 9.02752e-05 4.71079e-06 2.31685e-05 0 0 8.72586e-09
scan charginogluino 550 1300 L3DY1T1METVHTV 0.000329534 7.46098e-05 6.85601e-05 1.13445e-06 2.93866e-05 9.51747e-07 4.69038e-07 3.7528e-07
scan charginogluino 550 1300 L3DY1T0METVZV 0.000211629 4.93322e-05 4.91159e-05 1.33332e-06 4.41857e-06 0 0 3.94987e-09
scan charginogluino 550 1300 L3DY1T1METVZV 0.000204518 4.71308e-05 4.70056e-05 9.68022e-07 2.2716e-06 8.83803e-07 2.21304e-06 6.78265e-08
scan charginogluino 550 1300 L3DY1T0METV 5.17987e-05 3.63523e-05 3.63492e-05 4.72953e-07 2.85734e-09 0 0 1.76651e-10
scan charginogluino 550 1300 L3DY1T1METV 1.50207e-05 1.33632e-05 1.33628e-05 9.15551e-08 0 4.03195e-08 3.91459e-08 4.83042e-09
scan charginogluino 550 1300 L3DY1T0HTVZV 0.00017807 4.09468e-05 4.08793e-05 1.29957e-06 1.95927e-06 0 0 1.4377e-10
scan charginogluino 550 1300 L3DY1T1HTVZV 7.95569e-06 5.66505e-06 5.66355e-06 4.84944e-08 0 7.53758e-09 1.2074e-07 2.55843e-09
scan charginogluino 550 1300 L3DY1T0HTV 3.42987e-05 2.07809e-05 2.05897e-05 2.18946e-07 2.80419e-06 0 0 2.86863e-11
scan charginogluino 550 1300 L3DY1T1HTV 0 8.75e-08 8.75e-08 0 0 0 0 0
scan charginogluino 550 1300 L3DY1T0ZV 1.74337e-05 1.133e-05 1.12996e-05 8.42341e-08 8.25892e-07 0 0 3.87814e-12
scan charginogluino 550 1300 L3DY1T1ZV 2.57923e-05 1.82472e-05 1.82447e-05 8.07258e-08 1.81476e-07 2.3079e-07 0 1.1691e-08
scan charginogluino 550 1300 L3DY1T0 0 8.75e-08 8.75e-08 0 0 0 0 0
scan charginogluino 550 1300 L3DY1T1 5.01928e-05 3.54941e-05 3.54918e-05 3.72578e-07 0 1.52805e-07 0 6.90891e-08
