model coNLSP
parameter coNLSP 3
parameter kFactorProcessWeighted true
scan charginogluino 550 1400 LOXSEC 0.03155
scan charginogluino 550 1400 L4T0METVHTVZV 0.00365423 0.000202401 0.000170022 2.90547e-05 0.000105897 0 0 4.14311e-12
scan charginogluino 550 1400 L4T1METVHTVZV 0.00193725 0.000136917 0.000127763 1.01137e-05 4.74426e-05 6.86622e-06 4.78232e-06 1.37305e-08
scan charginogluino 550 1400 L4T2METVHTVZV 0.000741237 7.91704e-05 7.80982e-05 2.2664e-06 1.10709e-05 6.22534e-06 1.05948e-06 1.02145e-06
scan charginogluino 550 1400 L4T0METVHTV 0.000950629 9.64548e-05 8.08113e-05 7.84005e-06 5.20729e-05 0 0 5.31473e-14
scan charginogluino 550 1400 L4T1METVHTV 0.000292315 4.43152e-05 4.07923e-05 1.75282e-06 1.71614e-05 1.15631e-06 9.49852e-07 4.25257e-10
scan charginogluino 550 1400 L4T2METVHTV 6.34293e-05 2.55469e-05 2.53125e-05 1.01547e-07 3.41136e-06 4.12499e-07 2.25672e-07 2.31796e-07
scan charginogluino 550 1400 L4T0METVZV 0.000950579 9.37946e-05 8.34047e-05 6.63627e-06 4.23917e-05 0 0 9.38481e-12
scan charginogluino 550 1400 L4T1METVZV 0.00038093 5.55155e-05 5.39807e-05 1.59933e-06 1.27857e-05 1.10394e-06 8.98176e-07 1.23311e-09
scan charginogluino 550 1400 L4T2METVZV 0.00013812 3.19455e-05 3.16436e-05 4.65961e-07 4.06658e-06 1.39566e-06 6.33392e-07 3.08685e-07
scan charginogluino 550 1400 L4T0METV 0.000584432 7.46439e-05 7.13165e-05 5.20973e-06 2.14133e-05 0 0 1.66358e-12
scan charginogluino 550 1400 L4T1METV 6.48864e-05 2.01879e-05 1.99614e-05 4.56413e-07 2.90524e-06 1.67174e-07 6.47103e-07 4.08203e-11
scan charginogluino 550 1400 L4T2METV 4.62064e-06 4.62135e-06 4.62118e-06 2.81643e-08 0 2.8173e-08 0 1.48593e-09
scan charginogluino 550 1400 L4T0HTVZV 0.000162103 3.80067e-05 3.7921e-05 1.43255e-06 2.10996e-06 0 0 2.249e-14
scan charginogluino 550 1400 L4T1HTVZV 2.95913e-05 1.59452e-05 1.59398e-05 1.35592e-07 3.22837e-07 2.26335e-07 5.73582e-09 6.82346e-12
scan charginogluino 550 1400 L4T2HTVZV 7.60989e-06 5.38761e-06 5.38147e-06 0 1.10163e-07 2.29931e-07 0 3.47385e-08
scan charginogluino 550 1400 L4T0HTV 0.000108442 4.08571e-05 4.07096e-05 9.41243e-07 3.33879e-06 0 0 4.47695e-15
scan charginogluino 550 1400 L4T1HTV 0 8.92369e-08 8.92369e-08 0 0 0 0 0
scan charginogluino 550 1400 L4T2HTV 0 7.72814e-08 7.72814e-08 0 0 0 0 0
scan charginogluino 550 1400 L4T0ZV 0.000140929 4.27969e-05 4.2721e-05 8.26175e-07 2.40833e-06 0 0 1.11407e-15
scan charginogluino 550 1400 L4T1ZV 6.30831e-05 5.67852e-05 5.6755e-05 0 1.37242e-06 6.4767e-08 1.24169e-06 6.90713e-14
scan charginogluino 550 1400 L4T2ZV 1.33612e-05 1.08487e-05 1.08481e-05 6.36955e-08 4.21802e-08 8.34415e-08 0 5.08478e-09
scan charginogluino 550 1400 L4T0 2.44697e-05 1.30903e-05 1.20134e-05 1.63598e-07 5.19688e-06 0 0 1.44204e-15
scan charginogluino 550 1400 L4T1 1.70213e-05 1.70237e-05 1.70215e-05 2.72269e-07 0 0 0 5.84835e-11
scan charginogluino 550 1400 L4T2 0 7.72814e-08 7.72814e-08 0 0 0 0 0
scan charginogluino 550 1400 L3DY0T0METVHTV 0.000180564 4.05926e-05 3.90256e-05 9.40071e-07 1.11301e-05 0 0 2.95608e-10
scan charginogluino 550 1400 L3DY0T1METVHTV 0.000743767 7.41087e-05 7.1582e-05 2.16268e-06 1.86434e-05 2.71759e-06 2.15313e-06 1.95787e-06
scan charginogluino 550 1400 L3DY0T2METVHTV 0.000299826 4.34486e-05 4.33147e-05 6.05195e-07 7.28479e-07 2.02598e-06 0 2.57199e-06
scan charginogluino 550 1400 L3DY0T0METV 4.02016e-05 2.49509e-05 2.36447e-05 9.13908e-08 7.96667e-06 0 0 2.42126e-11
scan charginogluino 550 1400 L3DY0T1METV 0.000183152 4.51882e-05 4.50985e-05 1.47877e-06 2.21231e-06 8.4869e-07 1.3972e-07 5.25836e-07
scan charginogluino 550 1400 L3DY0T2METV 3.91566e-05 1.48968e-05 1.48878e-05 2.8179e-08 2.1559e-07 2.96621e-07 0 3.62287e-07
scan charginogluino 550 1400 L3DY0T0HTV 0 6.31e-08 6.31e-08 0 0 0 0 0
scan charginogluino 550 1400 L3DY0T1HTV 1.50379e-05 8.88568e-06 8.88471e-06 5.37385e-08 1.08433e-07 4.63815e-08 0 2.2625e-08
scan charginogluino 550 1400 L3DY0T2HTV 4.87003e-06 4.87061e-06 4.87034e-06 1.48261e-08 0 2.96841e-08 0 3.91841e-08
scan charginogluino 550 1400 L3DY0T0 0 6.31e-08 6.31e-08 0 0 0 0 0
scan charginogluino 550 1400 L3DY0T1 3.05826e-07 3.2678e-07 3.17013e-07 0 7.89594e-08 0 6.7384e-09 2.78024e-09
scan charginogluino 550 1400 L3DY0T2 1.56287e-05 9.09673e-06 9.09484e-06 2.88901e-08 4.42636e-08 1.14949e-07 0 1.35446e-07
scan charginogluino 550 1400 L3DY1T0METVHTVZV 0.00182463 0.000129826 0.000119491 1.04078e-05 4.96834e-05 0 0 7.4452e-08
scan charginogluino 550 1400 L3DY1T1METVHTVZV 0.00104881 9.12008e-05 8.95528e-05 4.07557e-06 1.5796e-05 4.10894e-06 3.75771e-06 8.66662e-07
scan charginogluino 550 1400 L3DY1T0METVHTV 0.000439032 8.04954e-05 6.88823e-05 2.58993e-06 4.15696e-05 0 0 2.87541e-09
scan charginogluino 550 1400 L3DY1T1METVHTV 0.000203933 4.48782e-05 4.45566e-05 6.93407e-07 5.03196e-06 4.68041e-07 1.63818e-06 2.38498e-07
scan charginogluino 550 1400 L3DY1T0METVZV 0.000243815 5.02718e-05 5.00756e-05 1.10607e-06 4.29714e-06 0 0 1.75894e-10
scan charginogluino 550 1400 L3DY1T1METVZV 0.000133517 2.82712e-05 2.75483e-05 3.55125e-07 6.26271e-06 7.00322e-07 7.14816e-07 5.93829e-08
scan charginogluino 550 1400 L3DY1T0METV 5.66067e-05 1.96754e-05 1.89948e-05 2.49038e-07 5.12435e-06 0 0 5.53513e-11
scan charginogluino 550 1400 L3DY1T1METV 4.00025e-05 1.79833e-05 1.78944e-05 2.27186e-07 1.75367e-06 2.44053e-07 0 4.90759e-08
scan charginogluino 550 1400 L3DY1T0HTVZV 6.8093e-05 2.53926e-05 2.5124e-05 4.00642e-07 3.66229e-06 0 0 5.79769e-11
scan charginogluino 550 1400 L3DY1T1HTVZV 5.79298e-05 2.70304e-05 2.67894e-05 3.40736e-08 3.58118e-06 2.29815e-07 2.64456e-07 1.47067e-07
scan charginogluino 550 1400 L3DY1T0HTV 9.48352e-06 8.3438e-06 8.34342e-06 7.55275e-08 2.67951e-08 0 0 3.72008e-12
scan charginogluino 550 1400 L3DY1T1HTV 0 6.31e-08 6.31e-08 0 0 0 0 0
scan charginogluino 550 1400 L3DY1T0ZV 2.40309e-05 1.40155e-05 1.39872e-05 1.99885e-07 8.6772e-07 0 0 1.7268e-11
scan charginogluino 550 1400 L3DY1T1ZV 1.56881e-05 8.83216e-06 8.80606e-06 1.67058e-08 5.42422e-07 4.05899e-07 2.74182e-08 2.1668e-08
scan charginogluino 550 1400 L3DY1T0 0 6.31e-08 6.31e-08 0 0 0 0 0
scan charginogluino 550 1400 L3DY1T1 0 6.31e-08 6.31e-08 0 0 0 0 0
