model coNLSP
parameter coNLSP 3
parameter kFactorProcessWeighted true
scan charginogluino 1300 1750 LOXSEC 0.001662
scan charginogluino 1300 1750 L4T0METVHTVZV 0.000371961 1.38412e-05 1.27254e-05 2.76155e-06 4.6923e-06 0 0 5.59117e-13
scan charginogluino 1300 1750 L4T1METVHTVZV 0.000233144 1.07408e-05 1.00049e-05 1.08304e-06 3.63985e-06 6.54415e-07 6.46236e-07 2.2162e-10
scan charginogluino 1300 1750 L4T2METVHTVZV 8.26144e-05 5.9215e-06 5.82957e-06 2.33162e-07 8.54045e-07 5.24443e-07 1.40154e-07 4.22964e-08
scan charginogluino 1300 1750 L4T0METVHTV 2.23174e-05 2.75172e-06 2.72373e-06 1.9323e-07 3.40491e-07 0 0 4.97404e-16
scan charginogluino 1300 1750 L4T1METVHTV 8.65477e-06 1.86062e-06 1.81471e-06 7.3064e-08 4.03012e-07 3.14218e-08 1.0795e-09 9.57519e-12
scan charginogluino 1300 1750 L4T2METVHTV 6.7548e-07 4.77686e-07 4.77651e-07 4.11723e-09 0 4.11723e-09 0 2.17224e-10
scan charginogluino 1300 1750 L4T0METVZV 5.02434e-05 4.49234e-06 4.42835e-06 4.4221e-07 6.12594e-07 0 0 4.75778e-16
scan charginogluino 1300 1750 L4T1METVZV 1.52509e-05 2.29869e-06 2.29055e-06 7.98382e-08 1.68663e-07 5.03504e-08 0 3.37773e-12
scan charginogluino 1300 1750 L4T2METVZV 5.369e-06 1.56893e-06 1.5678e-06 9.27318e-09 4.69179e-08 3.46942e-08 0 5.10644e-09
scan charginogluino 1300 1750 L4T0METV 6.16478e-06 1.68718e-06 1.68366e-06 4.46266e-08 9.94242e-08 0 0 4.77337e-15
scan charginogluino 1300 1750 L4T1METV 8.48554e-07 5.58644e-07 5.58309e-07 4.58964e-09 1.86144e-08 2.58334e-09 0 2.61338e-13
scan charginogluino 1300 1750 L4T2METV 0 4.07105e-09 4.07105e-09 0 0 0 0 0
scan charginogluino 1300 1750 L4T0HTVZV 5.20625e-06 1.62135e-06 1.6023e-06 2.90571e-08 2.4609e-07 0 0 4.20612e-17
scan charginogluino 1300 1750 L4T1HTVZV 4.51774e-06 2.24025e-06 2.23224e-06 1.0871e-08 1.83942e-07 3.63099e-09 4.3081e-08 1.27487e-12
scan charginogluino 1300 1750 L4T2HTVZV 1.86139e-06 8.94969e-07 8.94235e-07 5.36525e-09 1.41909e-08 7.36033e-09 3.20595e-08 5.02227e-10
scan charginogluino 1300 1750 L4T0HTV 2.9298e-08 2.09848e-08 2.09818e-08 3.57928e-10 0 0 0 6.15908e-19
scan charginogluino 1300 1750 L4T1HTV 0 4.70085e-09 4.70085e-09 0 0 0 0 0
scan charginogluino 1300 1750 L4T2HTV 0 4.07105e-09 4.07105e-09 0 0 0 0 0
scan charginogluino 1300 1750 L4T0ZV 3.36194e-06 1.75528e-06 1.75306e-06 2.16262e-08 8.55701e-08 0 0 3.98102e-20
scan charginogluino 1300 1750 L4T1ZV 0 4.70085e-09 4.70085e-09 0 0 0 0 0
scan charginogluino 1300 1750 L4T2ZV 0 4.07105e-09 4.07105e-09 0 0 0 0 0
scan charginogluino 1300 1750 L4T0 0 3.71634e-09 3.71634e-09 0 0 0 0 0
scan charginogluino 1300 1750 L4T1 0 4.70085e-09 4.70085e-09 0 0 0 0 0
scan charginogluino 1300 1750 L4T2 0 4.07105e-09 4.07105e-09 0 0 0 0 0
scan charginogluino 1300 1750 L3DY0T0METVHTV 9.89043e-06 2.04448e-06 2.03989e-06 3.17623e-08 1.33126e-07 0 0 1.11199e-12
scan charginogluino 1300 1750 L3DY0T1METVHTV 6.65824e-05 5.11249e-06 4.98037e-06 1.68281e-07 1.10366e-06 1.89785e-07 2.18999e-07 5.6065e-08
scan charginogluino 1300 1750 L3DY0T2METVHTV 3.53838e-05 3.52431e-06 3.50039e-06 5.33428e-08 1.26357e-07 2.27357e-07 0 3.1238e-07
scan charginogluino 1300 1750 L3DY0T0METV 2.91401e-07 2.91427e-07 2.91415e-07 2.66712e-09 0 0 0 1.31349e-13
scan charginogluino 1300 1750 L3DY0T1METV 1.53992e-06 9.07452e-07 9.07407e-07 8.52919e-09 2.08972e-09 8.82333e-10 0 1.77594e-09
scan charginogluino 1300 1750 L3DY0T2METV 3.02706e-06 1.01956e-06 1.01861e-06 3.49514e-09 1.3548e-08 3.15916e-08 0 2.73239e-08
scan charginogluino 1300 1750 L3DY0T0HTV 0 3.324e-09 3.324e-09 0 0 0 0 0
scan charginogluino 1300 1750 L3DY0T1HTV 6.94414e-07 5.66131e-07 5.65976e-07 1.66287e-09 5.00704e-09 0 1.20349e-08 1.60224e-09
scan charginogluino 1300 1750 L3DY0T2HTV 2.84415e-06 1.44793e-06 1.44761e-06 7.20769e-09 3.43638e-09 1.73359e-08 0 2.36368e-08
scan charginogluino 1300 1750 L3DY0T0 0 3.324e-09 3.324e-09 0 0 0 0 0
scan charginogluino 1300 1750 L3DY0T1 0 4.70085e-09 4.70085e-09 0 0 0 0 0
scan charginogluino 1300 1750 L3DY0T2 0 3.324e-09 3.324e-09 0 0 0 0 0
scan charginogluino 1300 1750 L3DY1T0METVHTVZV 0.000198904 9.87984e-06 9.31883e-06 1.03081e-06 3.11578e-06 0 0 6.13459e-11
scan charginogluino 1300 1750 L3DY1T1METVHTVZV 0.000134068 7.60126e-06 7.51961e-06 4.73274e-07 8.36349e-07 3.69883e-07 4.15437e-07 4.23591e-08
scan charginogluino 1300 1750 L3DY1T0METVHTV 7.22283e-06 1.76715e-06 1.74239e-06 4.56846e-08 2.91216e-07 0 0 3.65775e-12
scan charginogluino 1300 1750 L3DY1T1METVHTV 3.29469e-06 1.05064e-06 1.04894e-06 9.1805e-09 5.77127e-08 1.24564e-08 0 1.0488e-09
scan charginogluino 1300 1750 L3DY1T0METVZV 2.25365e-06 9.04388e-07 9.00959e-07 1.84969e-08 7.64795e-08 0 0 1.28644e-12
scan charginogluino 1300 1750 L3DY1T1METVZV 2.16598e-06 9.19198e-07 9.1908e-07 1.07183e-08 2.62508e-09 5.49176e-09 7.97764e-09 6.45239e-10
scan charginogluino 1300 1750 L3DY1T0METV 0 3.324e-09 3.324e-09 0 0 0 0 0
scan charginogluino 1300 1750 L3DY1T1METV 2.54121e-07 2.54166e-07 2.54138e-07 0 3.67639e-09 7.73637e-10 0 1.50508e-10
scan charginogluino 1300 1750 L3DY1T0HTVZV 1.54523e-06 7.72877e-07 7.72763e-07 1.29226e-08 2.87833e-09 0 0 5.54096e-13
scan charginogluino 1300 1750 L3DY1T1HTVZV 3.56579e-06 1.41009e-06 1.40906e-06 2.46319e-09 4.83176e-08 7.75826e-09 2.24164e-08 8.90911e-10
scan charginogluino 1300 1750 L3DY1T0HTV 0 3.324e-09 3.324e-09 0 0 0 0 0
scan charginogluino 1300 1750 L3DY1T1HTV 0 3.324e-09 3.324e-09 0 0 0 0 0
scan charginogluino 1300 1750 L3DY1T0ZV 3.91842e-07 3.91947e-07 3.91853e-07 8.61721e-09 0 0 0 1.34633e-12
scan charginogluino 1300 1750 L3DY1T1ZV 0 3.324e-09 3.324e-09 0 0 0 0 0
scan charginogluino 1300 1750 L3DY1T0 0 3.324e-09 3.324e-09 0 0 0 0 0
scan charginogluino 1300 1750 L3DY1T1 0 3.324e-09 3.324e-09 0 0 0 0 0
