model coNLSP
parameter coNLSP 3
parameter kFactorProcessWeighted true
scan charginogluino 500 1850 LOXSEC 0.02851
scan charginogluino 500 1850 L4T0METVHTVZV 0.000517278 6.73594e-05 6.4831e-05 4.00544e-06 1.78378e-05 0 0 7.71756e-12
scan charginogluino 500 1850 L4T1METVHTVZV 0.0003753 6.57808e-05 6.48782e-05 1.77939e-06 1.0532e-05 9.44708e-07 1.71599e-06 9.20027e-08
scan charginogluino 500 1850 L4T2METVHTVZV 0.000117813 4.03409e-05 4.02422e-05 3.62506e-07 1.29361e-06 7.86545e-07 2.35082e-06 5.97641e-08
scan charginogluino 500 1850 L4T0METVHTV 0.000221703 4.25314e-05 3.87614e-05 2.06834e-06 1.73839e-05 0 0 1.8244e-14
scan charginogluino 500 1850 L4T1METVHTV 4.67142e-05 1.77046e-05 1.76974e-05 3.11389e-07 2.93068e-07 2.67394e-07 0 3.89839e-11
scan charginogluino 500 1850 L4T2METVHTV 0 6.9835e-08 6.9835e-08 0 0 0 0 0
scan charginogluino 500 1850 L4T0METVZV 0.00248206 0.000165377 0.000132727 1.86646e-05 9.68757e-05 0 0 3.10087e-12
scan charginogluino 500 1850 L4T1METVZV 0.00116846 0.000102727 9.86419e-05 6.73923e-06 2.737e-05 3.72383e-06 3.7717e-06 4.07052e-08
scan charginogluino 500 1850 L4T2METVZV 0.00029436 4.43061e-05 4.40685e-05 9.53675e-07 2.17593e-06 1.89915e-06 3.4092e-06 3.47059e-07
scan charginogluino 500 1850 L4T0METV 0.00126019 0.000106425 9.71271e-05 9.51072e-06 4.24522e-05 0 0 6.72465e-13
scan charginogluino 500 1850 L4T1METV 0.000186367 3.54453e-05 3.41987e-05 9.93923e-07 9.22064e-06 6.52057e-07 6.18296e-07 1.17132e-08
scan charginogluino 500 1850 L4T2METV 1.29669e-05 7.50611e-06 7.48868e-06 5.21857e-08 4.99593e-07 7.95454e-08 0 5.22944e-08
scan charginogluino 500 1850 L4T0HTVZV 2.33141e-05 1.33963e-05 1.33802e-05 1.00446e-07 6.49169e-07 0 0 9.10707e-16
scan charginogluino 500 1850 L4T1HTVZV 4.76723e-06 3.88615e-06 3.75543e-06 1.10961e-07 9.9314e-07 1.5988e-08 0 1.31421e-09
scan charginogluino 500 1850 L4T2HTVZV 0 6.9835e-08 6.9835e-08 0 0 0 0 0
scan charginogluino 500 1850 L4T0HTV 2.00934e-05 1.10363e-05 1.10097e-05 4.09842e-07 6.46496e-07 0 0 1.80716e-16
scan charginogluino 500 1850 L4T1HTV 1.87387e-05 1.89068e-05 1.87389e-05 1.14218e-07 2.47779e-06 0 4.12878e-07 2.68246e-11
scan charginogluino 500 1850 L4T2HTV 0 6.9835e-08 6.9835e-08 0 0 0 0 0
scan charginogluino 500 1850 L4T0ZV 0.000359131 5.5678e-05 5.46404e-05 2.44586e-06 1.04156e-05 0 0 6.55519e-15
scan charginogluino 500 1850 L4T1ZV 0.000127701 4.63317e-05 4.59922e-05 6.01409e-07 5.54612e-06 3.96713e-07 2.59961e-07 8.3036e-11
scan charginogluino 500 1850 L4T2ZV 6.73497e-06 6.82722e-06 6.46349e-06 2.13509e-08 2.19811e-06 4.12424e-08 0 1.86971e-08
scan charginogluino 500 1850 L4T0 0.000103261 2.73606e-05 2.69762e-05 1.09142e-06 4.43791e-06 0 0 5.17299e-15
scan charginogluino 500 1850 L4T1 1.45622e-05 1.05551e-05 1.03015e-05 6.47292e-08 2.29812e-06 6.27788e-08 0 3.23748e-12
scan charginogluino 500 1850 L4T2 1.91934e-05 1.35736e-05 1.3572e-05 1.20475e-07 0 1.6653e-07 0 4.66662e-08
scan charginogluino 500 1850 L3DY0T0METVHTV 3.74443e-05 1.65362e-05 1.63332e-05 5.91668e-07 2.51425e-06 0 0 1.51058e-09
scan charginogluino 500 1850 L3DY0T1METVHTV 0.000134088 3.37759e-05 3.34995e-05 3.43032e-07 4.20925e-06 6.77664e-07 4.69043e-07 2.84468e-07
scan charginogluino 500 1850 L3DY0T2METVHTV 3.72708e-05 1.33121e-05 1.33054e-05 8.4652e-08 6.82425e-08 2.60164e-07 0 3.14831e-07
scan charginogluino 500 1850 L3DY0T0METV 9.64254e-05 3.49554e-05 3.21018e-05 3.39741e-07 1.38289e-05 0 0 1.00745e-10
scan charginogluino 500 1850 L3DY0T1METV 0.000280479 4.86276e-05 4.71415e-05 1.17032e-06 1.1611e-05 2.17485e-06 8.29905e-07 8.50372e-07
scan charginogluino 500 1850 L3DY0T2METV 0.0001286 5.42717e-05 5.42394e-05 1.31276e-07 6.16327e-07 1.31972e-06 0 1.16974e-06
scan charginogluino 500 1850 L3DY0T0HTV 6.79111e-06 6.79159e-06 6.79129e-06 4.13937e-08 4.89674e-08 0 0 9.72151e-12
scan charginogluino 500 1850 L3DY0T1HTV 7.62548e-06 7.62612e-06 7.62585e-06 2.32147e-08 5.49817e-08 2.32147e-08 0 1.45275e-09
scan charginogluino 500 1850 L3DY0T2HTV 0 5.702e-08 5.702e-08 0 0 0 0 0
scan charginogluino 500 1850 L3DY0T0 0 5.702e-08 5.702e-08 0 0 0 0 0
scan charginogluino 500 1850 L3DY0T1 2.44884e-05 1.33222e-05 1.3313e-05 1.20013e-07 4.30614e-07 2.12365e-07 2.10069e-08 1.06989e-08
scan charginogluino 500 1850 L3DY0T2 3.73037e-06 3.73229e-06 3.73069e-06 1.13566e-08 0 1.04399e-07 0 3.00144e-08
scan charginogluino 500 1850 L3DY1T0METVHTVZV 0.00038977 6.22175e-05 5.6241e-05 1.78337e-06 2.6548e-05 0 0 5.36212e-10
scan charginogluino 500 1850 L3DY1T1METVHTVZV 0.000238681 5.02276e-05 5.01283e-05 7.56845e-07 2.41821e-06 6.04242e-07 1.77396e-06 1.73853e-07
scan charginogluino 500 1850 L3DY1T0METVHTV 0.000108024 2.96969e-05 2.93019e-05 4.86241e-07 4.803e-06 0 0 9.36598e-11
scan charginogluino 500 1850 L3DY1T1METVHTV 3.29807e-05 1.34797e-05 1.34513e-05 1.60986e-07 8.09265e-07 6.52858e-08 2.8322e-07 1.22124e-08
scan charginogluino 500 1850 L3DY1T0METVZV 0.000523515 6.99495e-05 6.52695e-05 2.81912e-06 2.49976e-05 0 0 4.96496e-10
scan charginogluino 500 1850 L3DY1T1METVZV 0.000342161 5.20926e-05 5.15089e-05 7.0024e-07 7.1477e-06 1.33766e-06 2.62365e-06 4.65256e-07
scan charginogluino 500 1850 L3DY1T0METV 0.000113428 2.96458e-05 2.85997e-05 9.95198e-07 7.74183e-06 0 0 3.76974e-10
scan charginogluino 500 1850 L3DY1T1METV 2.47554e-05 1.11623e-05 1.11554e-05 5.21123e-08 3.37335e-07 1.47809e-07 1.09181e-07 6.64988e-08
scan charginogluino 500 1850 L3DY1T0HTVZV 1.48821e-05 9.01877e-06 9.01716e-06 7.1107e-08 1.54596e-07 0 0 2.94124e-12
scan charginogluino 500 1850 L3DY1T1HTVZV 0 5.702e-08 5.702e-08 0 0 0 0 0
scan charginogluino 500 1850 L3DY1T0HTV 1.15528e-05 1.15534e-05 1.15529e-05 1.0574e-07 0 0 0 5.20743e-12
scan charginogluino 500 1850 L3DY1T1HTV 0 5.702e-08 5.702e-08 0 0 0 0 0
scan charginogluino 500 1850 L3DY1T0ZV 6.61697e-05 2.35072e-05 2.31955e-05 5.02923e-07 3.78192e-06 0 0 2.24373e-09
scan charginogluino 500 1850 L3DY1T1ZV 2.54768e-05 1.45618e-05 1.45552e-05 9.8056e-08 2.90889e-07 1.29027e-07 2.80378e-07 5.16833e-08
scan charginogluino 500 1850 L3DY1T0 0 5.702e-08 5.702e-08 0 0 0 0 0
scan charginogluino 500 1850 L3DY1T1 3.91179e-06 3.91221e-06 3.9121e-06 2.38436e-08 0 1.66602e-08 0 1.25797e-09
