model coNLSP
parameter coNLSP 3
parameter kFactorProcessWeighted true
scan charginogluino 625 1800 LOXSEC 0.01118
scan charginogluino 625 1800 L4T0METVHTVZV 0.000401668 3.48379e-05 3.32234e-05 3.15301e-06 9.99712e-06 0 0 9.53935e-13
scan charginogluino 625 1800 L4T1METVHTVZV 0.000183948 2.30165e-05 2.26507e-05 8.72053e-07 3.92448e-06 7.03465e-07 2.27488e-07 2.10803e-10
scan charginogluino 625 1800 L4T2METVHTVZV 7.64864e-05 1.90771e-05 1.89266e-05 2.07694e-07 2.20814e-06 5.18436e-07 7.20697e-07 1.17974e-07
scan charginogluino 625 1800 L4T0METVHTV 0.00010038 1.49091e-05 1.47783e-05 1.02355e-06 1.68352e-06 0 0 1.28957e-14
scan charginogluino 625 1800 L4T1METVHTV 1.29363e-05 5.59741e-06 5.22672e-06 4.45447e-08 2.0022e-06 3.93961e-08 0 1.83563e-11
scan charginogluino 625 1800 L4T2METVHTV 0 2.73853e-08 2.73853e-08 0 0 0 0 0
scan charginogluino 625 1800 L4T0METVZV 0.000552923 4.12895e-05 3.74371e-05 4.44286e-06 1.68388e-05 0 0 8.89488e-14
scan charginogluino 625 1800 L4T1METVZV 0.000254872 2.58367e-05 2.55506e-05 1.29484e-06 3.3704e-06 8.73841e-07 9.5042e-07 8.47967e-10
scan charginogluino 625 1800 L4T2METVZV 9.05851e-05 1.70515e-05 1.69876e-05 2.74318e-07 6.92088e-07 5.05424e-07 1.16776e-06 4.28139e-08
scan charginogluino 625 1800 L4T0METV 0.000212702 2.67645e-05 2.59434e-05 1.89128e-06 6.3006e-06 0 0 9.67189e-14
scan charginogluino 625 1800 L4T1METV 2.63458e-05 9.34089e-06 9.32787e-06 1.25408e-07 4.31133e-07 1.93809e-07 6.20797e-08 9.8796e-12
scan charginogluino 625 1800 L4T2METV 1.5061e-05 1.06506e-05 1.06497e-05 9.18006e-08 0 9.77182e-08 0 4.84337e-09
scan charginogluino 625 1800 L4T0HTVZV 1.38435e-05 6.23214e-06 6.22811e-06 1.99629e-07 1.01854e-07 0 0 1.36715e-15
scan charginogluino 625 1800 L4T1HTVZV 2.53175e-06 2.41653e-06 2.41592e-06 7.24805e-10 5.38061e-08 7.70755e-09 0 1.8624e-13
scan charginogluino 625 1800 L4T2HTVZV 3.29844e-06 2.33399e-06 2.33248e-06 2.01049e-08 0 8.1435e-08 0 1.06073e-09
scan charginogluino 625 1800 L4T0HTV 1.01622e-07 1.0406e-07 1.04053e-07 1.2415e-09 0 0 0 4.27263e-18
scan charginogluino 625 1800 L4T1HTV 0 3.16218e-08 3.16218e-08 0 0 0 0 0
scan charginogluino 625 1800 L4T2HTV 0 2.73853e-08 2.73853e-08 0 0 0 0 0
scan charginogluino 625 1800 L4T0ZV 2.49555e-05 9.03692e-06 9.02349e-06 1.34814e-07 4.73786e-07 0 0 1.5988e-17
scan charginogluino 625 1800 L4T1ZV 1.98718e-05 1.2706e-05 1.26876e-05 9.10168e-08 6.62931e-07 1.37456e-07 0 7.44673e-12
scan charginogluino 625 1800 L4T2ZV 7.02436e-06 4.99582e-06 4.99528e-06 3.32445e-08 2.26189e-08 6.17965e-08 0 1.84775e-09
scan charginogluino 625 1800 L4T0 1.35771e-05 5.683e-06 5.67909e-06 1.38989e-07 1.58521e-07 0 0 2.23933e-16
scan charginogluino 625 1800 L4T1 3.41322e-06 3.41351e-06 3.41335e-06 3.12405e-08 0 1.03911e-08 0 1.53852e-12
scan charginogluino 625 1800 L4T2 3.78085e-06 3.78162e-06 3.78093e-06 0 5.93357e-08 2.30453e-08 0 3.43713e-08
scan charginogluino 625 1800 L3DY0T0METVHTV 3.33266e-05 1.26873e-05 1.24074e-05 1.01375e-07 2.64858e-06 0 0 1.76323e-11
scan charginogluino 625 1800 L3DY0T1METVHTV 7.70101e-05 1.47788e-05 1.45724e-05 2.10257e-07 2.41244e-06 2.30801e-07 3.43056e-07 1.54429e-07
scan charginogluino 625 1800 L3DY0T2METVHTV 2.94019e-05 8.9695e-06 8.95784e-06 3.43436e-08 1.07229e-07 3.58693e-07 0 2.6006e-07
scan charginogluino 625 1800 L3DY0T0METV 1.05181e-05 4.74165e-06 4.73959e-06 3.68542e-08 1.34702e-07 0 0 4.5786e-12
scan charginogluino 625 1800 L3DY0T1METV 4.75239e-05 1.0539e-05 1.04954e-05 1.88617e-07 8.78338e-07 2.88159e-07 3.3558e-08 1.63103e-07
scan charginogluino 625 1800 L3DY0T2METV 2.46315e-05 8.1074e-06 8.09959e-06 2.96455e-08 1.07388e-07 2.55046e-07 0 2.21712e-07
scan charginogluino 625 1800 L3DY0T0HTV 0 2.236e-08 2.236e-08 0 0 0 0 0
scan charginogluino 625 1800 L3DY0T1HTV 9.46053e-07 9.46773e-07 9.46515e-07 0 6.82152e-09 0 2.08448e-08 2.72622e-09
scan charginogluino 625 1800 L3DY0T2HTV 2.44702e-06 2.44726e-06 2.4471e-06 0 0 1.49154e-08 0 2.35542e-08
scan charginogluino 625 1800 L3DY0T0 0 2.236e-08 2.236e-08 0 0 0 0 0
scan charginogluino 625 1800 L3DY0T1 7.19758e-06 5.0926e-06 5.09242e-06 3.32612e-08 2.50748e-08 1.13248e-08 0 1.85881e-09
scan charginogluino 625 1800 L3DY0T2 0 2.236e-08 2.236e-08 0 0 0 0 0
scan charginogluino 625 1800 L3DY1T0METVHTVZV 0.000228139 2.83707e-05 2.77111e-05 1.20606e-06 5.96138e-06 0 0 1.47143e-10
scan charginogluino 625 1800 L3DY1T1METVHTVZV 0.000161303 2.28161e-05 2.26845e-05 3.72577e-07 2.23017e-06 5.38627e-07 7.3634e-07 2.04134e-07
scan charginogluino 625 1800 L3DY1T0METVHTV 4.07936e-05 1.23587e-05 1.23504e-05 4.0663e-07 2.00986e-07 0 0 1.22157e-10
scan charginogluino 625 1800 L3DY1T1METVHTV 1.72348e-05 1.10716e-05 1.10614e-05 1.87418e-08 3.72689e-07 1.18683e-08 2.93846e-07 9.37534e-09
scan charginogluino 625 1800 L3DY1T0METVZV 8.33495e-05 1.66593e-05 1.6427e-05 4.78944e-07 2.731e-06 0 0 4.81203e-11
scan charginogluino 625 1800 L3DY1T1METVZV 8.5284e-05 1.50471e-05 1.47038e-05 3.86844e-07 3.09818e-06 5.38447e-07 4.13161e-07 7.25888e-08
scan charginogluino 625 1800 L3DY1T0METV 1.1496e-06 1.03452e-06 1.03446e-06 9.40033e-09 7.17967e-09 0 0 4.7541e-13
scan charginogluino 625 1800 L3DY1T1METV 1.39453e-05 7.36664e-06 7.35546e-06 7.07507e-08 3.67269e-07 1.5647e-07 0 1.55639e-08
scan charginogluino 625 1800 L3DY1T0HTVZV 2.50018e-05 1.26924e-05 1.26905e-05 1.72515e-07 1.33283e-07 0 0 6.37818e-12
scan charginogluino 625 1800 L3DY1T1HTVZV 9.91004e-06 5.31251e-06 5.31158e-06 3.8964e-08 5.08711e-08 1.99856e-08 7.37438e-08 2.19262e-09
scan charginogluino 625 1800 L3DY1T0HTV 0 2.236e-08 2.236e-08 0 0 0 0 0
scan charginogluino 625 1800 L3DY1T1HTV 0 2.236e-08 2.236e-08 0 0 0 0 0
scan charginogluino 625 1800 L3DY1T0ZV 7.96218e-06 4.62387e-06 4.62263e-06 9.14485e-08 5.54433e-08 0 0 3.01943e-12
scan charginogluino 625 1800 L3DY1T1ZV 5.10709e-06 2.97926e-06 2.93458e-06 1.35747e-08 5.11047e-07 2.30368e-08 4.64824e-08 1.38633e-08
scan charginogluino 625 1800 L3DY1T0 0 2.236e-08 2.236e-08 0 0 0 0 0
scan charginogluino 625 1800 L3DY1T1 0 2.236e-08 2.236e-08 0 0 0 0 0
