model coNLSP
parameter coNLSP 3
parameter kFactorProcessWeighted true
scan charginogluino 900 1300 LOXSEC 0.02679
scan charginogluino 900 1300 L4T0METVHTVZV 0.00702809 0.000255163 0.000221499 5.2806e-05 0.000115143 0 0 1.05778e-11
scan charginogluino 900 1300 L4T1METVHTVZV 0.00399726 0.000193808 0.000175089 2.00441e-05 7.73304e-05 1.06006e-05 2.02795e-05 7.44163e-09
scan charginogluino 900 1300 L4T2METVHTVZV 0.00137088 0.000101262 9.98115e-05 4.06757e-06 1.273e-05 8.3928e-06 6.27576e-06 1.77261e-06
scan charginogluino 900 1300 L4T0METVHTV 0.00101895 0.000101851 8.15863e-05 8.57093e-06 6.03637e-05 0 0 7.78872e-14
scan charginogluino 900 1300 L4T1METVHTV 0.00022235 3.62133e-05 3.60149e-05 1.14931e-06 3.50744e-06 6.75047e-07 4.96873e-07 1.54289e-10
scan charginogluino 900 1300 L4T2METVHTV 4.63118e-05 1.67138e-05 1.66724e-05 2.02661e-07 1.08315e-06 3.99479e-07 0 8.10892e-08
scan charginogluino 900 1300 L4T0METVZV 0.000750357 6.78759e-05 6.62319e-05 6.03036e-06 1.35689e-05 0 0 2.44019e-14
scan charginogluino 900 1300 L4T1METVZV 0.000276155 4.31681e-05 4.2726e-05 1.32832e-06 5.93816e-06 8.26446e-07 5.19055e-07 9.22271e-11
scan charginogluino 900 1300 L4T2METVZV 6.05929e-05 1.91271e-05 1.91113e-05 1.78362e-07 6.30194e-07 4.19582e-07 0 1.79158e-08
scan charginogluino 900 1300 L4T0METV 0.000122951 2.99787e-05 2.94143e-05 1.13545e-06 5.67755e-06 0 0 4.47013e-19
scan charginogluino 900 1300 L4T1METV 1.77134e-05 8.86446e-06 8.8592e-06 1.89111e-07 2.33554e-07 5.3926e-08 0 4.35094e-11
scan charginogluino 900 1300 L4T2METV 0 6.56218e-08 6.56218e-08 0 0 0 0 0
scan charginogluino 900 1300 L4T0HTVZV 0.000317364 5.48106e-05 5.44491e-05 2.44936e-06 5.78684e-06 0 0 3.28577e-15
scan charginogluino 900 1300 L4T1HTVZV 0.000103081 2.96973e-05 2.96326e-05 3.82542e-07 1.78309e-06 2.2434e-07 6.79274e-07 3.69823e-11
scan charginogluino 900 1300 L4T2HTVZV 5.03572e-05 2.26751e-05 2.26688e-05 1.29693e-07 4.19333e-07 3.073e-07 0 8.41792e-09
scan charginogluino 900 1300 L4T0HTV 2.03932e-05 1.15632e-05 1.15545e-05 2.03419e-07 4.02321e-07 0 0 7.54089e-16
scan charginogluino 900 1300 L4T1HTV 5.88003e-06 5.88115e-06 5.88045e-06 1.79009e-08 8.50375e-08 2.50429e-08 0 4.63947e-14
scan charginogluino 900 1300 L4T2HTV 0 6.56218e-08 6.56218e-08 0 0 0 0 0
scan charginogluino 900 1300 L4T0ZV 3.09927e-05 1.693e-05 1.6926e-05 2.30401e-07 2.87528e-07 0 0 1.03706e-17
scan charginogluino 900 1300 L4T1ZV 3.70225e-05 2.41444e-05 2.41384e-05 1.21737e-07 5.16448e-07 1.1271e-07 0 1.38906e-11
scan charginogluino 900 1300 L4T2ZV 0 6.56218e-08 6.56218e-08 0 0 0 0 0
scan charginogluino 900 1300 L4T0 2.25754e-06 2.25853e-06 2.25818e-06 3.61111e-08 1.62775e-08 0 0 2.12179e-13
scan charginogluino 900 1300 L4T1 0 7.57736e-08 7.57736e-08 0 0 0 0 0
scan charginogluino 900 1300 L4T2 0 6.56218e-08 6.56218e-08 0 0 0 0 0
scan charginogluino 900 1300 L3DY0T0METVHTV 0.00025361 4.81283e-05 4.80241e-05 1.16824e-06 2.94105e-06 0 0 4.93238e-10
scan charginogluino 900 1300 L3DY0T1METVHTV 0.00124201 9.33575e-05 8.99967e-05 4.05189e-06 2.38953e-05 3.52053e-06 3.70987e-06 1.62664e-06
scan charginogluino 900 1300 L3DY0T2METVHTV 0.00053489 5.59913e-05 5.5606e-05 6.28007e-07 2.33343e-06 3.73889e-06 0 4.81495e-06
scan charginogluino 900 1300 L3DY0T0METV 0 5.358e-08 5.358e-08 0 0 0 0 0
scan charginogluino 900 1300 L3DY0T1METV 2.42475e-05 1.19255e-05 1.19233e-05 7.92295e-08 1.4517e-07 2.65163e-08 1.49102e-07 4.31542e-08
scan charginogluino 900 1300 L3DY0T2METV 1.35773e-05 7.8412e-06 7.83899e-06 0 9.78959e-08 8.89308e-08 0 1.30691e-07
scan charginogluino 900 1300 L3DY0T0HTV 2.44399e-05 2.44425e-05 2.444e-05 0 3.53453e-07 0 0 1.92836e-13
scan charginogluino 900 1300 L3DY0T1HTV 4.05159e-05 1.75422e-05 1.7537e-05 7.98729e-08 3.17281e-07 8.81155e-08 2.54971e-07 3.40282e-08
scan charginogluino 900 1300 L3DY0T2HTV 1.50506e-05 8.78786e-06 8.78608e-06 1.8502e-08 6.46984e-08 9.19792e-08 0 1.35271e-07
scan charginogluino 900 1300 L3DY0T0 0 5.358e-08 5.358e-08 0 0 0 0 0
scan charginogluino 900 1300 L3DY0T1 6.67658e-06 6.68626e-06 6.67696e-06 0 3.5138e-07 2.84354e-08 0 3.95432e-09
scan charginogluino 900 1300 L3DY0T2 3.59414e-06 3.59467e-06 3.59444e-06 0 0 2.19139e-08 0 3.4596e-08
scan charginogluino 900 1300 L3DY1T0METVHTVZV 0.00334508 0.00016511 0.000152226 1.69112e-05 6.16655e-05 0 0 1.4152e-09
scan charginogluino 900 1300 L3DY1T1METVHTVZV 0.00261831 0.000142425 0.000139965 9.07265e-06 2.15203e-05 7.54867e-06 9.53432e-06 1.20675e-06
scan charginogluino 900 1300 L3DY1T0METVHTV 0.000308635 5.28731e-05 5.10829e-05 1.97117e-06 1.34989e-05 0 0 1.82544e-10
scan charginogluino 900 1300 L3DY1T1METVHTV 0.000109605 3.16328e-05 3.0912e-05 3.58532e-07 6.68384e-06 2.85169e-07 4.41993e-07 6.85299e-08
scan charginogluino 900 1300 L3DY1T0METVZV 6.23062e-05 3.0409e-05 3.01562e-05 3.05936e-07 3.90067e-06 0 0 2.6318e-11
scan charginogluino 900 1300 L3DY1T1METVZV 1.51532e-05 7.78883e-06 7.78314e-06 7.08588e-08 5.10396e-08 4.99584e-08 2.80075e-07 5.82801e-09
scan charginogluino 900 1300 L3DY1T0METV 0 5.358e-08 5.358e-08 0 0 0 0 0
scan charginogluino 900 1300 L3DY1T1METV 0 5.358e-08 5.358e-08 0 0 0 0 0
scan charginogluino 900 1300 L3DY1T0HTVZV 4.70319e-05 1.55788e-05 1.55557e-05 2.29801e-07 8.15865e-07 0 0 3.74775e-11
scan charginogluino 900 1300 L3DY1T1HTVZV 6.08023e-05 2.12227e-05 2.12136e-05 2.8451e-07 1.31447e-07 4.55353e-07 2.88703e-07 1.98298e-08
scan charginogluino 900 1300 L3DY1T0HTV 1.14846e-05 8.27724e-06 8.27631e-06 4.18805e-08 1.16268e-07 0 0 1.20272e-12
scan charginogluino 900 1300 L3DY1T1HTV 1.46793e-05 1.06443e-05 1.06433e-05 3.84957e-08 1.30213e-07 4.4689e-08 0 1.41497e-08
scan charginogluino 900 1300 L3DY1T0ZV 0 5.358e-08 5.358e-08 0 0 0 0 0
scan charginogluino 900 1300 L3DY1T1ZV 0 5.358e-08 5.358e-08 0 0 0 0 0
scan charginogluino 900 1300 L3DY1T0 0 5.358e-08 5.358e-08 0 0 0 0 0
scan charginogluino 900 1300 L3DY1T1 0 5.358e-08 5.358e-08 0 0 0 0 0
