model coNLSP
parameter coNLSP 3
parameter kFactorProcessWeighted true
scan charginogluino 400 1450 LOXSEC 0.08135
scan charginogluino 400 1450 L4T0METVHTVZV 0.00237855 0.000247776 0.000217054 1.93389e-05 0.000117927 0 0 9.47017e-13
scan charginogluino 400 1450 L4T1METVHTVZV 0.00180241 0.000234258 0.000200995 1.10313e-05 0.000119503 7.86285e-06 3.62956e-06 6.92215e-09
scan charginogluino 400 1450 L4T2METVHTVZV 0.000442224 9.82265e-05 9.64514e-05 1.86919e-06 1.79217e-05 4.44459e-06 0 1.06176e-06
scan charginogluino 400 1450 L4T0METVHTV 0.00221817 0.000226476 0.000213798 1.85966e-05 7.23586e-05 0 0 7.0027e-11
scan charginogluino 400 1450 L4T1METVHTV 0.000275315 8.17297e-05 7.49031e-05 1.63895e-06 3.26113e-05 6.27158e-07 1.64357e-06 1.45003e-09
scan charginogluino 400 1450 L4T2METVHTV 8.17698e-05 4.39402e-05 4.37812e-05 4.79084e-07 1.69112e-07 3.87714e-08 3.69866e-06 8.02144e-08
scan charginogluino 400 1450 L4T0METVZV 0.00597742 0.000477337 0.000343657 4.65369e-05 0.000328001 0 0 2.87742e-10
scan charginogluino 400 1450 L4T1METVZV 0.00249592 0.000251269 0.000220161 1.44013e-05 0.000119099 1.1686e-05 1.16885e-05 3.30664e-08
scan charginogluino 400 1450 L4T2METVZV 0.000586038 0.000108761 0.000107565 2.63833e-06 1.34956e-05 4.70831e-06 6.82177e-06 1.01047e-06
scan charginogluino 400 1450 L4T0METV 0.00481254 0.000400904 0.000311152 4.77556e-05 0.00024825 0 0 5.67819e-11
scan charginogluino 400 1450 L4T1METV 0.00124324 0.000179715 0.000173342 7.32951e-06 4.64141e-05 5.35375e-06 3.65161e-06 2.20821e-07
scan charginogluino 400 1450 L4T2METV 2.52572e-05 1.33023e-05 1.30005e-05 9.57672e-08 2.81046e-06 1.63179e-07 0 5.12678e-08
scan charginogluino 400 1450 L4T0HTVZV 0.00012785 7.36435e-05 7.35934e-05 1.01302e-06 2.522e-06 0 0 2.83828e-18
scan charginogluino 400 1450 L4T1HTVZV 0.000165003 8.74823e-05 8.50939e-05 7.11274e-07 2.02766e-05 7.34782e-07 0 7.86552e-11
scan charginogluino 400 1450 L4T2HTVZV 1.08208e-05 1.08241e-05 1.08223e-05 0 1.5708e-07 7.33945e-08 0 9.83706e-08
scan charginogluino 400 1450 L4T0HTV 8.42119e-05 4.26335e-05 4.16003e-05 5.24222e-07 9.31411e-06 0 0 3.89267e-15
scan charginogluino 400 1450 L4T1HTV 0 2.30093e-07 2.30093e-07 0 0 0 0 0
scan charginogluino 400 1450 L4T2HTV 0 1.99266e-07 1.99266e-07 0 0 0 0 0
scan charginogluino 400 1450 L4T0ZV 0.00080872 0.000123067 0.000117806 6.91093e-06 3.49233e-05 0 0 4.4571e-12
scan charginogluino 400 1450 L4T1ZV 0.00045407 9.95583e-05 9.21428e-05 3.09282e-06 3.74006e-05 1.81293e-06 3.14431e-06 1.96819e-09
scan charginogluino 400 1450 L4T2ZV 0.000240974 0.000127426 0.000126889 1.57227e-06 1.12613e-05 1.94339e-06 1.5929e-06 1.08311e-06
scan charginogluino 400 1450 L4T0 0.000998973 0.000164311 0.000157564 1.06097e-05 4.53775e-05 0 0 3.94254e-14
scan charginogluino 400 1450 L4T1 0.000123444 5.00558e-05 4.73712e-05 1.15473e-07 1.61357e-05 1.0832e-06 0 5.45056e-11
scan charginogluino 400 1450 L4T2 1.3093e-05 1.30959e-05 1.30943e-05 0 1.89353e-07 7.98062e-08 0 5.09531e-10
scan charginogluino 400 1450 L3DY0T0METVHTV 0.000229067 7.22313e-05 7.20837e-05 1.67497e-06 4.30127e-06 0 0 8.81417e-10
scan charginogluino 400 1450 L3DY0T1METVHTV 0.000589813 0.000100171 9.88073e-05 1.92498e-06 1.58866e-05 1.64421e-06 3.19708e-06 1.50229e-06
scan charginogluino 400 1450 L3DY0T2METVHTV 0.000260546 7.28939e-05 7.28296e-05 4.10116e-07 9.07285e-07 1.76311e-06 0 2.29512e-06
scan charginogluino 400 1450 L3DY0T0METV 7.79471e-05 3.35493e-05 3.34624e-05 6.65191e-07 2.3196e-06 0 0 8.89291e-09
scan charginogluino 400 1450 L3DY0T1METV 0.000891842 0.00014051 0.000136709 3.1813e-06 3.15435e-05 3.66619e-06 4.9958e-06 3.17096e-06
scan charginogluino 400 1450 L3DY0T2METV 0.000114324 4.86087e-05 4.85399e-05 3.27092e-07 4.96276e-08 2.38878e-06 0 9.30724e-07
scan charginogluino 400 1450 L3DY0T0HTV 8.08926e-06 8.09137e-06 8.09049e-06 2.46266e-08 1.16988e-07 0 0 6.3826e-14
scan charginogluino 400 1450 L3DY0T1HTV 0 2.30093e-07 2.30093e-07 0 0 0 0 0
scan charginogluino 400 1450 L3DY0T2HTV 0 1.627e-07 1.627e-07 0 0 0 0 0
scan charginogluino 400 1450 L3DY0T0 7.78812e-05 4.84453e-05 4.6615e-05 1.81888e-07 1.31891e-05 0 0 1.09025e-10
scan charginogluino 400 1450 L3DY0T1 0.000311805 7.46176e-05 7.28262e-05 2.39768e-06 1.57221e-05 1.0474e-06 2.52563e-06 1.93011e-06
scan charginogluino 400 1450 L3DY0T2 7.91436e-05 4.57082e-05 4.56938e-05 2.40942e-07 0 9.22284e-07 0 6.36788e-07
scan charginogluino 400 1450 L3DY1T0METVHTVZV 0.00150756 0.000169456 0.000165816 9.15927e-06 3.37088e-05 0 0 3.88771e-07
scan charginogluino 400 1450 L3DY1T1METVHTVZV 0.00106948 0.000153802 0.000150299 2.7049e-06 3.15336e-05 4.65462e-06 6.00864e-06 2.41208e-06
scan charginogluino 400 1450 L3DY1T0METVHTV 0.000417902 0.000142197 0.000117851 1.7424e-06 7.95495e-05 0 0 4.3045e-10
scan charginogluino 400 1450 L3DY1T1METVHTV 0.000210592 6.14134e-05 6.03911e-05 6.26553e-07 1.09479e-05 1.46428e-06 1.38702e-06 4.54598e-07
scan charginogluino 400 1450 L3DY1T0METVZV 0.00181429 0.000229307 0.000209154 9.98474e-06 9.3471e-05 0 0 4.67232e-09
scan charginogluino 400 1450 L3DY1T1METVZV 0.00112617 0.000150558 0.000147299 5.00588e-06 2.9329e-05 7.10185e-06 5.03037e-06 3.10697e-06
scan charginogluino 400 1450 L3DY1T0METV 0.000538462 0.000102418 0.0001007 2.9282e-06 1.84483e-05 0 0 1.20979e-09
scan charginogluino 400 1450 L3DY1T1METV 0.000401349 0.000100564 9.43601e-05 1.30811e-06 3.46272e-05 1.51018e-06 8.10399e-07 2.3714e-06
scan charginogluino 400 1450 L3DY1T0HTVZV 2.73376e-05 1.95869e-05 1.95855e-05 2.01617e-07 1.14603e-07 0 0 6.65187e-12
scan charginogluino 400 1450 L3DY1T1HTVZV 4.56565e-05 3.22858e-05 3.22843e-05 2.78289e-07 0 1.38995e-07 0 1.46824e-08
scan charginogluino 400 1450 L3DY1T0HTV 1.29481e-05 1.29495e-05 1.29489e-05 7.89224e-08 9.33806e-08 0 0 1.85353e-11
scan charginogluino 400 1450 L3DY1T1HTV 0 1.627e-07 1.627e-07 0 0 0 0 0
scan charginogluino 400 1450 L3DY1T0ZV 0.000352208 0.00010479 0.000100254 1.41238e-06 3.04628e-05 0 0 4.57375e-10
scan charginogluino 400 1450 L3DY1T1ZV 0.000156679 4.37427e-05 4.26929e-05 8.3835e-07 9.31719e-06 1.28371e-06 9.58614e-07 8.15021e-07
scan charginogluino 400 1450 L3DY1T0 9.62174e-05 4.13997e-05 4.03372e-05 5.70045e-07 9.30151e-06 0 0 2.82106e-10
scan charginogluino 400 1450 L3DY1T1 6.90396e-05 3.29002e-05 3.28962e-05 4.3981e-07 1.26668e-07 2.02049e-07 5.88592e-08 6.95482e-08
