model coNLSP
parameter coNLSP 3
parameter kFactorProcessWeighted true
scan charginogluino 400 1900 LOXSEC 0.07634
scan charginogluino 400 1900 L4T0METVHTVZV 0.00099442 0.000159121 0.000156651 8.40085e-06 2.66341e-05 0 0 1.14468e-13
scan charginogluino 400 1900 L4T1METVHTVZV 0.000797617 0.000145596 0.00014221 4.56468e-06 3.02936e-05 4.71397e-06 3.72636e-06 4.01343e-08
scan charginogluino 400 1900 L4T2METVHTVZV 0.000134142 5.17675e-05 5.17448e-05 5.31033e-07 8.27789e-07 1.12964e-06 3.02008e-07 9.07763e-08
scan charginogluino 400 1900 L4T0METVHTV 0.000513243 0.000100747 9.49793e-05 3.54163e-06 3.34132e-05 0 0 4.83118e-11
scan charginogluino 400 1900 L4T1METVHTV 0.000203428 7.04993e-05 7.01058e-05 1.68682e-06 7.05527e-06 1.24187e-06 1.07529e-06 3.64437e-10
scan charginogluino 400 1900 L4T2METVHTV 1.59517e-05 1.59781e-05 1.59527e-05 4.4643e-07 0 0 7.82156e-07 3.87845e-08
scan charginogluino 400 1900 L4T0METVZV 0.00515241 0.000471907 0.000298804 4.27171e-05 0.00036275 0 0 2.40697e-10
scan charginogluino 400 1900 L4T1METVZV 0.00317393 0.000301354 0.000241827 1.78402e-05 0.000178336 1.18472e-05 8.4365e-06 3.24367e-07
scan charginogluino 400 1900 L4T2METVZV 0.000801538 0.000119498 0.000110727 2.30961e-06 4.36867e-05 8.78372e-06 4.90999e-06 2.03141e-06
scan charginogluino 400 1900 L4T0METV 0.0055259 0.000424142 0.000319479 4.58292e-05 0.00027519 0 0 1.19306e-11
scan charginogluino 400 1900 L4T1METV 0.000862172 0.000127986 0.000122882 4.54768e-06 3.49133e-05 4.70051e-06 4.33017e-06 1.86329e-09
scan charginogluino 400 1900 L4T2METV 4.5601e-05 2.85006e-05 2.84788e-05 2.39332e-07 9.16598e-08 1.03763e-06 3.1066e-07 1.63796e-08
scan charginogluino 400 1900 L4T0HTVZV 5.16849e-05 4.27113e-05 4.1442e-05 7.12043e-07 1.03105e-05 0 0 7.74383e-16
scan charginogluino 400 1900 L4T1HTVZV 4.26278e-05 3.15726e-05 3.15529e-05 1.7468e-07 5.73821e-07 0 9.39236e-07 7.26129e-11
scan charginogluino 400 1900 L4T2HTVZV 3.99244e-05 2.83157e-05 2.83075e-05 6.72078e-08 5.55526e-07 3.33257e-07 0 1.99493e-07
scan charginogluino 400 1900 L4T0HTV 0.000109904 5.5337e-05 5.53134e-05 9.14738e-07 1.33388e-06 0 0 8.21607e-16
scan charginogluino 400 1900 L4T1HTV 0 2.15922e-07 2.15922e-07 0 0 0 0 0
scan charginogluino 400 1900 L4T2HTV 0 1.86994e-07 1.86994e-07 0 0 0 0 0
scan charginogluino 400 1900 L4T0ZV 0.000860288 0.000121317 0.000117353 7.89633e-06 2.97274e-05 0 0 8.49398e-14
scan charginogluino 400 1900 L4T1ZV 0.000297492 7.12201e-05 7.00095e-05 2.98197e-06 1.25466e-05 1.57011e-06 1.48017e-06 1.8004e-08
scan charginogluino 400 1900 L4T2ZV 0.000269837 9.3624e-05 9.30574e-05 1.1144e-06 8.7505e-06 3.47863e-06 3.83447e-06 1.08112e-06
scan charginogluino 400 1900 L4T0 0.00072562 0.000122501 0.000112882 6.90646e-06 4.70791e-05 0 0 2.40267e-11
scan charginogluino 400 1900 L4T1 0.000186387 7.68065e-05 7.67679e-05 1.75936e-06 1.22457e-06 1.14942e-06 0 8.19812e-10
scan charginogluino 400 1900 L4T2 1.52426e-05 1.45235e-05 1.45122e-05 8.90033e-08 2.20277e-07 5.19097e-07 0 4.20591e-08
scan charginogluino 400 1900 L3DY0T0METVHTV 7.03305e-05 3.52039e-05 3.51902e-05 3.78526e-07 9.07821e-07 0 0 1.07506e-10
scan charginogluino 400 1900 L3DY0T1METVHTV 0.000333212 7.71826e-05 7.6915e-05 1.39025e-06 5.54215e-06 2.68966e-06 9.43598e-07 6.73098e-07
scan charginogluino 400 1900 L3DY0T2METVHTV 3.90361e-05 2.59407e-05 2.59365e-05 5.93507e-08 1.41044e-07 2.69594e-07 0 3.44985e-07
scan charginogluino 400 1900 L3DY0T0METV 0.000434352 9.71652e-05 9.58451e-05 2.20403e-06 1.58093e-05 0 0 5.20783e-08
scan charginogluino 400 1900 L3DY0T1METV 0.00103255 0.00016167 0.000155041 3.26803e-06 4.4989e-05 4.04231e-06 6.11195e-06 3.33241e-06
scan charginogluino 400 1900 L3DY0T2METV 0.000222351 5.90507e-05 5.89693e-05 2.49386e-07 1.01256e-06 2.11723e-06 0 2.01087e-06
scan charginogluino 400 1900 L3DY0T0HTV 0 1.5268e-07 1.5268e-07 0 0 0 0 0
scan charginogluino 400 1900 L3DY0T1HTV 0.000101678 4.39461e-05 4.30311e-05 2.26878e-07 8.89297e-06 2.68766e-07 3.23758e-07 5.19585e-07
scan charginogluino 400 1900 L3DY0T2HTV 0 1.5268e-07 1.5268e-07 0 0 0 0 0
scan charginogluino 400 1900 L3DY0T0 0 1.5268e-07 1.5268e-07 0 0 0 0 0
scan charginogluino 400 1900 L3DY0T1 0.000290251 0.000110741 0.000110526 7.62092e-07 6.23426e-06 6.37965e-07 1.99999e-06 1.91158e-06
scan charginogluino 400 1900 L3DY0T2 5.98564e-05 5.9862e-05 5.98565e-05 0 4.3158e-07 3.64841e-07 0 5.76158e-07
scan charginogluino 400 1900 L3DY1T0METVHTVZV 0.00110283 0.000180727 0.000167067 6.40098e-06 6.86293e-05 0 0 1.29017e-09
scan charginogluino 400 1900 L3DY1T1METVHTVZV 0.00031575 8.57388e-05 8.53574e-05 1.55191e-06 7.71107e-06 1.53795e-06 7.43728e-07 6.75724e-07
scan charginogluino 400 1900 L3DY1T0METVHTV 0.00013347 3.75452e-05 3.75159e-05 7.68303e-07 1.26708e-06 0 0 1.62589e-10
scan charginogluino 400 1900 L3DY1T1METVHTV 9.91399e-05 4.45773e-05 4.45278e-05 3.97971e-07 1.91564e-06 2.01189e-07 7.34624e-07 7.27558e-08
scan charginogluino 400 1900 L3DY1T0METVZV 0.00160654 0.00019246 0.000173945 9.4652e-06 8.18191e-05 0 0 1.46457e-07
scan charginogluino 400 1900 L3DY1T1METVZV 0.00115353 0.000147658 0.000144182 4.5931e-06 3.03024e-05 5.29673e-06 6.43976e-06 2.39366e-06
scan charginogluino 400 1900 L3DY1T0METV 0.00116913 0.000193496 0.00018691 7.81159e-06 4.94401e-05 0 0 2.72687e-07
scan charginogluino 400 1900 L3DY1T1METV 0.00043233 0.000101601 0.000101092 1.64073e-06 9.46423e-06 2.93249e-06 5.98434e-07 1.43964e-06
scan charginogluino 400 1900 L3DY1T0HTVZV 3.9636e-05 2.39072e-05 2.39047e-05 3.39634e-07 5.45791e-08 0 0 1.51654e-11
scan charginogluino 400 1900 L3DY1T1HTVZV 0 1.5268e-07 1.5268e-07 0 0 0 0 0
scan charginogluino 400 1900 L3DY1T0HTV 7.77267e-05 4.54794e-05 4.53057e-05 5.20815e-07 3.93638e-06 0 0 5.81107e-11
scan charginogluino 400 1900 L3DY1T1HTV 2.42364e-05 2.52635e-05 2.42368e-05 0 7.1119e-06 4.95864e-07 0 1.43544e-08
scan charginogluino 400 1900 L3DY1T0ZV 0.000155764 5.21273e-05 4.66049e-05 1.28675e-06 2.33149e-05 0 0 8.11639e-10
scan charginogluino 400 1900 L3DY1T1ZV 0.000323933 9.44324e-05 9.33271e-05 1.77543e-06 1.39097e-05 2.81976e-06 1.42937e-06 9.51311e-07
scan charginogluino 400 1900 L3DY1T0 5.82792e-05 2.88533e-05 2.84278e-05 2.39949e-07 4.92907e-06 0 0 1.35499e-07
scan charginogluino 400 1900 L3DY1T1 5.1475e-05 3.40308e-05 3.4028e-05 2.23486e-07 2.82972e-07 1.36051e-07 1.49509e-07 1.46504e-07
