model coNLSP
parameter coNLSP 3
parameter kFactorProcessWeighted true
scan charginogluino 750 1700 LOXSEC 0.00626
scan charginogluino 750 1700 L4T0METVHTVZV 0.00058604 3.24271e-05 2.99602e-05 4.49879e-06 1.15614e-05 0 0 6.71432e-14
scan charginogluino 750 1700 L4T1METVHTVZV 0.000301156 2.27087e-05 2.11928e-05 1.42077e-06 7.92367e-06 9.15289e-07 9.53653e-07 9.76175e-10
scan charginogluino 750 1700 L4T2METVHTVZV 0.000127954 1.55377e-05 1.53761e-05 4.65968e-07 1.99143e-06 7.95762e-07 4.09135e-07 1.12239e-07
scan charginogluino 750 1700 L4T0METVHTV 0.000130889 1.63596e-05 1.47815e-05 1.22054e-06 6.90323e-06 0 0 8.87384e-15
scan charginogluino 750 1700 L4T1METVHTV 1.90848e-05 5.03605e-06 4.99819e-06 1.29962e-07 5.9923e-07 4.79093e-08 4.0915e-08 2.87478e-11
scan charginogluino 750 1700 L4T2METVHTV 1.3165e-06 1.10241e-06 1.10192e-06 6.55487e-09 5.20758e-09 3.15589e-08 0 2.75688e-09
scan charginogluino 750 1700 L4T0METVZV 0.00018641 1.8634e-05 1.80363e-05 1.30577e-06 4.49601e-06 0 0 1.65607e-15
scan charginogluino 750 1700 L4T1METVZV 6.6594e-05 1.10837e-05 1.09325e-05 3.27032e-07 1.76908e-06 1.86696e-07 2.41643e-07 3.52816e-11
scan charginogluino 750 1700 L4T2METVZV 2.69716e-05 6.48616e-06 6.40785e-06 9.5909e-08 9.77608e-07 1.80455e-07 7.95802e-08 7.67421e-08
scan charginogluino 750 1700 L4T0METV 3.1874e-05 6.76164e-06 6.68523e-06 2.85731e-07 9.72509e-07 0 0 2.1698e-15
scan charginogluino 750 1700 L4T1METV 4.18385e-06 2.59304e-06 2.59252e-06 2.74421e-08 1.35129e-08 7.03163e-09 4.12933e-08 6.19649e-13
scan charginogluino 750 1700 L4T2METV 0 1.53338e-08 1.53338e-08 0 0 0 0 0
scan charginogluino 750 1700 L4T0HTVZV 2.91993e-05 6.65766e-06 6.538e-06 2.90654e-07 1.22252e-06 0 0 3.6812e-16
scan charginogluino 750 1700 L4T1HTVZV 1.76632e-06 9.68558e-07 9.67583e-07 8.16418e-09 4.16475e-08 9.22361e-09 0 3.98022e-13
scan charginogluino 750 1700 L4T2HTVZV 0 1.53338e-08 1.53338e-08 0 0 0 0 0
scan charginogluino 750 1700 L4T0HTV 9.90659e-06 8.02241e-06 8.01316e-06 2.26761e-09 3.85025e-07 0 0 5.85374e-18
scan charginogluino 750 1700 L4T1HTV 0 1.7706e-08 1.7706e-08 0 0 0 0 0
scan charginogluino 750 1700 L4T2HTV 0 1.53338e-08 1.53338e-08 0 0 0 0 0
scan charginogluino 750 1700 L4T0ZV 3.85633e-06 2.83393e-06 2.83288e-06 1.52203e-08 7.56457e-08 0 0 1.65386e-17
scan charginogluino 750 1700 L4T1ZV 1.21298e-06 1.02041e-06 1.02033e-06 1.11021e-08 0 3.03559e-09 4.75621e-09 5.46754e-13
scan charginogluino 750 1700 L4T2ZV 0 1.53338e-08 1.53338e-08 0 0 0 0 0
scan charginogluino 750 1700 L4T0 2.00962e-06 2.00991e-06 2.00966e-06 1.22492e-08 2.90634e-08 0 0 2.22971e-19
scan charginogluino 750 1700 L4T1 0 1.7706e-08 1.7706e-08 0 0 0 0 0
scan charginogluino 750 1700 L4T2 0 1.53338e-08 1.53338e-08 0 0 0 0 0
scan charginogluino 750 1700 L3DY0T0METVHTV 1.91467e-05 4.32872e-06 4.30979e-06 9.22751e-08 3.93642e-07 0 0 1.45672e-09
scan charginogluino 750 1700 L3DY0T1METVHTV 0.000115876 1.40385e-05 1.35067e-05 4.04965e-07 3.74999e-06 3.37952e-07 5.08567e-07 2.22801e-07
scan charginogluino 750 1700 L3DY0T2METVHTV 4.41682e-05 1.00011e-05 9.98666e-06 2.62404e-08 2.06339e-07 2.75254e-07 0 4.11533e-07
scan charginogluino 750 1700 L3DY0T0METV 4.02207e-06 2.84466e-06 2.84406e-06 0 5.84444e-08 0 0 3.72989e-12
scan charginogluino 750 1700 L3DY0T1METV 1.32932e-05 6.53398e-06 6.53126e-06 4.84932e-08 1.75884e-07 3.63196e-08 3.00325e-08 5.11059e-09
scan charginogluino 750 1700 L3DY0T2METV 1.31733e-05 4.19072e-06 4.18769e-06 1.34953e-08 6.30206e-08 8.25868e-08 0 1.19799e-07
scan charginogluino 750 1700 L3DY0T0HTV 0 1.252e-08 1.252e-08 0 0 0 0 0
scan charginogluino 750 1700 L3DY0T1HTV 4.56468e-06 2.63575e-06 2.63547e-06 1.38965e-08 3.29125e-08 1.38965e-08 0 8.6963e-10
scan charginogluino 750 1700 L3DY0T2HTV 0 1.252e-08 1.252e-08 0 0 0 0 0
scan charginogluino 750 1700 L3DY0T0 0 1.252e-08 1.252e-08 0 0 0 0 0
scan charginogluino 750 1700 L3DY0T1 0 1.7706e-08 1.7706e-08 0 0 0 0 0
scan charginogluino 750 1700 L3DY0T2 1.92893e-06 1.36422e-06 1.364e-06 5.87236e-09 0 1.74663e-08 0 1.55202e-08
scan charginogluino 750 1700 L3DY1T0METVHTVZV 0.000292614 2.13527e-05 2.06003e-05 1.44018e-06 5.43037e-06 0 0 4.34453e-09
scan charginogluino 750 1700 L3DY1T1METVHTVZV 0.000155779 1.52726e-05 1.51588e-05 5.16674e-07 1.58091e-06 5.1959e-07 6.44153e-07 1.02531e-07
scan charginogluino 750 1700 L3DY1T0METVHTV 3.59346e-05 8.60896e-06 8.46529e-06 1.84349e-07 1.55531e-06 0 0 2.14244e-11
scan charginogluino 750 1700 L3DY1T1METVHTV 5.49326e-06 2.5481e-06 2.54747e-06 3.31402e-08 1.76649e-08 1.64768e-08 3.88919e-08 1.78177e-09
scan charginogluino 750 1700 L3DY1T0METVZV 1.9032e-05 5.37397e-06 5.34439e-06 7.99597e-08 5.57363e-07 0 0 2.26494e-11
scan charginogluino 750 1700 L3DY1T1METVZV 3.32883e-05 6.85861e-06 6.83591e-06 8.50605e-08 4.84156e-07 1.63701e-07 2.04441e-07 2.53119e-08
scan charginogluino 750 1700 L3DY1T0METV 1.12792e-06 1.12803e-06 1.12798e-06 1.08549e-08 0 0 0 3.87543e-12
scan charginogluino 750 1700 L3DY1T1METV 6.88942e-06 3.10934e-06 3.10503e-06 1.93684e-08 9.81625e-08 1.28713e-07 0 1.37354e-08
scan charginogluino 750 1700 L3DY1T0HTVZV 2.54686e-06 1.73677e-06 1.73595e-06 8.78084e-10 5.33299e-08 0 0 3.37186e-13
scan charginogluino 750 1700 L3DY1T1HTVZV 1.01578e-05 5.38983e-06 5.38933e-06 4.13881e-08 4.8703e-08 2.78318e-08 2.23806e-08 2.31468e-09
scan charginogluino 750 1700 L3DY1T0HTV 1.97938e-06 1.97946e-06 1.97941e-06 0 1.42718e-08 0 0 1.86035e-13
scan charginogluino 750 1700 L3DY1T1HTV 0 1.252e-08 1.252e-08 0 0 0 0 0
scan charginogluino 750 1700 L3DY1T0ZV 6.36291e-07 6.36413e-07 6.36384e-07 6.12354e-09 0 0 0 2.18623e-12
scan charginogluino 750 1700 L3DY1T1ZV 1.36546e-06 1.14766e-06 1.14739e-06 6.83289e-09 3.53514e-09 2.36795e-08 0 3.70014e-10
scan charginogluino 750 1700 L3DY1T0 0 1.252e-08 1.252e-08 0 0 0 0 0
scan charginogluino 750 1700 L3DY1T1 0 1.252e-08 1.252e-08 0 0 0 0 0
