model coNLSP
parameter coNLSP 3
parameter kFactorProcessWeighted true
scan charginogluino 575 1500 LOXSEC 0.02185
scan charginogluino 575 1500 L4T0METVHTVZV 0.00204103 0.000121237 0.000105955 1.41035e-05 5.72109e-05 0 0 2.7028e-11
scan charginogluino 575 1500 L4T1METVHTVZV 0.00119216 9.466e-05 8.64998e-05 5.68551e-06 3.75392e-05 3.92501e-06 4.62417e-06 6.81518e-09
scan charginogluino 575 1500 L4T2METVHTVZV 0.000405064 4.75367e-05 4.66937e-05 1.23806e-06 8.34365e-06 2.64616e-06 1.05884e-06 4.00763e-07
scan charginogluino 575 1500 L4T0METVHTV 0.000793883 0.00010489 8.68071e-05 5.62199e-06 5.86079e-05 0 0 2.10552e-14
scan charginogluino 575 1500 L4T1METVHTV 0.000165038 3.38081e-05 3.33889e-05 8.15277e-07 5.187e-06 4.97696e-07 5.94532e-07 3.01575e-10
scan charginogluino 575 1500 L4T2METVHTV 9.53057e-06 6.79005e-06 6.73931e-06 0 8.26506e-07 5.80966e-08 0 5.64465e-09
scan charginogluino 575 1500 L4T0METVZV 0.000884292 7.28734e-05 6.88253e-05 6.42482e-06 2.30723e-05 0 0 1.51186e-13
scan charginogluino 575 1500 L4T1METVZV 0.000334057 4.12239e-05 3.95911e-05 2.16786e-06 1.11018e-05 1.77226e-06 9.30949e-07 1.33997e-09
scan charginogluino 575 1500 L4T2METVZV 0.000114581 2.58281e-05 2.50827e-05 2.35477e-07 5.98848e-06 1.25846e-06 5.1701e-07 4.2399e-07
scan charginogluino 575 1500 L4T0METV 0.000483145 6.83284e-05 6.75653e-05 4.21897e-06 9.26772e-06 0 0 2.28463e-11
scan charginogluino 575 1500 L4T1METV 5.18641e-05 1.51644e-05 1.45701e-05 3.01829e-07 4.18102e-06 1.70919e-07 2.65472e-07 6.55092e-11
scan charginogluino 575 1500 L4T2METV 4.71712e-05 2.4304e-05 2.42436e-05 2.58928e-07 1.59301e-06 5.717e-07 0 4.53434e-08
scan charginogluino 575 1500 L4T0HTVZV 9.89572e-05 2.71498e-05 2.69466e-05 7.47145e-07 3.23024e-06 0 0 6.84056e-16
scan charginogluino 575 1500 L4T1HTVZV 5.40251e-05 2.03275e-05 2.02379e-05 1.3503e-07 1.88564e-06 1.39179e-07 2.05838e-07 1.17217e-11
scan charginogluino 575 1500 L4T2HTVZV 1.73332e-05 9.3489e-06 9.33989e-06 4.82062e-09 3.90572e-07 9.59989e-08 7.76413e-08 2.06405e-08
scan charginogluino 575 1500 L4T0HTV 2.27396e-05 1.00463e-05 9.66599e-06 3.54194e-07 2.71484e-06 0 0 1.75055e-15
scan charginogluino 575 1500 L4T1HTV 6.46039e-06 4.97202e-06 4.96407e-06 2.53336e-08 2.55656e-07 5.21883e-08 1.01426e-07 7.3024e-13
scan charginogluino 575 1500 L4T2HTV 0 5.35214e-08 5.35214e-08 0 0 0 0 0
scan charginogluino 575 1500 L4T0ZV 6.10165e-05 2.01632e-05 1.97915e-05 3.70243e-07 3.8361e-06 0 0 2.777e-15
scan charginogluino 575 1500 L4T1ZV 5.20432e-05 2.1502e-05 2.09502e-05 3.0607e-07 4.80179e-06 9.51175e-08 5.16493e-07 3.45878e-11
scan charginogluino 575 1500 L4T2ZV 0 5.35214e-08 5.35214e-08 0 0 0 0 0
scan charginogluino 575 1500 L4T0 3.37856e-05 1.17519e-05 1.17135e-05 2.94316e-07 9.02939e-07 0 0 1.72353e-15
scan charginogluino 575 1500 L4T1 0 6.18011e-08 6.18011e-08 0 0 0 0 0
scan charginogluino 575 1500 L4T2 0 5.35214e-08 5.35214e-08 0 0 0 0 0
scan charginogluino 575 1500 L3DY0T0METVHTV 7.66879e-05 1.94107e-05 1.92244e-05 4.17696e-07 2.65006e-06 0 0 2.33349e-09
scan charginogluino 575 1500 L3DY0T1METVHTV 0.000378507 4.90819e-05 4.55475e-05 1.33046e-06 1.81466e-05 1.10289e-06 1.25901e-06 7.64735e-07
scan charginogluino 575 1500 L3DY0T2METVHTV 0.000192296 3.2171e-05 3.20666e-05 2.99392e-07 6.77426e-07 1.81138e-06 0 1.69563e-06
scan charginogluino 575 1500 L3DY0T0METV 8.62534e-06 5.05318e-06 5.0524e-06 4.97563e-08 7.31998e-08 0 0 1.28807e-11
scan charginogluino 575 1500 L3DY0T1METV 5.58538e-05 1.80353e-05 1.80159e-05 2.55962e-07 7.10155e-07 1.61994e-07 2.55634e-07 1.94979e-07
scan charginogluino 575 1500 L3DY0T2METV 7.3932e-05 2.35239e-05 2.34956e-05 6.49736e-08 3.79185e-07 8.48651e-07 0 6.7793e-07
scan charginogluino 575 1500 L3DY0T0HTV 8.71497e-07 8.7277e-07 8.72319e-07 9.54872e-09 2.63905e-08 0 0 9.58193e-12
scan charginogluino 575 1500 L3DY0T1HTV 1.21776e-05 9.08582e-06 9.08549e-06 6.19005e-08 2.91281e-08 3.78192e-08 0 3.38662e-09
scan charginogluino 575 1500 L3DY0T2HTV 0 4.37e-08 4.37e-08 0 0 0 0 0
scan charginogluino 575 1500 L3DY0T0 0 4.37e-08 4.37e-08 0 0 0 0 0
scan charginogluino 575 1500 L3DY0T1 8.96423e-07 8.98383e-07 8.98286e-07 0 1.29643e-08 2.72903e-09 0 5.30923e-10
scan charginogluino 575 1500 L3DY0T2 5.60677e-06 4.82395e-06 4.82271e-06 2.62357e-09 3.42126e-08 8.96456e-08 0 5.26076e-08
scan charginogluino 575 1500 L3DY1T0METVHTVZV 0.000931299 8.1397e-05 7.59836e-05 4.8158e-06 2.87884e-05 0 0 2.00808e-09
scan charginogluino 575 1500 L3DY1T1METVHTVZV 0.000650336 5.91568e-05 5.80029e-05 2.45688e-06 1.08057e-05 2.56728e-06 2.35545e-06 5.02029e-07
scan charginogluino 575 1500 L3DY1T0METVHTV 0.000260087 4.81161e-05 4.70625e-05 2.12557e-06 9.78585e-06 0 0 4.51958e-10
scan charginogluino 575 1500 L3DY1T1METVHTV 5.04834e-05 1.51067e-05 1.49029e-05 2.73251e-07 2.43991e-06 1.50089e-07 1.84725e-07 1.79291e-07
scan charginogluino 575 1500 L3DY1T0METVZV 0.000152224 2.97127e-05 2.90147e-05 7.15366e-07 6.3627e-06 0 0 9.96864e-11
scan charginogluino 575 1500 L3DY1T1METVZV 0.000164611 3.25083e-05 3.24288e-05 7.22241e-07 1.83783e-06 1.10561e-06 1.94849e-07 7.77953e-08
scan charginogluino 575 1500 L3DY1T0METV 5.01905e-05 1.58299e-05 1.56983e-05 4.41911e-07 1.98785e-06 0 0 9.66096e-10
scan charginogluino 575 1500 L3DY1T1METV 7.0855e-06 5.0113e-06 5.01035e-06 4.31881e-08 0 8.75594e-08 0 2.27859e-09
scan charginogluino 575 1500 L3DY1T0HTVZV 2.1916e-05 9.04078e-06 9.00941e-06 4.31187e-08 7.51272e-07 0 0 8.47332e-12
scan charginogluino 575 1500 L3DY1T1HTVZV 2.0538e-07 2.08842e-07 2.08837e-07 1.25185e-09 0 6.2525e-10 0 6.6047e-11
scan charginogluino 575 1500 L3DY1T0HTV 1.29346e-06 1.29407e-06 1.29401e-06 1.18387e-08 0 0 0 5.83029e-13
scan charginogluino 575 1500 L3DY1T1HTV 0 4.37e-08 4.37e-08 0 0 0 0 0
scan charginogluino 575 1500 L3DY1T0ZV 1.74966e-05 1.04147e-05 1.02682e-05 4.54833e-08 1.74035e-06 0 0 1.80299e-11
scan charginogluino 575 1500 L3DY1T1ZV 4.45885e-07 3.17243e-07 3.17142e-07 0 6.45467e-09 7.10463e-10 4.68242e-09 1.46488e-10
scan charginogluino 575 1500 L3DY1T0 0 4.37e-08 4.37e-08 0 0 0 0 0
scan charginogluino 575 1500 L3DY1T1 0 4.37e-08 4.37e-08 0 0 0 0 0
