model coNLSP
parameter coNLSP 3
parameter kFactorProcessWeighted true
scan charginogluino 725 1650 LOXSEC 0.007816
scan charginogluino 725 1650 L4T0METVHTVZV 0.000843625 4.41085e-05 3.9629e-05 6.68363e-06 1.81778e-05 0 0 2.87865e-12
scan charginogluino 725 1650 L4T1METVHTVZV 0.000464264 3.27882e-05 3.02208e-05 2.3249e-06 1.23375e-05 1.39343e-06 1.48565e-06 3.74049e-10
scan charginogluino 725 1650 L4T2METVHTVZV 0.00011558 1.46724e-05 1.42436e-05 4.8645e-07 3.35565e-06 7.28197e-07 5.8836e-07 1.66312e-07
scan charginogluino 725 1650 L4T0METVHTV 0.000157059 1.70012e-05 1.67289e-05 1.4281e-06 2.67262e-06 0 0 3.24261e-15
scan charginogluino 725 1650 L4T1METVHTV 4.18519e-05 9.45867e-06 9.44171e-06 3.04899e-07 4.38909e-07 1.57216e-07 1.0116e-07 5.08072e-11
scan charginogluino 725 1650 L4T2METVHTV 3.62409e-06 2.56298e-06 2.56268e-06 2.87451e-08 0 2.5743e-08 0 8.81147e-09
scan charginogluino 725 1650 L4T0METVZV 0.000247687 2.4093e-05 2.23848e-05 1.8273e-06 8.72087e-06 0 0 2.06014e-13
scan charginogluino 725 1650 L4T1METVZV 6.09366e-05 1.04099e-05 1.01091e-05 2.84096e-07 2.45698e-06 2.2446e-07 7.4577e-08 3.93246e-11
scan charginogluino 725 1650 L4T2METVZV 2.5236e-05 6.91697e-06 6.83605e-06 7.27931e-08 1.03592e-06 1.70858e-07 3.2686e-09 7.25844e-08
scan charginogluino 725 1650 L4T0METV 3.32484e-05 7.8963e-06 7.88303e-06 2.78012e-07 3.63537e-07 0 0 6.84041e-16
scan charginogluino 725 1650 L4T1METV 1.6106e-05 6.83468e-06 6.81015e-06 1.77261e-07 5.37694e-07 6.0296e-08 1.02382e-07 3.34061e-11
scan charginogluino 725 1650 L4T2METV 6.27633e-06 4.44235e-06 4.44151e-06 1.98822e-08 4.40009e-08 6.57261e-08 0 2.84528e-08
scan charginogluino 725 1650 L4T0HTVZV 1.7602e-05 5.8761e-06 5.86643e-06 1.74653e-07 2.88149e-07 0 0 3.15469e-16
scan charginogluino 725 1650 L4T1HTVZV 1.9416e-05 7.45128e-06 7.44686e-06 6.28078e-08 2.44263e-07 4.71304e-08 0 2.56529e-12
scan charginogluino 725 1650 L4T2HTVZV 3.69401e-06 3.69451e-06 3.69405e-06 0 5.34231e-08 2.2516e-08 0 1.43757e-10
scan charginogluino 725 1650 L4T0HTV 5.09394e-06 3.6051e-06 3.60199e-06 0 1.49617e-07 0 0 3.65788e-19
scan charginogluino 725 1650 L4T1HTV 0 2.2107e-08 2.2107e-08 0 0 0 0 0
scan charginogluino 725 1650 L4T2HTV 0 1.91452e-08 1.91452e-08 0 0 0 0 0
scan charginogluino 725 1650 L4T0ZV 1.15655e-05 4.1079e-06 4.10534e-06 1.16903e-07 8.57399e-08 0 0 5.34813e-16
scan charginogluino 725 1650 L4T1ZV 9.20867e-06 5.43734e-06 5.34392e-06 2.99968e-08 1.00103e-06 1.94258e-08 6.23048e-08 5.38354e-12
scan charginogluino 725 1650 L4T2ZV 0 1.91452e-08 1.91452e-08 0 0 0 0 0
scan charginogluino 725 1650 L4T0 1.47886e-06 1.47912e-06 1.47894e-06 9.01403e-09 2.13946e-08 0 0 2.51529e-18
scan charginogluino 725 1650 L4T1 0 2.2107e-08 2.2107e-08 0 0 0 0 0
scan charginogluino 725 1650 L4T2 0 1.91452e-08 1.91452e-08 0 0 0 0 0
scan charginogluino 725 1650 L3DY0T0METVHTV 2.491e-05 6.62743e-06 6.29253e-06 1.02933e-07 2.07758e-06 0 0 6.3655e-11
scan charginogluino 725 1650 L3DY0T1METVHTV 0.000179223 1.92334e-05 1.87591e-05 6.22507e-07 4.11909e-06 5.65354e-07 5.33646e-07 2.48313e-07
scan charginogluino 725 1650 L3DY0T2METVHTV 0.000104752 1.90053e-05 1.89574e-05 9.16291e-08 5.38281e-07 7.71964e-07 0 9.60761e-07
scan charginogluino 725 1650 L3DY0T0METV 1.46237e-06 1.4627e-06 1.46244e-06 9.9189e-09 2.57531e-08 0 0 1.60785e-11
scan charginogluino 725 1650 L3DY0T1METV 1.83372e-05 5.93029e-06 5.92815e-06 5.5825e-08 1.3604e-07 5.16506e-08 3.28795e-08 7.50938e-09
scan charginogluino 725 1650 L3DY0T2METV 5.35691e-06 2.21709e-06 2.21621e-06 6.81665e-09 2.24804e-08 3.26518e-08 0 4.80268e-08
scan charginogluino 725 1650 L3DY0T0HTV 2.77174e-06 2.77208e-06 2.77177e-06 8.43817e-09 4.00852e-08 0 0 2.18696e-14
scan charginogluino 725 1650 L3DY0T1HTV 0 2.2107e-08 2.2107e-08 0 0 0 0 0
scan charginogluino 725 1650 L3DY0T2HTV 0 1.5632e-08 1.5632e-08 0 0 0 0 0
scan charginogluino 725 1650 L3DY0T0 0 1.5632e-08 1.5632e-08 0 0 0 0 0
scan charginogluino 725 1650 L3DY0T1 1.84218e-06 1.84294e-06 1.84229e-06 0 2.68845e-08 0 4.05895e-08 1.09106e-09
scan charginogluino 725 1650 L3DY0T2 0 1.5632e-08 1.5632e-08 0 0 0 0 0
scan charginogluino 725 1650 L3DY1T0METVHTVZV 0.000310049 2.49719e-05 2.33239e-05 1.66768e-06 8.76432e-06 0 0 5.9507e-10
scan charginogluino 725 1650 L3DY1T1METVHTVZV 0.000251515 2.31737e-05 2.29609e-05 8.51248e-07 2.12969e-06 7.9215e-07 1.97763e-06 1.28964e-07
scan charginogluino 725 1650 L3DY1T0METVHTV 2.67587e-05 6.08279e-06 6.02252e-06 1.82184e-07 8.34539e-07 0 0 6.10451e-11
scan charginogluino 725 1650 L3DY1T1METVHTV 1.27444e-05 4.21813e-06 4.21595e-06 6.51181e-08 8.71328e-08 2.85583e-08 7.41219e-08 1.45727e-08
scan charginogluino 725 1650 L3DY1T0METVZV 4.08682e-05 1.01211e-05 1.01068e-05 1.64573e-07 5.11056e-07 0 0 1.90928e-11
scan charginogluino 725 1650 L3DY1T1METVZV 4.74741e-05 1.04357e-05 1.03959e-05 1.97058e-07 8.32294e-07 1.91967e-07 2.36672e-07 6.2058e-08
scan charginogluino 725 1650 L3DY1T0METV 6.45094e-07 4.61987e-07 4.56351e-07 0 7.19404e-08 0 0 4.28206e-15
scan charginogluino 725 1650 L3DY1T1METV 1.12559e-06 7.96121e-07 7.9603e-07 1.14099e-08 0 3.42877e-09 0 1.54935e-09
scan charginogluino 725 1650 L3DY1T0HTVZV 7.67097e-06 3.54075e-06 3.52453e-06 3.96311e-08 3.36251e-07 0 0 2.08381e-10
scan charginogluino 725 1650 L3DY1T1HTVZV 1.74667e-06 1.74676e-06 1.74672e-06 1.06464e-08 0 5.31748e-09 0 5.61701e-10
scan charginogluino 725 1650 L3DY1T0HTV 0 1.5632e-08 1.5632e-08 0 0 0 0 0
scan charginogluino 725 1650 L3DY1T1HTV 0 1.5632e-08 1.5632e-08 0 0 0 0 0
scan charginogluino 725 1650 L3DY1T0ZV 2.95373e-06 2.95496e-06 2.95376e-06 8.43938e-08 0 0 0 1.01487e-11
scan charginogluino 725 1650 L3DY1T1ZV 1.81253e-06 1.81282e-06 1.81258e-06 1.10479e-08 0 2.75121e-08 0 5.82882e-10
scan charginogluino 725 1650 L3DY1T0 0 1.5632e-08 1.5632e-08 0 0 0 0 0
scan charginogluino 725 1650 L3DY1T1 0 1.5632e-08 1.5632e-08 0 0 0 0 0
