model coNLSP
parameter coNLSP 3
parameter kFactorProcessWeighted true
scan charginogluino 750 2050 LOXSEC 0.004701
scan charginogluino 750 2050 L4T0METVHTVZV 0.000129139 1.46806e-05 1.39264e-05 9.60991e-07 4.54413e-06 0 0 2.05546e-13
scan charginogluino 750 2050 L4T1METVHTVZV 6.07046e-05 1.22268e-05 1.20435e-05 2.10671e-07 2.03391e-06 1.50592e-07 4.95187e-07 8.9877e-11
scan charginogluino 750 2050 L4T2METVHTVZV 3.55957e-05 7.81642e-06 7.78869e-06 5.6299e-08 6.07127e-07 2.36468e-07 4.0822e-08 5.71527e-08
scan charginogluino 750 2050 L4T0METVHTV 3.31905e-05 6.33256e-06 6.2298e-06 3.12838e-07 1.09227e-06 0 0 6.77367e-16
scan charginogluino 750 2050 L4T1METVHTV 4.05337e-06 2.03967e-06 2.03926e-06 3.55045e-08 1.53313e-08 1.25124e-08 0 5.45182e-12
scan charginogluino 750 2050 L4T2METVHTV 0 1.15151e-08 1.15151e-08 0 0 0 0 0
scan charginogluino 750 2050 L4T0METVZV 0.000182821 1.47931e-05 1.445e-05 1.54784e-06 2.76373e-06 0 0 5.65939e-13
scan charginogluino 750 2050 L4T1METVZV 8.88813e-05 1.24647e-05 1.2277e-05 3.66182e-07 2.09717e-06 2.90182e-07 1.6885e-07 3.70858e-11
scan charginogluino 750 2050 L4T2METVZV 1.58486e-05 4.02339e-06 3.9511e-06 2.63182e-08 7.46627e-07 1.31177e-07 2.54906e-08 2.19878e-08
scan charginogluino 750 2050 L4T0METV 5.47124e-05 8.72023e-06 8.62607e-06 5.13259e-07 1.17036e-06 0 0 8.74947e-15
scan charginogluino 750 2050 L4T1METV 6.1088e-06 2.40483e-06 2.32609e-06 3.18239e-08 6.07624e-07 3.21795e-08 3.56523e-08 3.0894e-11
scan charginogluino 750 2050 L4T2METV 0 1.15151e-08 1.15151e-08 0 0 0 0 0
scan charginogluino 750 2050 L4T0HTVZV 4.15871e-06 1.91208e-06 1.91121e-06 4.35744e-08 3.77607e-08 0 0 4.27975e-17
scan charginogluino 750 2050 L4T1HTVZV 3.05362e-06 1.76409e-06 1.76305e-06 3.10382e-09 5.89985e-08 1.45551e-08 0 1.23956e-13
scan charginogluino 750 2050 L4T2HTVZV 9.54878e-07 9.56183e-07 9.54936e-07 0 1.38095e-08 0 4.68202e-08 3.71603e-11
scan charginogluino 750 2050 L4T0HTV 0 1.05118e-08 1.05118e-08 0 0 0 0 0
scan charginogluino 750 2050 L4T1HTV 0 1.32964e-08 1.32964e-08 0 0 0 0 0
scan charginogluino 750 2050 L4T2HTV 0 1.15151e-08 1.15151e-08 0 0 0 0 0
scan charginogluino 750 2050 L4T0ZV 5.73704e-06 2.36905e-06 2.34521e-06 4.10034e-08 3.32753e-07 0 0 9.12177e-17
scan charginogluino 750 2050 L4T1ZV 2.32402e-06 1.08677e-06 1.0865e-06 1.30249e-08 1.52431e-08 5.35778e-09 1.29436e-08 5.83092e-12
scan charginogluino 750 2050 L4T2ZV 1.92204e-06 1.9223e-06 1.92206e-06 0 2.77967e-08 1.18043e-08 0 7.47984e-11
scan charginogluino 750 2050 L4T0 0 1.05118e-08 1.05118e-08 0 0 0 0 0
scan charginogluino 750 2050 L4T1 1.23787e-06 1.23821e-06 1.23793e-06 1.87894e-08 1.79022e-08 3.77314e-09 0 4.81732e-11
scan charginogluino 750 2050 L4T2 0 1.15151e-08 1.15151e-08 0 0 0 0 0
scan charginogluino 750 2050 L3DY0T0METVHTV 2.88036e-06 1.75474e-06 1.75257e-06 4.73131e-08 7.34348e-08 0 0 1.47408e-11
scan charginogluino 750 2050 L3DY0T1METVHTV 1.91577e-05 5.0974e-06 5.07831e-06 6.249e-08 4.19737e-07 4.46866e-08 1.00306e-07 4.67785e-08
scan charginogluino 750 2050 L3DY0T2METVHTV 1.34151e-05 3.63396e-06 3.62985e-06 8.75236e-09 7.5997e-08 9.23529e-08 0 1.24587e-07
scan charginogluino 750 2050 L3DY0T0METV 1.38034e-06 1.38051e-06 1.38037e-06 0 2.00378e-08 0 0 2.54925e-12
scan charginogluino 750 2050 L3DY0T1METV 9.4604e-06 3.43048e-06 3.41362e-06 1.60184e-08 3.25146e-07 6.79338e-08 6.8961e-08 8.27895e-09
scan charginogluino 750 2050 L3DY0T2METV 1.27269e-05 3.91101e-06 3.90857e-06 2.81086e-08 2.51918e-08 7.74025e-08 0 1.0792e-07
scan charginogluino 750 2050 L3DY0T0HTV 0 9.402e-09 9.402e-09 0 0 0 0 0
scan charginogluino 750 2050 L3DY0T1HTV 2.20325e-06 1.55832e-06 1.55798e-06 6.70748e-09 3.02509e-08 9.17367e-09 0 3.3844e-09
scan charginogluino 750 2050 L3DY0T2HTV 0 9.402e-09 9.402e-09 0 0 0 0 0
scan charginogluino 750 2050 L3DY0T0 0 9.402e-09 9.402e-09 0 0 0 0 0
scan charginogluino 750 2050 L3DY0T1 0 1.32964e-08 1.32964e-08 0 0 0 0 0
scan charginogluino 750 2050 L3DY0T2 0 9.402e-09 9.402e-09 0 0 0 0 0
scan charginogluino 750 2050 L3DY1T0METVHTVZV 4.966e-05 6.98612e-06 6.84374e-06 2.47876e-07 1.38119e-06 0 0 2.47871e-11
scan charginogluino 750 2050 L3DY1T1METVHTVZV 2.37054e-05 5.10992e-06 5.10424e-06 8.03309e-08 1.78279e-07 1.06773e-07 8.92525e-08 2.06044e-08
scan charginogluino 750 2050 L3DY1T0METVHTV 4.32363e-06 1.89231e-06 1.89086e-06 1.21863e-08 7.30598e-08 0 0 7.0866e-13
scan charginogluino 750 2050 L3DY1T1METVHTV 5.69097e-07 5.69304e-07 5.69156e-07 3.4688e-09 0 0 1.25392e-08 1.83013e-10
scan charginogluino 750 2050 L3DY1T0METVZV 3.17926e-05 7.12634e-06 7.11365e-06 1.79656e-07 3.85243e-07 0 0 9.19146e-12
scan charginogluino 750 2050 L3DY1T1METVZV 2.51289e-05 4.79165e-06 4.78568e-06 9.52071e-08 1.41679e-07 1.5414e-07 6.41607e-08 1.13036e-08
scan charginogluino 750 2050 L3DY1T0METV 3.57834e-06 2.33505e-06 2.33292e-06 2.25694e-08 9.71048e-08 0 0 7.47749e-12
scan charginogluino 750 2050 L3DY1T1METV 1.62027e-06 1.16271e-06 1.15036e-06 4.49319e-09 1.68625e-07 6.00531e-09 0 8.2653e-09
scan charginogluino 750 2050 L3DY1T0HTVZV 1.16222e-06 1.1623e-06 1.16225e-06 7.08404e-09 8.3799e-09 0 0 1.09233e-13
scan charginogluino 750 2050 L3DY1T1HTVZV 8.30044e-07 6.70814e-07 6.70794e-07 3.92915e-09 2.6816e-09 1.96487e-09 0 3.1712e-10
scan charginogluino 750 2050 L3DY1T0HTV 0 9.402e-09 9.402e-09 0 0 0 0 0
scan charginogluino 750 2050 L3DY1T1HTV 0 9.402e-09 9.402e-09 0 0 0 0 0
scan charginogluino 750 2050 L3DY1T0ZV 1.17084e-06 1.12557e-06 1.12552e-06 1.05748e-08 0 0 0 5.11241e-13
scan charginogluino 750 2050 L3DY1T1ZV 1.21727e-06 1.21761e-06 1.21729e-06 7.41965e-09 0 0 2.68206e-08 3.91455e-10
scan charginogluino 750 2050 L3DY1T0 0 9.402e-09 9.402e-09 0 0 0 0 0
scan charginogluino 750 2050 L3DY1T1 1.11226e-06 1.11237e-06 1.11229e-06 7.54417e-09 0 1.07066e-08 0 2.7043e-09
