model coNLSP
parameter coNLSP 3
parameter kFactorProcessWeighted true
scan charginogluino 450 1600 LOXSEC 0.04773
scan charginogluino 450 1600 L4T0METVHTVZV 0.00121912 0.000128372 0.000107643 1.03911e-05 6.91691e-05 0 0 4.42448e-13
scan charginogluino 450 1600 L4T1METVHTVZV 0.000712103 9.58695e-05 8.95673e-05 4.24184e-06 3.37725e-05 2.34748e-06 2.13825e-06 2.11185e-08
scan charginogluino 450 1600 L4T2METVHTVZV 0.000193002 4.11495e-05 4.03713e-05 6.53035e-07 7.75433e-06 1.64714e-06 3.16554e-07 2.6647e-07
scan charginogluino 450 1600 L4T0METVHTV 0.000929906 0.000112783 0.000106349 8.77095e-06 3.65096e-05 0 0 8.90641e-14
scan charginogluino 450 1600 L4T1METVHTV 0.000221524 8.12912e-05 7.17589e-05 1.08362e-06 3.8163e-05 6.02773e-07 9.86038e-07 3.18438e-10
scan charginogluino 450 1600 L4T2METVHTV 3.46932e-05 2.95718e-05 2.95513e-05 6.63546e-07 0 6.08035e-07 2.79303e-07 5.69163e-07
scan charginogluino 450 1600 L4T0METVZV 0.00328242 0.000238135 0.000191195 2.53609e-05 0.000139676 0 0 4.81987e-11
scan charginogluino 450 1600 L4T1METVZV 0.00162461 0.000158482 0.000137501 7.4932e-06 7.78431e-05 6.61589e-06 7.10754e-06 2.73915e-08
scan charginogluino 450 1600 L4T2METVZV 0.00056856 9.23025e-05 9.05805e-05 2.90529e-06 1.67856e-05 4.43385e-06 2.11149e-06 7.78709e-07
scan charginogluino 450 1600 L4T0METV 0.00233266 0.000196262 0.000161703 1.9673e-05 0.000109471 0 0 7.03137e-13
scan charginogluino 450 1600 L4T1METV 0.000430183 7.16501e-05 6.74089e-05 2.25215e-06 2.40924e-05 1.729e-06 1.12951e-06 2.48314e-09
scan charginogluino 450 1600 L4T2METV 7.94125e-05 2.88365e-05 2.84488e-05 2.02435e-07 4.6398e-06 6.95843e-07 3.18452e-07 2.23555e-07
scan charginogluino 450 1600 L4T0HTVZV 3.35279e-05 1.71897e-05 1.68419e-05 2.2571e-07 3.43305e-06 0 0 1.505e-17
scan charginogluino 450 1600 L4T1HTVZV 2.98044e-05 2.10847e-05 2.10816e-05 1.39761e-07 3.16258e-07 9.20683e-08 0 6.97938e-12
scan charginogluino 450 1600 L4T2HTVZV 2.07443e-05 1.52355e-05 1.46688e-05 0 4.11453e-06 1.26442e-07 0 6.54673e-09
scan charginogluino 450 1600 L4T0HTV 7.75485e-05 2.72509e-05 2.6912e-05 6.758e-07 4.23076e-06 0 0 8.47622e-17
scan charginogluino 450 1600 L4T1HTV 0 1.35001e-07 1.35001e-07 0 0 0 0 0
scan charginogluino 450 1600 L4T2HTV 0 1.16914e-07 1.16914e-07 0 0 0 0 0
scan charginogluino 450 1600 L4T0ZV 0.000535984 8.47592e-05 8.25698e-05 4.61961e-06 1.85745e-05 0 0 5.30734e-12
scan charginogluino 450 1600 L4T1ZV 0.000129889 3.99196e-05 3.957e-05 1.01599e-06 5.12045e-06 7.34267e-07 0 1.51331e-10
scan charginogluino 450 1600 L4T2ZV 6.18589e-05 2.75086e-05 2.71296e-05 2.0763e-07 4.48784e-06 3.37907e-07 6.13656e-07 1.71693e-07
scan charginogluino 450 1600 L4T0 0.000389831 7.62563e-05 7.57231e-05 3.85963e-06 8.13193e-06 0 0 2.90547e-14
scan charginogluino 450 1600 L4T1 7.4767e-05 3.41897e-05 3.41552e-05 8.19175e-07 1.27551e-06 2.35805e-07 9.36758e-09 1.51559e-10
scan charginogluino 450 1600 L4T2 0 1.16914e-07 1.16914e-07 0 0 0 0 0
scan charginogluino 450 1600 L3DY0T0METVHTV 0.000141799 6.29595e-05 6.29056e-05 7.5315e-07 2.49297e-06 0 0 2.76793e-10
scan charginogluino 450 1600 L3DY0T1METVHTV 0.000552565 9.81755e-05 9.1967e-05 1.60142e-06 3.4217e-05 1.90565e-06 9.72702e-07 1.59355e-06
scan charginogluino 450 1600 L3DY0T2METVHTV 0.000136466 3.58944e-05 3.58324e-05 2.50895e-07 3.89735e-07 1.68368e-06 0 1.18339e-06
scan charginogluino 450 1600 L3DY0T0METV 9.38387e-05 4.40477e-05 4.4039e-05 5.80674e-07 6.56632e-07 0 0 4.51655e-11
scan charginogluino 450 1600 L3DY0T1METV 0.000420589 7.55128e-05 7.33001e-05 1.14055e-06 1.79323e-05 1.80687e-06 1.09955e-06 1.3926e-06
scan charginogluino 450 1600 L3DY0T2METV 4.16825e-05 1.70228e-05 1.7017e-05 1.26896e-07 0 2.59068e-07 0 3.35376e-07
scan charginogluino 450 1600 L3DY0T0HTV 0 9.546e-08 9.546e-08 0 0 0 0 0
scan charginogluino 450 1600 L3DY0T1HTV 9.73266e-06 9.73398e-06 9.73348e-06 2.96297e-08 0 9.36863e-08 0 1.8542e-09
scan charginogluino 450 1600 L3DY0T2HTV 8.21393e-06 8.21513e-06 8.21435e-06 0 5.92246e-08 5.5713e-08 0 7.90646e-08
scan charginogluino 450 1600 L3DY0T0 3.44117e-05 2.31992e-05 2.31958e-05 1.94234e-07 3.4724e-07 0 0 4.08316e-11
scan charginogluino 450 1600 L3DY0T1 0.000121084 4.79239e-05 4.78178e-05 5.19197e-07 3.08408e-06 4.98181e-07 2.08012e-07 2.996e-07
scan charginogluino 450 1600 L3DY0T2 1.14577e-05 1.10392e-05 1.10344e-05 3.35662e-08 3.11443e-09 3.11201e-07 0 9.28704e-08
scan charginogluino 450 1600 L3DY1T0METVHTVZV 0.000924415 0.000130732 0.000118158 4.37312e-06 5.57706e-05 0 0 2.09369e-08
scan charginogluino 450 1600 L3DY1T1METVHTVZV 0.000354733 5.9234e-05 5.90398e-05 1.44212e-06 4.19971e-06 1.30715e-06 1.19986e-06 3.22142e-07
scan charginogluino 450 1600 L3DY1T0METVHTV 0.000357488 7.44818e-05 7.43557e-05 2.13149e-06 3.77193e-06 0 0 3.83218e-10
scan charginogluino 450 1600 L3DY1T1METVHTV 4.9662e-05 1.81248e-05 1.80513e-05 6.86895e-08 1.53025e-06 4.95151e-07 2.23135e-07 1.37785e-07
scan charginogluino 450 1600 L3DY1T0METVZV 0.000896689 0.000113848 0.000105631 4.13627e-06 4.2265e-05 0 0 9.21331e-10
scan charginogluino 450 1600 L3DY1T1METVZV 0.000582144 8.64691e-05 8.37146e-05 2.05414e-06 2.09914e-05 1.99103e-06 4.31954e-06 1.13031e-06
scan charginogluino 450 1600 L3DY1T0METV 0.000913421 0.000269412 0.000269129 7.37516e-06 9.88265e-06 0 0 1.75244e-09
scan charginogluino 450 1600 L3DY1T1METV 0.000139319 3.90858e-05 3.73425e-05 3.95565e-07 1.15028e-05 4.1274e-07 7.52855e-07 1.89361e-07
scan charginogluino 450 1600 L3DY1T0HTVZV 9.21467e-05 3.5593e-05 3.55699e-05 6.44417e-07 1.10988e-06 0 0 4.2994e-11
scan charginogluino 450 1600 L3DY1T1HTVZV 4.38314e-06 4.38402e-06 4.38392e-06 2.67164e-08 0 1.33438e-08 0 1.40955e-09
scan charginogluino 450 1600 L3DY1T0HTV 5.36835e-05 3.18239e-05 3.17934e-05 1.73814e-07 1.38101e-06 0 0 1.81194e-11
scan charginogluino 450 1600 L3DY1T1HTV 0 9.546e-08 9.546e-08 0 0 0 0 0
scan charginogluino 450 1600 L3DY1T0ZV 0.000149178 4.53376e-05 4.50752e-05 1.05075e-06 4.75379e-06 0 0 1.4269e-07
scan charginogluino 450 1600 L3DY1T1ZV 0.000158276 5.62983e-05 5.61436e-05 6.07438e-07 3.67332e-06 4.51549e-07 1.79116e-06 3.59986e-07
scan charginogluino 450 1600 L3DY1T0 1.97718e-05 1.4509e-05 1.42298e-05 7.16771e-08 2.8321e-06 0 0 1.76488e-11
scan charginogluino 450 1600 L3DY1T1 0 9.546e-08 9.546e-08 0 0 0 0 0
