model coNLSP
parameter coNLSP 3
parameter kFactorProcessWeighted true
scan charginogluino 300 1300 LOXSEC 0.2548
scan charginogluino 300 1300 L4T0METVHTVZV 0.00184013 0.000315852 0.000311814 2.90465e-05 4.11184e-05 0 0 5.12654e-10
scan charginogluino 300 1300 L4T1METVHTVZV 0.00228836 0.00040583 0.000389628 1.71545e-05 0.000111646 8.82577e-06 7.17549e-06 3.33095e-08
scan charginogluino 300 1300 L4T2METVHTVZV 0.00117659 0.000278129 0.000274094 5.6981e-06 4.33552e-05 9.81247e-06 1.41214e-05 4.50498e-06
scan charginogluino 300 1300 L4T0METVHTV 0.00772888 0.000844122 0.000691847 7.38787e-05 0.000477944 0 0 2.25777e-11
scan charginogluino 300 1300 L4T1METVHTV 0.0026057 0.000602448 0.000535273 1.62121e-05 0.000275691 6.75862e-06 1.06454e-05 1.20937e-07
scan charginogluino 300 1300 L4T2METVHTV 0.000124238 7.17477e-05 7.17348e-05 5.10738e-07 5.95073e-07 1.00559e-06 0 4.85507e-07
scan charginogluino 300 1300 L4T0METVZV 0.0122894 0.00154753 0.000851897 0.000122934 0.00128609 0 0 1.68445e-09
scan charginogluino 300 1300 L4T1METVZV 0.00764969 0.00102691 0.000685826 4.95249e-05 0.000761156 4.34342e-05 2.22357e-05 1.91091e-06
scan charginogluino 300 1300 L4T2METVZV 0.00260261 0.000475352 0.000451392 1.2577e-05 0.000141801 3.89753e-05 5.94837e-06 1.96203e-05
scan charginogluino 300 1300 L4T0METV 0.0220325 0.00215587 0.00115878 0.000220803 0.00180451 0 0 1.75366e-09
scan charginogluino 300 1300 L4T1METV 0.00506007 0.000706562 0.000608921 3.56717e-05 0.000354777 3.30631e-05 1.46266e-05 8.41492e-08
scan charginogluino 300 1300 L4T2METV 0.0003111 0.000139431 0.00013889 1.36477e-06 1.19383e-05 2.02438e-06 1.15747e-06 8.6467e-07
scan charginogluino 300 1300 L4T0HTVZV 0.000170324 0.000106729 0.000106535 9.25623e-07 6.3772e-06 0 0 1.37057e-16
scan charginogluino 300 1300 L4T1HTVZV 8.50704e-05 6.1859e-05 6.01577e-05 1.16951e-06 1.43582e-05 2.58985e-07 0 5.28555e-10
scan charginogluino 300 1300 L4T2HTVZV 5.14716e-05 3.6668e-05 3.64004e-05 0 4.38611e-06 3.13736e-07 0 4.67924e-07
scan charginogluino 300 1300 L4T0HTV 0.000522426 0.000185057 0.000183411 5.47756e-06 2.40083e-05 0 0 1.38113e-14
scan charginogluino 300 1300 L4T1HTV 5.07859e-05 5.08242e-05 5.07904e-05 0 1.84645e-06 1.54611e-07 0 3.37111e-13
scan charginogluino 300 1300 L4T2HTV 0 6.2413e-07 6.2413e-07 0 0 0 0 0
scan charginogluino 300 1300 L4T0ZV 0.0030817 0.000478632 0.000411926 2.71155e-05 0.00024222 0 0 4.87322e-12
scan charginogluino 300 1300 L4T1ZV 0.00219723 0.000562401 0.000444762 1.09978e-05 0.000343041 2.56524e-05 4.99027e-06 1.19917e-06
scan charginogluino 300 1300 L4T2ZV 0.0008934 0.000253974 0.000251862 1.19221e-05 2.31624e-05 4.35164e-06 1.81069e-05 6.52328e-06
scan charginogluino 300 1300 L4T0 0.00514215 0.000644308 0.00054158 5.47448e-05 0.000344713 0 0 3.54283e-11
scan charginogluino 300 1300 L4T1 0.00270116 0.000592279 0.000483822 1.76894e-05 0.000340677 1.18768e-05 1.36217e-05 3.23458e-06
scan charginogluino 300 1300 L4T2 0 6.2413e-07 6.2413e-07 0 0 0 0 0
scan charginogluino 300 1300 L3DY0T0METVHTV 0.000838101 0.000232066 0.000229234 7.77993e-06 3.52958e-05 0 0 6.45281e-09
scan charginogluino 300 1300 L3DY0T1METVHTV 0.00161597 0.00031148 0.000288392 9.90967e-06 0.00011655 6.35319e-06 7.60426e-06 8.3449e-06
scan charginogluino 300 1300 L3DY0T2METVHTV 0.000731624 0.000213593 0.000213341 1.20827e-06 2.41354e-06 7.68949e-06 0 6.41541e-06
scan charginogluino 300 1300 L3DY0T0METV 0.000441956 0.00017396 0.000168785 4.29854e-06 4.1895e-05 0 0 1.41694e-09
scan charginogluino 300 1300 L3DY0T1METV 0.00440794 0.000607042 0.000540639 1.93999e-05 0.000270979 1.57663e-05 3.135e-05 3.4224e-05
scan charginogluino 300 1300 L3DY0T2METV 0.000657128 0.000194023 0.000193689 1.43668e-06 1.33543e-06 9.71713e-06 0 5.57982e-06
scan charginogluino 300 1300 L3DY0T0HTV 0 5.096e-07 5.096e-07 0 0 0 0 0
scan charginogluino 300 1300 L3DY0T1HTV 0.000149556 0.00014961 0.000149557 0 2.24983e-06 0 3.29522e-06 8.8577e-08
scan charginogluino 300 1300 L3DY0T2HTV 2.27441e-05 2.27499e-05 2.27484e-05 0 0 1.38632e-07 0 2.18927e-07
scan charginogluino 300 1300 L3DY0T0 0.00137141 0.000569717 0.00056844 1.01637e-05 3.67443e-05 0 0 4.34143e-09
scan charginogluino 300 1300 L3DY0T1 0.00102422 0.000258248 0.000254386 4.80867e-06 4.30709e-05 7.59258e-06 2.41285e-06 6.15343e-06
scan charginogluino 300 1300 L3DY0T2 3.8093e-05 3.80991e-05 3.80955e-05 0 2.7466e-07 2.58425e-07 0 3.6667e-07
scan charginogluino 300 1300 L3DY1T0METVHTVZV 0.00343819 0.000559596 0.000507134 2.69294e-05 0.000235027 0 0 4.64353e-08
scan charginogluino 300 1300 L3DY1T1METVHTVZV 0.00219794 0.000409278 0.000408271 9.21273e-06 2.25165e-05 1.48443e-05 1.68207e-06 2.8765e-06
scan charginogluino 300 1300 L3DY1T0METVHTV 0.00451638 0.000959557 0.0007491 2.54023e-05 0.000599128 0 0 2.32039e-07
scan charginogluino 300 1300 L3DY1T1METVHTV 0.00117659 0.000245518 0.000244091 2.28537e-06 2.48317e-05 4.19557e-06 7.53194e-06 1.52856e-06
scan charginogluino 300 1300 L3DY1T0METVZV 0.00661083 0.000791906 0.00060659 5.43445e-05 0.000506171 0 0 2.81357e-07
scan charginogluino 300 1300 L3DY1T1METVZV 0.00374028 0.000537608 0.000507497 1.45799e-05 0.000173641 2.32276e-05 1.49099e-05 1.85078e-05
scan charginogluino 300 1300 L3DY1T0METV 0.00521437 0.000689058 0.00063028 2.34949e-05 0.00027748 0 0 6.31663e-07
scan charginogluino 300 1300 L3DY1T1METV 0.000988668 0.00022335 0.000216269 4.68509e-06 5.53377e-05 4.46689e-06 1.30513e-06 2.68787e-06
scan charginogluino 300 1300 L3DY1T0HTVZV 2.70829e-06 2.91147e-06 2.74401e-06 1.15346e-08 9.73111e-07 0 0 3.84424e-11
scan charginogluino 300 1300 L3DY1T1HTVZV 7.44105e-05 7.44282e-05 7.44118e-05 0 1.07613e-06 1.12946e-06 0 2.89578e-09
scan charginogluino 300 1300 L3DY1T0HTV 0.000226864 0.000133847 0.000131539 1.29464e-06 2.47152e-05 0 0 2.83395e-10
scan charginogluino 300 1300 L3DY1T1HTV 3.68329e-05 3.68364e-05 3.68355e-05 2.24508e-07 0 1.1227e-07 0 1.18449e-08
scan charginogluino 300 1300 L3DY1T0ZV 0.00301314 0.000724488 0.000608951 1.27536e-05 0.0003923 0 0 1.76041e-08
scan charginogluino 300 1300 L3DY1T1ZV 0.000664902 0.000196344 0.000195331 3.42489e-06 1.70372e-05 5.02803e-06 7.48346e-06 3.67877e-06
scan charginogluino 300 1300 L3DY1T0 0.00172995 0.000340292 0.000317491 1.05441e-05 0.000122013 0 0 6.31843e-09
scan charginogluino 300 1300 L3DY1T1 0.000842219 0.000260568 0.000249928 1.2815e-06 7.30669e-05 5.19459e-06 7.55586e-06 2.714e-06
