model coNLSP
parameter coNLSP 3
parameter kFactorProcessWeighted true
scan charginogluino 650 2200 LOXSEC 0.008725
scan charginogluino 650 2200 L4T0METVHTVZV 0.000167801 2.00848e-05 1.98091e-05 1.3922e-06 3.01048e-06 0 0 1.24993e-14
scan charginogluino 650 2200 L4T1METVHTVZV 8.6501e-05 1.56074e-05 1.52914e-05 4.85598e-07 3.02699e-06 2.45695e-07 5.54114e-07 1.81316e-09
scan charginogluino 650 2200 L4T2METVHTVZV 2.64464e-05 9.8595e-06 9.84944e-06 5.74413e-08 3.49373e-07 2.5696e-07 0 8.31111e-08
scan charginogluino 650 2200 L4T0METVHTV 5.68482e-05 1.296e-05 1.28858e-05 5.28254e-07 1.28018e-06 0 0 6.43309e-15
scan charginogluino 650 2200 L4T1METVHTV 7.4865e-06 3.64256e-06 3.52139e-06 1.45189e-08 9.31296e-07 2.32878e-08 0 2.66e-12
scan charginogluino 650 2200 L4T2METVHTV 0 2.13718e-08 2.13718e-08 0 0 0 0 0
scan charginogluino 650 2200 L4T0METVZV 0.000551641 3.97683e-05 3.68237e-05 4.62102e-06 1.42892e-05 0 0 3.51853e-13
scan charginogluino 650 2200 L4T1METVZV 0.000181251 2.06783e-05 1.91705e-05 9.31506e-07 7.62768e-06 7.25839e-07 7.14127e-07 7.21963e-10
scan charginogluino 650 2200 L4T2METVZV 8.6692e-05 1.50938e-05 1.48292e-05 2.77431e-07 2.7118e-06 6.43999e-07 2.50546e-07 9.15408e-08
scan charginogluino 650 2200 L4T0METV 0.000154208 1.71509e-05 1.64562e-05 1.35617e-06 4.63789e-06 0 0 4.34728e-15
scan charginogluino 650 2200 L4T1METV 2.64741e-05 8.34586e-06 8.30781e-06 9.5564e-08 7.77114e-07 9.73233e-08 1.05185e-07 5.77823e-09
scan charginogluino 650 2200 L4T2METV 1.67398e-06 1.68815e-06 1.67409e-06 0 2.16618e-07 1.02034e-08 0 1.5218e-08
scan charginogluino 650 2200 L4T0HTVZV 7.77901e-06 4.54399e-06 4.52038e-06 5.40641e-08 4.59533e-07 0 0 1.12522e-16
scan charginogluino 650 2200 L4T1HTVZV 9.48333e-06 5.53015e-06 5.47567e-06 1.94163e-08 7.70861e-07 1.94165e-08 6.84251e-08 4.30732e-13
scan charginogluino 650 2200 L4T2HTVZV 0 2.13718e-08 2.13718e-08 0 0 0 0 0
scan charginogluino 650 2200 L4T0HTV 3.9271e-07 3.93127e-07 3.93097e-07 4.80675e-09 0 0 0 1.26424e-16
scan charginogluino 650 2200 L4T1HTV 2.98006e-06 2.98049e-06 2.98015e-06 9.07238e-09 4.30983e-08 9.07238e-09 0 3.59745e-13
scan charginogluino 650 2200 L4T2HTV 0 2.13718e-08 2.13718e-08 0 0 0 0 0
scan charginogluino 650 2200 L4T0ZV 2.66661e-05 7.05654e-06 7.04802e-06 2.10066e-07 2.75886e-07 0 0 2.30612e-17
scan charginogluino 650 2200 L4T1ZV 1.15366e-05 5.04945e-06 5.01016e-06 1.04402e-07 6.17552e-07 2.88318e-08 4.59842e-08 5.83794e-11
scan charginogluino 650 2200 L4T2ZV 8.78387e-06 4.66711e-06 4.62993e-06 3.30597e-08 5.79641e-07 9.21548e-08 0 7.3252e-09
scan charginogluino 650 2200 L4T0 2.23998e-05 1.22916e-05 1.2289e-05 2.3591e-07 8.98263e-08 0 0 1.36079e-19
scan charginogluino 650 2200 L4T1 4.28475e-07 3.59928e-07 3.59807e-07 2.37419e-09 8.80347e-09 1.06746e-09 1.71505e-09 6.45691e-13
scan charginogluino 650 2200 L4T2 0 2.13718e-08 2.13718e-08 0 0 0 0 0
scan charginogluino 650 2200 L3DY0T0METVHTV 1.37196e-05 4.89713e-06 4.8905e-06 1.11299e-07 2.29183e-07 0 0 3.78452e-11
scan charginogluino 650 2200 L3DY0T1METVHTV 4.49346e-05 1.02307e-05 1.00924e-05 1.06649e-07 1.64403e-06 1.33394e-07 2.622e-07 9.99821e-08
scan charginogluino 650 2200 L3DY0T2METVHTV 1.05862e-05 4.05e-06 4.04786e-06 1.93183e-08 3.05757e-08 8.68369e-08 0 9.1875e-08
scan charginogluino 650 2200 L3DY0T0METV 1.47278e-05 8.50426e-06 8.50311e-06 8.977e-08 1.06633e-07 0 0 1.45167e-11
scan charginogluino 650 2200 L3DY0T1METV 6.12771e-05 1.64243e-05 1.63534e-05 4.41017e-07 1.33736e-06 1.21286e-07 5.63935e-07 7.56432e-08
scan charginogluino 650 2200 L3DY0T2METV 3.02643e-05 1.01717e-05 1.01652e-05 6.00621e-08 7.59625e-08 2.31355e-07 0 2.60149e-07
scan charginogluino 650 2200 L3DY0T0HTV 0 1.745e-08 1.745e-08 0 0 0 0 0
scan charginogluino 650 2200 L3DY0T1HTV 0 2.4678e-08 2.4678e-08 0 0 0 0 0
scan charginogluino 650 2200 L3DY0T2HTV 0 1.745e-08 1.745e-08 0 0 0 0 0
scan charginogluino 650 2200 L3DY0T0 0 1.745e-08 1.745e-08 0 0 0 0 0
scan charginogluino 650 2200 L3DY0T1 5.39664e-06 3.8171e-06 3.81607e-06 1.64293e-08 6.10339e-08 6.16422e-08 0 8.28975e-09
scan charginogluino 650 2200 L3DY0T2 1.11851e-06 1.11871e-06 1.11861e-06 0 8.06473e-09 6.86938e-09 0 1.07664e-08
scan charginogluino 650 2200 L3DY1T0METVHTVZV 7.23517e-05 1.18454e-05 1.16095e-05 3.17758e-07 2.3305e-06 0 0 3.39224e-11
scan charginogluino 650 2200 L3DY1T1METVHTVZV 5.56321e-05 1.06378e-05 1.06054e-05 1.96532e-07 6.63851e-07 1.77425e-07 4.20949e-07 4.01112e-08
scan charginogluino 650 2200 L3DY1T0METVHTV 1.41269e-05 5.67051e-06 5.61838e-06 6.67953e-08 7.64286e-07 0 0 1.68694e-11
scan charginogluino 650 2200 L3DY1T1METVHTV 6.14057e-06 4.34228e-06 4.34207e-06 3.74727e-08 0 1.86941e-08 0 8.45234e-09
scan charginogluino 650 2200 L3DY1T0METVZV 8.07011e-05 1.38599e-05 1.38223e-05 4.69286e-07 9.06248e-07 0 0 1.04311e-09
scan charginogluino 650 2200 L3DY1T1METVZV 5.85421e-05 1.02697e-05 1.02334e-05 1.60751e-07 6.99513e-07 2.55165e-07 4.02775e-07 3.67805e-08
scan charginogluino 650 2200 L3DY1T0METV 3.35004e-06 1.5341e-06 1.53145e-06 2.13898e-08 8.75325e-08 0 0 2.98927e-12
scan charginogluino 650 2200 L3DY1T1METV 7.44222e-06 3.7363e-06 3.73572e-06 2.57488e-08 4.90452e-08 3.51181e-08 0 6.64626e-09
scan charginogluino 650 2200 L3DY1T0HTVZV 4.99258e-06 2.82708e-06 2.81972e-06 2.39536e-08 2.02474e-07 0 0 1.32542e-12
scan charginogluino 650 2200 L3DY1T1HTVZV 6.09171e-06 4.33384e-06 4.33248e-06 0 8.96787e-08 1.02726e-08 5.98735e-08 1.74074e-09
scan charginogluino 650 2200 L3DY1T0HTV 0 1.745e-08 1.745e-08 0 0 0 0 0
scan charginogluino 650 2200 L3DY1T1HTV 0 1.745e-08 1.745e-08 0 0 0 0 0
scan charginogluino 650 2200 L3DY1T0ZV 8.96883e-08 9.0972e-08 9.09525e-08 1.36136e-09 1.29708e-09 0 0 3.49033e-12
scan charginogluino 650 2200 L3DY1T1ZV 1.88921e-06 1.3528e-06 1.35226e-06 0 1.64567e-08 2.23819e-08 2.40771e-08 1.01903e-08
scan charginogluino 650 2200 L3DY1T0 2.23786e-06 2.27451e-06 2.23791e-06 0 4.06437e-07 0 0 2.27643e-13
scan charginogluino 650 2200 L3DY1T1 0 1.745e-08 1.745e-08 0 0 0 0 0
