model coNLSP
parameter coNLSP 3
parameter kFactorProcessWeighted true
scan charginogluino 550 1950 LOXSEC 0.0191
scan charginogluino 550 1950 L4T0METVHTVZV 0.000300353 3.63677e-05 3.5469e-05 2.23241e-06 7.71886e-06 0 0 6.62107e-15
scan charginogluino 550 1950 L4T1METVHTVZV 0.000126873 2.35682e-05 2.28563e-05 6.87919e-07 5.67515e-06 4.54338e-07 4.05569e-07 1.37164e-08
scan charginogluino 550 1950 L4T2METVHTVZV 0.000103039 2.72064e-05 2.71036e-05 7.0139e-07 1.98303e-06 6.99575e-07 7.87865e-07 2.20439e-07
scan charginogluino 550 1950 L4T0METVHTV 9.23379e-05 2.25086e-05 2.17854e-05 8.13485e-07 5.60094e-06 0 0 4.28369e-16
scan charginogluino 550 1950 L4T1METVHTV 2.8323e-05 1.41584e-05 1.37963e-05 1.2208e-07 3.16983e-06 2.45751e-07 4.24116e-09 3.97803e-12
scan charginogluino 550 1950 L4T2METVHTV 0 4.67853e-08 4.67853e-08 0 0 0 0 0
scan charginogluino 550 1950 L4T0METVZV 0.00147909 0.000108137 8.52674e-05 1.12767e-05 6.55432e-05 0 0 6.22295e-12
scan charginogluino 550 1950 L4T1METVZV 0.000596215 5.3529e-05 5.13053e-05 3.02873e-06 1.47411e-05 2.07009e-06 1.53743e-06 8.55095e-10
scan charginogluino 550 1950 L4T2METVZV 0.000205428 3.10624e-05 3.00374e-05 7.59809e-07 7.57005e-06 1.9203e-06 9.68905e-07 3.42034e-07
scan charginogluino 550 1950 L4T0METV 0.000585018 5.04048e-05 4.86723e-05 5.48194e-06 1.18996e-05 0 0 5.14059e-13
scan charginogluino 550 1950 L4T1METV 0.000138087 2.57197e-05 2.41033e-05 7.70052e-07 8.91157e-06 5.40461e-07 4.85991e-07 1.07752e-08
scan charginogluino 550 1950 L4T2METV 3.48969e-06 2.46856e-06 2.46796e-06 0 5.04683e-08 2.12706e-08 0 1.10132e-09
scan charginogluino 550 1950 L4T0HTVZV 5.17675e-05 2.3304e-05 2.32232e-05 3.08139e-07 1.91379e-06 0 0 3.92766e-16
scan charginogluino 550 1950 L4T1HTVZV 1.26489e-05 9.25446e-06 9.24941e-06 7.31361e-08 1.01754e-07 0 2.78698e-07 3.6327e-12
scan charginogluino 550 1950 L4T2HTVZV 2.79604e-06 2.18796e-06 2.18762e-06 6.27777e-09 2.55009e-08 2.79966e-08 0 3.04316e-09
scan charginogluino 550 1950 L4T0HTV 6.4976e-06 6.4982e-06 6.49771e-06 7.93801e-08 0 0 0 1.86932e-21
scan charginogluino 550 1950 L4T1HTV 0 5.4023e-08 5.4023e-08 0 0 0 0 0
scan charginogluino 550 1950 L4T2HTV 0 4.67853e-08 4.67853e-08 0 0 0 0 0
scan charginogluino 550 1950 L4T0ZV 0.000110267 2.63446e-05 2.61618e-05 9.92013e-07 2.9352e-06 0 0 5.86105e-15
scan charginogluino 550 1950 L4T1ZV 5.13679e-05 1.61907e-05 1.6102e-05 3.65042e-07 1.64137e-06 1.98292e-07 3.69772e-09 2.15225e-09
scan charginogluino 550 1950 L4T2ZV 2.82249e-06 1.99719e-06 1.99626e-06 0 4.08191e-08 4.52375e-08 0 1.09841e-10
scan charginogluino 550 1950 L4T0 1.80134e-05 7.90411e-06 7.89384e-06 1.64116e-07 3.67865e-07 0 0 1.04034e-21
scan charginogluino 550 1950 L4T1 2.37256e-05 1.1613e-05 1.16092e-05 1.90595e-07 2.10987e-07 7.83065e-08 4.19402e-08 3.28701e-11
scan charginogluino 550 1950 L4T2 0 4.67853e-08 4.67853e-08 0 0 0 0 0
scan charginogluino 550 1950 L3DY0T0METVHTV 1.05528e-05 5.04103e-06 5.03176e-06 7.47835e-08 2.96318e-07 0 0 3.45516e-11
scan charginogluino 550 1950 L3DY0T1METVHTV 4.34509e-05 1.41513e-05 1.39907e-05 2.36625e-07 2.06007e-06 2.10355e-07 3.97586e-07 1.34652e-07
scan charginogluino 550 1950 L3DY0T2METVHTV 4.94597e-05 1.55024e-05 1.54907e-05 9.36307e-08 1.34863e-07 3.90151e-07 0 4.27499e-07
scan charginogluino 550 1950 L3DY0T0METV 4.79386e-05 1.55366e-05 1.54339e-05 4.04166e-07 1.73703e-06 0 0 1.04032e-10
scan charginogluino 550 1950 L3DY0T1METV 0.000106974 2.09313e-05 2.03455e-05 2.96924e-07 4.87645e-06 4.45292e-07 1.31284e-07 3.06243e-07
scan charginogluino 550 1950 L3DY0T2METV 4.237e-05 1.35333e-05 1.35182e-05 7.21469e-08 1.07166e-07 5.09281e-07 0 3.64387e-07
scan charginogluino 550 1950 L3DY0T0HTV 0 3.82e-08 3.82e-08 0 0 0 0 0
scan charginogluino 550 1950 L3DY0T1HTV 8.368e-07 8.38415e-07 8.38324e-07 0 1.21019e-08 2.54752e-09 0 3.25651e-11
scan charginogluino 550 1950 L3DY0T2HTV 0 3.82e-08 3.82e-08 0 0 0 0 0
scan charginogluino 550 1950 L3DY0T0 8.92511e-06 8.92558e-06 8.92517e-06 5.44009e-08 6.66821e-08 0 0 1.27763e-11
scan charginogluino 550 1950 L3DY0T1 1.49409e-05 8.89444e-06 8.88012e-06 4.54856e-08 4.94187e-07 3.5877e-08 7.18098e-08 4.3055e-08
scan charginogluino 550 1950 L3DY0T2 0 3.82e-08 3.82e-08 0 0 0 0 0
scan charginogluino 550 1950 L3DY1T0METVHTVZV 0.00027707 3.67877e-05 3.55192e-05 1.3318e-06 9.48403e-06 0 0 1.00055e-08
scan charginogluino 550 1950 L3DY1T1METVHTVZV 0.000113356 2.3402e-05 2.33446e-05 3.49423e-07 1.42153e-06 6.5576e-07 3.17897e-07 9.74222e-08
scan charginogluino 550 1950 L3DY1T0METVHTV 3.73821e-05 1.58324e-05 1.57837e-05 3.27629e-07 1.1963e-06 0 0 8.35296e-11
scan charginogluino 550 1950 L3DY1T1METVHTV 0 3.82e-08 3.82e-08 0 0 0 0 0
scan charginogluino 550 1950 L3DY1T0METVZV 0.000221628 3.32828e-05 3.14092e-05 1.12862e-06 1.09513e-05 0 0 1.85454e-10
scan charginogluino 550 1950 L3DY1T1METVZV 0.00021292 3.43852e-05 3.35326e-05 5.03816e-07 7.48951e-06 1.04546e-06 6.07967e-07 3.07522e-07
scan charginogluino 550 1950 L3DY1T0METV 3.82088e-05 1.14925e-05 1.12094e-05 3.50791e-07 2.51071e-06 0 0 7.93826e-10
scan charginogluino 550 1950 L3DY1T1METV 2.27816e-05 1.23805e-05 1.23763e-05 9.33371e-08 2.11216e-07 9.21122e-08 1.91276e-07 8.68429e-08
scan charginogluino 550 1950 L3DY1T0HTVZV 1.13293e-05 6.41052e-06 6.40617e-06 8.37662e-08 2.20885e-07 0 0 9.75108e-12
scan charginogluino 550 1950 L3DY1T1HTVZV 1.27681e-05 1.04355e-05 1.04305e-05 0 2.33416e-07 0 2.22042e-07 1.98576e-09
scan charginogluino 550 1950 L3DY1T0HTV 0 3.82e-08 3.82e-08 0 0 0 0 0
scan charginogluino 550 1950 L3DY1T1HTV 1.87348e-07 1.90274e-07 1.90246e-07 0 2.70944e-09 1.80341e-09 0 7.29088e-12
scan charginogluino 550 1950 L3DY1T0ZV 1.33806e-05 9.39554e-06 9.39436e-06 1.37545e-07 5.67681e-08 0 0 1.84021e-09
scan charginogluino 550 1950 L3DY1T1ZV 2.59944e-05 1.05126e-05 1.04771e-05 1.3044e-07 8.42883e-07 7.54071e-08 1.08995e-07 9.60298e-09
scan charginogluino 550 1950 L3DY1T0 6.34427e-06 4.51796e-06 4.51744e-06 3.24743e-08 6.08498e-08 0 0 1.61756e-12
scan charginogluino 550 1950 L3DY1T1 0 3.82e-08 3.82e-08 0 0 0 0 0
