model coNLSP
parameter coNLSP 3
parameter kFactorProcessWeighted true
scan charginogluino 650 1850 LOXSEC 0.009315
scan charginogluino 650 1850 L4T0METVHTVZV 0.000301846 2.88195e-05 2.64925e-05 2.14627e-06 1.11403e-05 0 0 2.80879e-14
scan charginogluino 650 1850 L4T1METVHTVZV 0.000141106 1.9808e-05 1.9327e-05 6.75208e-07 4.21104e-06 6.35473e-07 4.8351e-07 1.08747e-08
scan charginogluino 650 1850 L4T2METVHTVZV 8.2672e-05 1.45103e-05 1.42612e-05 2.55865e-07 2.5829e-06 5.4113e-07 3.6386e-07 7.41527e-08
scan charginogluino 650 1850 L4T0METVHTV 6.73963e-05 1.18271e-05 1.16347e-05 5.47674e-07 2.05275e-06 0 0 2.88046e-15
scan charginogluino 650 1850 L4T1METVHTV 3.04696e-05 9.5142e-06 9.50172e-06 8.1313e-08 4.58829e-07 1.11513e-07 8.79019e-08 5.64542e-09
scan charginogluino 650 1850 L4T2METVHTV 7.16294e-07 5.09364e-07 5.08827e-07 6.84375e-09 1.30093e-08 7.46351e-09 1.6003e-08 4.33825e-09
scan charginogluino 650 1850 L4T0METVZV 0.000533599 3.86724e-05 3.6051e-05 4.30652e-06 1.33167e-05 0 0 7.24303e-14
scan charginogluino 650 1850 L4T1METVZV 0.000201543 2.29972e-05 2.22109e-05 1.07512e-06 5.75153e-06 7.14553e-07 8.96169e-07 5.11104e-09
scan charginogluino 650 1850 L4T2METVZV 4.44106e-05 9.79662e-06 9.64293e-06 1.05866e-07 1.70071e-06 2.72714e-07 6.18727e-08 7.5374e-08
scan charginogluino 650 1850 L4T0METV 0.00014502 1.79385e-05 1.75953e-05 1.33863e-06 3.22534e-06 0 0 1.00056e-15
scan charginogluino 650 1850 L4T1METV 2.09442e-05 7.65181e-06 7.62335e-06 8.82098e-08 6.35124e-07 4.521e-08 1.46825e-07 1.24734e-11
scan charginogluino 650 1850 L4T2METV 1.37229e-06 1.3732e-06 1.37245e-06 0 4.47159e-08 8.3645e-09 0 8.12764e-10
scan charginogluino 650 1850 L4T0HTVZV 6.70898e-06 4.02787e-06 4.02551e-06 4.49947e-08 1.30533e-07 0 0 4.86233e-18
scan charginogluino 650 1850 L4T1HTVZV 2.22259e-06 2.22336e-06 2.22273e-06 1.35473e-08 1.60473e-08 0 4.89712e-08 3.18165e-12
scan charginogluino 650 1850 L4T2HTVZV 2.5651e-06 1.81438e-06 1.81392e-06 1.72661e-08 0 3.6859e-08 0 3.53079e-09
scan charginogluino 650 1850 L4T0HTV 1.04991e-07 1.06651e-07 1.06631e-07 9.60959e-10 1.84894e-09 0 0 5.18746e-18
scan charginogluino 650 1850 L4T1HTV 0 2.63468e-08 2.63468e-08 0 0 0 0 0
scan charginogluino 650 1850 L4T2HTV 0 2.2817e-08 2.2817e-08 0 0 0 0 0
scan charginogluino 650 1850 L4T0ZV 4.35516e-05 1.582e-05 1.57955e-05 4.1815e-07 7.74521e-07 0 0 5.10511e-16
scan charginogluino 650 1850 L4T1ZV 1.13916e-06 8.06553e-07 8.05886e-07 4.47084e-09 3.16597e-08 7.32472e-09 0 5.97223e-13
scan charginogluino 650 1850 L4T2ZV 0 2.2817e-08 2.2817e-08 0 0 0 0 0
scan charginogluino 650 1850 L4T0 6.69778e-06 4.84059e-06 4.83999e-06 6.80637e-08 3.38926e-08 0 0 2.42307e-16
scan charginogluino 650 1850 L4T1 0 2.63468e-08 2.63468e-08 0 0 0 0 0
scan charginogluino 650 1850 L4T2 0 2.2817e-08 2.2817e-08 0 0 0 0 0
scan charginogluino 650 1850 L3DY0T0METVHTV 3.1713e-05 1.32939e-05 1.32219e-05 4.34894e-07 1.31117e-06 0 0 3.10462e-10
scan charginogluino 650 1850 L3DY0T1METVHTV 6.72622e-05 1.41578e-05 1.40949e-05 2.05294e-07 1.28379e-06 2.00284e-07 1.41814e-07 1.64473e-07
scan charginogluino 650 1850 L3DY0T2METVHTV 2.65051e-05 6.81442e-06 6.8066e-06 2.89635e-08 1.22512e-07 1.81765e-07 0 2.40101e-07
scan charginogluino 650 1850 L3DY0T0METV 1.01481e-05 5.17398e-06 5.1731e-06 8.44753e-08 4.38503e-08 0 0 1.44509e-11
scan charginogluino 650 1850 L3DY0T1METV 2.9633e-05 7.39376e-06 7.3426e-06 1.49286e-07 8.4085e-07 1.41625e-07 4.69995e-08 4.73891e-08
scan charginogluino 650 1850 L3DY0T2METV 1.95252e-05 5.98954e-06 5.9826e-06 3.34394e-08 5.60092e-08 2.23909e-07 0 1.6937e-07
scan charginogluino 650 1850 L3DY0T0HTV 0 1.863e-08 1.863e-08 0 0 0 0 0
scan charginogluino 650 1850 L3DY0T1HTV 0 2.63468e-08 2.63468e-08 0 0 0 0 0
scan charginogluino 650 1850 L3DY0T2HTV 0 1.863e-08 1.863e-08 0 0 0 0 0
scan charginogluino 650 1850 L3DY0T0 0 1.863e-08 1.863e-08 0 0 0 0 0
scan charginogluino 650 1850 L3DY0T1 5.58403e-06 3.98273e-06 3.98216e-06 9.61098e-09 6.32869e-08 2.02373e-08 0 2.03891e-09
scan charginogluino 650 1850 L3DY0T2 0 1.863e-08 1.863e-08 0 0 0 0 0
scan charginogluino 650 1850 L3DY1T0METVHTVZV 0.000190886 2.21969e-05 2.15874e-05 8.78157e-07 5.09069e-06 0 0 1.96908e-10
scan charginogluino 650 1850 L3DY1T1METVHTVZV 0.000104693 1.51027e-05 1.5068e-05 4.08067e-07 7.89192e-07 3.31171e-07 3.81812e-07 5.81255e-08
scan charginogluino 650 1850 L3DY1T0METVHTV 1.30218e-05 4.44333e-06 4.43748e-06 7.61788e-08 2.14854e-07 0 0 5.8158e-12
scan charginogluino 650 1850 L3DY1T1METVHTV 2.00142e-05 1.35511e-05 1.35436e-05 7.86262e-08 4.37594e-07 5.27249e-08 5.93957e-08 7.13946e-09
scan charginogluino 650 1850 L3DY1T0METVZV 8.1092e-05 1.38687e-05 1.35765e-05 4.00487e-07 2.8035e-06 0 0 2.96738e-11
scan charginogluino 650 1850 L3DY1T1METVZV 5.79047e-05 1.06817e-05 1.06592e-05 2.47564e-07 4.39916e-07 3.69922e-07 2.93814e-07 3.26039e-08
scan charginogluino 650 1850 L3DY1T0METV 1.39282e-05 6.65818e-06 6.65683e-06 1.00033e-07 8.93003e-08 0 0 5.08888e-12
scan charginogluino 650 1850 L3DY1T1METV 1.38803e-05 9.70137e-06 9.699e-06 7.39273e-08 2.5333e-08 1.48021e-08 1.98701e-07 3.96855e-09
scan charginogluino 650 1850 L3DY1T0HTVZV 8.93345e-06 4.46769e-06 4.46714e-06 7.03212e-08 0 0 0 9.77822e-12
scan charginogluino 650 1850 L3DY1T1HTVZV 4.20917e-06 2.97701e-06 2.97638e-06 2.5656e-08 0 5.57222e-08 0 1.35361e-09
scan charginogluino 650 1850 L3DY1T0HTV 0 1.863e-08 1.863e-08 0 0 0 0 0
scan charginogluino 650 1850 L3DY1T1HTV 0 1.863e-08 1.863e-08 0 0 0 0 0
scan charginogluino 650 1850 L3DY1T0ZV 1.05265e-07 1.06499e-07 1.06494e-07 6.41616e-10 7.58985e-10 0 0 9.89345e-15
scan charginogluino 650 1850 L3DY1T1ZV 0 1.863e-08 1.863e-08 0 0 0 0 0
scan charginogluino 650 1850 L3DY1T0 0 1.863e-08 1.863e-08 0 0 0 0 0
scan charginogluino 650 1850 L3DY1T1 8.0557e-07 8.05942e-07 8.05732e-07 4.91017e-09 0 0 1.77495e-08 2.59059e-10
