model coNLSP
parameter coNLSP 3
parameter kFactorProcessWeighted true
scan charginogluino 525 1850 LOXSEC 0.02344
scan charginogluino 525 1850 L4T0METVHTVZV 0.00044109 5.25064e-05 5.12463e-05 2.98561e-06 1.10373e-05 0 0 4.92685e-12
scan charginogluino 525 1850 L4T1METVHTVZV 0.000205982 4.30976e-05 3.71443e-05 1.0329e-06 2.18109e-05 6.85441e-07 6.77991e-07 5.92694e-10
scan charginogluino 525 1850 L4T2METVHTVZV 0.000117758 4.01406e-05 3.99454e-05 3.22051e-07 3.68359e-06 5.6505e-07 1.22853e-06 3.59433e-07
scan charginogluino 525 1850 L4T0METVHTV 0.000127731 2.58092e-05 2.56219e-05 1.63448e-06 2.63857e-06 0 0 3.3019e-14
scan charginogluino 525 1850 L4T1METVHTV 1.86601e-05 1.09462e-05 1.09446e-05 1.2554e-07 1.12532e-07 5.02544e-08 6.3402e-08 2.6314e-11
scan charginogluino 525 1850 L4T2METVHTV 7.22786e-06 4.66625e-06 4.66243e-06 1.07186e-08 1.19809e-07 1.40973e-07 0 3.54724e-08
scan charginogluino 525 1850 L4T0METVZV 0.0020811 0.000125757 0.000112769 1.75755e-05 5.28123e-05 0 0 1.55608e-11
scan charginogluino 525 1850 L4T1METVZV 0.000889516 7.94618e-05 7.11456e-05 4.57366e-06 3.47023e-05 2.78179e-06 4.42404e-06 4.32433e-09
scan charginogluino 525 1850 L4T2METVZV 0.000176746 3.14136e-05 3.11607e-05 8.89246e-07 3.55458e-06 1.21743e-06 8.89342e-07 3.54802e-07
scan charginogluino 525 1850 L4T0METV 0.000936108 8.19355e-05 7.83596e-05 7.98779e-06 2.25698e-05 0 0 6.19856e-12
scan charginogluino 525 1850 L4T1METV 0.00016249 3.13546e-05 3.12855e-05 8.33386e-07 1.83291e-06 5.03167e-07 1.50742e-07 1.89662e-09
scan charginogluino 525 1850 L4T2METV 5.75668e-05 2.42774e-05 2.42641e-05 3.23546e-07 6.59135e-08 6.01034e-07 4.12596e-07 6.42665e-08
scan charginogluino 525 1850 L4T0HTVZV 2.11281e-05 1.18587e-05 1.16543e-05 1.35025e-07 2.18827e-06 0 0 6.6424e-17
scan charginogluino 525 1850 L4T1HTVZV 1.06292e-05 7.86324e-06 7.86084e-06 2.24726e-08 1.90607e-07 3.23596e-08 0 1.05272e-12
scan charginogluino 525 1850 L4T2HTVZV 0 5.7416e-08 5.7416e-08 0 0 0 0 0
scan charginogluino 525 1850 L4T0HTV 8.16152e-06 7.93255e-06 7.93194e-06 9.82808e-08 3.37122e-09 0 0 3.33742e-16
scan charginogluino 525 1850 L4T1HTV 6.40524e-06 6.40709e-06 6.40554e-06 0 1.39358e-07 1.95005e-08 0 6.51566e-13
scan charginogluino 525 1850 L4T2HTV 8.87538e-06 8.8759e-06 8.87553e-06 5.40979e-08 0 6.01994e-08 0 2.85419e-09
scan charginogluino 525 1850 L4T0ZV 0.000133625 2.6072e-05 2.55089e-05 6.99753e-07 5.34336e-06 0 0 1.11002e-15
scan charginogluino 525 1850 L4T1ZV 6.08303e-05 1.91106e-05 1.89279e-05 3.43871e-07 2.57476e-06 2.07473e-07 3.92885e-07 7.44435e-08
scan charginogluino 525 1850 L4T2ZV 1.60074e-05 9.58022e-06 9.57331e-06 7.73916e-08 4.79646e-08 1.82119e-07 3.01428e-07 6.04383e-09
scan charginogluino 525 1850 L4T0 2.86231e-05 9.11336e-06 9.09738e-06 2.89306e-07 4.55462e-07 0 0 1.09669e-15
scan charginogluino 525 1850 L4T1 0 6.62983e-08 6.62983e-08 0 0 0 0 0
scan charginogluino 525 1850 L4T2 0 5.7416e-08 5.7416e-08 0 0 0 0 0
scan charginogluino 525 1850 L3DY0T0METVHTV 3.78688e-05 1.36838e-05 1.36378e-05 3.1862e-07 1.07478e-06 0 0 2.62998e-11
scan charginogluino 525 1850 L3DY0T1METVHTV 0.000129345 2.64226e-05 2.61808e-05 5.23845e-07 3.47999e-06 3.51842e-07 3.83332e-07 2.59576e-07
scan charginogluino 525 1850 L3DY0T2METVHTV 3.61885e-05 1.22565e-05 1.22475e-05 7.76437e-08 7.70368e-08 3.35612e-07 0 3.08049e-07
scan charginogluino 525 1850 L3DY0T0METV 5.88753e-05 2.06609e-05 2.04787e-05 3.18867e-07 2.71927e-06 0 0 7.20928e-11
scan charginogluino 525 1850 L3DY0T1METV 0.00017338 3.18804e-05 3.06307e-05 6.441e-07 8.76418e-06 6.37949e-07 3.95163e-07 5.78515e-07
scan charginogluino 525 1850 L3DY0T2METV 9.38516e-05 3.19442e-05 3.18939e-05 1.00231e-07 4.00554e-07 1.52663e-06 0 8.42885e-07
scan charginogluino 525 1850 L3DY0T0HTV 7.19529e-06 7.19571e-06 7.1954e-06 6.58567e-08 0 0 0 3.24329e-12
scan charginogluino 525 1850 L3DY0T1HTV 6.03808e-06 6.04047e-06 6.0384e-06 5.81224e-08 4.51123e-08 2.57161e-08 0 1.37371e-07
scan charginogluino 525 1850 L3DY0T2HTV 0 4.688e-08 4.688e-08 0 0 0 0 0
scan charginogluino 525 1850 L3DY0T0 0 4.688e-08 4.688e-08 0 0 0 0 0
scan charginogluino 525 1850 L3DY0T1 7.4507e-06 5.57894e-06 5.57751e-06 3.91027e-08 1.4971e-08 6.29781e-09 1.18584e-07 4.90287e-09
scan charginogluino 525 1850 L3DY0T2 1.20172e-05 6.48548e-06 6.48385e-06 3.3862e-08 6.44841e-09 1.016e-07 0 9.81029e-08
scan charginogluino 525 1850 L3DY1T0METVHTVZV 0.000366496 5.15768e-05 4.9101e-05 1.88001e-06 1.56756e-05 0 0 2.07313e-09
scan charginogluino 525 1850 L3DY1T1METVHTVZV 0.000224066 3.83213e-05 3.80665e-05 9.63421e-07 4.12954e-06 8.37661e-07 8.23583e-07 3.10155e-07
scan charginogluino 525 1850 L3DY1T0METVHTV 6.48436e-05 2.53307e-05 2.52106e-05 4.9083e-07 2.41389e-06 0 0 4.73568e-11
scan charginogluino 525 1850 L3DY1T1METVHTV 2.13485e-06 2.13538e-06 2.13523e-06 2.33909e-08 0 6.49925e-09 0 5.19059e-09
scan charginogluino 525 1850 L3DY1T0METVZV 0.000436671 5.47459e-05 5.24288e-05 2.29119e-06 1.55909e-05 0 0 2.63166e-09
scan charginogluino 525 1850 L3DY1T1METVZV 0.000321712 4.11748e-05 4.09298e-05 1.3477e-06 3.76106e-06 1.64605e-06 1.04425e-06 5.93003e-07
scan charginogluino 525 1850 L3DY1T0METV 0.000127618 3.65155e-05 3.64457e-05 1.29862e-06 1.84651e-06 0 0 5.06465e-10
scan charginogluino 525 1850 L3DY1T1METV 4.19575e-05 1.48807e-05 1.48561e-05 1.11636e-07 7.25185e-07 3.63205e-07 8.9021e-08 2.31422e-07
scan charginogluino 525 1850 L3DY1T0HTVZV 5.2944e-05 2.40535e-05 2.40229e-05 2.22563e-07 1.19095e-06 0 0 2.89574e-11
scan charginogluino 525 1850 L3DY1T1HTVZV 1.04339e-05 1.04373e-05 1.0434e-05 0 1.50897e-07 2.13472e-07 0 4.06049e-10
scan charginogluino 525 1850 L3DY1T0HTV 9.56244e-07 9.57238e-07 9.57105e-07 1.43994e-08 6.89477e-09 0 0 1.82177e-10
scan charginogluino 525 1850 L3DY1T1HTV 3.64101e-06 3.64132e-06 3.64123e-06 2.21929e-08 0 1.10849e-08 0 1.17089e-09
scan charginogluino 525 1850 L3DY1T0ZV 1.66941e-05 8.01938e-06 7.94737e-06 1.98424e-08 1.07213e-06 0 0 3.93124e-12
scan charginogluino 525 1850 L3DY1T1ZV 1.47884e-05 7.80783e-06 7.80183e-06 5.10156e-08 2.29428e-07 1.34305e-07 1.27007e-07 6.60595e-08
scan charginogluino 525 1850 L3DY1T0 3.22768e-06 3.37758e-06 3.22793e-06 0 9.94239e-07 0 0 3.28332e-13
scan charginogluino 525 1850 L3DY1T1 0 4.688e-08 4.688e-08 0 0 0 0 0
