model coNLSP
parameter coNLSP 3
parameter kFactorProcessWeighted true
scan charginogluino 500 1650 LOXSEC 0.03048
scan charginogluino 500 1650 L4T0METVHTVZV 0.00119844 0.000101718 9.63446e-05 9.53427e-06 3.11993e-05 0 0 1.87711e-12
scan charginogluino 500 1650 L4T1METVHTVZV 0.000552997 7.68066e-05 7.15054e-05 3.22668e-06 2.76443e-05 1.98815e-06 2.76936e-06 6.46928e-09
scan charginogluino 500 1650 L4T2METVHTVZV 0.000247918 4.25609e-05 4.19563e-05 7.38194e-07 6.83591e-06 1.62872e-06 8.69439e-07 6.43481e-07
scan charginogluino 500 1650 L4T0METVHTV 0.000403743 5.70004e-05 5.38634e-05 3.68808e-06 1.82805e-05 0 0 1.52501e-13
scan charginogluino 500 1650 L4T1METVHTV 9.64267e-05 2.56119e-05 2.52976e-05 6.3297e-07 3.81894e-06 2.08147e-07 9.86793e-07 1.25e-10
scan charginogluino 500 1650 L4T2METVHTV 1.62902e-05 9.40868e-06 9.40644e-06 3.38016e-08 1.75948e-07 9.97091e-08 0 5.1743e-09
scan charginogluino 500 1650 L4T0METVZV 0.00215696 0.000149473 0.000128625 1.89155e-05 7.37571e-05 0 0 8.74998e-13
scan charginogluino 500 1650 L4T1METVZV 0.00110718 0.000106414 9.54705e-05 5.50246e-06 4.61974e-05 4.4797e-06 4.98713e-06 2.44755e-08
scan charginogluino 500 1650 L4T2METVZV 0.000276754 4.53357e-05 4.47995e-05 5.63379e-07 6.42946e-06 2.10908e-06 1.43868e-06 3.86941e-07
scan charginogluino 500 1650 L4T0METV 0.000982167 8.48267e-05 8.00251e-05 8.68521e-06 2.67604e-05 0 0 2.33523e-11
scan charginogluino 500 1650 L4T1METV 0.000314635 5.87525e-05 5.81375e-05 2.40882e-06 7.99048e-06 1.21022e-06 8.79974e-07 4.03045e-09
scan charginogluino 500 1650 L4T2METV 1.69288e-05 1.06079e-05 1.0431e-05 2.41181e-07 1.91021e-06 1.03207e-07 0 6.11912e-08
scan charginogluino 500 1650 L4T0HTVZV 1.21861e-06 1.22044e-06 1.22014e-06 7.42778e-09 2.62857e-08 0 0 2.07266e-18
scan charginogluino 500 1650 L4T1HTVZV 3.87042e-05 1.74227e-05 1.74132e-05 1.79054e-07 4.81382e-07 2.57603e-07 0 1.50174e-11
scan charginogluino 500 1650 L4T2HTVZV 0 7.46604e-08 7.46604e-08 0 0 0 0 0
scan charginogluino 500 1650 L4T0HTV 3.08262e-05 2.70473e-05 2.65407e-05 1.40118e-07 5.20811e-06 0 0 3.23111e-21
scan charginogluino 500 1650 L4T1HTV 5.35053e-06 5.35172e-06 5.35114e-06 1.62889e-08 7.73799e-08 0 0 4.22168e-14
scan charginogluino 500 1650 L4T2HTV 0 7.46604e-08 7.46604e-08 0 0 0 0 0
scan charginogluino 500 1650 L4T0ZV 0.000267427 4.42604e-05 4.37957e-05 2.18817e-06 6.01092e-06 0 0 7.91569e-15
scan charginogluino 500 1650 L4T1ZV 0.000136979 4.53644e-05 4.4949e-05 4.78845e-07 5.92478e-06 1.39624e-06 4.82387e-07 1.09492e-08
scan charginogluino 500 1650 L4T2ZV 1.88616e-05 1.11612e-05 1.11306e-05 6.49965e-08 8.10184e-07 1.36063e-07 4.87839e-08 2.20591e-08
scan charginogluino 500 1650 L4T0 6.14386e-05 2.42785e-05 2.42316e-05 6.29537e-07 1.37196e-06 0 0 1.07066e-15
scan charginogluino 500 1650 L4T1 1.34315e-05 1.34335e-05 1.34317e-05 1.47165e-07 9.68446e-08 1.29291e-07 0 9.69601e-12
scan charginogluino 500 1650 L4T2 0 7.46604e-08 7.46604e-08 0 0 0 0 0
scan charginogluino 500 1650 L3DY0T0METVHTV 9.62632e-05 2.61162e-05 2.58923e-05 5.25779e-07 3.37146e-06 0 0 5.22648e-10
scan charginogluino 500 1650 L3DY0T1METVHTV 0.000377525 7.68788e-05 7.38845e-05 1.23695e-06 2.11187e-05 1.72523e-06 3.16491e-07 9.09027e-07
scan charginogluino 500 1650 L3DY0T2METVHTV 9.78509e-05 3.60772e-05 3.60566e-05 8.88915e-08 4.95e-07 6.608e-07 0 8.95755e-07
scan charginogluino 500 1650 L3DY0T0METV 7.08145e-05 2.3724e-05 2.36271e-05 3.87612e-07 2.10698e-06 0 0 2.23938e-08
scan charginogluino 500 1650 L3DY0T1METV 0.000321 6.33527e-05 6.18254e-05 1.17507e-06 1.36438e-05 1.17916e-06 1.21403e-06 8.84414e-07
scan charginogluino 500 1650 L3DY0T2METV 6.10179e-05 1.64406e-05 1.64257e-05 9.24223e-08 2.21062e-07 3.75796e-07 0 5.39381e-07
scan charginogluino 500 1650 L3DY0T0HTV 0 6.096e-08 6.096e-08 0 0 0 0 0
scan charginogluino 500 1650 L3DY0T1HTV 8.72922e-06 8.73345e-06 8.72959e-06 8.40272e-08 0 2.45309e-07 0 1.27766e-08
scan charginogluino 500 1650 L3DY0T2HTV 7.52552e-06 7.52609e-06 7.5257e-06 0 0 4.58701e-08 0 6.05501e-08
scan charginogluino 500 1650 L3DY0T0 0 6.096e-08 6.096e-08 0 0 0 0 0
scan charginogluino 500 1650 L3DY0T1 3.20263e-05 1.45841e-05 1.44291e-05 1.66734e-07 2.10056e-06 8.27648e-08 1.06728e-07 1.93034e-07
scan charginogluino 500 1650 L3DY0T2 0 6.096e-08 6.096e-08 0 0 0 0 0
scan charginogluino 500 1650 L3DY1T0METVHTVZV 0.000540868 6.40321e-05 6.18571e-05 3.05519e-06 1.62627e-05 0 0 6.13386e-10
scan charginogluino 500 1650 L3DY1T1METVHTVZV 0.000251996 4.09101e-05 4.06991e-05 1.0124e-06 3.55039e-06 6.16994e-07 1.7765e-06 2.14577e-07
scan charginogluino 500 1650 L3DY1T0METVHTV 0.00014621 3.87188e-05 3.86011e-05 6.26016e-07 2.95073e-06 0 0 1.19573e-09
scan charginogluino 500 1650 L3DY1T1METVHTV 6.984e-05 2.92709e-05 2.92573e-05 3.29959e-07 5.33204e-07 1.26958e-07 6.20014e-07 7.23727e-08
scan charginogluino 500 1650 L3DY1T0METVZV 0.00051382 6.46642e-05 6.36791e-05 3.06597e-06 1.08177e-05 0 0 7.67243e-10
scan charginogluino 500 1650 L3DY1T1METVZV 0.000346352 4.65129e-05 4.61735e-05 1.16378e-06 4.8836e-06 1.69196e-06 1.76601e-06 5.14724e-07
scan charginogluino 500 1650 L3DY1T0METV 9.05579e-05 2.37279e-05 2.36132e-05 5.70894e-07 2.25848e-06 0 0 2.1712e-10
scan charginogluino 500 1650 L3DY1T1METV 7.90836e-05 2.5808e-05 2.56933e-05 1.82591e-07 2.40331e-06 2.304e-07 1.02649e-07 1.94e-07
scan charginogluino 500 1650 L3DY1T0HTVZV 5.73572e-05 3.12345e-05 3.12226e-05 2.30556e-07 8.28919e-07 0 0 4.71985e-11
scan charginogluino 500 1650 L3DY1T1HTVZV 5.86118e-06 4.35973e-06 4.14481e-06 0 1.35181e-06 1.87432e-08 0 3.47138e-09
scan charginogluino 500 1650 L3DY1T0HTV 0 6.096e-08 6.096e-08 0 0 0 0 0
scan charginogluino 500 1650 L3DY1T1HTV 8.63833e-06 8.63865e-06 8.63849e-06 5.26529e-08 0 0 0 2.77795e-09
scan charginogluino 500 1650 L3DY1T0ZV 2.871e-05 1.31643e-05 1.2975e-05 1.27713e-07 2.22079e-06 0 0 7.85732e-12
scan charginogluino 500 1650 L3DY1T1ZV 7.10149e-06 5.03104e-06 5.02878e-06 1.45504e-08 4.35527e-09 9.08533e-10 1.49895e-07 1.11628e-09
scan charginogluino 500 1650 L3DY1T0 0 6.096e-08 6.096e-08 0 0 0 0 0
scan charginogluino 500 1650 L3DY1T1 1.20838e-05 1.20871e-05 1.20839e-05 7.36765e-08 0 0 2.66247e-07 3.88596e-09
