model coNLSP
parameter coNLSP 3
parameter kFactorProcessWeighted true
scan charginogluino 650 2400 LOXSEC 0.008882
scan charginogluino 650 2400 L4T0METVHTVZV 0.000120551 1.68425e-05 1.6634e-05 1.00062e-06 2.44449e-06 0 0 1.10086e-12
scan charginogluino 650 2400 L4T1METVHTVZV 5.98163e-05 1.06305e-05 1.04903e-05 2.4711e-07 1.68518e-06 2.40868e-07 4.62354e-08 9.95958e-10
scan charginogluino 650 2400 L4T2METVHTVZV 2.77284e-05 7.22479e-06 7.21786e-06 1.12193e-07 2.23418e-07 1.84124e-07 5.79032e-08 1.60487e-08
scan charginogluino 650 2400 L4T0METVHTV 4.21344e-05 1.03621e-05 9.9393e-06 3.53495e-07 2.90851e-06 0 0 1.01886e-15
scan charginogluino 650 2400 L4T1METVHTV 1.06208e-05 5.55655e-06 5.55261e-06 3.94291e-08 1.36848e-07 1.48233e-07 3.76527e-08 1.00768e-12
scan charginogluino 650 2400 L4T2METVHTV 4.74464e-06 4.74555e-06 4.74468e-06 0 6.86174e-08 5.94279e-08 0 1.84644e-10
scan charginogluino 650 2400 L4T0METVZV 0.000453798 3.12114e-05 2.91303e-05 3.61112e-06 1.06084e-05 0 0 1.4085e-10
scan charginogluino 650 2400 L4T1METVZV 0.000228857 2.13341e-05 2.04056e-05 1.3468e-06 5.95884e-06 7.40593e-07 9.39559e-07 3.76922e-10
scan charginogluino 650 2400 L4T2METVZV 5.74586e-05 9.65272e-06 9.61745e-06 2.08304e-07 5.68349e-07 4.43889e-07 3.23379e-07 1.08317e-07
scan charginogluino 650 2400 L4T0METV 0.000192934 2.01196e-05 1.97792e-05 1.82468e-06 3.20183e-06 0 0 2.03704e-12
scan charginogluino 650 2400 L4T1METV 1.20528e-05 4.9709e-06 4.34038e-06 3.24894e-08 2.42109e-06 2.46313e-08 8.73023e-08 5.74126e-12
scan charginogluino 650 2400 L4T2METV 1.02574e-05 5.1342e-06 5.12875e-06 0 2.26575e-07 6.25737e-08 0 2.64497e-08
scan charginogluino 650 2400 L4T0HTVZV 1.40552e-05 6.88059e-06 6.87781e-06 1.01398e-07 1.67333e-07 0 0 1.95933e-16
scan charginogluino 650 2400 L4T1HTVZV 4.07988e-07 4.20044e-07 4.08665e-07 0 9.70289e-08 3.92728e-09 0 2.70818e-15
scan charginogluino 650 2400 L4T2HTVZV 0 2.17564e-08 2.17564e-08 0 0 0 0 0
scan charginogluino 650 2400 L4T0HTV 0 1.98608e-08 1.98608e-08 0 0 0 0 0
scan charginogluino 650 2400 L4T1HTV 0 2.51221e-08 2.51221e-08 0 0 0 0 0
scan charginogluino 650 2400 L4T2HTV 0 2.17564e-08 2.17564e-08 0 0 0 0 0
scan charginogluino 650 2400 L4T0ZV 4.59397e-05 1.00903e-05 9.91328e-06 3.1918e-07 1.85474e-06 0 0 8.12006e-16
scan charginogluino 650 2400 L4T1ZV 1.88983e-05 7.37397e-06 7.32355e-06 8.3301e-08 8.5047e-07 1.03705e-07 0 1.22909e-11
scan charginogluino 650 2400 L4T2ZV 0 2.17564e-08 2.17564e-08 0 0 0 0 0
scan charginogluino 650 2400 L4T0 5.19589e-06 2.3991e-06 2.39677e-06 3.85134e-08 9.84794e-08 0 0 2.65565e-16
scan charginogluino 650 2400 L4T1 0 2.51221e-08 2.51221e-08 0 0 0 0 0
scan charginogluino 650 2400 L4T2 0 2.17564e-08 2.17564e-08 0 0 0 0 0
scan charginogluino 650 2400 L3DY0T0METVHTV 6.92864e-06 4.00162e-06 4.00028e-06 2.10933e-08 1.01297e-07 0 0 5.75828e-13
scan charginogluino 650 2400 L3DY0T1METVHTV 3.0243e-05 8.45129e-06 8.38499e-06 1.36442e-07 1.03955e-06 1.08349e-07 4.16061e-08 5.86574e-08
scan charginogluino 650 2400 L3DY0T2METVHTV 6.82328e-06 3.94099e-06 3.93945e-06 0 4.91976e-08 7.35131e-08 0 6.56786e-08
scan charginogluino 650 2400 L3DY0T0METV 1.44336e-05 5.78775e-06 5.70003e-06 7.76356e-08 1.00083e-06 0 0 9.55313e-12
scan charginogluino 650 2400 L3DY0T1METV 4.13062e-05 9.72249e-06 9.22574e-06 1.31662e-07 3.0543e-06 1.15197e-07 2.06437e-07 1.02795e-07
scan charginogluino 650 2400 L3DY0T2METV 1.64977e-05 5.91241e-06 5.90804e-06 2.10666e-08 6.90584e-08 1.56844e-07 0 1.4787e-07
scan charginogluino 650 2400 L3DY0T0HTV 4.4724e-06 3.16319e-06 3.1625e-06 1.36156e-08 6.46802e-08 0 0 3.52882e-14
scan charginogluino 650 2400 L3DY0T1HTV 0 2.51221e-08 2.51221e-08 0 0 0 0 0
scan charginogluino 650 2400 L3DY0T2HTV 4.72972e-06 3.34483e-06 3.34445e-06 1.4399e-08 0 2.8832e-08 0 3.80552e-08
scan charginogluino 650 2400 L3DY0T0 0 1.7764e-08 1.7764e-08 0 0 0 0 0
scan charginogluino 650 2400 L3DY0T1 9.06497e-07 9.07176e-07 9.06801e-07 5.52534e-09 0 2.54744e-08 0 2.91516e-10
scan charginogluino 650 2400 L3DY0T2 1.14993e-06 1.1501e-06 1.15003e-06 0 0 7.00912e-09 0 1.10688e-08
scan charginogluino 650 2400 L3DY1T0METVHTVZV 9.23163e-05 1.57121e-05 1.52402e-05 5.2209e-07 3.78571e-06 0 0 6.30672e-11
scan charginogluino 650 2400 L3DY1T1METVHTVZV 3.04685e-05 7.8752e-06 7.87027e-06 9.27317e-08 2.23355e-07 8.45397e-08 1.03455e-07 3.72996e-08
scan charginogluino 650 2400 L3DY1T0METVHTV 3.37006e-05 1.38766e-05 1.38689e-05 4.49319e-07 1.06147e-07 0 0 3.53989e-11
scan charginogluino 650 2400 L3DY1T1METVHTV 0 1.7764e-08 1.7764e-08 0 0 0 0 0
scan charginogluino 650 2400 L3DY1T0METVZV 7.81214e-05 1.30042e-05 1.27256e-05 3.70061e-07 2.65156e-06 0 0 5.18431e-11
scan charginogluino 650 2400 L3DY1T1METVZV 8.0034e-05 1.65266e-05 1.64852e-05 3.43502e-07 1.05837e-06 2.6721e-07 2.30129e-07 6.47257e-08
scan charginogluino 650 2400 L3DY1T0METV 1.06792e-05 7.66209e-06 7.63637e-06 3.74433e-08 6.2626e-07 0 0 8.82386e-12
scan charginogluino 650 2400 L3DY1T1METV 0 1.7764e-08 1.7764e-08 0 0 0 0 0
scan charginogluino 650 2400 L3DY1T0HTVZV 3.95001e-07 3.95333e-07 3.95301e-07 5.09623e-09 0 0 0 1.35718e-12
scan charginogluino 650 2400 L3DY1T1HTVZV 0 1.7764e-08 1.7764e-08 0 0 0 0 0
scan charginogluino 650 2400 L3DY1T0HTV 0 1.7764e-08 1.7764e-08 0 0 0 0 0
scan charginogluino 650 2400 L3DY1T1HTV 0 1.7764e-08 1.7764e-08 0 0 0 0 0
scan charginogluino 650 2400 L3DY1T0ZV 4.00684e-07 4.00997e-07 4.00979e-07 2.44228e-09 2.88904e-09 0 0 3.76589e-14
scan charginogluino 650 2400 L3DY1T1ZV 1.08286e-05 4.49269e-06 4.49001e-06 5.87474e-08 1.72157e-08 6.34824e-08 1.27701e-07 3.44845e-09
scan charginogluino 650 2400 L3DY1T0 0 1.7764e-08 1.7764e-08 0 0 0 0 0
scan charginogluino 650 2400 L3DY1T1 0 1.7764e-08 1.7764e-08 0 0 0 0 0
