model coNLSP
parameter coNLSP 3
parameter kFactorProcessWeighted true
scan charginogluino 850 1550 LOXSEC 0.007502
scan charginogluino 850 1550 L4T0METVHTVZV 0.00169712 6.62896e-05 5.83873e-05 1.22368e-05 2.8905e-05 0 0 1.00722e-12
scan charginogluino 850 1550 L4T1METVHTVZV 0.000884359 4.66367e-05 4.25562e-05 4.13873e-06 1.82484e-05 3.00727e-06 2.18524e-06 6.71697e-10
scan charginogluino 850 1550 L4T2METVHTVZV 0.000245429 2.1348e-05 2.06418e-05 8.02993e-07 5.10776e-06 1.60244e-06 5.33223e-07 2.5712e-07
scan charginogluino 850 1550 L4T0METVHTV 0.00025708 2.16936e-05 2.08925e-05 1.99984e-06 5.48787e-06 0 0 6.46267e-15
scan charginogluino 850 1550 L4T1METVHTV 4.19893e-05 9.11605e-06 8.97411e-06 1.28312e-07 1.58888e-06 1.15414e-07 1.15788e-07 1.29823e-09
scan charginogluino 850 1550 L4T2METVHTV 1.40536e-05 4.91344e-06 4.90665e-06 5.73295e-08 2.14519e-07 1.31278e-07 0 9.23933e-09
scan charginogluino 850 1550 L4T0METVZV 9.70029e-05 1.31999e-05 1.31072e-05 7.52388e-07 1.36816e-06 0 0 4.12399e-16
scan charginogluino 850 1550 L4T1METVZV 3.97711e-05 9.98843e-06 9.93179e-06 1.77772e-07 1.03909e-06 1.29761e-07 0 1.59916e-11
scan charginogluino 850 1550 L4T2METVZV 1.24844e-05 5.59407e-06 5.59212e-06 2.35814e-08 1.24521e-07 7.61519e-08 0 2.1427e-09
scan charginogluino 850 1550 L4T0METV 7.17687e-06 4.4698e-06 4.46896e-06 6.28994e-08 5.93081e-08 0 0 4.35659e-17
scan charginogluino 850 1550 L4T1METV 1.18942e-06 1.19038e-06 1.18959e-06 0 4.33879e-08 3.62103e-09 0 1.20993e-13
scan charginogluino 850 1550 L4T2METV 0 1.83761e-08 1.83761e-08 0 0 0 0 0
scan charginogluino 850 1550 L4T0HTVZV 5.3154e-05 1.16151e-05 1.14447e-05 3.61813e-07 1.94884e-06 0 0 3.05793e-16
scan charginogluino 850 1550 L4T1HTVZV 2.57022e-05 8.4467e-06 8.42327e-06 1.79444e-07 5.93829e-07 5.03793e-08 8.90307e-08 6.45493e-10
scan charginogluino 850 1550 L4T2HTVZV 3.7231e-06 2.21719e-06 2.21701e-06 1.0822e-08 1.35173e-08 2.26933e-08 0 9.30964e-10
scan charginogluino 850 1550 L4T0HTV 1.2429e-05 5.7685e-06 5.76663e-06 1.11113e-07 9.62255e-08 0 0 7.39354e-19
scan charginogluino 850 1550 L4T1HTV 4.37894e-07 4.38449e-07 4.38344e-07 0 9.52673e-09 1.33311e-09 0 1.89667e-16
scan charginogluino 850 1550 L4T2HTV 0 1.83761e-08 1.83761e-08 0 0 0 0 0
scan charginogluino 850 1550 L4T0ZV 6.15499e-06 3.71389e-06 3.71325e-06 6.15336e-08 3.15046e-08 0 0 1.05892e-16
scan charginogluino 850 1550 L4T1ZV 0 2.12189e-08 2.12189e-08 0 0 0 0 0
scan charginogluino 850 1550 L4T2ZV 0 1.83761e-08 1.83761e-08 0 0 0 0 0
scan charginogluino 850 1550 L4T0 1.41014e-06 1.41064e-06 1.41022e-06 0 3.45767e-08 0 0 5.58928e-24
scan charginogluino 850 1550 L4T1 0 2.12189e-08 2.12189e-08 0 0 0 0 0
scan charginogluino 850 1550 L4T2 0 1.83761e-08 1.83761e-08 0 0 0 0 0
scan charginogluino 850 1550 L3DY0T0METVHTV 7.09974e-05 1.2821e-05 1.26357e-05 3.74134e-07 2.13922e-06 0 0 1.00704e-10
scan charginogluino 850 1550 L3DY0T1METVHTV 0.000237374 2.13674e-05 2.08429e-05 6.83344e-07 4.49618e-06 5.83519e-07 1.00552e-06 3.28756e-07
scan charginogluino 850 1550 L3DY0T2METVHTV 0.000142446 1.61898e-05 1.61003e-05 2.15111e-07 5.17601e-07 9.94845e-07 0 1.25951e-06
scan charginogluino 850 1550 L3DY0T0METV 0 1.5004e-08 1.5004e-08 0 0 0 0 0
scan charginogluino 850 1550 L3DY0T1METV 5.49974e-06 2.83056e-06 2.8296e-06 1.18883e-08 5.21462e-08 3.11085e-08 3.97728e-08 6.54631e-09
scan charginogluino 850 1550 L3DY0T2METV 3.60723e-06 2.12092e-06 2.12045e-06 2.66986e-09 1.96857e-08 2.19911e-08 0 3.33366e-08
scan charginogluino 850 1550 L3DY0T0HTV 4.40541e-06 3.25519e-06 3.25488e-06 1.80963e-08 4.15049e-08 0 0 1.6696e-13
scan charginogluino 850 1550 L3DY0T1HTV 1.80417e-06 1.80436e-06 1.80428e-06 0 1.50057e-08 5.49255e-09 0 5.19904e-09
scan charginogluino 850 1550 L3DY0T2HTV 9.32296e-07 9.32447e-07 9.32386e-07 0 0 5.68259e-09 0 8.97397e-09
scan charginogluino 850 1550 L3DY0T0 0 1.5004e-08 1.5004e-08 0 0 0 0 0
scan charginogluino 850 1550 L3DY0T1 0 2.12189e-08 2.12189e-08 0 0 0 0 0
scan charginogluino 850 1550 L3DY0T2 2.7383e-07 2.74154e-07 2.74139e-07 8.33638e-10 0 1.66958e-09 0 2.20323e-09
scan charginogluino 850 1550 L3DY1T0METVHTVZV 0.000649341 3.63762e-05 3.49682e-05 3.30822e-06 9.46075e-06 0 0 5.41464e-10
scan charginogluino 850 1550 L3DY1T1METVHTVZV 0.000328074 2.6541e-05 2.42468e-05 8.49591e-07 1.06455e-05 1.05491e-06 1.14871e-06 1.87098e-07
scan charginogluino 850 1550 L3DY1T0METVHTV 3.12918e-05 7.88424e-06 7.87333e-06 2.20286e-07 3.51349e-07 0 0 8.17324e-10
scan charginogluino 850 1550 L3DY1T1METVHTV 2.39243e-05 6.55881e-06 6.55192e-06 6.97803e-08 2.75635e-07 8.14584e-08 5.23432e-08 1.26949e-08
scan charginogluino 850 1550 L3DY1T0METVZV 1.02335e-05 4.46261e-06 4.4376e-06 3.57504e-08 4.70437e-07 0 0 9.18377e-13
scan charginogluino 850 1550 L3DY1T1METVZV 1.5354e-05 5.3456e-06 5.3444e-06 8.01956e-08 3.81128e-08 5.79639e-08 3.81605e-08 9.51421e-09
scan charginogluino 850 1550 L3DY1T0METV 2.95361e-06 2.95376e-06 2.95364e-06 2.70337e-08 0 0 0 1.33134e-12
scan charginogluino 850 1550 L3DY1T1METV 2.74614e-07 2.74923e-07 2.74921e-07 0 0 8.36024e-10 0 8.83117e-11
scan charginogluino 850 1550 L3DY1T0HTVZV 1.67132e-05 6.45537e-06 6.45337e-06 9.98789e-08 1.25647e-07 0 0 3.11882e-12
scan charginogluino 850 1550 L3DY1T1HTVZV 4.85708e-06 2.80455e-06 2.80427e-06 2.96052e-08 0 2.63247e-08 0 1.56196e-09
scan charginogluino 850 1550 L3DY1T0HTV 3.61717e-06 2.75432e-06 2.75422e-06 2.31652e-08 0 0 0 1.24292e-12
scan charginogluino 850 1550 L3DY1T1HTV 0 1.5004e-08 1.5004e-08 0 0 0 0 0
scan charginogluino 850 1550 L3DY1T0ZV 1.53176e-06 1.08648e-06 1.08638e-06 8.98132e-09 1.19291e-08 0 0 4.18214e-13
scan charginogluino 850 1550 L3DY1T1ZV 0 1.5004e-08 1.5004e-08 0 0 0 0 0
scan charginogluino 850 1550 L3DY1T0 0 1.5004e-08 1.5004e-08 0 0 0 0 0
scan charginogluino 850 1550 L3DY1T1 0 1.5004e-08 1.5004e-08 0 0 0 0 0
