model coNLSP
parameter coNLSP 3
parameter kFactorProcessWeighted true
scan charginogluino 600 1350 LOXSEC 0.03078
scan charginogluino 600 1350 L4T0METVHTVZV 0.00473057 0.00024075 0.000192566 3.62215e-05 0.000139883 0 0 1.23164e-10
scan charginogluino 600 1350 L4T1METVHTVZV 0.00253495 0.000149039 0.000138223 1.40125e-05 5.23404e-05 8.20833e-06 1.01887e-05 4.81965e-08
scan charginogluino 600 1350 L4T2METVHTVZV 0.00100527 8.74339e-05 8.58449e-05 3.54678e-06 1.33411e-05 8.10138e-06 4.05715e-06 1.63753e-06
scan charginogluino 600 1350 L4T0METVHTV 0.00163324 0.00013143 0.000125059 1.4036e-05 3.79086e-05 0 0 2.41669e-11
scan charginogluino 600 1350 L4T1METVHTV 0.00038395 5.78995e-05 5.71487e-05 2.17503e-06 8.9139e-06 1.26886e-06 7.55244e-07 6.82161e-10
scan charginogluino 600 1350 L4T2METVHTV 4.37297e-05 1.95287e-05 1.90769e-05 1.08773e-07 4.15793e-06 2.77839e-07 2.20909e-07 1.29806e-07
scan charginogluino 600 1350 L4T0METVZV 0.00054698 6.15098e-05 6.06037e-05 4.06855e-06 9.69985e-06 0 0 1.39096e-14
scan charginogluino 600 1350 L4T1METVZV 0.000250179 4.28655e-05 4.26756e-05 1.42054e-06 3.51924e-06 7.21016e-07 1.15003e-06 5.84623e-09
scan charginogluino 600 1350 L4T2METVZV 0.000118832 3.13589e-05 3.07972e-05 3.77842e-07 5.83486e-06 8.26584e-07 0 1.96734e-07
scan charginogluino 600 1350 L4T0METV 0.000136334 2.90826e-05 2.87578e-05 1.06147e-06 4.20251e-06 0 0 2.07516e-15
scan charginogluino 600 1350 L4T1METV 2.93828e-05 1.6421e-05 1.64112e-05 8.16025e-08 4.94363e-07 2.61958e-07 2.39182e-08 3.03735e-11
scan charginogluino 600 1350 L4T2METV 1.44682e-05 1.44689e-05 1.44684e-05 8.81878e-08 0 8.82149e-08 0 4.65277e-09
scan charginogluino 600 1350 L4T0HTVZV 0.000246471 5.14404e-05 5.05884e-05 1.96476e-06 9.11407e-06 0 0 2.6538e-13
scan charginogluino 600 1350 L4T1HTVZV 4.8059e-05 1.61387e-05 1.61263e-05 1.92251e-07 5.86412e-07 1.46309e-07 0 1.149e-11
scan charginogluino 600 1350 L4T2HTVZV 7.3696e-06 7.3702e-06 7.36992e-06 4.49197e-08 0 4.49197e-08 0 2.36995e-09
scan charginogluino 600 1350 L4T0HTV 3.54038e-05 1.26305e-05 1.26236e-05 3.48808e-07 2.24392e-07 0 0 1.10847e-14
scan charginogluino 600 1350 L4T1HTV 7.48191e-06 7.48273e-06 7.48236e-06 4.56043e-08 5.39466e-08 2.27776e-08 0 7.03199e-13
scan charginogluino 600 1350 L4T2HTV 0 7.53953e-08 7.53953e-08 0 0 0 0 0
scan charginogluino 600 1350 L4T0ZV 1.65956e-05 1.06327e-05 1.06297e-05 1.50341e-07 2.0159e-07 0 0 3.07922e-16
scan charginogluino 600 1350 L4T1ZV 6.80495e-05 2.77545e-05 2.74227e-05 5.50658e-07 4.23513e-06 2.18065e-07 1.49579e-07 2.25453e-10
scan charginogluino 600 1350 L4T2ZV 0 7.53953e-08 7.53953e-08 0 0 0 0 0
scan charginogluino 600 1350 L4T0 1.72867e-05 1.61546e-05 1.61532e-05 2.07584e-07 8.48282e-09 0 0 5.81288e-17
scan charginogluino 600 1350 L4T1 0 8.7059e-08 8.7059e-08 0 0 0 0 0
scan charginogluino 600 1350 L4T2 0 7.53953e-08 7.53953e-08 0 0 0 0 0
scan charginogluino 600 1350 L3DY0T0METVHTV 0.000165474 3.44375e-05 3.4261e-05 8.32421e-07 3.38097e-06 0 0 1.63976e-10
scan charginogluino 600 1350 L3DY0T1METVHTV 0.00131766 0.000123262 0.000117342 4.41278e-06 3.66172e-05 3.57099e-06 6.14814e-06 3.67774e-06
scan charginogluino 600 1350 L3DY0T2METVHTV 0.000421095 5.59727e-05 5.57117e-05 5.2379e-07 1.79575e-06 3.36878e-06 0 3.78155e-06
scan charginogluino 600 1350 L3DY0T0METV 1.82177e-05 1.44657e-05 1.44451e-05 4.67479e-07 6.13907e-07 0 0 7.3872e-11
scan charginogluino 600 1350 L3DY0T1METV 3.94225e-05 1.55186e-05 1.55033e-05 1.58057e-07 5.68227e-07 7.30633e-08 3.39826e-07 6.27996e-08
scan charginogluino 600 1350 L3DY0T2METV 5.32062e-06 5.32123e-06 5.32089e-06 0 0 3.26771e-08 0 5.12145e-08
scan charginogluino 600 1350 L3DY0T0HTV 0 6.156e-08 6.156e-08 0 0 0 0 0
scan charginogluino 600 1350 L3DY0T1HTV 1.72621e-05 9.94059e-06 9.54242e-06 1.11992e-07 2.77724e-06 2.86862e-08 1.72729e-07 3.68373e-08
scan charginogluino 600 1350 L3DY0T2HTV 1.64533e-05 9.35255e-06 9.35094e-06 4.92872e-08 1.90052e-09 1.00287e-07 0 1.32799e-07
scan charginogluino 600 1350 L3DY0T0 3.32669e-07 3.46133e-07 3.36914e-07 0 7.93534e-08 0 0 3.38404e-14
scan charginogluino 600 1350 L3DY0T1 7.63983e-06 7.37291e-06 7.37109e-06 1.60059e-07 8.30403e-09 2.4267e-08 0 2.41473e-08
scan charginogluino 600 1350 L3DY0T2 0 6.156e-08 6.156e-08 0 0 0 0 0
scan charginogluino 600 1350 L3DY1T0METVHTVZV 0.00252181 0.000176731 0.000143903 1.33277e-05 0.000101726 0 0 2.65986e-08
scan charginogluino 600 1350 L3DY1T1METVHTVZV 0.00125809 9.52368e-05 9.4317e-05 5.1589e-06 1.0124e-05 4.3654e-06 5.00443e-06 1.07303e-06
scan charginogluino 600 1350 L3DY1T0METVHTV 0.000442314 6.40997e-05 6.22137e-05 2.67696e-06 1.52008e-05 0 0 2.40277e-09
scan charginogluino 600 1350 L3DY1T1METVHTV 0.000159662 3.24893e-05 3.2031e-05 5.62427e-07 5.36346e-06 5.04566e-07 4.67965e-07 1.30109e-07
scan charginogluino 600 1350 L3DY1T0METVZV 8.16394e-05 2.23321e-05 2.20351e-05 4.33343e-07 3.60386e-06 0 0 6.63781e-11
scan charginogluino 600 1350 L3DY1T1METVZV 0.000139949 3.11492e-05 3.11256e-05 6.73853e-07 4.77697e-07 5.87924e-07 6.42932e-07 1.66608e-07
scan charginogluino 600 1350 L3DY1T0METV 3.45193e-05 1.75895e-05 1.75859e-05 2.92826e-07 2.06292e-07 0 0 4.21729e-11
scan charginogluino 600 1350 L3DY1T1METV 1.16182e-06 1.16307e-06 1.16304e-06 7.08163e-09 0 4.94815e-09 0 3.73622e-10
scan charginogluino 600 1350 L3DY1T0HTVZV 5.57288e-05 2.13132e-05 2.10491e-05 4.16099e-07 3.31899e-06 0 0 5.30841e-11
scan charginogluino 600 1350 L3DY1T1HTVZV 3.3502e-05 1.525e-05 1.52442e-05 2.04206e-07 0 5.1818e-08 3.63133e-07 1.07737e-08
scan charginogluino 600 1350 L3DY1T0HTV 7.45763e-06 7.45863e-06 7.45782e-06 2.27316e-08 1.07859e-07 0 0 9.00266e-13
scan charginogluino 600 1350 L3DY1T1HTV 1.43704e-05 1.43721e-05 1.43705e-05 0 2.07827e-07 4.37488e-08 0 5.59243e-10
scan charginogluino 600 1350 L3DY1T0ZV 0 6.156e-08 6.156e-08 0 0 0 0 0
scan charginogluino 600 1350 L3DY1T1ZV 8.36641e-06 8.36713e-06 8.36658e-06 5.09956e-08 0 8.05348e-08 0 2.69051e-09
scan charginogluino 600 1350 L3DY1T0 0 6.156e-08 6.156e-08 0 0 0 0 0
scan charginogluino 600 1350 L3DY1T1 0 6.156e-08 6.156e-08 0 0 0 0 0
