model coNLSP
parameter coNLSP 3
parameter kFactorProcessWeighted true
scan charginogluino 700 1900 LOXSEC 0.006806
scan charginogluino 700 1900 L4T0METVHTVZV 0.000277383 2.78475e-05 2.67921e-05 1.67972e-06 7.40602e-06 0 0 7.90954e-15
scan charginogluino 700 1900 L4T1METVHTVZV 0.00011366 1.51016e-05 1.48335e-05 4.57314e-07 2.76566e-06 3.47558e-07 2.19477e-07 5.80771e-10
scan charginogluino 700 1900 L4T2METVHTVZV 3.96788e-05 8.94752e-06 8.85784e-06 9.74183e-08 1.21246e-06 3.14885e-07 1.11389e-07 7.52051e-08
scan charginogluino 700 1900 L4T0METVHTV 9.3596e-05 2.09049e-05 2.08061e-05 6.63579e-07 1.91943e-06 0 0 2.21672e-13
scan charginogluino 700 1900 L4T1METVHTV 5.09774e-06 2.92328e-06 2.92131e-06 5.36984e-09 1.047e-07 2.18877e-08 2.50484e-09 1.18303e-12
scan charginogluino 700 1900 L4T2METVHTV 0 1.66712e-08 1.66712e-08 0 0 0 0 0
scan charginogluino 700 1900 L4T0METVZV 0.000350632 2.64498e-05 2.47945e-05 2.62151e-06 8.82899e-06 0 0 2.58924e-13
scan charginogluino 700 1900 L4T1METVZV 0.000108665 1.30966e-05 1.29261e-05 4.8357e-07 2.00428e-06 4.15248e-07 1.15862e-07 3.93177e-10
scan charginogluino 700 1900 L4T2METVZV 4.5223e-05 8.77713e-06 8.70044e-06 1.64567e-07 1.05372e-06 3.58947e-07 2.70913e-07 2.68761e-08
scan charginogluino 700 1900 L4T0METV 6.36514e-05 1.00458e-05 9.91559e-06 5.93108e-07 1.49909e-06 0 0 5.05758e-15
scan charginogluino 700 1900 L4T1METV 8.2355e-06 4.51868e-06 4.51546e-06 3.00261e-08 1.65094e-07 2.91011e-08 0 8.71404e-12
scan charginogluino 700 1900 L4T2METV 6.26039e-06 3.64309e-06 3.61447e-06 0 4.47684e-07 8.28312e-08 0 2.0288e-08
scan charginogluino 700 1900 L4T0HTVZV 2.71791e-06 1.92238e-06 1.9219e-06 1.65664e-08 3.93276e-08 0 0 2.46214e-18
scan charginogluino 700 1900 L4T1HTVZV 2.82287e-06 2.82324e-06 2.82293e-06 0 4.08246e-08 9.56647e-09 0 2.22731e-14
scan charginogluino 700 1900 L4T2HTVZV 0 1.66712e-08 1.66712e-08 0 0 0 0 0
scan charginogluino 700 1900 L4T0HTV 2.06683e-06 2.06713e-06 2.06687e-06 1.25979e-08 2.98907e-08 0 0 2.2623e-27
scan charginogluino 700 1900 L4T1HTV 0 1.92503e-08 1.92503e-08 0 0 0 0 0
scan charginogluino 700 1900 L4T2HTV 0 1.66712e-08 1.66712e-08 0 0 0 0 0
scan charginogluino 700 1900 L4T0ZV 1.44389e-05 9.25007e-06 9.24414e-06 3.82027e-08 3.28903e-07 0 0 6.71563e-18
scan charginogluino 700 1900 L4T1ZV 2.13897e-06 1.51281e-06 1.5126e-06 9.75648e-09 2.32233e-08 3.27408e-09 0 1.53091e-12
scan charginogluino 700 1900 L4T2ZV 5.41626e-08 5.66105e-08 5.626e-08 0 6.28072e-09 3.30136e-10 0 3.20787e-11
scan charginogluino 700 1900 L4T0 2.03209e-06 2.03229e-06 2.03214e-06 2.48257e-08 0 0 0 2.61042e-22
scan charginogluino 700 1900 L4T1 0 1.92503e-08 1.92503e-08 0 0 0 0 0
scan charginogluino 700 1900 L4T2 0 1.66712e-08 1.66712e-08 0 0 0 0 0
scan charginogluino 700 1900 L3DY0T0METVHTV 1.31822e-05 6.11277e-06 6.08713e-06 8.50396e-08 5.52696e-07 0 0 6.99652e-11
scan charginogluino 700 1900 L3DY0T1METVHTV 5.46572e-05 9.88004e-06 9.4186e-06 1.66491e-07 2.96842e-06 2.30997e-07 9.08423e-08 6.62473e-08
scan charginogluino 700 1900 L3DY0T2METVHTV 3.31344e-05 8.63689e-06 8.62473e-06 3.54226e-08 1.05202e-07 3.27539e-07 0 3.0056e-07
scan charginogluino 700 1900 L3DY0T0METV 5.87008e-06 3.42776e-06 3.42714e-06 3.10785e-08 5.69431e-08 0 0 5.92899e-13
scan charginogluino 700 1900 L3DY0T1METV 3.85829e-05 1.06721e-05 1.06629e-05 1.77887e-07 2.6461e-07 1.6851e-07 2.30425e-07 1.16189e-07
scan charginogluino 700 1900 L3DY0T2METV 9.05704e-06 3.09997e-06 3.0973e-06 1.84584e-08 2.15868e-08 9.85129e-08 0 7.76022e-08
scan charginogluino 700 1900 L3DY0T0HTV 6.31433e-08 6.42346e-08 6.42343e-08 1.92231e-10 0 0 0 4.98215e-16
scan charginogluino 700 1900 L3DY0T1HTV 0 1.92503e-08 1.92503e-08 0 0 0 0 0
scan charginogluino 700 1900 L3DY0T2HTV 0 1.3612e-08 1.3612e-08 0 0 0 0 0
scan charginogluino 700 1900 L3DY0T0 7.25891e-08 7.3543e-08 7.354e-08 6.64392e-10 0 0 0 3.27196e-14
scan charginogluino 700 1900 L3DY0T1 8.75934e-07 6.8874e-07 6.86402e-07 8.40773e-09 5.5367e-08 1.96915e-09 5.04817e-09 7.07646e-09
scan charginogluino 700 1900 L3DY0T2 3.15511e-06 2.59807e-06 2.59759e-06 9.6053e-09 0 4.18041e-08 0 2.5386e-08
scan charginogluino 700 1900 L3DY1T0METVHTVZV 0.000125917 1.57139e-05 1.51626e-05 6.50014e-07 4.07431e-06 0 0 6.21581e-11
scan charginogluino 700 1900 L3DY1T1METVHTVZV 6.1531e-05 9.79009e-06 9.7396e-06 2.05298e-07 9.17161e-07 2.1164e-07 2.37879e-07 3.49794e-08
scan charginogluino 700 1900 L3DY1T0METVHTV 1.98192e-05 1.11452e-05 1.1142e-05 1.21928e-07 2.37021e-07 0 0 2.90354e-12
scan charginogluino 700 1900 L3DY1T1METVHTV 5.80523e-06 2.95572e-06 2.95324e-06 0 1.08778e-07 1.04939e-08 5.19601e-08 2.13331e-09
scan charginogluino 700 1900 L3DY1T0METVZV 4.22291e-05 1.07369e-05 1.07222e-05 2.99624e-07 4.74955e-07 0 0 2.6627e-11
scan charginogluino 700 1900 L3DY1T1METVZV 4.26373e-05 7.15606e-06 7.14261e-06 1.87543e-07 1.99946e-07 1.84827e-07 2.84593e-07 4.46636e-08
scan charginogluino 700 1900 L3DY1T0METV 1.08128e-05 5.07764e-06 5.07402e-06 2.38519e-08 1.90216e-07 0 0 1.11155e-12
scan charginogluino 700 1900 L3DY1T1METV 4.5786e-06 3.00428e-06 2.99382e-06 2.23841e-09 2.31202e-07 9.17158e-10 9.42444e-08 1.93426e-08
scan charginogluino 700 1900 L3DY1T0HTVZV 1.22467e-06 9.93995e-07 9.93733e-07 1.63188e-09 2.27664e-08 0 0 3.1515e-14
scan charginogluino 700 1900 L3DY1T1HTVZV 1.76933e-06 1.76998e-06 1.76937e-06 0 2.55882e-08 0 3.89844e-08 6.88556e-11
scan charginogluino 700 1900 L3DY1T0HTV 0 1.3612e-08 1.3612e-08 0 0 0 0 0
scan charginogluino 700 1900 L3DY1T1HTV 0 1.3612e-08 1.3612e-08 0 0 0 0 0
scan charginogluino 700 1900 L3DY1T0ZV 3.25437e-06 2.31982e-06 2.31958e-06 1.86351e-08 2.7578e-08 0 0 5.1042e-12
scan charginogluino 700 1900 L3DY1T1ZV 6.95512e-06 3.13807e-06 3.13772e-06 3.16638e-08 2.54576e-08 2.3125e-08 0 1.73908e-09
scan charginogluino 700 1900 L3DY1T0 0 1.3612e-08 1.3612e-08 0 0 0 0 0
scan charginogluino 700 1900 L3DY1T1 0 1.3612e-08 1.3612e-08 0 0 0 0 0
