model coNLSP
parameter coNLSP 3
parameter kFactorProcessWeighted true
scan charginogluino 675 1800 LOXSEC 0.00833
scan charginogluino 675 1800 L4T0METVHTVZV 0.000461158 3.50977e-05 3.36e-05 3.39951e-06 9.55703e-06 0 0 2.61372e-14
scan charginogluino 675 1800 L4T1METVHTVZV 0.000172002 1.79791e-05 1.7731e-05 1.42575e-06 2.53927e-06 5.41397e-07 2.93108e-07 8.35162e-09
scan charginogluino 675 1800 L4T2METVHTVZV 5.66355e-05 1.00026e-05 9.97204e-06 1.44292e-07 6.62565e-07 3.86345e-07 1.60412e-08 4.52683e-08
scan charginogluino 675 1800 L4T0METVHTV 8.19908e-05 1.25441e-05 1.19071e-05 7.16892e-07 3.88094e-06 0 0 2.28437e-13
scan charginogluino 675 1800 L4T1METVHTV 2.64022e-05 7.45739e-06 7.4213e-06 1.87858e-07 6.3442e-07 8.77276e-08 3.02563e-07 3.22448e-11
scan charginogluino 675 1800 L4T2METVHTV 0 2.04042e-08 2.04042e-08 0 0 0 0 0
scan charginogluino 675 1800 L4T0METVZV 0.000357592 2.81532e-05 2.63009e-05 2.71661e-06 9.66864e-06 0 0 2.6527e-13
scan charginogluino 675 1800 L4T1METVZV 0.000191525 2.8548e-05 2.67707e-05 1.49462e-06 9.77129e-06 7.46151e-07 2.32177e-07 9.09483e-10
scan charginogluino 675 1800 L4T2METVZV 3.37474e-05 8.33348e-06 8.30421e-06 1.06302e-07 6.57196e-07 2.0501e-07 1.29299e-08 3.79611e-08
scan charginogluino 675 1800 L4T0METV 6.644e-05 1.03237e-05 1.02367e-05 5.5815e-07 1.21536e-06 0 0 1.5617e-15
scan charginogluino 675 1800 L4T1METV 1.17037e-05 4.81198e-06 4.80883e-06 9.83888e-08 1.24213e-07 3.34402e-08 6.45118e-08 1.70185e-11
scan charginogluino 675 1800 L4T2METV 3.73405e-06 2.64116e-06 2.64044e-06 0 5.45719e-08 2.276e-08 0 1.80787e-08
scan charginogluino 675 1800 L4T0HTVZV 7.03321e-06 3.55165e-06 3.55092e-06 5.49214e-08 4.66455e-08 0 0 1.45576e-16
scan charginogluino 675 1800 L4T1HTVZV 1.63127e-06 1.15434e-06 1.15393e-06 4.86639e-09 2.39534e-08 2.43282e-09 1.83567e-08 5.81699e-13
scan charginogluino 675 1800 L4T2HTVZV 0 2.04042e-08 2.04042e-08 0 0 0 0 0
scan charginogluino 675 1800 L4T0HTV 2.45066e-06 2.45088e-06 2.45071e-06 2.24302e-08 1.76699e-08 0 0 2.88374e-25
scan charginogluino 675 1800 L4T1HTV 0 2.35608e-08 2.35608e-08 0 0 0 0 0
scan charginogluino 675 1800 L4T2HTV 0 2.04042e-08 2.04042e-08 0 0 0 0 0
scan charginogluino 675 1800 L4T0ZV 1.30915e-05 6.12426e-06 6.12156e-06 9.78104e-08 1.53403e-07 0 0 2.36481e-18
scan charginogluino 675 1800 L4T1ZV 3.9069e-06 2.35705e-06 2.35666e-06 1.92711e-08 3.35744e-08 9.59324e-09 1.64206e-08 3.87118e-13
scan charginogluino 675 1800 L4T2ZV 1.30789e-06 1.30809e-06 1.30802e-06 3.98167e-09 9.44305e-09 7.97192e-09 0 3.7689e-09
scan charginogluino 675 1800 L4T0 1.07739e-05 7.08275e-06 7.08133e-06 1.40604e-07 1.80158e-08 0 0 1.10162e-20
scan charginogluino 675 1800 L4T1 0 2.35608e-08 2.35608e-08 0 0 0 0 0
scan charginogluino 675 1800 L4T2 0 2.04042e-08 2.04042e-08 0 0 0 0 0
scan charginogluino 675 1800 L3DY0T0METVHTV 1.2843e-05 5.44158e-06 5.42421e-06 1.20407e-07 4.17445e-07 0 0 2.0628e-11
scan charginogluino 675 1800 L3DY0T1METVHTV 6.18619e-05 1.36976e-05 1.35788e-05 1.63396e-07 1.71454e-06 1.30237e-07 5.02881e-07 6.29179e-08
scan charginogluino 675 1800 L3DY0T2METVHTV 3.32e-05 9.00878e-06 8.99352e-06 3.88823e-08 1.47292e-07 4.02288e-07 0 2.99397e-07
scan charginogluino 675 1800 L3DY0T0METV 7.22638e-06 4.31894e-06 4.31772e-06 1.00941e-08 1.01801e-07 0 0 4.09098e-13
scan charginogluino 675 1800 L3DY0T1METV 2.43422e-05 8.88697e-06 8.88241e-06 7.18771e-08 1.30127e-07 5.11423e-08 2.37091e-07 7.10921e-09
scan charginogluino 675 1800 L3DY0T2METV 1.5088e-05 4.43173e-06 4.42782e-06 2.23537e-08 5.58458e-08 1.1486e-07 0 1.33633e-07
scan charginogluino 675 1800 L3DY0T0HTV 3.63434e-06 3.63477e-06 3.63437e-06 1.10642e-08 5.2578e-08 0 0 4.38728e-13
scan charginogluino 675 1800 L3DY0T1HTV 8.01082e-08 8.53222e-08 8.30846e-08 0 1.93969e-08 2.43878e-10 0 7.28256e-10
scan charginogluino 675 1800 L3DY0T2HTV 0 1.666e-08 1.666e-08 0 0 0 0 0
scan charginogluino 675 1800 L3DY0T0 0 1.666e-08 1.666e-08 0 0 0 0 0
scan charginogluino 675 1800 L3DY0T1 0 2.35608e-08 2.35608e-08 0 0 0 0 0
scan charginogluino 675 1800 L3DY0T2 0 1.666e-08 1.666e-08 0 0 0 0 0
scan charginogluino 675 1800 L3DY1T0METVHTVZV 0.000197896 2.21442e-05 2.17581e-05 9.23103e-07 4.01232e-06 0 0 6.29397e-10
scan charginogluino 675 1800 L3DY1T1METVHTVZV 8.14169e-05 1.25389e-05 1.23026e-05 2.79746e-07 2.37208e-06 2.40417e-07 3.20358e-07 6.98478e-08
scan charginogluino 675 1800 L3DY1T0METVHTV 1.25027e-05 5.48816e-06 5.47985e-06 1.72473e-07 2.47601e-07 0 0 1.12079e-08
scan charginogluino 675 1800 L3DY1T1METVHTV 2.10367e-05 1.04844e-05 1.04518e-05 4.35586e-08 7.39804e-07 3.67366e-07 0 1.0525e-08
scan charginogluino 675 1800 L3DY1T0METVZV 7.23645e-05 1.29542e-05 1.29049e-05 4.31319e-07 1.04382e-06 0 0 1.6193e-10
scan charginogluino 675 1800 L3DY1T1METVZV 5.79357e-05 1.0316e-05 1.03005e-05 2.5578e-07 3.08125e-07 2.30638e-07 3.23795e-07 2.87065e-08
scan charginogluino 675 1800 L3DY1T0METV 9.59756e-06 4.32007e-06 4.31768e-06 4.56305e-08 1.36308e-07 0 0 3.84811e-11
scan charginogluino 675 1800 L3DY1T1METV 2.89929e-06 2.05214e-06 2.05016e-06 0 6.20468e-08 0 6.38813e-08 1.48124e-08
scan charginogluino 675 1800 L3DY1T0HTVZV 1.41876e-05 1.4191e-05 1.41876e-05 3.12007e-07 0 0 0 4.87471e-11
scan charginogluino 675 1800 L3DY1T1HTVZV 2.50702e-06 2.50772e-06 2.50707e-06 1.5281e-08 0 0 5.52383e-08 8.06221e-10
scan charginogluino 675 1800 L3DY1T0HTV 0 1.666e-08 1.666e-08 0 0 0 0 0
scan charginogluino 675 1800 L3DY1T1HTV 0 1.666e-08 1.666e-08 0 0 0 0 0
scan charginogluino 675 1800 L3DY1T0ZV 7.83269e-06 7.83305e-06 7.8327e-06 4.77424e-08 5.64757e-08 0 0 7.36167e-13
scan charginogluino 675 1800 L3DY1T1ZV 1.01895e-05 3.93302e-06 3.93142e-06 5.3656e-08 2.04245e-08 5.39534e-08 7.9207e-08 1.0265e-08
scan charginogluino 675 1800 L3DY1T0 0 1.666e-08 1.666e-08 0 0 0 0 0
scan charginogluino 675 1800 L3DY1T1 0 1.666e-08 1.666e-08 0 0 0 0 0
