model coNLSP
parameter coNLSP 3
parameter kFactorProcessWeighted true
scan charginogluino 675 1600 LOXSEC 0.01092
scan charginogluino 675 1600 L4T0METVHTVZV 0.00100158 5.60958e-05 5.04391e-05 7.08778e-06 2.35031e-05 0 0 3.19345e-11
scan charginogluino 675 1600 L4T1METVHTVZV 0.000590618 4.47135e-05 4.06491e-05 2.87846e-06 1.82238e-05 1.82926e-06 1.7925e-06 6.66765e-09
scan charginogluino 675 1600 L4T2METVHTVZV 0.00019731 2.1968e-05 2.13747e-05 5.39942e-07 4.81876e-06 1.16051e-06 9.04864e-07 1.9607e-07
scan charginogluino 675 1600 L4T0METVHTV 0.000291224 3.04443e-05 2.89303e-05 2.48377e-06 9.15031e-06 0 0 2.07326e-13
scan charginogluino 675 1600 L4T1METVHTV 3.5676e-05 8.02975e-06 7.99549e-06 1.65194e-07 6.79421e-07 2.44989e-07 1.0427e-08 5.28626e-11
scan charginogluino 675 1600 L4T2METVHTV 8.49802e-06 4.48104e-06 4.41765e-06 3.08479e-08 7.39373e-07 5.58281e-08 1.15313e-07 3.66318e-09
scan charginogluino 675 1600 L4T0METVZV 0.00033098 3.26098e-05 3.2023e-05 2.54771e-06 5.60708e-06 0 0 8.51896e-15
scan charginogluino 675 1600 L4T1METVZV 0.00016356 2.35845e-05 2.28875e-05 8.12282e-07 5.59552e-06 4.81654e-07 4.32294e-07 2.2995e-10
scan charginogluino 675 1600 L4T2METVZV 5.05502e-05 1.22287e-05 1.20595e-05 1.34737e-07 1.96967e-06 4.44187e-07 9.43595e-08 6.11893e-08
scan charginogluino 675 1600 L4T0METV 8.32836e-05 1.34478e-05 1.33448e-05 6.98891e-07 1.5074e-06 0 0 1.02376e-12
scan charginogluino 675 1600 L4T1METV 2.10809e-06 2.00858e-06 2.0078e-06 1.22208e-08 5.4226e-08 6.41777e-09 0 3.49181e-13
scan charginogluino 675 1600 L4T2METV 3.4277e-06 2.42455e-06 2.42387e-06 2.08928e-08 0 5.32099e-08 0 1.1023e-09
scan charginogluino 675 1600 L4T0HTVZV 3.22426e-05 8.76847e-06 8.74909e-06 2.52882e-07 5.24919e-07 0 0 2.09366e-15
scan charginogluino 675 1600 L4T1HTVZV 1.57118e-05 5.39261e-06 5.37697e-06 9.45194e-08 3.92618e-07 7.28132e-08 0 1.60843e-11
scan charginogluino 675 1600 L4T2HTVZV 5.34593e-06 4.58592e-06 4.58555e-06 2.74797e-08 1.21131e-08 2.76884e-08 4.10686e-08 1.48241e-09
scan charginogluino 675 1600 L4T0HTV 4.57748e-06 4.57788e-06 4.57753e-06 5.59223e-08 0 0 0 3.83961e-23
scan charginogluino 675 1600 L4T1HTV 2.86487e-06 2.48095e-06 2.48062e-06 2.49396e-08 7.40076e-09 3.05459e-08 0 9.00106e-12
scan charginogluino 675 1600 L4T2HTV 0 2.67484e-08 2.67484e-08 0 0 0 0 0
scan charginogluino 675 1600 L4T0ZV 2.34317e-05 7.13889e-06 7.12975e-06 2.97447e-07 2.04814e-07 0 0 2.93757e-16
scan charginogluino 675 1600 L4T1ZV 9.11598e-06 5.04141e-06 5.03924e-06 2.8233e-08 1.28161e-07 1.74464e-08 6.53961e-08 1.60224e-12
scan charginogluino 675 1600 L4T2ZV 2.58506e-06 1.86944e-06 1.86882e-06 3.20616e-08 2.60212e-08 2.45156e-08 0 2.33328e-09
scan charginogluino 675 1600 L4T0 6.02372e-06 3.90073e-06 3.88831e-06 5.04319e-08 3.06845e-07 0 0 1.91489e-16
scan charginogluino 675 1600 L4T1 0 3.08864e-08 3.08864e-08 0 0 0 0 0
scan charginogluino 675 1600 L4T2 0 2.67484e-08 2.67484e-08 0 0 0 0 0
scan charginogluino 675 1600 L3DY0T0METVHTV 5.8013e-05 1.34235e-05 1.33268e-05 3.58309e-07 1.56741e-06 0 0 8.76408e-11
scan charginogluino 675 1600 L3DY0T1METVHTV 0.000234775 2.75043e-05 2.66438e-05 6.66181e-07 6.70781e-06 8.85526e-07 5.10747e-07 3.34941e-07
scan charginogluino 675 1600 L3DY0T2METVHTV 0.000169418 3.34199e-05 3.33498e-05 8.1537e-08 1.02844e-06 1.04572e-06 0 1.58845e-06
scan charginogluino 675 1600 L3DY0T0METV 6.25356e-06 4.48164e-06 4.14299e-06 2.09186e-08 1.70889e-06 0 0 5.68482e-13
scan charginogluino 675 1600 L3DY0T1METV 3.29631e-05 1.01485e-05 9.8817e-06 1.05136e-07 2.30195e-06 7.91694e-08 1.54059e-07 6.86892e-08
scan charginogluino 675 1600 L3DY0T2METV 8.27834e-06 3.77987e-06 3.77822e-06 2.40103e-08 0 8.57836e-08 0 6.72259e-08
scan charginogluino 675 1600 L3DY0T0HTV 0 2.184e-08 2.184e-08 0 0 0 0 0
scan charginogluino 675 1600 L3DY0T1HTV 5.34229e-06 5.34423e-06 5.34237e-06 0 7.72608e-08 0 1.17709e-07 2.07902e-10
scan charginogluino 675 1600 L3DY0T2HTV 3.15294e-06 3.15316e-06 3.153e-06 0 0 1.9218e-08 0 2.53685e-08
scan charginogluino 675 1600 L3DY0T0 0 2.184e-08 2.184e-08 0 0 0 0 0
scan charginogluino 675 1600 L3DY0T1 0 3.08864e-08 3.08864e-08 0 0 0 0 0
scan charginogluino 675 1600 L3DY0T2 0 2.184e-08 2.184e-08 0 0 0 0 0
scan charginogluino 675 1600 L3DY1T0METVHTVZV 0.000527607 4.02612e-05 3.88169e-05 2.56693e-06 1.03742e-05 0 0 3.84296e-10
scan charginogluino 675 1600 L3DY1T1METVHTVZV 0.000372599 3.14482e-05 3.11355e-05 1.31183e-06 3.61403e-06 1.2982e-06 1.74463e-06 2.44642e-07
scan charginogluino 675 1600 L3DY1T0METVHTV 7.20008e-05 1.60987e-05 1.60236e-05 3.75671e-07 1.50704e-06 0 0 4.78255e-10
scan charginogluino 675 1600 L3DY1T1METVHTV 1.29208e-05 4.87758e-06 4.87356e-06 5.9229e-08 1.13489e-07 1.88925e-08 1.47955e-07 2.40546e-08
scan charginogluino 675 1600 L3DY1T0METVZV 4.30764e-05 9.78775e-06 9.77368e-06 2.20843e-07 4.75923e-07 0 0 7.02468e-10
scan charginogluino 675 1600 L3DY1T1METVZV 4.21154e-05 8.78702e-06 8.65545e-06 2.09878e-07 1.4495e-06 1.74613e-07 3.38908e-07 6.76166e-08
scan charginogluino 675 1600 L3DY1T0METV 2.88446e-05 1.65411e-05 1.64257e-05 1.04108e-07 1.94769e-06 0 0 1.04045e-11
scan charginogluino 675 1600 L3DY1T1METV 4.19119e-07 4.19556e-07 4.19546e-07 2.55467e-09 0 1.27595e-09 0 1.34782e-10
scan charginogluino 675 1600 L3DY1T0HTVZV 1.46496e-05 1.0322e-05 1.00762e-05 2.59635e-08 2.23922e-06 0 0 2.90923e-13
scan charginogluino 675 1600 L3DY1T1HTVZV 4.86775e-06 3.44223e-06 3.44207e-06 2.96702e-08 0 1.48192e-08 0 1.56539e-09
scan charginogluino 675 1600 L3DY1T0HTV 3.17961e-06 3.18042e-06 3.17967e-06 0 6.91749e-08 0 0 1.3772e-15
scan charginogluino 675 1600 L3DY1T1HTV 0 2.184e-08 2.184e-08 0 0 0 0 0
scan charginogluino 675 1600 L3DY1T0ZV 7.78783e-06 5.86734e-06 5.86671e-06 3.12245e-08 8.00982e-08 0 0 8.74278e-13
scan charginogluino 675 1600 L3DY1T1ZV 1.87716e-06 1.87767e-06 1.87725e-06 0 2.71476e-08 2.84931e-08 0 7.30519e-11
scan charginogluino 675 1600 L3DY1T0 0 2.184e-08 2.184e-08 0 0 0 0 0
scan charginogluino 675 1600 L3DY1T1 2.26001e-06 2.2604e-06 2.26009e-06 1.37754e-08 0 3.43044e-08 0 7.26786e-10
