model coNLSP
parameter coNLSP 3
parameter kFactorProcessWeighted true
scan charginogluino 475 1300 LOXSEC 0.05934
scan charginogluino 475 1300 L4T0METVHTVZV 0.0053107 0.000348917 0.000265923 4.35915e-05 0.000221649 0 0 1.01379e-11
scan charginogluino 475 1300 L4T1METVHTVZV 0.00320041 0.000254301 0.000224465 1.70131e-05 0.000117166 1.02633e-05 1.27255e-05 1.70214e-07
scan charginogluino 475 1300 L4T2METVHTVZV 0.00133116 0.000173596 0.000161359 4.908e-06 6.30326e-05 8.67796e-06 4.34433e-06 2.7187e-06
scan charginogluino 475 1300 L4T0METVHTV 0.00286256 0.000232363 0.000204957 2.51761e-05 0.000106542 0 0 7.6645e-11
scan charginogluino 475 1300 L4T1METVHTV 0.00125688 0.000221221 0.000219587 9.3201e-06 2.45273e-05 4.11676e-06 3.85812e-06 2.01017e-08
scan charginogluino 475 1300 L4T2METVHTV 0.000126448 4.54714e-05 4.54574e-05 6.77676e-07 2.2082e-07 7.55036e-07 4.061e-07 1.74547e-07
scan charginogluino 475 1300 L4T0METVZV 0.00210877 0.000190711 0.000180286 1.64533e-05 5.99766e-05 0 0 2.94999e-11
scan charginogluino 475 1300 L4T1METVZV 0.00141741 0.000169716 0.000156944 6.81022e-06 6.3728e-05 6.25515e-06 5.04597e-06 1.70503e-09
scan charginogluino 475 1300 L4T2METVZV 0.000192056 4.76553e-05 4.7411e-05 5.52849e-07 4.39703e-06 1.86875e-06 0 3.082e-07
scan charginogluino 475 1300 L4T0METV 0.00147504 0.000159694 0.000139943 1.24633e-05 7.59141e-05 0 0 3.22032e-10
scan charginogluino 475 1300 L4T1METV 0.000170396 5.51854e-05 5.01541e-05 7.81616e-07 2.29613e-05 7.8828e-07 1.24358e-06 1.16935e-09
scan charginogluino 475 1300 L4T2METV 6.62131e-05 4.07536e-05 4.06757e-05 3.38216e-07 2.46374e-06 4.04044e-07 0 2.41961e-08
scan charginogluino 475 1300 L4T0HTVZV 0.00026847 6.65631e-05 6.40714e-05 1.91595e-06 1.79395e-05 0 0 7.04431e-15
scan charginogluino 475 1300 L4T1HTVZV 0.00011795 4.84893e-05 4.84588e-05 6.34701e-07 1.49217e-06 3.77111e-07 4.34311e-07 2.01982e-10
scan charginogluino 475 1300 L4T2HTVZV 2.69609e-05 1.90694e-05 1.90647e-05 0 3.89911e-07 1.64334e-07 0 1.04922e-09
scan charginogluino 475 1300 L4T0HTV 0.00026077 7.42953e-05 7.42225e-05 2.95164e-06 1.44978e-06 0 0 6.16453e-14
scan charginogluino 475 1300 L4T1HTV 3.43645e-05 2.24226e-05 2.24091e-05 1.48565e-07 3.95154e-07 6.55371e-07 0 3.76335e-12
scan charginogluino 475 1300 L4T2HTV 2.04835e-05 2.04864e-05 2.04839e-05 0 2.96234e-07 1.24852e-07 0 7.97141e-10
scan charginogluino 475 1300 L4T0ZV 0.000333127 8.41544e-05 8.38635e-05 2.16866e-06 6.64541e-06 0 0 2.19999e-15
scan charginogluino 475 1300 L4T1ZV 0.000199542 6.8785e-05 6.75085e-05 8.25044e-07 1.31142e-05 4.70314e-07 1.0464e-06 1.15683e-10
scan charginogluino 475 1300 L4T2ZV 6.69846e-05 3.47369e-05 3.44739e-05 3.92937e-07 4.08222e-06 2.84951e-07 9.92183e-07 5.58965e-07
scan charginogluino 475 1300 L4T0 0.000120266 3.64329e-05 3.62132e-05 1.05329e-06 3.85375e-06 0 0 2.08332e-14
scan charginogluino 475 1300 L4T1 2.53262e-06 2.6603e-06 2.53749e-06 2.77492e-08 7.96818e-07 5.18161e-08 0 2.78457e-11
scan charginogluino 475 1300 L4T2 0 1.45353e-07 1.45353e-07 0 0 0 0 0
scan charginogluino 475 1300 L3DY0T0METVHTV 0.000235792 6.54601e-05 6.418e-05 8.66881e-07 1.28529e-05 0 0 5.84615e-10
scan charginogluino 475 1300 L3DY0T1METVHTV 0.00171761 0.000176249 0.000164616 5.26223e-06 6.20136e-05 5.92547e-06 6.30559e-06 4.10236e-06
scan charginogluino 475 1300 L3DY0T2METVHTV 0.000846361 0.000123057 0.000122552 1.26715e-06 3.10138e-06 7.52219e-06 0 7.48928e-06
scan charginogluino 475 1300 L3DY0T0METV 9.5286e-05 4.7669e-05 4.76431e-05 5.80794e-07 1.45958e-06 0 0 1.04541e-10
scan charginogluino 475 1300 L3DY0T1METV 0.00023225 5.85396e-05 5.62206e-05 7.20138e-07 1.61931e-05 1.18207e-06 7.53569e-07 1.19666e-06
scan charginogluino 475 1300 L3DY0T2METV 1.99708e-05 1.37501e-05 1.37452e-05 1.66803e-09 1.40044e-07 2.7679e-07 0 1.91367e-07
scan charginogluino 475 1300 L3DY0T0HTV 5.61161e-05 4.17574e-05 3.96802e-05 3.44253e-07 1.30016e-05 0 0 3.1113e-10
scan charginogluino 475 1300 L3DY0T1HTV 6.47013e-07 6.65884e-07 6.65789e-07 0 9.35717e-09 6.22813e-09 0 2.51793e-11
scan charginogluino 475 1300 L3DY0T2HTV 4.7184e-06 4.71979e-06 4.71952e-06 1.43645e-08 0 2.876e-08 0 3.79642e-08
scan charginogluino 475 1300 L3DY0T0 3.91352e-05 2.8325e-05 2.83176e-05 1.65878e-07 6.24172e-07 0 0 4.3148e-12
scan charginogluino 475 1300 L3DY0T1 0 1.67839e-07 1.67839e-07 0 0 0 0 0
scan charginogluino 475 1300 L3DY0T2 2.28336e-05 1.73676e-05 1.73642e-05 2.10028e-08 1.14893e-07 2.46736e-07 0 2.08891e-07
scan charginogluino 475 1300 L3DY1T0METVHTVZV 0.0033807 0.000246645 0.0002244 1.79331e-05 0.000100781 0 0 2.04142e-07
scan charginogluino 475 1300 L3DY1T1METVHTVZV 0.00223308 0.000200907 0.00019639 8.22886e-06 3.99733e-05 7.27598e-06 8.21848e-06 2.94089e-06
scan charginogluino 475 1300 L3DY1T0METVHTV 0.000873334 0.00011793 0.000112206 5.20416e-06 3.59172e-05 0 0 1.61996e-09
scan charginogluino 475 1300 L3DY1T1METVHTV 0.000264326 6.33291e-05 6.03124e-05 7.01347e-07 1.91491e-05 1.02569e-06 2.09748e-06 5.93522e-07
scan charginogluino 475 1300 L3DY1T0METVZV 0.000555397 8.89823e-05 8.69979e-05 4.4381e-06 1.81524e-05 0 0 9.8757e-10
scan charginogluino 475 1300 L3DY1T1METVZV 0.000418718 6.8407e-05 6.77634e-05 1.66103e-06 8.69408e-06 1.35097e-06 2.65635e-06 6.42812e-07
scan charginogluino 475 1300 L3DY1T0METV 0.000116903 4.20346e-05 4.20006e-05 3.75979e-07 1.64776e-06 0 0 5.19238e-11
scan charginogluino 475 1300 L3DY1T1METV 6.94926e-05 2.92816e-05 2.89866e-05 2.44639e-07 4.11928e-06 1.69741e-07 3.2133e-07 1.7173e-07
scan charginogluino 475 1300 L3DY1T0HTVZV 0.000174953 6.23031e-05 6.15219e-05 1.49612e-06 9.72057e-06 0 0 1.15497e-09
scan charginogluino 475 1300 L3DY1T1HTVZV 6.19183e-05 2.3314e-05 2.32619e-05 2.6646e-07 1.36351e-06 4.40071e-07 5.53291e-07 2.48393e-08
scan charginogluino 475 1300 L3DY1T0HTV 4.19001e-05 2.43539e-05 2.42638e-05 2.75573e-07 2.07404e-06 0 0 9.6674e-12
scan charginogluino 475 1300 L3DY1T1HTV 7.26284e-06 7.45276e-06 7.26357e-06 0 1.66845e-06 2.21107e-08 0 4.30155e-09
scan charginogluino 475 1300 L3DY1T0ZV 2.48891e-05 2.0634e-05 2.00131e-05 1.34294e-07 5.02193e-06 0 0 2.81479e-11
scan charginogluino 475 1300 L3DY1T1ZV 4.74921e-05 2.47162e-05 2.47013e-05 3.70447e-07 0 2.54461e-07 7.2296e-07 1.09439e-07
scan charginogluino 475 1300 L3DY1T0 0 1.1868e-07 1.1868e-07 0 0 0 0 0
scan charginogluino 475 1300 L3DY1T1 0 1.1868e-07 1.1868e-07 0 0 0 0 0
