model coNLSP
parameter coNLSP 3
parameter kFactorProcessWeighted true
scan charginogluino 750 1550 LOXSEC 0.009436
scan charginogluino 750 1550 L4T0METVHTVZV 0.00136295 6.01231e-05 5.40271e-05 1.03611e-05 2.42591e-05 0 0 1.94398e-12
scan charginogluino 750 1550 L4T1METVHTVZV 0.000854344 5.01863e-05 4.70145e-05 4.11863e-06 1.66376e-05 2.84069e-06 2.54132e-06 6.6743e-10
scan charginogluino 750 1550 L4T2METVHTVZV 0.000369123 3.04254e-05 2.9828e-05 1.16506e-06 5.15016e-06 2.5986e-06 1.10801e-06 3.64845e-07
scan charginogluino 750 1550 L4T0METVHTV 0.000338957 3.10462e-05 2.89161e-05 2.93564e-06 1.09136e-05 0 0 1.16782e-12
scan charginogluino 750 1550 L4T1METVHTV 9.81575e-05 1.63696e-05 1.6083e-05 4.33549e-07 2.98993e-06 3.87384e-07 1.53423e-07 6.04336e-11
scan charginogluino 750 1550 L4T2METVHTV 8.58645e-08 8.84291e-08 8.84189e-08 0 1.24178e-09 5.23367e-10 0 3.34152e-12
scan charginogluino 750 1550 L4T0METVZV 0.000159619 1.93213e-05 1.89358e-05 1.30753e-06 3.61078e-06 0 0 1.79254e-12
scan charginogluino 750 1550 L4T1METVZV 5.28492e-05 1.0629e-05 1.05704e-05 2.76545e-07 1.05489e-06 1.64907e-07 1.61561e-07 3.3806e-11
scan charginogluino 750 1550 L4T2METVZV 7.61868e-06 3.81154e-06 3.81058e-06 1.71434e-08 6.93454e-08 4.6438e-08 0 1.15016e-09
scan charginogluino 750 1550 L4T0METV 4.90507e-05 1.23868e-05 1.23445e-05 5.20721e-07 8.80002e-07 0 0 5.57281e-16
scan charginogluino 750 1550 L4T1METV 7.59723e-06 4.47056e-06 4.46939e-06 2.95882e-08 9.49535e-08 2.3467e-08 0 1.45904e-12
scan charginogluino 750 1550 L4T2METV 0 2.31134e-08 2.31134e-08 0 0 0 0 0
scan charginogluino 750 1550 L4T0HTVZV 5.07845e-05 1.30218e-05 1.23364e-05 2.97472e-07 4.15841e-06 0 0 3.31664e-16
scan charginogluino 750 1550 L4T1HTVZV 2.10817e-05 9.40749e-06 9.39909e-06 7.6763e-08 3.61805e-07 1.41283e-07 3.52732e-08 8.80445e-12
scan charginogluino 750 1550 L4T2HTVZV 8.86974e-06 5.12156e-06 5.12099e-06 5.40634e-08 0 5.40634e-08 0 2.85237e-09
scan charginogluino 750 1550 L4T0HTV 6.16772e-06 3.63059e-06 3.6299e-06 6.55448e-08 2.66714e-08 0 0 4.15919e-17
scan charginogluino 750 1550 L4T1HTV 8.15784e-07 8.1617e-07 8.16166e-07 0 0 2.48354e-09 0 7.66727e-14
scan charginogluino 750 1550 L4T2HTV 0 2.31134e-08 2.31134e-08 0 0 0 0 0
scan charginogluino 750 1550 L4T0ZV 0 2.10995e-08 2.10995e-08 0 0 0 0 0
scan charginogluino 750 1550 L4T1ZV 8.50962e-06 4.12851e-06 4.12542e-06 7.31293e-08 9.14989e-08 1.09387e-08 1.08328e-07 5.70538e-12
scan charginogluino 750 1550 L4T2ZV 0 2.31134e-08 2.31134e-08 0 0 0 0 0
scan charginogluino 750 1550 L4T0 0 2.10995e-08 2.10995e-08 0 0 0 0 0
scan charginogluino 750 1550 L4T1 0 2.6689e-08 2.6689e-08 0 0 0 0 0
scan charginogluino 750 1550 L4T2 0 2.31134e-08 2.31134e-08 0 0 0 0 0
scan charginogluino 750 1550 L3DY0T0METVHTV 7.56502e-05 1.98292e-05 1.98028e-05 2.95052e-07 9.78439e-07 0 0 2.53335e-11
scan charginogluino 750 1550 L3DY0T1METVHTV 0.000220184 2.17917e-05 2.09827e-05 6.82369e-07 5.74505e-06 7.10906e-07 6.90725e-07 3.8934e-07
scan charginogluino 750 1550 L3DY0T2METVHTV 0.000173133 2.35443e-05 2.34495e-05 3.1299e-07 4.88072e-07 1.36134e-06 0 1.50412e-06
scan charginogluino 750 1550 L3DY0T0METV 0 1.8872e-08 1.8872e-08 0 0 0 0 0
scan charginogluino 750 1550 L3DY0T1METV 8.71418e-06 5.13064e-06 5.12739e-06 7.49476e-08 1.56255e-07 5.62943e-08 0 1.1517e-08
scan charginogluino 750 1550 L3DY0T2METV 0 1.8872e-08 1.8872e-08 0 0 0 0 0
scan charginogluino 750 1550 L3DY0T0HTV 0 1.8872e-08 1.8872e-08 0 0 0 0 0
scan charginogluino 750 1550 L3DY0T1HTV 4.74184e-06 3.79634e-06 3.79625e-06 1.69411e-08 1.60816e-09 1.98369e-08 0 3.33809e-09
scan charginogluino 750 1550 L3DY0T2HTV 2.32417e-06 2.32437e-06 2.32422e-06 0 0 1.41664e-08 0 2.23717e-08
scan charginogluino 750 1550 L3DY0T0 0 1.8872e-08 1.8872e-08 0 0 0 0 0
scan charginogluino 750 1550 L3DY0T1 0 2.6689e-08 2.6689e-08 0 0 0 0 0
scan charginogluino 750 1550 L3DY0T2 0 1.8872e-08 1.8872e-08 0 0 0 0 0
scan charginogluino 750 1550 L3DY1T0METVHTVZV 0.000597483 4.00849e-05 3.7574e-05 3.20011e-06 1.35923e-05 0 0 3.57236e-09
scan charginogluino 750 1550 L3DY1T1METVHTVZV 0.000367236 2.81125e-05 2.78174e-05 1.21475e-06 3.51816e-06 1.05307e-06 1.23144e-06 1.63269e-07
scan charginogluino 750 1550 L3DY1T0METVHTV 7.6854e-05 1.64636e-05 1.63738e-05 4.39055e-07 1.65982e-06 0 0 1.0288e-10
scan charginogluino 750 1550 L3DY1T1METVHTV 2.49566e-05 5.89967e-06 5.891e-06 4.42825e-08 2.79805e-07 1.0823e-07 9.44276e-08 3.6024e-08
scan charginogluino 750 1550 L3DY1T0METVZV 9.68789e-06 2.92805e-06 2.92636e-06 6.01077e-08 7.91699e-08 0 0 6.13371e-12
scan charginogluino 750 1550 L3DY1T1METVZV 2.34113e-05 5.72663e-06 5.70817e-06 9.06623e-08 3.88857e-07 1.28414e-07 1.86975e-07 1.07683e-08
scan charginogluino 750 1550 L3DY1T0METV 1.76649e-06 1.76707e-06 1.76656e-06 0 4.25093e-08 0 0 1.79694e-13
scan charginogluino 750 1550 L3DY1T1METV 1.91318e-06 1.35388e-06 1.35313e-06 1.96817e-08 3.20807e-08 2.21704e-08 0 1.11418e-08
scan charginogluino 750 1550 L3DY1T0HTVZV 2.15119e-05 8.08551e-06 8.07909e-06 3.66644e-08 3.1992e-07 0 0 1.58743e-12
scan charginogluino 750 1550 L3DY1T1HTVZV 6.74117e-06 3.71727e-06 3.71698e-06 2.82317e-08 3.05086e-08 1.95219e-08 7.24218e-09 2.73884e-09
scan charginogluino 750 1550 L3DY1T0HTV 0 1.8872e-08 1.8872e-08 0 0 0 0 0
scan charginogluino 750 1550 L3DY1T1HTV 0 1.8872e-08 1.8872e-08 0 0 0 0 0
scan charginogluino 750 1550 L3DY1T0ZV 2.64495e-06 2.64529e-06 2.645e-06 8.05217e-09 3.82515e-08 0 0 2.08692e-14
scan charginogluino 750 1550 L3DY1T1ZV 5.48732e-06 3.89269e-06 3.88245e-06 0 2.64158e-07 7.97623e-08 5.83667e-08 1.67938e-09
scan charginogluino 750 1550 L3DY1T0 0 1.8872e-08 1.8872e-08 0 0 0 0 0
scan charginogluino 750 1550 L3DY1T1 0 1.8872e-08 1.8872e-08 0 0 0 0 0
