model coNLSP
parameter coNLSP 3
parameter kFactorProcessWeighted true
scan charginogluino 400 1650 LOXSEC 0.07482
scan charginogluino 400 1650 L4T0METVHTVZV 0.00137157 0.000203443 0.000173106 8.25429e-06 0.00010656 0 0 5.05001e-13
scan charginogluino 400 1650 L4T1METVHTVZV 0.00138448 0.00024294 0.000237831 1.03593e-05 4.80305e-05 4.38732e-06 4.79497e-06 1.13773e-08
scan charginogluino 400 1650 L4T2METVHTVZV 0.000469803 0.000111856 0.000107807 1.17065e-06 2.95053e-05 3.95775e-06 0 1.30127e-06
scan charginogluino 400 1650 L4T0METVHTV 0.000728598 0.000117391 0.000115884 7.04549e-06 1.73745e-05 0 0 1.16185e-13
scan charginogluino 400 1650 L4T1METVHTV 7.54939e-05 3.4264e-05 3.39549e-05 7.15009e-07 4.49539e-06 5.99299e-07 5.95736e-08 1.3979e-10
scan charginogluino 400 1650 L4T2METVHTV 5.77339e-05 2.85755e-05 2.84697e-05 2.91778e-07 2.40993e-06 3.51904e-07 0 1.39462e-07
scan charginogluino 400 1650 L4T0METVZV 0.00585974 0.000491323 0.000321016 4.8593e-05 0.000368764 0 0 4.71945e-13
scan charginogluino 400 1650 L4T1METVZV 0.00263331 0.00026093 0.000224738 1.2824e-05 0.000131185 1.07652e-05 9.34602e-06 5.6268e-08
scan charginogluino 400 1650 L4T2METVZV 0.000670492 0.000107587 9.82702e-05 2.90707e-06 4.29379e-05 6.54005e-06 3.84008e-06 2.88715e-06
scan charginogluino 400 1650 L4T0METV 0.00516187 0.000423706 0.000305941 4.36029e-05 0.000289872 0 0 3.75778e-11
scan charginogluino 400 1650 L4T1METV 0.000861517 0.000161808 0.000144497 4.80237e-06 7.23463e-05 3.477e-06 5.78157e-06 1.40022e-08
scan charginogluino 400 1650 L4T2METV 0.00025865 8.40191e-05 8.18961e-05 6.66527e-07 1.83116e-05 3.46815e-06 1.77083e-06 1.15094e-06
scan charginogluino 400 1650 L4T0HTVZV 8.69842e-05 4.35339e-05 4.34924e-05 1.38484e-06 1.30444e-06 0 0 6.24248e-16
scan charginogluino 400 1650 L4T1HTVZV 3.34824e-05 2.36885e-05 2.36768e-05 1.02684e-07 7.27251e-07 1.22395e-07 0 2.58082e-11
scan charginogluino 400 1650 L4T2HTVZV 0 1.83271e-07 1.83271e-07 0 0 0 0 0
scan charginogluino 400 1650 L4T0HTV 8.14344e-05 3.79888e-05 3.7082e-05 8.99617e-07 8.20174e-06 0 0 4.90621e-14
scan charginogluino 400 1650 L4T1HTV 2.86721e-05 2.87418e-05 2.86728e-05 0 1.98835e-06 8.72881e-08 0 2.91664e-12
scan charginogluino 400 1650 L4T2HTV 0 1.83271e-07 1.83271e-07 0 0 0 0 0
scan charginogluino 400 1650 L4T0ZV 0.000854592 0.00013155 0.000118384 7.19897e-06 5.69105e-05 0 0 2.50266e-11
scan charginogluino 400 1650 L4T1ZV 0.000218133 5.92231e-05 5.74317e-05 1.05644e-06 1.43737e-05 6.78133e-07 8.94532e-07 3.33465e-10
scan charginogluino 400 1650 L4T2ZV 0.000183957 6.17845e-05 6.16908e-05 1.21787e-06 8.73467e-07 3.05093e-06 0 1.20583e-07
scan charginogluino 400 1650 L4T0 0.000873089 0.000148326 0.00014131 7.84933e-06 4.43877e-05 0 0 8.77151e-14
scan charginogluino 400 1650 L4T1 0.000113746 4.40504e-05 4.32975e-05 6.43537e-07 8.07275e-06 4.19854e-07 6.12248e-08 4.124e-10
scan charginogluino 400 1650 L4T2 0 1.83271e-07 1.83271e-07 0 0 0 0 0
scan charginogluino 400 1650 L3DY0T0METVHTV 5.68078e-05 2.54926e-05 2.49316e-05 1.35715e-07 5.3172e-06 0 0 2.00504e-10
scan charginogluino 400 1650 L3DY0T1METVHTV 0.000484604 0.000119094 0.000101541 1.60901e-06 6.20537e-05 1.7916e-06 2.71766e-06 2.9951e-06
scan charginogluino 400 1650 L3DY0T2METVHTV 9.13549e-05 3.71912e-05 3.71608e-05 5.78525e-08 5.21675e-07 1.12442e-06 0 8.49333e-07
scan charginogluino 400 1650 L3DY0T0METV 0.000441436 0.000119161 0.000117346 2.24114e-06 2.05944e-05 0 0 2.53877e-07
scan charginogluino 400 1650 L3DY0T1METV 0.000860961 0.000130086 0.00012041 4.26513e-06 4.84899e-05 2.62466e-06 5.64889e-06 3.92895e-06
scan charginogluino 400 1650 L3DY0T2METV 0.000157643 5.07507e-05 5.07063e-05 3.78992e-07 7.64352e-08 1.61753e-06 0 1.32077e-06
scan charginogluino 400 1650 L3DY0T0HTV 0 1.4964e-07 1.4964e-07 0 0 0 0 0
scan charginogluino 400 1650 L3DY0T1HTV 0.000108477 7.68945e-05 7.62748e-05 3.085e-07 9.58973e-06 1.53026e-06 6.17531e-07 3.68614e-07
scan charginogluino 400 1650 L3DY0T2HTV 6.59421e-06 6.59608e-06 6.59548e-06 0 4.7546e-08 4.01938e-08 0 6.34737e-08
scan charginogluino 400 1650 L3DY0T0 0 1.4964e-07 1.4964e-07 0 0 0 0 0
scan charginogluino 400 1650 L3DY0T1 7.91562e-05 3.7479e-05 3.59477e-05 6.22765e-07 1.05281e-05 8.55503e-07 5.1818e-07 4.59051e-07
scan charginogluino 400 1650 L3DY0T2 2.11884e-05 2.11979e-05 2.11888e-05 6.4505e-08 0 5.92984e-07 0 1.70481e-07
scan charginogluino 400 1650 L3DY1T0METVHTVZV 0.00125969 0.00019975 0.000184179 6.82431e-06 7.7018e-05 0 0 7.47343e-09
scan charginogluino 400 1650 L3DY1T1METVHTVZV 0.00042315 7.96765e-05 7.89261e-05 1.75158e-06 1.04708e-05 2.24907e-06 9.78913e-07 5.31974e-07
scan charginogluino 400 1650 L3DY1T0METVHTV 0.000362808 8.03963e-05 7.96494e-05 2.39902e-06 1.06671e-05 0 0 7.27086e-10
scan charginogluino 400 1650 L3DY1T1METVHTV 0.000190948 8.92193e-05 8.60128e-05 3.15597e-07 2.35439e-05 2.06362e-07 2.72184e-06 8.41552e-08
scan charginogluino 400 1650 L3DY1T0METVZV 0.00147047 0.000168252 0.000160543 9.81282e-06 4.93801e-05 0 0 1.58161e-07
scan charginogluino 400 1650 L3DY1T1METVZV 0.00126738 0.000158344 0.000150282 4.25751e-06 4.88474e-05 3.41693e-06 7.9325e-06 3.02611e-06
scan charginogluino 400 1650 L3DY1T0METV 0.00070746 0.000119466 0.000115609 4.22154e-06 2.98161e-05 0 0 1.51052e-08
scan charginogluino 400 1650 L3DY1T1METV 0.000249951 7.46388e-05 7.27837e-05 1.04049e-06 1.63035e-05 1.01169e-06 2.18838e-06 8.84163e-07
scan charginogluino 400 1650 L3DY1T0HTVZV 9.83005e-05 4.43758e-05 4.41669e-05 7.39593e-07 4.23638e-06 0 0 1.30477e-10
scan charginogluino 400 1650 L3DY1T1HTVZV 2.90672e-06 2.9097e-06 2.90961e-06 1.77227e-08 0 1.23797e-08 0 7.06729e-09
scan charginogluino 400 1650 L3DY1T0HTV 0.000140198 7.26092e-05 7.20746e-05 7.66523e-07 8.76133e-06 0 0 4.3388e-10
scan charginogluino 400 1650 L3DY1T1HTV 0 1.4964e-07 1.4964e-07 0 0 0 0 0
scan charginogluino 400 1650 L3DY1T0ZV 0.000234657 5.92856e-05 5.59133e-05 1.41112e-06 1.96596e-05 0 0 6.7544e-10
scan charginogluino 400 1650 L3DY1T1ZV 0.000138399 4.35783e-05 4.35188e-05 6.60927e-07 2.05589e-06 6.95342e-07 1.6103e-08 1.72807e-07
scan charginogluino 400 1650 L3DY1T0 0.000108688 4.69016e-05 4.62527e-05 9.01676e-07 7.72243e-06 0 0 6.02826e-10
scan charginogluino 400 1650 L3DY1T1 5.31436e-05 2.79002e-05 2.78932e-05 3.29795e-07 2.20997e-07 1.05684e-07 4.32281e-07 1.87258e-07
