model coNLSP
parameter coNLSP 3
parameter kFactorProcessWeighted true
scan charginogluino 650 2300 LOXSEC 0.008718
scan charginogluino 650 2300 L4T0METVHTVZV 0.000119761 1.62275e-05 1.57577e-05 8.90505e-07 3.77254e-06 0 0 1.38717e-13
scan charginogluino 650 2300 L4T1METVHTVZV 3.44829e-05 9.20446e-06 8.97932e-06 2.00396e-07 2.00959e-06 9.73519e-08 7.56906e-08 2.76311e-11
scan charginogluino 650 2300 L4T2METVHTVZV 1.80134e-05 6.44814e-06 6.44387e-06 9.99731e-08 1.31383e-07 1.35809e-07 8.49306e-08 4.61817e-08
scan charginogluino 650 2300 L4T0METVHTV 5.03477e-05 1.57414e-05 1.46681e-05 2.73726e-07 5.70656e-06 0 0 8.06762e-13
scan charginogluino 650 2300 L4T1METVHTV 5.26693e-06 3.12459e-06 3.12103e-06 6.0167e-08 1.34323e-07 2.34426e-08 0 1.0893e-11
scan charginogluino 650 2300 L4T2METVHTV 0 2.13547e-08 2.13547e-08 0 0 0 0 0
scan charginogluino 650 2300 L4T0METVZV 0.000521296 3.4811e-05 3.17838e-05 3.98822e-06 1.36268e-05 0 0 8.39831e-13
scan charginogluino 650 2300 L4T1METVZV 0.000191593 2.06829e-05 1.9819e-05 9.76334e-07 5.78252e-06 5.73315e-07 5.18267e-07 1.28636e-09
scan charginogluino 650 2300 L4T2METVZV 5.27975e-05 1.14165e-05 1.13959e-05 1.73653e-07 5.41847e-07 3.40094e-07 1.63349e-07 4.79066e-08
scan charginogluino 650 2300 L4T0METV 0.000144457 1.66128e-05 1.62804e-05 1.44458e-06 2.97408e-06 0 0 5.77414e-15
scan charginogluino 650 2300 L4T1METV 1.67851e-05 6.08322e-06 5.95236e-06 7.69217e-08 1.24989e-06 4.12428e-08 7.19542e-08 1.84132e-11
scan charginogluino 650 2300 L4T2METV 4.25438e-06 2.71583e-06 2.65503e-06 4.69908e-08 5.6769e-07 4.28596e-08 0 1.51967e-08
scan charginogluino 650 2300 L4T0HTVZV 1.5131e-05 6.6515e-06 6.61328e-06 1.18217e-07 7.02155e-07 0 0 3.39812e-17
scan charginogluino 650 2300 L4T1HTVZV 3.6081e-06 2.67528e-06 2.67461e-06 1.13187e-08 5.1801e-08 7.21961e-09 2.72475e-08 5.73161e-13
scan charginogluino 650 2300 L4T2HTVZV 0 2.13547e-08 2.13547e-08 0 0 0 0 0
scan charginogluino 650 2300 L4T0HTV 1.80349e-06 1.80371e-06 1.80357e-06 2.20329e-08 0 0 0 2.67611e-31
scan charginogluino 650 2300 L4T1HTV 1.32689e-06 1.3374e-06 1.32709e-06 8.09021e-09 1.65503e-07 4.03952e-09 0 1.89945e-12
scan charginogluino 650 2300 L4T2HTV 0 2.13547e-08 2.13547e-08 0 0 0 0 0
scan charginogluino 650 2300 L4T0ZV 4.69086e-05 8.98044e-06 8.95676e-06 4.66667e-07 4.54887e-07 0 0 3.1224e-16
scan charginogluino 650 2300 L4T1ZV 8.25051e-06 3.53662e-06 3.53478e-06 4.32086e-08 7.64485e-08 5.33493e-08 4.99251e-08 1.31841e-12
scan charginogluino 650 2300 L4T2ZV 2.08133e-06 1.73078e-06 1.72871e-06 5.12007e-09 1.79041e-08 2.43511e-09 8.24642e-08 5.57025e-10
scan charginogluino 650 2300 L4T0 1.90212e-05 1.01793e-05 1.01714e-05 4.01473e-07 2.36047e-08 0 0 1.17747e-18
scan charginogluino 650 2300 L4T1 1.23297e-06 1.23332e-06 1.23318e-06 0 1.78313e-08 3.75359e-09 0 9.72838e-15
scan charginogluino 650 2300 L4T2 0 2.13547e-08 2.13547e-08 0 0 0 0 0
scan charginogluino 650 2300 L3DY0T0METVHTV 5.99326e-06 4.36348e-06 4.33674e-06 8.815e-08 4.74187e-07 0 0 3.36374e-11
scan charginogluino 650 2300 L3DY0T1METVHTV 4.51877e-05 1.0412e-05 1.03693e-05 1.5643e-07 8.95997e-07 1.11479e-07 1.88838e-07 1.11105e-07
scan charginogluino 650 2300 L3DY0T2METVHTV 4.03043e-05 1.21969e-05 1.21861e-05 2.28962e-08 2.36377e-07 2.55845e-07 0 3.76076e-07
scan charginogluino 650 2300 L3DY0T0METV 1.69125e-05 8.19336e-06 8.16318e-06 6.5149e-08 6.99614e-07 0 0 3.21571e-09
scan charginogluino 650 2300 L3DY0T1METV 3.47197e-05 9.17074e-06 9.15939e-06 2.06831e-07 3.08207e-07 2.14538e-07 6.54722e-08 1.41461e-07
scan charginogluino 650 2300 L3DY0T2METV 1.6284e-05 5.15451e-06 5.15022e-06 1.02569e-08 9.31192e-08 1.12036e-07 0 1.51422e-07
scan charginogluino 650 2300 L3DY0T0HTV 0 1.7436e-08 1.7436e-08 0 0 0 0 0
scan charginogluino 650 2300 L3DY0T1HTV 3.64203e-06 3.31708e-06 3.31703e-06 1.21336e-08 0 1.10877e-08 0 7.3879e-10
scan charginogluino 650 2300 L3DY0T2HTV 0 1.7436e-08 1.7436e-08 0 0 0 0 0
scan charginogluino 650 2300 L3DY0T0 0 1.7436e-08 1.7436e-08 0 0 0 0 0
scan charginogluino 650 2300 L3DY0T1 0 2.46582e-08 2.46582e-08 0 0 0 0 0
scan charginogluino 650 2300 L3DY0T2 2.75772e-06 2.75813e-06 2.75776e-06 0 1.98839e-08 3.02155e-08 0 2.65449e-08
scan charginogluino 650 2300 L3DY1T0METVHTVZV 0.000105004 1.78912e-05 1.77638e-05 4.43538e-07 2.08427e-06 0 0 9.46202e-11
scan charginogluino 650 2300 L3DY1T1METVHTVZV 4.72122e-05 1.13842e-05 1.13718e-05 9.40457e-08 4.61569e-07 2.01861e-07 1.17468e-07 7.86767e-08
scan charginogluino 650 2300 L3DY1T0METVHTV 1.80509e-05 6.92147e-06 6.85039e-06 7.39484e-08 9.86598e-07 0 0 3.07089e-11
scan charginogluino 650 2300 L3DY1T1METVHTV 3.85865e-07 3.8617e-07 3.8616e-07 2.36981e-09 0 1.17471e-09 0 9.38177e-10
scan charginogluino 650 2300 L3DY1T0METVZV 8.64061e-05 1.3656e-05 1.34299e-05 4.69182e-07 2.42988e-06 0 0 2.68417e-10
scan charginogluino 650 2300 L3DY1T1METVZV 0.000190121 3.69195e-05 3.68452e-05 2.20451e-07 2.24548e-06 5.95426e-07 1.7209e-07 8.86699e-08
scan charginogluino 650 2300 L3DY1T0METV 9.48581e-06 7.41725e-06 7.36147e-06 1.58359e-08 9.07827e-07 0 0 9.44832e-13
scan charginogluino 650 2300 L3DY1T1METV 1.53278e-06 9.17148e-07 9.16112e-07 7.40587e-09 4.20813e-08 3.71055e-09 7.00141e-09 3.27949e-09
scan charginogluino 650 2300 L3DY1T0HTVZV 2.91056e-06 2.91072e-06 2.9106e-06 2.66396e-08 0 0 0 1.31194e-12
scan charginogluino 650 2300 L3DY1T1HTVZV 0 1.7436e-08 1.7436e-08 0 0 0 0 0
scan charginogluino 650 2300 L3DY1T0HTV 0 1.7436e-08 1.7436e-08 0 0 0 0 0
scan charginogluino 650 2300 L3DY1T1HTV 1.36054e-06 1.36065e-06 1.36062e-06 8.29283e-09 0 4.14196e-09 0 4.37528e-10
scan charginogluino 650 2300 L3DY1T0ZV 6.67145e-06 4.62009e-06 4.48196e-06 1.07371e-09 1.12128e-06 0 0 3.84932e-13
scan charginogluino 650 2300 L3DY1T1ZV 1.50126e-05 8.14267e-06 8.13699e-06 1.77593e-08 1.74983e-07 8.9006e-08 2.31471e-07 5.19619e-09
scan charginogluino 650 2300 L3DY1T0 0 1.7436e-08 1.7436e-08 0 0 0 0 0
scan charginogluino 650 2300 L3DY1T1 0 1.7436e-08 1.7436e-08 0 0 0 0 0
