model coNLSP
parameter coNLSP 3
parameter kFactorProcessWeighted true
scan charginogluino 500 1500 LOXSEC 0.03425
scan charginogluino 500 1500 L4T0METVHTVZV 0.00163851 0.000127481 0.000111643 1.31233e-05 6.01255e-05 0 0 7.7057e-12
scan charginogluino 500 1500 L4T1METVHTVZV 0.00125738 0.000120854 0.0001104 7.83036e-06 4.80643e-05 5.52605e-06 3.954e-06 5.92508e-09
scan charginogluino 500 1500 L4T2METVHTVZV 0.000357508 5.62081e-05 5.54936e-05 1.32917e-06 8.47824e-06 2.36088e-06 7.31403e-07 2.3051e-07
scan charginogluino 500 1500 L4T0METVHTV 0.00122562 0.000125024 0.000111524 1.01201e-05 5.55966e-05 0 0 8.78678e-14
scan charginogluino 500 1500 L4T1METVHTV 0.000183681 4.41626e-05 4.35632e-05 1.27913e-06 7.06851e-06 8.20298e-07 5.59225e-07 1.23208e-09
scan charginogluino 500 1500 L4T2METVHTV 1.99122e-05 9.97731e-06 9.97299e-06 8.80499e-08 7.90803e-08 1.18476e-07 2.40607e-07 1.52106e-08
scan charginogluino 500 1500 L4T0METVZV 0.00209194 0.000151377 0.000134103 1.8834e-05 6.76507e-05 0 0 1.59529e-11
scan charginogluino 500 1500 L4T1METVZV 0.000840007 8.61594e-05 8.08305e-05 5.5e-06 2.89793e-05 3.04644e-06 3.24806e-06 4.57962e-09
scan charginogluino 500 1500 L4T2METVZV 0.000182709 3.64416e-05 3.62826e-05 7.24176e-07 3.01652e-06 1.27726e-06 3.49895e-07 4.31256e-07
scan charginogluino 500 1500 L4T0METV 0.00101322 9.61076e-05 9.22058e-05 9.18182e-06 2.55039e-05 0 0 4.78376e-11
scan charginogluino 500 1500 L4T1METV 0.000231629 4.74502e-05 4.50914e-05 8.39692e-07 1.46478e-05 1.2517e-06 1.20615e-06 2.80146e-09
scan charginogluino 500 1500 L4T2METV 1.61622e-05 1.06333e-05 1.06299e-05 5.81983e-08 9.57399e-08 2.4047e-07 0 2.5294e-08
scan charginogluino 500 1500 L4T0HTVZV 9.85967e-05 3.24236e-05 3.10515e-05 8.73386e-07 9.2915e-06 0 0 6.53897e-15
scan charginogluino 500 1500 L4T1HTVZV 4.03703e-05 1.76774e-05 1.76698e-05 1.9004e-07 4.32727e-07 2.19895e-07 0 8.30101e-11
scan charginogluino 500 1500 L4T2HTVZV 0 8.3895e-08 8.3895e-08 0 0 0 0 0
scan charginogluino 500 1500 L4T0HTV 3.68723e-05 1.85062e-05 1.84924e-05 6.72882e-07 2.39987e-07 0 0 1.00789e-14
scan charginogluino 500 1500 L4T1HTV 0 9.68736e-08 9.68736e-08 0 0 0 0 0
scan charginogluino 500 1500 L4T2HTV 0 8.3895e-08 8.3895e-08 0 0 0 0 0
scan charginogluino 500 1500 L4T0ZV 0.000268897 6.62861e-05 6.50734e-05 2.17065e-06 1.24333e-05 0 0 1.93306e-14
scan charginogluino 500 1500 L4T1ZV 8.69511e-05 3.11822e-05 3.05389e-05 5.83842e-07 6.26847e-06 2.65775e-07 1.39786e-08 8.63907e-11
scan charginogluino 500 1500 L4T2ZV 8.64127e-06 6.32501e-06 6.30387e-06 1.96607e-08 4.98836e-07 1.23282e-07 0 5.02709e-08
scan charginogluino 500 1500 L4T0 5.74271e-05 2.96592e-05 2.96439e-05 5.33995e-07 7.89016e-07 0 0 4.69257e-14
scan charginogluino 500 1500 L4T1 1.93473e-05 1.93555e-05 1.93475e-05 5.52786e-07 0 5.89002e-08 0 6.64755e-11
scan charginogluino 500 1500 L4T2 0 8.3895e-08 8.3895e-08 0 0 0 0 0
scan charginogluino 500 1500 L3DY0T0METVHTV 0.000138281 3.68725e-05 3.57821e-05 8.39664e-07 8.86085e-06 0 0 6.56042e-08
scan charginogluino 500 1500 L3DY0T1METVHTV 0.000399264 6.12083e-05 6.08232e-05 8.61424e-07 6.57433e-06 1.52842e-06 4.38247e-07 7.11717e-07
scan charginogluino 500 1500 L3DY0T2METVHTV 0.00022694 4.42599e-05 4.41386e-05 4.83582e-07 4.90982e-07 2.55123e-06 0 1.93352e-06
scan charginogluino 500 1500 L3DY0T0METV 6.22116e-05 2.39208e-05 2.39049e-05 5.05005e-07 7.09859e-07 0 0 3.07955e-10
scan charginogluino 500 1500 L3DY0T1METV 0.000137853 3.03183e-05 2.99933e-05 3.92771e-07 4.31408e-06 5.04955e-07 6.79345e-07 3.46222e-07
scan charginogluino 500 1500 L3DY0T2METV 5.3146e-05 2.27516e-05 2.27406e-05 4.99647e-08 2.6486e-07 4.40303e-07 0 4.8564e-07
scan charginogluino 500 1500 L3DY0T0HTV 3.20548e-07 3.26076e-07 3.25991e-07 9.75863e-10 7.38777e-09 0 0 5.91995e-13
scan charginogluino 500 1500 L3DY0T1HTV 8.97188e-06 8.97332e-06 8.97234e-06 0 1.29752e-07 2.73136e-08 0 3.49152e-10
scan charginogluino 500 1500 L3DY0T2HTV 3.43837e-05 1.98554e-05 1.98515e-05 1.04676e-07 0 2.54758e-07 0 2.7665e-07
scan charginogluino 500 1500 L3DY0T0 3.87123e-06 3.87211e-06 3.87168e-06 1.17854e-08 5.60237e-08 0 0 7.14947e-12
scan charginogluino 500 1500 L3DY0T1 9.72035e-05 5.80968e-05 5.79759e-05 4.47047e-07 3.6987e-06 3.26875e-07 2.01662e-07 9.20583e-08
scan charginogluino 500 1500 L3DY0T2 1.5278e-05 1.5279e-05 1.52781e-05 4.65118e-08 0 9.31236e-08 0 1.22927e-07
scan charginogluino 500 1500 L3DY1T0METVHTVZV 0.00107081 0.000100871 9.6032e-05 5.1915e-06 3.04264e-05 0 0 1.27945e-09
scan charginogluino 500 1500 L3DY1T1METVHTVZV 0.000615378 8.06562e-05 7.95007e-05 2.47249e-06 1.30459e-05 1.91629e-06 2.21115e-06 4.30011e-07
scan charginogluino 500 1500 L3DY1T0METVHTV 0.000369898 6.25858e-05 5.88197e-05 2.05091e-06 2.1284e-05 0 0 8.43509e-10
scan charginogluino 500 1500 L3DY1T1METVHTV 0.000128024 3.26481e-05 3.26069e-05 6.31312e-07 1.2717e-06 4.94556e-07 6.0645e-07 2.47202e-07
scan charginogluino 500 1500 L3DY1T0METVZV 0.000492356 7.53088e-05 7.45286e-05 2.29153e-06 1.05668e-05 0 0 4.97271e-10
scan charginogluino 500 1500 L3DY1T1METVZV 0.000300213 5.15709e-05 5.04306e-05 1.01569e-06 1.05004e-05 9.69335e-07 1.92564e-06 6.17205e-07
scan charginogluino 500 1500 L3DY1T0METV 8.46097e-05 2.46018e-05 2.44489e-05 4.25116e-07 2.70607e-06 0 0 6.19388e-11
scan charginogluino 500 1500 L3DY1T1METV 4.64212e-05 2.01593e-05 2.01475e-05 1.82732e-07 5.4483e-07 9.37068e-08 3.49131e-07 1.09419e-07
scan charginogluino 500 1500 L3DY1T0HTVZV 3.02098e-05 1.35917e-05 1.35727e-05 2.11041e-07 6.86944e-07 0 0 9.73532e-12
scan charginogluino 500 1500 L3DY1T1HTVZV 2.70777e-05 1.21343e-05 1.21331e-05 1.3615e-07 6.8584e-08 6.80042e-08 0 9.99101e-09
scan charginogluino 500 1500 L3DY1T0HTV 0 6.85e-08 6.85e-08 0 0 0 0 0
scan charginogluino 500 1500 L3DY1T1HTV 0 6.85e-08 6.85e-08 0 0 0 0 0
scan charginogluino 500 1500 L3DY1T0ZV 4.30071e-05 1.95615e-05 1.95559e-05 3.72805e-07 2.82754e-07 0 0 3.39326e-10
scan charginogluino 500 1500 L3DY1T1ZV 4.697e-05 2.10611e-05 2.1052e-05 3.14904e-07 2.00186e-07 4.62127e-07 7.37639e-09 1.81921e-07
scan charginogluino 500 1500 L3DY1T0 5.33632e-06 5.33688e-06 5.33665e-06 4.8842e-08 0 0 0 2.40535e-12
scan charginogluino 500 1500 L3DY1T1 9.11808e-06 7.94504e-06 7.93262e-06 4.77055e-08 4.06034e-07 1.24314e-08 1.72448e-07 1.42573e-08
