model coNLSP
parameter coNLSP 3
parameter kFactorProcessWeighted true
scan charginogluino 1000 1650 LOXSEC 0.003742
scan charginogluino 1000 1650 L4T0METVHTVZV 0.000850434 3.13534e-05 2.77127e-05 6.54823e-06 1.31211e-05 0 0 2.30822e-13
scan charginogluino 1000 1650 L4T1METVHTVZV 0.000417136 2.10165e-05 1.9757e-05 2.02001e-06 6.59485e-06 1.19959e-06 1.5299e-06 1.20229e-09
scan charginogluino 1000 1650 L4T2METVHTVZV 0.000156976 1.22165e-05 1.19747e-05 4.36785e-07 2.09274e-06 9.28085e-07 6.27809e-07 1.58424e-07
scan charginogluino 1000 1650 L4T0METVHTV 0.000104637 1.01625e-05 1.00179e-05 9.66665e-07 1.40846e-06 0 0 5.46078e-13
scan charginogluino 1000 1650 L4T1METVHTV 2.12364e-05 4.75649e-06 4.73936e-06 1.20099e-07 3.75935e-07 6.32113e-08 5.3926e-08 1.44721e-11
scan charginogluino 1000 1650 L4T2METVHTV 1.2764e-07 1.31235e-07 1.27914e-07 0 2.9322e-08 7.78003e-10 0 7.55973e-11
scan charginogluino 1000 1650 L4T0METVZV 3.02922e-05 5.32096e-06 5.29444e-06 1.90135e-07 4.95355e-07 0 0 7.49735e-17
scan charginogluino 1000 1650 L4T1METVZV 1.10624e-05 3.33069e-06 3.32706e-06 5.37463e-08 1.40767e-07 3.78761e-08 0 8.63371e-13
scan charginogluino 1000 1650 L4T2METVZV 5.72317e-06 2.14774e-06 2.14237e-06 1.45304e-08 1.07548e-07 4.03948e-08 9.76775e-08 1.04708e-08
scan charginogluino 1000 1650 L4T0METV 2.75131e-06 1.66334e-06 1.66284e-06 1.83785e-08 3.62966e-08 0 0 3.41795e-17
scan charginogluino 1000 1650 L4T1METV 8.47112e-07 8.47266e-07 8.4717e-07 2.57891e-09 1.2251e-08 2.57891e-09 0 6.6839e-15
scan charginogluino 1000 1650 L4T2METV 0 9.16599e-09 9.16599e-09 0 0 0 0 0
scan charginogluino 1000 1650 L4T0HTVZV 2.07074e-05 5.50695e-06 5.49979e-06 1.54128e-07 2.3449e-07 0 0 2.15907e-16
scan charginogluino 1000 1650 L4T1HTVZV 9.12725e-06 3.1812e-06 3.17983e-06 5.95733e-08 6.23379e-08 2.4034e-08 2.71596e-08 2.02808e-12
scan charginogluino 1000 1650 L4T2HTVZV 5.10736e-07 5.10824e-07 5.10805e-07 3.11308e-09 0 3.11308e-09 0 1.64245e-10
scan charginogluino 1000 1650 L4T0HTV 1.5122e-06 1.4797e-06 1.47945e-06 1.65089e-08 2.16293e-08 0 0 1.26166e-18
scan charginogluino 1000 1650 L4T1HTV 0 1.0584e-08 1.0584e-08 0 0 0 0 0
scan charginogluino 1000 1650 L4T2HTV 0 9.16599e-09 9.16599e-09 0 0 0 0 0
scan charginogluino 1000 1650 L4T0ZV 0 8.36737e-09 8.36737e-09 0 0 0 0 0
scan charginogluino 1000 1650 L4T1ZV 1.49686e-06 1.49697e-06 1.4969e-06 1.37004e-08 0 4.55699e-09 0 6.74713e-13
scan charginogluino 1000 1650 L4T2ZV 0 9.16599e-09 9.16599e-09 0 0 0 0 0
scan charginogluino 1000 1650 L4T0 0 8.36737e-09 8.36737e-09 0 0 0 0 0
scan charginogluino 1000 1650 L4T1 0 1.0584e-08 1.0584e-08 0 0 0 0 0
scan charginogluino 1000 1650 L4T2 0 9.16599e-09 9.16599e-09 0 0 0 0 0
scan charginogluino 1000 1650 L3DY0T0METVHTV 3.22581e-05 6.65881e-06 6.42466e-06 1.47549e-07 1.74407e-06 0 0 9.13975e-12
scan charginogluino 1000 1650 L3DY0T1METVHTV 0.000121592 1.08775e-05 1.06134e-05 3.68605e-07 2.29273e-06 3.24929e-07 3.98207e-07 1.41782e-07
scan charginogluino 1000 1650 L3DY0T2METVHTV 5.93258e-05 6.717e-06 6.68012e-06 7.53721e-08 2.49243e-07 3.78485e-07 0 5.3194e-07
scan charginogluino 1000 1650 L3DY0T0METV 0 7.484e-09 7.484e-09 0 0 0 0 0
scan charginogluino 1000 1650 L3DY0T1METV 1.47633e-07 1.48016e-07 1.47964e-07 0 2.13508e-09 0 3.25286e-09 5.74531e-12
scan charginogluino 1000 1650 L3DY0T2METV 3.38619e-07 3.38712e-07 3.38681e-07 0 2.44153e-09 2.06398e-09 0 3.25944e-09
scan charginogluino 1000 1650 L3DY0T0HTV 0 7.484e-09 7.484e-09 0 0 0 0 0
scan charginogluino 1000 1650 L3DY0T1HTV 2.61973e-06 1.51483e-06 1.51449e-06 2.84997e-09 3.1098e-08 7.97544e-09 0 2.43867e-10
scan charginogluino 1000 1650 L3DY0T2HTV 0 7.484e-09 7.484e-09 0 0 0 0 0
scan charginogluino 1000 1650 L3DY0T0 0 7.484e-09 7.484e-09 0 0 0 0 0
scan charginogluino 1000 1650 L3DY0T1 0 1.0584e-08 1.0584e-08 0 0 0 0 0
scan charginogluino 1000 1650 L3DY0T2 5.03056e-07 5.03135e-07 5.03098e-07 0 3.62717e-09 0 0 4.84225e-09
scan charginogluino 1000 1650 L3DY1T0METVHTVZV 0.000348847 1.92199e-05 1.81133e-05 1.82972e-06 6.16145e-06 0 0 2.73876e-09
scan charginogluino 1000 1650 L3DY1T1METVHTVZV 0.000196995 1.28353e-05 1.26931e-05 7.23324e-07 1.51866e-06 5.40434e-07 7.08933e-07 8.25782e-08
scan charginogluino 1000 1650 L3DY1T0METVHTV 1.82952e-05 3.96154e-06 3.94655e-06 1.4645e-07 3.11641e-07 0 0 2.15502e-11
scan charginogluino 1000 1650 L3DY1T1METVHTV 8.49926e-06 3.10187e-06 3.07264e-06 3.96254e-08 4.22145e-07 2.61141e-08 3.39637e-09 3.17179e-09
scan charginogluino 1000 1650 L3DY1T0METVZV 1.79953e-06 1.32152e-06 1.306e-06 4.69282e-09 2.01895e-07 0 0 7.61438e-12
scan charginogluino 1000 1650 L3DY1T1METVZV 4.75076e-05 1.83467e-05 1.83343e-05 1.65903e-08 6.47696e-07 1.88069e-07 0 2.61819e-09
scan charginogluino 1000 1650 L3DY1T0METV 0 7.484e-09 7.484e-09 0 0 0 0 0
scan charginogluino 1000 1650 L3DY1T1METV 0 7.484e-09 7.484e-09 0 0 0 0 0
scan charginogluino 1000 1650 L3DY1T0HTVZV 5.85187e-06 2.16879e-06 2.16776e-06 2.90711e-08 6.01204e-08 0 0 2.43229e-12
scan charginogluino 1000 1650 L3DY1T1HTVZV 4.4535e-06 2.09272e-06 2.09242e-06 1.26333e-08 2.98481e-08 1.25931e-08 6.98402e-09 8.48782e-10
scan charginogluino 1000 1650 L3DY1T0HTV 0 7.484e-09 7.484e-09 0 0 0 0 0
scan charginogluino 1000 1650 L3DY1T1HTV 9.24756e-07 9.24796e-07 9.24778e-07 5.63664e-09 0 0 0 2.97387e-10
scan charginogluino 1000 1650 L3DY1T0ZV 0 7.484e-09 7.484e-09 0 0 0 0 0
scan charginogluino 1000 1650 L3DY1T1ZV 0 7.484e-09 7.484e-09 0 0 0 0 0
scan charginogluino 1000 1650 L3DY1T0 0 7.484e-09 7.484e-09 0 0 0 0 0
scan charginogluino 1000 1650 L3DY1T1 0 7.484e-09 7.484e-09 0 0 0 0 0
