model coNLSP
parameter coNLSP 3
parameter kFactorProcessWeighted true
scan charginogluino 500 1800 LOXSEC 0.02928
scan charginogluino 500 1800 L4T0METVHTVZV 0.000669627 7.84137e-05 7.14197e-05 5.24607e-06 3.19438e-05 0 0 2.61292e-11
scan charginogluino 500 1800 L4T1METVHTVZV 0.00028447 4.56105e-05 4.34229e-05 1.75556e-06 1.37323e-05 9.76174e-07 1.46892e-06 3.02351e-10
scan charginogluino 500 1800 L4T2METVHTVZV 0.000107121 3.61494e-05 3.47869e-05 2.57447e-07 9.79057e-06 8.52096e-07 1.29309e-08 6.10722e-08
scan charginogluino 500 1800 L4T0METVHTV 0.000227759 3.9924e-05 3.85711e-05 2.31094e-06 1.00427e-05 0 0 1.71237e-13
scan charginogluino 500 1800 L4T1METVHTV 7.43458e-05 2.10404e-05 2.07618e-05 3.6246e-07 3.3711e-06 3.81948e-07 5.55444e-08 5.53819e-10
scan charginogluino 500 1800 L4T2METVHTV 7.15866e-06 5.10938e-06 5.06236e-06 0 6.84857e-07 7.05935e-08 0 6.50787e-08
scan charginogluino 500 1800 L4T0METVZV 0.00219635 0.000153079 0.000126323 1.64645e-05 8.48795e-05 0 0 3.95431e-13
scan charginogluino 500 1800 L4T1METVZV 0.000934123 8.43327e-05 7.60881e-05 4.95445e-06 3.56387e-05 4.12032e-06 3.31092e-06 7.14769e-08
scan charginogluino 500 1800 L4T2METVZV 0.000202036 3.36828e-05 3.28902e-05 6.34233e-07 7.07624e-06 1.34893e-06 3.71292e-07 5.76419e-07
scan charginogluino 500 1800 L4T0METV 0.000958271 8.90934e-05 8.05099e-05 8.20795e-06 3.72616e-05 0 0 2.6307e-11
scan charginogluino 500 1800 L4T1METV 0.000188506 3.44201e-05 3.3631e-05 1.24621e-06 7.14473e-06 7.4339e-07 7.37324e-07 3.0529e-10
scan charginogluino 500 1800 L4T2METV 2.7215e-05 1.22298e-05 1.20879e-05 7.38999e-08 1.83448e-06 2.82582e-07 0 1.94822e-08
scan charginogluino 500 1800 L4T0HTVZV 1.48761e-05 9.54426e-06 9.51307e-06 1.361e-07 7.58867e-07 0 0 1.74149e-17
scan charginogluino 500 1800 L4T1HTVZV 2.2606e-05 1.44108e-05 1.44048e-05 3.33653e-07 2.3291e-07 7.389e-08 6.32796e-08 4.43798e-11
scan charginogluino 500 1800 L4T2HTVZV 4.28488e-06 3.31904e-06 3.31881e-06 1.6662e-08 2.25122e-08 2.62622e-08 0 9.31229e-09
scan charginogluino 500 1800 L4T0HTV 4.0506e-06 4.05132e-06 4.05102e-06 4.95792e-08 0 0 0 1.304e-15
scan charginogluino 500 1800 L4T1HTV 1.16624e-05 1.16637e-05 1.16627e-05 1.06744e-07 0 1.12262e-07 0 5.25686e-12
scan charginogluino 500 1800 L4T2HTV 0 7.17211e-08 7.17211e-08 0 0 0 0 0
scan charginogluino 500 1800 L4T0ZV 0.000254046 4.22801e-05 4.09566e-05 2.0078e-06 1.03023e-05 0 0 2.48548e-14
scan charginogluino 500 1800 L4T1ZV 0.000137959 3.20591e-05 3.13785e-05 7.85077e-07 6.4652e-06 7.88539e-07 3.72721e-07 5.93335e-10
scan charginogluino 500 1800 L4T2ZV 1.67029e-05 1.42293e-05 1.42238e-05 9.40737e-08 3.42639e-07 9.46775e-08 1.34695e-07 5.60343e-08
scan charginogluino 500 1800 L4T0 9.62487e-05 2.72949e-05 2.71524e-05 8.98914e-07 2.63665e-06 0 0 1.25016e-15
scan charginogluino 500 1800 L4T1 1.53708e-05 1.1978e-05 1.18746e-05 0 1.54974e-06 6.53267e-08 2.43844e-07 1.15435e-12
scan charginogluino 500 1800 L4T2 7.10933e-06 7.11056e-06 7.10963e-06 4.33333e-08 0 1.06259e-07 0 2.28625e-09
scan charginogluino 500 1800 L3DY0T0METVHTV 1.93625e-05 9.27874e-06 9.18313e-06 7.23127e-08 1.32657e-06 0 0 1.37902e-08
scan charginogluino 500 1800 L3DY0T1METVHTV 0.000152793 3.46762e-05 3.41393e-05 3.68677e-07 5.9905e-06 4.02963e-07 6.59373e-07 5.74867e-07
scan charginogluino 500 1800 L3DY0T2METVHTV 3.87086e-05 1.24947e-05 1.24843e-05 8.41418e-08 7.98179e-08 3.73329e-07 0 3.28936e-07
scan charginogluino 500 1800 L3DY0T0METV 5.92879e-05 2.12924e-05 2.12782e-05 2.89485e-07 7.09969e-07 0 0 1.3929e-07
scan charginogluino 500 1800 L3DY0T1METV 0.000306968 6.17701e-05 6.16666e-05 1.01926e-06 2.91941e-06 1.07943e-06 1.10327e-06 9.08433e-07
scan charginogluino 500 1800 L3DY0T2METV 4.27974e-05 1.37092e-05 1.36939e-05 1.10176e-07 4.76423e-08 5.28029e-07 0 3.54785e-07
scan charginogluino 500 1800 L3DY0T0HTV 0 5.856e-08 5.856e-08 0 0 0 0 0
scan charginogluino 500 1800 L3DY0T1HTV 1.28602e-05 1.25871e-05 1.2587e-05 3.91509e-08 0 3.9198e-08 0 2.45003e-09
scan charginogluino 500 1800 L3DY0T2HTV 0 5.856e-08 5.856e-08 0 0 0 0 0
scan charginogluino 500 1800 L3DY0T0 0 5.856e-08 5.856e-08 0 0 0 0 0
scan charginogluino 500 1800 L3DY0T1 3.74398e-05 1.67149e-05 1.67092e-05 1.17951e-07 2.73038e-07 9.6237e-08 2.36818e-07 1.99583e-07
scan charginogluino 500 1800 L3DY0T2 7.39886e-06 5.23319e-06 5.23203e-06 0 5.33477e-08 6.49236e-08 0 7.1219e-08
scan charginogluino 500 1800 L3DY1T0METVHTVZV 0.000433331 5.66904e-05 5.53156e-05 2.82137e-06 1.20819e-05 0 0 2.267e-07
scan charginogluino 500 1800 L3DY1T1METVHTVZV 0.000170792 3.69141e-05 3.68505e-05 7.80891e-07 1.87577e-06 4.48112e-07 5.26691e-07 2.88347e-07
scan charginogluino 500 1800 L3DY1T0METVHTV 4.6933e-05 1.92279e-05 1.91643e-05 2.93014e-07 1.5346e-06 0 0 4.63951e-11
scan charginogluino 500 1800 L3DY1T1METVHTV 5.83199e-05 4.06861e-05 4.01941e-05 2.75971e-08 6.25908e-06 7.49549e-08 7.82293e-07 2.32185e-08
scan charginogluino 500 1800 L3DY1T0METVZV 0.000470784 6.01066e-05 5.80157e-05 2.42996e-06 1.55269e-05 0 0 1.33507e-09
scan charginogluino 500 1800 L3DY1T1METVZV 0.000368017 5.4863e-05 5.43512e-05 1.60666e-06 6.86251e-06 1.36953e-06 2.05179e-06 3.63093e-07
scan charginogluino 500 1800 L3DY1T0METV 0.000121765 2.89663e-05 2.86288e-05 6.20576e-07 4.36466e-06 0 0 1.86677e-10
scan charginogluino 500 1800 L3DY1T1METV 3.70779e-05 1.67086e-05 1.67007e-05 2.61179e-07 1.22512e-07 1.3372e-07 3.71446e-07 1.55643e-07
scan charginogluino 500 1800 L3DY1T0HTVZV 2.75419e-05 1.71621e-05 1.71602e-05 1.74163e-07 1.85306e-07 0 0 5.08972e-12
scan charginogluino 500 1800 L3DY1T1HTVZV 0 5.856e-08 5.856e-08 0 0 0 0 0
scan charginogluino 500 1800 L3DY1T0HTV 0 5.856e-08 5.856e-08 0 0 0 0 0
scan charginogluino 500 1800 L3DY1T1HTV 0 5.856e-08 5.856e-08 0 0 0 0 0
scan charginogluino 500 1800 L3DY1T0ZV 8.60014e-05 2.67304e-05 2.59468e-05 6.86329e-07 6.38803e-06 0 0 8.25893e-11
scan charginogluino 500 1800 L3DY1T1ZV 6.40152e-05 2.54782e-05 2.53876e-05 2.34823e-07 1.6691e-06 1.31637e-06 2.45345e-08 1.82243e-07
scan charginogluino 500 1800 L3DY1T0 2.76315e-05 1.96243e-05 1.96197e-05 1.14923e-07 4.08067e-07 0 0 6.66386e-11
scan charginogluino 500 1800 L3DY1T1 6.6778e-06 6.68032e-06 6.678e-06 0 9.66078e-08 0 1.47135e-07 3.95505e-09
