model coNLSP
parameter coNLSP 3
parameter kFactorProcessWeighted true
scan charginogluino 900 1800 LOXSEC 0.002898
scan charginogluino 900 1800 L4T0METVHTVZV 0.000374766 1.95072e-05 1.85867e-05 2.56104e-06 5.33924e-06 0 0 8.65089e-15
scan charginogluino 900 1800 L4T1METVHTVZV 0.00015497 1.09504e-05 1.06142e-05 8.41901e-07 2.42064e-06 4.16811e-07 7.12651e-07 3.40244e-10
scan charginogluino 900 1800 L4T2METVHTVZV 5.10044e-05 5.79238e-06 5.74007e-06 1.65765e-07 6.65387e-07 3.43286e-07 1.14614e-07 4.539e-08
scan charginogluino 900 1800 L4T0METVHTV 5.07392e-05 6.36159e-06 6.30615e-06 4.30635e-07 7.18915e-07 0 0 2.11942e-14
scan charginogluino 900 1800 L4T1METVHTV 8.21616e-06 2.14277e-06 2.08793e-06 4.58293e-08 4.78149e-07 2.18121e-08 2.81711e-08 2.48504e-11
scan charginogluino 900 1800 L4T2METVHTV 1.17809e-06 8.55056e-07 8.39541e-07 4.03924e-09 1.6192e-07 7.53512e-09 0 5.18369e-10
scan charginogluino 900 1800 L4T0METVZV 6.36222e-05 7.367e-06 7.27889e-06 4.81283e-07 1.02899e-06 0 0 4.77086e-15
scan charginogluino 900 1800 L4T1METVZV 2.51802e-05 5.37882e-06 5.35782e-06 1.04164e-07 4.47491e-07 6.82576e-08 9.84919e-08 1.03281e-11
scan charginogluino 900 1800 L4T2METVZV 1.6439e-06 6.76354e-07 6.76176e-07 9.12271e-09 1.91362e-09 1.22945e-08 0 1.68062e-09
scan charginogluino 900 1800 L4T0METV 6.59352e-06 2.04126e-06 2.03752e-06 4.51913e-08 1.15042e-07 0 0 2.16111e-17
scan charginogluino 900 1800 L4T1METV 0 8.19678e-09 8.19678e-09 0 0 0 0 0
scan charginogluino 900 1800 L4T2METV 0 7.09862e-09 7.09862e-09 0 0 0 0 0
scan charginogluino 900 1800 L4T0HTVZV 3.81038e-06 1.51724e-06 1.51664e-06 2.26875e-08 3.6184e-08 0 0 1.04809e-17
scan charginogluino 900 1800 L4T1HTVZV 2.43901e-06 1.41492e-06 1.41457e-06 9.78268e-09 2.8849e-08 7.033e-09 0 3.96121e-13
scan charginogluino 900 1800 L4T2HTVZV 2.60474e-07 2.6092e-07 2.60555e-07 0 1.37084e-08 1.58817e-09 0 1.5427e-10
scan charginogluino 900 1800 L4T0HTV 0 6.48012e-09 6.48012e-09 0 0 0 0 0
scan charginogluino 900 1800 L4T1HTV 0 8.19678e-09 8.19678e-09 0 0 0 0 0
scan charginogluino 900 1800 L4T2HTV 0 7.09862e-09 7.09862e-09 0 0 0 0 0
scan charginogluino 900 1800 L4T0ZV 5.3738e-07 5.37556e-07 5.37412e-07 1.18178e-08 3.87466e-09 0 0 1.33477e-17
scan charginogluino 900 1800 L4T1ZV 0 8.19678e-09 8.19678e-09 0 0 0 0 0
scan charginogluino 900 1800 L4T2ZV 0 7.09862e-09 7.09862e-09 0 0 0 0 0
scan charginogluino 900 1800 L4T0 0 6.48012e-09 6.48012e-09 0 0 0 0 0
scan charginogluino 900 1800 L4T1 0 8.19678e-09 8.19678e-09 0 0 0 0 0
scan charginogluino 900 1800 L4T2 0 7.09862e-09 7.09862e-09 0 0 0 0 0
scan charginogluino 900 1800 L3DY0T0METVHTV 1.49634e-05 3.28423e-06 3.26987e-06 8.32812e-08 2.95218e-07 0 0 6.17495e-12
scan charginogluino 900 1800 L3DY0T1METVHTV 4.10287e-05 4.85878e-06 4.75082e-06 1.25668e-07 9.8755e-07 9.98525e-08 1.84636e-07 4.86864e-08
scan charginogluino 900 1800 L3DY0T2METVHTV 1.66015e-05 3.3608e-06 3.35493e-06 2.78774e-08 5.19576e-08 1.21786e-07 0 1.45335e-07
scan charginogluino 900 1800 L3DY0T0METV 7.36083e-07 7.3618e-07 7.361e-07 2.2409e-09 1.06453e-08 0 0 5.80785e-15
scan charginogluino 900 1800 L3DY0T1METV 8.68159e-07 8.68227e-07 8.68193e-07 2.64299e-09 6.26107e-09 2.64299e-09 0 2.50175e-09
scan charginogluino 900 1800 L3DY0T2METV 1.72173e-06 9.94327e-07 9.94056e-07 0 1.24141e-08 1.05033e-08 0 1.65728e-08
scan charginogluino 900 1800 L3DY0T0HTV 0 5.796e-09 5.796e-09 0 0 0 0 0
scan charginogluino 900 1800 L3DY0T1HTV 1.03858e-07 1.04169e-07 1.04141e-07 3.16182e-10 7.48845e-10 0 2.28835e-09 1.97864e-11
scan charginogluino 900 1800 L3DY0T2HTV 0 5.796e-09 5.796e-09 0 0 0 0 0
scan charginogluino 900 1800 L3DY0T0 0 5.796e-09 5.796e-09 0 0 0 0 0
scan charginogluino 900 1800 L3DY0T1 0 8.19678e-09 8.19678e-09 0 0 0 0 0
scan charginogluino 900 1800 L3DY0T2 0 5.796e-09 5.796e-09 0 0 0 0 0
scan charginogluino 900 1800 L3DY1T0METVHTVZV 0.000145134 1.19213e-05 1.08793e-05 6.16986e-07 4.83484e-06 0 0 4.92333e-11
scan charginogluino 900 1800 L3DY1T1METVHTVZV 7.97341e-05 6.94262e-06 6.90311e-06 2.82802e-07 5.76755e-07 2.45619e-07 2.65324e-07 6.09638e-08
scan charginogluino 900 1800 L3DY1T0METVHTV 1.04296e-05 2.99161e-06 2.94776e-06 7.89495e-08 5.04161e-07 0 0 8.39869e-12
scan charginogluino 900 1800 L3DY1T1METVHTV 4.30137e-06 1.95721e-06 1.95672e-06 2.33621e-08 7.80692e-09 3.62105e-08 0 3.21468e-09
scan charginogluino 900 1800 L3DY1T0METVZV 5.90292e-06 2.05276e-06 2.05104e-06 2.16743e-08 8.10216e-08 0 0 5.95698e-13
scan charginogluino 900 1800 L3DY1T1METVZV 1.05685e-05 2.56511e-06 2.5621e-06 3.4108e-08 8.56826e-08 3.55699e-08 7.47658e-08 6.73689e-09
scan charginogluino 900 1800 L3DY1T0METV 1.01956e-06 1.01982e-06 1.01957e-06 2.24217e-08 0 0 0 3.50311e-12
scan charginogluino 900 1800 L3DY1T1METV 1.06475e-06 1.06492e-06 1.06476e-06 1.60333e-08 0 3.24158e-09 0 8.56695e-09
scan charginogluino 900 1800 L3DY1T0HTVZV 2.03456e-07 2.03527e-07 2.03518e-07 1.24012e-09 1.46697e-09 0 0 1.91222e-14
scan charginogluino 900 1800 L3DY1T1HTVZV 3.76762e-06 1.6195e-06 1.61905e-06 2.33893e-08 1.02389e-08 2.0463e-08 2.01773e-08 2.51919e-09
scan charginogluino 900 1800 L3DY1T0HTV 0 5.796e-09 5.796e-09 0 0 0 0 0
scan charginogluino 900 1800 L3DY1T1HTV 0 5.796e-09 5.796e-09 0 0 0 0 0
scan charginogluino 900 1800 L3DY1T0ZV 0 5.796e-09 5.796e-09 0 0 0 0 0
scan charginogluino 900 1800 L3DY1T1ZV 7.59956e-07 7.60236e-07 7.59972e-07 0 1.09906e-08 0 1.67444e-08 2.95746e-11
scan charginogluino 900 1800 L3DY1T0 0 5.796e-09 5.796e-09 0 0 0 0 0
scan charginogluino 900 1800 L3DY1T1 0 5.796e-09 5.796e-09 0 0 0 0 0
