model coNLSP
parameter coNLSP 3
parameter kFactorProcessWeighted true
scan charginogluino 575 1700 LOXSEC 0.01696
scan charginogluino 575 1700 L4T0METVHTVZV 0.000670685 5.98543e-05 5.4846e-05 4.81105e-06 2.34799e-05 0 0 2.13555e-14
scan charginogluino 575 1700 L4T1METVHTVZV 0.000367101 4.17873e-05 4.02823e-05 1.81263e-06 1.07021e-05 1.02096e-06 2.15684e-06 3.8398e-09
scan charginogluino 575 1700 L4T2METVHTVZV 0.000159921 2.86722e-05 2.86102e-05 5.89001e-07 1.4083e-06 9.83581e-07 1.96727e-07 4.63225e-07
scan charginogluino 575 1700 L4T0METVHTV 0.0002979 3.64994e-05 3.57523e-05 2.81046e-06 6.78812e-06 0 0 5.83473e-14
scan charginogluino 575 1700 L4T1METVHTV 3.22985e-05 1.39807e-05 1.39601e-05 1.71593e-07 7.02448e-07 9.00368e-08 2.12157e-07 1.50834e-11
scan charginogluino 575 1700 L4T2METVHTV 1.20702e-05 5.46617e-06 5.46512e-06 5.759e-08 4.78008e-08 7.35709e-08 0 2.19142e-08
scan charginogluino 575 1700 L4T0METVZV 0.000916361 6.74496e-05 5.88453e-05 7.24101e-06 3.21597e-05 0 0 3.73858e-12
scan charginogluino 575 1700 L4T1METVZV 0.000348034 4.03383e-05 3.58553e-05 1.56539e-06 1.8342e-05 1.16413e-06 1.15786e-06 5.77253e-10
scan charginogluino 575 1700 L4T2METVZV 0.000162247 2.57934e-05 2.49637e-05 6.82173e-07 6.24555e-06 1.40679e-06 7.3537e-07 3.48426e-07
scan charginogluino 575 1700 L4T0METV 0.000494483 4.70015e-05 4.53809e-05 4.63317e-06 1.13248e-05 0 0 3.62264e-12
scan charginogluino 575 1700 L4T1METV 0.000322149 0.000246612 0.000246433 1.9159e-06 7.17863e-06 1.88444e-07 5.73424e-06 5.21824e-10
scan charginogluino 575 1700 L4T2METV 5.63126e-06 3.26986e-06 3.25767e-06 2.57788e-08 2.62547e-07 8.6772e-08 0 4.94044e-08
scan charginogluino 575 1700 L4T0HTVZV 2.14179e-05 1.00007e-05 9.97194e-06 1.60771e-07 7.41193e-07 0 0 1.2452e-15
scan charginogluino 575 1700 L4T1HTVZV 3.03678e-05 1.52329e-05 1.52276e-05 1.54198e-07 3.61103e-07 9.24514e-08 0 1.6049e-11
scan charginogluino 575 1700 L4T2HTVZV 2.28746e-06 2.28786e-06 2.28777e-06 1.39427e-08 0 1.55152e-08 0 2.53796e-19
scan charginogluino 575 1700 L4T0HTV 4.9563e-06 5.17995e-06 4.95642e-06 0 1.50528e-06 0 0 3.01836e-21
scan charginogluino 575 1700 L4T1HTV 0 4.79701e-08 4.79701e-08 0 0 0 0 0
scan charginogluino 575 1700 L4T2HTV 0 4.15433e-08 4.15433e-08 0 0 0 0 0
scan charginogluino 575 1700 L4T0ZV 5.23224e-05 1.38265e-05 1.3689e-05 3.90186e-07 1.90535e-06 0 0 2.50163e-16
scan charginogluino 575 1700 L4T1ZV 4.18933e-05 1.8068e-05 1.80226e-05 2.4319e-07 1.24931e-06 1.31496e-07 0 3.04705e-11
scan charginogluino 575 1700 L4T2ZV 7.62793e-06 7.43503e-06 6.96886e-06 4.2287e-09 2.58523e-06 1.64818e-07 0 6.32609e-08
scan charginogluino 575 1700 L4T0 7.4383e-06 3.80023e-06 3.7984e-06 6.89274e-08 9.53951e-08 0 0 8.70833e-19
scan charginogluino 575 1700 L4T1 0 4.79701e-08 4.79701e-08 0 0 0 0 0
scan charginogluino 575 1700 L4T2 0 4.15433e-08 4.15433e-08 0 0 0 0 0
scan charginogluino 575 1700 L3DY0T0METVHTV 4.26655e-05 1.18883e-05 1.17978e-05 3.22612e-07 1.42755e-06 0 0 6.84536e-11
scan charginogluino 575 1700 L3DY0T1METVHTV 0.000155123 2.54343e-05 2.53436e-05 5.56799e-07 1.92712e-06 4.96937e-07 4.68524e-07 3.33664e-07
scan charginogluino 575 1700 L3DY0T2METVHTV 6.07344e-05 1.61603e-05 1.61336e-05 1.52391e-07 7.28104e-08 7.59663e-07 0 5.05535e-07
scan charginogluino 575 1700 L3DY0T0METV 2.53153e-06 1.79086e-06 1.7903e-06 4.07591e-08 1.8253e-08 0 0 1.40363e-11
scan charginogluino 575 1700 L3DY0T1METV 6.52283e-05 1.54993e-05 1.53987e-05 1.59217e-07 1.68424e-06 4.74732e-07 1.03617e-07 8.99803e-08
scan charginogluino 575 1700 L3DY0T2METV 4.79599e-05 1.47896e-05 1.47786e-05 6.59433e-08 1.89623e-07 3.18954e-07 0 4.27428e-07
scan charginogluino 575 1700 L3DY0T0HTV 0 3.392e-08 3.392e-08 0 0 0 0 0
scan charginogluino 575 1700 L3DY0T1HTV 1.20331e-05 1.08648e-05 1.05309e-05 4.16062e-08 2.67215e-06 3.6633e-08 0 3.05049e-08
scan charginogluino 575 1700 L3DY0T2HTV 7.29955e-06 5.3348e-06 5.3342e-06 8.21399e-09 0 4.45013e-08 0 6.60009e-08
scan charginogluino 575 1700 L3DY0T0 3.68605e-06 3.68657e-06 3.68617e-06 1.12217e-08 5.3308e-08 0 0 2.90837e-14
scan charginogluino 575 1700 L3DY0T1 9.61942e-06 5.56985e-06 5.56409e-06 3.31289e-08 2.24422e-07 1.8688e-08 7.66954e-08 8.04439e-08
scan charginogluino 575 1700 L3DY0T2 8.81521e-06 5.28832e-06 5.28747e-06 2.14537e-08 0 5.51572e-08 0 7.37202e-08
scan charginogluino 575 1700 L3DY1T0METVHTVZV 0.000423521 4.545e-05 4.31909e-05 2.39683e-06 1.39464e-05 0 0 7.30279e-10
scan charginogluino 575 1700 L3DY1T1METVHTVZV 0.000139263 2.27657e-05 2.25905e-05 4.48269e-07 2.68081e-06 6.47526e-07 3.60401e-07 9.44242e-08
scan charginogluino 575 1700 L3DY1T0METVHTV 7.48511e-05 1.90667e-05 1.8841e-05 5.25524e-07 2.87775e-06 0 0 1.41276e-10
scan charginogluino 575 1700 L3DY1T1METVHTV 3.2634e-05 1.2348e-05 1.23453e-05 1.84822e-07 1.43974e-07 1.05228e-07 0 2.9587e-08
scan charginogluino 575 1700 L3DY1T0METVZV 0.000145272 2.24478e-05 2.22692e-05 8.28406e-07 2.70234e-06 0 0 4.28263e-11
scan charginogluino 575 1700 L3DY1T1METVZV 0.000132726 2.08137e-05 2.05757e-05 5.31747e-07 2.824e-06 5.22632e-07 1.14614e-06 7.98297e-08
scan charginogluino 575 1700 L3DY1T0METV 5.36007e-05 3.26328e-05 3.25509e-05 1.27611e-07 2.30697e-06 0 0 1.77203e-10
scan charginogluino 575 1700 L3DY1T1METV 1.46579e-05 8.30248e-06 8.17026e-06 3.00645e-08 1.46998e-06 1.16465e-07 1.24563e-08 5.01539e-08
scan charginogluino 575 1700 L3DY1T0HTVZV 2.13647e-05 9.74331e-06 9.68015e-06 8.36553e-08 1.10444e-06 0 0 7.78386e-12
scan charginogluino 575 1700 L3DY1T1HTVZV 0 3.392e-08 3.392e-08 0 0 0 0 0
scan charginogluino 575 1700 L3DY1T0HTV 0 3.392e-08 3.392e-08 0 0 0 0 0
scan charginogluino 575 1700 L3DY1T1HTV 3.92046e-06 3.9216e-06 3.92057e-06 2.38965e-08 0 0 8.63813e-08 1.26076e-09
scan charginogluino 575 1700 L3DY1T0ZV 5.27944e-06 5.11951e-06 5.11827e-06 1.00629e-09 1.12475e-07 0 0 1.20496e-13
scan charginogluino 575 1700 L3DY1T1ZV 1.48894e-05 7.45433e-06 7.44474e-06 4.53893e-08 3.23255e-07 1.90345e-07 0 4.7436e-09
scan charginogluino 575 1700 L3DY1T0 0 3.392e-08 3.392e-08 0 0 0 0 0
scan charginogluino 575 1700 L3DY1T1 6.51005e-06 5.00643e-06 5.00518e-06 1.14579e-08 6.71719e-08 8.84554e-08 0 7.28675e-09
