model coNLSP
parameter coNLSP 3
parameter kFactorProcessWeighted true
scan charginogluino 525 1550 LOXSEC 0.02712
scan charginogluino 525 1550 L4T0METVHTVZV 0.00149482 0.000110787 9.70047e-05 1.14889e-05 5.22681e-05 0 0 9.50953e-12
scan charginogluino 525 1550 L4T1METVHTVZV 0.00103903 9.87415e-05 8.96842e-05 6.61485e-06 4.04828e-05 4.48705e-06 1.96833e-06 8.00677e-09
scan charginogluino 525 1550 L4T2METVHTVZV 0.000281219 4.4748e-05 4.37634e-05 1.34247e-06 8.96069e-06 2.01659e-06 7.61383e-07 6.3278e-07
scan charginogluino 525 1550 L4T0METVHTV 0.000678601 7.83019e-05 7.04455e-05 5.79576e-06 3.36901e-05 0 0 8.75111e-14
scan charginogluino 525 1550 L4T1METVHTV 0.000138178 3.06113e-05 2.94205e-05 5.28094e-07 8.42072e-06 4.2016e-07 3.44795e-07 1.25978e-10
scan charginogluino 525 1550 L4T2METVHTV 1.44045e-05 1.01865e-05 1.01857e-05 8.77994e-08 0 8.78075e-08 0 4.63227e-09
scan charginogluino 525 1550 L4T0METVZV 0.00146833 0.000110558 9.85227e-05 1.16718e-05 4.87864e-05 0 0 5.57696e-13
scan charginogluino 525 1550 L4T1METVZV 0.000759531 7.61749e-05 7.17067e-05 3.89734e-06 2.51206e-05 2.63335e-06 2.75603e-06 8.10737e-10
scan charginogluino 525 1550 L4T2METVZV 0.000200635 3.76009e-05 3.73641e-05 5.93964e-07 3.27587e-06 1.35135e-06 2.1965e-06 1.28872e-07
scan charginogluino 525 1550 L4T0METV 0.000568049 6.17419e-05 5.47174e-05 4.35996e-06 2.82675e-05 0 0 1.24895e-14
scan charginogluino 525 1550 L4T1METV 0.000118732 2.87058e-05 2.74917e-05 6.82746e-07 8.21833e-06 4.71987e-07 0 2.47891e-10
scan charginogluino 525 1550 L4T2METV 5.37537e-05 3.12869e-05 3.12767e-05 2.57854e-07 5.33734e-07 2.99062e-07 4.27258e-07 1.17693e-07
scan charginogluino 525 1550 L4T0HTVZV 4.25284e-05 1.87202e-05 1.87021e-05 2.21726e-07 7.91824e-07 0 0 1.70433e-16
scan charginogluino 525 1550 L4T1HTVZV 4.44216e-05 1.78409e-05 1.78354e-05 3.03582e-07 2.61032e-07 1.13858e-07 1.54724e-07 6.70373e-11
scan charginogluino 525 1550 L4T2HTVZV 0 6.64302e-08 6.64302e-08 0 0 0 0 0
scan charginogluino 525 1550 L4T0HTV 3.67432e-06 3.67572e-06 3.67472e-06 8.59771e-08 0 0 0 2.36916e-22
scan charginogluino 525 1550 L4T1HTV 5.03495e-06 5.0369e-06 5.03546e-06 4.60837e-08 0 0 1.10937e-07 2.26951e-12
scan charginogluino 525 1550 L4T2HTV 0 6.64302e-08 6.64302e-08 0 0 0 0 0
scan charginogluino 525 1550 L4T0ZV 0.000119652 2.74042e-05 2.70682e-05 8.58126e-07 4.19165e-06 0 0 2.49843e-15
scan charginogluino 525 1550 L4T1ZV 5.88156e-05 2.36373e-05 2.24098e-05 2.52999e-07 7.49067e-06 1.74285e-07 5.66317e-07 5.19051e-11
scan charginogluino 525 1550 L4T2ZV 2.97652e-05 1.72083e-05 1.71941e-05 5.95097e-08 5.37101e-07 3.81808e-07 0 2.25715e-07
scan charginogluino 525 1550 L4T0 1.92795e-05 1.07468e-05 1.0686e-05 2.32371e-07 1.11807e-06 0 0 3.43653e-16
scan charginogluino 525 1550 L4T1 2.6879e-05 1.66362e-05 1.65727e-05 1.55821e-07 1.442e-06 8.20289e-08 0 4.97524e-11
scan charginogluino 525 1550 L4T2 1.01801e-06 1.02002e-06 1.01982e-06 6.20507e-09 0 1.94938e-08 0 3.27378e-10
scan charginogluino 525 1550 L3DY0T0METVHTV 7.85283e-05 2.17539e-05 2.11483e-05 3.32582e-07 5.08654e-06 0 0 7.82948e-11
scan charginogluino 525 1550 L3DY0T1METVHTV 0.000324162 4.57236e-05 4.41916e-05 1.01655e-06 1.16018e-05 9.73889e-07 6.22109e-07 8.83631e-07
scan charginogluino 525 1550 L3DY0T2METVHTV 9.8022e-05 2.31918e-05 2.31667e-05 2.20066e-07 1.85559e-07 6.2996e-07 0 8.29337e-07
scan charginogluino 525 1550 L3DY0T0METV 1.50373e-05 7.54159e-06 7.51879e-06 4.57789e-08 5.84139e-07 0 0 1.39449e-11
scan charginogluino 525 1550 L3DY0T1METV 0.000116749 2.50807e-05 2.50112e-05 5.03447e-07 1.64149e-06 3.52116e-07 3.00949e-07 5.63285e-07
scan charginogluino 525 1550 L3DY0T2METV 3.87521e-05 1.90909e-05 1.90842e-05 7.26376e-08 1.07378e-07 3.55088e-07 0 3.35324e-07
scan charginogluino 525 1550 L3DY0T0HTV 0 5.424e-08 5.424e-08 0 0 0 0 0
scan charginogluino 525 1550 L3DY0T1HTV 1.93802e-05 1.15989e-05 1.15949e-05 6.62428e-08 2.05306e-07 3.31879e-08 1.86816e-07 1.01141e-07
scan charginogluino 525 1550 L3DY0T2HTV 0 5.424e-08 5.424e-08 0 0 0 0 0
scan charginogluino 525 1550 L3DY0T0 0 5.424e-08 5.424e-08 0 0 0 0 0
scan charginogluino 525 1550 L3DY0T1 4.36057e-05 1.97178e-05 1.97026e-05 5.04208e-07 3.2128e-07 1.13855e-07 1.36779e-07 4.59401e-07
scan charginogluino 525 1550 L3DY0T2 6.24038e-05 3.11289e-05 3.11143e-05 1.59866e-07 7.13208e-08 7.80564e-07 0 5.17725e-07
scan charginogluino 525 1550 L3DY1T0METVHTVZV 0.000795916 8.42255e-05 7.64515e-05 4.10725e-06 3.51032e-05 0 0 1.36402e-09
scan charginogluino 525 1550 L3DY1T1METVHTVZV 0.000592089 7.3527e-05 7.29726e-05 1.82312e-06 7.59311e-06 2.27414e-06 3.79828e-06 8.0231e-07
scan charginogluino 525 1550 L3DY1T0METVHTV 0.000132086 2.92781e-05 2.92433e-05 1.01789e-06 9.98869e-07 0 0 2.58213e-10
scan charginogluino 525 1550 L3DY1T1METVHTV 2.40802e-05 1.02029e-05 1.01892e-05 1.18161e-07 4.54271e-07 1.70357e-07 1.52458e-07 7.98703e-08
scan charginogluino 525 1550 L3DY1T0METVZV 0.000362679 6.13874e-05 6.09246e-05 2.32717e-06 7.15466e-06 0 0 2.08284e-08
scan charginogluino 525 1550 L3DY1T1METVZV 0.000310465 4.78118e-05 4.72575e-05 1.0862e-06 6.7832e-06 1.81107e-06 1.35945e-06 6.09146e-07
scan charginogluino 525 1550 L3DY1T0METV 9.05288e-05 3.06578e-05 3.06275e-05 1.24057e-06 5.65388e-07 0 0 1.56126e-10
scan charginogluino 525 1550 L3DY1T1METV 7.2941e-05 2.38584e-05 2.37475e-05 1.6452e-07 2.16052e-06 7.37884e-07 1.30246e-07 1.40542e-07
scan charginogluino 525 1550 L3DY1T0HTVZV 9.53639e-05 4.78893e-05 4.78826e-05 7.63071e-07 2.43002e-07 0 0 3.76619e-11
scan charginogluino 525 1550 L3DY1T1HTVZV 1.05412e-05 7.66506e-06 7.66423e-06 3.98121e-08 5.79868e-08 0 8.83445e-08 2.25651e-09
scan charginogluino 525 1550 L3DY1T0HTV 0 5.424e-08 5.424e-08 0 0 0 0 0
scan charginogluino 525 1550 L3DY1T1HTV 0 5.424e-08 5.424e-08 0 0 0 0 0
scan charginogluino 525 1550 L3DY1T0ZV 1.28726e-05 8.4073e-06 8.40246e-06 2.75621e-07 7.31927e-08 0 0 1.22859e-10
scan charginogluino 525 1550 L3DY1T1ZV 3.46585e-05 1.42286e-05 1.42248e-05 2.01612e-07 8.85044e-08 7.35603e-08 2.32731e-07 3.48342e-08
scan charginogluino 525 1550 L3DY1T0 3.01567e-05 2.43874e-05 2.43834e-05 2.12357e-07 3.90699e-07 0 0 1.17139e-10
scan charginogluino 525 1550 L3DY1T1 6.94808e-06 6.94917e-06 6.94824e-06 4.23505e-08 0 1.05464e-07 0 2.2344e-09
