model coNLSP
parameter coNLSP 3
parameter kFactorProcessWeighted true
scan charginogluino 575 1350 LOXSEC 0.03348
scan charginogluino 575 1350 L4T0METVHTVZV 0.00468124 0.000224898 0.000192186 3.65841e-05 0.00011093 0 0 1.69246e-11
scan charginogluino 575 1350 L4T1METVHTVZV 0.0028353 0.000186606 0.000162639 1.56062e-05 8.91673e-05 9.37673e-06 9.3767e-06 4.9952e-09
scan charginogluino 575 1350 L4T2METVHTVZV 0.000919532 9.04781e-05 8.84821e-05 3.04456e-06 1.75508e-05 5.91576e-06 1.96434e-06 1.0236e-06
scan charginogluino 575 1350 L4T0METVHTV 0.00178838 0.000131717 0.000123989 1.69012e-05 4.11134e-05 0 0 1.37401e-13
scan charginogluino 575 1350 L4T1METVHTV 0.000394144 5.92722e-05 5.66191e-05 1.88966e-06 1.73459e-05 1.67352e-06 4.60398e-07 3.12765e-08
scan charginogluino 575 1350 L4T2METVHTV 5.32428e-05 2.42417e-05 2.42076e-05 1.55979e-07 1.10322e-06 5.04155e-07 3.73265e-07 1.3481e-07
scan charginogluino 575 1350 L4T0METVZV 0.000902042 9.3218e-05 8.86039e-05 6.84611e-06 2.81439e-05 0 0 1.70416e-11
scan charginogluino 575 1350 L4T1METVZV 0.000493719 7.3181e-05 7.09903e-05 2.02257e-06 1.71649e-05 3.21514e-06 2.60352e-06 4.88577e-10
scan charginogluino 575 1350 L4T2METVZV 8.83632e-05 3.00086e-05 2.9669e-05 2.30972e-07 4.43805e-06 5.05123e-07 3.69034e-07 3.53997e-07
scan charginogluino 575 1350 L4T0METV 0.000294476 4.74357e-05 4.6336e-05 2.01581e-06 9.95281e-06 0 0 5.26467e-15
scan charginogluino 575 1350 L4T1METV 3.09343e-05 1.78982e-05 1.78959e-05 2.22902e-07 1.44517e-07 1.07823e-07 0 2.00899e-11
scan charginogluino 575 1350 L4T2METV 0 8.20089e-08 8.20089e-08 0 0 0 0 0
scan charginogluino 575 1350 L4T0HTVZV 0.000190765 4.09651e-05 4.06177e-05 1.53432e-06 5.09785e-06 0 0 3.95717e-15
scan charginogluino 575 1350 L4T1HTVZV 5.54535e-05 2.02624e-05 2.02542e-05 4.26218e-07 1.95267e-07 2.54766e-07 2.22429e-07 4.01304e-11
scan charginogluino 575 1350 L4T2HTVZV 2.97219e-05 2.10219e-05 2.10167e-05 0 4.29841e-07 1.81163e-07 0 1.15666e-09
scan charginogluino 575 1350 L4T0HTV 8.56361e-06 8.56621e-06 8.56387e-06 2.00362e-07 0 0 0 2.75687e-15
scan charginogluino 575 1350 L4T1HTV 3.14218e-05 3.14232e-05 3.14219e-05 2.88566e-07 0 0 0 1.07962e-10
scan charginogluino 575 1350 L4T2HTV 0 8.20089e-08 8.20089e-08 0 0 0 0 0
scan charginogluino 575 1350 L4T0ZV 3.46375e-05 1.81973e-05 1.81817e-05 3.17083e-07 6.82622e-07 0 0 1.61145e-17
scan charginogluino 575 1350 L4T1ZV 4.60958e-05 2.18436e-05 2.18311e-05 1.98164e-07 5.89329e-07 3.95329e-07 6.49271e-08 5.19356e-12
scan charginogluino 575 1350 L4T2ZV 2.73104e-05 1.64584e-05 1.64537e-05 6.67344e-08 2.36304e-07 3.05696e-07 0 3.47981e-08
scan charginogluino 575 1350 L4T0 0 7.48636e-08 7.48636e-08 0 0 0 0 0
scan charginogluino 575 1350 L4T1 0 9.46957e-08 9.46957e-08 0 0 0 0 0
scan charginogluino 575 1350 L4T2 0 8.20089e-08 8.20089e-08 0 0 0 0 0
scan charginogluino 575 1350 L3DY0T0METVHTV 0.000262065 5.09911e-05 5.03974e-05 1.38996e-06 7.63296e-06 0 0 1.72307e-10
scan charginogluino 575 1350 L3DY0T1METVHTV 0.00102454 9.6166e-05 9.346e-05 3.24354e-06 2.1558e-05 4.14709e-06 3.76818e-06 2.54292e-06
scan charginogluino 575 1350 L3DY0T2METVHTV 0.00046437 6.1801e-05 6.15502e-05 6.79515e-07 1.73886e-06 3.2409e-06 0 4.11727e-06
scan charginogluino 575 1350 L3DY0T0METV 4.99437e-05 2.49871e-05 2.49719e-05 3.10742e-07 8.1347e-07 0 0 3.02847e-09
scan charginogluino 575 1350 L3DY0T1METV 2.13665e-05 1.10147e-05 1.07149e-05 4.10988e-08 2.54747e-06 5.63399e-08 6.41881e-08 1.2612e-07
scan charginogluino 575 1350 L3DY0T2METV 5.53669e-05 1.91202e-05 1.90822e-05 4.25322e-08 2.98477e-07 1.04803e-06 0 5.10874e-07
scan charginogluino 575 1350 L3DY0T0HTV 1.62098e-05 1.62116e-05 1.62099e-05 4.93483e-08 2.34429e-07 0 0 1.9568e-12
scan charginogluino 575 1350 L3DY0T1HTV 7.23163e-05 3.17774e-05 3.17609e-05 4.42668e-07 6.04518e-07 1.26513e-07 6.77758e-07 9.9055e-08
scan charginogluino 575 1350 L3DY0T2HTV 6.60605e-05 6.60799e-05 6.60606e-05 0 4.76314e-07 1.38522e-06 0 6.35877e-07
scan charginogluino 575 1350 L3DY0T0 0 6.696e-08 6.696e-08 0 0 0 0 0
scan charginogluino 575 1350 L3DY0T1 0 9.46957e-08 9.46957e-08 0 0 0 0 0
scan charginogluino 575 1350 L3DY0T2 8.08881e-06 8.08947e-06 8.08902e-06 2.46252e-08 0 4.93039e-08 0 6.50824e-08
scan charginogluino 575 1350 L3DY1T0METVHTVZV 0.00224964 0.000150151 0.000130898 1.25195e-05 7.24849e-05 0 0 8.23597e-09
scan charginogluino 575 1350 L3DY1T1METVHTVZV 0.00162458 0.000120373 0.000117076 5.72608e-06 2.61646e-05 5.05189e-06 6.1168e-06 1.59658e-06
scan charginogluino 575 1350 L3DY1T0METVHTV 0.000278675 4.70504e-05 4.64688e-05 1.96503e-06 7.10834e-06 0 0 3.2566e-09
scan charginogluino 575 1350 L3DY1T1METVHTV 0.000104638 3.11625e-05 3.08511e-05 3.40451e-07 4.35352e-06 2.6963e-07 3.54092e-07 2.17224e-07
scan charginogluino 575 1350 L3DY1T0METVZV 0.000112011 2.773e-05 2.76908e-05 6.25312e-07 1.33363e-06 0 0 7.18285e-11
scan charginogluino 575 1350 L3DY1T1METVZV 0.00022107 4.46099e-05 4.34194e-05 4.18773e-07 1.01256e-05 1.03416e-06 9.90679e-07 2.22806e-07
scan charginogluino 575 1350 L3DY1T0METV 0.000104324 3.17478e-05 3.15173e-05 6.35284e-07 3.76493e-06 0 0 7.95727e-11
scan charginogluino 575 1350 L3DY1T1METV 4.39959e-05 2.34982e-05 2.34896e-05 1.92173e-07 1.9901e-07 4.84812e-07 0 3.01176e-07
scan charginogluino 575 1350 L3DY1T0HTVZV 8.33743e-05 3.43153e-05 3.4297e-05 7.7929e-07 8.03576e-07 0 0 2.11797e-10
scan charginogluino 575 1350 L3DY1T1HTVZV 2.3401e-05 1.52651e-05 1.52585e-05 2.65907e-07 0 1.73331e-07 3.15782e-07 1.39033e-08
scan charginogluino 575 1350 L3DY1T0HTV 1.7298e-05 1.73045e-05 1.72981e-05 0 4.70814e-07 0 0 1.75962e-12
scan charginogluino 575 1350 L3DY1T1HTV 0 6.696e-08 6.696e-08 0 0 0 0 0
scan charginogluino 575 1350 L3DY1T0ZV 2.40124e-05 1.79804e-05 1.79777e-05 2.03178e-07 2.29935e-07 0 0 1.36678e-09
scan charginogluino 575 1350 L3DY1T1ZV 2.905e-06 2.90596e-06 2.90557e-06 1.77067e-08 0 4.40944e-08 0 9.34202e-10
scan charginogluino 575 1350 L3DY1T0 0 6.696e-08 6.696e-08 0 0 0 0 0
scan charginogluino 575 1350 L3DY1T1 0 6.696e-08 6.696e-08 0 0 0 0 0
