model coNLSP
parameter coNLSP 3
parameter kFactorProcessWeighted true
scan charginogluino 300 1900 LOXSEC 0.2495
scan charginogluino 300 1900 L4T0METVHTVZV 0.00193544 0.000417169 0.000354957 1.42167e-05 0.000218707 0 0 1.08325e-12
scan charginogluino 300 1900 L4T1METVHTVZV 0.000800229 0.000206035 0.000204044 4.77694e-06 2.75745e-05 5.53084e-06 1.67358e-06 1.18383e-08
scan charginogluino 300 1900 L4T2METVHTVZV 9.59282e-05 6.03242e-05 5.5387e-05 2.89631e-07 2.38101e-05 2.03128e-06 0 4.06027e-07
scan charginogluino 300 1900 L4T0METVHTV 0.00132372 0.000274336 0.000264053 1.99834e-05 7.16733e-05 0 0 1.04783e-13
scan charginogluino 300 1900 L4T1METVHTV 0.000552349 0.000170148 0.000167778 8.23473e-06 2.6723e-05 1.98671e-06 3.87169e-06 1.56895e-08
scan charginogluino 300 1900 L4T2METVHTV 1.05526e-05 1.05732e-05 1.05674e-05 0 3.43855e-07 6.43408e-08 0 6.24998e-09
scan charginogluino 300 1900 L4T0METVZV 0.0128845 0.00151845 0.000806113 0.000121519 0.00128106 0 0 1.69751e-08
scan charginogluino 300 1900 L4T1METVZV 0.00889434 0.00109452 0.000728203 4.60778e-05 0.000813183 5.07612e-05 4.15101e-05 8.48176e-07
scan charginogluino 300 1900 L4T2METVZV 0.0025589 0.000408838 0.000368509 9.0422e-06 0.000173451 1.94893e-05 2.36561e-05 1.56036e-05
scan charginogluino 300 1900 L4T0METV 0.029338 0.00256688 0.0013244 0.000296398 0.00217876 0 0 4.66488e-10
scan charginogluino 300 1900 L4T1METV 0.0058446 0.000765822 0.000552966 3.377e-05 0.000527067 2.13025e-05 3.63193e-05 1.70033e-07
scan charginogluino 300 1900 L4T2METV 0.000378704 0.000139011 0.000127693 3.69945e-06 5.41989e-05 6.63679e-06 3.47572e-06 3.3581e-06
scan charginogluino 300 1900 L4T0HTVZV 0.000254588 0.000143563 0.000141405 3.46415e-06 2.45554e-05 0 0 2.59753e-14
scan charginogluino 300 1900 L4T1HTVZV 0.00023641 0.000159079 0.000159016 6.50484e-07 3.9714e-06 1.18147e-06 1.59185e-06 2.84399e-11
scan charginogluino 300 1900 L4T2HTVZV 0 6.11148e-07 6.11148e-07 0 0 0 0 0
scan charginogluino 300 1900 L4T0HTV 0.000640633 0.000185527 0.000178104 6.31871e-06 5.15709e-05 0 0 8.72027e-13
scan charginogluino 300 1900 L4T1HTV 0.000190632 0.000111635 0.000110158 1.34489e-06 1.80434e-05 5.80455e-07 0 3.0528e-10
scan charginogluino 300 1900 L4T2HTV 0 6.11148e-07 6.11148e-07 0 0 0 0 0
scan charginogluino 300 1900 L4T0ZV 0.00298389 0.00054293 0.000390392 3.84447e-05 0.000375352 0 0 2.31557e-10
scan charginogluino 300 1900 L4T1ZV 0.00227299 0.000404042 0.000365682 2.00672e-05 0.000169712 1.09841e-05 1.41156e-05 1.47251e-06
scan charginogluino 300 1900 L4T2ZV 0.000485823 0.000157076 0.000154865 1.20397e-06 2.50231e-05 7.79248e-06 0 1.22242e-06
scan charginogluino 300 1900 L4T0 0.00905635 0.000955598 0.000743773 9.37251e-05 0.000592608 0 0 1.03163e-10
scan charginogluino 300 1900 L4T1 0.00174677 0.000327313 0.000282773 1.46192e-05 0.000163806 9.59599e-06 5.87272e-06 2.38727e-08
scan charginogluino 300 1900 L4T2 2.53459e-05 2.53552e-05 2.5352e-05 0 3.66555e-07 1.5449e-07 0 1.50115e-08
scan charginogluino 300 1900 L3DY0T0METVHTV 6.28766e-05 4.6755e-05 4.44626e-05 0 1.44605e-05 0 0 5.22055e-11
scan charginogluino 300 1900 L3DY0T1METVHTV 0.000679287 0.000222413 0.000213206 3.54864e-06 6.29395e-05 1.81713e-06 4.09776e-06 4.07624e-06
scan charginogluino 300 1900 L3DY0T2METVHTV 6.20016e-05 6.20563e-05 6.20031e-05 1.88755e-07 0 2.51194e-06 0 4.98863e-07
scan charginogluino 300 1900 L3DY0T0METV 0.00165159 0.000348884 0.000327641 9.54918e-06 0.000119498 0 0 7.07148e-07
scan charginogluino 300 1900 L3DY0T1METV 0.00448093 0.000589325 0.000539978 1.62784e-05 0.000231706 2.68348e-05 2.32075e-05 2.2715e-05
scan charginogluino 300 1900 L3DY0T2METV 0.000317287 0.000129507 0.000129358 1.0893e-07 2.02973e-06 5.03341e-06 0 2.99758e-06
scan charginogluino 300 1900 L3DY0T0HTV 0 4.99e-07 4.99e-07 0 0 0 0 0
scan charginogluino 300 1900 L3DY0T1HTV 2.64582e-05 2.51704e-05 2.41469e-05 7.43725e-09 7.10065e-06 8.05483e-08 0 2.2536e-07
scan charginogluino 300 1900 L3DY0T2HTV 0 4.99e-07 4.99e-07 0 0 0 0 0
scan charginogluino 300 1900 L3DY0T0 8.17802e-05 5.61885e-05 4.72178e-05 2.48973e-07 3.04559e-05 0 0 1.0398e-10
scan charginogluino 300 1900 L3DY0T1 0.00201413 0.000497125 0.00044378 6.40478e-06 0.000222863 7.39225e-06 1.69083e-05 1.19554e-05
scan charginogluino 300 1900 L3DY0T2 0.000207461 9.28452e-05 9.27806e-05 6.31587e-07 0 2.96747e-06 0 1.66923e-06
scan charginogluino 300 1900 L3DY1T0METVHTVZV 0.00163169 0.000339436 0.000320549 8.71981e-06 0.000111308 0 0 1.6171e-08
scan charginogluino 300 1900 L3DY1T1METVHTVZV 0.000617464 0.00019175 0.000187448 2.25265e-06 4.01699e-05 1.76899e-06 1.40818e-06 2.75675e-06
scan charginogluino 300 1900 L3DY1T0METVHTV 0.00128811 0.000312137 0.000300584 9.25422e-06 8.3625e-05 0 0 7.77347e-08
scan charginogluino 300 1900 L3DY1T1METVHTV 0.000398428 0.000155846 0.000155456 1.31598e-06 1.02414e-05 3.30835e-06 1.49227e-06 1.31353e-06
scan charginogluino 300 1900 L3DY1T0METVZV 0.00815645 0.00105262 0.000753978 7.27993e-05 0.000730904 0 0 4.60356e-07
scan charginogluino 300 1900 L3DY1T1METVZV 0.00512135 0.000847424 0.00079158 1.44946e-05 0.000293873 6.1629e-05 2.08232e-05 2.69418e-05
scan charginogluino 300 1900 L3DY1T0METV 0.00623211 0.000722628 0.000613235 4.55343e-05 0.000379554 0 0 3.28353e-07
scan charginogluino 300 1900 L3DY1T1METV 0.00213748 0.000381392 0.000358473 6.86577e-06 0.000129299 1.17297e-05 4.22324e-06 6.00995e-06
scan charginogluino 300 1900 L3DY1T0HTVZV 0.000208762 9.42963e-05 9.37174e-05 1.402e-06 1.03381e-05 0 0 6.68014e-10
scan charginogluino 300 1900 L3DY1T1HTVZV 0.000212693 0.000128367 0.000128331 7.52135e-07 1.47892e-06 2.54439e-06 0 2.13302e-07
scan charginogluino 300 1900 L3DY1T0HTV 0.000366592 0.000204146 0.000197271 1.56196e-06 5.25102e-05 0 0 4.71014e-10
scan charginogluino 300 1900 L3DY1T1HTV 7.61111e-05 7.67396e-05 7.61123e-05 0 9.78687e-06 3.24156e-07 0 4.50781e-08
scan charginogluino 300 1900 L3DY1T0ZV 0.00162884 0.000333109 0.000323018 9.90758e-06 8.07629e-05 0 0 1.60047e-08
scan charginogluino 300 1900 L3DY1T1ZV 0.0010118 0.000232094 0.000227493 3.74232e-06 4.4782e-05 3.91286e-06 7.26456e-06 5.17905e-06
scan charginogluino 300 1900 L3DY1T0 0.0010097 0.000233619 0.0002287 1.19581e-05 4.61667e-05 0 0 3.15532e-08
scan charginogluino 300 1900 L3DY1T1 0.000640802 0.000208089 0.000202763 2.64122e-06 4.6547e-05 1.84496e-06 2.86198e-06 1.67801e-06
