model coNLSP
parameter coNLSP 3
parameter kFactorProcessWeighted true
scan charginogluino 500 1350 LOXSEC 0.04555
scan charginogluino 500 1350 L4T0METVHTVZV 0.00423224 0.000278121 0.000216155 3.21422e-05 0.000172033 0 0 6.14819e-11
scan charginogluino 500 1350 L4T1METVHTVZV 0.00223572 0.000181557 0.000160043 1.15484e-05 8.44267e-05 7.89441e-06 5.0677e-06 8.00833e-09
scan charginogluino 500 1350 L4T2METVHTVZV 0.000816874 0.000104243 0.000100896 1.98841e-06 2.52637e-05 6.2542e-06 1.37846e-06 1.83491e-06
scan charginogluino 500 1350 L4T0METVHTV 0.00244956 0.000188762 0.000164746 2.09526e-05 8.97261e-05 0 0 4.93448e-11
scan charginogluino 500 1350 L4T1METVHTV 0.000538907 8.44706e-05 8.01326e-05 3.12587e-06 2.6387e-05 2.34469e-06 1.58645e-06 1.12124e-09
scan charginogluino 500 1350 L4T2METVHTV 3.86447e-05 1.84702e-05 1.8459e-05 1.60943e-07 1.77412e-07 1.64427e-07 5.72139e-07 2.44761e-08
scan charginogluino 500 1350 L4T0METVZV 0.00190006 0.000166247 0.000149691 1.7241e-05 7.02383e-05 0 0 4.4301e-11
scan charginogluino 500 1350 L4T1METVZV 0.000680891 8.75199e-05 8.19282e-05 3.66393e-06 3.03182e-05 1.77436e-06 3.42563e-06 7.73965e-09
scan charginogluino 500 1350 L4T2METVZV 0.000292639 6.64383e-05 6.2864e-05 1.15557e-06 2.13679e-05 2.00166e-06 0 4.8487e-07
scan charginogluino 500 1350 L4T0METV 0.00122662 0.000137071 0.000128961 1.07189e-05 4.51953e-05 0 0 4.71812e-13
scan charginogluino 500 1350 L4T1METV 0.000180983 4.58007e-05 4.53494e-05 8.35357e-07 6.25793e-06 1.11095e-06 2.08107e-07 8.35617e-11
scan charginogluino 500 1350 L4T2METV 9.46047e-05 7.58551e-05 7.58285e-05 1.22742e-07 1.07696e-06 1.63034e-06 4.47309e-07 9.37381e-09
scan charginogluino 500 1350 L4T0HTVZV 0.000198005 4.9243e-05 4.89141e-05 2.40092e-06 5.14977e-06 0 0 4.13328e-11
scan charginogluino 500 1350 L4T1HTVZV 8.59767e-05 2.93652e-05 2.93393e-05 5.29444e-07 1.0567e-06 3.55503e-07 0 7.79093e-11
scan charginogluino 500 1350 L4T2HTVZV 2.26944e-05 1.64376e-05 1.60505e-05 3.52038e-08 3.54029e-06 1.94404e-07 0 3.9915e-08
scan charginogluino 500 1350 L4T0HTV 8.01738e-05 3.0027e-05 2.98888e-05 7.11823e-07 2.78858e-06 0 0 2.3129e-15
scan charginogluino 500 1350 L4T1HTV 4.94703e-05 4.94721e-05 4.94705e-05 3.01535e-07 0 2.71355e-07 0 4.64954e-12
scan charginogluino 500 1350 L4T2HTV 0 1.11574e-07 1.11574e-07 0 0 0 0 0
scan charginogluino 500 1350 L4T0ZV 0.000237952 6.33495e-05 6.29362e-05 2.61698e-06 6.73334e-06 0 0 1.77067e-13
scan charginogluino 500 1350 L4T1ZV 6.56525e-05 2.81255e-05 2.81172e-05 4.48982e-07 3.61351e-07 3.5545e-07 8.71953e-08 6.4379e-11
scan charginogluino 500 1350 L4T2ZV 1.11792e-05 1.11803e-05 1.11797e-05 3.40336e-08 8.06052e-08 6.8658e-08 0 2.12979e-09
scan charginogluino 500 1350 L4T0 5.2068e-05 2.25054e-05 2.24935e-05 7.30854e-07 2.83936e-08 0 0 2.47002e-14
scan charginogluino 500 1350 L4T1 0 1.28835e-07 1.28835e-07 0 0 0 0 0
scan charginogluino 500 1350 L4T2 0 1.11574e-07 1.11574e-07 0 0 0 0 0
scan charginogluino 500 1350 L3DY0T0METVHTV 0.00016996 4.1296e-05 4.11751e-05 9.75965e-07 3.00318e-06 0 0 2.0938e-09
scan charginogluino 500 1350 L3DY0T1METVHTV 0.001258 0.000122461 0.000118908 4.46584e-06 2.78839e-05 3.74764e-06 5.58298e-06 3.83924e-06
scan charginogluino 500 1350 L3DY0T2METVHTV 0.00047122 7.98944e-05 7.96774e-05 7.16544e-07 1.70056e-06 3.72561e-06 0 4.164e-06
scan charginogluino 500 1350 L3DY0T0METV 7.37186e-05 2.62386e-05 2.62176e-05 2.96876e-07 1.00716e-06 0 0 3.53859e-11
scan charginogluino 500 1350 L3DY0T1METV 0.000117955 3.82495e-05 3.62494e-05 7.84075e-07 1.21467e-05 3.26792e-07 5.44649e-07 6.64363e-07
scan charginogluino 500 1350 L3DY0T2METV 3.01537e-05 1.65475e-05 1.65434e-05 1.57467e-08 7.86112e-08 2.25211e-07 0 2.82079e-07
scan charginogluino 500 1350 L3DY0T0HTV 0 9.11e-08 9.11e-08 0 0 0 0 0
scan charginogluino 500 1350 L3DY0T1HTV 7.03719e-05 4.23529e-05 4.23303e-05 1.25826e-07 1.33253e-06 1.72233e-07 3.04005e-07 4.61354e-08
scan charginogluino 500 1350 L3DY0T2HTV 5.88401e-05 5.88511e-05 5.88401e-05 0 4.24252e-07 8.86029e-07 0 5.66375e-07
scan charginogluino 500 1350 L3DY0T0 0 9.11e-08 9.11e-08 0 0 0 0 0
scan charginogluino 500 1350 L3DY0T1 1.41809e-05 1.46319e-05 1.41814e-05 4.31716e-08 3.58887e-06 0 3.12453e-07 4.08647e-08
scan charginogluino 500 1350 L3DY0T2 9.62061e-06 9.62146e-06 9.62093e-06 2.92886e-08 0 5.86407e-08 0 7.74072e-08
scan charginogluino 500 1350 L3DY1T0METVHTVZV 0.00220023 0.00017801 0.00015308 1.1523e-05 9.01167e-05 0 0 2.98531e-08
scan charginogluino 500 1350 L3DY1T1METVHTVZV 0.00198842 0.000211484 0.000201234 5.27568e-06 6.30761e-05 5.79285e-06 1.36546e-05 1.97244e-06
scan charginogluino 500 1350 L3DY1T0METVHTV 0.000758643 0.000110015 9.43866e-05 3.8574e-06 5.63882e-05 0 0 4.26632e-08
scan charginogluino 500 1350 L3DY1T1METVHTV 0.000304603 6.02069e-05 5.99923e-05 1.34928e-06 4.75692e-06 9.30529e-07 3.84572e-07 5.80142e-07
scan charginogluino 500 1350 L3DY1T0METVZV 0.000411785 7.35455e-05 7.21482e-05 2.17915e-06 1.41006e-05 0 0 4.1548e-10
scan charginogluino 500 1350 L3DY1T1METVZV 0.000428174 6.72228e-05 6.70166e-05 1.96617e-06 3.89248e-06 1.86019e-06 2.17773e-06 6.69762e-07
scan charginogluino 500 1350 L3DY1T0METV 0.000197439 5.78304e-05 5.72968e-05 6.74028e-07 7.80875e-06 0 0 4.69372e-10
scan charginogluino 500 1350 L3DY1T1METV 6.51498e-05 3.30996e-05 3.3081e-05 6.19995e-08 1.00962e-06 4.56374e-07 1.01758e-08 2.57773e-08
scan charginogluino 500 1350 L3DY1T0HTVZV 0.000181241 5.81609e-05 5.81225e-05 1.29256e-06 1.67072e-06 0 0 1.56384e-10
scan charginogluino 500 1350 L3DY1T1HTVZV 0 9.11e-08 9.11e-08 0 0 0 0 0
scan charginogluino 500 1350 L3DY1T0HTV 1.97641e-05 1.55139e-05 1.55106e-05 4.92299e-08 3.15723e-07 0 0 1.44031e-11
scan charginogluino 500 1350 L3DY1T1HTV 0 9.11e-08 9.11e-08 0 0 0 0 0
scan charginogluino 500 1350 L3DY1T0ZV 3.97391e-05 2.32728e-05 2.32701e-05 2.57844e-07 2.51356e-07 0 0 5.30558e-11
scan charginogluino 500 1350 L3DY1T1ZV 2.03249e-05 1.0388e-05 1.02653e-05 7.01202e-08 1.56586e-06 2.65287e-07 8.86312e-08 1.88327e-08
scan charginogluino 500 1350 L3DY1T0 4.35976e-06 4.36067e-06 4.36047e-06 2.65739e-08 3.16683e-08 0 0 6.24102e-12
scan charginogluino 500 1350 L3DY1T1 0 9.11e-08 9.11e-08 0 0 0 0 0
