model coNLSP
parameter coNLSP 3
parameter kFactorProcessWeighted true
scan charginogluino 675 1550 LOXSEC 0.0123
scan charginogluino 675 1550 L4T0METVHTVZV 0.00146216 7.48024e-05 6.4975e-05 1.15275e-05 3.52246e-05 0 0 3.09876e-12
scan charginogluino 675 1550 L4T1METVHTVZV 0.000804719 5.41474e-05 5.14125e-05 4.06603e-06 1.61147e-05 2.45044e-06 2.54568e-06 3.72606e-09
scan charginogluino 675 1550 L4T2METVHTVZV 0.000242515 2.62716e-05 2.55966e-05 9.31963e-07 5.50758e-06 1.80852e-06 6.21513e-07 3.8754e-07
scan charginogluino 675 1550 L4T0METVHTV 0.000429345 3.92248e-05 3.68922e-05 3.49861e-06 1.28573e-05 0 0 1.26099e-12
scan charginogluino 675 1550 L4T1METVHTV 6.91225e-05 1.45362e-05 1.41469e-05 3.88747e-07 3.28325e-06 2.31293e-07 4.25625e-07 5.71078e-11
scan charginogluino 675 1550 L4T2METVHTV 3.3849e-05 1.40532e-05 1.40498e-05 2.07788e-07 4.80965e-08 2.21193e-07 0 4.85837e-08
scan charginogluino 675 1550 L4T0METVZV 0.000310991 3.13815e-05 3.06868e-05 2.2729e-06 6.16055e-06 0 0 3.77882e-15
scan charginogluino 675 1550 L4T1METVZV 0.000181045 2.50052e-05 2.40843e-05 7.8217e-07 6.62756e-06 6.26e-07 5.26929e-07 1.10852e-10
scan charginogluino 675 1550 L4T2METVZV 4.05067e-05 9.55962e-06 9.54491e-06 1.07969e-07 3.59896e-07 3.73501e-07 0 1.93623e-08
scan charginogluino 675 1550 L4T0METV 6.21997e-05 1.34233e-05 1.32482e-05 7.82402e-07 2.01455e-06 0 0 1.38062e-15
scan charginogluino 675 1550 L4T1METV 1.00839e-05 5.48463e-06 5.39456e-06 6.2684e-08 9.86592e-07 2.06605e-08 4.62183e-08 8.26063e-12
scan charginogluino 675 1550 L4T2METV 0 3.01287e-08 3.01287e-08 0 0 0 0 0
scan charginogluino 675 1550 L4T0HTVZV 4.82684e-05 1.1734e-05 1.16457e-05 4.55589e-07 1.36315e-06 0 0 7.36845e-16
scan charginogluino 675 1550 L4T1HTVZV 1.3423e-05 8.02923e-06 8.02717e-06 3.45275e-08 1.64405e-07 8.33123e-09 6.89547e-08 1.70458e-12
scan charginogluino 675 1550 L4T2HTVZV 1.53174e-05 8.84642e-06 8.84353e-06 1.26068e-07 0 1.87375e-07 0 1.56979e-08
scan charginogluino 675 1550 L4T0HTV 5.17557e-06 3.71085e-06 3.71026e-06 5.90237e-08 3.09388e-08 0 0 1.1232e-17
scan charginogluino 675 1550 L4T1HTV 0 3.47897e-08 3.47897e-08 0 0 0 0 0
scan charginogluino 675 1550 L4T2HTV 0 3.01287e-08 3.01287e-08 0 0 0 0 0
scan charginogluino 675 1550 L4T0ZV 2.15567e-05 1.08791e-05 1.08665e-05 4.55789e-08 5.21838e-07 0 0 2.04658e-19
scan charginogluino 675 1550 L4T1ZV 2.86238e-06 2.75756e-06 2.75034e-06 3.22024e-09 1.99288e-07 8.7141e-09 0 1.90606e-12
scan charginogluino 675 1550 L4T2ZV 0 3.01287e-08 3.01287e-08 0 0 0 0 0
scan charginogluino 675 1550 L4T0 1.47165e-05 7.57648e-06 7.53939e-06 1.13584e-07 7.40052e-07 0 0 9.5609e-19
scan charginogluino 675 1550 L4T1 0 3.47897e-08 3.47897e-08 0 0 0 0 0
scan charginogluino 675 1550 L4T2 0 3.01287e-08 3.01287e-08 0 0 0 0 0
scan charginogluino 675 1550 L3DY0T0METVHTV 7.35152e-05 1.61833e-05 1.60785e-05 3.07084e-07 1.81358e-06 0 0 3.70999e-11
scan charginogluino 675 1550 L3DY0T1METVHTV 0.000267097 3.09993e-05 2.97752e-05 9.99209e-07 8.47035e-06 9.57395e-07 6.72154e-07 5.31138e-07
scan charginogluino 675 1550 L3DY0T2METVHTV 0.000104156 1.62621e-05 1.62144e-05 1.83779e-07 3.15726e-07 7.68322e-07 0 9.07206e-07
scan charginogluino 675 1550 L3DY0T0METV 1.16247e-06 1.16295e-06 1.16266e-06 2.43757e-08 8.44389e-09 0 0 1.27811e-11
scan charginogluino 675 1550 L3DY0T1METV 3.11341e-05 9.56768e-06 9.41193e-06 9.29173e-08 1.7131e-06 9.27132e-08 3.79524e-08 5.251e-08
scan charginogluino 675 1550 L3DY0T2METV 1.08217e-07 1.10301e-07 1.10295e-07 0 0 6.59615e-10 0 1.04167e-09
scan charginogluino 675 1550 L3DY0T0HTV 1.22242e-07 1.24086e-07 1.24084e-07 7.45095e-10 0 0 0 1.14891e-14
scan charginogluino 675 1550 L3DY0T1HTV 5.94652e-06 2.91886e-06 2.90876e-06 1.76904e-08 2.41188e-07 1.8174e-08 0 9.00639e-09
scan charginogluino 675 1550 L3DY0T2HTV 0 2.46e-08 2.46e-08 0 0 0 0 0
scan charginogluino 675 1550 L3DY0T0 0 2.46e-08 2.46e-08 0 0 0 0 0
scan charginogluino 675 1550 L3DY0T1 3.17857e-06 3.20853e-06 3.17874e-06 6.50318e-08 4.20296e-07 6.50318e-08 0 7.23149e-08
scan charginogluino 675 1550 L3DY0T2 0 2.46e-08 2.46e-08 0 0 0 0 0
scan charginogluino 675 1550 L3DY1T0METVHTVZV 0.000740711 5.22238e-05 4.99646e-05 3.87367e-06 1.4692e-05 0 0 7.1162e-10
scan charginogluino 675 1550 L3DY1T1METVHTVZV 0.000356638 3.12339e-05 3.06659e-05 1.34101e-06 5.53824e-06 1.20711e-06 1.0893e-06 2.12403e-07
scan charginogluino 675 1550 L3DY1T0METVHTV 6.93696e-05 1.34877e-05 1.31568e-05 4.10574e-07 2.9408e-06 0 0 8.20387e-10
scan charginogluino 675 1550 L3DY1T1METVHTV 3.55452e-05 1.03853e-05 1.03186e-05 1.86811e-07 1.14815e-06 1.27817e-07 1.03949e-07 4.61865e-08
scan charginogluino 675 1550 L3DY1T0METVZV 4.64733e-05 1.1828e-05 1.17469e-05 2.29287e-07 1.36367e-06 0 0 4.89437e-11
scan charginogluino 675 1550 L3DY1T1METVZV 6.85359e-05 1.3485e-05 1.34333e-05 2.79992e-07 1.02411e-06 3.11983e-07 4.06934e-07 2.75576e-08
scan charginogluino 675 1550 L3DY1T0METV 4.82794e-07 4.8338e-07 4.83264e-07 0 1.05638e-08 0 0 4.91117e-14
scan charginogluino 675 1550 L3DY1T1METV 9.24503e-06 5.4539e-06 5.36574e-06 1.88471e-08 9.65037e-07 7.57799e-09 1.48854e-07 4.63856e-09
scan charginogluino 675 1550 L3DY1T0HTVZV 3.02041e-05 1.19771e-05 1.19691e-05 1.26134e-07 4.2069e-07 0 0 3.1667e-12
scan charginogluino 675 1550 L3DY1T1HTVZV 0 2.46e-08 2.46e-08 0 0 0 0 0
scan charginogluino 675 1550 L3DY1T0HTV 0 2.46e-08 2.46e-08 0 0 0 0 0
scan charginogluino 675 1550 L3DY1T1HTV 0 2.46e-08 2.46e-08 0 0 0 0 0
scan charginogluino 675 1550 L3DY1T0ZV 8.82015e-06 9.10661e-06 8.82018e-06 5.37612e-08 2.26535e-06 0 0 1.26261e-11
scan charginogluino 675 1550 L3DY1T1ZV 0 2.46e-08 2.46e-08 0 0 0 0 0
scan charginogluino 675 1550 L3DY1T0 0 2.46e-08 2.46e-08 0 0 0 0 0
scan charginogluino 675 1550 L3DY1T1 0 2.46e-08 2.46e-08 0 0 0 0 0
