model coNLSP
parameter coNLSP 3
parameter kFactorProcessWeighted true
scan charginogluino 575 1850 LOXSEC 0.0159
scan charginogluino 575 1850 L4T0METVHTVZV 0.000330604 3.76948e-05 3.43354e-05 2.59965e-06 1.53369e-05 0 0 9.36114e-15
scan charginogluino 575 1850 L4T1METVHTVZV 0.000198025 2.7168e-05 2.61082e-05 8.25444e-07 7.38083e-06 5.24003e-07 1.01475e-06 4.12245e-10
scan charginogluino 575 1850 L4T2METVHTVZV 0.000106318 2.16783e-05 2.15528e-05 3.69988e-07 1.91321e-06 6.25201e-07 1.10867e-06 8.55641e-08
scan charginogluino 575 1850 L4T0METVHTV 0.000127904 2.51838e-05 2.3455e-05 1.0041e-06 9.11479e-06 0 0 3.80436e-15
scan charginogluino 575 1850 L4T1METVHTV 1.30587e-05 6.25109e-06 6.20973e-06 6.46546e-08 7.1383e-07 3.85175e-08 8.96852e-09 1.02078e-11
scan charginogluino 575 1850 L4T2METVHTV 2.78143e-06 2.86506e-06 2.78165e-06 0 6.72593e-07 0 1.36381e-07 1.64735e-09
scan charginogluino 575 1850 L4T0METVZV 0.00112256 7.78445e-05 6.68838e-05 8.43381e-06 3.89255e-05 0 0 8.85718e-13
scan charginogluino 575 1850 L4T1METVZV 0.000477905 5.00054e-05 4.6416e-05 2.2572e-06 1.83569e-05 1.73397e-06 1.01066e-06 1.90733e-09
scan charginogluino 575 1850 L4T2METVZV 0.000103743 1.79798e-05 1.77515e-05 3.65564e-07 2.52196e-06 1.04904e-06 7.39458e-07 1.26933e-07
scan charginogluino 575 1850 L4T0METV 0.000346592 3.66359e-05 3.46978e-05 2.74478e-06 1.1433e-05 0 0 1.11296e-11
scan charginogluino 575 1850 L4T1METV 9.92594e-05 2.44495e-05 2.26547e-05 4.45559e-07 9.15975e-06 4.5268e-07 4.89578e-07 7.70852e-11
scan charginogluino 575 1850 L4T2METV 1.51297e-06 1.53894e-06 1.51338e-06 0 2.78774e-07 9.22195e-09 0 1.37542e-08
scan charginogluino 575 1850 L4T0HTVZV 1.85719e-05 9.7958e-06 9.79128e-06 1.18121e-07 2.7331e-07 0 0 7.7802e-15
scan charginogluino 575 1850 L4T1HTVZV 1.73342e-05 1.007e-05 1.00651e-05 4.05477e-08 3.06621e-07 5.27717e-08 0 9.56061e-12
scan charginogluino 575 1850 L4T2HTVZV 1.37662e-05 9.75122e-06 9.75004e-06 3.98644e-08 1.05216e-07 1.00187e-07 0 1.60649e-08
scan charginogluino 575 1850 L4T0HTV 1.3127e-05 9.65284e-06 9.63147e-06 6.89549e-08 6.38316e-07 0 0 2.10346e-20
scan charginogluino 575 1850 L4T1HTV 1.40949e-06 9.9766e-07 9.97547e-07 1.44051e-08 0 4.29099e-09 0 2.7391e-12
scan charginogluino 575 1850 L4T2HTV 0 3.89469e-08 3.89469e-08 0 0 0 0 0
scan charginogluino 575 1850 L4T0ZV 9.63349e-05 2.15532e-05 2.1441e-05 7.7353e-07 2.05573e-06 0 0 2.34912e-15
scan charginogluino 575 1850 L4T1ZV 1.52246e-05 9.06557e-06 9.06361e-06 9.23254e-08 1.27058e-07 3.54398e-08 9.79979e-08 7.23172e-12
scan charginogluino 575 1850 L4T2ZV 0 3.89469e-08 3.89469e-08 0 0 0 0 0
scan charginogluino 575 1850 L4T0 2.01048e-05 7.83207e-06 7.71111e-06 1.7466e-07 1.35998e-06 0 0 1.18017e-14
scan charginogluino 575 1850 L4T1 0 4.4972e-08 4.4972e-08 0 0 0 0 0
scan charginogluino 575 1850 L4T2 0 3.89469e-08 3.89469e-08 0 0 0 0 0
scan charginogluino 575 1850 L3DY0T0METVHTV 8.29884e-06 4.21122e-06 3.89197e-06 2.65319e-08 1.60819e-06 0 0 1.00378e-11
scan charginogluino 575 1850 L3DY0T1METVHTV 0.000107883 2.41514e-05 2.40221e-05 4.15539e-07 2.38981e-06 3.2615e-07 1.93204e-07 4.50802e-07
scan charginogluino 575 1850 L3DY0T2METVHTV 4.02906e-05 1.08393e-05 1.08263e-05 7.27358e-08 1.18239e-07 3.72546e-07 0 3.50082e-07
scan charginogluino 575 1850 L3DY0T0METV 2.88627e-05 9.85762e-06 9.84617e-06 1.99641e-07 4.31043e-07 0 0 1.5703e-09
scan charginogluino 575 1850 L3DY0T1METV 6.55132e-05 1.41627e-05 1.40113e-05 2.59134e-07 1.96996e-06 1.76724e-07 5.0436e-07 1.76492e-07
scan charginogluino 575 1850 L3DY0T2METV 1.645e-05 6.15474e-06 6.15214e-06 2.21231e-08 3.21509e-08 1.05634e-07 0 1.394e-07
scan charginogluino 575 1850 L3DY0T0HTV 0 3.18e-08 3.18e-08 0 0 0 0 0
scan charginogluino 575 1850 L3DY0T1HTV 3.84525e-06 3.69628e-06 3.69619e-06 2.25089e-08 1.09892e-09 1.17063e-08 0 1.2166e-09
scan charginogluino 575 1850 L3DY0T2HTV 0 3.18e-08 3.18e-08 0 0 0 0 0
scan charginogluino 575 1850 L3DY0T0 4.28485e-06 4.28513e-06 4.28494e-06 2.63173e-08 3.0937e-08 0 0 4.7111e-11
scan charginogluino 575 1850 L3DY0T1 2.14979e-05 9.6667e-06 9.63352e-06 2.5441e-08 7.96472e-07 7.1331e-08 0 1.40825e-08
scan charginogluino 575 1850 L3DY0T2 0 3.18e-08 3.18e-08 0 0 0 0 0
scan charginogluino 575 1850 L3DY1T0METVHTVZV 0.000280621 4.04705e-05 3.98094e-05 1.75037e-06 7.07176e-06 0 0 3.7064e-10
scan charginogluino 575 1850 L3DY1T1METVHTVZV 0.00014681 2.55227e-05 2.53816e-05 4.45425e-07 2.48698e-06 3.40737e-07 8.10406e-07 1.60608e-07
scan charginogluino 575 1850 L3DY1T0METVHTV 2.50228e-05 9.54437e-06 9.47759e-06 9.73899e-08 1.12286e-06 0 0 7.80075e-12
scan charginogluino 575 1850 L3DY1T1METVHTV 6.98608e-06 5.04625e-06 5.04054e-06 1.69726e-08 2.21124e-07 9.14279e-08 0 3.3839e-09
scan charginogluino 575 1850 L3DY1T0METVZV 0.000210948 3.47943e-05 3.41999e-05 1.1192e-06 6.30534e-06 0 0 1.52312e-10
scan charginogluino 575 1850 L3DY1T1METVZV 0.000139528 2.18243e-05 2.17821e-05 4.43567e-07 1.10049e-06 4.70834e-07 4.43096e-07 1.19045e-07
scan charginogluino 575 1850 L3DY1T0METV 3.63753e-05 1.31535e-05 1.31484e-05 2.12436e-07 3.0084e-07 0 0 8.77089e-11
scan charginogluino 575 1850 L3DY1T1METV 3.42971e-05 1.46887e-05 1.46818e-05 7.50053e-08 3.46421e-07 2.64789e-07 1.20301e-08 8.80215e-08
scan charginogluino 575 1850 L3DY1T0HTVZV 2.34129e-05 1.35499e-05 1.35491e-05 9.97408e-08 1.17986e-07 0 0 1.25369e-11
scan charginogluino 575 1850 L3DY1T1HTVZV 0 3.18e-08 3.18e-08 0 0 0 0 0
scan charginogluino 575 1850 L3DY1T0HTV 1.47216e-06 1.47248e-06 1.47242e-06 1.35198e-08 0 0 0 5.0582e-12
scan charginogluino 575 1850 L3DY1T1HTV 0 3.18e-08 3.18e-08 0 0 0 0 0
scan charginogluino 575 1850 L3DY1T0ZV 2.88156e-05 1.15167e-05 1.15093e-05 2.2129e-07 3.49898e-07 0 0 3.09486e-11
scan charginogluino 575 1850 L3DY1T1ZV 2.98207e-06 2.00779e-06 2.00525e-06 9.43937e-10 6.67799e-08 7.08876e-08 3.41218e-09 2.57517e-08
scan charginogluino 575 1850 L3DY1T0 3.80111e-06 3.80163e-06 3.80121e-06 1.1572e-08 5.50737e-08 0 0 4.58861e-13
scan charginogluino 575 1850 L3DY1T1 0 3.18e-08 3.18e-08 0 0 0 0 0
