model coNLSP
parameter coNLSP 3
parameter kFactorProcessWeighted true
scan charginogluino 400 1500 LOXSEC 0.077
scan charginogluino 400 1500 L4T0METVHTVZV 0.00224406 0.000285659 0.000241865 1.6965e-05 0.000151046 0 0 6.6351e-11
scan charginogluino 400 1500 L4T1METVHTVZV 0.00125916 0.000190817 0.00016379 5.68742e-06 9.75108e-05 4.00338e-06 5.21187e-06 9.52118e-09
scan charginogluino 400 1500 L4T2METVHTVZV 0.000291879 6.8395e-05 6.63976e-05 1.06086e-06 1.61629e-05 1.63891e-06 1.93047e-06 6.66871e-07
scan charginogluino 400 1500 L4T0METVHTV 0.00142881 0.000176757 0.000164556 1.32428e-05 6.31575e-05 0 0 5.45962e-13
scan charginogluino 400 1500 L4T1METVHTV 0.00029957 7.44446e-05 7.39391e-05 2.14684e-06 8.17004e-06 1.839e-06 5.2134e-07 8.42186e-10
scan charginogluino 400 1500 L4T2METVHTV 6.57425e-05 4.95469e-05 4.92905e-05 2.70982e-07 4.88963e-06 1.16544e-06 0 2.69032e-08
scan charginogluino 400 1500 L4T0METVZV 0.00533264 0.000408544 0.000323687 4.45496e-05 0.000245255 0 0 1.42374e-10
scan charginogluino 400 1500 L4T1METVZV 0.00273646 0.000261106 0.000231183 1.61166e-05 0.000119204 1.1391e-05 1.14764e-05 7.90773e-08
scan charginogluino 400 1500 L4T2METVZV 0.000821008 0.000141645 0.000135961 2.3656e-06 3.69238e-05 1.12838e-05 8.57588e-06 2.87351e-06
scan charginogluino 400 1500 L4T0METV 0.00482012 0.000418916 0.000315577 3.87954e-05 0.000272757 0 0 1.2011e-10
scan charginogluino 400 1500 L4T1METV 0.000961476 0.00013614 0.000129235 7.2876e-06 4.17634e-05 4.71507e-06 3.58751e-06 2.49537e-09
scan charginogluino 400 1500 L4T2METV 5.93783e-05 3.49505e-05 3.46366e-05 1.34695e-07 4.483e-06 7.54466e-07 1.05456e-06 2.11969e-07
scan charginogluino 400 1500 L4T0HTVZV 8.92939e-05 4.49261e-05 4.42952e-05 7.70876e-07 7.46295e-06 0 0 4.5537e-15
scan charginogluino 400 1500 L4T1HTVZV 4.61452e-05 2.43393e-05 2.401e-05 4.25221e-07 3.96475e-06 1.43117e-07 0 5.51623e-09
scan charginogluino 400 1500 L4T2HTVZV 0 1.88611e-07 1.88611e-07 0 0 0 0 0
scan charginogluino 400 1500 L4T0HTV 0.000144847 8.35379e-05 8.26726e-05 1.33101e-06 1.19183e-05 0 0 6.12136e-16
scan charginogluino 400 1500 L4T1HTV 1.73797e-05 1.44335e-05 1.44325e-05 1.25798e-07 1.01227e-07 5.69672e-08 0 1.16405e-11
scan charginogluino 400 1500 L4T2HTV 0 1.88611e-07 1.88611e-07 0 0 0 0 0
scan charginogluino 400 1500 L4T0ZV 0.000874535 0.000144705 0.000135362 7.88615e-06 5.05405e-05 0 0 6.48266e-12
scan charginogluino 400 1500 L4T1ZV 0.000333205 7.36286e-05 7.01137e-05 1.83899e-06 2.23198e-05 1.84651e-06 5.25089e-07 4.48344e-08
scan charginogluino 400 1500 L4T2ZV 6.08573e-05 2.44262e-05 2.43253e-05 3.63965e-07 1.22536e-06 1.79309e-06 0 2.66566e-07
scan charginogluino 400 1500 L4T0 0.000601193 0.000112544 0.000107508 5.31692e-06 3.28612e-05 0 0 3.69342e-13
scan charginogluino 400 1500 L4T1 5.44888e-05 2.83485e-05 2.81571e-05 6.61524e-07 3.21663e-06 1.65911e-07 0 2.10328e-10
scan charginogluino 400 1500 L4T2 5.28719e-05 5.43992e-05 5.28722e-05 0 1.27856e-05 5.793e-07 0 3.13143e-08
scan charginogluino 400 1500 L3DY0T0METVHTV 0.000471797 0.000191583 0.000187142 4.34395e-06 4.07745e-05 0 0 4.05731e-07
scan charginogluino 400 1500 L3DY0T1METVHTV 0.000663747 0.000118476 0.000116716 1.73022e-06 1.97405e-05 4.10909e-06 0 2.08731e-06
scan charginogluino 400 1500 L3DY0T2METVHTV 0.000376172 9.46889e-05 9.45462e-05 1.39078e-07 2.22686e-06 3.07151e-06 0 3.54874e-06
scan charginogluino 400 1500 L3DY0T0METV 0.000274488 6.82605e-05 6.70706e-05 2.14623e-06 1.25068e-05 0 0 7.91537e-10
scan charginogluino 400 1500 L3DY0T1METV 0.00124255 0.000218853 0.000213867 4.94833e-06 4.41805e-05 4.25918e-06 1.15666e-05 5.37559e-06
scan charginogluino 400 1500 L3DY0T2METV 0.000248595 6.79865e-05 6.78686e-05 4.10915e-07 8.19223e-07 3.22897e-06 0 2.17967e-06
scan charginogluino 400 1500 L3DY0T0HTV 0 1.54e-07 1.54e-07 0 0 0 0 0
scan charginogluino 400 1500 L3DY0T1HTV 5.8696e-05 5.17713e-05 5.17591e-05 2.27741e-08 7.95996e-07 7.77388e-07 1.64827e-07 3.17583e-08
scan charginogluino 400 1500 L3DY0T2HTV 1.92515e-05 1.9253e-05 1.92519e-05 5.86084e-08 0 1.17343e-07 0 1.54897e-07
scan charginogluino 400 1500 L3DY0T0 3.59825e-05 2.5923e-05 2.54438e-05 1.09544e-07 4.95987e-06 0 0 3.53985e-11
scan charginogluino 400 1500 L3DY0T1 0.00012163 5.10076e-05 5.07004e-05 3.90247e-07 5.30264e-06 1.19038e-06 1.10954e-06 5.77951e-07
scan charginogluino 400 1500 L3DY0T2 2.05779e-05 2.05814e-05 2.05783e-05 6.26464e-08 0 3.09873e-07 0 1.65569e-07
scan charginogluino 400 1500 L3DY1T0METVHTVZV 0.00167261 0.00021034 0.000197892 1.03257e-05 7.05333e-05 0 0 1.65254e-08
scan charginogluino 400 1500 L3DY1T1METVHTVZV 0.000643174 0.000106802 0.000106311 2.96088e-06 9.01015e-06 2.78898e-06 2.53278e-06 7.93447e-07
scan charginogluino 400 1500 L3DY1T0METVHTV 0.000495992 9.09322e-05 8.82833e-05 3.22294e-06 2.15486e-05 0 0 8.71907e-10
scan charginogluino 400 1500 L3DY1T1METVHTV 0.000211734 7.81608e-05 7.78249e-05 4.54701e-07 7.13372e-06 6.46643e-07 8.37985e-07 4.2094e-07
scan charginogluino 400 1500 L3DY1T0METVZV 0.00156377 0.000176379 0.000161617 1.0698e-05 6.98199e-05 0 0 5.17944e-07
scan charginogluino 400 1500 L3DY1T1METVZV 0.000928185 0.00014619 0.000144738 3.99513e-06 1.95156e-05 4.17361e-06 1.54947e-06 2.39591e-06
scan charginogluino 400 1500 L3DY1T0METV 0.000517671 9.68237e-05 9.53945e-05 3.53733e-06 1.61927e-05 0 0 1.30419e-09
scan charginogluino 400 1500 L3DY1T1METV 0.000253581 6.58025e-05 6.51707e-05 1.2965e-06 8.90118e-06 1.20808e-06 3.26916e-08 6.21288e-07
scan charginogluino 400 1500 L3DY1T0HTVZV 0.000141223 5.44185e-05 5.359e-05 8.91896e-07 9.4176e-06 0 0 4.64768e-10
scan charginogluino 400 1500 L3DY1T1HTVZV 2.56012e-05 2.56022e-05 2.56016e-05 1.56046e-07 0 7.79393e-08 0 8.23296e-09
scan charginogluino 400 1500 L3DY1T0HTV 5.50347e-05 3.30749e-05 3.10153e-05 1.16257e-07 1.14886e-05 0 0 2.93283e-11
scan charginogluino 400 1500 L3DY1T1HTV 0 1.54e-07 1.54e-07 0 0 0 0 0
scan charginogluino 400 1500 L3DY1T0ZV 0.000219228 6.91734e-05 6.87688e-05 1.01277e-06 7.40152e-06 0 0 5.12155e-10
scan charginogluino 400 1500 L3DY1T1ZV 0.000168911 8.06157e-05 7.49298e-05 2.08185e-07 2.97089e-05 5.80478e-07 1.04409e-06 5.67365e-07
scan charginogluino 400 1500 L3DY1T0 9.90196e-05 5.28618e-05 5.04632e-05 1.10806e-06 1.57039e-05 0 0 9.59666e-10
scan charginogluino 400 1500 L3DY1T1 0 1.54e-07 1.54e-07 0 0 0 0 0
