model coNLSP
parameter coNLSP 3
parameter kFactorProcessWeighted true
scan charginogluino 500 1750 LOXSEC 0.02965
scan charginogluino 500 1750 L4T0METVHTVZV 0.000704182 8.10685e-05 7.8276e-05 5.66891e-06 2.03184e-05 0 0 3.15219e-14
scan charginogluino 500 1750 L4T1METVHTVZV 0.000374469 5.58027e-05 5.46434e-05 1.89809e-06 1.0985e-05 1.58016e-06 1.12739e-06 5.24606e-10
scan charginogluino 500 1750 L4T2METVHTVZV 0.000168302 3.92777e-05 3.84748e-05 6.2405e-07 7.76403e-06 1.28105e-06 1.15857e-07 3.25517e-07
scan charginogluino 500 1750 L4T0METVHTV 0.000294587 4.57741e-05 4.46419e-05 3.03181e-06 9.6526e-06 0 0 5.06694e-11
scan charginogluino 500 1750 L4T1METVHTV 0.000201379 6.17084e-05 5.92873e-05 2.17801e-06 1.69448e-05 1.03084e-06 0 6.64124e-10
scan charginogluino 500 1750 L4T2METVHTV 1.49234e-05 8.95211e-06 8.92334e-06 7.21994e-08 7.07401e-07 9.09619e-08 0 1.81267e-08
scan charginogluino 500 1750 L4T0METVZV 0.00240633 0.000168554 0.000129963 1.93098e-05 0.00010558 0 0 7.74694e-13
scan charginogluino 500 1750 L4T1METVZV 0.00120156 0.00011335 0.000106022 7.68347e-06 3.89854e-05 4.34524e-06 3.13765e-06 1.08692e-08
scan charginogluino 500 1750 L4T2METVZV 0.000261587 4.54792e-05 4.52322e-05 1.0128e-06 4.20607e-06 1.83028e-06 5.31774e-07 2.43368e-07
scan charginogluino 500 1750 L4T0METV 0.00100337 9.65994e-05 8.57104e-05 7.83354e-06 4.38612e-05 0 0 7.97588e-13
scan charginogluino 500 1750 L4T1METV 0.000277336 5.23556e-05 5.14381e-05 2.12671e-06 9.45916e-06 9.03476e-07 6.46905e-07 7.62804e-10
scan charginogluino 500 1750 L4T2METV 3.71802e-05 1.67198e-05 1.66865e-05 8.4104e-08 9.55142e-07 2.18623e-07 3.03935e-07 2.30492e-07
scan charginogluino 500 1750 L4T0HTVZV 2.63633e-05 1.97175e-05 1.9712e-05 1.33105e-07 4.47719e-07 0 0 1.04646e-17
scan charginogluino 500 1750 L4T1HTVZV 5.70269e-05 2.34988e-05 2.32474e-05 1.58164e-07 3.42014e-06 1.76368e-07 0 1.7379e-11
scan charginogluino 500 1750 L4T2HTVZV 1.27128e-05 9.6865e-06 9.59001e-06 6.53011e-08 1.35975e-06 8.16794e-08 0 1.43144e-08
scan charginogluino 500 1750 L4T0HTV 1.95836e-05 1.02166e-05 9.98766e-06 1.41532e-07 2.14583e-06 0 0 9.25545e-17
scan charginogluino 500 1750 L4T1HTV 0 8.38629e-08 8.38629e-08 0 0 0 0 0
scan charginogluino 500 1750 L4T2HTV 0 7.26274e-08 7.26274e-08 0 0 0 0 0
scan charginogluino 500 1750 L4T0ZV 0.000213452 4.13579e-05 4.11072e-05 1.62368e-06 4.24689e-06 0 0 1.12184e-15
scan charginogluino 500 1750 L4T1ZV 5.32029e-05 1.90281e-05 1.89988e-05 7.38656e-07 6.44817e-07 1.20114e-07 3.73485e-07 1.94741e-10
scan charginogluino 500 1750 L4T2ZV 5.55819e-05 2.15619e-05 2.13128e-05 1.91511e-07 3.14819e-06 8.11508e-07 0 2.71832e-07
scan charginogluino 500 1750 L4T0 6.84954e-05 2.03628e-05 1.99027e-05 6.2095e-07 4.25941e-06 0 0 3.94902e-15
scan charginogluino 500 1750 L4T1 6.7561e-06 4.88619e-06 4.80846e-06 3.45414e-08 8.63277e-07 1.66163e-08 8.28719e-08 1.32277e-11
scan charginogluino 500 1750 L4T2 0 7.26274e-08 7.26274e-08 0 0 0 0 0
scan charginogluino 500 1750 L3DY0T0METVHTV 1.91304e-05 7.48304e-06 7.38107e-06 1.36906e-07 1.2235e-06 0 0 1.11114e-10
scan charginogluino 500 1750 L3DY0T1METVHTV 0.000159155 3.35123e-05 3.28438e-05 9.24251e-07 6.42376e-06 3.37854e-07 1.42432e-06 3.06407e-07
scan charginogluino 500 1750 L3DY0T2METVHTV 5.41087e-05 1.64086e-05 1.6395e-05 8.16897e-08 1.96664e-07 4.1625e-07 0 4.78444e-07
scan charginogluino 500 1750 L3DY0T0METV 9.79785e-05 3.10775e-05 3.10528e-05 4.72696e-07 1.14558e-06 0 0 1.16019e-10
scan charginogluino 500 1750 L3DY0T1METV 0.000255459 4.82562e-05 4.4716e-05 9.19278e-07 1.79421e-05 8.07259e-07 1.97943e-06 1.34446e-06
scan charginogluino 500 1750 L3DY0T2METV 7.5836e-05 2.24379e-05 2.24091e-05 5.80342e-08 4.09349e-07 7.94974e-07 0 6.99859e-07
scan charginogluino 500 1750 L3DY0T0HTV 0 5.93e-08 5.93e-08 0 0 0 0 0
scan charginogluino 500 1750 L3DY0T1HTV 1.27484e-05 9.01551e-06 9.01485e-06 3.88109e-08 9.20744e-08 3.88109e-08 0 1.95828e-08
scan charginogluino 500 1750 L3DY0T2HTV 0 5.93e-08 5.93e-08 0 0 0 0 0
scan charginogluino 500 1750 L3DY0T0 0 5.93e-08 5.93e-08 0 0 0 0 0
scan charginogluino 500 1750 L3DY0T1 1.45492e-05 7.8505e-06 7.60308e-06 1.54204e-08 1.95289e-06 4.43234e-08 0 8.71838e-08
scan charginogluino 500 1750 L3DY0T2 1.42215e-05 1.10187e-05 1.10176e-05 3.13371e-08 2.83221e-08 8.67032e-08 0 1.20631e-07
scan charginogluino 500 1750 L3DY1T0METVHTVZV 0.000453179 5.84123e-05 5.73477e-05 2.036e-06 1.09131e-05 0 0 2.03815e-09
scan charginogluino 500 1750 L3DY1T1METVHTVZV 0.000150925 2.89947e-05 2.89518e-05 5.64897e-07 1.03807e-06 7.03348e-07 7.43659e-07 2.03774e-07
scan charginogluino 500 1750 L3DY1T0METVHTV 0.000119166 3.63655e-05 3.54695e-05 6.73997e-07 7.99433e-06 0 0 1.35795e-10
scan charginogluino 500 1750 L3DY1T1METVHTV 4.54628e-05 1.82264e-05 1.82114e-05 1.24444e-07 4.83418e-07 1.13214e-07 5.31929e-07 3.06004e-08
scan charginogluino 500 1750 L3DY1T0METVZV 0.000478417 6.5383e-05 6.2456e-05 2.64365e-06 1.91621e-05 0 0 6.53822e-09
scan charginogluino 500 1750 L3DY1T1METVZV 0.000307466 4.69614e-05 4.68164e-05 9.6946e-07 2.8866e-06 1.10659e-06 1.67475e-06 5.46553e-07
scan charginogluino 500 1750 L3DY1T0METV 0.000149293 3.5428e-05 3.45893e-05 8.08283e-07 7.62025e-06 0 0 1.36289e-10
scan charginogluino 500 1750 L3DY1T1METV 3.91913e-05 1.75439e-05 1.75271e-05 4.73934e-08 5.56829e-07 4.73972e-07 1.7132e-07 1.58803e-07
scan charginogluino 500 1750 L3DY1T0HTVZV 1.79605e-05 1.06679e-05 1.05607e-05 6.97441e-08 1.50683e-06 0 0 1.36074e-11
scan charginogluino 500 1750 L3DY1T1HTVZV 0 5.93e-08 5.93e-08 0 0 0 0 0
scan charginogluino 500 1750 L3DY1T0HTV 0 5.93e-08 5.93e-08 0 0 0 0 0
scan charginogluino 500 1750 L3DY1T1HTV 0 5.93e-08 5.93e-08 0 0 0 0 0
scan charginogluino 500 1750 L3DY1T0ZV 1.94303e-05 1.40679e-05 1.40665e-05 1.05469e-07 1.71403e-07 0 0 4.84804e-12
scan charginogluino 500 1750 L3DY1T1ZV 6.65669e-05 2.59235e-05 2.55903e-05 2.28125e-07 4.12176e-06 3.41799e-07 2.2748e-08 9.12091e-08
scan charginogluino 500 1750 L3DY1T0 1.41441e-05 8.18264e-06 8.18059e-06 5.989e-08 1.72875e-07 0 0 7.93375e-12
scan charginogluino 500 1750 L3DY1T1 1.03772e-05 1.03776e-05 1.03773e-05 6.3732e-08 0 3.15918e-08 0 2.52306e-08
