model coNLSP
parameter coNLSP 3
parameter kFactorProcessWeighted true
scan charginogluino 1000 1600 LOXSEC 0.00472
scan charginogluino 1000 1600 L4T0METVHTVZV 0.00107573 3.99089e-05 3.48716e-05 7.90616e-06 1.77253e-05 0 0 2.73277e-13
scan charginogluino 1000 1600 L4T1METVHTVZV 0.000635455 3.01697e-05 2.82386e-05 2.95166e-06 9.78739e-06 1.79924e-06 2.24698e-06 5.15966e-10
scan charginogluino 1000 1600 L4T2METVHTVZV 0.000208767 1.65727e-05 1.55858e-05 6.33798e-07 5.39984e-06 1.30438e-06 6.64772e-07 1.85475e-07
scan charginogluino 1000 1600 L4T0METVHTV 0.000148998 1.33973e-05 1.29599e-05 1.24315e-06 3.15974e-06 0 0 5.97968e-13
scan charginogluino 1000 1600 L4T1METVHTV 3.89821e-05 7.3907e-06 6.73145e-06 2.40619e-07 3.02928e-06 1.67614e-07 2.18126e-07 2.73956e-10
scan charginogluino 1000 1600 L4T2METVHTV 2.55086e-06 1.34988e-06 1.34552e-06 9.48762e-09 1.02114e-07 3.47647e-08 0 2.36154e-09
scan charginogluino 1000 1600 L4T0METVZV 3.35882e-05 5.59643e-06 5.57052e-06 2.45045e-07 4.78842e-07 0 0 6.67529e-15
scan charginogluino 1000 1600 L4T1METVZV 1.90801e-05 5.54312e-06 5.53835e-06 8.95708e-08 2.017e-07 6.49817e-08 0 5.47577e-12
scan charginogluino 1000 1600 L4T2METVZV 4.42664e-06 2.22879e-06 2.22759e-06 1.75172e-08 2.23674e-08 1.89085e-08 6.49428e-08 1.01694e-09
scan charginogluino 1000 1600 L4T0METV 3.93582e-06 2.00564e-06 2.00032e-06 3.72923e-08 1.41119e-07 0 0 6.25768e-20
scan charginogluino 1000 1600 L4T1METV 0 1.33502e-08 1.33502e-08 0 0 0 0 0
scan charginogluino 1000 1600 L4T2METV 0 1.15616e-08 1.15616e-08 0 0 0 0 0
scan charginogluino 1000 1600 L4T0HTVZV 2.32781e-05 4.69147e-06 4.64333e-06 1.43311e-07 6.54839e-07 0 0 1.60134e-16
scan charginogluino 1000 1600 L4T1HTVZV 7.74057e-06 3.73665e-06 3.73549e-06 5.28806e-08 4.26407e-08 6.0134e-08 2.14824e-08 2.66747e-12
scan charginogluino 1000 1600 L4T2HTVZV 2.14835e-06 1.5229e-06 1.52232e-06 6.12357e-09 1.65404e-08 3.81316e-08 0 3.67586e-10
scan charginogluino 1000 1600 L4T0HTV 1.15335e-06 1.15354e-06 1.15339e-06 7.03001e-09 1.66824e-08 0 0 1.93862e-26
scan charginogluino 1000 1600 L4T1HTV 0 1.33502e-08 1.33502e-08 0 0 0 0 0
scan charginogluino 1000 1600 L4T2HTV 0 1.15616e-08 1.15616e-08 0 0 0 0 0
scan charginogluino 1000 1600 L4T0ZV 0 1.05542e-08 1.05542e-08 0 0 0 0 0
scan charginogluino 1000 1600 L4T1ZV 0 1.33502e-08 1.33502e-08 0 0 0 0 0
scan charginogluino 1000 1600 L4T2ZV 0 1.15616e-08 1.15616e-08 0 0 0 0 0
scan charginogluino 1000 1600 L4T0 0 1.05542e-08 1.05542e-08 0 0 0 0 0
scan charginogluino 1000 1600 L4T1 0 1.33502e-08 1.33502e-08 0 0 0 0 0
scan charginogluino 1000 1600 L4T2 0 1.15616e-08 1.15616e-08 0 0 0 0 0
scan charginogluino 1000 1600 L3DY0T0METVHTV 4.93207e-05 7.99711e-06 7.90126e-06 2.30957e-07 1.21267e-06 0 0 1.20022e-09
scan charginogluino 1000 1600 L3DY0T1METVHTV 0.000199352 1.68515e-05 1.58951e-05 5.691e-07 5.50829e-06 5.86474e-07 4.9382e-07 2.57184e-07
scan charginogluino 1000 1600 L3DY0T2METVHTV 0.000103945 1.21905e-05 1.2117e-05 1.38382e-07 3.66101e-07 8.77732e-07 0 9.28737e-07
scan charginogluino 1000 1600 L3DY0T0METV 0 9.44e-09 9.44e-09 0 0 0 0 0
scan charginogluino 1000 1600 L3DY0T1METV 0 1.33502e-08 1.33502e-08 0 0 0 0 0
scan charginogluino 1000 1600 L3DY0T2METV 5.1978e-06 3.00178e-06 3.00096e-06 0 3.74775e-08 3.1682e-08 0 5.00323e-08
scan charginogluino 1000 1600 L3DY0T0HTV 0 9.44e-09 9.44e-09 0 0 0 0 0
scan charginogluino 1000 1600 L3DY0T1HTV 2.32359e-06 1.36307e-06 1.36241e-06 1.01935e-08 3.33245e-09 1.40704e-09 4.10132e-08 8.70894e-10
scan charginogluino 1000 1600 L3DY0T2HTV 2.62767e-06 1.83052e-06 1.83031e-06 7.87828e-09 2.87327e-10 1.60163e-08 0 2.12051e-08
scan charginogluino 1000 1600 L3DY0T0 3.68626e-06 3.68643e-06 3.68627e-06 2.24688e-08 2.65789e-08 0 0 3.46459e-13
scan charginogluino 1000 1600 L3DY0T1 0 1.33502e-08 1.33502e-08 0 0 0 0 0
scan charginogluino 1000 1600 L3DY0T2 9.23316e-07 9.23403e-07 9.23352e-07 2.8109e-09 0 5.6706e-09 0 7.42898e-09
scan charginogluino 1000 1600 L3DY1T0METVHTVZV 0.000490925 2.53308e-05 2.45831e-05 2.71651e-06 5.47156e-06 0 0 2.23032e-10
scan charginogluino 1000 1600 L3DY1T1METVHTVZV 0.000296677 1.88428e-05 1.86553e-05 1.10271e-06 2.08164e-06 9.17635e-07 7.86259e-07 1.33207e-07
scan charginogluino 1000 1600 L3DY1T0METVHTV 2.01559e-05 4.58515e-06 4.43456e-06 1.03274e-07 1.16088e-06 0 0 1.30544e-11
scan charginogluino 1000 1600 L3DY1T1METVHTV 1.3663e-05 5.03794e-06 4.90004e-06 2.19386e-08 1.16545e-06 3.25014e-08 9.39793e-08 4.29008e-08
scan charginogluino 1000 1600 L3DY1T0METVZV 1.65646e-06 1.48327e-06 1.48286e-06 5.63903e-10 3.46874e-08 0 0 1.12274e-14
scan charginogluino 1000 1600 L3DY1T1METVZV 1.76368e-06 8.18081e-07 8.17959e-07 7.85486e-09 6.86955e-09 4.19109e-09 8.53738e-09 5.64326e-10
scan charginogluino 1000 1600 L3DY1T0METV 0 9.44e-09 9.44e-09 0 0 0 0 0
scan charginogluino 1000 1600 L3DY1T1METV 0 9.44e-09 9.44e-09 0 0 0 0 0
scan charginogluino 1000 1600 L3DY1T0HTVZV 1.13712e-05 3.31195e-06 3.30999e-06 6.43834e-08 9.3992e-08 0 0 1.87667e-12
scan charginogluino 1000 1600 L3DY1T1HTVZV 6.49174e-06 3.34154e-06 3.3412e-06 3.95689e-08 0 1.69115e-08 2.06387e-08 2.08765e-09
scan charginogluino 1000 1600 L3DY1T0HTV 0 9.44e-09 9.44e-09 0 0 0 0 0
scan charginogluino 1000 1600 L3DY1T1HTV 0 9.44e-09 9.44e-09 0 0 0 0 0
scan charginogluino 1000 1600 L3DY1T0ZV 0 9.44e-09 9.44e-09 0 0 0 0 0
scan charginogluino 1000 1600 L3DY1T1ZV 1.16438e-06 1.16442e-06 1.16441e-06 0 0 3.65158e-09 0 4.53134e-11
scan charginogluino 1000 1600 L3DY1T0 0 9.44e-09 9.44e-09 0 0 0 0 0
scan charginogluino 1000 1600 L3DY1T1 0 9.44e-09 9.44e-09 0 0 0 0 0
