model coNLSP
parameter coNLSP 3
parameter kFactorProcessWeighted true
scan charginogluino 750 1900 LOXSEC 0.004967
scan charginogluino 750 1900 L4T0METVHTVZV 0.000273234 2.23504e-05 2.10655e-05 1.86612e-06 7.23206e-06 0 0 1.66526e-12
scan charginogluino 750 1900 L4T1METVHTVZV 0.000127804 1.56963e-05 1.42464e-05 5.5485e-07 6.54519e-06 4.62838e-07 2.28266e-07 1.29325e-10
scan charginogluino 750 1900 L4T2METVHTVZV 3.49015e-05 6.0925e-06 6.06925e-06 1.24987e-07 3.5744e-07 2.21438e-07 2.99523e-07 2.38734e-08
scan charginogluino 750 1900 L4T0METVHTV 4.06499e-05 7.31238e-06 7.24282e-06 3.52479e-07 9.4249e-07 0 0 1.1813e-14
scan charginogluino 750 1900 L4T1METVHTV 1.58587e-05 5.33932e-06 5.32423e-06 1.0514e-07 3.63429e-07 2.74528e-08 1.30556e-07 1.3448e-11
scan charginogluino 750 1900 L4T2METVHTV 1.32483e-06 9.37201e-07 9.36863e-07 1.54955e-08 0 1.97586e-08 0 1.82359e-09
scan charginogluino 750 1900 L4T0METVZV 0.000166268 1.45551e-05 1.40627e-05 1.18573e-06 3.56156e-06 0 0 1.89765e-15
scan charginogluino 750 1900 L4T1METVZV 7.43429e-05 1.02872e-05 9.82351e-06 3.48843e-07 3.02331e-06 2.10544e-07 1.39969e-07 3.59666e-11
scan charginogluino 750 1900 L4T2METVZV 2.88689e-05 5.80555e-06 5.78893e-06 1.21344e-07 1.90107e-07 1.9724e-07 3.20447e-07 1.46871e-08
scan charginogluino 750 1900 L4T0METV 5.63564e-05 9.74016e-06 9.19003e-06 4.90818e-07 3.18953e-06 0 0 1.09748e-13
scan charginogluino 750 1900 L4T1METV 5.92325e-06 2.31281e-06 2.19815e-06 3.819e-08 7.17754e-07 2.31728e-08 9.47882e-09 1.38818e-11
scan charginogluino 750 1900 L4T2METV 2.62081e-06 1.84169e-06 1.84054e-06 3.28569e-10 3.71228e-08 9.44545e-09 5.25224e-08 1.17229e-10
scan charginogluino 750 1900 L4T0HTVZV 1.75877e-06 1.24387e-06 1.24368e-06 2.14866e-08 0 0 0 3.69733e-17
scan charginogluino 750 1900 L4T1HTVZV 1.50462e-06 1.25459e-06 1.25442e-06 1.56588e-08 9.70834e-09 9.78138e-09 0 9.94611e-13
scan charginogluino 750 1900 L4T2HTVZV 1.78435e-06 1.78445e-06 1.78438e-06 1.08761e-08 0 1.08761e-08 0 5.73819e-10
scan charginogluino 750 1900 L4T0HTV 9.51111e-07 9.5128e-07 9.51163e-07 5.79733e-09 1.37551e-08 0 0 1.05527e-19
scan charginogluino 750 1900 L4T1HTV 0 1.40488e-08 1.40488e-08 0 0 0 0 0
scan charginogluino 750 1900 L4T2HTV 0 1.21666e-08 1.21666e-08 0 0 0 0 0
scan charginogluino 750 1900 L4T0ZV 5.60724e-06 2.65281e-06 2.6519e-06 4.98276e-08 4.81121e-08 0 0 6.63819e-17
scan charginogluino 750 1900 L4T1ZV 0 1.40488e-08 1.40488e-08 0 0 0 0 0
scan charginogluino 750 1900 L4T2ZV 0 1.21666e-08 1.21666e-08 0 0 0 0 0
scan charginogluino 750 1900 L4T0 2.98382e-06 2.25662e-06 2.23949e-06 2.4712e-08 2.76401e-07 0 0 3.70002e-20
scan charginogluino 750 1900 L4T1 0 1.40488e-08 1.40488e-08 0 0 0 0 0
scan charginogluino 750 1900 L4T2 0 1.21666e-08 1.21666e-08 0 0 0 0 0
scan charginogluino 750 1900 L3DY0T0METVHTV 3.49722e-06 1.66332e-06 1.66238e-06 1.13779e-08 5.4723e-08 0 0 1.77824e-12
scan charginogluino 750 1900 L3DY0T1METVHTV 4.24898e-05 7.68423e-06 7.53626e-06 1.07815e-07 1.48845e-06 1.29948e-07 6.78536e-08 6.00511e-08
scan charginogluino 750 1900 L3DY0T2METVHTV 2.57289e-05 9.91142e-06 9.90611e-06 1.65099e-08 1.4641e-07 1.62052e-07 0 2.39091e-07
scan charginogluino 750 1900 L3DY0T0METV 3.37365e-06 1.71841e-06 1.68685e-06 2.05633e-08 3.27193e-07 0 0 2.57324e-12
scan charginogluino 750 1900 L3DY0T1METV 1.51911e-05 6.66329e-06 6.65081e-06 4.89579e-08 3.70835e-07 2.41939e-08 1.59634e-07 1.31987e-08
scan charginogluino 750 1900 L3DY0T2METV 8.84781e-06 3.32237e-06 3.32081e-06 2.184e-08 0 6.68055e-08 0 7.38335e-08
scan charginogluino 750 1900 L3DY0T0HTV 2.77073e-06 2.77081e-06 2.77074e-06 0 1.99777e-08 0 0 2.60411e-13
scan charginogluino 750 1900 L3DY0T1HTV 0 1.40488e-08 1.40488e-08 0 0 0 0 0
scan charginogluino 750 1900 L3DY0T2HTV 1.82069e-06 1.8208e-06 1.82071e-06 0 0 1.10976e-08 0 1.46492e-08
scan charginogluino 750 1900 L3DY0T0 0 9.934e-09 9.934e-09 0 0 0 0 0
scan charginogluino 750 1900 L3DY0T1 2.14466e-06 1.51707e-06 1.51656e-06 6.52918e-09 3.50682e-08 1.61966e-08 0 3.29441e-09
scan charginogluino 750 1900 L3DY0T2 0 9.934e-09 9.934e-09 0 0 0 0 0
scan charginogluino 750 1900 L3DY1T0METVHTVZV 0.000103144 1.10968e-05 1.08581e-05 4.64303e-07 2.24182e-06 0 0 7.18433e-10
scan charginogluino 750 1900 L3DY1T1METVHTVZV 3.18992e-05 5.82136e-06 5.77232e-06 8.17351e-08 7.19115e-07 9.55599e-08 1.84856e-07 3.81223e-08
scan charginogluino 750 1900 L3DY1T0METVHTV 8.26659e-06 3.63443e-06 3.58106e-06 4.19462e-08 6.19103e-07 0 0 6.54633e-10
scan charginogluino 750 1900 L3DY1T1METVHTV 4.39778e-06 2.25223e-06 2.21663e-06 1.56633e-08 3.98291e-07 1.44479e-08 0 4.54844e-09
scan charginogluino 750 1900 L3DY1T0METVZV 1.71836e-05 4.42824e-06 4.38586e-06 9.55516e-08 6.03655e-07 0 0 2.08881e-10
scan charginogluino 750 1900 L3DY1T1METVZV 2.05877e-05 5.15992e-06 5.1556e-06 5.529e-08 1.66559e-07 8.64124e-08 7.91266e-08 4.6452e-09
scan charginogluino 750 1900 L3DY1T0METV 1.10354e-06 1.10362e-06 1.10358e-06 1.01005e-08 0 0 0 4.97424e-13
scan charginogluino 750 1900 L3DY1T1METV 4.92267e-07 4.46037e-07 4.45858e-07 2.99803e-10 6.46627e-09 0 1.08463e-08 2.7824e-10
scan charginogluino 750 1900 L3DY1T0HTVZV 1.8892e-06 1.7027e-06 1.70251e-06 1.09102e-08 2.26275e-08 0 0 1.82859e-13
scan charginogluino 750 1900 L3DY1T1HTVZV 1.62615e-06 1.20888e-06 1.20884e-06 0 7.94592e-09 3.27804e-09 0 5.34073e-09
scan charginogluino 750 1900 L3DY1T0HTV 0 9.934e-09 9.934e-09 0 0 0 0 0
scan charginogluino 750 1900 L3DY1T1HTV 0 9.934e-09 9.934e-09 0 0 0 0 0
scan charginogluino 750 1900 L3DY1T0ZV 0 9.934e-09 9.934e-09 0 0 0 0 0
scan charginogluino 750 1900 L3DY1T1ZV 1.64073e-06 1.13104e-06 1.13059e-06 1.00007e-08 0 3.02101e-08 9.48037e-10 5.27635e-10
scan charginogluino 750 1900 L3DY1T0 0 9.934e-09 9.934e-09 0 0 0 0 0
scan charginogluino 750 1900 L3DY1T1 0 9.934e-09 9.934e-09 0 0 0 0 0
