model coNLSP
parameter coNLSP 3
parameter kFactorProcessWeighted true
scan charginogluino 1200 1700 LOXSEC 0.002341
scan charginogluino 1200 1700 L4T0METVHTVZV 0.00055475 1.95514e-05 1.78025e-05 4.26387e-06 6.86629e-06 0 0 5.43659e-14
scan charginogluino 1200 1700 L4T1METVHTVZV 0.000294673 1.41235e-05 1.30004e-05 1.39559e-06 5.20324e-06 8.02847e-07 8.93167e-07 3.24586e-09
scan charginogluino 1200 1700 L4T2METVHTVZV 0.000123427 8.82954e-06 8.67975e-06 4.12236e-07 1.33748e-06 7.60432e-07 2.81057e-07 8.20088e-08
scan charginogluino 1200 1700 L4T0METVHTV 4.48764e-05 5.20334e-06 5.03092e-06 3.67687e-07 1.27649e-06 0 0 4.36064e-13
scan charginogluino 1200 1700 L4T1METVHTV 1.50634e-05 3.05815e-06 3.04513e-06 8.3802e-08 2.63835e-07 4.57113e-08 2.7591e-08 1.57425e-11
scan charginogluino 1200 1700 L4T2METVHTV 1.93762e-06 1.06176e-06 1.04289e-06 3.55232e-09 1.98821e-07 1.18103e-08 0 6.37205e-09
scan charginogluino 1200 1700 L4T0METVZV 4.05487e-05 4.49465e-06 4.44915e-06 3.30598e-07 5.45623e-07 0 0 4.57911e-15
scan charginogluino 1200 1700 L4T1METVZV 1.27616e-05 2.50703e-06 2.49796e-06 8.11667e-08 1.91428e-07 4.00869e-08 2.37392e-08 5.4823e-12
scan charginogluino 1200 1700 L4T2METVZV 1.0319e-05 3.03272e-06 3.03018e-06 6.50024e-08 7.04346e-08 7.83908e-08 0 9.62566e-09
scan charginogluino 1200 1700 L4T0METV 3.34286e-06 1.28797e-06 1.25707e-06 1.97168e-08 2.79737e-07 0 0 1.01795e-18
scan charginogluino 1200 1700 L4T1METV 3.49578e-06 2.71062e-06 2.71004e-06 5.86597e-09 5.51161e-08 7.71258e-09 0 9.15481e-14
scan charginogluino 1200 1700 L4T2METV 0 5.73426e-09 5.73426e-09 0 0 0 0 0
scan charginogluino 1200 1700 L4T0HTVZV 9.76842e-06 2.44951e-06 2.44415e-06 5.52633e-08 1.52228e-07 0 0 2.08476e-17
scan charginogluino 1200 1700 L4T1HTVZV 1.24959e-05 3.30089e-06 3.29651e-06 5.7834e-08 1.52603e-07 4.77408e-08 0 1.50655e-11
scan charginogluino 1200 1700 L4T2HTVZV 2.95918e-06 1.49775e-06 1.49736e-06 6.07603e-09 2.83237e-08 1.8037e-08 0 4.1729e-10
scan charginogluino 1200 1700 L4T0HTV 0 5.23464e-09 5.23464e-09 0 0 0 0 0
scan charginogluino 1200 1700 L4T1HTV 2.10552e-08 2.19482e-08 2.19473e-08 1.28337e-10 1.51813e-10 0 0 1.9789e-15
scan charginogluino 1200 1700 L4T2HTV 0 5.73426e-09 5.73426e-09 0 0 0 0 0
scan charginogluino 1200 1700 L4T0ZV 4.46575e-07 4.2584e-07 4.2573e-07 1.29438e-09 9.59765e-09 0 0 2.53575e-19
scan charginogluino 1200 1700 L4T1ZV 4.13621e-07 4.13688e-07 4.13668e-07 2.52113e-09 2.98232e-09 1.25921e-09 0 3.88748e-14
scan charginogluino 1200 1700 L4T2ZV 0 5.73426e-09 5.73426e-09 0 0 0 0 0
scan charginogluino 1200 1700 L4T0 4.72045e-07 4.72116e-07 4.72068e-07 6.71069e-09 0 0 0 1.04174e-21
scan charginogluino 1200 1700 L4T1 0 6.62135e-09 6.62135e-09 0 0 0 0 0
scan charginogluino 1200 1700 L4T2 0 5.73426e-09 5.73426e-09 0 0 0 0 0
scan charginogluino 1200 1700 L3DY0T0METVHTV 1.39986e-05 2.6488e-06 2.63161e-06 6.67648e-08 2.93736e-07 0 0 3.3755e-09
scan charginogluino 1200 1700 L3DY0T1METVHTV 0.000105965 7.9248e-06 7.57397e-06 2.87165e-07 2.25363e-06 3.52408e-07 3.69683e-07 1.23185e-07
scan charginogluino 1200 1700 L3DY0T2METVHTV 4.64116e-05 4.79081e-06 4.7604e-06 7.40023e-08 1.59373e-07 3.04587e-07 0 4.08344e-07
scan charginogluino 1200 1700 L3DY0T0METV 0 4.682e-09 4.682e-09 0 0 0 0 0
scan charginogluino 1200 1700 L3DY0T1METV 2.34741e-06 1.35544e-06 1.35529e-06 7.14636e-09 1.69254e-08 7.14636e-09 0 4.47212e-10
scan charginogluino 1200 1700 L3DY0T2METV 5.63802e-07 5.63853e-07 5.63817e-07 0 0 3.43653e-09 0 5.42697e-09
scan charginogluino 1200 1700 L3DY0T0HTV 0 4.682e-09 4.682e-09 0 0 0 0 0
scan charginogluino 1200 1700 L3DY0T1HTV 8.83689e-07 8.91619e-07 8.83711e-07 0 1.16849e-07 0 1.94707e-08 2.54651e-09
scan charginogluino 1200 1700 L3DY0T2HTV 1.2596e-06 1.25972e-06 1.25961e-06 0 9.08205e-09 7.67761e-09 0 1.21245e-08
scan charginogluino 1200 1700 L3DY0T0 0 4.682e-09 4.682e-09 0 0 0 0 0
scan charginogluino 1200 1700 L3DY0T1 0 6.62135e-09 6.62135e-09 0 0 0 0 0
scan charginogluino 1200 1700 L3DY0T2 0 4.682e-09 4.682e-09 0 0 0 0 0
scan charginogluino 1200 1700 L3DY1T0METVHTVZV 0.000240195 1.21811e-05 1.18314e-05 1.22269e-06 2.62711e-06 0 0 4.36284e-10
scan charginogluino 1200 1700 L3DY1T1METVHTVZV 0.000160158 9.37469e-06 9.25231e-06 5.73975e-07 1.12017e-06 4.57768e-07 6.94723e-07 5.69337e-08
scan charginogluino 1200 1700 L3DY1T0METVHTV 7.64978e-06 1.72957e-06 1.72791e-06 5.84803e-08 4.81712e-08 0 0 8.86785e-12
scan charginogluino 1200 1700 L3DY1T1METVHTV 6.71055e-06 1.89395e-06 1.89148e-06 1.51253e-08 8.85147e-08 2.2842e-08 2.69135e-08 5.90302e-09
scan charginogluino 1200 1700 L3DY1T0METVZV 2.43296e-06 1.56918e-06 1.56904e-06 2.02394e-08 3.66347e-09 0 0 4.46182e-12
scan charginogluino 1200 1700 L3DY1T1METVZV 2.36269e-06 1.40398e-06 1.40384e-06 0 1.42689e-08 5.58232e-09 1.16563e-08 3.31372e-10
scan charginogluino 1200 1700 L3DY1T0METV 0 4.682e-09 4.682e-09 0 0 0 0 0
scan charginogluino 1200 1700 L3DY1T1METV 6.00616e-07 6.00644e-07 6.0063e-07 3.66092e-09 0 1.82849e-09 0 1.93149e-10
scan charginogluino 1200 1700 L3DY1T0HTVZV 5.86168e-06 1.70306e-06 1.69359e-06 2.37913e-08 1.77704e-07 0 0 1.36944e-12
scan charginogluino 1200 1700 L3DY1T1HTVZV 4.23481e-06 1.74021e-06 1.73984e-06 3.07043e-08 7.93685e-09 1.12861e-08 1.16247e-08 3.06894e-09
scan charginogluino 1200 1700 L3DY1T0HTV 4.09027e-07 4.09064e-07 4.09047e-07 3.74372e-09 0 0 0 1.84369e-13
scan charginogluino 1200 1700 L3DY1T1HTV 0 4.682e-09 4.682e-09 0 0 0 0 0
scan charginogluino 1200 1700 L3DY1T0ZV 0 4.682e-09 4.682e-09 0 0 0 0 0
scan charginogluino 1200 1700 L3DY1T1ZV 0 4.682e-09 4.682e-09 0 0 0 0 0
scan charginogluino 1200 1700 L3DY1T0 0 4.682e-09 4.682e-09 0 0 0 0 0
scan charginogluino 1200 1700 L3DY1T1 0 4.682e-09 4.682e-09 0 0 0 0 0
