model coNLSP
parameter coNLSP 3
parameter kFactorProcessWeighted true
scan charginogluino 425 1550 LOXSEC 0.06057
scan charginogluino 425 1550 L4T0METVHTVZV 0.0017402 0.000188073 0.000174176 1.4451e-05 6.94649e-05 0 0 1.2516e-11
scan charginogluino 425 1550 L4T1METVHTVZV 0.00102989 0.000137739 0.000132432 4.86523e-06 3.68304e-05 4.82128e-06 5.50989e-06 7.13413e-09
scan charginogluino 425 1550 L4T2METVHTVZV 0.00020955 5.59461e-05 5.57979e-05 8.53214e-07 3.18239e-06 2.28948e-06 5.83141e-07 3.41826e-07
scan charginogluino 425 1550 L4T0METVHTV 0.00111086 0.000131701 0.000127036 1.21281e-05 3.25558e-05 0 0 8.64213e-11
scan charginogluino 425 1550 L4T1METVHTV 0.000259171 5.65835e-05 5.64398e-05 1.31065e-06 3.57983e-06 1.22384e-06 4.51601e-07 3.34947e-09
scan charginogluino 425 1550 L4T2METVHTV 4.30322e-05 1.95288e-05 1.95208e-05 1.83933e-07 2.32376e-07 2.1723e-07 4.07395e-07 9.54506e-08
scan charginogluino 425 1550 L4T0METVZV 0.00411331 0.000302763 0.000243014 3.27986e-05 0.000177578 0 0 8.1176e-11
scan charginogluino 425 1550 L4T1METVZV 0.00168888 0.000176282 0.000160776 9.87828e-06 7.10345e-05 5.93637e-06 6.91143e-06 4.28061e-07
scan charginogluino 425 1550 L4T2METVZV 0.000544439 8.09578e-05 7.97831e-05 1.84892e-06 1.169e-05 5.90333e-06 3.52461e-06 1.21868e-06
scan charginogluino 425 1550 L4T0METV 0.00344783 0.000289062 0.000224181 2.89362e-05 0.000180173 0 0 1.29977e-11
scan charginogluino 425 1550 L4T1METV 0.000405087 7.82757e-05 7.42211e-05 2.54834e-06 2.4662e-05 1.43636e-06 1.24693e-06 1.05621e-09
scan charginogluino 425 1550 L4T2METV 6.0729e-05 3.64561e-05 3.64336e-05 4.66455e-07 8.52547e-07 8.31466e-07 0 7.22523e-08
scan charginogluino 425 1550 L4T0HTVZV 7.02715e-05 3.23538e-05 3.14544e-05 5.90082e-07 7.55241e-06 0 0 4.95382e-15
scan charginogluino 425 1550 L4T1HTVZV 5.68957e-06 5.69333e-06 5.69182e-06 0 1.23781e-07 4.29792e-08 0 2.46435e-15
scan charginogluino 425 1550 L4T2HTVZV 4.78405e-05 4.79078e-05 4.78407e-05 0 2.51779e-06 2.91601e-07 0 2.83344e-08
scan charginogluino 425 1550 L4T0HTV 0.000115287 4.86047e-05 4.77019e-05 7.99738e-07 9.29012e-06 0 0 9.46439e-16
scan charginogluino 425 1550 L4T1HTV 0 1.71318e-07 1.71318e-07 0 0 0 0 0
scan charginogluino 425 1550 L4T2HTV 0 1.48366e-07 1.48366e-07 0 0 0 0 0
scan charginogluino 425 1550 L4T0ZV 0.00030384 6.35783e-05 6.27289e-05 3.35184e-06 9.80018e-06 0 0 5.09265e-14
scan charginogluino 425 1550 L4T1ZV 0.000146934 3.8089e-05 3.77411e-05 8.99756e-07 5.02062e-06 6.03029e-07 1.35562e-08 2.87911e-08
scan charginogluino 425 1550 L4T2ZV 8.76178e-05 3.63841e-05 3.58711e-05 3.18546e-07 5.93994e-06 1.22229e-06 3.64507e-07 2.34237e-07
scan charginogluino 425 1550 L4T0 0.000492389 9.58921e-05 8.94639e-05 4.0034e-06 3.42854e-05 0 0 2.98285e-13
scan charginogluino 425 1550 L4T1 0.000106909 4.29509e-05 4.17221e-05 9.07604e-07 1.01345e-05 6.82299e-07 2.32286e-07 2.69655e-08
scan charginogluino 425 1550 L4T2 0 1.48366e-07 1.48366e-07 0 0 0 0 0
scan charginogluino 425 1550 L3DY0T0METVHTV 5.39811e-05 3.16834e-05 3.16737e-05 2.74005e-07 7.349e-07 0 0 1.48525e-10
scan charginogluino 425 1550 L3DY0T1METVHTV 0.000389218 6.99144e-05 6.9095e-05 1.11609e-06 1.00945e-05 2.42807e-06 2.03257e-06 8.56219e-07
scan charginogluino 425 1550 L3DY0T2METVHTV 0.000137084 3.97437e-05 3.97105e-05 1.55533e-07 6.20046e-07 8.35597e-07 0 1.23882e-06
scan charginogluino 425 1550 L3DY0T0METV 0.000204687 5.29658e-05 4.99994e-05 1.24217e-06 1.74324e-05 0 0 2.77539e-10
scan charginogluino 425 1550 L3DY0T1METV 0.000521958 9.61167e-05 9.29121e-05 1.61698e-06 2.43774e-05 2.18096e-06 6.66257e-07 1.91871e-06
scan charginogluino 425 1550 L3DY0T2METV 0.000136529 4.60468e-05 4.59897e-05 4.64093e-08 8.74497e-07 1.68054e-06 0 1.29011e-06
scan charginogluino 425 1550 L3DY0T0HTV 9.13611e-06 9.13744e-06 9.13671e-06 5.56871e-08 1.00873e-07 0 0 1.30784e-11
scan charginogluino 425 1550 L3DY0T1HTV 2.59833e-05 1.87225e-05 1.83902e-05 2.06197e-07 3.47878e-06 3.78677e-08 2.98435e-07 3.12151e-07
scan charginogluino 425 1550 L3DY0T2HTV 2.21777e-05 2.21792e-05 2.2178e-05 6.7517e-08 0 1.35179e-07 0 1.78441e-07
scan charginogluino 425 1550 L3DY0T0 1.96095e-05 1.3988e-05 1.38664e-05 5.96985e-08 1.83875e-06 0 0 3.62153e-11
scan charginogluino 425 1550 L3DY0T1 5.76154e-05 2.87072e-05 2.8701e-05 2.30559e-07 3.66235e-07 1.6476e-07 3.54703e-07 1.08181e-07
scan charginogluino 425 1550 L3DY0T2 8.53928e-06 8.54358e-06 8.53992e-06 2.59966e-08 0 2.38985e-07 0 6.87068e-08
scan charginogluino 425 1550 L3DY1T0METVHTVZV 0.00537337 0.000873969 0.000872212 4.53891e-05 3.17475e-05 0 0 7.70573e-09
scan charginogluino 425 1550 L3DY1T1METVHTVZV 0.000587015 9.20024e-05 9.16474e-05 2.39179e-06 6.02008e-06 3.78279e-06 2.75441e-06 1.16097e-06
scan charginogluino 425 1550 L3DY1T0METVHTV 0.000307959 6.56967e-05 6.52931e-05 2.52871e-06 6.81732e-06 0 0 8.58143e-10
scan charginogluino 425 1550 L3DY1T1METVHTV 0.000214911 5.84849e-05 5.84515e-05 9.36067e-07 8.79327e-07 1.47858e-06 1.13076e-07 2.4236e-07
scan charginogluino 425 1550 L3DY1T0METVZV 0.00126223 0.000143045 0.000134606 8.12678e-06 4.77198e-05 0 0 5.80525e-09
scan charginogluino 425 1550 L3DY1T1METVZV 0.000833606 0.000114632 0.000111815 2.70059e-06 2.4198e-05 5.80454e-06 2.80185e-06 1.92361e-06
scan charginogluino 425 1550 L3DY1T0METV 0.000302445 7.7972e-05 7.4006e-05 1.30586e-06 2.45162e-05 0 0 2.64245e-10
scan charginogluino 425 1550 L3DY1T1METV 0.000116066 4.17036e-05 4.11251e-05 1.67449e-07 6.81165e-06 9.4144e-07 7.11802e-07 3.1039e-07
scan charginogluino 425 1550 L3DY1T0HTVZV 7.29595e-05 5.30336e-05 5.16935e-05 3.50669e-07 1.18412e-05 0 0 1.09985e-10
scan charginogluino 425 1550 L3DY1T1HTVZV 7.89775e-06 5.58581e-06 5.58553e-06 4.81728e-08 0 2.41115e-08 0 1.0871e-08
scan charginogluino 425 1550 L3DY1T0HTV 1.74439e-05 1.7445e-05 1.74442e-05 1.5966e-07 0 0 0 7.86287e-12
scan charginogluino 425 1550 L3DY1T1HTV 0 1.2114e-07 1.2114e-07 0 0 0 0 0
scan charginogluino 425 1550 L3DY1T0ZV 0.000249227 6.7869e-05 6.54449e-05 1.24783e-06 1.79324e-05 0 0 2.05371e-07
scan charginogluino 425 1550 L3DY1T1ZV 0.000126743 4.58939e-05 4.54438e-05 8.67308e-07 6.23951e-06 2.58583e-07 9.29663e-07 7.09371e-07
scan charginogluino 425 1550 L3DY1T0 0.000124877 9.16342e-05 9.16152e-05 8.94094e-07 1.64167e-06 0 0 1.80311e-10
scan charginogluino 425 1550 L3DY1T1 2.19268e-05 2.2013e-05 2.1927e-05 0 1.9325e-06 6.6835e-08 0 1.99335e-07
