model coNLSP
parameter coNLSP 3
parameter kFactorProcessWeighted true
scan charginogluino 700 1400 LOXSEC 0.01949
scan charginogluino 700 1400 L4T0METVHTVZV 0.00325823 0.000167049 0.000113223 0.000113735 4.63705e-05 0 0 8.59227e-12
scan charginogluino 700 1400 L4T1METVHTVZV 0.00144002 8.87671e-05 7.4887e-05 2.96749e-05 2.73011e-05 2.05459e-05 1.49487e-05 8.84275e-09
scan charginogluino 700 1400 L4T2METVHTVZV 0.000534226 5.3383e-05 4.54921e-05 7.75628e-06 1.85725e-05 1.61387e-05 1.06961e-05 5.05911e-07
scan charginogluino 700 1400 L4T0METVHTV 0.000818845 6.68109e-05 5.65577e-05 3.11553e-05 1.71546e-05 0 0 7.85937e-13
scan charginogluino 700 1400 L4T1METVHTV 0.000223518 3.10894e-05 2.93872e-05 5.31124e-06 6.71002e-06 3.90377e-06 3.80472e-06 5.30106e-10
scan charginogluino 700 1400 L4T2METVHTV 3.45494e-05 1.17819e-05 1.15243e-05 5.47249e-07 1.35233e-07 2.38409e-06 0 4.55616e-08
scan charginogluino 700 1400 L4T0METVZV 0.000214883 3.00981e-05 2.89972e-05 7.1565e-06 3.72077e-06 0 0 2.67926e-12
scan charginogluino 700 1400 L4T1METVZV 7.88509e-05 1.7854e-05 1.7638e-05 1.6872e-06 4.96716e-07 7.94337e-07 1.98494e-06 7.42305e-11
scan charginogluino 700 1400 L4T2METVZV 3.14877e-05 1.12917e-05 1.11349e-05 3.62193e-07 1.41953e-07 8.88308e-07 1.60492e-06 1.72898e-08
scan charginogluino 700 1400 L4T0METV 5.57272e-05 1.50785e-05 1.49003e-05 2.29846e-06 2.45752e-07 0 0 8.87088e-14
scan charginogluino 700 1400 L4T1METV 7.20118e-06 5.22663e-06 5.09422e-06 1.36763e-07 5.11106e-08 1.15985e-06 0 9.64404e-12
scan charginogluino 700 1400 L4T2METV 4.09497e-06 4.09795e-06 4.0952e-06 1.06001e-07 0 1.06001e-07 0 2.67902e-09
scan charginogluino 700 1400 L4T0HTVZV 0.000125908 2.27648e-05 2.22662e-05 4.21579e-06 2.16279e-06 0 0 1.07701e-13
scan charginogluino 700 1400 L4T1HTVZV 3.53147e-05 1.18043e-05 1.17742e-05 5.65152e-07 2.85723e-07 4.05653e-07 3.77131e-07 4.97436e-11
scan charginogluino 700 1400 L4T2HTVZV 1.43376e-05 7.46631e-06 7.19782e-06 4.9345e-07 1.82126e-06 6.13177e-07 0 2.7769e-08
scan charginogluino 700 1400 L4T0HTV 2.37347e-05 9.72613e-06 9.69328e-06 7.82508e-07 1.60296e-07 0 0 3.88204e-17
scan charginogluino 700 1400 L4T1HTV 0 5.5126e-08 5.5126e-08 0 0 0 0 0
scan charginogluino 700 1400 L4T2HTV 8.00171e-06 5.66466e-06 5.65976e-06 1.06001e-07 3.58808e-08 2.07129e-07 0 3.10095e-09
scan charginogluino 700 1400 L4T0ZV 1.55335e-05 7.77688e-06 7.76723e-06 3.52424e-07 1.60296e-07 0 0 0
scan charginogluino 700 1400 L4T1ZV 4.0025e-06 4.00455e-06 4.00283e-06 1.03607e-07 1.83382e-08 5.14727e-08 0 2.61555e-12
scan charginogluino 700 1400 L4T2ZV 2.84561e-06 3.18381e-06 2.84594e-06 0 2.6135e-08 1.42709e-06 0 3.07325e-10
scan charginogluino 700 1400 L4T0 1.20145e-05 6.95734e-06 6.94062e-06 4.79123e-07 5.26539e-08 0 0 8.04215e-20
scan charginogluino 700 1400 L4T1 0 5.5126e-08 5.5126e-08 0 0 0 0 0
scan charginogluino 700 1400 L4T2 0 4.77406e-08 4.77406e-08 0 0 0 0 0
scan charginogluino 700 1400 L3DY0T0METVHTV 0.00011641 2.15847e-05 2.12635e-05 3.03817e-06 2.12844e-06 0 0 7.03696e-10
scan charginogluino 700 1400 L3DY0T1METVHTV 0.000610885 5.24567e-05 4.86086e-05 8.8545e-06 9.24389e-06 1.09059e-05 1.02623e-05 8.99364e-07
scan charginogluino 700 1400 L3DY0T2METVHTV 0.000318876 3.62601e-05 3.41881e-05 1.96424e-06 7.61186e-07 1.02419e-05 0 6.0525e-06
scan charginogluino 700 1400 L3DY0T0METV 0 3.898e-08 3.898e-08 0 0 0 0 0
scan charginogluino 700 1400 L3DY0T1METV 1.4759e-05 7.67978e-06 7.41598e-06 1.40115e-07 1.94638e-06 1.39481e-07 3.91301e-07 4.12991e-08
scan charginogluino 700 1400 L3DY0T2METV 6.85558e-06 4.94368e-06 4.8654e-06 0 1.70482e-08 8.66271e-07 0 1.30839e-07
scan charginogluino 700 1400 L3DY0T0HTV 0 3.898e-08 3.898e-08 0 0 0 0 0
scan charginogluino 700 1400 L3DY0T1HTV 1.95971e-05 8.77067e-06 8.76483e-06 1.52645e-07 1.25355e-07 2.52022e-07 0 4.69554e-09
scan charginogluino 700 1400 L3DY0T2HTV 3.72096e-06 3.72324e-06 3.72111e-06 0 1.70482e-08 9.63194e-08 0 7.91693e-08
scan charginogluino 700 1400 L3DY0T0 0 3.898e-08 3.898e-08 0 0 0 0 0
scan charginogluino 700 1400 L3DY0T1 0 5.5126e-08 5.5126e-08 0 0 0 0 0
scan charginogluino 700 1400 L3DY0T2 0 3.898e-08 3.898e-08 0 0 0 0 0
scan charginogluino 700 1400 L3DY1T0METVHTVZV 0.0014859 8.39188e-05 7.6147e-05 3.27442e-05 1.31075e-05 0 0 5.21859e-09
scan charginogluino 700 1400 L3DY1T1METVHTVZV 0.00098054 7.03265e-05 6.17888e-05 1.49461e-05 1.53162e-05 1.67043e-05 1.97519e-05 9.10116e-07
scan charginogluino 700 1400 L3DY1T0METVHTV 0.000184556 2.79633e-05 2.66791e-05 4.50363e-06 7.0631e-06 0 0 4.89773e-10
scan charginogluino 700 1400 L3DY1T1METVHTV 5.90275e-05 1.52888e-05 1.5245e-05 7.3077e-07 2.82848e-07 8.49594e-07 0 2.83088e-08
scan charginogluino 700 1400 L3DY1T0METVZV 4.31118e-05 1.30636e-05 1.30021e-05 1.24853e-06 2.10607e-07 0 0 1.75437e-10
scan charginogluino 700 1400 L3DY1T1METVZV 2.3656e-05 9.69922e-06 9.66117e-06 3.14504e-07 1.05677e-07 2.05936e-07 7.64249e-07 9.19132e-09
scan charginogluino 700 1400 L3DY1T0METV 2.4957e-06 4.01977e-06 2.49593e-06 6.46028e-08 3.15035e-06 0 0 2.55489e-11
scan charginogluino 700 1400 L3DY1T1METV 0 3.898e-08 3.898e-08 0 0 0 0 0
scan charginogluino 700 1400 L3DY1T0HTVZV 3.87436e-05 1.22733e-05 1.22558e-05 5.65262e-07 3.33679e-07 0 0 1.95444e-11
scan charginogluino 700 1400 L3DY1T1HTVZV 2.32926e-05 9.68761e-06 9.5186e-06 4.12806e-07 6.74614e-08 7.50122e-07 1.58373e-06 1.12264e-08
scan charginogluino 700 1400 L3DY1T0HTV 3.86375e-06 3.86438e-06 3.8639e-06 4.96884e-08 3.5486e-08 0 0 3.04201e-13
scan charginogluino 700 1400 L3DY1T1HTV 0 3.898e-08 3.898e-08 0 0 0 0 0
scan charginogluino 700 1400 L3DY1T0ZV 3.95846e-06 3.95998e-06 3.95861e-06 1.02467e-07 1.81364e-08 0 0 2.58677e-12
scan charginogluino 700 1400 L3DY1T1ZV 7.86911e-06 5.58096e-06 5.56527e-06 1.03681e-07 3.5486e-08 4.96884e-08 4.00536e-07 3.03768e-09
scan charginogluino 700 1400 L3DY1T0 0 3.898e-08 3.898e-08 0 0 0 0 0
scan charginogluino 700 1400 L3DY1T1 0 3.898e-08 3.898e-08 0 0 0 0 0
