model coNLSP
parameter coNLSP 3
parameter kFactorProcessWeighted true
scan charginogluino 300 1250 LOXSEC 0.2705
scan charginogluino 300 1250 L4T0METVHTVZV 0.00374697 0.000513083 0.000444924 0.000180604 0.000180773 0 0 5.84418e-11
scan charginogluino 300 1250 L4T1METVHTVZV 0.00276051 0.000409127 0.000383192 5.52135e-05 0.000111031 5.35797e-05 4.79752e-05 1.22286e-08
scan charginogluino 300 1250 L4T2METVHTVZV 0.00174111 0.000319629 0.000303141 4.42134e-05 5.09139e-05 7.18703e-05 2.28941e-05 5.66271e-06
scan charginogluino 300 1250 L4T0METVHTV 0.00693649 0.000782961 0.00060699 0.000337823 0.000361202 0 0 2.0941e-09
scan charginogluino 300 1250 L4T1METVHTV 0.00178136 0.000334366 0.000305708 5.00173e-05 0.000117719 3.5588e-05 2.67811e-05 6.64583e-09
scan charginogluino 300 1250 L4T2METVHTV 0.000433636 0.000155471 0.000153325 1.18461e-05 9.85e-07 1.95923e-05 1.17164e-05 5.63244e-07
scan charginogluino 300 1250 L4T0METVZV 0.0100804 0.00120125 0.000722696 0.00044888 0.000848067 0 0 2.7872e-09
scan charginogluino 300 1250 L4T1METVZV 0.00586879 0.000929054 0.00054387 0.000179707 0.000685242 0.000235664 9.97882e-05 3.77265e-07
scan charginogluino 300 1250 L4T2METVZV 0.00215308 0.000369579 0.000336435 4.97449e-05 6.90382e-05 0.000122278 3.46088e-05 3.17913e-06
scan charginogluino 300 1250 L4T0METV 0.0194648 0.00164993 0.00101695 0.00097129 0.000862932 0 0 2.01938e-09
scan charginogluino 300 1250 L4T1METV 0.00437191 0.000577383 0.000477542 8.89504e-05 0.000255232 0.000162887 7.5746e-05 1.17752e-08
scan charginogluino 300 1250 L4T2METV 0.000885549 0.000225511 0.000214832 1.79858e-05 1.72989e-05 6.28796e-05 1.11778e-05 1.1387e-06
scan charginogluino 300 1250 L4T0HTVZV 0.000274825 0.000123265 0.000122943 8.67453e-06 1.98847e-06 0 0 1.97044e-13
scan charginogluino 300 1250 L4T1HTVZV 0.000374539 0.000143261 0.000141581 8.98636e-06 9.40252e-06 1.67063e-05 5.5139e-06 7.21377e-10
scan charginogluino 300 1250 L4T2HTVZV 0.000204442 0.000105306 0.00010223 1.33017e-06 1.40159e-06 2.51925e-05 0 4.4554e-08
scan charginogluino 300 1250 L4T0HTV 0.000327827 0.000134315 0.000133876 1.05716e-05 2.46647e-06 0 0 9.54757e-14
scan charginogluino 300 1250 L4T1HTV 0.000157534 9.16921e-05 9.10851e-05 2.20757e-06 1.39522e-06 8.49774e-06 5.64904e-06 1.5567e-10
scan charginogluino 300 1250 L4T2HTV 0 6.62587e-07 6.62587e-07 0 0 0 0 0
scan charginogluino 300 1250 L4T0ZV 0.00243202 0.000618713 0.000344926 0.000116369 0.000500289 0 0 1.62192e-09
scan charginogluino 300 1250 L4T1ZV 0.00124355 0.000291484 0.000249338 7.56029e-05 0.000113266 5.02491e-05 4.14955e-05 1.17688e-06
scan charginogluino 300 1250 L4T2ZV 0.000667472 0.000197014 0.000185187 1.15455e-05 4.9663e-05 4.37667e-05 0 2.25576e-06
scan charginogluino 300 1250 L4T0 0.00550213 0.000717612 0.000537776 0.000243251 0.000408159 0 0 2.51191e-10
scan charginogluino 300 1250 L4T1 0.0010239 0.000261346 0.000229935 2.34281e-05 0.000115576 3.73856e-05 1.12981e-05 3.94261e-09
scan charginogluino 300 1250 L4T2 0.000101098 7.4233e-05 7.14899e-05 2.617e-06 0 1.98213e-05 0 6.61409e-08
scan charginogluino 300 1250 L3DY0T0METVHTV 0.000661356 0.000197183 0.000183812 2.08046e-05 6.82747e-05 0 0 4.16299e-09
scan charginogluino 300 1250 L3DY0T1METVHTV 0.00220466 0.000367221 0.000340326 4.34567e-05 0.000109962 4.00048e-05 5.82407e-05 7.53014e-06
scan charginogluino 300 1250 L3DY0T2METVHTV 0.00100677 0.000231181 0.000225167 8.98678e-06 1.41097e-06 4.83264e-05 0 1.80712e-05
scan charginogluino 300 1250 L3DY0T0METV 0.00102485 0.000245998 0.000229179 4.20569e-05 7.8888e-05 0 0 7.82111e-09
scan charginogluino 300 1250 L3DY0T1METV 0.0025963 0.000436334 0.000364269 7.5091e-05 0.000188323 0.000104464 7.47022e-05 9.89159e-06
scan charginogluino 300 1250 L3DY0T2METV 0.000749083 0.000199336 0.000193456 4.39815e-06 1.86513e-06 4.5633e-05 0 1.42987e-05
scan charginogluino 300 1250 L3DY0T0HTV 0 5.41e-07 5.41e-07 0 0 0 0 0
scan charginogluino 300 1250 L3DY0T1HTV 5.45058e-05 5.45156e-05 5.45105e-05 7.00952e-07 2.49728e-07 0 0 1.77297e-08
scan charginogluino 300 1250 L3DY0T2HTV 5.14065e-05 5.1437e-05 5.14086e-05 6.61094e-07 0 1.33069e-06 0 8.47359e-07
scan charginogluino 300 1250 L3DY0T0 0.000108959 7.70848e-05 7.7052e-05 2.11944e-06 7.46927e-07 0 0 4.02694e-11
scan charginogluino 300 1250 L3DY0T1 0.000863358 0.000224342 0.00020979 2.52154e-05 6.97721e-05 1.83054e-05 2.14188e-05 4.42941e-06
scan charginogluino 300 1250 L3DY0T2 0.000248921 0.000112691 0.000111364 1.96395e-06 4.40779e-07 1.65048e-05 0 4.56422e-06
scan charginogluino 300 1250 L3DY1T0METVHTVZV 0.00323424 0.000480111 0.000411135 0.000120462 0.000216711 0 0 6.91689e-08
scan charginogluino 300 1250 L3DY1T1METVHTVZV 0.00156195 0.000298274 0.000290316 3.40551e-05 4.14927e-05 3.3058e-05 2.65889e-05 1.58284e-06
scan charginogluino 300 1250 L3DY1T0METVHTV 0.00351539 0.000472156 0.000432963 0.000114395 0.000149625 0 0 9.89846e-08
scan charginogluino 300 1250 L3DY1T1METVHTV 0.000813047 0.000211117 0.000209982 1.3123e-05 9.60869e-06 9.69717e-06 1.0902e-05 8.26097e-07
scan charginogluino 300 1250 L3DY1T0METVZV 0.00604338 0.000819991 0.000559375 0.000163872 0.000576741 0 0 1.76206e-07
scan charginogluino 300 1250 L3DY1T1METVZV 0.00298971 0.000440483 0.000396263 6.69354e-05 0.000139608 5.89795e-05 9.69733e-05 1.21541e-05
scan charginogluino 300 1250 L3DY1T0METV 0.00444456 0.000612928 0.000483134 0.000130403 0.000353918 0 0 1.13483e-07
scan charginogluino 300 1250 L3DY1T1METV 0.00184614 0.000326788 0.000312058 3.51603e-05 1.32305e-05 8.34926e-05 3.19551e-05 2.57741e-06
scan charginogluino 300 1250 L3DY1T0HTVZV 0 5.41e-07 5.41e-07 0 0 0 0 0
scan charginogluino 300 1250 L3DY1T1HTVZV 0.000109612 7.77394e-05 7.75208e-05 1.44422e-06 4.94298e-07 6.92129e-07 5.57922e-06 4.2313e-08
scan charginogluino 300 1250 L3DY1T0HTV 0.000223258 0.000111876 0.000111638 7.26974e-06 5.05255e-07 0 0 9.11837e-10
scan charginogluino 300 1250 L3DY1T1HTV 0.000106455 7.54705e-05 7.52761e-05 0 9.7772e-07 0 5.32276e-06 1.01558e-07
scan charginogluino 300 1250 L3DY1T0ZV 0.00127129 0.000269095 0.000259668 3.59684e-05 6.07556e-05 0 0 5.64189e-09
scan charginogluino 300 1250 L3DY1T1ZV 0.000495115 0.000167086 0.000165058 1.00454e-05 9.83158e-07 9.21812e-06 2.20604e-05 4.46568e-07
scan charginogluino 300 1250 L3DY1T0 0.0010193 0.00023768 0.000234138 2.22427e-05 3.42993e-05 0 0 1.9293e-09
scan charginogluino 300 1250 L3DY1T1 0.000379173 0.000144049 0.000143316 1.0438e-05 9.88597e-07 1.00272e-05 0 5.2857e-07
