model coNLSP
parameter coNLSP 3
parameter kFactorProcessWeighted true
scan charginogluino 600 1500 LOXSEC 0.01938
scan charginogluino 600 1500 L4T0METVHTVZV 0.00166537 0.000104041 8.06268e-05 5.77701e-05 3.1409e-05 0 0 2.52862e-11
scan charginogluino 600 1500 L4T1METVHTVZV 0.000894759 7.55172e-05 5.85337e-05 1.95969e-05 3.87402e-05 1.43853e-05 1.35965e-05 3.61051e-09
scan charginogluino 600 1500 L4T2METVHTVZV 0.000368235 4.11246e-05 3.77867e-05 7.07551e-06 6.69734e-06 1.16678e-05 5.67152e-06 4.21638e-07
scan charginogluino 600 1500 L4T0METVHTV 0.000561948 5.27856e-05 4.67182e-05 2.00994e-05 1.41334e-05 0 0 1.21391e-12
scan charginogluino 600 1500 L4T1METVHTV 0.000150739 2.48894e-05 2.4151e-05 3.09517e-06 3.75515e-06 2.67134e-06 2.32181e-06 2.47222e-10
scan charginogluino 600 1500 L4T2METVHTV 4.57464e-05 1.35547e-05 1.32152e-05 6.14344e-07 1.77135e-06 2.36032e-06 0 3.03197e-08
scan charginogluino 600 1500 L4T0METVZV 0.000569478 5.43685e-05 4.70142e-05 2.05806e-05 1.79453e-05 0 0 2.65969e-12
scan charginogluino 600 1500 L4T1METVZV 0.000254333 3.25765e-05 3.15542e-05 6.31598e-06 2.53726e-06 3.05568e-06 3.14549e-06 5.48251e-10
scan charginogluino 600 1500 L4T2METVZV 6.55466e-05 1.64472e-05 1.59268e-05 1.13245e-06 2.82606e-06 2.75214e-06 0 5.81985e-08
scan charginogluino 600 1500 L4T0METV 0.000229822 3.18835e-05 2.99648e-05 8.2803e-06 7.07817e-06 0 0 1.06919e-13
scan charginogluino 600 1500 L4T1METV 2.33506e-05 9.58648e-06 9.54346e-06 4.77618e-07 6.07937e-07 2.48286e-07 4.04399e-07 3.368e-11
scan charginogluino 600 1500 L4T2METV 0 4.74711e-08 4.74711e-08 0 0 0 0 0
scan charginogluino 600 1500 L4T0HTVZV 7.8032e-05 1.76462e-05 1.74594e-05 2.34966e-06 1.01842e-06 0 0 1.88329e-14
scan charginogluino 600 1500 L4T1HTVZV 2.73996e-05 1.04074e-05 1.03574e-05 9.42379e-07 1.60635e-07 3.52363e-07 0 1.33543e-10
scan charginogluino 600 1500 L4T2HTVZV 3.98922e-06 3.99117e-06 3.98946e-06 5.13019e-08 1.82773e-08 1.03264e-07 0 1.29762e-09
scan charginogluino 600 1500 L4T0HTV 1.98578e-05 8.94137e-06 8.88274e-06 1.02093e-06 5.25047e-08 0 0 6.75306e-15
scan charginogluino 600 1500 L4T1HTV 3.48976e-06 3.62497e-06 3.49014e-06 1.36375e-07 0 9.69917e-07 0 9.61671e-12
scan charginogluino 600 1500 L4T2HTV 0 4.74711e-08 4.74711e-08 0 0 0 0 0
scan charginogluino 600 1500 L4T0ZV 4.35438e-05 1.32277e-05 1.31366e-05 1.52732e-06 2.63393e-07 0 0 2.07125e-14
scan charginogluino 600 1500 L4T1ZV 2.38555e-05 9.77786e-06 9.74362e-06 6.31031e-07 1.05801e-07 3.09077e-07 4.04399e-07 3.65948e-11
scan charginogluino 600 1500 L4T2ZV 1.11511e-05 6.55739e-06 6.45126e-06 8.80604e-07 5.35247e-08 3.11649e-07 7.10288e-07 2.50258e-08
scan charginogluino 600 1500 L4T0 1.57765e-05 7.91345e-06 7.88887e-06 6.16716e-07 8.98444e-08 0 0 8.05124e-16
scan charginogluino 600 1500 L4T1 3.89567e-06 3.89681e-06 3.896e-06 5.00988e-08 3.57791e-08 5.00988e-08 0 3.06714e-13
scan charginogluino 600 1500 L4T2 0 4.74711e-08 4.74711e-08 0 0 0 0 0
scan charginogluino 600 1500 L3DY0T0METVHTV 5.97761e-05 1.56149e-05 1.49554e-05 1.54852e-06 4.21438e-06 0 0 5.62364e-11
scan charginogluino 600 1500 L3DY0T1METVHTV 0.000356066 3.96752e-05 3.69378e-05 5.3282e-06 9.20362e-06 6.52465e-06 7.34283e-06 3.70756e-07
scan charginogluino 600 1500 L3DY0T2METVHTV 0.000155865 2.49992e-05 2.37722e-05 6.96183e-07 4.66093e-07 7.05692e-06 0 3.0568e-06
scan charginogluino 600 1500 L3DY0T0METV 1.1632e-05 6.72405e-06 6.71586e-06 3.23986e-07 7.10272e-08 0 0 3.06728e-11
scan charginogluino 600 1500 L3DY0T1METV 3.92265e-05 1.26383e-05 1.24054e-05 5.57061e-07 1.6122e-07 2.04147e-07 2.33521e-06 4.84142e-08
scan charginogluino 600 1500 L3DY0T2METV 3.33026e-05 1.11551e-05 1.1101e-05 1.41978e-07 1.01999e-07 8.6206e-07 0 6.5565e-07
scan charginogluino 600 1500 L3DY0T0HTV 3.76062e-06 3.76113e-06 3.76077e-06 0 5.1927e-08 0 0 0
scan charginogluino 600 1500 L3DY0T1HTV 7.98377e-06 5.64906e-06 5.64596e-06 1.55275e-07 1.80762e-08 1.02672e-07 0 3.92538e-09
scan charginogluino 600 1500 L3DY0T2HTV 6.93498e-06 4.95437e-06 4.90389e-06 8.91848e-08 0 6.90429e-07 0 1.14313e-07
scan charginogluino 600 1500 L3DY0T0 0 3.876e-08 3.876e-08 0 0 0 0 0
scan charginogluino 600 1500 L3DY0T1 1.86899e-06 4.70588e-06 1.86969e-06 2.40355e-08 4.31439e-06 0 1.86899e-07 8.85249e-09
scan charginogluino 600 1500 L3DY0T2 1.11009e-05 6.41962e-06 6.4092e-06 4.73259e-08 3.39998e-08 2.87353e-07 0 2.1855e-07
scan charginogluino 600 1500 L3DY1T0METVHTVZV 0.000813473 6.29033e-05 5.60252e-05 1.81351e-05 2.2116e-05 0 0 4.18457e-09
scan charginogluino 600 1500 L3DY1T1METVHTVZV 0.000557444 5.01037e-05 4.64756e-05 7.77682e-06 1.28126e-05 8.40559e-06 7.41364e-06 3.72203e-07
scan charginogluino 600 1500 L3DY1T0METVHTV 0.000157984 2.54645e-05 2.46863e-05 4.39849e-06 4.43611e-06 0 0 2.94428e-09
scan charginogluino 600 1500 L3DY1T1METVHTV 3.49953e-05 1.17443e-05 1.16657e-05 4.60183e-07 1.76927e-07 4.45966e-07 1.18112e-06 5.00085e-08
scan charginogluino 600 1500 L3DY1T0METVZV 9.40874e-05 1.93713e-05 1.9211e-05 2.26616e-06 1.02451e-06 0 0 1.44228e-10
scan charginogluino 600 1500 L3DY1T1METVZV 0.000106627 2.09698e-05 2.01611e-05 1.02661e-06 4.86917e-06 1.73748e-06 2.34133e-06 5.19721e-08
scan charginogluino 600 1500 L3DY1T0METV 1.94552e-05 8.71067e-06 8.70224e-06 3.56079e-07 1.41567e-07 0 0 8.04166e-12
scan charginogluino 600 1500 L3DY1T1METV 1.13629e-05 6.61058e-06 6.57093e-06 1.04538e-07 6.72702e-08 6.01703e-07 3.81041e-07 3.43308e-09
scan charginogluino 600 1500 L3DY1T0HTVZV 3.54377e-05 1.18491e-05 1.18152e-05 8.76646e-07 1.77712e-07 0 0 3.98042e-11
scan charginogluino 600 1500 L3DY1T1HTVZV 2.77794e-05 1.0523e-05 1.05015e-05 5.19624e-07 7.07709e-08 4.21629e-07 0 1.3965e-08
scan charginogluino 600 1500 L3DY1T0HTV 8.08799e-06 5.7279e-06 5.71917e-06 3.16068e-07 0 0 0 2.2288e-11
scan charginogluino 600 1500 L3DY1T1HTV 0 3.876e-08 3.876e-08 0 0 0 0 0
scan charginogluino 600 1500 L3DY1T0ZV 7.70787e-06 5.45336e-06 5.45195e-06 1.02177e-07 7.0012e-08 0 0 2.57944e-12
scan charginogluino 600 1500 L3DY1T1ZV 7.95852e-06 5.6356e-06 5.62762e-06 2.06011e-07 0 2.17683e-07 0 5.20664e-09
scan charginogluino 600 1500 L3DY1T0 7.23568e-06 5.18723e-06 5.12046e-06 8.27974e-07 5.1927e-08 0 0 2.27346e-09
scan charginogluino 600 1500 L3DY1T1 0 3.876e-08 3.876e-08 0 0 0 0 0
