model coNLSP
parameter coNLSP 3
parameter kFactorProcessWeighted true
scan charginogluino 350 1150 LOXSEC 0.1922
scan charginogluino 350 1150 L4T0METVHTVZV 0.0077574 0.000737959 0.000540832 0.00030466 0.000399081 0 0 6.06562e-09
scan charginogluino 350 1150 L4T1METVHTVZV 0.00529707 0.000557696 0.000445082 0.000169929 0.000244889 0.000108101 0.000111333 8.3924e-08
scan charginogluino 350 1150 L4T2METVHTVZV 0.0024822 0.000325777 0.000307907 4.95222e-05 4.07539e-05 7.82677e-05 3.22121e-05 6.84829e-06
scan charginogluino 350 1150 L4T0METVHTV 0.0101027 0.000796816 0.000620999 0.000394397 0.000306149 0 0 5.64516e-10
scan charginogluino 350 1150 L4T1METVHTV 0.00302107 0.000423549 0.000333985 8.75933e-05 0.000223984 8.68232e-05 4.96804e-05 4.90782e-08
scan charginogluino 350 1150 L4T2METVHTV 0.000346717 0.000117024 0.000115579 1.02263e-05 6.99121e-07 1.29474e-05 7.93792e-06 6.63834e-07
scan charginogluino 350 1150 L4T0METVZV 0.00600429 0.000617157 0.000473504 0.000272385 0.000287198 0 0 1.66361e-10
scan charginogluino 350 1150 L4T1METVZV 0.00324704 0.000450181 0.000346834 8.00428e-05 0.000252839 9.54791e-05 5.40251e-05 9.41114e-08
scan charginogluino 350 1150 L4T2METVZV 0.00100923 0.000209062 0.000194383 2.53038e-05 4.36416e-05 4.23788e-05 3.97413e-05 1.28624e-06
scan charginogluino 350 1150 L4T0METV 0.00763482 0.000700671 0.000539087 0.000326647 0.000305985 0 0 3.40809e-11
scan charginogluino 350 1150 L4T1METV 0.00189138 0.000295571 0.000265172 5.2264e-05 0.000108119 4.19765e-05 2.93798e-05 2.03742e-08
scan charginogluino 350 1150 L4T2METV 0.000301393 0.000109908 0.00010661 6.05524e-06 1.00246e-06 2.06155e-05 1.58482e-05 4.3746e-07
scan charginogluino 350 1150 L4T0HTVZV 0.000706601 0.000171866 0.000162495 3.21804e-05 4.58007e-05 0 0 4.43469e-11
scan charginogluino 350 1150 L4T1HTVZV 0.000304149 0.000109769 0.00010762 6.49199e-06 2.02393e-05 3.91139e-06 0 6.47619e-10
scan charginogluino 350 1150 L4T2HTVZV 0.000156029 7.81792e-05 7.80215e-05 2.77829e-06 7.0739e-07 4.0389e-06 0 3.06821e-07
scan charginogluino 350 1150 L4T0HTV 0.000545621 0.000148545 0.0001459 2.20567e-05 1.70969e-05 0 0 4.13932e-13
scan charginogluino 350 1150 L4T1HTV 7.84752e-05 5.56708e-05 5.54932e-05 2.03138e-06 3.59548e-07 5.07392e-07 3.90206e-06 5.12818e-11
scan charginogluino 350 1150 L4T2HTV 7.79935e-05 5.5175e-05 5.51553e-05 1.02204e-06 3.53695e-07 9.96874e-07 0 2.99897e-08
scan charginogluino 350 1150 L4T0ZV 0.00145471 0.000258837 0.000233161 6.24481e-05 9.34499e-05 0 0 2.57553e-11
scan charginogluino 350 1150 L4T1ZV 0.000510185 0.000150389 0.000136997 1.13522e-05 5.85763e-05 1.24044e-05 1.16151e-05 1.94003e-08
scan charginogluino 350 1150 L4T2ZV 0.000315343 0.00011082 0.00010518 1.78421e-05 2.81762e-05 9.26501e-06 0 4.50467e-06
scan charginogluino 350 1150 L4T0 0.0014667 0.000249922 0.000238186 7.27559e-05 2.08522e-05 0 0 2.63204e-11
scan charginogluino 350 1150 L4T1 0.000305434 0.000108794 0.000108064 4.58992e-06 8.63751e-06 2.98512e-06 7.3312e-06 5.95746e-10
scan charginogluino 350 1150 L4T2 0 4.70792e-07 4.70792e-07 0 0 0 0 0
scan charginogluino 350 1150 L3DY0T0METVHTV 0.00101467 0.000202301 0.000195385 2.97512e-05 4.319e-05 0 0 5.25079e-09
scan charginogluino 350 1150 L3DY0T1METVHTV 0.00334334 0.000439743 0.000350856 6.63833e-05 0.000241346 7.21372e-05 4.88185e-05 5.71852e-06
scan charginogluino 350 1150 L3DY0T2METVHTV 0.00178611 0.000268363 0.000252598 9.67454e-06 4.73661e-06 8.31498e-05 0 3.43965e-05
scan charginogluino 350 1150 L3DY0T0METV 0.000320847 0.000114527 0.000107133 1.15234e-05 3.88109e-05 0 0 2.35513e-08
scan charginogluino 350 1150 L3DY0T1METV 0.000902765 0.000191427 0.000184299 1.13607e-05 4.38977e-05 1.5782e-05 1.92863e-05 1.06291e-06
scan charginogluino 350 1150 L3DY0T2METV 0.000352849 0.000114002 0.000111583 1.80343e-06 9.74133e-07 2.22431e-05 0 6.83528e-06
scan charginogluino 350 1150 L3DY0T0HTV 0 3.844e-07 3.844e-07 0 0 0 0 0
scan charginogluino 350 1150 L3DY0T1HTV 0.000110509 6.48169e-05 6.40238e-05 1.00313e-06 6.55927e-07 1.00375e-05 0 8.38828e-08
scan charginogluino 350 1150 L3DY0T2HTV 7.33587e-05 5.19328e-05 5.18735e-05 0 3.36106e-07 1.89894e-06 0 1.56082e-06
scan charginogluino 350 1150 L3DY0T0 7.15284e-05 5.12784e-05 5.06183e-05 8.18495e-06 5.13325e-07 0 0 2.24744e-08
scan charginogluino 350 1150 L3DY0T1 0.000563755 0.00014792 0.000145622 1.6925e-05 7.82509e-06 1.64885e-05 7.32866e-06 1.2304e-06
scan charginogluino 350 1150 L3DY0T2 6.75248e-05 4.84885e-05 4.77484e-05 8.68378e-07 0 8.3208e-06 0 1.11305e-06
scan charginogluino 350 1150 L3DY1T0METVHTVZV 0.00618085 0.000573254 0.000482924 0.000170295 0.000257691 0 0 9.7718e-08
scan charginogluino 350 1150 L3DY1T1METVHTVZV 0.00296222 0.000359803 0.000335712 4.00337e-05 9.95855e-05 5.32071e-05 4.88642e-05 4.13137e-06
scan charginogluino 350 1150 L3DY1T0METVHTV 0.00362078 0.00044162 0.00036792 0.000111265 0.000217447 0 0 5.38397e-08
scan charginogluino 350 1150 L3DY1T1METVHTV 0.00140507 0.000237552 0.000231062 2.5355e-05 8.93353e-06 4.45104e-05 1.83285e-05 1.23398e-06
scan charginogluino 350 1150 L3DY1T0METVZV 0.00213593 0.000303787 0.000283047 5.10818e-05 9.7777e-05 0 0 1.12705e-06
scan charginogluino 350 1150 L3DY1T1METVZV 0.00114349 0.000213913 0.000208852 2.70406e-05 1.84934e-05 2.29624e-05 2.31452e-05 1.84779e-06
scan charginogluino 350 1150 L3DY1T0METV 0.00155664 0.000251882 0.00024334 3.71625e-05 5.33765e-05 0 0 2.81375e-08
scan charginogluino 350 1150 L3DY1T1METV 0.000462747 0.000141627 0.00012857 3.95945e-06 5.5079e-05 1.8459e-05 1.16634e-05 1.32914e-06
scan charginogluino 350 1150 L3DY1T0HTVZV 0.000236059 9.66573e-05 9.63864e-05 7.19669e-06 7.07362e-07 0 0 3.84489e-10
scan charginogluino 350 1150 L3DY1T1HTVZV 3.8752e-05 3.88159e-05 3.87534e-05 1.00312e-06 0 1.95959e-06 0 2.53524e-08
scan charginogluino 350 1150 L3DY1T0HTV 0.000192369 8.61523e-05 8.60666e-05 3.58239e-06 1.38421e-06 0 0 1.61162e-10
scan charginogluino 350 1150 L3DY1T1HTV 0 3.844e-07 3.844e-07 0 0 0 0 0
scan charginogluino 350 1150 L3DY1T0ZV 0.000855688 0.000190229 0.000178853 3.68038e-05 5.33309e-05 0 0 1.05541e-08
scan charginogluino 350 1150 L3DY1T1ZV 0.000371986 0.000122043 0.000117823 1.16054e-05 1.38767e-06 1.8431e-05 2.31452e-05 3.74191e-07
scan charginogluino 350 1150 L3DY1T0 0.000145066 7.3975e-05 7.2625e-05 1.40305e-05 1.01542e-06 0 0 1.58539e-07
scan charginogluino 350 1150 L3DY1T1 0.000184574 8.40384e-05 8.25943e-05 1.96458e-06 9.98148e-07 1.48365e-05 3.94828e-06 2.45275e-07
