model coNLSP
parameter coNLSP 3
parameter kFactorProcessWeighted true
scan charginogluino 800 1500 LOXSEC 0.01027
scan charginogluino 800 1500 L4T0METVHTVZV 0.00186735 9.27342e-05 6.21056e-05 6.36604e-05 2.62656e-05 0 0 3.38302e-11
scan charginogluino 800 1500 L4T1METVHTVZV 0.000854782 5.62068e-05 4.17211e-05 1.99889e-05 2.53015e-05 1.23756e-05 1.50226e-05 1.4127e-08
scan charginogluino 800 1500 L4T2METVHTVZV 0.000276549 2.6053e-05 2.38972e-05 3.22705e-06 5.42544e-06 7.48017e-06 3.44244e-06 1.79216e-07
scan charginogluino 800 1500 L4T0METVHTV 0.00036966 3.1726e-05 2.76515e-05 1.37383e-05 7.29342e-06 0 0 6.50795e-13
scan charginogluino 800 1500 L4T1METVHTV 5.46025e-05 1.09781e-05 1.05202e-05 1.98456e-06 1.89333e-06 8.83479e-07 1.24128e-06 2.65541e-10
scan charginogluino 800 1500 L4T2METVHTV 1.18882e-05 4.9496e-06 4.85369e-06 3.24893e-07 5.39621e-08 9.08893e-07 0 7.56335e-08
scan charginogluino 800 1500 L4T0METVZV 0.000101396 1.49606e-05 1.4492e-05 3.47018e-06 1.32659e-06 0 0 2.63599e-14
scan charginogluino 800 1500 L4T1METVZV 3.68311e-05 8.93642e-06 8.68534e-06 1.05665e-06 1.70986e-06 5.85572e-07 2.03514e-07 9.01274e-11
scan charginogluino 800 1500 L4T2METVZV 2.15692e-06 2.15849e-06 2.15705e-06 5.58334e-08 0 5.58334e-08 0 1.41111e-09
scan charginogluino 800 1500 L4T0METV 1.91315e-05 6.43343e-06 6.3784e-06 8.37646e-07 5.7117e-08 0 0 4.49773e-15
scan charginogluino 800 1500 L4T1METV 4.14633e-06 2.94276e-06 2.93457e-06 8.44056e-08 2.7429e-08 2.77765e-08 1.98644e-07 5.95199e-12
scan charginogluino 800 1500 L4T2METV 0 2.51563e-08 2.51563e-08 0 0 0 0 0
scan charginogluino 800 1500 L4T0HTVZV 6.66113e-05 1.20675e-05 1.17798e-05 2.58987e-06 3.92794e-07 0 0 1.71934e-14
scan charginogluino 800 1500 L4T1HTVZV 1.87272e-05 6.2613e-06 6.24323e-06 3.52253e-07 1.23479e-07 2.1495e-07 2.01274e-07 7.53287e-12
scan charginogluino 800 1500 L4T2HTVZV 8.28305e-06 4.14775e-06 4.14182e-06 0 5.66979e-08 2.14412e-07 0 2.04695e-09
scan charginogluino 800 1500 L4T0HTV 4.06632e-06 2.87705e-06 2.87559e-06 7.9097e-08 4.66334e-08 0 0 2.00782e-17
scan charginogluino 800 1500 L4T1HTV 0 2.90479e-08 2.90479e-08 0 0 0 0 0
scan charginogluino 800 1500 L4T2HTV 0 2.51563e-08 2.51563e-08 0 0 0 0 0
scan charginogluino 800 1500 L4T0ZV 8.41158e-06 4.2179e-06 4.20682e-06 3.03279e-07 3.77986e-08 0 0 3.6737e-15
scan charginogluino 800 1500 L4T1ZV 4.29602e-06 3.05014e-06 3.03789e-06 1.67883e-07 0 2.77765e-08 2.13613e-07 1.18385e-11
scan charginogluino 800 1500 L4T2ZV 2.15692e-06 2.15849e-06 2.15705e-06 5.58334e-08 0 5.58334e-08 0 1.41111e-09
scan charginogluino 800 1500 L4T0 0 2.29644e-08 2.29644e-08 0 0 0 0 0
scan charginogluino 800 1500 L4T1 0 2.90479e-08 2.90479e-08 0 0 0 0 0
scan charginogluino 800 1500 L4T2 0 2.51563e-08 2.51563e-08 0 0 0 0 0
scan charginogluino 800 1500 L3DY0T0METVHTV 5.05857e-05 1.02761e-05 1.01209e-05 1.12865e-06 1.37513e-06 0 0 3.75816e-10
scan charginogluino 800 1500 L3DY0T1METVHTV 0.000287095 2.58592e-05 2.42693e-05 3.99581e-06 4.64861e-06 3.3939e-06 5.52529e-06 2.7635e-07
scan charginogluino 800 1500 L3DY0T2METVHTV 0.000143333 1.75165e-05 1.66622e-05 5.99966e-07 4.42955e-07 4.54473e-06 0 2.82602e-06
scan charginogluino 800 1500 L3DY0T0METV 2.08502e-06 2.08582e-06 2.0851e-06 5.39721e-08 9.55289e-09 0 0 1.36252e-12
scan charginogluino 800 1500 L3DY0T1METV 1.80216e-06 1.87081e-06 1.80236e-06 2.3176e-08 0 5.00878e-07 0 5.86208e-10
scan charginogluino 800 1500 L3DY0T2METV 3.73526e-06 2.66312e-06 2.64347e-06 2.49986e-08 8.20751e-09 3.14105e-07 0 7.01564e-08
scan charginogluino 800 1500 L3DY0T0HTV 0 2.054e-08 2.054e-08 0 0 0 0 0
scan charginogluino 800 1500 L3DY0T1HTV 6.14351e-06 3.55207e-06 3.54815e-06 5.36013e-08 3.724e-08 1.53497e-07 0 1.56913e-09
scan charginogluino 800 1500 L3DY0T2HTV 1.98587e-06 1.98707e-06 1.98595e-06 0 0 5.14056e-08 0 4.22526e-08
scan charginogluino 800 1500 L3DY0T0 0 2.054e-08 2.054e-08 0 0 0 0 0
scan charginogluino 800 1500 L3DY0T1 0 2.90479e-08 2.90479e-08 0 0 0 0 0
scan charginogluino 800 1500 L3DY0T2 0 2.054e-08 2.054e-08 0 0 0 0 0
scan charginogluino 800 1500 L3DY1T0METVHTVZV 0.000755466 4.35141e-05 3.94504e-05 1.70341e-05 6.85423e-06 0 0 4.85171e-09
scan charginogluino 800 1500 L3DY1T1METVHTVZV 0.000462832 3.3873e-05 3.08631e-05 7.00543e-06 3.32256e-06 7.45881e-06 8.88755e-06 3.34545e-07
scan charginogluino 800 1500 L3DY1T0METVHTV 8.02821e-05 1.37944e-05 1.27232e-05 1.8349e-06 5.00391e-06 0 0 4.08448e-10
scan charginogluino 800 1500 L3DY1T1METVHTV 1.62196e-05 5.90716e-06 5.75304e-06 3.29492e-07 1.12758e-06 1.27193e-07 6.32916e-07 1.4611e-08
scan charginogluino 800 1500 L3DY1T0METVZV 9.69627e-06 4.53669e-06 4.38734e-06 2.3832e-07 1.12963e-06 0 0 3.48924e-11
scan charginogluino 800 1500 L3DY1T1METVZV 2.39709e-05 7.09639e-06 6.92031e-06 2.04692e-07 1.28579e-07 1.32403e-06 8.10178e-07 1.14409e-08
scan charginogluino 800 1500 L3DY1T0METV 0 2.054e-08 2.054e-08 0 0 0 0 0
scan charginogluino 800 1500 L3DY1T1METV 2.03514e-06 2.03547e-06 2.03521e-06 0 1.86914e-08 2.61721e-08 0 2.19795e-10
scan charginogluino 800 1500 L3DY1T0HTVZV 1.86204e-05 6.22325e-06 6.20878e-06 4.09015e-07 1.11761e-07 0 0 1.73833e-11
scan charginogluino 800 1500 L3DY1T1HTVZV 1.43503e-05 5.48964e-06 5.4249e-06 1.09223e-07 9.30456e-08 7.85163e-08 8.24493e-07 3.85459e-09
scan charginogluino 800 1500 L3DY1T0HTV 0 2.054e-08 2.054e-08 0 0 0 0 0
scan charginogluino 800 1500 L3DY1T1HTV 2.10972e-06 2.12102e-06 2.1098e-06 5.46115e-08 0 0 2.10972e-07 1.38023e-09
scan charginogluino 800 1500 L3DY1T0ZV 0 2.054e-08 2.054e-08 0 0 0 0 0
scan charginogluino 800 1500 L3DY1T1ZV 5.92646e-06 3.43522e-06 3.42169e-06 0 5.44306e-08 2.99686e-07 0 6.40058e-10
scan charginogluino 800 1500 L3DY1T0 0 2.054e-08 2.054e-08 0 0 0 0 0
scan charginogluino 800 1500 L3DY1T1 0 2.054e-08 2.054e-08 0 0 0 0 0
