model coNLSP
parameter coNLSP 3
parameter kFactorProcessWeighted true
scan charginogluino 600 1200 LOXSEC 0.06261
scan charginogluino 600 1200 L4T0METVHTVZV 0.0104167 0.000527085 0.000361738 0.000348497 0.00015973 0 0 3.7849e-11
scan charginogluino 600 1200 L4T1METVHTVZV 0.00554585 0.000356327 0.000261853 0.000125478 0.000159227 0.000112191 6.86837e-05 8.46539e-08
scan charginogluino 600 1200 L4T2METVHTVZV 0.00189003 0.000184047 0.00015234 3.07595e-05 5.47077e-05 7.67765e-05 2.85958e-05 3.77658e-06
scan charginogluino 600 1200 L4T0METVHTV 0.00373254 0.000301376 0.000215041 0.00014054 0.000157585 0 0 5.21402e-10
scan charginogluino 600 1200 L4T1METVHTV 0.000700584 9.71618e-05 9.36674e-05 1.92082e-05 7.3471e-06 1.2038e-05 9.94919e-06 2.54691e-09
scan charginogluino 600 1200 L4T2METVHTV 8.72521e-05 3.32464e-05 3.29959e-05 1.17837e-06 4.44999e-07 3.87144e-06 0 1.31918e-07
scan charginogluino 600 1200 L4T0METVZV 0.000652894 9.46069e-05 9.06081e-05 2.58386e-05 8.54481e-06 0 0 2.91149e-12
scan charginogluino 600 1200 L4T1METVZV 0.000360409 6.91553e-05 6.69559e-05 9.64405e-06 1.1653e-05 5.61232e-06 6.25049e-06 5.96228e-10
scan charginogluino 600 1200 L4T2METVZV 7.31866e-05 3.05286e-05 2.99639e-05 1.01889e-06 1.82706e-06 5.45682e-06 0 4.84817e-08
scan charginogluino 600 1200 L4T0METV 0.000253322 5.83739e-05 5.6693e-05 1.05558e-05 9.05488e-06 0 0 9.70772e-14
scan charginogluino 600 1200 L4T1METV 4.92924e-05 2.48168e-05 2.46729e-05 9.82502e-07 1.96094e-06 8.37052e-07 1.2683e-06 2.48031e-11
scan charginogluino 600 1200 L4T2METV 0 1.53363e-07 1.53363e-07 0 0 0 0 0
scan charginogluino 600 1200 L4T0HTVZV 0.00034728 6.83147e-05 6.56557e-05 1.55642e-05 1.06761e-05 0 0 1.2692e-13
scan charginogluino 600 1200 L4T1HTVZV 0.000187831 4.90797e-05 4.85108e-05 4.1073e-06 1.07445e-06 5.98707e-06 1.2851e-06 1.78924e-10
scan charginogluino 600 1200 L4T2HTVZV 1.0569e-05 1.09858e-05 1.05699e-05 2.93747e-06 4.84238e-08 5.75249e-07 0 3.71772e-08
scan charginogluino 600 1200 L4T0HTV 0.000124551 3.9557e-05 3.94012e-05 3.30112e-06 1.18448e-06 0 0 5.03038e-14
scan charginogluino 600 1200 L4T1HTV 3.59925e-05 2.08405e-05 2.07879e-05 5.84403e-07 4.43552e-07 1.28618e-06 0 1.011e-11
scan charginogluino 600 1200 L4T2HTV 0 1.53363e-07 1.53363e-07 0 0 0 0 0
scan charginogluino 600 1200 L4T0ZV 5.06829e-05 2.53996e-05 2.53436e-05 1.65034e-06 3.47439e-07 0 0 2.6863e-15
scan charginogluino 600 1200 L4T1ZV 3.80245e-05 2.20105e-05 2.1955e-05 8.21245e-07 2.31829e-07 3.25895e-07 1.2683e-06 1.76539e-11
scan charginogluino 600 1200 L4T2ZV 1.25173e-05 1.25228e-05 1.25181e-05 0 1.14963e-07 3.24019e-07 0 1.35187e-09
scan charginogluino 600 1200 L4T0 1.22178e-05 1.22206e-05 1.22185e-05 1.57123e-07 1.68705e-07 0 0 0
scan charginogluino 600 1200 L4T1 0 1.77088e-07 1.77088e-07 0 0 0 0 0
scan charginogluino 600 1200 L4T2 0 1.53363e-07 1.53363e-07 0 0 0 0 0
scan charginogluino 600 1200 L3DY0T0METVHTV 0.000436545 8.74328e-05 7.18974e-05 1.10113e-05 4.8518e-05 0 0 5.04361e-09
scan charginogluino 600 1200 L3DY0T1METVHTV 0.00199009 0.000170613 0.000156865 3.53784e-05 2.84183e-05 2.97579e-05 3.9347e-05 3.02467e-06
scan charginogluino 600 1200 L3DY0T2METVHTV 0.00103343 0.000120921 0.00010955 6.81358e-06 2.30736e-06 4.68049e-05 0 1.94484e-05
scan charginogluino 600 1200 L3DY0T0METV 0 1.2522e-07 1.2522e-07 0 0 0 0 0
scan charginogluino 600 1200 L3DY0T1METV 6.20875e-05 2.81124e-05 2.78024e-05 1.55708e-06 1.66215e-07 3.1095e-07 3.79081e-06 6.40608e-07
scan charginogluino 600 1200 L3DY0T2METV 5.61886e-05 2.5867e-05 2.51737e-05 2.82661e-07 1.01388e-07 5.84004e-06 0 1.09015e-06
scan charginogluino 600 1200 L3DY0T0HTV 4.98218e-05 2.49287e-05 2.49125e-05 8.05919e-07 3.99205e-07 0 0 4.17518e-11
scan charginogluino 600 1200 L3DY0T1HTV 1.25637e-05 1.25647e-05 1.25647e-05 0 0 0 0 4.08672e-09
scan charginogluino 600 1200 L3DY0T2HTV 3.38042e-05 1.98223e-05 1.95646e-05 4.34726e-07 0 3.10656e-06 0 5.57211e-07
scan charginogluino 600 1200 L3DY0T0 0 1.2522e-07 1.2522e-07 0 0 0 0 0
scan charginogluino 600 1200 L3DY0T1 9.78701e-06 1.08843e-05 9.78841e-06 0 4.75813e-06 1.25862e-07 0 1.76166e-08
scan charginogluino 600 1200 L3DY0T2 0 1.2522e-07 1.2522e-07 0 0 0 0 0
scan charginogluino 600 1200 L3DY1T0METVHTVZV 0.00548871 0.00031658 0.00026091 0.0001335 0.000119693 0 0 1.12455e-07
scan charginogluino 600 1200 L3DY1T1METVHTVZV 0.00314652 0.000220804 0.000199068 5.22598e-05 1.99975e-05 4.33694e-05 6.41011e-05 2.33119e-06
scan charginogluino 600 1200 L3DY1T0METVHTV 0.00074171 9.9585e-05 9.58312e-05 2.16354e-05 1.62931e-05 0 0 1.08461e-08
scan charginogluino 600 1200 L3DY1T1METVHTV 0.000277439 6.00626e-05 5.91615e-05 4.37021e-06 1.01828e-06 3.27428e-06 8.74734e-06 2.42623e-07
scan charginogluino 600 1200 L3DY1T0METVZV 9.80563e-05 3.49288e-05 3.46745e-05 4.15295e-06 6.73169e-07 0 0 1.81525e-09
scan charginogluino 600 1200 L3DY1T1METVZV 8.83048e-05 3.37198e-05 3.33964e-05 1.66838e-06 1.91935e-06 6.40497e-07 3.84999e-06 6.49215e-08
scan charginogluino 600 1200 L3DY1T0METV 0 1.2522e-07 1.2522e-07 0 0 0 0 0
scan charginogluino 600 1200 L3DY1T1METV 1.23796e-05 1.23816e-05 1.23801e-05 0 1.13698e-07 1.59203e-07 0 1.337e-09
scan charginogluino 600 1200 L3DY1T0HTVZV 0.000185855 4.85825e-05 4.80478e-05 3.97082e-06 5.9919e-06 0 0 1.60074e-10
scan charginogluino 600 1200 L3DY1T1HTVZV 7.51915e-05 3.08236e-05 3.0704e-05 6.68092e-07 4.53543e-07 6.44484e-07 2.50767e-06 2.22183e-08
scan charginogluino 600 1200 L3DY1T0HTV 1.29939e-05 1.30043e-05 1.29944e-05 5.07785e-07 0 0 0 3.58072e-11
scan charginogluino 600 1200 L3DY1T1HTV 2.58094e-05 1.83085e-05 1.82505e-05 6.68092e-07 0 1.66874e-07 1.28333e-06 1.68851e-08
scan charginogluino 600 1200 L3DY1T0ZV 5.04287e-05 2.52435e-05 2.52159e-05 1.14413e-06 2.88027e-07 0 0 2.5839e-11
scan charginogluino 600 1200 L3DY1T1ZV 1.28333e-05 1.2902e-05 1.28338e-05 3.32198e-07 0 0 1.28333e-06 8.39584e-09
scan charginogluino 600 1200 L3DY1T0 0 1.2522e-07 1.2522e-07 0 0 0 0 0
scan charginogluino 600 1200 L3DY1T1 0 1.2522e-07 1.2522e-07 0 0 0 0 0
