model coNLSP
parameter coNLSP 3
parameter kFactorProcessWeighted true
scan charginogluino 300 1350 LOXSEC 0.2564
scan charginogluino 300 1350 L4T0METVHTVZV 0.00230401 0.000378928 0.000340214 0.000102916 0.000131337 0 0 5.78314e-12
scan charginogluino 300 1350 L4T1METVHTVZV 0.00166511 0.000336469 0.000286518 5.23294e-05 0.000158618 2.65956e-05 5.01342e-05 7.09548e-09
scan charginogluino 300 1350 L4T2METVHTVZV 0.00085179 0.000230116 0.000200873 1.88783e-05 3.8616e-05 0.000103105 1.10944e-05 1.40142e-06
scan charginogluino 300 1350 L4T0METVHTV 0.00447281 0.000553812 0.000477455 0.000194111 0.000202646 0 0 5.33105e-10
scan charginogluino 300 1350 L4T1METVHTV 0.0013061 0.000267794 0.000256572 4.41385e-05 5.26132e-05 3.04358e-05 1.55447e-05 5.89761e-09
scan charginogluino 300 1350 L4T2METVHTV 0.000211327 0.000106219 0.000105665 5.47034e-06 0 9.35408e-06 0 1.38255e-07
scan charginogluino 300 1350 L4T0METVZV 0.01074 0.00148051 0.000720384 0.000533712 0.00117818 0 0 2.16373e-10
scan charginogluino 300 1350 L4T1METVZV 0.00675902 0.00110813 0.000568043 0.000191847 0.000903554 0.000213955 7.93314e-05 1.09729e-07
scan charginogluino 300 1350 L4T2METVZV 0.00269518 0.000425672 0.000363666 0.000108862 0.000107662 0.000141752 7.27094e-05 1.10264e-05
scan charginogluino 300 1350 L4T0METV 0.0199195 0.00189505 0.000997474 0.000935736 0.00131174 0 0 8.07482e-09
scan charginogluino 300 1350 L4T1METV 0.00400971 0.00050842 0.000448703 0.00014139 0.000134148 0.00011631 7.51116e-05 8.35789e-08
scan charginogluino 300 1350 L4T2METV 0.000513164 0.000164768 0.000162303 8.46516e-06 1.84407e-06 2.70334e-05 0 5.51337e-07
scan charginogluino 300 1350 L4T0HTVZV 0.00025484 0.000115453 0.000113998 1.82313e-05 1.15085e-06 0 0 1.06621e-12
scan charginogluino 300 1350 L4T1HTVZV 0.00020997 0.000105175 0.000105022 4.8468e-06 1.17826e-06 2.70024e-06 0 2.18045e-10
scan charginogluino 300 1350 L4T2HTVZV 0 6.28049e-07 6.28049e-07 0 0 0 0 0
scan charginogluino 300 1350 L4T0HTV 0.000493056 0.000166017 0.000156457 1.63204e-05 5.30712e-05 0 0 2.74098e-13
scan charginogluino 300 1350 L4T1HTV 4.65399e-05 4.78512e-05 4.65448e-05 1.10887e-05 0 5.98509e-07 0 1.39121e-09
scan charginogluino 300 1350 L4T2HTV 0 6.28049e-07 6.28049e-07 0 0 0 0 0
scan charginogluino 300 1350 L4T0ZV 0.00263424 0.000451033 0.000358785 0.000150949 0.000227857 0 0 2.11343e-07
scan charginogluino 300 1350 L4T1ZV 0.00177678 0.000352531 0.000294461 7.45758e-05 0.000165429 3.38752e-05 5.91114e-05 1.1125e-06
scan charginogluino 300 1350 L4T2ZV 0.000717206 0.000202831 0.000191761 1.20958e-05 2.28717e-06 3.51101e-05 5.46222e-05 5.43341e-07
scan charginogluino 300 1350 L4T0 0.00591014 0.000651464 0.000549481 0.000258384 0.000236039 0 0 6.82081e-12
scan charginogluino 300 1350 L4T1 0.00151006 0.000302737 0.000271848 4.26961e-05 9.77998e-05 6.83677e-05 4.10622e-05 6.68228e-09
scan charginogluino 300 1350 L4T2 0 6.28049e-07 6.28049e-07 0 0 0 0 0
scan charginogluino 300 1350 L3DY0T0METVHTV 0.000550619 0.000170002 0.000166039 1.64657e-05 3.25659e-05 0 0 2.35985e-09
scan charginogluino 300 1350 L3DY0T1METVHTV 0.00156966 0.000307897 0.000277842 2.75823e-05 0.000114456 4.50722e-05 4.10904e-05 4.83886e-06
scan charginogluino 300 1350 L3DY0T2METVHTV 0.000523636 0.000160749 0.000157901 3.11169e-06 1.29053e-06 2.82217e-05 0 9.98144e-06
scan charginogluino 300 1350 L3DY0T0METV 0.0010416 0.000263173 0.000222282 4.27285e-05 0.000134258 0 0 5.46154e-08
scan charginogluino 300 1350 L3DY0T1METV 0.00304141 0.00050497 0.000380489 7.2913e-05 0.00029164 0.00012898 5.53562e-05 1.23484e-05
scan charginogluino 300 1350 L3DY0T2METV 0.000718124 0.000188725 0.000185431 3.64673e-06 1.99099e-06 3.19589e-05 0 1.39201e-05
scan charginogluino 300 1350 L3DY0T0HTV 0 5.128e-07 5.128e-07 0 0 0 0 0
scan charginogluino 300 1350 L3DY0T1HTV 5.16125e-05 5.18792e-05 5.1617e-05 6.63744e-07 2.36472e-07 0 5.16125e-06 1.67886e-08
scan charginogluino 300 1350 L3DY0T2HTV 9.73554e-05 6.89183e-05 6.88421e-05 1.252e-06 0 2.52011e-06 0 1.60476e-06
scan charginogluino 300 1350 L3DY0T0 0.000204151 0.000113837 9.42543e-05 1.0516e-05 6.29628e-05 0 0 7.77437e-10
scan charginogluino 300 1350 L3DY0T1 0.0012476 0.00027218 0.000244866 2.28013e-05 9.39804e-05 6.57679e-05 2.05416e-05 4.80012e-06
scan charginogluino 300 1350 L3DY0T2 0.00013836 8.11266e-05 7.9895e-05 6.07789e-07 4.17382e-07 1.3798e-05 0 2.71729e-06
scan charginogluino 300 1350 L3DY1T0METVHTVZV 0.00224037 0.000380446 0.000334192 7.33759e-05 0.000166346 0 0 1.17419e-08
scan charginogluino 300 1350 L3DY1T1METVHTVZV 0.000982539 0.000230465 0.000219791 3.20528e-05 3.02463e-05 4.96674e-05 1.97405e-05 2.67972e-06
scan charginogluino 300 1350 L3DY1T0METVHTV 0.00259166 0.000373057 0.000362957 8.26146e-05 2.46723e-05 0 0 1.479e-08
scan charginogluino 300 1350 L3DY1T1METVHTV 0.000935928 0.000224804 0.000220702 2.04628e-05 1.33559e-06 2.66268e-05 2.64153e-05 6.14891e-07
scan charginogluino 300 1350 L3DY1T0METVZV 0.00522374 0.000683049 0.000507824 0.000184919 0.000417703 0 0 1.35076e-07
scan charginogluino 300 1350 L3DY1T1METVZV 0.00297871 0.000424595 0.000384665 8.37881e-05 6.26796e-05 0.000124833 7.54827e-05 9.1213e-06
scan charginogluino 300 1350 L3DY1T0METV 0.00450827 0.00051111 0.000478139 0.000121627 0.000133503 0 0 8.06601e-08
scan charginogluino 300 1350 L3DY1T1METV 0.00237763 0.000365152 0.000346928 3.535e-05 4.22386e-05 7.79237e-05 6.21825e-05 2.18745e-06
scan charginogluino 300 1350 L3DY1T0HTVZV 0.00016695 9.85956e-05 8.50732e-05 7.63599e-06 4.92477e-05 0 0 3.89937e-10
scan charginogluino 300 1350 L3DY1T1HTVZV 5.28306e-05 5.31136e-05 5.28325e-05 1.36755e-06 0 0 5.28306e-06 3.4563e-08
scan charginogluino 300 1350 L3DY1T0HTV 0.000189619 9.92859e-05 9.5098e-05 2.69824e-06 2.84039e-05 0 0 2.09429e-10
scan charginogluino 300 1350 L3DY1T1HTV 0 5.128e-07 5.128e-07 0 0 0 0 0
scan charginogluino 300 1350 L3DY1T0ZV 0.00138688 0.000281179 0.000262315 4.55269e-05 9.04436e-05 0 0 4.90804e-08
scan charginogluino 300 1350 L3DY1T1ZV 0.000951441 0.000223922 0.000218418 2.71361e-05 3.06386e-05 2.69893e-05 4.6746e-06 3.04462e-06
scan charginogluino 300 1350 L3DY1T0 0.00130767 0.000266148 0.000256686 2.64807e-05 6.51616e-05 0 0 4.60129e-09
scan charginogluino 300 1350 L3DY1T1 0.000206933 0.00010411 0.000103597 4.13309e-06 7.59712e-06 1.98178e-06 5.28306e-06 1.89537e-07
