model coNLSP
parameter coNLSP 3
parameter kFactorProcessWeighted true
scan charginogluino 350 1250 LOXSEC 0.1602
scan charginogluino 350 1250 L4T0METVHTVZV 0.00489436 0.000499351 0.000392176 0.000209499 0.000227288 0 0 6.3925e-11
scan charginogluino 350 1250 L4T1METVHTVZV 0.00273859 0.000385202 0.000288791 9.94766e-05 0.000219286 5.90382e-05 5.92687e-05 3.84807e-07
scan charginogluino 350 1250 L4T2METVHTVZV 0.00131746 0.000223694 0.000203428 2.16655e-05 6.9859e-05 4.64001e-05 3.3932e-05 1.4304e-06
scan charginogluino 350 1250 L4T0METVHTV 0.00596659 0.0005608 0.00043453 0.0002715 0.000227966 0 0 1.51771e-10
scan charginogluino 350 1250 L4T1METVHTV 0.00133796 0.000220839 0.000204202 4.60142e-05 4.42062e-05 5.32659e-05 1.27559e-05 2.71685e-08
scan charginogluino 350 1250 L4T2METVHTV 0.000312234 0.000103025 9.89257e-05 5.88638e-06 2.27988e-05 1.65318e-05 0 2.05779e-07
scan charginogluino 350 1250 L4T0METVZV 0.00629667 0.000638719 0.000443509 0.000242369 0.000390537 0 0 1.71621e-10
scan charginogluino 350 1250 L4T1METVZV 0.00381026 0.000532898 0.000339943 9.25203e-05 0.000376926 0.000109483 7.61499e-05 3.48176e-07
scan charginogluino 350 1250 L4T2METVZV 0.00109364 0.000206142 0.000182465 4.43242e-05 6.05911e-05 5.83807e-05 1.23067e-05 2.26979e-06
scan charginogluino 350 1250 L4T0METV 0.00915668 0.000722644 0.000539036 0.000368046 0.000310157 0 0 2.47781e-10
scan charginogluino 350 1250 L4T1METV 0.00151438 0.000267011 0.00021442 4.63709e-05 0.000144505 4.40636e-05 1.8588e-05 6.94528e-08
scan charginogluino 350 1250 L4T2METV 0.000157494 7.10272e-05 7.04343e-05 0 5.45059e-06 3.26379e-06 6.59591e-06 7.03433e-08
scan charginogluino 350 1250 L4T0HTVZV 0.000166231 7.47055e-05 7.43696e-05 7.07024e-06 2.88472e-07 0 0 1.13716e-13
scan charginogluino 350 1250 L4T1HTVZV 0.000408721 0.000116419 0.000113695 8.91379e-06 2.17735e-05 5.73364e-06 6.3517e-06 1.24049e-09
scan charginogluino 350 1250 L4T2HTVZV 9.09604e-05 5.45237e-05 5.26759e-05 8.71286e-07 1.38478e-05 2.35457e-06 0 1.25163e-07
scan charginogluino 350 1250 L4T0HTV 0.000246207 8.96151e-05 8.7187e-05 1.75378e-05 1.10322e-05 0 0 1.73317e-12
scan charginogluino 350 1250 L4T1HTV 9.76026e-05 5.65225e-05 5.63863e-05 2.16876e-06 5.78763e-07 8.56535e-07 3.09986e-06 4.29671e-10
scan charginogluino 350 1250 L4T2HTV 0 3.92408e-07 3.92408e-07 0 0 0 0 0
scan charginogluino 350 1250 L4T0ZV 0.00113174 0.000204336 0.000188818 4.41634e-05 6.44227e-05 0 0 1.16816e-12
scan charginogluino 350 1250 L4T1ZV 0.000676449 0.000151347 0.000147663 2.76112e-05 2.89282e-06 8.82785e-06 1.58984e-05 2.61171e-08
scan charginogluino 350 1250 L4T2ZV 0.000214737 8.39259e-05 8.12498e-05 9.91929e-06 5.42999e-07 1.29251e-05 1.31381e-05 1.91527e-06
scan charginogluino 350 1250 L4T0 0.00172248 0.000245533 0.000234543 5.91036e-05 4.22241e-05 0 0 2.01274e-12
scan charginogluino 350 1250 L4T1 0.000444492 0.000120821 0.0001189 1.38051e-05 6.53773e-06 1.18572e-05 9.30592e-06 2.25931e-08
scan charginogluino 350 1250 L4T2 3.11775e-05 3.12271e-05 3.11796e-05 0 2.86345e-07 1.69693e-06 0 3.36717e-09
scan charginogluino 350 1250 L3DY0T0METVHTV 0.000446035 0.0001195 0.00011922 7.32921e-06 3.63882e-06 0 0 4.03049e-09
scan charginogluino 350 1250 L3DY0T1METVHTV 0.00166337 0.000260967 0.000226497 3.60049e-05 0.000117993 3.10927e-05 2.45473e-05 3.86571e-06
scan charginogluino 350 1250 L3DY0T2METVHTV 0.000708196 0.000151564 0.000144619 2.26128e-06 2.32105e-06 4.29845e-05 0 1.41017e-05
scan charginogluino 350 1250 L3DY0T0METV 0.000484013 0.000127615 0.000121255 2.03954e-05 3.41575e-05 0 0 1.66988e-07
scan charginogluino 350 1250 L3DY0T1METV 0.00145898 0.000223657 0.000212869 4.38404e-05 2.84594e-05 4.1663e-05 1.5212e-05 3.20778e-06
scan charginogluino 350 1250 L3DY0T2METV 0.000545703 0.000130032 0.000128625 1.93911e-06 1.80939e-06 1.54413e-05 0 1.0888e-05
scan charginogluino 350 1250 L3DY0T0HTV 3.09986e-05 3.10028e-05 3.09999e-05 0 4.28032e-07 0 0 0
scan charginogluino 350 1250 L3DY0T1HTV 0.00012563 6.32832e-05 6.28745e-05 7.05042e-06 5.69253e-07 1.21609e-06 0 2.38313e-07
scan charginogluino 350 1250 L3DY0T2HTV 6.11696e-05 4.33035e-05 4.3254e-05 0 2.80259e-07 1.58341e-06 0 1.30148e-06
scan charginogluino 350 1250 L3DY0T0 9.6054e-05 5.54906e-05 5.54609e-05 1.65908e-06 7.32436e-07 0 0 6.54361e-11
scan charginogluino 350 1250 L3DY0T1 0.000419675 0.00011995 0.000112235 1.04113e-05 3.75312e-05 1.52672e-05 6.32306e-06 1.12353e-06
scan charginogluino 350 1250 L3DY0T2 0.000140092 6.57541e-05 6.27741e-05 1.0264e-06 2.76182e-07 1.93686e-05 0 2.59814e-06
scan charginogluino 350 1250 L3DY1T0METVHTVZV 0.00332235 0.000387771 0.000321279 0.000103938 0.000190638 0 0 2.02166e-07
scan charginogluino 350 1250 L3DY1T1METVHTVZV 0.00233309 0.000287233 0.000273186 4.4864e-05 4.15821e-05 2.84816e-05 5.75406e-05 2.80617e-06
scan charginogluino 350 1250 L3DY1T0METVHTV 0.00176539 0.000243559 0.000236019 4.86388e-05 3.53577e-05 0 0 6.39768e-09
scan charginogluino 350 1250 L3DY1T1METVHTV 0.000887291 0.000172633 0.000167761 1.39744e-05 1.98296e-05 2.02694e-05 2.56533e-05 8.87449e-07
scan charginogluino 350 1250 L3DY1T0METVZV 0.00264492 0.000324907 0.00028709 6.90762e-05 0.000135545 0 0 3.78499e-08
scan charginogluino 350 1250 L3DY1T1METVZV 0.00161574 0.000240397 0.000224184 4.85642e-05 5.38183e-05 3.55466e-05 3.14369e-05 5.0666e-06
scan charginogluino 350 1250 L3DY1T0METV 0.00146385 0.000262339 0.000211585 3.90725e-05 0.00015009 0 0 2.38182e-08
scan charginogluino 350 1250 L3DY1T1METV 0.000607598 0.000140569 0.000139427 7.38565e-06 6.2171e-06 8.00663e-06 1.27256e-05 6.22637e-07
scan charginogluino 350 1250 L3DY1T0HTVZV 0.000162455 7.27642e-05 7.26797e-05 3.45873e-06 5.76943e-07 0 0 2.48951e-10
scan charginogluino 350 1250 L3DY1T1HTVZV 9.61069e-05 5.58748e-05 5.5509e-05 8.617e-07 5.76943e-07 4.28097e-07 6.28182e-06 1.34851e-07
scan charginogluino 350 1250 L3DY1T0HTV 0.000161963 7.25684e-05 7.24607e-05 3.85599e-06 8.68787e-07 0 0 2.07482e-10
scan charginogluino 350 1250 L3DY1T1HTV 0 3.204e-07 3.204e-07 0 0 0 0 0
scan charginogluino 350 1250 L3DY1T0ZV 0.000669542 0.000147906 0.000146247 1.46421e-05 1.65339e-05 0 0 8.53412e-10
scan charginogluino 350 1250 L3DY1T1ZV 0.000412094 0.000115666 0.000114325 6.74079e-06 1.70413e-06 1.29543e-05 9.58469e-06 6.24279e-07
scan charginogluino 350 1250 L3DY1T0 0.000338353 0.000105986 0.000102311 6.78975e-06 2.68203e-05 0 0 1.15998e-09
scan charginogluino 350 1250 L3DY1T1 6.50472e-05 4.60253e-05 4.60086e-05 8.617e-07 2.91681e-07 8.36516e-07 0 7.89435e-08
