model coNLSP
parameter coNLSP 3
parameter kFactorProcessWeighted true
scan charginogluino 500 1450 LOXSEC 0.03701
scan charginogluino 500 1450 L4T0METVHTVZV 0.00216917 0.00016009 0.000127033 8.12273e-05 5.37912e-05 0 0 4.30581e-12
scan charginogluino 500 1450 L4T1METVHTVZV 0.00120579 0.000106537 9.42188e-05 3.01662e-05 2.60092e-05 2.46313e-05 1.67271e-05 4.22814e-08
scan charginogluino 500 1450 L4T2METVHTVZV 0.000486595 6.65097e-05 5.99341e-05 7.87754e-06 1.82129e-05 1.66616e-05 1.26449e-05 4.17511e-07
scan charginogluino 500 1450 L4T0METVHTV 0.00106872 0.000103944 8.91074e-05 4.08742e-05 3.45472e-05 0 0 2.3387e-11
scan charginogluino 500 1450 L4T1METVHTV 0.000231542 4.2436e-05 4.16027e-05 5.92128e-06 1.34345e-06 4.94357e-06 2.95306e-06 6.4492e-10
scan charginogluino 500 1450 L4T2METVHTV 3.79957e-05 1.70817e-05 1.69932e-05 7.90733e-07 6.84103e-08 1.54493e-06 0 2.07891e-08
scan charginogluino 500 1450 L4T0METVZV 0.00146402 0.000128855 0.000103844 4.9124e-05 5.83687e-05 0 0 2.72863e-10
scan charginogluino 500 1450 L4T1METVZV 0.00071887 9.11572e-05 7.19863e-05 1.72948e-05 4.96292e-05 1.80322e-05 6.34637e-06 1.81559e-09
scan charginogluino 500 1450 L4T2METVZV 0.000271992 4.74585e-05 4.47403e-05 5.14238e-06 8.03311e-06 1.18381e-05 4.33382e-06 8.51216e-07
scan charginogluino 500 1450 L4T0METV 0.000880458 9.14449e-05 8.1465e-05 3.81727e-05 1.63851e-05 0 0 2.77865e-13
scan charginogluino 500 1450 L4T1METV 0.000166712 3.65539e-05 3.4869e-05 6.64567e-06 5.32215e-06 5.89821e-06 3.61322e-06 2.89163e-09
scan charginogluino 500 1450 L4T2METV 1.40603e-05 1.00985e-05 9.96002e-06 1.62403e-06 6.84103e-08 3.63961e-07 0 4.64394e-08
scan charginogluino 500 1450 L4T0HTVZV 0.000117981 3.43304e-05 2.87304e-05 3.73472e-06 1.84172e-05 0 0 4.27603e-14
scan charginogluino 500 1450 L4T1HTVZV 3.74548e-05 1.68157e-05 1.67556e-05 1.02368e-06 2.02865e-07 5.99374e-07 7.5472e-07 8.43289e-11
scan charginogluino 500 1450 L4T2HTVZV 1.48051e-05 1.0512e-05 1.04692e-05 1.90428e-07 6.84103e-08 9.25207e-07 0 5.61724e-09
scan charginogluino 500 1450 L4T0HTV 6.87866e-05 2.31891e-05 2.29312e-05 3.40356e-06 5.59276e-07 0 0 1.68496e-13
scan charginogluino 500 1450 L4T1HTV 7.8182e-06 7.82543e-06 7.81882e-06 3.05525e-07 0 1.00543e-07 0 2.15446e-11
scan charginogluino 500 1450 L4T2HTV 0 9.06556e-08 9.06556e-08 0 0 0 0 0
scan charginogluino 500 1450 L4T0ZV 0.000217998 4.11362e-05 4.0493e-05 7.0825e-06 1.52918e-06 0 0 2.25979e-13
scan charginogluino 500 1450 L4T1ZV 4.56177e-05 1.86729e-05 1.86296e-05 1.10191e-06 2.38727e-07 5.86649e-07 0 5.36492e-11
scan charginogluino 500 1450 L4T2ZV 1.44201e-05 1.02759e-05 1.02024e-05 8.96549e-08 1.00352e-07 1.21939e-06 0 3.07216e-09
scan charginogluino 500 1450 L4T0 6.12611e-05 2.18881e-05 2.16735e-05 2.8315e-06 1.15484e-06 0 0 1.4392e-14
scan charginogluino 500 1450 L4T1 2.13965e-05 1.24604e-05 1.23808e-05 1.21367e-06 1.95005e-07 6.82208e-07 0 1.06686e-11
scan charginogluino 500 1450 L4T2 0 9.06556e-08 9.06556e-08 0 0 0 0 0
scan charginogluino 500 1450 L3DY0T0METVHTV 0.000138713 3.23341e-05 3.18249e-05 5.63856e-06 9.37229e-07 0 0 3.56309e-09
scan charginogluino 500 1450 L3DY0T1METVHTV 0.000470388 6.35502e-05 5.83608e-05 8.35157e-06 2.00997e-05 8.86936e-06 8.90591e-06 9.57113e-07
scan charginogluino 500 1450 L3DY0T2METVHTV 0.000219966 4.07842e-05 3.88882e-05 1.66932e-06 4.13085e-07 1.14732e-05 0 4.05796e-06
scan charginogluino 500 1450 L3DY0T0METV 3.54737e-05 1.61476e-05 1.58819e-05 2.90563e-06 2.64247e-07 0 0 2.78106e-09
scan charginogluino 500 1450 L3DY0T1METV 0.000159073 3.49827e-05 3.39288e-05 3.82424e-06 8.36016e-07 6.58688e-06 3.72459e-06 2.12553e-07
scan charginogluino 500 1450 L3DY0T2METV 0.000101951 2.72766e-05 2.63278e-05 8.70792e-07 1.56867e-07 6.832e-06 0 1.84461e-06
scan charginogluino 500 1450 L3DY0T0HTV 6.83226e-06 6.9208e-06 6.83256e-06 8.78638e-08 1.09816e-06 0 0 8.96529e-12
scan charginogluino 500 1450 L3DY0T1HTV 7.46054e-06 7.49908e-06 7.46118e-06 9.59435e-08 3.41818e-08 0 7.46054e-07 2.42677e-09
scan charginogluino 500 1450 L3DY0T2HTV 7.03631e-06 7.0405e-06 7.0366e-06 9.04879e-08 0 1.8214e-07 0 1.15983e-07
scan charginogluino 500 1450 L3DY0T0 0 7.402e-08 7.402e-08 0 0 0 0 0
scan charginogluino 500 1450 L3DY0T1 1.14072e-05 9.48788e-06 8.52032e-06 9.82954e-08 4.15406e-06 9.82954e-08 3.76375e-07 8.2566e-08
scan charginogluino 500 1450 L3DY0T2 7.09437e-06 7.09872e-06 7.09466e-06 0 3.25041e-08 1.83642e-07 0 1.50944e-07
scan charginogluino 500 1450 L3DY1T0METVHTVZV 0.000974145 9.0265e-05 8.48281e-05 2.04047e-05 2.31431e-05 0 0 1.95374e-09
scan charginogluino 500 1450 L3DY1T1METVHTVZV 0.000775457 7.96242e-05 7.64344e-05 1.43209e-05 2.85765e-06 9.34445e-06 1.40318e-05 5.71386e-07
scan charginogluino 500 1450 L3DY1T0METVHTV 0.000294337 4.75851e-05 4.65787e-05 6.14665e-06 7.54834e-06 0 0 6.81265e-10
scan charginogluino 500 1450 L3DY1T1METVHTV 0.000168916 3.57804e-05 3.5226e-05 2.99057e-06 2.46987e-06 4.38324e-06 2.25588e-06 1.49962e-07
scan charginogluino 500 1450 L3DY1T0METVZV 0.000239701 4.42966e-05 4.18433e-05 5.60027e-06 1.34152e-05 0 0 9.86298e-10
scan charginogluino 500 1450 L3DY1T1METVZV 0.00028757 4.79611e-05 4.60524e-05 4.43104e-06 1.20469e-06 8.07136e-06 9.64918e-06 3.17902e-07
scan charginogluino 500 1450 L3DY1T0METV 8.52558e-05 2.605e-05 2.47067e-05 1.69412e-06 8.08145e-06 0 0 1.0476e-10
scan charginogluino 500 1450 L3DY1T1METV 5.06294e-05 1.92774e-05 1.91362e-05 5.07926e-07 3.32339e-07 2.24781e-06 0 5.848e-08
scan charginogluino 500 1450 L3DY1T0HTVZV 7.55027e-05 2.39713e-05 2.38856e-05 1.99628e-06 3.35386e-07 0 0 1.16981e-10
scan charginogluino 500 1450 L3DY1T1HTVZV 2.95694e-05 1.47892e-05 1.4785e-05 0 2.02973e-07 2.84207e-07 0 7.2735e-09
scan charginogluino 500 1450 L3DY1T0HTV 1.52794e-05 1.08166e-05 1.08051e-05 4.97528e-07 3.45788e-08 0 0 2.62394e-11
scan charginogluino 500 1450 L3DY1T1HTV 1.50032e-05 1.06407e-05 1.06107e-05 1.97679e-07 6.76576e-08 9.47358e-08 7.63661e-07 5.79164e-09
scan charginogluino 500 1450 L3DY1T0ZV 2.96441e-05 1.49143e-05 1.48367e-05 7.85251e-07 1.30105e-06 0 0 1.14166e-10
scan charginogluino 500 1450 L3DY1T1ZV 3.57325e-05 1.6317e-05 1.59915e-05 3.52889e-07 2.02973e-07 3.21715e-06 0 1.13056e-08
scan charginogluino 500 1450 L3DY1T0 0 7.402e-08 7.402e-08 0 0 0 0 0
scan charginogluino 500 1450 L3DY1T1 7.72156e-06 7.72506e-06 7.72183e-06 1.99878e-07 0 9.93003e-08 0 5.05162e-09
