model coNLSP
parameter coNLSP 3
parameter kFactorProcessWeighted true
scan charginogluino 400 1250 LOXSEC 0.1056
scan charginogluino 400 1250 L4T0METVHTVZV 0.0053412 0.000437873 0.000334093 0.000206164 0.000193936 0 0 7.2819e-10
scan charginogluino 400 1250 L4T1METVHTVZV 0.00332833 0.000324912 0.000262468 8.57668e-05 0.000141528 6.63875e-05 6.98931e-05 4.25193e-08
scan charginogluino 400 1250 L4T2METVHTVZV 0.00108629 0.0001613 0.00015087 2.39701e-05 1.71043e-05 4.5982e-05 1.63746e-05 2.49407e-06
scan charginogluino 400 1250 L4T0METVHTV 0.00479228 0.000411983 0.000317011 0.000177744 0.000194013 0 0 1.53179e-11
scan charginogluino 400 1250 L4T1METVHTV 0.00145583 0.000200546 0.00017296 3.596e-05 8.35651e-05 2.4563e-05 3.77348e-05 3.70758e-07
scan charginogluino 400 1250 L4T2METVHTV 0.000127372 5.22694e-05 5.20282e-05 1.15028e-06 7.61706e-07 4.82128e-06 0 7.31104e-08
scan charginogluino 400 1250 L4T0METVZV 0.00402775 0.000373744 0.000290114 0.000155677 0.000176869 0 0 4.76603e-10
scan charginogluino 400 1250 L4T1METVZV 0.00208345 0.000298241 0.000204488 4.94235e-05 0.000201692 4.92897e-05 3.97571e-05 3.74912e-07
scan charginogluino 400 1250 L4T2METVZV 0.000567439 0.000113136 0.000109253 1.82989e-05 2.48533e-06 2.25234e-05 3.78647e-06 9.25396e-07
scan charginogluino 400 1250 L4T0METV 0.00353475 0.000346819 0.000272199 0.00014842 0.000155444 0 0 3.39453e-12
scan charginogluino 400 1250 L4T1METV 0.000768548 0.000137127 0.000126523 2.18167e-05 4.45767e-05 1.47398e-05 1.07427e-05 9.23161e-09
scan charginogluino 400 1250 L4T2METV 0.000159531 5.99823e-05 5.65034e-05 2.17647e-06 1.51758e-05 9.32051e-06 9.12757e-06 9.50715e-08
scan charginogluino 400 1250 L4T0HTVZV 0.000111985 5.17829e-05 4.57893e-05 5.50166e-06 2.35487e-05 0 0 4.06251e-16
scan charginogluino 400 1250 L4T1HTVZV 8.71606e-05 4.37211e-05 4.35846e-05 2.54974e-06 2.97403e-07 8.44688e-07 2.14779e-06 1.0373e-10
scan charginogluino 400 1250 L4T2HTVZV 8.60804e-05 4.31129e-05 4.30487e-05 5.75141e-07 4.87721e-07 2.22825e-06 0 2.60974e-08
scan charginogluino 400 1250 L4T0HTV 0.000139923 5.62811e-05 5.30801e-05 4.01142e-06 1.8275e-05 0 0 7.52133e-14
scan charginogluino 400 1250 L4T1HTV 6.20701e-05 3.58564e-05 3.58373e-05 0 8.5707e-07 7.9823e-07 0 0
scan charginogluino 400 1250 L4T2HTV 0 2.58666e-07 2.58666e-07 0 0 0 0 0
scan charginogluino 400 1250 L4T0ZV 0.000501696 0.000108543 0.000102479 2.29545e-05 2.74363e-05 0 0 4.64919e-12
scan charginogluino 400 1250 L4T1ZV 0.000327299 8.49087e-05 8.1892e-05 1.65216e-05 1.01168e-05 9.34759e-06 6.36393e-06 8.27018e-09
scan charginogluino 400 1250 L4T2ZV 0.000144424 5.61248e-05 5.46557e-05 6.19911e-06 1.67198e-07 1.01697e-05 4.56378e-06 2.01435e-07
scan charginogluino 400 1250 L4T0 0.000440513 9.9186e-05 9.61847e-05 2.2194e-05 9.68438e-06 0 0 2.07346e-12
scan charginogluino 400 1250 L4T1 7.94025e-05 4.01718e-05 3.97139e-05 2.96894e-06 8.24925e-07 5.20379e-06 0 4.43423e-11
scan charginogluino 400 1250 L4T2 0 2.58666e-07 2.58666e-07 0 0 0 0 0
scan charginogluino 400 1250 L3DY0T0METVHTV 0.00042005 9.4927e-05 9.39384e-05 1.26428e-05 5.18389e-06 0 0 3.06992e-09
scan charginogluino 400 1250 L3DY0T1METVHTV 0.00173373 0.000209494 0.000189253 3.10745e-05 6.74808e-05 3.33474e-05 3.78123e-05 3.17006e-06
scan charginogluino 400 1250 L3DY0T2METVHTV 0.00076556 0.00012907 0.000122591 3.77263e-06 2.16347e-06 3.72853e-05 0 1.48824e-05
scan charginogluino 400 1250 L3DY0T0METV 0.000318595 8.2547e-05 8.22734e-05 6.36927e-06 2.12662e-06 0 0 4.522e-10
scan charginogluino 400 1250 L3DY0T1METV 0.000865575 0.000140602 0.000133647 1.78061e-05 2.95054e-05 2.07256e-05 1.70192e-05 8.92356e-07
scan charginogluino 400 1250 L3DY0T2METV 0.000393689 9.01641e-05 8.80433e-05 2.01507e-06 1.08585e-06 1.77357e-05 0 7.62534e-06
scan charginogluino 400 1250 L3DY0T0HTV 4.14264e-05 2.93005e-05 2.92954e-05 2.696e-07 4.75087e-07 0 0 1.65054e-12
scan charginogluino 400 1250 L3DY0T1HTV 0.000100675 4.56293e-05 4.51621e-05 5.21463e-06 5.76315e-07 8.12236e-07 3.75155e-06 3.99392e-07
scan charginogluino 400 1250 L3DY0T2HTV 6.04024e-05 3.49305e-05 3.48738e-05 2.57511e-07 1.85001e-07 1.56356e-06 0 1.18918e-06
scan charginogluino 400 1250 L3DY0T0 2.0964e-05 2.09674e-05 2.09648e-05 2.696e-07 1.9254e-07 0 0 2.75089e-11
scan charginogluino 400 1250 L3DY0T1 6.32697e-05 3.6564e-05 3.653e-05 5.44057e-07 3.86371e-07 1.42676e-06 0 5.14964e-08
scan charginogluino 400 1250 L3DY0T2 4.03784e-05 2.85849e-05 2.85522e-05 0 1.85001e-07 1.04522e-06 0 8.59115e-07
scan charginogluino 400 1250 L3DY1T0METVHTVZV 0.00329237 0.000309571 0.00026211 9.4315e-05 0.000135043 0 0 8.29317e-08
scan charginogluino 400 1250 L3DY1T1METVHTVZV 0.00194399 0.00021299 0.000202705 3.24186e-05 9.07487e-06 3.97161e-05 3.95337e-05 1.35567e-06
scan charginogluino 400 1250 L3DY1T0METVHTV 0.00134237 0.000174803 0.000167854 4.76772e-05 1.04045e-05 0 0 2.52376e-08
scan charginogluino 400 1250 L3DY1T1METVHTV 0.00058858 0.000116336 0.000109417 2.01469e-05 2.98958e-05 1.51492e-05 5.58914e-06 1.25581e-06
scan charginogluino 400 1250 L3DY1T0METVZV 0.00116625 0.000164299 0.000155956 2.9599e-05 4.2378e-05 0 0 6.40087e-09
scan charginogluino 400 1250 L3DY1T1METVZV 0.000719458 0.000130309 0.000121674 1.82731e-05 1.36374e-05 3.52589e-05 2.02964e-05 9.76225e-07
scan charginogluino 400 1250 L3DY1T0METV 0.000505171 0.00010523 0.000103262 1.18494e-05 1.64237e-05 0 0 5.89946e-10
scan charginogluino 400 1250 L3DY1T1METV 0.000184834 6.3922e-05 6.16374e-05 3.15655e-06 5.77621e-07 1.64865e-05 2.17323e-06 1.57512e-07
scan charginogluino 400 1250 L3DY1T0HTVZV 0.000201811 6.6583e-05 6.39497e-05 3.31228e-06 1.82416e-05 0 0 3.19425e-10
scan charginogluino 400 1250 L3DY1T1HTVZV 0.000106598 4.77615e-05 4.76826e-05 1.13137e-06 5.77621e-07 1.09139e-06 2.17323e-06 7.08571e-08
scan charginogluino 400 1250 L3DY1T0HTV 6.30653e-05 3.65981e-05 3.64111e-05 3.68974e-06 1.9254e-07 0 0 6.88924e-10
scan charginogluino 400 1250 L3DY1T1HTV 4.26963e-05 3.02812e-05 3.01961e-05 5.62555e-07 1.9254e-07 2.696e-07 2.17323e-06 1.64819e-08
scan charginogluino 400 1250 L3DY1T0ZV 0.000272152 7.69907e-05 7.55823e-05 6.65942e-06 1.30593e-05 0 0 7.43292e-10
scan charginogluino 400 1250 L3DY1T1ZV 8.66444e-05 4.34265e-05 4.33303e-05 1.70018e-06 1.9254e-07 8.34779e-07 2.17323e-06 4.52338e-08
scan charginogluino 400 1250 L3DY1T0 6.34307e-05 3.66592e-05 3.66388e-05 1.1295e-06 4.75087e-07 0 0 8.8146e-11
scan charginogluino 400 1250 L3DY1T1 8.64138e-05 4.34647e-05 4.32192e-05 1.70018e-06 1.90422e-07 5.65179e-07 4.24656e-06 4.52088e-08
