550 500 0.00761444
scan 550 500 0 3.8076e-07 0 3.8076e-07 1.14228e-08 1.14228e-08 1.14228e-08 1.9038e-08 2.28456e-08 2.886e-07
scan 550 500 1 3.8076e-07 0 3.8076e-07 1.14228e-08 1.14228e-08 1.14228e-08 1.9038e-08 2.28456e-08 2.886e-07
scan 550 500 2 0 0 0 0 0 0 0 0 0
scan 550 500 3 0 0 0 0 0 0 0 0 0
scan 550 500 4 0 0 0 0 0 0 0 0 0
scan 550 500 5 0 0 0 0 0 0 0 0 0
scan 550 500 6 3.8076e-07 0 3.8076e-07 1.14228e-08 1.14228e-08 1.14228e-08 1.9038e-08 2.28456e-08 2.886e-07
scan 550 500 7 0 0 0 0 0 0 0 0 0
scan 550 500 8 0 0 0 0 0 0 0 0 0
scan 550 500 9 0 0 0 0 0 0 0 0 0
scan 550 500 10 0 0 0 0 0 0 0 0 0
scan 550 500 11 3.8076e-07 0 3.8076e-07 1.14228e-08 1.14228e-08 1.14228e-08 1.9038e-08 2.28456e-08 2.886e-07
scan 550 500 12 0 0 0 0 0 0 0 0 0
scan 550 500 13 0 0 0 0 0 0 0 0 0
scan 550 500 14 0 0 0 0 0 0 0 0 0
scan 550 500 15 0 0 0 0 0 0 0 0 0
scan 550 500 16 3.8076e-07 0 3.8076e-07 1.14228e-08 1.14228e-08 1.14228e-08 1.9038e-08 2.28456e-08 2.886e-07
scan 550 500 17 0 0 0 0 0 0 0 0 0
scan 550 500 18 0 0 0 0 0 0 0 0 0
scan 550 500 19 0 0 0 0 0 0 0 0 0
scan 550 500 20 0 0 0 0 0 0 0 0 0
scan 550 500 21 0 0 0 0 0 0 0 0 0
scan 550 500 22 0 0 0 0 0 0 0 0 0
scan 550 500 23 0 0 0 0 0 0 0 0 0
scan 550 500 24 0 0 0 0 0 0 0 0 0
scan 550 500 25 0 0 0 0 0 0 0 0 0
scan 550 500 26 0 0 0 0 0 0 0 0 0
scan 550 500 27 0 0 0 0 0 0 0 0 0
scan 550 500 28 0 0 0 0 0 0 0 0 0
scan 550 500 29 0 0 0 0 0 0 0 0 0
scan 550 500 30 0 0 0 0 0 0 0 0 0
scan 550 500 31 0 0 0 0 0 0 0 0 0
scan 550 500 32 0 0 0 0 0 0 0 0 0
scan 550 500 33 0 0 0 0 0 0 0 0 0
scan 550 500 34 0 0 0 0 0 0 0 0 0
scan 550 500 35 0 0 0 0 0 0 0 0 0
scan 550 500 36 0 0 0 0 0 0 0 0 0
scan 550 500 37 0 0 0 0 0 0 0 0 0
scan 550 500 38 0 0 0 0 0 0 0 0 0
scan 550 500 39 0 0 0 0 0 0 0 0 0
scan 550 500 40 0 0 0 0 0 0 0 0 0
scan 550 500 41 0 0 0 0 0 0 0 0 0
scan 550 500 42 0 0 0 0 0 0 0 0 0
scan 550 500 43 0 0 0 0 0 0 0 0 0
scan 550 500 44 0 0 0 0 0 0 0 0 0
scan 550 500 45 0 0 0 0 0 0 0 0 0
scan 550 500 46 0 0 0 0 0 0 0 0 0
scan 550 500 47 0 0 0 0 0 0 0 0 0
scan 550 500 48 0 0 0 0 0 0 0 0 0
scan 550 500 49 0 0 0 0 0 0 0 0 0
scan 550 500 50 0 0 0 0 0 0 0 0 0
scan 550 500 51 0 0 0 0 0 0 0 0 0
scan 550 500 52 0 0 0 0 0 0 0 0 0
scan 550 500 53 0 0 0 0 0 0 0 0 0
scan 550 500 54 0 0 0 0 0 0 0 0 0
scan 550 500 55 0 0 0 0 0 0 0 0 0
scan 550 500 56 0 0 0 0 0 0 0 0 0
scan 550 500 57 0 0 0 0 0 0 0 0 0
scan 550 500 58 0 0 0 0 0 0 0 0 0
scan 550 500 59 0 0 0 0 0 0 0 0 0
scan 550 500 60 0 0 0 0 0 0 0 0
scan 550 500 61 0 0 0 0 0 0 0 0
scan 550 500 62 0 0 0 0 0 0 0 0
scan 550 500 63 0 0 0 0 0 0 0 0
scan 550 500 64 0 0 0 0 0 0 0 0
scan 550 500 65 0 0 0 0 0 0 0 0
scan 550 500 66 0 0 0 0 0 0 0 0
scan 550 500 67 0 0 0 0 0 0 0 0
scan 550 500 68 0 0 0 0 0 0 0 0
scan 550 500 69 0 0 0 0 0 0 0 0
scan 550 500 70 0 0 0 0 0 0 0 0
scan 550 500 71 0 0 0 0 0 0 0 0
scan 550 500 72 0 0 0 0 0 0 0 0
scan 550 500 73 0 0 0 0 0 0 0 0
scan 550 500 74 0 0 0 0 0 0 0 0
scan 550 500 75 0 0 0 0 0 0 0 0 0
scan 550 500 76 3.8076e-07 0 3.8076e-07 1.14228e-08 1.14228e-08 1.14228e-08 1.9038e-08 2.28456e-08 2.886e-07
scan 550 500 77 0 0 0 0 0 0 0 0 0
scan 550 500 78 0 0 0 0 0 0 0 0 0
scan 550 500 79 0 0 0 0 0 0 0 0 0
scan 550 500 80 0 0 0 0 0 0 0 0 0
scan 550 500 81 0 0 0 0 0 0 0 0 0
scan 550 500 82 0 0 0 0 0 0 0 0 0
scan 550 500 83 0 0 0 0 0 0 0 0 0
scan 550 500 84 0 0 0 0 0 0 0 0 0
scan 550 500 85 0 0 0 0 0 0 0 0 0
scan 550 500 86 0 0 0 0 0 0 0 0 0
scan 550 500 87 0 0 0 0 0 0 0 0 0
scan 550 500 88 0 0 0 0 0 0 0 0 0
scan 550 500 89 0 0 0 0 0 0 0 0 0
scan 550 500 90 3.8076e-07 0 3.8076e-07 1.14228e-08 1.14228e-08 1.14228e-08 1.9038e-08 2.28456e-08 2.886e-07
scan 550 500 91 3.8076e-07 0 3.8076e-07 1.14228e-08 1.14228e-08 1.14228e-08 1.9038e-08 2.28456e-08 2.886e-07
scan 550 500 92 0 0 0 0 0 0 0 0 0
scan 550 500 93 0 0 0 0 0 0 0 0 0
scan 550 500 94 0 0 0 0 0 0 0 0 0
scan 550 500 95 0 0 0 0 0 0 0 0 0
scan 550 500 96 0 0 0 0 0 0 0 0 0
scan 550 500 97 0 0 0 0 0 0 0 0 0
scan 550 500 98 0 0 0 0 0 0 0 0 0
scan 550 500 99 3.8076e-07 0 3.8076e-07 1.14228e-08 1.14228e-08 1.14228e-08 1.9038e-08 2.28456e-08 2.886e-07
scan 550 500 100 0 0 0 0 0 0 0 0 0
scan 550 500 101 0 0 0 0 0 0 0 0 0
scan 550 500 102 0 0 0 0 0 0 0 0 0
scan 550 500 103 0 0 0 0 0 0 0 0 0
scan 550 500 104 0 0 0 0 0 0 0 0 0
scan 550 500 60 0 0 0 0 0 0 0 0
scan 550 500 61 0 0 0 0 0 0 0 0
scan 550 500 62 0 0 0 0 0 0 0 0
scan 550 500 63 0 0 0 0 0 0 0 0
scan 550 500 64 0 0 0 0 0 0 0 0
scan 550 500 65 0 0 0 0 0 0 0 0
scan 550 500 66 0 0 0 0 0 0 0 0
scan 550 500 67 0 0 0 0 0 0 0 0
scan 550 500 68 0 0 0 0 0 0 0 0
scan 550 500 69 0 0 0 0 0 0 0 0
scan 550 500 70 0 0 0 0 0 0 0 0
scan 550 500 71 0 0 0 0 0 0 0 0
scan 550 500 72 0 0 0 0 0 0 0 0
scan 550 500 73 0 0 0 0 0 0 0 0
scan 550 500 74 0 0 0 0 0 0 0 0
scan 550 500 120 3.8076e-07 0 3.8076e-07 1.14228e-08 1.14228e-08 1.14228e-08 1.9038e-08 2.28456e-08 2.886e-07
scan 550 500 121 0 0 0 0 0 0 0 0 0
scan 550 500 122 0 0 0 0 0 0 0 0 0
scan 550 500 123 0 0 0 0 0 0 0 0 0
scan 550 500 124 0 0 0 0 0 0 0 0 0
scan 550 500 125 0 0 0 0 0 0 0 0 0
scan 550 500 126 0 0 0 0 0 0 0 0 0
scan 550 500 127 0 0 0 0 0 0 0 0 0
scan 550 500 128 0 0 0 0 0 0 0 0 0
scan 550 500 129 0 0 0 0 0 0 0 0 0
scan 550 500 130 0 0 0 0 0 0 0 0 0
scan 550 500 131 0 0 0 0 0 0 0 0 0
scan 550 500 132 0 0 0 0 0 0 0 0 0
scan 550 500 133 0 0 0 0 0 0 0 0 0
scan 550 500 134 0 0 0 0 0 0 0 0 0
scan 550 500 135 3.8076e-07 0 3.8076e-07 1.14228e-08 1.14228e-08 1.14228e-08 1.9038e-08 2.28456e-08 2.886e-07
scan 550 500 136 0 0 0 0 0 0 0 0 0
scan 550 500 137 0 0 0 0 0 0 0 0 0
scan 550 500 138 3.8076e-07 0 3.8076e-07 1.14228e-08 1.14228e-08 1.14228e-08 1.9038e-08 2.28456e-08 2.886e-07
scan 550 500 139 0 0 0 0 0 0 0 0 0
scan 550 500 140 0 0 0 0 0 0 0 0 0
scan 550 500 141 0 0 0 0 0 0 0 0 0
scan 550 500 142 0 0 0 0 0 0 0 0 0
scan 550 500 143 0 0 0 0 0 0 0 0 0
scan 550 500 144 0 0 0 0 0 0 0 0 0
scan 550 500 145 0 0 0 0 0 0 0 0 0
scan 550 500 146 0 0 0 0 0 0 0 0 0
scan 550 500 147 0 0 0 0 0 0 0 0 0
scan 550 500 148 0 0 0 0 0 0 0 0 0
scan 550 500 149 0 0 0 0 0 0 0 0 0
scan 550 500 60 0 0 0 0 0 0 0 0
scan 550 500 61 0 0 0 0 0 0 0 0
scan 550 500 62 0 0 0 0 0 0 0 0
scan 550 500 63 0 0 0 0 0 0 0 0
scan 550 500 64 0 0 0 0 0 0 0 0
scan 550 500 65 0 0 0 0 0 0 0 0
scan 550 500 66 0 0 0 0 0 0 0 0
scan 550 500 67 0 0 0 0 0 0 0 0
scan 550 500 68 0 0 0 0 0 0 0 0
scan 550 500 69 0 0 0 0 0 0 0 0
scan 550 500 70 0 0 0 0 0 0 0 0
scan 550 500 71 0 0 0 0 0 0 0 0
scan 550 500 72 0 0 0 0 0 0 0 0
scan 550 500 73 0 0 0 0 0 0 0 0
scan 550 500 74 0 0 0 0 0 0 0 0
scan 550 500 165 0 0 0 0 0 0 0 0 0
scan 550 500 166 0 0 0 0 0 0 0 0 0
scan 550 500 167 0 0 0 0 0 0 0 0 0
scan 550 500 168 0 0 0 0 0 0 0 0 0
scan 550 500 169 0 0 0 0 0 0 0 0 0
scan 550 500 170 0 0 0 0 0 0 0 0 0
scan 550 500 171 0 0 0 0 0 0 0 0 0
scan 550 500 172 0 0 0 0 0 0 0 0 0
scan 550 500 173 0 0 0 0 0 0 0 0 0
scan 550 500 174 0 0 0 0 0 0 0 0 0
scan 550 500 175 0 0 0 0 0 0 0 0 0
scan 550 500 176 0 0 0 0 0 0 0 0 0
scan 550 500 177 0 0 0 0 0 0 0 0 0
scan 550 500 178 0 0 0 0 0 0 0 0 0
scan 550 500 179 0 0 0 0 0 0 0 0 0
