950 450 0.000189909
scan 950 450 0 4.74796e-08 0 2.12335e-08 1.42439e-09 1.42439e-09 1.42439e-09 2.37398e-09 2.84878e-09 3.72905e-08
scan 950 450 1 8.54633e-08 0 2.84878e-08 2.5639e-09 2.5639e-09 2.5639e-09 4.27317e-09 5.1278e-09 6.7123e-08
scan 950 450 2 8.54633e-08 0 2.84878e-08 2.5639e-09 2.5639e-09 2.5639e-09 4.27317e-09 5.1278e-09 6.7123e-08
scan 950 450 3 1.80423e-07 0 4.13918e-08 5.41268e-09 5.41268e-09 5.41268e-09 9.02113e-09 1.08254e-08 1.41704e-07
scan 950 450 4 6.74211e-07 0 8.00141e-08 2.02263e-08 2.02263e-08 2.02263e-08 3.37105e-08 4.04526e-08 5.29526e-07
scan 950 450 5 9.49593e-09 0 9.49593e-09 2.84878e-10 2.84878e-10 2.84878e-10 4.74796e-10 5.69756e-10 7.45811e-09
scan 950 450 6 8.54633e-08 0 2.84878e-08 2.5639e-09 2.5639e-09 2.5639e-09 4.27317e-09 5.1278e-09 6.7123e-08
scan 950 450 7 9.49593e-09 0 9.49593e-09 2.84878e-10 2.84878e-10 2.84878e-10 4.74796e-10 5.69756e-10 7.45811e-09
scan 950 450 8 1.89919e-08 0 1.34293e-08 5.69756e-10 5.69756e-10 5.69756e-10 9.49593e-10 1.13951e-09 1.49162e-08
scan 950 450 9 2.46894e-07 0 4.84199e-08 7.40682e-09 7.40682e-09 7.40682e-09 1.23447e-08 1.48136e-08 1.93911e-07
scan 950 450 10 1.89919e-08 0 1.34293e-08 5.69756e-10 5.69756e-10 5.69756e-10 9.49593e-10 1.13951e-09 1.49162e-08
scan 950 450 11 1.04455e-07 0 3.14944e-08 3.13366e-09 3.13366e-09 3.13366e-09 5.22276e-09 6.26731e-09 8.20392e-08
scan 950 450 12 2.5639e-07 0 4.93423e-08 7.6917e-09 7.6917e-09 7.6917e-09 1.28195e-08 1.53834e-08 2.01369e-07
scan 950 450 13 6.07739e-07 0 7.59674e-08 1.82322e-08 1.82322e-08 1.82322e-08 3.0387e-08 3.64644e-08 4.77319e-07
scan 950 450 14 4.52006e-06 0 2.07177e-07 1.35602e-07 1.35602e-07 1.35602e-07 2.26003e-07 2.71204e-07 3.55006e-06
scan 950 450 15 3.79837e-08 0 1.89919e-08 1.13951e-09 1.13951e-09 1.13951e-09 1.89919e-09 2.27902e-09 2.98324e-08
scan 950 450 16 1.61431e-07 0 3.91527e-08 4.84292e-09 4.84292e-09 4.84292e-09 8.07154e-09 9.68585e-09 1.26788e-07
scan 950 450 17 1.99414e-07 0 4.35158e-08 5.98243e-09 5.98243e-09 5.98243e-09 9.97072e-09 1.19649e-08 1.5662e-07
scan 950 450 18 1.61431e-07 0 3.91527e-08 4.84292e-09 4.84292e-09 4.84292e-09 8.07154e-09 9.68585e-09 1.26788e-07
scan 950 450 19 9.97072e-07 0 9.73043e-08 2.99122e-08 2.99122e-08 2.99122e-08 4.98536e-08 5.98243e-08 7.83101e-07
scan 950 450 20 0 0 0 0 0 0 0 0 0
scan 950 450 21 2.84878e-08 0 1.64474e-08 8.54633e-10 8.54633e-10 8.54633e-10 1.42439e-09 1.70927e-09 2.23743e-08
scan 950 450 22 3.79837e-08 0 1.89919e-08 1.13951e-09 1.13951e-09 1.13951e-09 1.89919e-09 2.27902e-09 2.98324e-08
scan 950 450 23 6.64715e-08 0 2.51239e-08 1.99414e-09 1.99414e-09 1.99414e-09 3.32357e-09 3.98829e-09 5.22067e-08
scan 950 450 24 3.60845e-07 0 5.85368e-08 1.08254e-08 1.08254e-08 1.08254e-08 1.80423e-08 2.16507e-08 2.83408e-07
scan 950 450 25 2.84878e-08 0 1.64474e-08 8.54633e-10 8.54633e-10 8.54633e-10 1.42439e-09 1.70927e-09 2.23743e-08
scan 950 450 26 1.13951e-07 0 3.28949e-08 3.41853e-09 3.41853e-09 3.41853e-09 5.69756e-09 6.83707e-09 8.94973e-08
scan 950 450 27 1.42439e-07 0 3.67776e-08 4.27317e-09 4.27317e-09 4.27317e-09 7.12195e-09 8.54633e-09 1.11872e-07
scan 950 450 28 2.37398e-07 0 4.74796e-08 7.12195e-09 7.12195e-09 7.12195e-09 1.18699e-08 1.42439e-08 1.86453e-07
scan 950 450 29 2.92475e-06 0 1.66653e-07 8.77424e-08 8.77424e-08 8.77424e-08 1.46237e-07 1.75485e-07 2.2971e-06
scan 950 450 30 2.27902e-07 0 4.65204e-08 6.83707e-09 6.83707e-09 6.83707e-09 1.13951e-08 1.36741e-08 1.78995e-07
scan 950 450 31 6.07739e-07 0 7.59674e-08 1.82322e-08 1.82322e-08 1.82322e-08 3.0387e-08 3.64644e-08 4.77319e-07
scan 950 450 32 8.26146e-07 0 8.85721e-08 2.47844e-08 2.47844e-08 2.47844e-08 4.13073e-08 4.95687e-08 6.48855e-07
scan 950 450 33 1.18699e-06 0 1.06168e-07 3.56097e-08 3.56097e-08 3.56097e-08 5.93495e-08 7.12195e-08 9.32263e-07
scan 950 450 34 7.44481e-06 0 2.65886e-07 2.23344e-07 2.23344e-07 2.23344e-07 3.7224e-07 4.46688e-07 5.84716e-06
scan 950 450 35 7.59674e-08 0 2.68585e-08 2.27902e-09 2.27902e-09 2.27902e-09 3.79837e-09 4.55804e-09 5.96648e-08
scan 950 450 36 1.51935e-07 0 3.79837e-08 4.55804e-09 4.55804e-09 4.55804e-09 7.59674e-09 9.11609e-09 1.1933e-07
scan 950 450 37 2.27902e-07 0 4.65204e-08 6.83707e-09 6.83707e-09 6.83707e-09 1.13951e-08 1.36741e-08 1.78995e-07
scan 950 450 38 3.70341e-07 0 5.9302e-08 1.11102e-08 1.11102e-08 1.11102e-08 1.85171e-08 2.22205e-08 2.90866e-07
scan 950 450 39 2.43096e-06 0 1.51935e-07 7.29287e-08 7.29287e-08 7.29287e-08 1.21548e-07 1.45857e-07 1.90928e-06
scan 950 450 40 1.80423e-07 0 4.13918e-08 5.41268e-09 5.41268e-09 5.41268e-09 9.02113e-09 1.08254e-08 1.41704e-07
scan 950 450 41 6.64715e-07 0 7.94486e-08 1.99414e-08 1.99414e-08 1.99414e-08 3.32357e-08 3.98829e-08 5.22067e-07
scan 950 450 42 1.01606e-06 0 9.82266e-08 3.04819e-08 3.04819e-08 3.04819e-08 5.08032e-08 6.09639e-08 7.98017e-07
scan 950 450 43 1.53834e-06 0 1.20863e-07 4.61502e-08 4.61502e-08 4.61502e-08 7.6917e-08 9.23004e-08 1.20821e-06
scan 950 450 44 2.04352e-05 0 4.40513e-07 6.13057e-07 6.13057e-07 6.13057e-07 1.02176e-06 1.22611e-06 1.60498e-05
scan 950 450 45 2.84878e-08 0 1.64474e-08 8.54633e-10 8.54633e-10 8.54633e-10 1.42439e-09 1.70927e-09 2.23743e-08
scan 950 450 46 9.49593e-09 0 9.49593e-09 2.84878e-10 2.84878e-10 2.84878e-10 4.74796e-10 5.69756e-10 7.45811e-09
scan 950 450 47 9.49593e-09 0 9.49593e-09 2.84878e-10 2.84878e-10 2.84878e-10 4.74796e-10 5.69756e-10 7.45811e-09
scan 950 450 48 9.49593e-09 0 9.49593e-09 2.84878e-10 2.84878e-10 2.84878e-10 4.74796e-10 5.69756e-10 7.45811e-09
scan 950 450 49 0 0 0 0 0 0 0 0 0
scan 950 450 50 0 0 0 0 0 0 0 0 0
scan 950 450 51 0 0 0 0 0 0 0 0 0
scan 950 450 52 9.49593e-09 0 9.49593e-09 2.84878e-10 2.84878e-10 2.84878e-10 4.74796e-10 5.69756e-10 7.45811e-09
scan 950 450 53 0 0 0 0 0 0 0 0 0
scan 950 450 54 0 0 0 0 0 0 0 0 0
scan 950 450 55 0 0 0 0 0 0 0 0 0
scan 950 450 56 0 0 0 0 0 0 0 0 0
scan 950 450 57 3.79837e-08 0 1.89919e-08 1.13951e-09 1.13951e-09 1.13951e-09 1.89919e-09 2.27902e-09 2.98324e-08
scan 950 450 58 9.49593e-09 0 9.49593e-09 2.84878e-10 2.84878e-10 2.84878e-10 4.74796e-10 5.69756e-10 7.45811e-09
scan 950 450 59 1.13951e-07 0 3.28949e-08 3.41853e-09 3.41853e-09 3.41853e-09 5.69756e-09 6.83707e-09 8.94973e-08
scan 950 450 60 0 0 0 0 0 0 0 0
scan 950 450 61 0 0 0 0 0 0 0 0
scan 950 450 62 0 0 0 0 0 0 0 0
scan 950 450 63 0 0 0 0 0 0 0 0
scan 950 450 64 0 0 0 0 0 0 0 0
scan 950 450 65 0 0 0 0 0 0 0 0
scan 950 450 66 0 0 0 0 0 0 0 0
scan 950 450 67 0 0 0 0 0 0 0 0
scan 950 450 68 0 0 0 0 0 0 0 0
scan 950 450 69 0 0 0 0 0 0 0 0
scan 950 450 70 0 0 0 0 0 0 0 0
scan 950 450 71 0 0 0 0 0 0 0 0
scan 950 450 72 0 0 0 0 0 0 0 0
scan 950 450 73 0 0 0 0 0 0 0 0
scan 950 450 74 0 0 0 0 0 0 0 0
scan 950 450 75 0 0 0 0 0 0 0 0 0
scan 950 450 76 9.49593e-09 0 9.49593e-09 2.84878e-10 2.84878e-10 2.84878e-10 4.74796e-10 5.69756e-10 7.45811e-09
scan 950 450 77 9.49593e-09 0 9.49593e-09 2.84878e-10 2.84878e-10 2.84878e-10 4.74796e-10 5.69756e-10 7.45811e-09
scan 950 450 78 0 0 0 0 0 0 0 0 0
scan 950 450 79 1.89919e-08 0 1.34293e-08 5.69756e-10 5.69756e-10 5.69756e-10 9.49593e-10 1.13951e-09 1.49162e-08
scan 950 450 80 0 0 0 0 0 0 0 0 0
scan 950 450 81 0 0 0 0 0 0 0 0 0
scan 950 450 82 9.49593e-09 0 9.49593e-09 2.84878e-10 2.84878e-10 2.84878e-10 4.74796e-10 5.69756e-10 7.45811e-09
scan 950 450 83 0 0 0 0 0 0 0 0 0
scan 950 450 84 0 0 0 0 0 0 0 0 0
scan 950 450 85 0 0 0 0 0 0 0 0 0
scan 950 450 86 0 0 0 0 0 0 0 0 0
scan 950 450 87 0 0 0 0 0 0 0 0 0
scan 950 450 88 0 0 0 0 0 0 0 0 0
scan 950 450 89 1.04455e-07 0 3.14944e-08 3.13366e-09 3.13366e-09 3.13366e-09 5.22276e-09 6.26731e-09 8.20392e-08
scan 950 450 90 6.64715e-08 0 2.51239e-08 1.99414e-09 1.99414e-09 1.99414e-09 3.32357e-09 3.98829e-09 5.22067e-08
scan 950 450 91 5.69756e-08 0 2.32602e-08 1.70927e-09 1.70927e-09 1.70927e-09 2.84878e-09 3.41853e-09 4.47486e-08
scan 950 450 92 2.84878e-08 0 1.64474e-08 8.54633e-10 8.54633e-10 8.54633e-10 1.42439e-09 1.70927e-09 2.23743e-08
scan 950 450 93 1.89919e-08 0 1.34293e-08 5.69756e-10 5.69756e-10 5.69756e-10 9.49593e-10 1.13951e-09 1.49162e-08
scan 950 450 94 9.49593e-09 0 9.49593e-09 2.84878e-10 2.84878e-10 2.84878e-10 4.74796e-10 5.69756e-10 7.45811e-09
scan 950 450 95 0 0 0 0 0 0 0 0 0
scan 950 450 96 9.49593e-09 0 9.49593e-09 2.84878e-10 2.84878e-10 2.84878e-10 4.74796e-10 5.69756e-10 7.45811e-09
scan 950 450 97 0 0 0 0 0 0 0 0 0
scan 950 450 98 9.49593e-09 0 9.49593e-09 2.84878e-10 2.84878e-10 2.84878e-10 4.74796e-10 5.69756e-10 7.45811e-09
scan 950 450 99 0 0 0 0 0 0 0 0 0
scan 950 450 100 0 0 0 0 0 0 0 0 0
scan 950 450 101 2.84878e-08 0 1.64474e-08 8.54633e-10 8.54633e-10 8.54633e-10 1.42439e-09 1.70927e-09 2.23743e-08
scan 950 450 102 7.59674e-08 0 2.68585e-08 2.27902e-09 2.27902e-09 2.27902e-09 3.79837e-09 4.55804e-09 5.96648e-08
scan 950 450 103 3.79837e-08 0 1.89919e-08 1.13951e-09 1.13951e-09 1.13951e-09 1.89919e-09 2.27902e-09 2.98324e-08
scan 950 450 104 2.18406e-07 0 4.55409e-08 6.55219e-09 6.55219e-09 6.55219e-09 1.09203e-08 1.31044e-08 1.71536e-07
scan 950 450 60 0 0 0 0 0 0 0 0
scan 950 450 61 0 0 0 0 0 0 0 0
scan 950 450 62 0 0 0 0 0 0 0 0
scan 950 450 63 0 0 0 0 0 0 0 0
scan 950 450 64 0 0 0 0 0 0 0 0
scan 950 450 65 0 0 0 0 0 0 0 0
scan 950 450 66 0 0 0 0 0 0 0 0
scan 950 450 67 0 0 0 0 0 0 0 0
scan 950 450 68 0 0 0 0 0 0 0 0
scan 950 450 69 0 0 0 0 0 0 0 0
scan 950 450 70 0 0 0 0 0 0 0 0
scan 950 450 71 0 0 0 0 0 0 0 0
scan 950 450 72 0 0 0 0 0 0 0 0
scan 950 450 73 0 0 0 0 0 0 0 0
scan 950 450 74 0 0 0 0 0 0 0 0
scan 950 450 120 0 0 0 0 0 0 0 0 0
scan 950 450 121 9.49593e-09 0 9.49593e-09 2.84878e-10 2.84878e-10 2.84878e-10 4.74796e-10 5.69756e-10 7.45811e-09
scan 950 450 122 9.49593e-09 0 9.49593e-09 2.84878e-10 2.84878e-10 2.84878e-10 4.74796e-10 5.69756e-10 7.45811e-09
scan 950 450 123 9.49593e-09 0 9.49593e-09 2.84878e-10 2.84878e-10 2.84878e-10 4.74796e-10 5.69756e-10 7.45811e-09
scan 950 450 124 1.89919e-08 0 1.34293e-08 5.69756e-10 5.69756e-10 5.69756e-10 9.49593e-10 1.13951e-09 1.49162e-08
scan 950 450 125 0 0 0 0 0 0 0 0 0
scan 950 450 126 0 0 0 0 0 0 0 0 0
scan 950 450 127 0 0 0 0 0 0 0 0 0
scan 950 450 128 0 0 0 0 0 0 0 0 0
scan 950 450 129 1.89919e-08 0 1.34293e-08 5.69756e-10 5.69756e-10 5.69756e-10 9.49593e-10 1.13951e-09 1.49162e-08
scan 950 450 130 9.49593e-09 0 9.49593e-09 2.84878e-10 2.84878e-10 2.84878e-10 4.74796e-10 5.69756e-10 7.45811e-09
scan 950 450 131 0 0 0 0 0 0 0 0 0
scan 950 450 132 9.49593e-09 0 9.49593e-09 2.84878e-10 2.84878e-10 2.84878e-10 4.74796e-10 5.69756e-10 7.45811e-09
scan 950 450 133 1.89919e-08 0 1.34293e-08 5.69756e-10 5.69756e-10 5.69756e-10 9.49593e-10 1.13951e-09 1.49162e-08
scan 950 450 134 2.46894e-07 0 4.84199e-08 7.40682e-09 7.40682e-09 7.40682e-09 1.23447e-08 1.48136e-08 1.93911e-07
scan 950 450 135 0 0 0 0 0 0 0 0 0
scan 950 450 136 0 0 0 0 0 0 0 0 0
scan 950 450 137 9.49593e-09 0 9.49593e-09 2.84878e-10 2.84878e-10 2.84878e-10 4.74796e-10 5.69756e-10 7.45811e-09
scan 950 450 138 1.89919e-08 0 1.34293e-08 5.69756e-10 5.69756e-10 5.69756e-10 9.49593e-10 1.13951e-09 1.49162e-08
scan 950 450 139 4.74796e-08 0 2.12335e-08 1.42439e-09 1.42439e-09 1.42439e-09 2.37398e-09 2.84878e-09 3.72905e-08
scan 950 450 140 0 0 0 0 0 0 0 0 0
scan 950 450 141 0 0 0 0 0 0 0 0 0
scan 950 450 142 0 0 0 0 0 0 0 0 0
scan 950 450 143 0 0 0 0 0 0 0 0 0
scan 950 450 144 0 0 0 0 0 0 0 0 0
scan 950 450 145 0 0 0 0 0 0 0 0 0
scan 950 450 146 0 0 0 0 0 0 0 0 0
scan 950 450 147 3.79837e-08 0 1.89919e-08 1.13951e-09 1.13951e-09 1.13951e-09 1.89919e-09 2.27902e-09 2.98324e-08
scan 950 450 148 1.89919e-08 0 1.34293e-08 5.69756e-10 5.69756e-10 5.69756e-10 9.49593e-10 1.13951e-09 1.49162e-08
scan 950 450 149 1.13951e-07 0 3.28949e-08 3.41853e-09 3.41853e-09 3.41853e-09 5.69756e-09 6.83707e-09 8.94973e-08
scan 950 450 60 0 0 0 0 0 0 0 0
scan 950 450 61 0 0 0 0 0 0 0 0
scan 950 450 62 0 0 0 0 0 0 0 0
scan 950 450 63 0 0 0 0 0 0 0 0
scan 950 450 64 0 0 0 0 0 0 0 0
scan 950 450 65 0 0 0 0 0 0 0 0
scan 950 450 66 0 0 0 0 0 0 0 0
scan 950 450 67 0 0 0 0 0 0 0 0
scan 950 450 68 0 0 0 0 0 0 0 0
scan 950 450 69 0 0 0 0 0 0 0 0
scan 950 450 70 0 0 0 0 0 0 0 0
scan 950 450 71 0 0 0 0 0 0 0 0
scan 950 450 72 0 0 0 0 0 0 0 0
scan 950 450 73 0 0 0 0 0 0 0 0
scan 950 450 74 0 0 0 0 0 0 0 0
scan 950 450 165 0 0 0 0 0 0 0 0 0
scan 950 450 166 1.89919e-08 0 1.34293e-08 5.69756e-10 5.69756e-10 5.69756e-10 9.49593e-10 1.13951e-09 1.49162e-08
scan 950 450 167 2.84878e-08 0 1.64474e-08 8.54633e-10 8.54633e-10 8.54633e-10 1.42439e-09 1.70927e-09 2.23743e-08
scan 950 450 168 3.79837e-08 0 1.89919e-08 1.13951e-09 1.13951e-09 1.13951e-09 1.89919e-09 2.27902e-09 2.98324e-08
scan 950 450 169 1.04455e-07 0 3.14944e-08 3.13366e-09 3.13366e-09 3.13366e-09 5.22276e-09 6.26731e-09 8.20392e-08
scan 950 450 170 0 0 0 0 0 0 0 0 0
scan 950 450 171 0 0 0 0 0 0 0 0 0
scan 950 450 172 9.49593e-09 0 9.49593e-09 2.84878e-10 2.84878e-10 2.84878e-10 4.74796e-10 5.69756e-10 7.45811e-09
scan 950 450 173 0 0 0 0 0 0 0 0 0
scan 950 450 174 4.74796e-08 0 2.12335e-08 1.42439e-09 1.42439e-09 1.42439e-09 2.37398e-09 2.84878e-09 3.72905e-08
scan 950 450 175 0 0 0 0 0 0 0 0 0
scan 950 450 176 0 0 0 0 0 0 0 0 0
scan 950 450 177 0 0 0 0 0 0 0 0 0
scan 950 450 178 9.49593e-09 0 9.49593e-09 2.84878e-10 2.84878e-10 2.84878e-10 4.74796e-10 5.69756e-10 7.45811e-09
scan 950 450 179 5.69756e-08 0 2.32602e-08 1.70927e-09 1.70927e-09 1.70927e-09 2.84878e-09 3.41853e-09 4.47486e-08
