600 400 0.00474287
scan 600 400 0 5.27044e-06 0 1.17851e-06 1.58113e-07 1.58113e-07 1.58113e-07 2.63522e-07 3.16227e-07 4.02395e-06
scan 600 400 1 8.69623e-06 0 1.51382e-06 2.60887e-07 2.60887e-07 2.60887e-07 4.34812e-07 5.21774e-07 6.63951e-06
scan 600 400 2 8.95975e-06 0 1.53659e-06 2.68793e-07 2.68793e-07 2.68793e-07 4.47988e-07 5.37585e-07 6.84071e-06
scan 600 400 3 8.16919e-06 0 1.46723e-06 2.45076e-07 2.45076e-07 2.45076e-07 4.08459e-07 4.90151e-07 6.23712e-06
scan 600 400 4 1.44937e-05 0 1.95433e-06 4.34812e-07 4.34812e-07 4.34812e-07 7.24686e-07 8.69623e-07 1.10658e-05
scan 600 400 5 5.27044e-07 0 3.72677e-07 1.58113e-08 1.58113e-08 1.58113e-08 2.63522e-08 3.16227e-08 4.02395e-07
scan 600 400 6 2.10818e-06 0 7.45353e-07 6.32453e-08 6.32453e-08 6.32453e-08 1.05409e-07 1.26491e-07 1.60958e-06
scan 600 400 7 1.58113e-06 0 6.45495e-07 4.7434e-08 4.7434e-08 4.7434e-08 7.90567e-08 9.4868e-08 1.20718e-06
scan 600 400 8 1.58113e-06 0 6.45495e-07 4.7434e-08 4.7434e-08 4.7434e-08 7.90567e-08 9.4868e-08 1.20718e-06
scan 600 400 9 3.16227e-06 0 9.12868e-07 9.4868e-08 9.4868e-08 9.4868e-08 1.58113e-07 1.89736e-07 2.41437e-06
scan 600 400 10 1.05409e-06 0 5.27044e-07 3.16227e-08 3.16227e-08 3.16227e-08 5.27044e-08 6.32453e-08 8.04789e-07
scan 600 400 11 7.1151e-06 0 1.3693e-06 2.13453e-07 2.13453e-07 2.13453e-07 3.55755e-07 4.26906e-07 5.43233e-06
scan 600 400 12 1.47572e-05 0 1.97202e-06 4.42717e-07 4.42717e-07 4.42717e-07 7.37862e-07 8.85434e-07 1.1267e-05
scan 600 400 13 1.73925e-05 0 2.14086e-06 5.21774e-07 5.21774e-07 5.21774e-07 8.69623e-07 1.04355e-06 1.3279e-05
scan 600 400 14 4.55893e-05 0 3.46609e-06 1.36768e-06 1.36768e-06 1.36768e-06 2.27947e-06 2.73536e-06 3.48071e-05
scan 600 400 15 1.05409e-05 0 1.66666e-06 3.16227e-07 3.16227e-07 3.16227e-07 5.27044e-07 6.32453e-07 8.04789e-06
scan 600 400 16 1.73925e-05 0 2.14086e-06 5.21774e-07 5.21774e-07 5.21774e-07 8.69623e-07 1.04355e-06 1.3279e-05
scan 600 400 17 2.4244e-05 0 2.52762e-06 7.27321e-07 7.27321e-07 7.27321e-07 1.2122e-06 1.45464e-06 1.85101e-05
scan 600 400 18 1.2122e-05 0 1.78729e-06 3.63661e-07 3.63661e-07 3.63661e-07 6.06101e-07 7.27321e-07 9.25507e-06
scan 600 400 19 1.34396e-05 0 1.88192e-06 4.03189e-07 4.03189e-07 4.03189e-07 6.71982e-07 8.06378e-07 1.02611e-05
scan 600 400 20 2.10818e-06 0 7.45353e-07 6.32453e-08 6.32453e-08 6.32453e-08 1.05409e-07 1.26491e-07 1.60958e-06
scan 600 400 21 4.47988e-06 0 1.08653e-06 1.34396e-07 1.34396e-07 1.34396e-07 2.23994e-07 2.68793e-07 3.42035e-06
scan 600 400 22 2.63522e-06 0 8.3333e-07 7.90567e-08 7.90567e-08 7.90567e-08 1.31761e-07 1.58113e-07 2.01197e-06
scan 600 400 23 1.31761e-06 0 5.89253e-07 3.95283e-08 3.95283e-08 3.95283e-08 6.58805e-08 7.90567e-08 1.00599e-06
scan 600 400 24 1.05409e-06 0 5.27044e-07 3.16227e-08 3.16227e-08 3.16227e-08 5.27044e-08 6.32453e-08 8.04789e-07
scan 600 400 25 0 0 0 0 0 0 0 0 0
scan 600 400 26 1.2122e-05 0 1.78729e-06 3.63661e-07 3.63661e-07 3.63661e-07 6.06101e-07 7.27321e-07 9.25507e-06
scan 600 400 27 1.97642e-05 0 2.28217e-06 5.92925e-07 5.92925e-07 5.92925e-07 9.88208e-07 1.18585e-06 1.50898e-05
scan 600 400 28 2.79333e-05 0 2.71313e-06 8.38e-07 8.38e-07 8.38e-07 1.39667e-06 1.676e-06 2.13269e-05
scan 600 400 29 6.85158e-05 0 4.24917e-06 2.05547e-06 2.05547e-06 2.05547e-06 3.42579e-06 4.11095e-06 5.23113e-05
scan 600 400 30 2.63522e-07 0 2.63522e-07 7.90567e-09 7.90567e-09 7.90567e-09 1.31761e-08 1.58113e-08 2.01197e-07
scan 600 400 31 5.27044e-07 0 3.72677e-07 1.58113e-08 1.58113e-08 1.58113e-08 2.63522e-08 3.16227e-08 4.02395e-07
scan 600 400 32 1.05409e-06 0 5.27044e-07 3.16227e-08 3.16227e-08 3.16227e-08 5.27044e-08 6.32453e-08 8.04789e-07
scan 600 400 33 1.05409e-06 0 5.27044e-07 3.16227e-08 3.16227e-08 3.16227e-08 5.27044e-08 6.32453e-08 8.04789e-07
scan 600 400 34 2.89874e-06 0 8.74004e-07 8.69623e-08 8.69623e-08 8.69623e-08 1.44937e-07 1.73925e-07 2.21317e-06
scan 600 400 35 0 0 0 0 0 0 0 0 0
scan 600 400 36 0 0 0 0 0 0 0 0 0
scan 600 400 37 2.63522e-07 0 2.63522e-07 7.90567e-09 7.90567e-09 7.90567e-09 1.31761e-08 1.58113e-08 2.01197e-07
scan 600 400 38 0 0 0 0 0 0 0 0 0
scan 600 400 39 7.90567e-07 0 4.56434e-07 2.3717e-08 2.3717e-08 2.3717e-08 3.95283e-08 4.7434e-08 6.03592e-07
scan 600 400 40 0 0 0 0 0 0 0 0 0
scan 600 400 41 2.63522e-07 0 2.63522e-07 7.90567e-09 7.90567e-09 7.90567e-09 1.31761e-08 1.58113e-08 2.01197e-07
scan 600 400 42 5.27044e-07 0 3.72677e-07 1.58113e-08 1.58113e-08 1.58113e-08 2.63522e-08 3.16227e-08 4.02395e-07
scan 600 400 43 1.31761e-06 0 5.89253e-07 3.95283e-08 3.95283e-08 3.95283e-08 6.58805e-08 7.90567e-08 1.00599e-06
scan 600 400 44 3.95283e-06 0 1.02062e-06 1.18585e-07 1.18585e-07 1.18585e-07 1.97642e-07 2.3717e-07 3.01796e-06
scan 600 400 45 2.63522e-07 0 2.63522e-07 7.90567e-09 7.90567e-09 7.90567e-09 1.31761e-08 1.58113e-08 2.01197e-07
scan 600 400 46 2.63522e-07 0 2.63522e-07 7.90567e-09 7.90567e-09 7.90567e-09 1.31761e-08 1.58113e-08 2.01197e-07
scan 600 400 47 0 0 0 0 0 0 0 0 0
scan 600 400 48 0 0 0 0 0 0 0 0 0
scan 600 400 49 0 0 0 0 0 0 0 0 0
scan 600 400 50 2.63522e-07 0 2.63522e-07 7.90567e-09 7.90567e-09 7.90567e-09 1.31761e-08 1.58113e-08 2.01197e-07
scan 600 400 51 0 0 0 0 0 0 0 0 0
scan 600 400 52 0 0 0 0 0 0 0 0 0
scan 600 400 53 0 0 0 0 0 0 0 0 0
scan 600 400 54 0 0 0 0 0 0 0 0 0
scan 600 400 55 0 0 0 0 0 0 0 0 0
scan 600 400 56 0 0 0 0 0 0 0 0 0
scan 600 400 57 0 0 0 0 0 0 0 0 0
scan 600 400 58 0 0 0 0 0 0 0 0 0
scan 600 400 59 2.63522e-07 0 2.63522e-07 7.90567e-09 7.90567e-09 7.90567e-09 1.31761e-08 1.58113e-08 2.01197e-07
scan 600 400 60 0 0 0 0 0 0 0 0
scan 600 400 61 0 0 0 0 0 0 0 0
scan 600 400 62 0 0 0 0 0 0 0 0
scan 600 400 63 0 0 0 0 0 0 0 0
scan 600 400 64 0 0 0 0 0 0 0 0
scan 600 400 65 0 0 0 0 0 0 0 0
scan 600 400 66 0 0 0 0 0 0 0 0
scan 600 400 67 0 0 0 0 0 0 0 0
scan 600 400 68 0 0 0 0 0 0 0 0
scan 600 400 69 0 0 0 0 0 0 0 0
scan 600 400 70 0 0 0 0 0 0 0 0
scan 600 400 71 0 0 0 0 0 0 0 0
scan 600 400 72 0 0 0 0 0 0 0 0
scan 600 400 73 0 0 0 0 0 0 0 0
scan 600 400 74 0 0 0 0 0 0 0 0
scan 600 400 75 0 0 0 0 0 0 0 0 0
scan 600 400 76 2.63522e-07 0 2.63522e-07 7.90567e-09 7.90567e-09 7.90567e-09 1.31761e-08 1.58113e-08 2.01197e-07
scan 600 400 77 2.63522e-07 0 2.63522e-07 7.90567e-09 7.90567e-09 7.90567e-09 1.31761e-08 1.58113e-08 2.01197e-07
scan 600 400 78 7.90567e-07 0 4.56434e-07 2.3717e-08 2.3717e-08 2.3717e-08 3.95283e-08 4.7434e-08 6.03592e-07
scan 600 400 79 0 0 0 0 0 0 0 0 0
scan 600 400 80 0 0 0 0 0 0 0 0 0
scan 600 400 81 0 0 0 0 0 0 0 0 0
scan 600 400 82 0 0 0 0 0 0 0 0 0
scan 600 400 83 0 0 0 0 0 0 0 0 0
scan 600 400 84 0 0 0 0 0 0 0 0 0
scan 600 400 85 0 0 0 0 0 0 0 0 0
scan 600 400 86 0 0 0 0 0 0 0 0 0
scan 600 400 87 0 0 0 0 0 0 0 0 0
scan 600 400 88 2.63522e-07 0 2.63522e-07 7.90567e-09 7.90567e-09 7.90567e-09 1.31761e-08 1.58113e-08 2.01197e-07
scan 600 400 89 7.90567e-07 0 4.56434e-07 2.3717e-08 2.3717e-08 2.3717e-08 3.95283e-08 4.7434e-08 6.03592e-07
scan 600 400 90 5.27044e-07 0 3.72677e-07 1.58113e-08 1.58113e-08 1.58113e-08 2.63522e-08 3.16227e-08 4.02395e-07
scan 600 400 91 0 0 0 0 0 0 0 0 0
scan 600 400 92 2.63522e-07 0 2.63522e-07 7.90567e-09 7.90567e-09 7.90567e-09 1.31761e-08 1.58113e-08 2.01197e-07
scan 600 400 93 0 0 0 0 0 0 0 0 0
scan 600 400 94 0 0 0 0 0 0 0 0 0
scan 600 400 95 0 0 0 0 0 0 0 0 0
scan 600 400 96 0 0 0 0 0 0 0 0 0
scan 600 400 97 0 0 0 0 0 0 0 0 0
scan 600 400 98 0 0 0 0 0 0 0 0 0
scan 600 400 99 0 0 0 0 0 0 0 0 0
scan 600 400 100 0 0 0 0 0 0 0 0 0
scan 600 400 101 2.63522e-07 0 2.63522e-07 7.90567e-09 7.90567e-09 7.90567e-09 1.31761e-08 1.58113e-08 2.01197e-07
scan 600 400 102 1.05409e-06 0 5.27044e-07 3.16227e-08 3.16227e-08 3.16227e-08 5.27044e-08 6.32453e-08 8.04789e-07
scan 600 400 103 0 0 0 0 0 0 0 0 0
scan 600 400 104 7.90567e-07 0 4.56434e-07 2.3717e-08 2.3717e-08 2.3717e-08 3.95283e-08 4.7434e-08 6.03592e-07
scan 600 400 60 0 0 0 0 0 0 0 0
scan 600 400 61 0 0 0 0 0 0 0 0
scan 600 400 62 0 0 0 0 0 0 0 0
scan 600 400 63 0 0 0 0 0 0 0 0
scan 600 400 64 0 0 0 0 0 0 0 0
scan 600 400 65 0 0 0 0 0 0 0 0
scan 600 400 66 0 0 0 0 0 0 0 0
scan 600 400 67 0 0 0 0 0 0 0 0
scan 600 400 68 0 0 0 0 0 0 0 0
scan 600 400 69 0 0 0 0 0 0 0 0
scan 600 400 70 0 0 0 0 0 0 0 0
scan 600 400 71 0 0 0 0 0 0 0 0
scan 600 400 72 0 0 0 0 0 0 0 0
scan 600 400 73 0 0 0 0 0 0 0 0
scan 600 400 74 0 0 0 0 0 0 0 0
scan 600 400 120 0 0 0 0 0 0 0 0 0
scan 600 400 121 0 0 0 0 0 0 0 0 0
scan 600 400 122 0 0 0 0 0 0 0 0 0
scan 600 400 123 0 0 0 0 0 0 0 0 0
scan 600 400 124 0 0 0 0 0 0 0 0 0
scan 600 400 125 0 0 0 0 0 0 0 0 0
scan 600 400 126 0 0 0 0 0 0 0 0 0
scan 600 400 127 0 0 0 0 0 0 0 0 0
scan 600 400 128 0 0 0 0 0 0 0 0 0
scan 600 400 129 0 0 0 0 0 0 0 0 0
scan 600 400 130 0 0 0 0 0 0 0 0 0
scan 600 400 131 0 0 0 0 0 0 0 0 0
scan 600 400 132 0 0 0 0 0 0 0 0 0
scan 600 400 133 0 0 0 0 0 0 0 0 0
scan 600 400 134 5.27044e-07 0 3.72677e-07 1.58113e-08 1.58113e-08 1.58113e-08 2.63522e-08 3.16227e-08 4.02395e-07
scan 600 400 135 0 0 0 0 0 0 0 0 0
scan 600 400 136 0 0 0 0 0 0 0 0 0
scan 600 400 137 0 0 0 0 0 0 0 0 0
scan 600 400 138 0 0 0 0 0 0 0 0 0
scan 600 400 139 5.27044e-07 0 3.72677e-07 1.58113e-08 1.58113e-08 1.58113e-08 2.63522e-08 3.16227e-08 4.02395e-07
scan 600 400 140 0 0 0 0 0 0 0 0 0
scan 600 400 141 0 0 0 0 0 0 0 0 0
scan 600 400 142 0 0 0 0 0 0 0 0 0
scan 600 400 143 0 0 0 0 0 0 0 0 0
scan 600 400 144 2.63522e-07 0 2.63522e-07 7.90567e-09 7.90567e-09 7.90567e-09 1.31761e-08 1.58113e-08 2.01197e-07
scan 600 400 145 0 0 0 0 0 0 0 0 0
scan 600 400 146 2.63522e-07 0 2.63522e-07 7.90567e-09 7.90567e-09 7.90567e-09 1.31761e-08 1.58113e-08 2.01197e-07
scan 600 400 147 0 0 0 0 0 0 0 0 0
scan 600 400 148 0 0 0 0 0 0 0 0 0
scan 600 400 149 0 0 0 0 0 0 0 0 0
scan 600 400 60 0 0 0 0 0 0 0 0
scan 600 400 61 0 0 0 0 0 0 0 0
scan 600 400 62 0 0 0 0 0 0 0 0
scan 600 400 63 0 0 0 0 0 0 0 0
scan 600 400 64 0 0 0 0 0 0 0 0
scan 600 400 65 0 0 0 0 0 0 0 0
scan 600 400 66 0 0 0 0 0 0 0 0
scan 600 400 67 0 0 0 0 0 0 0 0
scan 600 400 68 0 0 0 0 0 0 0 0
scan 600 400 69 0 0 0 0 0 0 0 0
scan 600 400 70 0 0 0 0 0 0 0 0
scan 600 400 71 0 0 0 0 0 0 0 0
scan 600 400 72 0 0 0 0 0 0 0 0
scan 600 400 73 0 0 0 0 0 0 0 0
scan 600 400 74 0 0 0 0 0 0 0 0
scan 600 400 165 0 0 0 0 0 0 0 0 0
scan 600 400 166 2.63522e-07 0 2.63522e-07 7.90567e-09 7.90567e-09 7.90567e-09 1.31761e-08 1.58113e-08 2.01197e-07
scan 600 400 167 0 0 0 0 0 0 0 0 0
scan 600 400 168 0 0 0 0 0 0 0 0 0
scan 600 400 169 2.63522e-07 0 2.63522e-07 7.90567e-09 7.90567e-09 7.90567e-09 1.31761e-08 1.58113e-08 2.01197e-07
scan 600 400 170 0 0 0 0 0 0 0 0 0
scan 600 400 171 0 0 0 0 0 0 0 0 0
scan 600 400 172 0 0 0 0 0 0 0 0 0
scan 600 400 173 0 0 0 0 0 0 0 0 0
scan 600 400 174 0 0 0 0 0 0 0 0 0
scan 600 400 175 0 0 0 0 0 0 0 0 0
scan 600 400 176 0 0 0 0 0 0 0 0 0
scan 600 400 177 0 0 0 0 0 0 0 0 0
scan 600 400 178 0 0 0 0 0 0 0 0 0
scan 600 400 179 0 0 0 0 0 0 0 0 0
