700 350 0.00185119
scan 700 350 0 1.29583e-06 0 4.8978e-07 3.8875e-08 3.8875e-08 3.8875e-08 6.47917e-08 7.77501e-08 1.00143e-06
scan 700 350 1 1.48095e-06 0 5.23596e-07 4.44286e-08 4.44286e-08 4.44286e-08 7.40477e-08 8.88572e-08 1.14449e-06
scan 700 350 2 2.59167e-06 0 6.92653e-07 7.77501e-08 7.77501e-08 7.77501e-08 1.29583e-07 1.555e-07 2.00286e-06
scan 700 350 3 3.51727e-06 0 8.06916e-07 1.05518e-07 1.05518e-07 1.05518e-07 1.75863e-07 2.11036e-07 2.71817e-06
scan 700 350 4 8.70061e-06 0 1.26911e-06 2.61018e-07 2.61018e-07 2.61018e-07 4.3503e-07 5.22036e-07 6.7239e-06
scan 700 350 5 1.85119e-07 0 1.85119e-07 5.55358e-09 5.55358e-09 5.55358e-09 9.25596e-09 1.11072e-08 1.43062e-07
scan 700 350 6 5.55358e-07 0 3.20636e-07 1.66607e-08 1.66607e-08 1.66607e-08 2.77679e-08 3.33215e-08 4.29185e-07
scan 700 350 7 3.70239e-07 0 2.61798e-07 1.11072e-08 1.11072e-08 1.11072e-08 1.85119e-08 2.22143e-08 2.86123e-07
scan 700 350 8 5.55358e-07 0 3.20636e-07 1.66607e-08 1.66607e-08 1.66607e-08 2.77679e-08 3.33215e-08 4.29185e-07
scan 700 350 9 2.22143e-06 0 6.41272e-07 6.66429e-08 6.66429e-08 6.66429e-08 1.11072e-07 1.33286e-07 1.71674e-06
scan 700 350 10 3.70239e-07 0 2.61798e-07 1.11072e-08 1.11072e-08 1.11072e-08 1.85119e-08 2.22143e-08 2.86123e-07
scan 700 350 11 5.55358e-07 0 3.20636e-07 1.66607e-08 1.66607e-08 1.66607e-08 2.77679e-08 3.33215e-08 4.29185e-07
scan 700 350 12 4.8131e-06 0 9.43927e-07 1.44393e-07 1.44393e-07 1.44393e-07 2.40655e-07 2.88786e-07 3.7196e-06
scan 700 350 13 6.10894e-06 0 1.06343e-06 1.83268e-07 1.83268e-07 1.83268e-07 3.05447e-07 3.66536e-07 4.72104e-06
scan 700 350 14 2.31399e-05 0 2.0697e-06 6.94197e-07 6.94197e-07 6.94197e-07 1.157e-06 1.38839e-06 1.78827e-05
scan 700 350 15 9.25596e-07 0 4.13939e-07 2.77679e-08 2.77679e-08 2.77679e-08 4.62798e-08 5.55358e-08 7.15308e-07
scan 700 350 16 2.40655e-06 0 6.67457e-07 7.21965e-08 7.21965e-08 7.21965e-08 1.20328e-07 1.44393e-07 1.8598e-06
scan 700 350 17 4.62798e-06 0 9.25596e-07 1.38839e-07 1.38839e-07 1.38839e-07 2.31399e-07 2.77679e-07 3.57654e-06
scan 700 350 18 4.62798e-06 0 9.25596e-07 1.38839e-07 1.38839e-07 1.38839e-07 2.31399e-07 2.77679e-07 3.57654e-06
scan 700 350 19 1.2403e-05 0 1.51527e-06 3.7209e-07 3.7209e-07 3.7209e-07 6.2015e-07 7.44179e-07 9.58513e-06
scan 700 350 20 3.70239e-07 0 2.61798e-07 1.11072e-08 1.11072e-08 1.11072e-08 1.85119e-08 2.22143e-08 2.86123e-07
scan 700 350 21 9.25596e-07 0 4.13939e-07 2.77679e-08 2.77679e-08 2.77679e-08 4.62798e-08 5.55358e-08 7.15308e-07
scan 700 350 22 3.70239e-07 0 2.61798e-07 1.11072e-08 1.11072e-08 1.11072e-08 1.85119e-08 2.22143e-08 2.86123e-07
scan 700 350 23 9.25596e-07 0 4.13939e-07 2.77679e-08 2.77679e-08 2.77679e-08 4.62798e-08 5.55358e-08 7.15308e-07
scan 700 350 24 3.33215e-06 0 7.85395e-07 9.99644e-08 9.99644e-08 9.99644e-08 1.66607e-07 1.99929e-07 2.57511e-06
scan 700 350 25 1.85119e-07 0 1.85119e-07 5.55358e-09 5.55358e-09 5.55358e-09 9.25596e-09 1.11072e-08 1.43062e-07
scan 700 350 26 3.14703e-06 0 7.63266e-07 9.44108e-08 9.44108e-08 9.44108e-08 1.57351e-07 1.88822e-07 2.43205e-06
scan 700 350 27 3.14703e-06 0 7.63266e-07 9.44108e-08 9.44108e-08 9.44108e-08 1.57351e-07 1.88822e-07 2.43205e-06
scan 700 350 28 5.7387e-06 0 1.0307e-06 1.72161e-07 1.72161e-07 1.72161e-07 2.86935e-07 3.44322e-07 4.43491e-06
scan 700 350 29 2.51762e-05 0 2.15884e-06 7.55287e-07 7.55287e-07 7.55287e-07 1.25881e-06 1.51057e-06 1.94564e-05
scan 700 350 30 3.51727e-06 0 8.06916e-07 1.05518e-07 1.05518e-07 1.05518e-07 1.75863e-07 2.11036e-07 2.71817e-06
scan 700 350 31 9.6262e-06 0 1.33491e-06 2.88786e-07 2.88786e-07 2.88786e-07 4.8131e-07 5.77572e-07 7.43921e-06
scan 700 350 32 1.53649e-05 0 1.68652e-06 4.60947e-07 4.60947e-07 4.60947e-07 7.68245e-07 9.21894e-07 1.18741e-05
scan 700 350 33 1.33286e-05 0 1.57079e-06 3.99858e-07 3.99858e-07 3.99858e-07 6.66429e-07 7.99715e-07 1.03004e-05
scan 700 350 34 4.92417e-05 0 3.0192e-06 1.47725e-06 1.47725e-06 1.47725e-06 2.46209e-06 2.9545e-06 3.80544e-05
scan 700 350 35 1.11072e-06 0 4.53448e-07 3.33215e-08 3.33215e-08 3.33215e-08 5.55358e-08 6.66429e-08 8.5837e-07
scan 700 350 36 1.29583e-06 0 4.8978e-07 3.8875e-08 3.8875e-08 3.8875e-08 6.47917e-08 7.77501e-08 1.00143e-06
scan 700 350 37 1.66607e-06 0 5.55358e-07 4.99822e-08 4.99822e-08 4.99822e-08 8.33037e-08 9.99644e-08 1.28756e-06
scan 700 350 38 5.7387e-06 0 1.0307e-06 1.72161e-07 1.72161e-07 1.72161e-07 2.86935e-07 3.44322e-07 4.43491e-06
scan 700 350 39 1.03667e-05 0 1.38531e-06 3.11e-07 3.11e-07 3.11e-07 5.18334e-07 6.22001e-07 8.01145e-06
scan 700 350 40 1.11072e-06 0 4.53448e-07 3.33215e-08 3.33215e-08 3.33215e-08 5.55358e-08 6.66429e-08 8.5837e-07
scan 700 350 41 6.66429e-06 0 1.11072e-06 1.99929e-07 1.99929e-07 1.99929e-07 3.33215e-07 3.99858e-07 5.15022e-06
scan 700 350 42 1.2403e-05 0 1.51527e-06 3.7209e-07 3.7209e-07 3.7209e-07 6.2015e-07 7.44179e-07 9.58513e-06
scan 700 350 43 1.27732e-05 0 1.53772e-06 3.83197e-07 3.83197e-07 3.83197e-07 6.38661e-07 7.66394e-07 9.87126e-06
scan 700 350 44 0.000103111 0 4.36897e-06 3.09334e-06 3.09334e-06 3.09334e-06 5.15557e-06 6.18669e-06 7.96853e-05
scan 700 350 45 0 0 0 0 0 0 0 0 0
scan 700 350 46 1.85119e-07 0 1.85119e-07 5.55358e-09 5.55358e-09 5.55358e-09 9.25596e-09 1.11072e-08 1.43062e-07
scan 700 350 47 0 0 0 0 0 0 0 0 0
scan 700 350 48 0 0 0 0 0 0 0 0 0
scan 700 350 49 0 0 0 0 0 0 0 0 0
scan 700 350 50 0 0 0 0 0 0 0 0 0
scan 700 350 51 0 0 0 0 0 0 0 0 0
scan 700 350 52 0 0 0 0 0 0 0 0 0
scan 700 350 53 0 0 0 0 0 0 0 0 0
scan 700 350 54 0 0 0 0 0 0 0 0 0
scan 700 350 55 0 0 0 0 0 0 0 0 0
scan 700 350 56 0 0 0 0 0 0 0 0 0
scan 700 350 57 0 0 0 0 0 0 0 0 0
scan 700 350 58 0 0 0 0 0 0 0 0 0
scan 700 350 59 5.55358e-07 0 3.20636e-07 1.66607e-08 1.66607e-08 1.66607e-08 2.77679e-08 3.33215e-08 4.29185e-07
scan 700 350 60 0 0 0 0 0 0 0 0
scan 700 350 61 0 0 0 0 0 0 0 0
scan 700 350 62 0 0 0 0 0 0 0 0
scan 700 350 63 0 0 0 0 0 0 0 0
scan 700 350 64 0 0 0 0 0 0 0 0
scan 700 350 65 0 0 0 0 0 0 0 0
scan 700 350 66 0 0 0 0 0 0 0 0
scan 700 350 67 0 0 0 0 0 0 0 0
scan 700 350 68 0 0 0 0 0 0 0 0
scan 700 350 69 0 0 0 0 0 0 0 0
scan 700 350 70 0 0 0 0 0 0 0 0
scan 700 350 71 0 0 0 0 0 0 0 0
scan 700 350 72 0 0 0 0 0 0 0 0
scan 700 350 73 0 0 0 0 0 0 0 0
scan 700 350 74 0 0 0 0 0 0 0 0
scan 700 350 75 0 0 0 0 0 0 0 0 0
scan 700 350 76 0 0 0 0 0 0 0 0 0
scan 700 350 77 0 0 0 0 0 0 0 0 0
scan 700 350 78 0 0 0 0 0 0 0 0 0
scan 700 350 79 0 0 0 0 0 0 0 0 0
scan 700 350 80 0 0 0 0 0 0 0 0 0
scan 700 350 81 0 0 0 0 0 0 0 0 0
scan 700 350 82 0 0 0 0 0 0 0 0 0
scan 700 350 83 0 0 0 0 0 0 0 0 0
scan 700 350 84 0 0 0 0 0 0 0 0 0
scan 700 350 85 0 0 0 0 0 0 0 0 0
scan 700 350 86 0 0 0 0 0 0 0 0 0
scan 700 350 87 0 0 0 0 0 0 0 0 0
scan 700 350 88 1.85119e-07 0 1.85119e-07 5.55358e-09 5.55358e-09 5.55358e-09 9.25596e-09 1.11072e-08 1.43062e-07
scan 700 350 89 3.70239e-07 0 2.61798e-07 1.11072e-08 1.11072e-08 1.11072e-08 1.85119e-08 2.22143e-08 2.86123e-07
scan 700 350 90 5.55358e-07 0 3.20636e-07 1.66607e-08 1.66607e-08 1.66607e-08 2.77679e-08 3.33215e-08 4.29185e-07
scan 700 350 91 3.70239e-07 0 2.61798e-07 1.11072e-08 1.11072e-08 1.11072e-08 1.85119e-08 2.22143e-08 2.86123e-07
scan 700 350 92 1.85119e-07 0 1.85119e-07 5.55358e-09 5.55358e-09 5.55358e-09 9.25596e-09 1.11072e-08 1.43062e-07
scan 700 350 93 0 0 0 0 0 0 0 0 0
scan 700 350 94 1.85119e-07 0 1.85119e-07 5.55358e-09 5.55358e-09 5.55358e-09 9.25596e-09 1.11072e-08 1.43062e-07
scan 700 350 95 0 0 0 0 0 0 0 0 0
scan 700 350 96 0 0 0 0 0 0 0 0 0
scan 700 350 97 0 0 0 0 0 0 0 0 0
scan 700 350 98 0 0 0 0 0 0 0 0 0
scan 700 350 99 0 0 0 0 0 0 0 0 0
scan 700 350 100 0 0 0 0 0 0 0 0 0
scan 700 350 101 3.70239e-07 0 2.61798e-07 1.11072e-08 1.11072e-08 1.11072e-08 1.85119e-08 2.22143e-08 2.86123e-07
scan 700 350 102 1.85119e-07 0 1.85119e-07 5.55358e-09 5.55358e-09 5.55358e-09 9.25596e-09 1.11072e-08 1.43062e-07
scan 700 350 103 3.70239e-07 0 2.61798e-07 1.11072e-08 1.11072e-08 1.11072e-08 1.85119e-08 2.22143e-08 2.86123e-07
scan 700 350 104 1.48095e-06 0 5.23596e-07 4.44286e-08 4.44286e-08 4.44286e-08 7.40477e-08 8.88572e-08 1.14449e-06
scan 700 350 60 0 0 0 0 0 0 0 0
scan 700 350 61 0 0 0 0 0 0 0 0
scan 700 350 62 0 0 0 0 0 0 0 0
scan 700 350 63 0 0 0 0 0 0 0 0
scan 700 350 64 0 0 0 0 0 0 0 0
scan 700 350 65 0 0 0 0 0 0 0 0
scan 700 350 66 0 0 0 0 0 0 0 0
scan 700 350 67 0 0 0 0 0 0 0 0
scan 700 350 68 0 0 0 0 0 0 0 0
scan 700 350 69 0 0 0 0 0 0 0 0
scan 700 350 70 0 0 0 0 0 0 0 0
scan 700 350 71 0 0 0 0 0 0 0 0
scan 700 350 72 0 0 0 0 0 0 0 0
scan 700 350 73 0 0 0 0 0 0 0 0
scan 700 350 74 0 0 0 0 0 0 0 0
scan 700 350 120 0 0 0 0 0 0 0 0 0
scan 700 350 121 0 0 0 0 0 0 0 0 0
scan 700 350 122 0 0 0 0 0 0 0 0 0
scan 700 350 123 0 0 0 0 0 0 0 0 0
scan 700 350 124 0 0 0 0 0 0 0 0 0
scan 700 350 125 0 0 0 0 0 0 0 0 0
scan 700 350 126 0 0 0 0 0 0 0 0 0
scan 700 350 127 0 0 0 0 0 0 0 0 0
scan 700 350 128 0 0 0 0 0 0 0 0 0
scan 700 350 129 0 0 0 0 0 0 0 0 0
scan 700 350 130 0 0 0 0 0 0 0 0 0
scan 700 350 131 1.85119e-07 0 1.85119e-07 5.55358e-09 5.55358e-09 5.55358e-09 9.25596e-09 1.11072e-08 1.43062e-07
scan 700 350 132 0 0 0 0 0 0 0 0 0
scan 700 350 133 3.70239e-07 0 2.61798e-07 1.11072e-08 1.11072e-08 1.11072e-08 1.85119e-08 2.22143e-08 2.86123e-07
scan 700 350 134 9.25596e-07 0 4.13939e-07 2.77679e-08 2.77679e-08 2.77679e-08 4.62798e-08 5.55358e-08 7.15308e-07
scan 700 350 135 1.85119e-07 0 1.85119e-07 5.55358e-09 5.55358e-09 5.55358e-09 9.25596e-09 1.11072e-08 1.43062e-07
scan 700 350 136 7.40477e-07 0 3.70239e-07 2.22143e-08 2.22143e-08 2.22143e-08 3.70239e-08 4.44286e-08 5.72247e-07
scan 700 350 137 1.85119e-07 0 1.85119e-07 5.55358e-09 5.55358e-09 5.55358e-09 9.25596e-09 1.11072e-08 1.43062e-07
scan 700 350 138 0 0 0 0 0 0 0 0 0
scan 700 350 139 3.70239e-07 0 2.61798e-07 1.11072e-08 1.11072e-08 1.11072e-08 1.85119e-08 2.22143e-08 2.86123e-07
scan 700 350 140 0 0 0 0 0 0 0 0 0
scan 700 350 141 1.85119e-07 0 1.85119e-07 5.55358e-09 5.55358e-09 5.55358e-09 9.25596e-09 1.11072e-08 1.43062e-07
scan 700 350 142 1.85119e-07 0 1.85119e-07 5.55358e-09 5.55358e-09 5.55358e-09 9.25596e-09 1.11072e-08 1.43062e-07
scan 700 350 143 1.85119e-07 0 1.85119e-07 5.55358e-09 5.55358e-09 5.55358e-09 9.25596e-09 1.11072e-08 1.43062e-07
scan 700 350 144 0 0 0 0 0 0 0 0 0
scan 700 350 145 0 0 0 0 0 0 0 0 0
scan 700 350 146 0 0 0 0 0 0 0 0 0
scan 700 350 147 1.85119e-07 0 1.85119e-07 5.55358e-09 5.55358e-09 5.55358e-09 9.25596e-09 1.11072e-08 1.43062e-07
scan 700 350 148 0 0 0 0 0 0 0 0 0
scan 700 350 149 1.85119e-07 0 1.85119e-07 5.55358e-09 5.55358e-09 5.55358e-09 9.25596e-09 1.11072e-08 1.43062e-07
scan 700 350 60 0 0 0 0 0 0 0 0
scan 700 350 61 0 0 0 0 0 0 0 0
scan 700 350 62 0 0 0 0 0 0 0 0
scan 700 350 63 0 0 0 0 0 0 0 0
scan 700 350 64 0 0 0 0 0 0 0 0
scan 700 350 65 0 0 0 0 0 0 0 0
scan 700 350 66 0 0 0 0 0 0 0 0
scan 700 350 67 0 0 0 0 0 0 0 0
scan 700 350 68 0 0 0 0 0 0 0 0
scan 700 350 69 0 0 0 0 0 0 0 0
scan 700 350 70 0 0 0 0 0 0 0 0
scan 700 350 71 0 0 0 0 0 0 0 0
scan 700 350 72 0 0 0 0 0 0 0 0
scan 700 350 73 0 0 0 0 0 0 0 0
scan 700 350 74 0 0 0 0 0 0 0 0
scan 700 350 165 0 0 0 0 0 0 0 0 0
scan 700 350 166 0 0 0 0 0 0 0 0 0
scan 700 350 167 0 0 0 0 0 0 0 0 0
scan 700 350 168 0 0 0 0 0 0 0 0 0
scan 700 350 169 3.70239e-07 0 2.61798e-07 1.11072e-08 1.11072e-08 1.11072e-08 1.85119e-08 2.22143e-08 2.86123e-07
scan 700 350 170 0 0 0 0 0 0 0 0 0
scan 700 350 171 0 0 0 0 0 0 0 0 0
scan 700 350 172 0 0 0 0 0 0 0 0 0
scan 700 350 173 1.85119e-07 0 1.85119e-07 5.55358e-09 5.55358e-09 5.55358e-09 9.25596e-09 1.11072e-08 1.43062e-07
scan 700 350 174 0 0 0 0 0 0 0 0 0
scan 700 350 175 0 0 0 0 0 0 0 0 0
scan 700 350 176 0 0 0 0 0 0 0 0 0
scan 700 350 177 0 0 0 0 0 0 0 0 0
scan 700 350 178 0 0 0 0 0 0 0 0 0
scan 700 350 179 3.70239e-07 0 2.61798e-07 1.11072e-08 1.11072e-08 1.11072e-08 1.85119e-08 2.22143e-08 2.86123e-07
