950 750 0.000189909
scan 950 750 0 2.18395e-07 0 4.55386e-08 6.55186e-09 6.55186e-09 6.55186e-09 1.09198e-08 1.31037e-08 1.71528e-07
scan 950 750 1 4.93764e-07 0 6.84727e-08 1.48129e-08 1.48129e-08 1.48129e-08 2.46882e-08 2.96258e-08 3.87802e-07
scan 950 750 2 4.65277e-07 0 6.64682e-08 1.39583e-08 1.39583e-08 1.39583e-08 2.32639e-08 2.79166e-08 3.65429e-07
scan 950 750 3 4.74773e-07 0 6.7143e-08 1.42432e-08 1.42432e-08 1.42432e-08 2.37386e-08 2.84864e-08 3.72887e-07
scan 950 750 4 7.12159e-07 0 8.2233e-08 2.13648e-08 2.13648e-08 2.13648e-08 3.56079e-08 4.27295e-08 5.5933e-07
scan 950 750 5 4.74773e-08 0 2.12325e-08 1.42432e-09 1.42432e-09 1.42432e-09 2.37386e-09 2.84864e-09 3.72887e-08
scan 950 750 6 6.64682e-08 0 2.51226e-08 1.99404e-09 1.99404e-09 1.99404e-09 3.32341e-09 3.98809e-09 5.22041e-08
scan 950 750 7 8.54591e-08 0 2.84864e-08 2.56377e-09 2.56377e-09 2.56377e-09 4.27295e-09 5.12754e-09 6.71196e-08
scan 950 750 8 6.64682e-08 0 2.51226e-08 1.99404e-09 1.99404e-09 1.99404e-09 3.32341e-09 3.98809e-09 5.22041e-08
scan 950 750 9 8.54591e-08 0 2.84864e-08 2.56377e-09 2.56377e-09 2.56377e-09 4.27295e-09 5.12754e-09 6.71196e-08
scan 950 750 10 2.84864e-08 0 1.64466e-08 8.54591e-10 8.54591e-10 8.54591e-10 1.42432e-09 1.70918e-09 2.23732e-08
scan 950 750 11 3.51332e-07 0 5.77586e-08 1.054e-08 1.054e-08 1.054e-08 1.75666e-08 2.10799e-08 2.75936e-07
scan 950 750 12 6.36195e-07 0 7.77236e-08 1.90859e-08 1.90859e-08 1.90859e-08 3.18098e-08 3.81717e-08 4.99668e-07
scan 950 750 13 8.16609e-07 0 8.80572e-08 2.44983e-08 2.44983e-08 2.44983e-08 4.08304e-08 4.89965e-08 6.41365e-07
scan 950 750 14 2.06051e-06 0 1.39877e-07 6.18154e-08 6.18154e-08 6.18154e-08 1.03026e-07 1.23631e-07 1.61833e-06
scan 950 750 15 3.03854e-07 0 5.37144e-08 9.11563e-09 9.11563e-09 9.11563e-09 1.51927e-08 1.82313e-08 2.38647e-07
scan 950 750 16 5.03259e-07 0 6.91279e-08 1.50978e-08 1.50978e-08 1.50978e-08 2.51629e-08 3.01955e-08 3.9526e-07
scan 950 750 17 5.79223e-07 0 7.41619e-08 1.73767e-08 1.73767e-08 1.73767e-08 2.89611e-08 3.47534e-08 4.54922e-07
scan 950 750 18 3.41836e-07 0 5.69727e-08 1.02551e-08 1.02551e-08 1.02551e-08 1.70918e-08 2.05102e-08 2.68478e-07
scan 950 750 19 3.60827e-07 0 5.85339e-08 1.08248e-08 1.08248e-08 1.08248e-08 1.80414e-08 2.16496e-08 2.83394e-07
scan 950 750 20 5.69727e-08 0 2.3259e-08 1.70918e-09 1.70918e-09 1.70918e-09 2.84864e-09 3.41836e-09 4.47464e-08
scan 950 750 21 1.51927e-07 0 3.79818e-08 4.55782e-09 4.55782e-09 4.55782e-09 7.59636e-09 9.11563e-09 1.19324e-07
scan 950 750 22 1.23441e-07 0 3.42363e-08 3.70323e-09 3.70323e-09 3.70323e-09 6.17204e-09 7.40645e-09 9.69505e-08
scan 950 750 23 2.84864e-08 0 1.64466e-08 8.54591e-10 8.54591e-10 8.54591e-10 1.42432e-09 1.70918e-09 2.23732e-08
scan 950 750 24 4.74773e-08 0 2.12325e-08 1.42432e-09 1.42432e-09 1.42432e-09 2.37386e-09 2.84864e-09 3.72887e-08
scan 950 750 25 2.84864e-08 0 1.64466e-08 8.54591e-10 8.54591e-10 8.54591e-10 1.42432e-09 1.70918e-09 2.23732e-08
scan 950 750 26 2.84864e-07 0 5.20087e-08 8.54591e-09 8.54591e-09 8.54591e-09 1.42432e-08 1.70918e-08 2.23732e-07
scan 950 750 27 6.55186e-07 0 7.88751e-08 1.96556e-08 1.96556e-08 1.96556e-08 3.27593e-08 3.93112e-08 5.14584e-07
scan 950 750 28 7.12159e-07 0 8.2233e-08 2.13648e-08 2.13648e-08 2.13648e-08 3.56079e-08 4.27295e-08 5.5933e-07
scan 950 750 29 2.2884e-06 0 1.47409e-07 6.86521e-08 6.86521e-08 6.86521e-08 1.1442e-07 1.37304e-07 1.79731e-06
scan 950 750 30 9.49545e-09 0 9.49545e-09 2.84864e-10 2.84864e-10 2.84864e-10 4.74773e-10 5.69727e-10 7.45773e-09
scan 950 750 31 0 0 0 0 0 0 0 0 0
scan 950 750 32 1.89909e-08 0 1.34286e-08 5.69727e-10 5.69727e-10 5.69727e-10 9.49545e-10 1.13945e-09 1.49155e-08
scan 950 750 33 3.79818e-08 0 1.89909e-08 1.13945e-09 1.13945e-09 1.13945e-09 1.89909e-09 2.27891e-09 2.98309e-08
scan 950 750 34 1.51927e-07 0 3.79818e-08 4.55782e-09 4.55782e-09 4.55782e-09 7.59636e-09 9.11563e-09 1.19324e-07
scan 950 750 35 0 0 0 0 0 0 0 0 0
scan 950 750 36 2.84864e-08 0 1.64466e-08 8.54591e-10 8.54591e-10 8.54591e-10 1.42432e-09 1.70918e-09 2.23732e-08
scan 950 750 37 9.49545e-09 0 9.49545e-09 2.84864e-10 2.84864e-10 2.84864e-10 4.74773e-10 5.69727e-10 7.45773e-09
scan 950 750 38 9.49545e-09 0 9.49545e-09 2.84864e-10 2.84864e-10 2.84864e-10 4.74773e-10 5.69727e-10 7.45773e-09
scan 950 750 39 2.84864e-08 0 1.64466e-08 8.54591e-10 8.54591e-10 8.54591e-10 1.42432e-09 1.70918e-09 2.23732e-08
scan 950 750 40 0 0 0 0 0 0 0 0 0
scan 950 750 41 9.49545e-09 0 9.49545e-09 2.84864e-10 2.84864e-10 2.84864e-10 4.74773e-10 5.69727e-10 7.45773e-09
scan 950 750 42 1.89909e-08 0 1.34286e-08 5.69727e-10 5.69727e-10 5.69727e-10 9.49545e-10 1.13945e-09 1.49155e-08
scan 950 750 43 7.59636e-08 0 2.68572e-08 2.27891e-09 2.27891e-09 2.27891e-09 3.79818e-09 4.55782e-09 5.96619e-08
scan 950 750 44 1.70918e-07 0 4.02858e-08 5.12754e-09 5.12754e-09 5.12754e-09 8.54591e-09 1.02551e-08 1.34239e-07
scan 950 750 45 0 0 0 0 0 0 0 0 0
scan 950 750 46 0 0 0 0 0 0 0 0 0
scan 950 750 47 0 0 0 0 0 0 0 0 0
scan 950 750 48 0 0 0 0 0 0 0 0 0
scan 950 750 49 0 0 0 0 0 0 0 0 0
scan 950 750 50 0 0 0 0 0 0 0 0 0
scan 950 750 51 0 0 0 0 0 0 0 0 0
scan 950 750 52 0 0 0 0 0 0 0 0 0
scan 950 750 53 0 0 0 0 0 0 0 0 0
scan 950 750 54 0 0 0 0 0 0 0 0 0
scan 950 750 55 0 0 0 0 0 0 0 0 0
scan 950 750 56 0 0 0 0 0 0 0 0 0
scan 950 750 57 0 0 0 0 0 0 0 0 0
scan 950 750 58 0 0 0 0 0 0 0 0 0
scan 950 750 59 1.89909e-08 0 1.34286e-08 5.69727e-10 5.69727e-10 5.69727e-10 9.49545e-10 1.13945e-09 1.49155e-08
scan 950 750 60 0 0 0 0 0 0 0 0
scan 950 750 61 0 0 0 0 0 0 0 0
scan 950 750 62 0 0 0 0 0 0 0 0
scan 950 750 63 0 0 0 0 0 0 0 0
scan 950 750 64 0 0 0 0 0 0 0 0
scan 950 750 65 0 0 0 0 0 0 0 0
scan 950 750 66 0 0 0 0 0 0 0 0
scan 950 750 67 0 0 0 0 0 0 0 0
scan 950 750 68 0 0 0 0 0 0 0 0
scan 950 750 69 0 0 0 0 0 0 0 0
scan 950 750 70 0 0 0 0 0 0 0 0
scan 950 750 71 0 0 0 0 0 0 0 0
scan 950 750 72 0 0 0 0 0 0 0 0
scan 950 750 73 0 0 0 0 0 0 0 0
scan 950 750 74 0 0 0 0 0 0 0 0
scan 950 750 75 0 0 0 0 0 0 0 0 0
scan 950 750 76 0 0 0 0 0 0 0 0 0
scan 950 750 77 0 0 0 0 0 0 0 0 0
scan 950 750 78 0 0 0 0 0 0 0 0 0
scan 950 750 79 0 0 0 0 0 0 0 0 0
scan 950 750 80 0 0 0 0 0 0 0 0 0
scan 950 750 81 0 0 0 0 0 0 0 0 0
scan 950 750 82 0 0 0 0 0 0 0 0 0
scan 950 750 83 0 0 0 0 0 0 0 0 0
scan 950 750 84 0 0 0 0 0 0 0 0 0
scan 950 750 85 0 0 0 0 0 0 0 0 0
scan 950 750 86 0 0 0 0 0 0 0 0 0
scan 950 750 87 0 0 0 0 0 0 0 0 0
scan 950 750 88 0 0 0 0 0 0 0 0 0
scan 950 750 89 9.49545e-09 0 9.49545e-09 2.84864e-10 2.84864e-10 2.84864e-10 4.74773e-10 5.69727e-10 7.45773e-09
scan 950 750 90 0 0 0 0 0 0 0 0 0
scan 950 750 91 1.89909e-08 0 1.34286e-08 5.69727e-10 5.69727e-10 5.69727e-10 9.49545e-10 1.13945e-09 1.49155e-08
scan 950 750 92 0 0 0 0 0 0 0 0 0
scan 950 750 93 0 0 0 0 0 0 0 0 0
scan 950 750 94 0 0 0 0 0 0 0 0 0
scan 950 750 95 0 0 0 0 0 0 0 0 0
scan 950 750 96 0 0 0 0 0 0 0 0 0
scan 950 750 97 0 0 0 0 0 0 0 0 0
scan 950 750 98 0 0 0 0 0 0 0 0 0
scan 950 750 99 0 0 0 0 0 0 0 0 0
scan 950 750 100 0 0 0 0 0 0 0 0 0
scan 950 750 101 9.49545e-09 0 9.49545e-09 2.84864e-10 2.84864e-10 2.84864e-10 4.74773e-10 5.69727e-10 7.45773e-09
scan 950 750 102 0 0 0 0 0 0 0 0 0
scan 950 750 103 9.49545e-09 0 9.49545e-09 2.84864e-10 2.84864e-10 2.84864e-10 4.74773e-10 5.69727e-10 7.45773e-09
scan 950 750 104 2.84864e-08 0 1.64466e-08 8.54591e-10 8.54591e-10 8.54591e-10 1.42432e-09 1.70918e-09 2.23732e-08
scan 950 750 60 0 0 0 0 0 0 0 0
scan 950 750 61 0 0 0 0 0 0 0 0
scan 950 750 62 0 0 0 0 0 0 0 0
scan 950 750 63 0 0 0 0 0 0 0 0
scan 950 750 64 0 0 0 0 0 0 0 0
scan 950 750 65 0 0 0 0 0 0 0 0
scan 950 750 66 0 0 0 0 0 0 0 0
scan 950 750 67 0 0 0 0 0 0 0 0
scan 950 750 68 0 0 0 0 0 0 0 0
scan 950 750 69 0 0 0 0 0 0 0 0
scan 950 750 70 0 0 0 0 0 0 0 0
scan 950 750 71 0 0 0 0 0 0 0 0
scan 950 750 72 0 0 0 0 0 0 0 0
scan 950 750 73 0 0 0 0 0 0 0 0
scan 950 750 74 0 0 0 0 0 0 0 0
scan 950 750 120 0 0 0 0 0 0 0 0 0
scan 950 750 121 0 0 0 0 0 0 0 0 0
scan 950 750 122 0 0 0 0 0 0 0 0 0
scan 950 750 123 0 0 0 0 0 0 0 0 0
scan 950 750 124 0 0 0 0 0 0 0 0 0
scan 950 750 125 0 0 0 0 0 0 0 0 0
scan 950 750 126 0 0 0 0 0 0 0 0 0
scan 950 750 127 0 0 0 0 0 0 0 0 0
scan 950 750 128 0 0 0 0 0 0 0 0 0
scan 950 750 129 0 0 0 0 0 0 0 0 0
scan 950 750 130 0 0 0 0 0 0 0 0 0
scan 950 750 131 0 0 0 0 0 0 0 0 0
scan 950 750 132 0 0 0 0 0 0 0 0 0
scan 950 750 133 0 0 0 0 0 0 0 0 0
scan 950 750 134 9.49545e-09 0 9.49545e-09 2.84864e-10 2.84864e-10 2.84864e-10 4.74773e-10 5.69727e-10 7.45773e-09
scan 950 750 135 0 0 0 0 0 0 0 0 0
scan 950 750 136 9.49545e-09 0 9.49545e-09 2.84864e-10 2.84864e-10 2.84864e-10 4.74773e-10 5.69727e-10 7.45773e-09
scan 950 750 137 9.49545e-09 0 9.49545e-09 2.84864e-10 2.84864e-10 2.84864e-10 4.74773e-10 5.69727e-10 7.45773e-09
scan 950 750 138 0 0 0 0 0 0 0 0 0
scan 950 750 139 9.49545e-09 0 9.49545e-09 2.84864e-10 2.84864e-10 2.84864e-10 4.74773e-10 5.69727e-10 7.45773e-09
scan 950 750 140 0 0 0 0 0 0 0 0 0
scan 950 750 141 0 0 0 0 0 0 0 0 0
scan 950 750 142 0 0 0 0 0 0 0 0 0
scan 950 750 143 0 0 0 0 0 0 0 0 0
scan 950 750 144 0 0 0 0 0 0 0 0 0
scan 950 750 145 0 0 0 0 0 0 0 0 0
scan 950 750 146 0 0 0 0 0 0 0 0 0
scan 950 750 147 0 0 0 0 0 0 0 0 0
scan 950 750 148 0 0 0 0 0 0 0 0 0
scan 950 750 149 0 0 0 0 0 0 0 0 0
scan 950 750 60 0 0 0 0 0 0 0 0
scan 950 750 61 0 0 0 0 0 0 0 0
scan 950 750 62 0 0 0 0 0 0 0 0
scan 950 750 63 0 0 0 0 0 0 0 0
scan 950 750 64 0 0 0 0 0 0 0 0
scan 950 750 65 0 0 0 0 0 0 0 0
scan 950 750 66 0 0 0 0 0 0 0 0
scan 950 750 67 0 0 0 0 0 0 0 0
scan 950 750 68 0 0 0 0 0 0 0 0
scan 950 750 69 0 0 0 0 0 0 0 0
scan 950 750 70 0 0 0 0 0 0 0 0
scan 950 750 71 0 0 0 0 0 0 0 0
scan 950 750 72 0 0 0 0 0 0 0 0
scan 950 750 73 0 0 0 0 0 0 0 0
scan 950 750 74 0 0 0 0 0 0 0 0
scan 950 750 165 0 0 0 0 0 0 0 0 0
scan 950 750 166 9.49545e-09 0 9.49545e-09 2.84864e-10 2.84864e-10 2.84864e-10 4.74773e-10 5.69727e-10 7.45773e-09
scan 950 750 167 0 0 0 0 0 0 0 0 0
scan 950 750 168 0 0 0 0 0 0 0 0 0
scan 950 750 169 0 0 0 0 0 0 0 0 0
scan 950 750 170 0 0 0 0 0 0 0 0 0
scan 950 750 171 0 0 0 0 0 0 0 0 0
scan 950 750 172 0 0 0 0 0 0 0 0 0
scan 950 750 173 0 0 0 0 0 0 0 0 0
scan 950 750 174 0 0 0 0 0 0 0 0 0
scan 950 750 175 0 0 0 0 0 0 0 0 0
scan 950 750 176 0 0 0 0 0 0 0 0 0
scan 950 750 177 0 0 0 0 0 0 0 0 0
scan 950 750 178 0 0 0 0 0 0 0 0 0
scan 950 750 179 0 0 0 0 0 0 0 0 0
