800 500 0.000724721
scan 800 500 0 3.62397e-07 0 1.146e-07 1.08719e-08 1.08719e-08 1.08719e-08 1.81198e-08 2.17438e-08 2.82198e-07
scan 800 500 1 1.12343e-06 0 2.01774e-07 3.37029e-08 3.37029e-08 3.37029e-08 5.61715e-08 6.74058e-08 8.74813e-07
scan 800 500 2 1.19591e-06 0 2.08181e-07 3.58773e-08 3.58773e-08 3.58773e-08 5.97955e-08 7.17546e-08 9.31253e-07
scan 800 500 3 1.44959e-06 0 2.292e-07 4.34876e-08 4.34876e-08 4.34876e-08 7.24794e-08 8.69753e-08 1.12879e-06
scan 800 500 4 4.71116e-06 0 4.13196e-07 1.41335e-07 1.41335e-07 1.41335e-07 2.35558e-07 2.8267e-07 3.66857e-06
scan 800 500 5 0 0 0 0 0 0 0 0 0
scan 800 500 6 1.08719e-07 0 6.2769e-08 3.26157e-09 3.26157e-09 3.26157e-09 5.43595e-09 6.52315e-09 8.46593e-08
scan 800 500 7 1.08719e-07 0 6.2769e-08 3.26157e-09 3.26157e-09 3.26157e-09 5.43595e-09 6.52315e-09 8.46593e-08
scan 800 500 8 1.08719e-07 0 6.2769e-08 3.26157e-09 3.26157e-09 3.26157e-09 5.43595e-09 6.52315e-09 8.46593e-08
scan 800 500 9 7.24794e-07 0 1.62069e-07 2.17438e-08 2.17438e-08 2.17438e-08 3.62397e-08 4.34876e-08 5.64396e-07
scan 800 500 10 7.24794e-08 0 5.12507e-08 2.17438e-09 2.17438e-09 2.17438e-09 3.62397e-09 4.34876e-09 5.64396e-08
scan 800 500 11 6.16075e-07 0 1.4942e-07 1.84822e-08 1.84822e-08 1.84822e-08 3.08037e-08 3.69645e-08 4.79736e-07
scan 800 500 12 1.30463e-06 0 2.17438e-07 3.91389e-08 3.91389e-08 3.91389e-08 6.52315e-08 7.82777e-08 1.01591e-06
scan 800 500 13 2.21062e-06 0 2.83041e-07 6.63186e-08 6.63186e-08 6.63186e-08 1.10531e-07 1.32637e-07 1.72141e-06
scan 800 500 14 8.80625e-06 0 5.64921e-07 2.64187e-07 2.64187e-07 2.64187e-07 4.40312e-07 5.28375e-07 6.85741e-06
scan 800 500 15 6.52315e-07 0 1.53752e-07 1.95694e-08 1.95694e-08 1.95694e-08 3.26157e-08 3.91389e-08 5.07956e-07
scan 800 500 16 1.52207e-06 0 2.3486e-07 4.5662e-08 4.5662e-08 4.5662e-08 7.61034e-08 9.1324e-08 1.18523e-06
scan 800 500 17 2.68174e-06 0 3.11746e-07 8.04521e-08 8.04521e-08 8.04521e-08 1.34087e-07 1.60904e-07 2.08826e-06
scan 800 500 18 2.93542e-06 0 3.26157e-07 8.80625e-08 8.80625e-08 8.80625e-08 1.46771e-07 1.76125e-07 2.2858e-06
scan 800 500 19 5.58091e-06 0 4.49723e-07 1.67427e-07 1.67427e-07 1.67427e-07 2.79046e-07 3.34855e-07 4.34585e-06
scan 800 500 20 2.89918e-07 0 1.02501e-07 8.69753e-09 8.69753e-09 8.69753e-09 1.44959e-08 1.73951e-08 2.25758e-07
scan 800 500 21 3.26157e-07 0 1.08719e-07 9.78472e-09 9.78472e-09 9.78472e-09 1.63079e-08 1.95694e-08 2.53978e-07
scan 800 500 22 3.26157e-07 0 1.08719e-07 9.78472e-09 9.78472e-09 9.78472e-09 1.63079e-08 1.95694e-08 2.53978e-07
scan 800 500 23 2.89918e-07 0 1.02501e-07 8.69753e-09 8.69753e-09 8.69753e-09 1.44959e-08 1.73951e-08 2.25758e-07
scan 800 500 24 9.42232e-07 0 1.84787e-07 2.8267e-08 2.8267e-08 2.8267e-08 4.71116e-08 5.65339e-08 7.33714e-07
scan 800 500 25 1.44959e-07 0 7.24794e-08 4.34876e-09 4.34876e-09 4.34876e-09 7.24794e-09 8.69753e-09 1.12879e-07
scan 800 500 26 1.08719e-06 0 1.98493e-07 3.26157e-08 3.26157e-08 3.26157e-08 5.43595e-08 6.52315e-08 8.46593e-07
scan 800 500 27 1.95694e-06 0 2.66306e-07 5.87083e-08 5.87083e-08 5.87083e-08 9.78472e-08 1.17417e-07 1.52387e-06
scan 800 500 28 2.71798e-06 0 3.13845e-07 8.15393e-08 8.15393e-08 8.15393e-08 1.35899e-07 1.63079e-07 2.11648e-06
scan 800 500 29 1.35899e-05 0 7.01779e-07 4.07697e-07 4.07697e-07 4.07697e-07 6.79494e-07 8.15393e-07 1.05824e-05
scan 800 500 30 1.30463e-06 0 2.17438e-07 3.91389e-08 3.91389e-08 3.91389e-08 6.52315e-08 7.82777e-08 1.01591e-06
scan 800 500 31 2.68174e-06 0 3.11746e-07 8.04521e-08 8.04521e-08 8.04521e-08 1.34087e-07 1.60904e-07 2.08826e-06
scan 800 500 32 4.24004e-06 0 3.91992e-07 1.27201e-07 1.27201e-07 1.27201e-07 2.12002e-07 2.54403e-07 3.30171e-06
scan 800 500 33 5.14604e-06 0 4.31846e-07 1.54381e-07 1.54381e-07 1.54381e-07 2.57302e-07 3.08762e-07 4.00721e-06
scan 800 500 34 1.07994e-05 0 6.25594e-07 3.23983e-07 3.23983e-07 3.23983e-07 5.39971e-07 6.47966e-07 8.40949e-06
scan 800 500 35 4.34876e-07 0 1.25538e-07 1.30463e-08 1.30463e-08 1.30463e-08 2.17438e-08 2.60926e-08 3.38637e-07
scan 800 500 36 5.79835e-07 0 1.44959e-07 1.73951e-08 1.73951e-08 1.73951e-08 2.89918e-08 3.47901e-08 4.51516e-07
scan 800 500 37 2.89918e-07 0 1.02501e-07 8.69753e-09 8.69753e-09 8.69753e-09 1.44959e-08 1.73951e-08 2.25758e-07
scan 800 500 38 4.71116e-07 0 1.30664e-07 1.41335e-08 1.41335e-08 1.41335e-08 2.35558e-08 2.8267e-08 3.66857e-07
scan 800 500 39 1.66703e-06 0 2.4579e-07 5.00108e-08 5.00108e-08 5.00108e-08 8.33513e-08 1.00022e-07 1.29811e-06
scan 800 500 40 1.08719e-07 0 6.2769e-08 3.26157e-09 3.26157e-09 3.26157e-09 5.43595e-09 6.52315e-09 8.46593e-08
scan 800 500 41 1.99318e-06 0 2.68761e-07 5.97955e-08 5.97955e-08 5.97955e-08 9.96592e-08 1.19591e-07 1.55209e-06
scan 800 500 42 3.29781e-06 0 3.45705e-07 9.89344e-08 9.89344e-08 9.89344e-08 1.64891e-07 1.97869e-07 2.568e-06
scan 800 500 43 4.2038e-06 0 3.90313e-07 1.26114e-07 1.26114e-07 1.26114e-07 2.1019e-07 2.52228e-07 3.27349e-06
scan 800 500 44 2.64912e-05 0 9.79813e-07 7.94737e-07 7.94737e-07 7.94737e-07 1.32456e-06 1.58947e-06 2.06287e-05
scan 800 500 45 3.62397e-08 0 3.62397e-08 1.08719e-09 1.08719e-09 1.08719e-09 1.81198e-09 2.17438e-09 2.82198e-08
scan 800 500 46 3.62397e-08 0 3.62397e-08 1.08719e-09 1.08719e-09 1.08719e-09 1.81198e-09 2.17438e-09 2.82198e-08
scan 800 500 47 0 0 0 0 0 0 0 0 0
scan 800 500 48 3.62397e-08 0 3.62397e-08 1.08719e-09 1.08719e-09 1.08719e-09 1.81198e-09 2.17438e-09 2.82198e-08
scan 800 500 49 0 0 0 0 0 0 0 0 0
scan 800 500 50 0 0 0 0 0 0 0 0 0
scan 800 500 51 0 0 0 0 0 0 0 0 0
scan 800 500 52 0 0 0 0 0 0 0 0 0
scan 800 500 53 0 0 0 0 0 0 0 0 0
scan 800 500 54 0 0 0 0 0 0 0 0 0
scan 800 500 55 0 0 0 0 0 0 0 0 0
scan 800 500 56 0 0 0 0 0 0 0 0 0
scan 800 500 57 0 0 0 0 0 0 0 0 0
scan 800 500 58 7.24794e-08 0 5.12507e-08 2.17438e-09 2.17438e-09 2.17438e-09 3.62397e-09 4.34876e-09 5.64396e-08
scan 800 500 59 1.44959e-07 0 7.24794e-08 4.34876e-09 4.34876e-09 4.34876e-09 7.24794e-09 8.69753e-09 1.12879e-07
scan 800 500 60 0 0 0 0 0 0 0 0
scan 800 500 61 0 0 0 0 0 0 0 0
scan 800 500 62 0 0 0 0 0 0 0 0
scan 800 500 63 0 0 0 0 0 0 0 0
scan 800 500 64 0 0 0 0 0 0 0 0
scan 800 500 65 0 0 0 0 0 0 0 0
scan 800 500 66 0 0 0 0 0 0 0 0
scan 800 500 67 0 0 0 0 0 0 0 0
scan 800 500 68 0 0 0 0 0 0 0 0
scan 800 500 69 0 0 0 0 0 0 0 0
scan 800 500 70 0 0 0 0 0 0 0 0
scan 800 500 71 0 0 0 0 0 0 0 0
scan 800 500 72 0 0 0 0 0 0 0 0
scan 800 500 73 0 0 0 0 0 0 0 0
scan 800 500 74 0 0 0 0 0 0 0 0
scan 800 500 75 0 0 0 0 0 0 0 0 0
scan 800 500 76 0 0 0 0 0 0 0 0 0
scan 800 500 77 0 0 0 0 0 0 0 0 0
scan 800 500 78 0 0 0 0 0 0 0 0 0
scan 800 500 79 0 0 0 0 0 0 0 0 0
scan 800 500 80 0 0 0 0 0 0 0 0 0
scan 800 500 81 1.08719e-07 0 6.2769e-08 3.26157e-09 3.26157e-09 3.26157e-09 5.43595e-09 6.52315e-09 8.46593e-08
scan 800 500 82 0 0 0 0 0 0 0 0 0
scan 800 500 83 0 0 0 0 0 0 0 0 0
scan 800 500 84 0 0 0 0 0 0 0 0 0
scan 800 500 85 0 0 0 0 0 0 0 0 0
scan 800 500 86 0 0 0 0 0 0 0 0 0
scan 800 500 87 0 0 0 0 0 0 0 0 0
scan 800 500 88 7.24794e-08 0 5.12507e-08 2.17438e-09 2.17438e-09 2.17438e-09 3.62397e-09 4.34876e-09 5.64396e-08
scan 800 500 89 1.81198e-07 0 8.10344e-08 5.43595e-09 5.43595e-09 5.43595e-09 9.05992e-09 1.08719e-08 1.41099e-07
scan 800 500 90 3.62397e-08 0 3.62397e-08 1.08719e-09 1.08719e-09 1.08719e-09 1.81198e-09 2.17438e-09 2.82198e-08
scan 800 500 91 7.24794e-08 0 5.12507e-08 2.17438e-09 2.17438e-09 2.17438e-09 3.62397e-09 4.34876e-09 5.64396e-08
scan 800 500 92 0 0 0 0 0 0 0 0 0
scan 800 500 93 3.62397e-08 0 3.62397e-08 1.08719e-09 1.08719e-09 1.08719e-09 1.81198e-09 2.17438e-09 2.82198e-08
scan 800 500 94 3.62397e-08 0 3.62397e-08 1.08719e-09 1.08719e-09 1.08719e-09 1.81198e-09 2.17438e-09 2.82198e-08
scan 800 500 95 0 0 0 0 0 0 0 0 0
scan 800 500 96 0 0 0 0 0 0 0 0 0
scan 800 500 97 0 0 0 0 0 0 0 0 0
scan 800 500 98 0 0 0 0 0 0 0 0 0
scan 800 500 99 0 0 0 0 0 0 0 0 0
scan 800 500 100 0 0 0 0 0 0 0 0 0
scan 800 500 101 0 0 0 0 0 0 0 0 0
scan 800 500 102 1.08719e-07 0 6.2769e-08 3.26157e-09 3.26157e-09 3.26157e-09 5.43595e-09 6.52315e-09 8.46593e-08
scan 800 500 103 3.26157e-07 0 1.08719e-07 9.78472e-09 9.78472e-09 9.78472e-09 1.63079e-08 1.95694e-08 2.53978e-07
scan 800 500 104 3.98637e-07 0 1.20193e-07 1.19591e-08 1.19591e-08 1.19591e-08 1.99318e-08 2.39182e-08 3.10418e-07
scan 800 500 60 0 0 0 0 0 0 0 0
scan 800 500 61 0 0 0 0 0 0 0 0
scan 800 500 62 0 0 0 0 0 0 0 0
scan 800 500 63 0 0 0 0 0 0 0 0
scan 800 500 64 0 0 0 0 0 0 0 0
scan 800 500 65 0 0 0 0 0 0 0 0
scan 800 500 66 0 0 0 0 0 0 0 0
scan 800 500 67 0 0 0 0 0 0 0 0
scan 800 500 68 0 0 0 0 0 0 0 0
scan 800 500 69 0 0 0 0 0 0 0 0
scan 800 500 70 0 0 0 0 0 0 0 0
scan 800 500 71 0 0 0 0 0 0 0 0
scan 800 500 72 0 0 0 0 0 0 0 0
scan 800 500 73 0 0 0 0 0 0 0 0
scan 800 500 74 0 0 0 0 0 0 0 0
scan 800 500 120 0 0 0 0 0 0 0 0 0
scan 800 500 121 0 0 0 0 0 0 0 0 0
scan 800 500 122 0 0 0 0 0 0 0 0 0
scan 800 500 123 0 0 0 0 0 0 0 0 0
scan 800 500 124 0 0 0 0 0 0 0 0 0
scan 800 500 125 0 0 0 0 0 0 0 0 0
scan 800 500 126 0 0 0 0 0 0 0 0 0
scan 800 500 127 0 0 0 0 0 0 0 0 0
scan 800 500 128 0 0 0 0 0 0 0 0 0
scan 800 500 129 0 0 0 0 0 0 0 0 0
scan 800 500 130 0 0 0 0 0 0 0 0 0
scan 800 500 131 0 0 0 0 0 0 0 0 0
scan 800 500 132 0 0 0 0 0 0 0 0 0
scan 800 500 133 0 0 0 0 0 0 0 0 0
scan 800 500 134 7.24794e-08 0 5.12507e-08 2.17438e-09 2.17438e-09 2.17438e-09 3.62397e-09 4.34876e-09 5.64396e-08
scan 800 500 135 1.08719e-07 0 6.2769e-08 3.26157e-09 3.26157e-09 3.26157e-09 5.43595e-09 6.52315e-09 8.46593e-08
scan 800 500 136 3.62397e-08 0 3.62397e-08 1.08719e-09 1.08719e-09 1.08719e-09 1.81198e-09 2.17438e-09 2.82198e-08
scan 800 500 137 3.62397e-08 0 3.62397e-08 1.08719e-09 1.08719e-09 1.08719e-09 1.81198e-09 2.17438e-09 2.82198e-08
scan 800 500 138 7.24794e-08 0 5.12507e-08 2.17438e-09 2.17438e-09 2.17438e-09 3.62397e-09 4.34876e-09 5.64396e-08
scan 800 500 139 1.08719e-07 0 6.2769e-08 3.26157e-09 3.26157e-09 3.26157e-09 5.43595e-09 6.52315e-09 8.46593e-08
scan 800 500 140 0 0 0 0 0 0 0 0 0
scan 800 500 141 0 0 0 0 0 0 0 0 0
scan 800 500 142 0 0 0 0 0 0 0 0 0
scan 800 500 143 3.62397e-08 0 3.62397e-08 1.08719e-09 1.08719e-09 1.08719e-09 1.81198e-09 2.17438e-09 2.82198e-08
scan 800 500 144 3.62397e-08 0 3.62397e-08 1.08719e-09 1.08719e-09 1.08719e-09 1.81198e-09 2.17438e-09 2.82198e-08
scan 800 500 145 0 0 0 0 0 0 0 0 0
scan 800 500 146 0 0 0 0 0 0 0 0 0
scan 800 500 147 3.62397e-08 0 3.62397e-08 1.08719e-09 1.08719e-09 1.08719e-09 1.81198e-09 2.17438e-09 2.82198e-08
scan 800 500 148 0 0 0 0 0 0 0 0 0
scan 800 500 149 1.44959e-07 0 7.24794e-08 4.34876e-09 4.34876e-09 4.34876e-09 7.24794e-09 8.69753e-09 1.12879e-07
scan 800 500 60 0 0 0 0 0 0 0 0
scan 800 500 61 0 0 0 0 0 0 0 0
scan 800 500 62 0 0 0 0 0 0 0 0
scan 800 500 63 0 0 0 0 0 0 0 0
scan 800 500 64 0 0 0 0 0 0 0 0
scan 800 500 65 0 0 0 0 0 0 0 0
scan 800 500 66 0 0 0 0 0 0 0 0
scan 800 500 67 0 0 0 0 0 0 0 0
scan 800 500 68 0 0 0 0 0 0 0 0
scan 800 500 69 0 0 0 0 0 0 0 0
scan 800 500 70 0 0 0 0 0 0 0 0
scan 800 500 71 0 0 0 0 0 0 0 0
scan 800 500 72 0 0 0 0 0 0 0 0
scan 800 500 73 0 0 0 0 0 0 0 0
scan 800 500 74 0 0 0 0 0 0 0 0
scan 800 500 165 0 0 0 0 0 0 0 0 0
scan 800 500 166 0 0 0 0 0 0 0 0 0
scan 800 500 167 3.62397e-08 0 3.62397e-08 1.08719e-09 1.08719e-09 1.08719e-09 1.81198e-09 2.17438e-09 2.82198e-08
scan 800 500 168 0 0 0 0 0 0 0 0 0
scan 800 500 169 1.44959e-07 0 7.24794e-08 4.34876e-09 4.34876e-09 4.34876e-09 7.24794e-09 8.69753e-09 1.12879e-07
scan 800 500 170 0 0 0 0 0 0 0 0 0
scan 800 500 171 0 0 0 0 0 0 0 0 0
scan 800 500 172 0 0 0 0 0 0 0 0 0
scan 800 500 173 0 0 0 0 0 0 0 0 0
scan 800 500 174 3.62397e-08 0 3.62397e-08 1.08719e-09 1.08719e-09 1.08719e-09 1.81198e-09 2.17438e-09 2.82198e-08
scan 800 500 175 0 0 0 0 0 0 0 0 0
scan 800 500 176 0 0 0 0 0 0 0 0 0
scan 800 500 177 3.62397e-08 0 3.62397e-08 1.08719e-09 1.08719e-09 1.08719e-09 1.81198e-09 2.17438e-09 2.82198e-08
scan 800 500 178 0 0 0 0 0 0 0 0 0
scan 800 500 179 0 0 0 0 0 0 0 0 0
