400 300 0.0393429
scan 400 300 0 3.54139e-05 0 8.34713e-06 1.06242e-06 1.06242e-06 1.06242e-06 1.77069e-06 2.12483e-06 2.60185e-05
scan 400 300 1 4.72185e-05 0 9.63844e-06 1.41656e-06 1.41656e-06 1.41656e-06 2.36093e-06 2.83311e-06 3.46913e-05
scan 400 300 2 2.95116e-05 0 7.61985e-06 8.85347e-07 8.85347e-07 8.85347e-07 1.47558e-06 1.77069e-06 2.1682e-05
scan 400 300 3 9.83719e-06 0 4.39933e-06 2.95116e-07 2.95116e-07 2.95116e-07 4.9186e-07 5.90231e-07 7.22735e-06
scan 400 300 4 1.57395e-05 0 5.56476e-06 4.72185e-07 4.72185e-07 4.72185e-07 7.86975e-07 9.4437e-07 1.15638e-05
scan 400 300 5 7.86975e-06 0 3.93488e-06 2.36093e-07 2.36093e-07 2.36093e-07 3.93488e-07 4.72185e-07 5.78188e-06
scan 400 300 6 1.37721e-05 0 5.20535e-06 4.13162e-07 4.13162e-07 4.13162e-07 6.88603e-07 8.26324e-07 1.01183e-05
scan 400 300 7 5.90231e-06 0 3.4077e-06 1.77069e-07 1.77069e-07 1.77069e-07 2.95116e-07 3.54139e-07 4.33641e-06
scan 400 300 8 3.93488e-06 0 2.78238e-06 1.18046e-07 1.18046e-07 1.18046e-07 1.96744e-07 2.36093e-07 2.89094e-06
scan 400 300 9 3.93488e-06 0 2.78238e-06 1.18046e-07 1.18046e-07 1.18046e-07 1.96744e-07 2.36093e-07 2.89094e-06
scan 400 300 10 1.96744e-06 0 1.96744e-06 5.90231e-08 5.90231e-08 5.90231e-08 9.83719e-08 1.18046e-07 1.44547e-06
scan 400 300 11 3.93488e-05 0 8.79865e-06 1.18046e-06 1.18046e-06 1.18046e-06 1.96744e-06 2.36093e-06 2.89094e-05
scan 400 300 12 5.31208e-05 0 1.02231e-05 1.59362e-06 1.59362e-06 1.59362e-06 2.65604e-06 3.18725e-06 3.90277e-05
scan 400 300 13 2.75441e-05 0 7.36148e-06 8.26324e-07 8.26324e-07 8.26324e-07 1.37721e-06 1.65265e-06 2.02366e-05
scan 400 300 14 2.95116e-05 0 7.61985e-06 8.85347e-07 8.85347e-07 8.85347e-07 1.47558e-06 1.77069e-06 2.1682e-05
scan 400 300 15 3.93488e-06 0 2.78238e-06 1.18046e-07 1.18046e-07 1.18046e-07 1.96744e-07 2.36093e-07 2.89094e-06
scan 400 300 16 9.83719e-06 0 4.39933e-06 2.95116e-07 2.95116e-07 2.95116e-07 4.9186e-07 5.90231e-07 7.22735e-06
scan 400 300 17 7.86975e-06 0 3.93488e-06 2.36093e-07 2.36093e-07 2.36093e-07 3.93488e-07 4.72185e-07 5.78188e-06
scan 400 300 18 1.96744e-06 0 1.96744e-06 5.90231e-08 5.90231e-08 5.90231e-08 9.83719e-08 1.18046e-07 1.44547e-06
scan 400 300 19 1.96744e-06 0 1.96744e-06 5.90231e-08 5.90231e-08 5.90231e-08 9.83719e-08 1.18046e-07 1.44547e-06
scan 400 300 20 1.96744e-06 0 1.96744e-06 5.90231e-08 5.90231e-08 5.90231e-08 9.83719e-08 1.18046e-07 1.44547e-06
scan 400 300 21 0 0 0 0 0 0 0 0 0
scan 400 300 22 0 0 0 0 0 0 0 0 0
scan 400 300 23 0 0 0 0 0 0 0 0 0
scan 400 300 24 0 0 0 0 0 0 0 0 0
scan 400 300 25 0 0 0 0 0 0 0 0 0
scan 400 300 26 0 0 0 0 0 0 0 0 0
scan 400 300 27 1.96744e-06 0 1.96744e-06 5.90231e-08 5.90231e-08 5.90231e-08 9.83719e-08 1.18046e-07 1.44547e-06
scan 400 300 28 0 0 0 0 0 0 0 0 0
scan 400 300 29 1.96744e-06 0 1.96744e-06 5.90231e-08 5.90231e-08 5.90231e-08 9.83719e-08 1.18046e-07 1.44547e-06
scan 400 300 30 3.93488e-06 0 2.78238e-06 1.18046e-07 1.18046e-07 1.18046e-07 1.96744e-07 2.36093e-07 2.89094e-06
scan 400 300 31 1.96744e-06 0 1.96744e-06 5.90231e-08 5.90231e-08 5.90231e-08 9.83719e-08 1.18046e-07 1.44547e-06
scan 400 300 32 0 0 0 0 0 0 0 0 0
scan 400 300 33 3.93488e-06 0 2.78238e-06 1.18046e-07 1.18046e-07 1.18046e-07 1.96744e-07 2.36093e-07 2.89094e-06
scan 400 300 34 3.93488e-06 0 2.78238e-06 1.18046e-07 1.18046e-07 1.18046e-07 1.96744e-07 2.36093e-07 2.89094e-06
scan 400 300 35 0 0 0 0 0 0 0 0 0
scan 400 300 36 0 0 0 0 0 0 0 0 0
scan 400 300 37 0 0 0 0 0 0 0 0 0
scan 400 300 38 0 0 0 0 0 0 0 0 0
scan 400 300 39 1.96744e-06 0 1.96744e-06 5.90231e-08 5.90231e-08 5.90231e-08 9.83719e-08 1.18046e-07 1.44547e-06
scan 400 300 40 1.96744e-06 0 1.96744e-06 5.90231e-08 5.90231e-08 5.90231e-08 9.83719e-08 1.18046e-07 1.44547e-06
scan 400 300 41 0 0 0 0 0 0 0 0 0
scan 400 300 42 5.90231e-06 0 3.4077e-06 1.77069e-07 1.77069e-07 1.77069e-07 2.95116e-07 3.54139e-07 4.33641e-06
scan 400 300 43 1.96744e-06 0 1.96744e-06 5.90231e-08 5.90231e-08 5.90231e-08 9.83719e-08 1.18046e-07 1.44547e-06
scan 400 300 44 0 0 0 0 0 0 0 0 0
scan 400 300 45 0 0 0 0 0 0 0 0 0
scan 400 300 46 0 0 0 0 0 0 0 0 0
scan 400 300 47 0 0 0 0 0 0 0 0 0
scan 400 300 48 0 0 0 0 0 0 0 0 0
scan 400 300 49 0 0 0 0 0 0 0 0 0
scan 400 300 50 0 0 0 0 0 0 0 0 0
scan 400 300 51 0 0 0 0 0 0 0 0 0
scan 400 300 52 0 0 0 0 0 0 0 0 0
scan 400 300 53 0 0 0 0 0 0 0 0 0
scan 400 300 54 0 0 0 0 0 0 0 0 0
scan 400 300 55 0 0 0 0 0 0 0 0 0
scan 400 300 56 0 0 0 0 0 0 0 0 0
scan 400 300 57 0 0 0 0 0 0 0 0 0
scan 400 300 58 0 0 0 0 0 0 0 0 0
scan 400 300 59 0 0 0 0 0 0 0 0 0
scan 400 300 60 0 0 0 0 0 0 0 0
scan 400 300 61 0 0 0 0 0 0 0 0
scan 400 300 62 0 0 0 0 0 0 0 0
scan 400 300 63 0 0 0 0 0 0 0 0
scan 400 300 64 0 0 0 0 0 0 0 0
scan 400 300 65 0 0 0 0 0 0 0 0
scan 400 300 66 0 0 0 0 0 0 0 0
scan 400 300 67 0 0 0 0 0 0 0 0
scan 400 300 68 0 0 0 0 0 0 0 0
scan 400 300 69 0 0 0 0 0 0 0 0
scan 400 300 70 0 0 0 0 0 0 0 0
scan 400 300 71 0 0 0 0 0 0 0 0
scan 400 300 72 0 0 0 0 0 0 0 0
scan 400 300 73 0 0 0 0 0 0 0 0
scan 400 300 74 0 0 0 0 0 0 0 0
scan 400 300 75 0 0 0 0 0 0 0 0 0
scan 400 300 76 0 0 0 0 0 0 0 0 0
scan 400 300 77 1.96744e-06 0 1.96744e-06 5.90231e-08 5.90231e-08 5.90231e-08 9.83719e-08 1.18046e-07 1.44547e-06
scan 400 300 78 0 0 0 0 0 0 0 0 0
scan 400 300 79 0 0 0 0 0 0 0 0 0
scan 400 300 80 0 0 0 0 0 0 0 0 0
scan 400 300 81 1.96744e-06 0 1.96744e-06 5.90231e-08 5.90231e-08 5.90231e-08 9.83719e-08 1.18046e-07 1.44547e-06
scan 400 300 82 0 0 0 0 0 0 0 0 0
scan 400 300 83 0 0 0 0 0 0 0 0 0
scan 400 300 84 0 0 0 0 0 0 0 0 0
scan 400 300 85 0 0 0 0 0 0 0 0 0
scan 400 300 86 0 0 0 0 0 0 0 0 0
scan 400 300 87 1.96744e-06 0 1.96744e-06 5.90231e-08 5.90231e-08 5.90231e-08 9.83719e-08 1.18046e-07 1.44547e-06
scan 400 300 88 0 0 0 0 0 0 0 0 0
scan 400 300 89 0 0 0 0 0 0 0 0 0
scan 400 300 90 0 0 0 0 0 0 0 0 0
scan 400 300 91 1.96744e-06 0 1.96744e-06 5.90231e-08 5.90231e-08 5.90231e-08 9.83719e-08 1.18046e-07 1.44547e-06
scan 400 300 92 0 0 0 0 0 0 0 0 0
scan 400 300 93 0 0 0 0 0 0 0 0 0
scan 400 300 94 0 0 0 0 0 0 0 0 0
scan 400 300 95 0 0 0 0 0 0 0 0 0
scan 400 300 96 0 0 0 0 0 0 0 0 0
scan 400 300 97 1.96744e-06 0 1.96744e-06 5.90231e-08 5.90231e-08 5.90231e-08 9.83719e-08 1.18046e-07 1.44547e-06
scan 400 300 98 0 0 0 0 0 0 0 0 0
scan 400 300 99 0 0 0 0 0 0 0 0 0
scan 400 300 100 0 0 0 0 0 0 0 0 0
scan 400 300 101 0 0 0 0 0 0 0 0 0
scan 400 300 102 1.96744e-06 0 1.96744e-06 5.90231e-08 5.90231e-08 5.90231e-08 9.83719e-08 1.18046e-07 1.44547e-06
scan 400 300 103 1.96744e-06 0 1.96744e-06 5.90231e-08 5.90231e-08 5.90231e-08 9.83719e-08 1.18046e-07 1.44547e-06
scan 400 300 104 0 0 0 0 0 0 0 0 0
scan 400 300 60 0 0 0 0 0 0 0 0
scan 400 300 61 0 0 0 0 0 0 0 0
scan 400 300 62 0 0 0 0 0 0 0 0
scan 400 300 63 0 0 0 0 0 0 0 0
scan 400 300 64 0 0 0 0 0 0 0 0
scan 400 300 65 0 0 0 0 0 0 0 0
scan 400 300 66 0 0 0 0 0 0 0 0
scan 400 300 67 0 0 0 0 0 0 0 0
scan 400 300 68 0 0 0 0 0 0 0 0
scan 400 300 69 0 0 0 0 0 0 0 0
scan 400 300 70 0 0 0 0 0 0 0 0
scan 400 300 71 0 0 0 0 0 0 0 0
scan 400 300 72 0 0 0 0 0 0 0 0
scan 400 300 73 0 0 0 0 0 0 0 0
scan 400 300 74 0 0 0 0 0 0 0 0
scan 400 300 120 0 0 0 0 0 0 0 0 0
scan 400 300 121 0 0 0 0 0 0 0 0 0
scan 400 300 122 0 0 0 0 0 0 0 0 0
scan 400 300 123 0 0 0 0 0 0 0 0 0
scan 400 300 124 0 0 0 0 0 0 0 0 0
scan 400 300 125 0 0 0 0 0 0 0 0 0
scan 400 300 126 1.96744e-06 0 1.96744e-06 5.90231e-08 5.90231e-08 5.90231e-08 9.83719e-08 1.18046e-07 1.44547e-06
scan 400 300 127 1.96744e-06 0 1.96744e-06 5.90231e-08 5.90231e-08 5.90231e-08 9.83719e-08 1.18046e-07 1.44547e-06
scan 400 300 128 0 0 0 0 0 0 0 0 0
scan 400 300 129 0 0 0 0 0 0 0 0 0
scan 400 300 130 0 0 0 0 0 0 0 0 0
scan 400 300 131 0 0 0 0 0 0 0 0 0
scan 400 300 132 1.96744e-06 0 1.96744e-06 5.90231e-08 5.90231e-08 5.90231e-08 9.83719e-08 1.18046e-07 1.44547e-06
scan 400 300 133 0 0 0 0 0 0 0 0 0
scan 400 300 134 0 0 0 0 0 0 0 0 0
scan 400 300 135 1.96744e-06 0 1.96744e-06 5.90231e-08 5.90231e-08 5.90231e-08 9.83719e-08 1.18046e-07 1.44547e-06
scan 400 300 136 3.93488e-06 0 2.78238e-06 1.18046e-07 1.18046e-07 1.18046e-07 1.96744e-07 2.36093e-07 2.89094e-06
scan 400 300 137 0 0 0 0 0 0 0 0 0
scan 400 300 138 0 0 0 0 0 0 0 0 0
scan 400 300 139 0 0 0 0 0 0 0 0 0
scan 400 300 140 0 0 0 0 0 0 0 0 0
scan 400 300 141 0 0 0 0 0 0 0 0 0
scan 400 300 142 0 0 0 0 0 0 0 0 0
scan 400 300 143 0 0 0 0 0 0 0 0 0
scan 400 300 144 0 0 0 0 0 0 0 0 0
scan 400 300 145 0 0 0 0 0 0 0 0 0
scan 400 300 146 0 0 0 0 0 0 0 0 0
scan 400 300 147 0 0 0 0 0 0 0 0 0
scan 400 300 148 0 0 0 0 0 0 0 0 0
scan 400 300 149 0 0 0 0 0 0 0 0 0
scan 400 300 60 0 0 0 0 0 0 0 0
scan 400 300 61 0 0 0 0 0 0 0 0
scan 400 300 62 0 0 0 0 0 0 0 0
scan 400 300 63 0 0 0 0 0 0 0 0
scan 400 300 64 0 0 0 0 0 0 0 0
scan 400 300 65 0 0 0 0 0 0 0 0
scan 400 300 66 0 0 0 0 0 0 0 0
scan 400 300 67 0 0 0 0 0 0 0 0
scan 400 300 68 0 0 0 0 0 0 0 0
scan 400 300 69 0 0 0 0 0 0 0 0
scan 400 300 70 0 0 0 0 0 0 0 0
scan 400 300 71 0 0 0 0 0 0 0 0
scan 400 300 72 0 0 0 0 0 0 0 0
scan 400 300 73 0 0 0 0 0 0 0 0
scan 400 300 74 0 0 0 0 0 0 0 0
scan 400 300 165 0 0 0 0 0 0 0 0 0
scan 400 300 166 1.96744e-06 0 1.96744e-06 5.90231e-08 5.90231e-08 5.90231e-08 9.83719e-08 1.18046e-07 1.44547e-06
scan 400 300 167 0 0 0 0 0 0 0 0 0
scan 400 300 168 0 0 0 0 0 0 0 0 0
scan 400 300 169 0 0 0 0 0 0 0 0 0
scan 400 300 170 0 0 0 0 0 0 0 0 0
scan 400 300 171 0 0 0 0 0 0 0 0 0
scan 400 300 172 0 0 0 0 0 0 0 0 0
scan 400 300 173 0 0 0 0 0 0 0 0 0
scan 400 300 174 0 0 0 0 0 0 0 0 0
scan 400 300 175 0 0 0 0 0 0 0 0 0
scan 400 300 176 0 0 0 0 0 0 0 0 0
scan 400 300 177 0 0 0 0 0 0 0 0 0
scan 400 300 178 0 0 0 0 0 0 0 0 0
scan 400 300 179 0 0 0 0 0 0 0 0 0
