850 50 0.000467488
scan 850 50 0 0 0 0 0 0 0 0 0 0
scan 850 50 1 5.21605e-08 0 3.6883e-08 1.56481e-09 1.56481e-09 1.56481e-09 2.60802e-09 3.12963e-09 4.07542e-08
scan 850 50 2 1.56481e-07 0 6.38833e-08 4.69444e-09 4.69444e-09 4.69444e-09 7.82407e-09 9.38888e-09 1.22263e-07
scan 850 50 3 1.04321e-07 0 5.21605e-08 3.12963e-09 3.12963e-09 3.12963e-09 5.21605e-09 6.25926e-09 8.15084e-08
scan 850 50 4 3.12963e-07 0 9.03446e-08 9.38888e-09 9.38888e-09 9.38888e-09 1.56481e-08 1.87778e-08 2.44525e-07
scan 850 50 5 0 0 0 0 0 0 0 0 0
scan 850 50 6 2.60802e-08 0 2.60802e-08 7.82407e-10 7.82407e-10 7.82407e-10 1.30401e-09 1.56481e-09 2.03771e-08
scan 850 50 7 0 0 0 0 0 0 0 0 0
scan 850 50 8 2.60802e-08 0 2.60802e-08 7.82407e-10 7.82407e-10 7.82407e-10 1.30401e-09 1.56481e-09 2.03771e-08
scan 850 50 9 0 0 0 0 0 0 0 0 0
scan 850 50 10 0 0 0 0 0 0 0 0 0
scan 850 50 11 7.82407e-08 0 4.51723e-08 2.34722e-09 2.34722e-09 2.34722e-09 3.91204e-09 4.69444e-09 6.11313e-08
scan 850 50 12 2.34722e-07 0 7.82407e-08 7.04166e-09 7.04166e-09 7.04166e-09 1.17361e-08 1.40833e-08 1.83394e-07
scan 850 50 13 2.86883e-07 0 8.64984e-08 8.60648e-09 8.60648e-09 8.60648e-09 1.43441e-08 1.7213e-08 2.24148e-07
scan 850 50 14 2.86883e-06 0 2.73532e-07 8.60648e-08 8.60648e-08 8.60648e-08 1.43441e-07 1.7213e-07 2.24148e-06
scan 850 50 15 5.21605e-08 0 3.6883e-08 1.56481e-09 1.56481e-09 1.56481e-09 2.60802e-09 3.12963e-09 4.07542e-08
scan 850 50 16 7.82407e-08 0 4.51723e-08 2.34722e-09 2.34722e-09 2.34722e-09 3.91204e-09 4.69444e-09 6.11313e-08
scan 850 50 17 2.60802e-08 0 2.60802e-08 7.82407e-10 7.82407e-10 7.82407e-10 1.30401e-09 1.56481e-09 2.03771e-08
scan 850 50 18 7.82407e-08 0 4.51723e-08 2.34722e-09 2.34722e-09 2.34722e-09 3.91204e-09 4.69444e-09 6.11313e-08
scan 850 50 19 2.60802e-07 0 8.24729e-08 7.82407e-09 7.82407e-09 7.82407e-09 1.30401e-08 1.56481e-08 2.03771e-07
scan 850 50 20 2.60802e-08 0 2.60802e-08 7.82407e-10 7.82407e-10 7.82407e-10 1.30401e-09 1.56481e-09 2.03771e-08
scan 850 50 21 2.60802e-08 0 2.60802e-08 7.82407e-10 7.82407e-10 7.82407e-10 1.30401e-09 1.56481e-09 2.03771e-08
scan 850 50 22 0 0 0 0 0 0 0 0 0
scan 850 50 23 0 0 0 0 0 0 0 0 0
scan 850 50 24 1.04321e-07 0 5.21605e-08 3.12963e-09 3.12963e-09 3.12963e-09 5.21605e-09 6.25926e-09 8.15084e-08
scan 850 50 25 5.21605e-08 0 3.6883e-08 1.56481e-09 1.56481e-09 1.56481e-09 2.60802e-09 3.12963e-09 4.07542e-08
scan 850 50 26 7.82407e-08 0 4.51723e-08 2.34722e-09 2.34722e-09 2.34722e-09 3.91204e-09 4.69444e-09 6.11313e-08
scan 850 50 27 2.34722e-07 0 7.82407e-08 7.04166e-09 7.04166e-09 7.04166e-09 1.17361e-08 1.40833e-08 1.83394e-07
scan 850 50 28 3.12963e-07 0 9.03446e-08 9.38888e-09 9.38888e-09 9.38888e-09 1.56481e-08 1.87778e-08 2.44525e-07
scan 850 50 29 2.29506e-06 0 2.44654e-07 6.88518e-08 6.88518e-08 6.88518e-08 1.14753e-07 1.37704e-07 1.79319e-06
scan 850 50 30 1.22577e-06 0 1.78797e-07 3.67731e-08 3.67731e-08 3.67731e-08 6.12886e-08 7.35463e-08 9.57724e-07
scan 850 50 31 2.08642e-06 0 2.33269e-07 6.25926e-08 6.25926e-08 6.25926e-08 1.04321e-07 1.25185e-07 1.63017e-06
scan 850 50 32 2.89491e-06 0 2.74772e-07 8.68472e-08 8.68472e-08 8.68472e-08 1.44745e-07 1.73694e-07 2.26186e-06
scan 850 50 33 2.66018e-06 0 2.63397e-07 7.98055e-08 7.98055e-08 7.98055e-08 1.33009e-07 1.59611e-07 2.07846e-06
scan 850 50 34 1.33009e-05 0 5.88975e-07 3.99028e-07 3.99028e-07 3.99028e-07 6.65046e-07 7.98055e-07 1.03923e-05
scan 850 50 35 2.60802e-07 0 8.24729e-08 7.82407e-09 7.82407e-09 7.82407e-09 1.30401e-08 1.56481e-08 2.03771e-07
scan 850 50 36 7.56327e-07 0 1.40446e-07 2.26898e-08 2.26898e-08 2.26898e-08 3.78163e-08 4.53796e-08 5.90936e-07
scan 850 50 37 9.38888e-07 0 1.56481e-07 2.81667e-08 2.81667e-08 2.81667e-08 4.69444e-08 5.63333e-08 7.33576e-07
scan 850 50 38 9.64969e-07 0 1.5864e-07 2.89491e-08 2.89491e-08 2.89491e-08 4.82484e-08 5.78981e-08 7.53953e-07
scan 850 50 39 5.58117e-06 0 3.81521e-07 1.67435e-07 1.67435e-07 1.67435e-07 2.79059e-07 3.3487e-07 4.3607e-06
scan 850 50 40 5.21605e-07 0 1.16634e-07 1.56481e-08 1.56481e-08 1.56481e-08 2.60802e-08 3.12963e-08 4.07542e-07
scan 850 50 41 3.31219e-06 0 2.93909e-07 9.93657e-08 9.93657e-08 9.93657e-08 1.65609e-07 1.98731e-07 2.58789e-06
scan 850 50 42 6.5983e-06 0 4.14832e-07 1.97949e-07 1.97949e-07 1.97949e-07 3.29915e-07 3.95898e-07 5.15541e-06
scan 850 50 43 8.65864e-06 0 4.75205e-07 2.59759e-07 2.59759e-07 2.59759e-07 4.32932e-07 5.19518e-07 6.7652e-06
scan 850 50 44 0.000101087 0 1.62369e-06 3.03261e-06 3.03261e-06 3.03261e-06 5.05435e-06 6.06522e-06 7.89817e-05
scan 850 50 45 5.21605e-08 0 3.6883e-08 1.56481e-09 1.56481e-09 1.56481e-09 2.60802e-09 3.12963e-09 4.07542e-08
scan 850 50 46 5.21605e-08 0 3.6883e-08 1.56481e-09 1.56481e-09 1.56481e-09 2.60802e-09 3.12963e-09 4.07542e-08
scan 850 50 47 5.21605e-08 0 3.6883e-08 1.56481e-09 1.56481e-09 1.56481e-09 2.60802e-09 3.12963e-09 4.07542e-08
scan 850 50 48 0 0 0 0 0 0 0 0 0
scan 850 50 49 0 0 0 0 0 0 0 0 0
scan 850 50 50 0 0 0 0 0 0 0 0 0
scan 850 50 51 0 0 0 0 0 0 0 0 0
scan 850 50 52 0 0 0 0 0 0 0 0 0
scan 850 50 53 0 0 0 0 0 0 0 0 0
scan 850 50 54 0 0 0 0 0 0 0 0 0
scan 850 50 55 0 0 0 0 0 0 0 0 0
scan 850 50 56 2.60802e-08 0 2.60802e-08 7.82407e-10 7.82407e-10 7.82407e-10 1.30401e-09 1.56481e-09 2.03771e-08
scan 850 50 57 2.60802e-08 0 2.60802e-08 7.82407e-10 7.82407e-10 7.82407e-10 1.30401e-09 1.56481e-09 2.03771e-08
scan 850 50 58 0 0 0 0 0 0 0 0 0
scan 850 50 59 1.82562e-07 0 6.90018e-08 5.47685e-09 5.47685e-09 5.47685e-09 9.12808e-09 1.09537e-08 1.4264e-07
scan 850 50 60 0 0 0 0 0 0 0 0
scan 850 50 61 0 0 0 0 0 0 0 0
scan 850 50 62 0 0 0 0 0 0 0 0
scan 850 50 63 0 0 0 0 0 0 0 0
scan 850 50 64 0 0 0 0 0 0 0 0
scan 850 50 65 0 0 0 0 0 0 0 0
scan 850 50 66 0 0 0 0 0 0 0 0
scan 850 50 67 0 0 0 0 0 0 0 0
scan 850 50 68 0 0 0 0 0 0 0 0
scan 850 50 69 0 0 0 0 0 0 0 0
scan 850 50 70 0 0 0 0 0 0 0 0
scan 850 50 71 0 0 0 0 0 0 0 0
scan 850 50 72 0 0 0 0 0 0 0 0
scan 850 50 73 0 0 0 0 0 0 0 0
scan 850 50 74 0 0 0 0 0 0 0 0
scan 850 50 75 5.21605e-08 0 3.6883e-08 1.56481e-09 1.56481e-09 1.56481e-09 2.60802e-09 3.12963e-09 4.07542e-08
scan 850 50 76 0 0 0 0 0 0 0 0 0
scan 850 50 77 1.30401e-07 0 5.83172e-08 3.91204e-09 3.91204e-09 3.91204e-09 6.52006e-09 7.82407e-09 1.01886e-07
scan 850 50 78 5.21605e-08 0 3.6883e-08 1.56481e-09 1.56481e-09 1.56481e-09 2.60802e-09 3.12963e-09 4.07542e-08
scan 850 50 79 7.82407e-08 0 4.51723e-08 2.34722e-09 2.34722e-09 2.34722e-09 3.91204e-09 4.69444e-09 6.11313e-08
scan 850 50 80 0 0 0 0 0 0 0 0 0
scan 850 50 81 0 0 0 0 0 0 0 0 0
scan 850 50 82 2.60802e-08 0 2.60802e-08 7.82407e-10 7.82407e-10 7.82407e-10 1.30401e-09 1.56481e-09 2.03771e-08
scan 850 50 83 0 0 0 0 0 0 0 0 0
scan 850 50 84 0 0 0 0 0 0 0 0 0
scan 850 50 85 0 0 0 0 0 0 0 0 0
scan 850 50 86 2.60802e-08 0 2.60802e-08 7.82407e-10 7.82407e-10 7.82407e-10 1.30401e-09 1.56481e-09 2.03771e-08
scan 850 50 87 1.04321e-07 0 5.21605e-08 3.12963e-09 3.12963e-09 3.12963e-09 5.21605e-09 6.25926e-09 8.15084e-08
scan 850 50 88 1.04321e-07 0 5.21605e-08 3.12963e-09 3.12963e-09 3.12963e-09 5.21605e-09 6.25926e-09 8.15084e-08
scan 850 50 89 8.86728e-07 0 1.52073e-07 2.66018e-08 2.66018e-08 2.66018e-08 4.43364e-08 5.32037e-08 6.92822e-07
scan 850 50 90 5.21605e-08 0 3.6883e-08 1.56481e-09 1.56481e-09 1.56481e-09 2.60802e-09 3.12963e-09 4.07542e-08
scan 850 50 91 5.21605e-08 0 3.6883e-08 1.56481e-09 1.56481e-09 1.56481e-09 2.60802e-09 3.12963e-09 4.07542e-08
scan 850 50 92 5.21605e-08 0 3.6883e-08 1.56481e-09 1.56481e-09 1.56481e-09 2.60802e-09 3.12963e-09 4.07542e-08
scan 850 50 93 2.60802e-08 0 2.60802e-08 7.82407e-10 7.82407e-10 7.82407e-10 1.30401e-09 1.56481e-09 2.03771e-08
scan 850 50 94 0 0 0 0 0 0 0 0 0
scan 850 50 95 0 0 0 0 0 0 0 0 0
scan 850 50 96 0 0 0 0 0 0 0 0 0
scan 850 50 97 0 0 0 0 0 0 0 0 0
scan 850 50 98 2.60802e-08 0 2.60802e-08 7.82407e-10 7.82407e-10 7.82407e-10 1.30401e-09 1.56481e-09 2.03771e-08
scan 850 50 99 2.60802e-08 0 2.60802e-08 7.82407e-10 7.82407e-10 7.82407e-10 1.30401e-09 1.56481e-09 2.03771e-08
scan 850 50 100 2.60802e-08 0 2.60802e-08 7.82407e-10 7.82407e-10 7.82407e-10 1.30401e-09 1.56481e-09 2.03771e-08
scan 850 50 101 5.21605e-08 0 3.6883e-08 1.56481e-09 1.56481e-09 1.56481e-09 2.60802e-09 3.12963e-09 4.07542e-08
scan 850 50 102 2.86883e-07 0 8.64984e-08 8.60648e-09 8.60648e-09 8.60648e-09 1.43441e-08 1.7213e-08 2.24148e-07
scan 850 50 103 1.04321e-07 0 5.21605e-08 3.12963e-09 3.12963e-09 3.12963e-09 5.21605e-09 6.25926e-09 8.15084e-08
scan 850 50 104 3.65123e-07 0 9.75833e-08 1.09537e-08 1.09537e-08 1.09537e-08 1.82562e-08 2.19074e-08 2.8528e-07
scan 850 50 60 0 0 0 0 0 0 0 0
scan 850 50 61 0 0 0 0 0 0 0 0
scan 850 50 62 0 0 0 0 0 0 0 0
scan 850 50 63 0 0 0 0 0 0 0 0
scan 850 50 64 0 0 0 0 0 0 0 0
scan 850 50 65 0 0 0 0 0 0 0 0
scan 850 50 66 0 0 0 0 0 0 0 0
scan 850 50 67 0 0 0 0 0 0 0 0
scan 850 50 68 0 0 0 0 0 0 0 0
scan 850 50 69 0 0 0 0 0 0 0 0
scan 850 50 70 0 0 0 0 0 0 0 0
scan 850 50 71 0 0 0 0 0 0 0 0
scan 850 50 72 0 0 0 0 0 0 0 0
scan 850 50 73 0 0 0 0 0 0 0 0
scan 850 50 74 0 0 0 0 0 0 0 0
scan 850 50 120 7.82407e-08 0 4.51723e-08 2.34722e-09 2.34722e-09 2.34722e-09 3.91204e-09 4.69444e-09 6.11313e-08
scan 850 50 121 1.30401e-07 0 5.83172e-08 3.91204e-09 3.91204e-09 3.91204e-09 6.52006e-09 7.82407e-09 1.01886e-07
scan 850 50 122 1.04321e-07 0 5.21605e-08 3.12963e-09 3.12963e-09 3.12963e-09 5.21605e-09 6.25926e-09 8.15084e-08
scan 850 50 123 2.34722e-07 0 7.82407e-08 7.04166e-09 7.04166e-09 7.04166e-09 1.17361e-08 1.40833e-08 1.83394e-07
scan 850 50 124 3.91204e-07 0 1.01008e-07 1.17361e-08 1.17361e-08 1.17361e-08 1.95602e-08 2.34722e-08 3.05657e-07
scan 850 50 125 0 0 0 0 0 0 0 0 0
scan 850 50 126 7.82407e-08 0 4.51723e-08 2.34722e-09 2.34722e-09 2.34722e-09 3.91204e-09 4.69444e-09 6.11313e-08
scan 850 50 127 5.21605e-08 0 3.6883e-08 1.56481e-09 1.56481e-09 1.56481e-09 2.60802e-09 3.12963e-09 4.07542e-08
scan 850 50 128 0 0 0 0 0 0 0 0 0
scan 850 50 129 7.82407e-08 0 4.51723e-08 2.34722e-09 2.34722e-09 2.34722e-09 3.91204e-09 4.69444e-09 6.11313e-08
scan 850 50 130 0 0 0 0 0 0 0 0 0
scan 850 50 131 1.56481e-07 0 6.38833e-08 4.69444e-09 4.69444e-09 4.69444e-09 7.82407e-09 9.38888e-09 1.22263e-07
scan 850 50 132 2.08642e-07 0 7.3766e-08 6.25926e-09 6.25926e-09 6.25926e-09 1.04321e-08 1.25185e-08 1.63017e-07
scan 850 50 133 2.08642e-07 0 7.3766e-08 6.25926e-09 6.25926e-09 6.25926e-09 1.04321e-08 1.25185e-08 1.63017e-07
scan 850 50 134 2.34722e-06 0 2.47419e-07 7.04166e-08 7.04166e-08 7.04166e-08 1.17361e-07 1.40833e-07 1.83394e-06
scan 850 50 135 0 0 0 0 0 0 0 0 0
scan 850 50 136 0 0 0 0 0 0 0 0 0
scan 850 50 137 2.60802e-08 0 2.60802e-08 7.82407e-10 7.82407e-10 7.82407e-10 1.30401e-09 1.56481e-09 2.03771e-08
scan 850 50 138 0 0 0 0 0 0 0 0 0
scan 850 50 139 1.04321e-07 0 5.21605e-08 3.12963e-09 3.12963e-09 3.12963e-09 5.21605e-09 6.25926e-09 8.15084e-08
scan 850 50 140 0 0 0 0 0 0 0 0 0
scan 850 50 141 0 0 0 0 0 0 0 0 0
scan 850 50 142 0 0 0 0 0 0 0 0 0
scan 850 50 143 2.60802e-08 0 2.60802e-08 7.82407e-10 7.82407e-10 7.82407e-10 1.30401e-09 1.56481e-09 2.03771e-08
scan 850 50 144 0 0 0 0 0 0 0 0 0
scan 850 50 145 2.60802e-08 0 2.60802e-08 7.82407e-10 7.82407e-10 7.82407e-10 1.30401e-09 1.56481e-09 2.03771e-08
scan 850 50 146 2.60802e-08 0 2.60802e-08 7.82407e-10 7.82407e-10 7.82407e-10 1.30401e-09 1.56481e-09 2.03771e-08
scan 850 50 147 7.82407e-08 0 4.51723e-08 2.34722e-09 2.34722e-09 2.34722e-09 3.91204e-09 4.69444e-09 6.11313e-08
scan 850 50 148 0 0 0 0 0 0 0 0 0
scan 850 50 149 2.34722e-07 0 7.82407e-08 7.04166e-09 7.04166e-09 7.04166e-09 1.17361e-08 1.40833e-08 1.83394e-07
scan 850 50 60 0 0 0 0 0 0 0 0
scan 850 50 61 0 0 0 0 0 0 0 0
scan 850 50 62 0 0 0 0 0 0 0 0
scan 850 50 63 0 0 0 0 0 0 0 0
scan 850 50 64 0 0 0 0 0 0 0 0
scan 850 50 65 0 0 0 0 0 0 0 0
scan 850 50 66 0 0 0 0 0 0 0 0
scan 850 50 67 0 0 0 0 0 0 0 0
scan 850 50 68 0 0 0 0 0 0 0 0
scan 850 50 69 0 0 0 0 0 0 0 0
scan 850 50 70 0 0 0 0 0 0 0 0
scan 850 50 71 0 0 0 0 0 0 0 0
scan 850 50 72 0 0 0 0 0 0 0 0
scan 850 50 73 0 0 0 0 0 0 0 0
scan 850 50 74 0 0 0 0 0 0 0 0
scan 850 50 165 7.82407e-08 0 4.51723e-08 2.34722e-09 2.34722e-09 2.34722e-09 3.91204e-09 4.69444e-09 6.11313e-08
scan 850 50 166 1.04321e-07 0 5.21605e-08 3.12963e-09 3.12963e-09 3.12963e-09 5.21605e-09 6.25926e-09 8.15084e-08
scan 850 50 167 1.04321e-07 0 5.21605e-08 3.12963e-09 3.12963e-09 3.12963e-09 5.21605e-09 6.25926e-09 8.15084e-08
scan 850 50 168 1.30401e-07 0 5.83172e-08 3.91204e-09 3.91204e-09 3.91204e-09 6.52006e-09 7.82407e-09 1.01886e-07
scan 850 50 169 5.21605e-07 0 1.16634e-07 1.56481e-08 1.56481e-08 1.56481e-08 2.60802e-08 3.12963e-08 4.07542e-07
scan 850 50 170 2.60802e-08 0 2.60802e-08 7.82407e-10 7.82407e-10 7.82407e-10 1.30401e-09 1.56481e-09 2.03771e-08
scan 850 50 171 7.82407e-08 0 4.51723e-08 2.34722e-09 2.34722e-09 2.34722e-09 3.91204e-09 4.69444e-09 6.11313e-08
scan 850 50 172 5.21605e-08 0 3.6883e-08 1.56481e-09 1.56481e-09 1.56481e-09 2.60802e-09 3.12963e-09 4.07542e-08
scan 850 50 173 5.21605e-08 0 3.6883e-08 1.56481e-09 1.56481e-09 1.56481e-09 2.60802e-09 3.12963e-09 4.07542e-08
scan 850 50 174 5.21605e-08 0 3.6883e-08 1.56481e-09 1.56481e-09 1.56481e-09 2.60802e-09 3.12963e-09 4.07542e-08
scan 850 50 175 0 0 0 0 0 0 0 0 0
scan 850 50 176 5.21605e-08 0 3.6883e-08 1.56481e-09 1.56481e-09 1.56481e-09 2.60802e-09 3.12963e-09 4.07542e-08
scan 850 50 177 1.04321e-07 0 5.21605e-08 3.12963e-09 3.12963e-09 3.12963e-09 5.21605e-09 6.25926e-09 8.15084e-08
scan 850 50 178 2.08642e-07 0 7.3766e-08 6.25926e-09 6.25926e-09 6.25926e-09 1.04321e-08 1.25185e-08 1.63017e-07
scan 850 50 179 8.60648e-07 0 1.4982e-07 2.58194e-08 2.58194e-08 2.58194e-08 4.30324e-08 5.16389e-08 6.72445e-07
