650 250 0.00287701
scan 650 250 0 1.43858e-06 0 4.54918e-07 4.31573e-08 4.31573e-08 4.31573e-08 7.19289e-08 8.63146e-08 1.10545e-06
scan 650 250 1 1.43858e-06 0 4.54918e-07 4.31573e-08 4.31573e-08 4.31573e-08 7.19289e-08 8.63146e-08 1.10545e-06
scan 650 250 2 2.44558e-06 0 5.93141e-07 7.33674e-08 7.33674e-08 7.33674e-08 1.22279e-07 1.46735e-07 1.87927e-06
scan 650 250 3 3.16487e-06 0 6.74753e-07 9.49461e-08 9.49461e-08 9.49461e-08 1.58243e-07 1.89892e-07 2.432e-06
scan 650 250 4 1.17963e-05 0 1.30269e-06 3.5389e-07 3.5389e-07 3.5389e-07 5.89817e-07 7.0778e-07 9.06472e-06
scan 650 250 5 4.31573e-07 0 2.49169e-07 1.29472e-08 1.29472e-08 1.29472e-08 2.15787e-08 2.58944e-08 3.31636e-07
scan 650 250 6 5.75431e-07 0 2.87715e-07 1.72629e-08 1.72629e-08 1.72629e-08 2.87715e-08 3.45259e-08 4.42181e-07
scan 650 250 7 7.19289e-07 0 3.21676e-07 2.15787e-08 2.15787e-08 2.15787e-08 3.59644e-08 4.31573e-08 5.52727e-07
scan 650 250 8 2.87715e-07 0 2.03446e-07 8.63146e-09 8.63146e-09 8.63146e-09 1.43858e-08 1.72629e-08 2.21091e-07
scan 650 250 9 2.87715e-06 0 6.43351e-07 8.63146e-08 8.63146e-08 8.63146e-08 1.43858e-07 1.72629e-07 2.21091e-06
scan 650 250 10 0 0 0 0 0 0 0 0 0
scan 650 250 11 1.87015e-06 0 5.18686e-07 5.61045e-08 5.61045e-08 5.61045e-08 9.35075e-08 1.12209e-07 1.43709e-06
scan 650 250 12 6.4736e-06 0 9.65027e-07 1.94208e-07 1.94208e-07 1.94208e-07 3.2368e-07 3.88416e-07 4.97454e-06
scan 650 250 13 7.19289e-06 0 1.01723e-06 2.15787e-07 2.15787e-07 2.15787e-07 3.59644e-07 4.31573e-07 5.52727e-06
scan 650 250 14 4.31573e-05 0 2.49169e-06 1.29472e-06 1.29472e-06 1.29472e-06 2.15787e-06 2.58944e-06 3.31636e-05
scan 650 250 15 2.30172e-06 0 5.75431e-07 6.90517e-08 6.90517e-08 6.90517e-08 1.15086e-07 1.38103e-07 1.76873e-06
scan 650 250 16 3.02101e-06 0 6.59239e-07 9.06304e-08 9.06304e-08 9.06304e-08 1.51051e-07 1.81261e-07 2.32145e-06
scan 650 250 17 4.7473e-06 0 8.264e-07 1.42419e-07 1.42419e-07 1.42419e-07 2.37365e-07 2.84838e-07 3.648e-06
scan 650 250 18 5.03502e-06 0 8.51074e-07 1.51051e-07 1.51051e-07 1.51051e-07 2.51751e-07 3.02101e-07 3.86909e-06
scan 650 250 19 1.68314e-05 0 1.55606e-06 5.04941e-07 5.04941e-07 5.04941e-07 8.41568e-07 1.00988e-06 1.29338e-05
scan 650 250 20 2.87715e-07 0 2.03446e-07 8.63146e-09 8.63146e-09 8.63146e-09 1.43858e-08 1.72629e-08 2.21091e-07
scan 650 250 21 2.87715e-07 0 2.03446e-07 8.63146e-09 8.63146e-09 8.63146e-09 1.43858e-08 1.72629e-08 2.21091e-07
scan 650 250 22 1.29472e-06 0 4.31573e-07 3.88416e-08 3.88416e-08 3.88416e-08 6.4736e-08 7.76832e-08 9.94908e-07
scan 650 250 23 1.43858e-06 0 4.54918e-07 4.31573e-08 4.31573e-08 4.31573e-08 7.19289e-08 8.63146e-08 1.10545e-06
scan 650 250 24 3.88416e-06 0 7.47507e-07 1.16525e-07 1.16525e-07 1.16525e-07 1.94208e-07 2.3305e-07 2.98472e-06
scan 650 250 25 2.87715e-07 0 2.03446e-07 8.63146e-09 8.63146e-09 8.63146e-09 1.43858e-08 1.72629e-08 2.21091e-07
scan 650 250 26 3.30873e-06 0 6.89917e-07 9.92618e-08 9.92618e-08 9.92618e-08 1.65436e-07 1.98524e-07 2.54254e-06
scan 650 250 27 4.7473e-06 0 8.264e-07 1.42419e-07 1.42419e-07 1.42419e-07 2.37365e-07 2.84838e-07 3.648e-06
scan 650 250 28 6.32974e-06 0 9.54244e-07 1.89892e-07 1.89892e-07 1.89892e-07 3.16487e-07 3.79784e-07 4.86399e-06
scan 650 250 29 3.9417e-05 0 2.38127e-06 1.18251e-06 1.18251e-06 1.18251e-06 1.97085e-06 2.36502e-06 3.02894e-05
scan 650 250 30 7.33674e-06 0 1.02735e-06 2.20102e-07 2.20102e-07 2.20102e-07 3.66837e-07 4.40205e-07 5.63781e-06
scan 650 250 31 1.84138e-05 0 1.62756e-06 5.52414e-07 5.52414e-07 5.52414e-07 9.20689e-07 1.10483e-06 1.41498e-05
scan 650 250 32 2.70453e-05 0 1.97248e-06 8.11358e-07 8.11358e-07 8.11358e-07 1.35226e-06 1.62272e-06 2.07825e-05
scan 650 250 33 2.37365e-05 0 1.84789e-06 7.12096e-07 7.12096e-07 7.12096e-07 1.18683e-06 1.42419e-06 1.824e-05
scan 650 250 34 8.86164e-05 0 3.57045e-06 2.65849e-06 2.65849e-06 2.65849e-06 4.43082e-06 5.31698e-06 6.80959e-05
scan 650 250 35 1.007e-06 0 3.80612e-07 3.02101e-08 3.02101e-08 3.02101e-08 5.03502e-08 6.04202e-08 7.73817e-07
scan 650 250 36 2.15787e-06 0 5.57159e-07 6.4736e-08 6.4736e-08 6.4736e-08 1.07893e-07 1.29472e-07 1.65818e-06
scan 650 250 37 5.03502e-06 0 8.51074e-07 1.51051e-07 1.51051e-07 1.51051e-07 2.51751e-07 3.02101e-07 3.86909e-06
scan 650 250 38 6.4736e-06 0 9.65027e-07 1.94208e-07 1.94208e-07 1.94208e-07 3.2368e-07 3.88416e-07 4.97454e-06
scan 650 250 39 2.21541e-05 0 1.78523e-06 6.64623e-07 6.64623e-07 6.64623e-07 1.1077e-06 1.32925e-06 1.7024e-05
scan 650 250 40 2.15787e-06 0 5.57159e-07 6.4736e-08 6.4736e-08 6.4736e-08 1.07893e-07 1.29472e-07 1.65818e-06
scan 650 250 41 1.59682e-05 0 1.51564e-06 4.79046e-07 4.79046e-07 4.79046e-07 7.9841e-07 9.58092e-07 1.22705e-05
scan 650 250 42 2.4312e-05 0 1.87015e-06 7.29359e-07 7.29359e-07 7.29359e-07 1.2156e-06 1.45872e-06 1.86822e-05
scan 650 250 43 3.09294e-05 0 2.10937e-06 9.27882e-07 9.27882e-07 9.27882e-07 1.54647e-06 1.85576e-06 2.37672e-05
scan 650 250 44 0.000226288 0 5.70555e-06 6.78865e-06 6.78865e-06 6.78865e-06 1.13144e-05 1.35773e-05 0.000173888
scan 650 250 45 5.75431e-07 0 2.87715e-07 1.72629e-08 1.72629e-08 1.72629e-08 2.87715e-08 3.45259e-08 4.42181e-07
scan 650 250 46 7.19289e-07 0 3.21676e-07 2.15787e-08 2.15787e-08 2.15787e-08 3.59644e-08 4.31573e-08 5.52727e-07
scan 650 250 47 1.43858e-07 0 1.43858e-07 4.31573e-09 4.31573e-09 4.31573e-09 7.19289e-09 8.63146e-09 1.10545e-07
scan 650 250 48 0 0 0 0 0 0 0 0 0
scan 650 250 49 0 0 0 0 0 0 0 0 0
scan 650 250 50 0 0 0 0 0 0 0 0 0
scan 650 250 51 1.43858e-07 0 1.43858e-07 4.31573e-09 4.31573e-09 4.31573e-09 7.19289e-09 8.63146e-09 1.10545e-07
scan 650 250 52 0 0 0 0 0 0 0 0 0
scan 650 250 53 1.43858e-07 0 1.43858e-07 4.31573e-09 4.31573e-09 4.31573e-09 7.19289e-09 8.63146e-09 1.10545e-07
scan 650 250 54 0 0 0 0 0 0 0 0 0
scan 650 250 55 0 0 0 0 0 0 0 0 0
scan 650 250 56 0 0 0 0 0 0 0 0 0
scan 650 250 57 4.31573e-07 0 2.49169e-07 1.29472e-08 1.29472e-08 1.29472e-08 2.15787e-08 2.58944e-08 3.31636e-07
scan 650 250 58 1.43858e-07 0 1.43858e-07 4.31573e-09 4.31573e-09 4.31573e-09 7.19289e-09 8.63146e-09 1.10545e-07
scan 650 250 59 4.31573e-07 0 2.49169e-07 1.29472e-08 1.29472e-08 1.29472e-08 2.15787e-08 2.58944e-08 3.31636e-07
scan 650 250 60 0 0 0 0 0 0 0 0
scan 650 250 61 0 0 0 0 0 0 0 0
scan 650 250 62 0 0 0 0 0 0 0 0
scan 650 250 63 0 0 0 0 0 0 0 0
scan 650 250 64 0 0 0 0 0 0 0 0
scan 650 250 65 0 0 0 0 0 0 0 0
scan 650 250 66 0 0 0 0 0 0 0 0
scan 650 250 67 0 0 0 0 0 0 0 0
scan 650 250 68 0 0 0 0 0 0 0 0
scan 650 250 69 0 0 0 0 0 0 0 0
scan 650 250 70 0 0 0 0 0 0 0 0
scan 650 250 71 0 0 0 0 0 0 0 0
scan 650 250 72 0 0 0 0 0 0 0 0
scan 650 250 73 0 0 0 0 0 0 0 0
scan 650 250 74 0 0 0 0 0 0 0 0
scan 650 250 75 1.43858e-07 0 1.43858e-07 4.31573e-09 4.31573e-09 4.31573e-09 7.19289e-09 8.63146e-09 1.10545e-07
scan 650 250 76 0 0 0 0 0 0 0 0 0
scan 650 250 77 0 0 0 0 0 0 0 0 0
scan 650 250 78 0 0 0 0 0 0 0 0 0
scan 650 250 79 0 0 0 0 0 0 0 0 0
scan 650 250 80 0 0 0 0 0 0 0 0 0
scan 650 250 81 0 0 0 0 0 0 0 0 0
scan 650 250 82 0 0 0 0 0 0 0 0 0
scan 650 250 83 0 0 0 0 0 0 0 0 0
scan 650 250 84 0 0 0 0 0 0 0 0 0
scan 650 250 85 0 0 0 0 0 0 0 0 0
scan 650 250 86 0 0 0 0 0 0 0 0 0
scan 650 250 87 0 0 0 0 0 0 0 0 0
scan 650 250 88 0 0 0 0 0 0 0 0 0
scan 650 250 89 1.007e-06 0 3.80612e-07 3.02101e-08 3.02101e-08 3.02101e-08 5.03502e-08 6.04202e-08 7.73817e-07
scan 650 250 90 7.19289e-07 0 3.21676e-07 2.15787e-08 2.15787e-08 2.15787e-08 3.59644e-08 4.31573e-08 5.52727e-07
scan 650 250 91 1.007e-06 0 3.80612e-07 3.02101e-08 3.02101e-08 3.02101e-08 5.03502e-08 6.04202e-08 7.73817e-07
scan 650 250 92 1.43858e-07 0 1.43858e-07 4.31573e-09 4.31573e-09 4.31573e-09 7.19289e-09 8.63146e-09 1.10545e-07
scan 650 250 93 5.75431e-07 0 2.87715e-07 1.72629e-08 1.72629e-08 1.72629e-08 2.87715e-08 3.45259e-08 4.42181e-07
scan 650 250 94 1.43858e-07 0 1.43858e-07 4.31573e-09 4.31573e-09 4.31573e-09 7.19289e-09 8.63146e-09 1.10545e-07
scan 650 250 95 0 0 0 0 0 0 0 0 0
scan 650 250 96 4.31573e-07 0 2.49169e-07 1.29472e-08 1.29472e-08 1.29472e-08 2.15787e-08 2.58944e-08 3.31636e-07
scan 650 250 97 1.43858e-07 0 1.43858e-07 4.31573e-09 4.31573e-09 4.31573e-09 7.19289e-09 8.63146e-09 1.10545e-07
scan 650 250 98 1.43858e-07 0 1.43858e-07 4.31573e-09 4.31573e-09 4.31573e-09 7.19289e-09 8.63146e-09 1.10545e-07
scan 650 250 99 2.87715e-07 0 2.03446e-07 8.63146e-09 8.63146e-09 8.63146e-09 1.43858e-08 1.72629e-08 2.21091e-07
scan 650 250 100 0 0 0 0 0 0 0 0 0
scan 650 250 101 4.31573e-07 0 2.49169e-07 1.29472e-08 1.29472e-08 1.29472e-08 2.15787e-08 2.58944e-08 3.31636e-07
scan 650 250 102 5.75431e-07 0 2.87715e-07 1.72629e-08 1.72629e-08 1.72629e-08 2.87715e-08 3.45259e-08 4.42181e-07
scan 650 250 103 4.31573e-07 0 2.49169e-07 1.29472e-08 1.29472e-08 1.29472e-08 2.15787e-08 2.58944e-08 3.31636e-07
scan 650 250 104 3.7403e-06 0 7.33533e-07 1.12209e-07 1.12209e-07 1.12209e-07 1.87015e-07 2.24418e-07 2.87418e-06
scan 650 250 60 0 0 0 0 0 0 0 0
scan 650 250 61 0 0 0 0 0 0 0 0
scan 650 250 62 0 0 0 0 0 0 0 0
scan 650 250 63 0 0 0 0 0 0 0 0
scan 650 250 64 0 0 0 0 0 0 0 0
scan 650 250 65 0 0 0 0 0 0 0 0
scan 650 250 66 0 0 0 0 0 0 0 0
scan 650 250 67 0 0 0 0 0 0 0 0
scan 650 250 68 0 0 0 0 0 0 0 0
scan 650 250 69 0 0 0 0 0 0 0 0
scan 650 250 70 0 0 0 0 0 0 0 0
scan 650 250 71 0 0 0 0 0 0 0 0
scan 650 250 72 0 0 0 0 0 0 0 0
scan 650 250 73 0 0 0 0 0 0 0 0
scan 650 250 74 0 0 0 0 0 0 0 0
scan 650 250 120 0 0 0 0 0 0 0 0 0
scan 650 250 121 0 0 0 0 0 0 0 0 0
scan 650 250 122 1.43858e-07 0 1.43858e-07 4.31573e-09 4.31573e-09 4.31573e-09 7.19289e-09 8.63146e-09 1.10545e-07
scan 650 250 123 2.87715e-07 0 2.03446e-07 8.63146e-09 8.63146e-09 8.63146e-09 1.43858e-08 1.72629e-08 2.21091e-07
scan 650 250 124 5.75431e-07 0 2.87715e-07 1.72629e-08 1.72629e-08 1.72629e-08 2.87715e-08 3.45259e-08 4.42181e-07
scan 650 250 125 0 0 0 0 0 0 0 0 0
scan 650 250 126 1.43858e-07 0 1.43858e-07 4.31573e-09 4.31573e-09 4.31573e-09 7.19289e-09 8.63146e-09 1.10545e-07
scan 650 250 127 0 0 0 0 0 0 0 0 0
scan 650 250 128 0 0 0 0 0 0 0 0 0
scan 650 250 129 0 0 0 0 0 0 0 0 0
scan 650 250 130 0 0 0 0 0 0 0 0 0
scan 650 250 131 1.43858e-07 0 1.43858e-07 4.31573e-09 4.31573e-09 4.31573e-09 7.19289e-09 8.63146e-09 1.10545e-07
scan 650 250 132 1.43858e-07 0 1.43858e-07 4.31573e-09 4.31573e-09 4.31573e-09 7.19289e-09 8.63146e-09 1.10545e-07
scan 650 250 133 4.31573e-07 0 2.49169e-07 1.29472e-08 1.29472e-08 1.29472e-08 2.15787e-08 2.58944e-08 3.31636e-07
scan 650 250 134 3.30873e-06 0 6.89917e-07 9.92618e-08 9.92618e-08 9.92618e-08 1.65436e-07 1.98524e-07 2.54254e-06
scan 650 250 135 2.87715e-07 0 2.03446e-07 8.63146e-09 8.63146e-09 8.63146e-09 1.43858e-08 1.72629e-08 2.21091e-07
scan 650 250 136 1.58243e-06 0 4.77122e-07 4.7473e-08 4.7473e-08 4.7473e-08 7.91217e-08 9.49461e-08 1.216e-06
scan 650 250 137 4.31573e-07 0 2.49169e-07 1.29472e-08 1.29472e-08 1.29472e-08 2.15787e-08 2.58944e-08 3.31636e-07
scan 650 250 138 0 0 0 0 0 0 0 0 0
scan 650 250 139 5.75431e-07 0 2.87715e-07 1.72629e-08 1.72629e-08 1.72629e-08 2.87715e-08 3.45259e-08 4.42181e-07
scan 650 250 140 0 0 0 0 0 0 0 0 0
scan 650 250 141 0 0 0 0 0 0 0 0 0
scan 650 250 142 0 0 0 0 0 0 0 0 0
scan 650 250 143 0 0 0 0 0 0 0 0 0
scan 650 250 144 2.87715e-07 0 2.03446e-07 8.63146e-09 8.63146e-09 8.63146e-09 1.43858e-08 1.72629e-08 2.21091e-07
scan 650 250 145 0 0 0 0 0 0 0 0 0
scan 650 250 146 2.87715e-07 0 2.03446e-07 8.63146e-09 8.63146e-09 8.63146e-09 1.43858e-08 1.72629e-08 2.21091e-07
scan 650 250 147 7.19289e-07 0 3.21676e-07 2.15787e-08 2.15787e-08 2.15787e-08 3.59644e-08 4.31573e-08 5.52727e-07
scan 650 250 148 1.43858e-07 0 1.43858e-07 4.31573e-09 4.31573e-09 4.31573e-09 7.19289e-09 8.63146e-09 1.10545e-07
scan 650 250 149 1.29472e-06 0 4.31573e-07 3.88416e-08 3.88416e-08 3.88416e-08 6.4736e-08 7.76832e-08 9.94908e-07
scan 650 250 60 0 0 0 0 0 0 0 0
scan 650 250 61 0 0 0 0 0 0 0 0
scan 650 250 62 0 0 0 0 0 0 0 0
scan 650 250 63 0 0 0 0 0 0 0 0
scan 650 250 64 0 0 0 0 0 0 0 0
scan 650 250 65 0 0 0 0 0 0 0 0
scan 650 250 66 0 0 0 0 0 0 0 0
scan 650 250 67 0 0 0 0 0 0 0 0
scan 650 250 68 0 0 0 0 0 0 0 0
scan 650 250 69 0 0 0 0 0 0 0 0
scan 650 250 70 0 0 0 0 0 0 0 0
scan 650 250 71 0 0 0 0 0 0 0 0
scan 650 250 72 0 0 0 0 0 0 0 0
scan 650 250 73 0 0 0 0 0 0 0 0
scan 650 250 74 0 0 0 0 0 0 0 0
scan 650 250 165 0 0 0 0 0 0 0 0 0
scan 650 250 166 1.43858e-07 0 1.43858e-07 4.31573e-09 4.31573e-09 4.31573e-09 7.19289e-09 8.63146e-09 1.10545e-07
scan 650 250 167 4.31573e-07 0 2.49169e-07 1.29472e-08 1.29472e-08 1.29472e-08 2.15787e-08 2.58944e-08 3.31636e-07
scan 650 250 168 1.43858e-07 0 1.43858e-07 4.31573e-09 4.31573e-09 4.31573e-09 7.19289e-09 8.63146e-09 1.10545e-07
scan 650 250 169 7.19289e-07 0 3.21676e-07 2.15787e-08 2.15787e-08 2.15787e-08 3.59644e-08 4.31573e-08 5.52727e-07
scan 650 250 170 0 0 0 0 0 0 0 0 0
scan 650 250 171 0 0 0 0 0 0 0 0 0
scan 650 250 172 0 0 0 0 0 0 0 0 0
scan 650 250 173 1.43858e-07 0 1.43858e-07 4.31573e-09 4.31573e-09 4.31573e-09 7.19289e-09 8.63146e-09 1.10545e-07
scan 650 250 174 1.43858e-07 0 1.43858e-07 4.31573e-09 4.31573e-09 4.31573e-09 7.19289e-09 8.63146e-09 1.10545e-07
scan 650 250 175 0 0 0 0 0 0 0 0 0
scan 650 250 176 0 0 0 0 0 0 0 0 0
scan 650 250 177 0 0 0 0 0 0 0 0 0
scan 650 250 178 1.43858e-07 0 1.43858e-07 4.31573e-09 4.31573e-09 4.31573e-09 7.19289e-09 8.63146e-09 1.10545e-07
scan 650 250 179 1.007e-06 0 3.80612e-07 3.02101e-08 3.02101e-08 3.02101e-08 5.03502e-08 6.04202e-08 7.73817e-07
