750 150 0.00112965
scan 750 150 0 5.0837e-07 0 1.69457e-07 1.52511e-08 1.52511e-08 1.52511e-08 2.54185e-08 3.05022e-08 3.94414e-07
scan 750 150 1 3.38913e-07 0 1.38361e-07 1.01674e-08 1.01674e-08 1.01674e-08 1.69457e-08 2.03348e-08 2.62943e-07
scan 750 150 2 3.38913e-07 0 1.38361e-07 1.01674e-08 1.01674e-08 1.01674e-08 1.69457e-08 2.03348e-08 2.62943e-07
scan 750 150 3 5.64855e-07 0 1.78623e-07 1.69457e-08 1.69457e-08 1.69457e-08 2.82428e-08 3.38913e-08 4.38238e-07
scan 750 150 4 1.46862e-06 0 2.88021e-07 4.40587e-08 4.40587e-08 4.40587e-08 7.34312e-08 8.81174e-08 1.13942e-06
scan 750 150 5 2.25942e-07 0 1.12971e-07 6.77826e-09 6.77826e-09 6.77826e-09 1.12971e-08 1.35565e-08 1.75295e-07
scan 750 150 6 1.12971e-07 0 7.98826e-08 3.38913e-09 3.38913e-09 3.38913e-09 5.64855e-09 6.77826e-09 8.76476e-08
scan 750 150 7 1.69457e-07 0 9.78358e-08 5.0837e-09 5.0837e-09 5.0837e-09 8.47283e-09 1.01674e-08 1.31471e-07
scan 750 150 8 1.12971e-07 0 7.98826e-08 3.38913e-09 3.38913e-09 3.38913e-09 5.64855e-09 6.77826e-09 8.76476e-08
scan 750 150 9 2.82428e-07 0 1.26305e-07 8.47283e-09 8.47283e-09 8.47283e-09 1.41214e-08 1.69457e-08 2.19119e-07
scan 750 150 10 5.64855e-08 0 5.64855e-08 1.69457e-09 1.69457e-09 1.69457e-09 2.82428e-09 3.38913e-09 4.38238e-08
scan 750 150 11 3.95399e-07 0 1.49447e-07 1.1862e-08 1.1862e-08 1.1862e-08 1.97699e-08 2.37239e-08 3.06767e-07
scan 750 150 12 1.1862e-06 0 2.58849e-07 3.55859e-08 3.55859e-08 3.55859e-08 5.93098e-08 7.11718e-08 9.203e-07
scan 750 150 13 1.41214e-06 0 2.82428e-07 4.23641e-08 4.23641e-08 4.23641e-08 7.06069e-08 8.47283e-08 1.0956e-06
scan 750 150 14 1.44038e-05 0 9.02001e-07 4.32114e-07 4.32114e-07 4.32114e-07 7.2019e-07 8.64229e-07 1.11751e-05
scan 750 150 15 4.51884e-07 0 1.59765e-07 1.35565e-08 1.35565e-08 1.35565e-08 2.25942e-08 2.71131e-08 3.5059e-07
scan 750 150 16 3.95399e-07 0 1.49447e-07 1.1862e-08 1.1862e-08 1.1862e-08 1.97699e-08 2.37239e-08 3.06767e-07
scan 750 150 17 3.95399e-07 0 1.49447e-07 1.1862e-08 1.1862e-08 1.1862e-08 1.97699e-08 2.37239e-08 3.06767e-07
scan 750 150 18 3.38913e-07 0 1.38361e-07 1.01674e-08 1.01674e-08 1.01674e-08 1.69457e-08 2.03348e-08 2.62943e-07
scan 750 150 19 2.25942e-06 0 3.57246e-07 6.77826e-08 6.77826e-08 6.77826e-08 1.12971e-07 1.35565e-07 1.75295e-06
scan 750 150 20 0 0 0 0 0 0 0 0 0
scan 750 150 21 2.82428e-07 0 1.26305e-07 8.47283e-09 8.47283e-09 8.47283e-09 1.41214e-08 1.69457e-08 2.19119e-07
scan 750 150 22 3.38913e-07 0 1.38361e-07 1.01674e-08 1.01674e-08 1.01674e-08 1.69457e-08 2.03348e-08 2.62943e-07
scan 750 150 23 5.64855e-08 0 5.64855e-08 1.69457e-09 1.69457e-09 1.69457e-09 2.82428e-09 3.38913e-09 4.38238e-08
scan 750 150 24 5.0837e-07 0 1.69457e-07 1.52511e-08 1.52511e-08 1.52511e-08 2.54185e-08 3.05022e-08 3.94414e-07
scan 750 150 25 0 0 0 0 0 0 0 0 0
scan 750 150 26 5.0837e-07 0 1.69457e-07 1.52511e-08 1.52511e-08 1.52511e-08 2.54185e-08 3.05022e-08 3.94414e-07
scan 750 150 27 1.12971e-06 0 2.52611e-07 3.38913e-08 3.38913e-08 3.38913e-08 5.64855e-08 6.77826e-08 8.76476e-07
scan 750 150 28 1.12971e-06 0 2.52611e-07 3.38913e-08 3.38913e-08 3.38913e-08 5.64855e-08 6.77826e-08 8.76476e-07
scan 750 150 29 1.20879e-05 0 8.26312e-07 3.62637e-07 3.62637e-07 3.62637e-07 6.04395e-07 7.25274e-07 9.3783e-06
scan 750 150 30 2.65482e-06 0 3.87245e-07 7.96446e-08 7.96446e-08 7.96446e-08 1.32741e-07 1.59289e-07 2.05972e-06
scan 750 150 31 6.32638e-06 0 5.97787e-07 1.89791e-07 1.89791e-07 1.89791e-07 3.16319e-07 3.79583e-07 4.90827e-06
scan 750 150 32 6.60881e-06 0 6.10984e-07 1.98264e-07 1.98264e-07 1.98264e-07 3.3044e-07 3.96528e-07 5.12739e-06
scan 750 150 33 8.52931e-06 0 6.94106e-07 2.55879e-07 2.55879e-07 2.55879e-07 4.26466e-07 5.11759e-07 6.6174e-06
scan 750 150 34 4.02177e-05 0 1.50722e-06 1.20653e-06 1.20653e-06 1.20653e-06 2.01088e-06 2.41306e-06 3.12026e-05
scan 750 150 35 6.77826e-07 0 1.95672e-07 2.03348e-08 2.03348e-08 2.03348e-08 3.38913e-08 4.06696e-08 5.25886e-07
scan 750 150 36 1.1862e-06 0 2.58849e-07 3.55859e-08 3.55859e-08 3.55859e-08 5.93098e-08 7.11718e-08 9.203e-07
scan 750 150 37 1.92051e-06 0 3.29364e-07 5.76152e-08 5.76152e-08 5.76152e-08 9.60254e-08 1.1523e-07 1.49001e-06
scan 750 150 38 3.05022e-06 0 4.15082e-07 9.15065e-08 9.15065e-08 9.15065e-08 1.52511e-07 1.83013e-07 2.36649e-06
scan 750 150 39 1.51946e-05 0 9.26431e-07 4.55838e-07 4.55838e-07 4.55838e-07 7.5973e-07 9.11676e-07 1.17886e-05
scan 750 150 40 1.75105e-06 0 3.14498e-07 5.25315e-08 5.25315e-08 5.25315e-08 8.75526e-08 1.05063e-07 1.35854e-06
scan 750 150 41 5.93098e-06 0 5.78804e-07 1.77929e-07 1.77929e-07 1.77929e-07 2.96549e-07 3.55859e-07 4.6015e-06
scan 750 150 42 1.06758e-05 0 7.76548e-07 3.20273e-07 3.20273e-07 3.20273e-07 5.33788e-07 6.40546e-07 8.2827e-06
scan 750 150 43 1.73411e-05 0 9.89706e-07 5.20232e-07 5.20232e-07 5.20232e-07 8.67053e-07 1.04046e-06 1.34539e-05
scan 750 150 44 0.000175444 0 3.14802e-06 5.26332e-06 5.26332e-06 5.26332e-06 8.7722e-06 1.05266e-05 0.000136117
scan 750 150 45 5.64855e-08 0 5.64855e-08 1.69457e-09 1.69457e-09 1.69457e-09 2.82428e-09 3.38913e-09 4.38238e-08
scan 750 150 46 5.64855e-08 0 5.64855e-08 1.69457e-09 1.69457e-09 1.69457e-09 2.82428e-09 3.38913e-09 4.38238e-08
scan 750 150 47 1.12971e-07 0 7.98826e-08 3.38913e-09 3.38913e-09 3.38913e-09 5.64855e-09 6.77826e-09 8.76476e-08
scan 750 150 48 5.64855e-08 0 5.64855e-08 1.69457e-09 1.69457e-09 1.69457e-09 2.82428e-09 3.38913e-09 4.38238e-08
scan 750 150 49 1.69457e-07 0 9.78358e-08 5.0837e-09 5.0837e-09 5.0837e-09 8.47283e-09 1.01674e-08 1.31471e-07
scan 750 150 50 0 0 0 0 0 0 0 0 0
scan 750 150 51 0 0 0 0 0 0 0 0 0
scan 750 150 52 0 0 0 0 0 0 0 0 0
scan 750 150 53 0 0 0 0 0 0 0 0 0
scan 750 150 54 0 0 0 0 0 0 0 0 0
scan 750 150 55 0 0 0 0 0 0 0 0 0
scan 750 150 56 5.64855e-08 0 5.64855e-08 1.69457e-09 1.69457e-09 1.69457e-09 2.82428e-09 3.38913e-09 4.38238e-08
scan 750 150 57 1.12971e-07 0 7.98826e-08 3.38913e-09 3.38913e-09 3.38913e-09 5.64855e-09 6.77826e-09 8.76476e-08
scan 750 150 58 5.64855e-08 0 5.64855e-08 1.69457e-09 1.69457e-09 1.69457e-09 2.82428e-09 3.38913e-09 4.38238e-08
scan 750 150 59 6.77826e-07 0 1.95672e-07 2.03348e-08 2.03348e-08 2.03348e-08 3.38913e-08 4.06696e-08 5.25886e-07
scan 750 150 60 0 0 0 0 0 0 0 0
scan 750 150 61 0 0 0 0 0 0 0 0
scan 750 150 62 0 0 0 0 0 0 0 0
scan 750 150 63 0 0 0 0 0 0 0 0
scan 750 150 64 0 0 0 0 0 0 0 0
scan 750 150 65 0 0 0 0 0 0 0 0
scan 750 150 66 0 0 0 0 0 0 0 0
scan 750 150 67 0 0 0 0 0 0 0 0
scan 750 150 68 0 0 0 0 0 0 0 0
scan 750 150 69 0 0 0 0 0 0 0 0
scan 750 150 70 0 0 0 0 0 0 0 0
scan 750 150 71 0 0 0 0 0 0 0 0
scan 750 150 72 0 0 0 0 0 0 0 0
scan 750 150 73 0 0 0 0 0 0 0 0
scan 750 150 74 0 0 0 0 0 0 0 0
scan 750 150 75 0 0 0 0 0 0 0 0 0
scan 750 150 76 1.12971e-07 0 7.98826e-08 3.38913e-09 3.38913e-09 3.38913e-09 5.64855e-09 6.77826e-09 8.76476e-08
scan 750 150 77 0 0 0 0 0 0 0 0 0
scan 750 150 78 5.64855e-08 0 5.64855e-08 1.69457e-09 1.69457e-09 1.69457e-09 2.82428e-09 3.38913e-09 4.38238e-08
scan 750 150 79 2.25942e-07 0 1.12971e-07 6.77826e-09 6.77826e-09 6.77826e-09 1.12971e-08 1.35565e-08 1.75295e-07
scan 750 150 80 0 0 0 0 0 0 0 0 0
scan 750 150 81 0 0 0 0 0 0 0 0 0
scan 750 150 82 0 0 0 0 0 0 0 0 0
scan 750 150 83 0 0 0 0 0 0 0 0 0
scan 750 150 84 1.12971e-07 0 7.98826e-08 3.38913e-09 3.38913e-09 3.38913e-09 5.64855e-09 6.77826e-09 8.76476e-08
scan 750 150 85 0 0 0 0 0 0 0 0 0
scan 750 150 86 1.12971e-07 0 7.98826e-08 3.38913e-09 3.38913e-09 3.38913e-09 5.64855e-09 6.77826e-09 8.76476e-08
scan 750 150 87 1.69457e-07 0 9.78358e-08 5.0837e-09 5.0837e-09 5.0837e-09 8.47283e-09 1.01674e-08 1.31471e-07
scan 750 150 88 5.64855e-08 0 5.64855e-08 1.69457e-09 1.69457e-09 1.69457e-09 2.82428e-09 3.38913e-09 4.38238e-08
scan 750 150 89 6.21341e-07 0 1.87341e-07 1.86402e-08 1.86402e-08 1.86402e-08 3.1067e-08 3.72804e-08 4.82062e-07
scan 750 150 90 3.38913e-07 0 1.38361e-07 1.01674e-08 1.01674e-08 1.01674e-08 1.69457e-08 2.03348e-08 2.62943e-07
scan 750 150 91 2.82428e-07 0 1.26305e-07 8.47283e-09 8.47283e-09 8.47283e-09 1.41214e-08 1.69457e-08 2.19119e-07
scan 750 150 92 2.82428e-07 0 1.26305e-07 8.47283e-09 8.47283e-09 8.47283e-09 1.41214e-08 1.69457e-08 2.19119e-07
scan 750 150 93 1.69457e-07 0 9.78358e-08 5.0837e-09 5.0837e-09 5.0837e-09 8.47283e-09 1.01674e-08 1.31471e-07
scan 750 150 94 0 0 0 0 0 0 0 0 0
scan 750 150 95 0 0 0 0 0 0 0 0 0
scan 750 150 96 2.25942e-07 0 1.12971e-07 6.77826e-09 6.77826e-09 6.77826e-09 1.12971e-08 1.35565e-08 1.75295e-07
scan 750 150 97 0 0 0 0 0 0 0 0 0
scan 750 150 98 0 0 0 0 0 0 0 0 0
scan 750 150 99 0 0 0 0 0 0 0 0 0
scan 750 150 100 0 0 0 0 0 0 0 0 0
scan 750 150 101 1.69457e-07 0 9.78358e-08 5.0837e-09 5.0837e-09 5.0837e-09 8.47283e-09 1.01674e-08 1.31471e-07
scan 750 150 102 2.82428e-07 0 1.26305e-07 8.47283e-09 8.47283e-09 8.47283e-09 1.41214e-08 1.69457e-08 2.19119e-07
scan 750 150 103 5.64855e-07 0 1.78623e-07 1.69457e-08 1.69457e-08 1.69457e-08 2.82428e-08 3.38913e-08 4.38238e-07
scan 750 150 104 1.46862e-06 0 2.88021e-07 4.40587e-08 4.40587e-08 4.40587e-08 7.34312e-08 8.81174e-08 1.13942e-06
scan 750 150 60 0 0 0 0 0 0 0 0
scan 750 150 61 0 0 0 0 0 0 0 0
scan 750 150 62 0 0 0 0 0 0 0 0
scan 750 150 63 0 0 0 0 0 0 0 0
scan 750 150 64 0 0 0 0 0 0 0 0
scan 750 150 65 0 0 0 0 0 0 0 0
scan 750 150 66 0 0 0 0 0 0 0 0
scan 750 150 67 0 0 0 0 0 0 0 0
scan 750 150 68 0 0 0 0 0 0 0 0
scan 750 150 69 0 0 0 0 0 0 0 0
scan 750 150 70 0 0 0 0 0 0 0 0
scan 750 150 71 0 0 0 0 0 0 0 0
scan 750 150 72 0 0 0 0 0 0 0 0
scan 750 150 73 0 0 0 0 0 0 0 0
scan 750 150 74 0 0 0 0 0 0 0 0
scan 750 150 120 2.25942e-07 0 1.12971e-07 6.77826e-09 6.77826e-09 6.77826e-09 1.12971e-08 1.35565e-08 1.75295e-07
scan 750 150 121 4.51884e-07 0 1.59765e-07 1.35565e-08 1.35565e-08 1.35565e-08 2.25942e-08 2.71131e-08 3.5059e-07
scan 750 150 122 4.51884e-07 0 1.59765e-07 1.35565e-08 1.35565e-08 1.35565e-08 2.25942e-08 2.71131e-08 3.5059e-07
scan 750 150 123 1.69457e-07 0 9.78358e-08 5.0837e-09 5.0837e-09 5.0837e-09 8.47283e-09 1.01674e-08 1.31471e-07
scan 750 150 124 4.51884e-07 0 1.59765e-07 1.35565e-08 1.35565e-08 1.35565e-08 2.25942e-08 2.71131e-08 3.5059e-07
scan 750 150 125 1.12971e-07 0 7.98826e-08 3.38913e-09 3.38913e-09 3.38913e-09 5.64855e-09 6.77826e-09 8.76476e-08
scan 750 150 126 1.69457e-07 0 9.78358e-08 5.0837e-09 5.0837e-09 5.0837e-09 8.47283e-09 1.01674e-08 1.31471e-07
scan 750 150 127 5.64855e-08 0 5.64855e-08 1.69457e-09 1.69457e-09 1.69457e-09 2.82428e-09 3.38913e-09 4.38238e-08
scan 750 150 128 1.69457e-07 0 9.78358e-08 5.0837e-09 5.0837e-09 5.0837e-09 8.47283e-09 1.01674e-08 1.31471e-07
scan 750 150 129 1.69457e-07 0 9.78358e-08 5.0837e-09 5.0837e-09 5.0837e-09 8.47283e-09 1.01674e-08 1.31471e-07
scan 750 150 130 1.12971e-07 0 7.98826e-08 3.38913e-09 3.38913e-09 3.38913e-09 5.64855e-09 6.77826e-09 8.76476e-08
scan 750 150 131 5.64855e-08 0 5.64855e-08 1.69457e-09 1.69457e-09 1.69457e-09 2.82428e-09 3.38913e-09 4.38238e-08
scan 750 150 132 5.0837e-07 0 1.69457e-07 1.52511e-08 1.52511e-08 1.52511e-08 2.54185e-08 3.05022e-08 3.94414e-07
scan 750 150 133 6.21341e-07 0 1.87341e-07 1.86402e-08 1.86402e-08 1.86402e-08 3.1067e-08 3.72804e-08 4.82062e-07
scan 750 150 134 2.88076e-06 0 4.03387e-07 8.64229e-08 8.64229e-08 8.64229e-08 1.44038e-07 1.72846e-07 2.23501e-06
scan 750 150 135 5.64855e-08 0 5.64855e-08 1.69457e-09 1.69457e-09 1.69457e-09 2.82428e-09 3.38913e-09 4.38238e-08
scan 750 150 136 1.12971e-07 0 7.98826e-08 3.38913e-09 3.38913e-09 3.38913e-09 5.64855e-09 6.77826e-09 8.76476e-08
scan 750 150 137 5.64855e-08 0 5.64855e-08 1.69457e-09 1.69457e-09 1.69457e-09 2.82428e-09 3.38913e-09 4.38238e-08
scan 750 150 138 0 0 0 0 0 0 0 0 0
scan 750 150 139 3.95399e-07 0 1.49447e-07 1.1862e-08 1.1862e-08 1.1862e-08 1.97699e-08 2.37239e-08 3.06767e-07
scan 750 150 140 0 0 0 0 0 0 0 0 0
scan 750 150 141 2.82428e-07 0 1.26305e-07 8.47283e-09 8.47283e-09 8.47283e-09 1.41214e-08 1.69457e-08 2.19119e-07
scan 750 150 142 1.12971e-07 0 7.98826e-08 3.38913e-09 3.38913e-09 3.38913e-09 5.64855e-09 6.77826e-09 8.76476e-08
scan 750 150 143 5.64855e-08 0 5.64855e-08 1.69457e-09 1.69457e-09 1.69457e-09 2.82428e-09 3.38913e-09 4.38238e-08
scan 750 150 144 1.69457e-07 0 9.78358e-08 5.0837e-09 5.0837e-09 5.0837e-09 8.47283e-09 1.01674e-08 1.31471e-07
scan 750 150 145 0 0 0 0 0 0 0 0 0
scan 750 150 146 1.12971e-07 0 7.98826e-08 3.38913e-09 3.38913e-09 3.38913e-09 5.64855e-09 6.77826e-09 8.76476e-08
scan 750 150 147 1.12971e-07 0 7.98826e-08 3.38913e-09 3.38913e-09 3.38913e-09 5.64855e-09 6.77826e-09 8.76476e-08
scan 750 150 148 3.95399e-07 0 1.49447e-07 1.1862e-08 1.1862e-08 1.1862e-08 1.97699e-08 2.37239e-08 3.06767e-07
scan 750 150 149 7.90797e-07 0 2.11349e-07 2.37239e-08 2.37239e-08 2.37239e-08 3.95399e-08 4.74478e-08 6.13533e-07
scan 750 150 60 0 0 0 0 0 0 0 0
scan 750 150 61 0 0 0 0 0 0 0 0
scan 750 150 62 0 0 0 0 0 0 0 0
scan 750 150 63 0 0 0 0 0 0 0 0
scan 750 150 64 0 0 0 0 0 0 0 0
scan 750 150 65 0 0 0 0 0 0 0 0
scan 750 150 66 0 0 0 0 0 0 0 0
scan 750 150 67 0 0 0 0 0 0 0 0
scan 750 150 68 0 0 0 0 0 0 0 0
scan 750 150 69 0 0 0 0 0 0 0 0
scan 750 150 70 0 0 0 0 0 0 0 0
scan 750 150 71 0 0 0 0 0 0 0 0
scan 750 150 72 0 0 0 0 0 0 0 0
scan 750 150 73 0 0 0 0 0 0 0 0
scan 750 150 74 0 0 0 0 0 0 0 0
scan 750 150 165 5.64855e-08 0 5.64855e-08 1.69457e-09 1.69457e-09 1.69457e-09 2.82428e-09 3.38913e-09 4.38238e-08
scan 750 150 166 1.12971e-07 0 7.98826e-08 3.38913e-09 3.38913e-09 3.38913e-09 5.64855e-09 6.77826e-09 8.76476e-08
scan 750 150 167 1.69457e-07 0 9.78358e-08 5.0837e-09 5.0837e-09 5.0837e-09 8.47283e-09 1.01674e-08 1.31471e-07
scan 750 150 168 3.38913e-07 0 1.38361e-07 1.01674e-08 1.01674e-08 1.01674e-08 1.69457e-08 2.03348e-08 2.62943e-07
scan 750 150 169 1.01674e-06 0 2.39648e-07 3.05022e-08 3.05022e-08 3.05022e-08 5.0837e-08 6.10044e-08 7.88829e-07
scan 750 150 170 0 0 0 0 0 0 0 0 0
scan 750 150 171 1.12971e-07 0 7.98826e-08 3.38913e-09 3.38913e-09 3.38913e-09 5.64855e-09 6.77826e-09 8.76476e-08
scan 750 150 172 0 0 0 0 0 0 0 0 0
scan 750 150 173 5.64855e-08 0 5.64855e-08 1.69457e-09 1.69457e-09 1.69457e-09 2.82428e-09 3.38913e-09 4.38238e-08
scan 750 150 174 3.38913e-07 0 1.38361e-07 1.01674e-08 1.01674e-08 1.01674e-08 1.69457e-08 2.03348e-08 2.62943e-07
scan 750 150 175 0 0 0 0 0 0 0 0 0
scan 750 150 176 5.64855e-08 0 5.64855e-08 1.69457e-09 1.69457e-09 1.69457e-09 2.82428e-09 3.38913e-09 4.38238e-08
scan 750 150 177 2.25942e-07 0 1.12971e-07 6.77826e-09 6.77826e-09 6.77826e-09 1.12971e-08 1.35565e-08 1.75295e-07
scan 750 150 178 1.12971e-07 0 7.98826e-08 3.38913e-09 3.38913e-09 3.38913e-09 5.64855e-09 6.77826e-09 8.76476e-08
scan 750 150 179 1.86402e-06 0 3.24485e-07 5.59207e-08 5.59207e-08 5.59207e-08 9.32011e-08 1.11841e-07 1.44619e-06
