650 450 0.00287701
scan 650 450 0 2.58931e-06 0 8.63103e-07 7.76793e-08 7.76793e-08 7.76793e-08 1.29465e-07 1.55359e-07 1.98972e-06
scan 650 450 1 7.19253e-06 0 1.43851e-06 2.15776e-07 2.15776e-07 2.15776e-07 3.59626e-07 4.31552e-07 5.52699e-06
scan 650 450 2 6.32942e-06 0 1.34944e-06 1.89883e-07 1.89883e-07 1.89883e-07 3.16471e-07 3.79765e-07 4.86375e-06
scan 650 450 3 5.75402e-06 0 1.28664e-06 1.72621e-07 1.72621e-07 1.72621e-07 2.87701e-07 3.45241e-07 4.42159e-06
scan 650 450 4 6.04172e-06 0 1.31841e-06 1.81252e-07 1.81252e-07 1.81252e-07 3.02086e-07 3.62503e-07 4.64267e-06
scan 650 450 5 1.1508e-06 0 5.75402e-07 3.45241e-08 3.45241e-08 3.45241e-08 5.75402e-08 6.90483e-08 8.84318e-07
scan 650 450 6 2.87701e-06 0 9.09791e-07 8.63103e-08 8.63103e-08 8.63103e-08 1.43851e-07 1.72621e-07 2.2108e-06
scan 650 450 7 1.43851e-06 0 6.43319e-07 4.31552e-08 4.31552e-08 4.31552e-08 7.19253e-08 8.63103e-08 1.1054e-06
scan 650 450 8 0 0 0 0 0 0 0 0 0
scan 650 450 9 5.75402e-07 0 4.06871e-07 1.72621e-08 1.72621e-08 1.72621e-08 2.87701e-08 3.45241e-08 4.42159e-07
scan 650 450 10 8.63103e-07 0 4.98313e-07 2.58931e-08 2.58931e-08 2.58931e-08 4.31552e-08 5.17862e-08 6.63239e-07
scan 650 450 11 4.89092e-06 0 1.18622e-06 1.46728e-07 1.46728e-07 1.46728e-07 2.44546e-07 2.93455e-07 3.75835e-06
scan 650 450 12 9.20643e-06 0 1.62748e-06 2.76193e-07 2.76193e-07 2.76193e-07 4.60322e-07 5.52386e-07 7.07455e-06
scan 650 450 13 8.91873e-06 0 1.60185e-06 2.67562e-07 2.67562e-07 2.67562e-07 4.45937e-07 5.35124e-07 6.85347e-06
scan 650 450 14 2.90578e-05 0 2.89136e-06 8.71734e-07 8.71734e-07 8.71734e-07 1.45289e-06 1.74347e-06 2.2329e-05
scan 650 450 15 8.91873e-06 0 1.60185e-06 2.67562e-07 2.67562e-07 2.67562e-07 4.45937e-07 5.35124e-07 6.85347e-06
scan 650 450 16 1.32342e-05 0 1.95128e-06 3.97027e-07 3.97027e-07 3.97027e-07 6.61712e-07 7.94055e-07 1.01697e-05
scan 650 450 17 1.17957e-05 0 1.84219e-06 3.53872e-07 3.53872e-07 3.53872e-07 5.89787e-07 7.07745e-07 9.06426e-06
scan 650 450 18 6.90483e-06 0 1.40944e-06 2.07145e-07 2.07145e-07 2.07145e-07 3.45241e-07 4.1429e-07 5.30591e-06
scan 650 450 19 7.76793e-06 0 1.49494e-06 2.33038e-07 2.33038e-07 2.33038e-07 3.88396e-07 4.66076e-07 5.96915e-06
scan 650 450 20 8.63103e-07 0 4.98313e-07 2.58931e-08 2.58931e-08 2.58931e-08 4.31552e-08 5.17862e-08 6.63239e-07
scan 650 450 21 3.16471e-06 0 9.54196e-07 9.49413e-08 9.49413e-08 9.49413e-08 1.58236e-07 1.89883e-07 2.43188e-06
scan 650 450 22 1.43851e-06 0 6.43319e-07 4.31552e-08 4.31552e-08 4.31552e-08 7.19253e-08 8.63103e-08 1.1054e-06
scan 650 450 23 2.01391e-06 0 7.61185e-07 6.04172e-08 6.04172e-08 6.04172e-08 1.00695e-07 1.20834e-07 1.54756e-06
scan 650 450 24 8.63103e-07 0 4.98313e-07 2.58931e-08 2.58931e-08 2.58931e-08 4.31552e-08 5.17862e-08 6.63239e-07
scan 650 450 25 2.87701e-07 0 2.87701e-07 8.63103e-09 8.63103e-09 8.63103e-09 1.43851e-08 1.72621e-08 2.2108e-07
scan 650 450 26 8.05563e-06 0 1.52237e-06 2.41669e-07 2.41669e-07 2.41669e-07 4.02781e-07 4.83338e-07 6.19023e-06
scan 650 450 27 1.17957e-05 0 1.84219e-06 3.53872e-07 3.53872e-07 3.53872e-07 5.89787e-07 7.07745e-07 9.06426e-06
scan 650 450 28 1.58236e-05 0 2.13365e-06 4.74707e-07 4.74707e-07 4.74707e-07 7.91178e-07 9.49413e-07 1.21594e-05
scan 650 450 29 3.59626e-05 0 3.2166e-06 1.07888e-06 1.07888e-06 1.07888e-06 1.79813e-06 2.15776e-06 2.76349e-05
scan 650 450 30 0 0 0 0 0 0 0 0 0
scan 650 450 31 0 0 0 0 0 0 0 0 0
scan 650 450 32 8.63103e-07 0 4.98313e-07 2.58931e-08 2.58931e-08 2.58931e-08 4.31552e-08 5.17862e-08 6.63239e-07
scan 650 450 33 5.75402e-07 0 4.06871e-07 1.72621e-08 1.72621e-08 1.72621e-08 2.87701e-08 3.45241e-08 4.42159e-07
scan 650 450 34 8.63103e-07 0 4.98313e-07 2.58931e-08 2.58931e-08 2.58931e-08 4.31552e-08 5.17862e-08 6.63239e-07
scan 650 450 35 0 0 0 0 0 0 0 0 0
scan 650 450 36 0 0 0 0 0 0 0 0 0
scan 650 450 37 0 0 0 0 0 0 0 0 0
scan 650 450 38 0 0 0 0 0 0 0 0 0
scan 650 450 39 2.87701e-07 0 2.87701e-07 8.63103e-09 8.63103e-09 8.63103e-09 1.43851e-08 1.72621e-08 2.2108e-07
scan 650 450 40 0 0 0 0 0 0 0 0 0
scan 650 450 41 2.87701e-07 0 2.87701e-07 8.63103e-09 8.63103e-09 8.63103e-09 1.43851e-08 1.72621e-08 2.2108e-07
scan 650 450 42 2.87701e-07 0 2.87701e-07 8.63103e-09 8.63103e-09 8.63103e-09 1.43851e-08 1.72621e-08 2.2108e-07
scan 650 450 43 0 0 0 0 0 0 0 0 0
scan 650 450 44 2.01391e-06 0 7.61185e-07 6.04172e-08 6.04172e-08 6.04172e-08 1.00695e-07 1.20834e-07 1.54756e-06
scan 650 450 45 0 0 0 0 0 0 0 0 0
scan 650 450 46 0 0 0 0 0 0 0 0 0
scan 650 450 47 0 0 0 0 0 0 0 0 0
scan 650 450 48 0 0 0 0 0 0 0 0 0
scan 650 450 49 0 0 0 0 0 0 0 0 0
scan 650 450 50 0 0 0 0 0 0 0 0 0
scan 650 450 51 0 0 0 0 0 0 0 0 0
scan 650 450 52 0 0 0 0 0 0 0 0 0
scan 650 450 53 0 0 0 0 0 0 0 0 0
scan 650 450 54 0 0 0 0 0 0 0 0 0
scan 650 450 55 0 0 0 0 0 0 0 0 0
scan 650 450 56 0 0 0 0 0 0 0 0 0
scan 650 450 57 0 0 0 0 0 0 0 0 0
scan 650 450 58 0 0 0 0 0 0 0 0 0
scan 650 450 59 0 0 0 0 0 0 0 0 0
scan 650 450 60 0 0 0 0 0 0 0 0
scan 650 450 61 0 0 0 0 0 0 0 0
scan 650 450 62 0 0 0 0 0 0 0 0
scan 650 450 63 0 0 0 0 0 0 0 0
scan 650 450 64 0 0 0 0 0 0 0 0
scan 650 450 65 0 0 0 0 0 0 0 0
scan 650 450 66 0 0 0 0 0 0 0 0
scan 650 450 67 0 0 0 0 0 0 0 0
scan 650 450 68 0 0 0 0 0 0 0 0
scan 650 450 69 0 0 0 0 0 0 0 0
scan 650 450 70 0 0 0 0 0 0 0 0
scan 650 450 71 0 0 0 0 0 0 0 0
scan 650 450 72 0 0 0 0 0 0 0 0
scan 650 450 73 0 0 0 0 0 0 0 0
scan 650 450 74 0 0 0 0 0 0 0 0
scan 650 450 75 0 0 0 0 0 0 0 0 0
scan 650 450 76 0 0 0 0 0 0 0 0 0
scan 650 450 77 0 0 0 0 0 0 0 0 0
scan 650 450 78 0 0 0 0 0 0 0 0 0
scan 650 450 79 0 0 0 0 0 0 0 0 0
scan 650 450 80 0 0 0 0 0 0 0 0 0
scan 650 450 81 0 0 0 0 0 0 0 0 0
scan 650 450 82 0 0 0 0 0 0 0 0 0
scan 650 450 83 0 0 0 0 0 0 0 0 0
scan 650 450 84 0 0 0 0 0 0 0 0 0
scan 650 450 85 0 0 0 0 0 0 0 0 0
scan 650 450 86 0 0 0 0 0 0 0 0 0
scan 650 450 87 2.87701e-07 0 2.87701e-07 8.63103e-09 8.63103e-09 8.63103e-09 1.43851e-08 1.72621e-08 2.2108e-07
scan 650 450 88 0 0 0 0 0 0 0 0 0
scan 650 450 89 0 0 0 0 0 0 0 0 0
scan 650 450 90 0 0 0 0 0 0 0 0 0
scan 650 450 91 0 0 0 0 0 0 0 0 0
scan 650 450 92 0 0 0 0 0 0 0 0 0
scan 650 450 93 2.87701e-07 0 2.87701e-07 8.63103e-09 8.63103e-09 8.63103e-09 1.43851e-08 1.72621e-08 2.2108e-07
scan 650 450 94 0 0 0 0 0 0 0 0 0
scan 650 450 95 0 0 0 0 0 0 0 0 0
scan 650 450 96 0 0 0 0 0 0 0 0 0
scan 650 450 97 0 0 0 0 0 0 0 0 0
scan 650 450 98 0 0 0 0 0 0 0 0 0
scan 650 450 99 0 0 0 0 0 0 0 0 0
scan 650 450 100 0 0 0 0 0 0 0 0 0
scan 650 450 101 0 0 0 0 0 0 0 0 0
scan 650 450 102 0 0 0 0 0 0 0 0 0
scan 650 450 103 0 0 0 0 0 0 0 0 0
scan 650 450 104 5.75402e-07 0 4.06871e-07 1.72621e-08 1.72621e-08 1.72621e-08 2.87701e-08 3.45241e-08 4.42159e-07
scan 650 450 60 0 0 0 0 0 0 0 0
scan 650 450 61 0 0 0 0 0 0 0 0
scan 650 450 62 0 0 0 0 0 0 0 0
scan 650 450 63 0 0 0 0 0 0 0 0
scan 650 450 64 0 0 0 0 0 0 0 0
scan 650 450 65 0 0 0 0 0 0 0 0
scan 650 450 66 0 0 0 0 0 0 0 0
scan 650 450 67 0 0 0 0 0 0 0 0
scan 650 450 68 0 0 0 0 0 0 0 0
scan 650 450 69 0 0 0 0 0 0 0 0
scan 650 450 70 0 0 0 0 0 0 0 0
scan 650 450 71 0 0 0 0 0 0 0 0
scan 650 450 72 0 0 0 0 0 0 0 0
scan 650 450 73 0 0 0 0 0 0 0 0
scan 650 450 74 0 0 0 0 0 0 0 0
scan 650 450 120 0 0 0 0 0 0 0 0 0
scan 650 450 121 0 0 0 0 0 0 0 0 0
scan 650 450 122 0 0 0 0 0 0 0 0 0
scan 650 450 123 0 0 0 0 0 0 0 0 0
scan 650 450 124 0 0 0 0 0 0 0 0 0
scan 650 450 125 0 0 0 0 0 0 0 0 0
scan 650 450 126 0 0 0 0 0 0 0 0 0
scan 650 450 127 0 0 0 0 0 0 0 0 0
scan 650 450 128 0 0 0 0 0 0 0 0 0
scan 650 450 129 0 0 0 0 0 0 0 0 0
scan 650 450 130 0 0 0 0 0 0 0 0 0
scan 650 450 131 0 0 0 0 0 0 0 0 0
scan 650 450 132 0 0 0 0 0 0 0 0 0
scan 650 450 133 2.87701e-07 0 2.87701e-07 8.63103e-09 8.63103e-09 8.63103e-09 1.43851e-08 1.72621e-08 2.2108e-07
scan 650 450 134 8.63103e-07 0 4.98313e-07 2.58931e-08 2.58931e-08 2.58931e-08 4.31552e-08 5.17862e-08 6.63239e-07
scan 650 450 135 0 0 0 0 0 0 0 0 0
scan 650 450 136 0 0 0 0 0 0 0 0 0
scan 650 450 137 0 0 0 0 0 0 0 0 0
scan 650 450 138 0 0 0 0 0 0 0 0 0
scan 650 450 139 2.87701e-07 0 2.87701e-07 8.63103e-09 8.63103e-09 8.63103e-09 1.43851e-08 1.72621e-08 2.2108e-07
scan 650 450 140 0 0 0 0 0 0 0 0 0
scan 650 450 141 0 0 0 0 0 0 0 0 0
scan 650 450 142 0 0 0 0 0 0 0 0 0
scan 650 450 143 0 0 0 0 0 0 0 0 0
scan 650 450 144 0 0 0 0 0 0 0 0 0
scan 650 450 145 0 0 0 0 0 0 0 0 0
scan 650 450 146 0 0 0 0 0 0 0 0 0
scan 650 450 147 0 0 0 0 0 0 0 0 0
scan 650 450 148 0 0 0 0 0 0 0 0 0
scan 650 450 149 2.87701e-07 0 2.87701e-07 8.63103e-09 8.63103e-09 8.63103e-09 1.43851e-08 1.72621e-08 2.2108e-07
scan 650 450 60 0 0 0 0 0 0 0 0
scan 650 450 61 0 0 0 0 0 0 0 0
scan 650 450 62 0 0 0 0 0 0 0 0
scan 650 450 63 0 0 0 0 0 0 0 0
scan 650 450 64 0 0 0 0 0 0 0 0
scan 650 450 65 0 0 0 0 0 0 0 0
scan 650 450 66 0 0 0 0 0 0 0 0
scan 650 450 67 0 0 0 0 0 0 0 0
scan 650 450 68 0 0 0 0 0 0 0 0
scan 650 450 69 0 0 0 0 0 0 0 0
scan 650 450 70 0 0 0 0 0 0 0 0
scan 650 450 71 0 0 0 0 0 0 0 0
scan 650 450 72 0 0 0 0 0 0 0 0
scan 650 450 73 0 0 0 0 0 0 0 0
scan 650 450 74 0 0 0 0 0 0 0 0
scan 650 450 165 0 0 0 0 0 0 0 0 0
scan 650 450 166 0 0 0 0 0 0 0 0 0
scan 650 450 167 0 0 0 0 0 0 0 0 0
scan 650 450 168 0 0 0 0 0 0 0 0 0
scan 650 450 169 0 0 0 0 0 0 0 0 0
scan 650 450 170 0 0 0 0 0 0 0 0 0
scan 650 450 171 0 0 0 0 0 0 0 0 0
scan 650 450 172 0 0 0 0 0 0 0 0 0
scan 650 450 173 0 0 0 0 0 0 0 0 0
scan 650 450 174 0 0 0 0 0 0 0 0 0
scan 650 450 175 0 0 0 0 0 0 0 0 0
scan 650 450 176 0 0 0 0 0 0 0 0 0
scan 650 450 177 0 0 0 0 0 0 0 0 0
scan 650 450 178 0 0 0 0 0 0 0 0 0
scan 650 450 179 0 0 0 0 0 0 0 0 0
