1000 400 0.000129786
scan 1000 400 0 3.89377e-08 0 1.58963e-08 1.16813e-09 1.16813e-09 1.16813e-09 1.94689e-09 2.33626e-09 3.06398e-08
scan 1000 400 1 5.1917e-08 0 1.83554e-08 1.55751e-09 1.55751e-09 1.55751e-09 2.59585e-09 3.11502e-09 4.0853e-08
scan 1000 400 2 2.59585e-08 0 1.29792e-08 7.78755e-10 7.78755e-10 7.78755e-10 1.29792e-09 1.55751e-09 2.04265e-08
scan 1000 400 3 7.78755e-08 0 2.24807e-08 2.33626e-09 2.33626e-09 2.33626e-09 3.89377e-09 4.67253e-09 6.12795e-08
scan 1000 400 4 4.28315e-07 0 5.2722e-08 1.28495e-08 1.28495e-08 1.28495e-08 2.14158e-08 2.56989e-08 3.37037e-07
scan 1000 400 5 1.29792e-08 0 9.17771e-09 3.89377e-10 3.89377e-10 3.89377e-10 6.48962e-10 7.78755e-10 1.02133e-08
scan 1000 400 6 1.94689e-08 0 1.12404e-08 5.84066e-10 5.84066e-10 5.84066e-10 9.73444e-10 1.16813e-09 1.53199e-08
scan 1000 400 7 6.48962e-09 0 6.48962e-09 1.94689e-10 1.94689e-10 1.94689e-10 3.24481e-10 3.89377e-10 5.10663e-09
scan 1000 400 8 6.48962e-09 0 6.48962e-09 1.94689e-10 1.94689e-10 1.94689e-10 3.24481e-10 3.89377e-10 5.10663e-09
scan 1000 400 9 1.23303e-07 0 2.82876e-08 3.69909e-09 3.69909e-09 3.69909e-09 6.16514e-09 7.39817e-09 9.70259e-08
scan 1000 400 10 6.48962e-09 0 6.48962e-09 1.94689e-10 1.94689e-10 1.94689e-10 3.24481e-10 3.89377e-10 5.10663e-09
scan 1000 400 11 5.1917e-08 0 1.83554e-08 1.55751e-09 1.55751e-09 1.55751e-09 2.59585e-09 3.11502e-09 4.0853e-08
scan 1000 400 12 1.94689e-07 0 3.55451e-08 5.84066e-09 5.84066e-09 5.84066e-09 9.73444e-09 1.16813e-08 1.53199e-07
scan 1000 400 13 2.46606e-07 0 4.00047e-08 7.39817e-09 7.39817e-09 7.39817e-09 1.23303e-08 1.47963e-08 1.94052e-07
scan 1000 400 14 2.9398e-06 0 1.38124e-07 8.8194e-08 8.8194e-08 8.8194e-08 1.4699e-07 1.76388e-07 2.3133e-06
scan 1000 400 15 3.24481e-08 0 1.45112e-08 9.73444e-10 9.73444e-10 9.73444e-10 1.62241e-09 1.94689e-09 2.55331e-08
scan 1000 400 16 3.89377e-08 0 1.58963e-08 1.16813e-09 1.16813e-09 1.16813e-09 1.94689e-09 2.33626e-09 3.06398e-08
scan 1000 400 17 2.59585e-08 0 1.29792e-08 7.78755e-10 7.78755e-10 7.78755e-10 1.29792e-09 1.55751e-09 2.04265e-08
scan 1000 400 18 8.43651e-08 0 2.33987e-08 2.53095e-09 2.53095e-09 2.53095e-09 4.21826e-09 5.06191e-09 6.63861e-08
scan 1000 400 19 4.28315e-07 0 5.2722e-08 1.28495e-08 1.28495e-08 1.28495e-08 2.14158e-08 2.56989e-08 3.37037e-07
scan 1000 400 20 0 0 0 0 0 0 0 0 0
scan 1000 400 21 0 0 0 0 0 0 0 0 0
scan 1000 400 22 6.48962e-09 0 6.48962e-09 1.94689e-10 1.94689e-10 1.94689e-10 3.24481e-10 3.89377e-10 5.10663e-09
scan 1000 400 23 1.29792e-08 0 9.17771e-09 3.89377e-10 3.89377e-10 3.89377e-10 6.48962e-10 7.78755e-10 1.02133e-08
scan 1000 400 24 1.49261e-07 0 3.11231e-08 4.47784e-09 4.47784e-09 4.47784e-09 7.46307e-09 8.95568e-09 1.17452e-07
scan 1000 400 25 6.48962e-09 0 6.48962e-09 1.94689e-10 1.94689e-10 1.94689e-10 3.24481e-10 3.89377e-10 5.10663e-09
scan 1000 400 26 2.59585e-08 0 1.29792e-08 7.78755e-10 7.78755e-10 7.78755e-10 1.29792e-09 1.55751e-09 2.04265e-08
scan 1000 400 27 1.23303e-07 0 2.82876e-08 3.69909e-09 3.69909e-09 3.69909e-09 6.16514e-09 7.39817e-09 9.70259e-08
scan 1000 400 28 2.14158e-07 0 3.72801e-08 6.42473e-09 6.42473e-09 6.42473e-09 1.07079e-08 1.28495e-08 1.68519e-07
scan 1000 400 29 1.96636e-06 0 1.12964e-07 5.89907e-08 5.89907e-08 5.89907e-08 9.83178e-08 1.17981e-07 1.54731e-06
scan 1000 400 30 1.42772e-07 0 3.0439e-08 4.28315e-09 4.28315e-09 4.28315e-09 7.13859e-09 8.5663e-09 1.12346e-07
scan 1000 400 31 3.63419e-07 0 4.85639e-08 1.09026e-08 1.09026e-08 1.09026e-08 1.81709e-08 2.18051e-08 2.85971e-07
scan 1000 400 32 6.42473e-07 0 6.45709e-08 1.92742e-08 1.92742e-08 1.92742e-08 3.21236e-08 3.85484e-08 5.05556e-07
scan 1000 400 33 6.48962e-07 0 6.48962e-08 1.94689e-08 1.94689e-08 1.94689e-08 3.24481e-08 3.89377e-08 5.10663e-07
scan 1000 400 34 5.49671e-06 0 1.88869e-07 1.64901e-07 1.64901e-07 1.64901e-07 2.74836e-07 3.29803e-07 4.32531e-06
scan 1000 400 35 2.59585e-08 0 1.29792e-08 7.78755e-10 7.78755e-10 7.78755e-10 1.29792e-09 1.55751e-09 2.04265e-08
scan 1000 400 36 8.43651e-08 0 2.33987e-08 2.53095e-09 2.53095e-09 2.53095e-09 4.21826e-09 5.06191e-09 6.63861e-08
scan 1000 400 37 1.29792e-07 0 2.90225e-08 3.89377e-09 3.89377e-09 3.89377e-09 6.48962e-09 7.78755e-09 1.02133e-07
scan 1000 400 38 2.27137e-07 0 3.83931e-08 6.81411e-09 6.81411e-09 6.81411e-09 1.13568e-08 1.36282e-08 1.78732e-07
scan 1000 400 39 1.88199e-06 0 1.10514e-07 5.64597e-08 5.64597e-08 5.64597e-08 9.40996e-08 1.12919e-07 1.48092e-06
scan 1000 400 40 1.03834e-07 0 2.59585e-08 3.11502e-09 3.11502e-09 3.11502e-09 5.1917e-09 6.23004e-09 8.1706e-08
scan 1000 400 41 4.60763e-07 0 5.46825e-08 1.38229e-08 1.38229e-08 1.38229e-08 2.30382e-08 2.76458e-08 3.6257e-07
scan 1000 400 42 7.78755e-07 0 7.10903e-08 2.33626e-08 2.33626e-08 2.33626e-08 3.89377e-08 4.67253e-08 6.12795e-07
scan 1000 400 43 1.1876e-06 0 8.779e-08 3.5628e-08 3.5628e-08 3.5628e-08 5.93801e-08 7.12561e-08 9.34512e-07
scan 1000 400 44 1.8755e-05 0 3.48874e-07 5.6265e-07 5.6265e-07 5.6265e-07 9.37751e-07 1.1253e-06 1.47581e-05
scan 1000 400 45 0 0 0 0 0 0 0 0 0
scan 1000 400 46 6.48962e-09 0 6.48962e-09 1.94689e-10 1.94689e-10 1.94689e-10 3.24481e-10 3.89377e-10 5.10663e-09
scan 1000 400 47 0 0 0 0 0 0 0 0 0
scan 1000 400 48 1.29792e-08 0 9.17771e-09 3.89377e-10 3.89377e-10 3.89377e-10 6.48962e-10 7.78755e-10 1.02133e-08
scan 1000 400 49 6.48962e-09 0 6.48962e-09 1.94689e-10 1.94689e-10 1.94689e-10 3.24481e-10 3.89377e-10 5.10663e-09
scan 1000 400 50 0 0 0 0 0 0 0 0 0
scan 1000 400 51 2.59585e-08 0 1.29792e-08 7.78755e-10 7.78755e-10 7.78755e-10 1.29792e-09 1.55751e-09 2.04265e-08
scan 1000 400 52 0 0 0 0 0 0 0 0 0
scan 1000 400 53 0 0 0 0 0 0 0 0 0
scan 1000 400 54 0 0 0 0 0 0 0 0 0
scan 1000 400 55 0 0 0 0 0 0 0 0 0
scan 1000 400 56 1.29792e-08 0 9.17771e-09 3.89377e-10 3.89377e-10 3.89377e-10 6.48962e-10 7.78755e-10 1.02133e-08
scan 1000 400 57 1.94689e-08 0 1.12404e-08 5.84066e-10 5.84066e-10 5.84066e-10 9.73444e-10 1.16813e-09 1.53199e-08
scan 1000 400 58 1.29792e-08 0 9.17771e-09 3.89377e-10 3.89377e-10 3.89377e-10 6.48962e-10 7.78755e-10 1.02133e-08
scan 1000 400 59 7.13859e-08 0 2.15236e-08 2.14158e-09 2.14158e-09 2.14158e-09 3.56929e-09 4.28315e-09 5.61729e-08
scan 1000 400 60 0 0 0 0 0 0 0 0
scan 1000 400 61 0 0 0 0 0 0 0 0
scan 1000 400 62 0 0 0 0 0 0 0 0
scan 1000 400 63 0 0 0 0 0 0 0 0
scan 1000 400 64 0 0 0 0 0 0 0 0
scan 1000 400 65 0 0 0 0 0 0 0 0
scan 1000 400 66 0 0 0 0 0 0 0 0
scan 1000 400 67 0 0 0 0 0 0 0 0
scan 1000 400 68 0 0 0 0 0 0 0 0
scan 1000 400 69 0 0 0 0 0 0 0 0
scan 1000 400 70 0 0 0 0 0 0 0 0
scan 1000 400 71 0 0 0 0 0 0 0 0
scan 1000 400 72 0 0 0 0 0 0 0 0
scan 1000 400 73 0 0 0 0 0 0 0 0
scan 1000 400 74 0 0 0 0 0 0 0 0
scan 1000 400 75 6.48962e-09 0 6.48962e-09 1.94689e-10 1.94689e-10 1.94689e-10 3.24481e-10 3.89377e-10 5.10663e-09
scan 1000 400 76 6.48962e-09 0 6.48962e-09 1.94689e-10 1.94689e-10 1.94689e-10 3.24481e-10 3.89377e-10 5.10663e-09
scan 1000 400 77 6.48962e-09 0 6.48962e-09 1.94689e-10 1.94689e-10 1.94689e-10 3.24481e-10 3.89377e-10 5.10663e-09
scan 1000 400 78 6.48962e-09 0 6.48962e-09 1.94689e-10 1.94689e-10 1.94689e-10 3.24481e-10 3.89377e-10 5.10663e-09
scan 1000 400 79 6.48962e-09 0 6.48962e-09 1.94689e-10 1.94689e-10 1.94689e-10 3.24481e-10 3.89377e-10 5.10663e-09
scan 1000 400 80 0 0 0 0 0 0 0 0 0
scan 1000 400 81 0 0 0 0 0 0 0 0 0
scan 1000 400 82 6.48962e-09 0 6.48962e-09 1.94689e-10 1.94689e-10 1.94689e-10 3.24481e-10 3.89377e-10 5.10663e-09
scan 1000 400 83 0 0 0 0 0 0 0 0 0
scan 1000 400 84 6.48962e-09 0 6.48962e-09 1.94689e-10 1.94689e-10 1.94689e-10 3.24481e-10 3.89377e-10 5.10663e-09
scan 1000 400 85 0 0 0 0 0 0 0 0 0
scan 1000 400 86 0 0 0 0 0 0 0 0 0
scan 1000 400 87 6.48962e-09 0 6.48962e-09 1.94689e-10 1.94689e-10 1.94689e-10 3.24481e-10 3.89377e-10 5.10663e-09
scan 1000 400 88 6.48962e-09 0 6.48962e-09 1.94689e-10 1.94689e-10 1.94689e-10 3.24481e-10 3.89377e-10 5.10663e-09
scan 1000 400 89 8.43651e-08 0 2.33987e-08 2.53095e-09 2.53095e-09 2.53095e-09 4.21826e-09 5.06191e-09 6.63861e-08
scan 1000 400 90 1.94689e-08 0 1.12404e-08 5.84066e-10 5.84066e-10 5.84066e-10 9.73444e-10 1.16813e-09 1.53199e-08
scan 1000 400 91 1.94689e-08 0 1.12404e-08 5.84066e-10 5.84066e-10 5.84066e-10 9.73444e-10 1.16813e-09 1.53199e-08
scan 1000 400 92 6.48962e-09 0 6.48962e-09 1.94689e-10 1.94689e-10 1.94689e-10 3.24481e-10 3.89377e-10 5.10663e-09
scan 1000 400 93 6.48962e-09 0 6.48962e-09 1.94689e-10 1.94689e-10 1.94689e-10 3.24481e-10 3.89377e-10 5.10663e-09
scan 1000 400 94 1.29792e-08 0 9.17771e-09 3.89377e-10 3.89377e-10 3.89377e-10 6.48962e-10 7.78755e-10 1.02133e-08
scan 1000 400 95 6.48962e-09 0 6.48962e-09 1.94689e-10 1.94689e-10 1.94689e-10 3.24481e-10 3.89377e-10 5.10663e-09
scan 1000 400 96 2.59585e-08 0 1.29792e-08 7.78755e-10 7.78755e-10 7.78755e-10 1.29792e-09 1.55751e-09 2.04265e-08
scan 1000 400 97 0 0 0 0 0 0 0 0 0
scan 1000 400 98 0 0 0 0 0 0 0 0 0
scan 1000 400 99 1.94689e-08 0 1.12404e-08 5.84066e-10 5.84066e-10 5.84066e-10 9.73444e-10 1.16813e-09 1.53199e-08
scan 1000 400 100 0 0 0 0 0 0 0 0 0
scan 1000 400 101 1.94689e-08 0 1.12404e-08 5.84066e-10 5.84066e-10 5.84066e-10 9.73444e-10 1.16813e-09 1.53199e-08
scan 1000 400 102 5.1917e-08 0 1.83554e-08 1.55751e-09 1.55751e-09 1.55751e-09 2.59585e-09 3.11502e-09 4.0853e-08
scan 1000 400 103 4.54274e-08 0 1.71699e-08 1.36282e-09 1.36282e-09 1.36282e-09 2.27137e-09 2.72564e-09 3.57464e-08
scan 1000 400 104 2.07668e-07 0 3.67109e-08 6.23004e-09 6.23004e-09 6.23004e-09 1.03834e-08 1.24601e-08 1.63412e-07
scan 1000 400 60 0 0 0 0 0 0 0 0
scan 1000 400 61 0 0 0 0 0 0 0 0
scan 1000 400 62 0 0 0 0 0 0 0 0
scan 1000 400 63 0 0 0 0 0 0 0 0
scan 1000 400 64 0 0 0 0 0 0 0 0
scan 1000 400 65 0 0 0 0 0 0 0 0
scan 1000 400 66 0 0 0 0 0 0 0 0
scan 1000 400 67 0 0 0 0 0 0 0 0
scan 1000 400 68 0 0 0 0 0 0 0 0
scan 1000 400 69 0 0 0 0 0 0 0 0
scan 1000 400 70 0 0 0 0 0 0 0 0
scan 1000 400 71 0 0 0 0 0 0 0 0
scan 1000 400 72 0 0 0 0 0 0 0 0
scan 1000 400 73 0 0 0 0 0 0 0 0
scan 1000 400 74 0 0 0 0 0 0 0 0
scan 1000 400 120 6.48962e-09 0 6.48962e-09 1.94689e-10 1.94689e-10 1.94689e-10 3.24481e-10 3.89377e-10 5.10663e-09
scan 1000 400 121 1.94689e-08 0 1.12404e-08 5.84066e-10 5.84066e-10 5.84066e-10 9.73444e-10 1.16813e-09 1.53199e-08
scan 1000 400 122 1.94689e-08 0 1.12404e-08 5.84066e-10 5.84066e-10 5.84066e-10 9.73444e-10 1.16813e-09 1.53199e-08
scan 1000 400 123 0 0 0 0 0 0 0 0 0
scan 1000 400 124 3.89377e-08 0 1.58963e-08 1.16813e-09 1.16813e-09 1.16813e-09 1.94689e-09 2.33626e-09 3.06398e-08
scan 1000 400 125 0 0 0 0 0 0 0 0 0
scan 1000 400 126 0 0 0 0 0 0 0 0 0
scan 1000 400 127 0 0 0 0 0 0 0 0 0
scan 1000 400 128 6.48962e-09 0 6.48962e-09 1.94689e-10 1.94689e-10 1.94689e-10 3.24481e-10 3.89377e-10 5.10663e-09
scan 1000 400 129 6.48962e-09 0 6.48962e-09 1.94689e-10 1.94689e-10 1.94689e-10 3.24481e-10 3.89377e-10 5.10663e-09
scan 1000 400 130 0 0 0 0 0 0 0 0 0
scan 1000 400 131 1.29792e-08 0 9.17771e-09 3.89377e-10 3.89377e-10 3.89377e-10 6.48962e-10 7.78755e-10 1.02133e-08
scan 1000 400 132 1.94689e-08 0 1.12404e-08 5.84066e-10 5.84066e-10 5.84066e-10 9.73444e-10 1.16813e-09 1.53199e-08
scan 1000 400 133 1.94689e-08 0 1.12404e-08 5.84066e-10 5.84066e-10 5.84066e-10 9.73444e-10 1.16813e-09 1.53199e-08
scan 1000 400 134 2.27137e-07 0 3.83931e-08 6.81411e-09 6.81411e-09 6.81411e-09 1.13568e-08 1.36282e-08 1.78732e-07
scan 1000 400 135 1.94689e-08 0 1.12404e-08 5.84066e-10 5.84066e-10 5.84066e-10 9.73444e-10 1.16813e-09 1.53199e-08
scan 1000 400 136 2.59585e-08 0 1.29792e-08 7.78755e-10 7.78755e-10 7.78755e-10 1.29792e-09 1.55751e-09 2.04265e-08
scan 1000 400 137 1.94689e-08 0 1.12404e-08 5.84066e-10 5.84066e-10 5.84066e-10 9.73444e-10 1.16813e-09 1.53199e-08
scan 1000 400 138 2.59585e-08 0 1.29792e-08 7.78755e-10 7.78755e-10 7.78755e-10 1.29792e-09 1.55751e-09 2.04265e-08
scan 1000 400 139 2.59585e-08 0 1.29792e-08 7.78755e-10 7.78755e-10 7.78755e-10 1.29792e-09 1.55751e-09 2.04265e-08
scan 1000 400 140 6.48962e-09 0 6.48962e-09 1.94689e-10 1.94689e-10 1.94689e-10 3.24481e-10 3.89377e-10 5.10663e-09
scan 1000 400 141 6.48962e-09 0 6.48962e-09 1.94689e-10 1.94689e-10 1.94689e-10 3.24481e-10 3.89377e-10 5.10663e-09
scan 1000 400 142 0 0 0 0 0 0 0 0 0
scan 1000 400 143 0 0 0 0 0 0 0 0 0
scan 1000 400 144 1.29792e-08 0 9.17771e-09 3.89377e-10 3.89377e-10 3.89377e-10 6.48962e-10 7.78755e-10 1.02133e-08
scan 1000 400 145 0 0 0 0 0 0 0 0 0
scan 1000 400 146 6.48962e-09 0 6.48962e-09 1.94689e-10 1.94689e-10 1.94689e-10 3.24481e-10 3.89377e-10 5.10663e-09
scan 1000 400 147 6.48962e-09 0 6.48962e-09 1.94689e-10 1.94689e-10 1.94689e-10 3.24481e-10 3.89377e-10 5.10663e-09
scan 1000 400 148 1.29792e-08 0 9.17771e-09 3.89377e-10 3.89377e-10 3.89377e-10 6.48962e-10 7.78755e-10 1.02133e-08
scan 1000 400 149 1.10324e-07 0 2.67574e-08 3.30971e-09 3.30971e-09 3.30971e-09 5.51618e-09 6.61942e-09 8.68126e-08
scan 1000 400 60 0 0 0 0 0 0 0 0
scan 1000 400 61 0 0 0 0 0 0 0 0
scan 1000 400 62 0 0 0 0 0 0 0 0
scan 1000 400 63 0 0 0 0 0 0 0 0
scan 1000 400 64 0 0 0 0 0 0 0 0
scan 1000 400 65 0 0 0 0 0 0 0 0
scan 1000 400 66 0 0 0 0 0 0 0 0
scan 1000 400 67 0 0 0 0 0 0 0 0
scan 1000 400 68 0 0 0 0 0 0 0 0
scan 1000 400 69 0 0 0 0 0 0 0 0
scan 1000 400 70 0 0 0 0 0 0 0 0
scan 1000 400 71 0 0 0 0 0 0 0 0
scan 1000 400 72 0 0 0 0 0 0 0 0
scan 1000 400 73 0 0 0 0 0 0 0 0
scan 1000 400 74 0 0 0 0 0 0 0 0
scan 1000 400 165 1.29792e-08 0 9.17771e-09 3.89377e-10 3.89377e-10 3.89377e-10 6.48962e-10 7.78755e-10 1.02133e-08
scan 1000 400 166 1.29792e-08 0 9.17771e-09 3.89377e-10 3.89377e-10 3.89377e-10 6.48962e-10 7.78755e-10 1.02133e-08
scan 1000 400 167 6.48962e-09 0 6.48962e-09 1.94689e-10 1.94689e-10 1.94689e-10 3.24481e-10 3.89377e-10 5.10663e-09
scan 1000 400 168 2.59585e-08 0 1.29792e-08 7.78755e-10 7.78755e-10 7.78755e-10 1.29792e-09 1.55751e-09 2.04265e-08
scan 1000 400 169 9.08547e-08 0 2.4282e-08 2.72564e-09 2.72564e-09 2.72564e-09 4.54274e-09 5.45128e-09 7.14928e-08
scan 1000 400 170 0 0 0 0 0 0 0 0 0
scan 1000 400 171 0 0 0 0 0 0 0 0 0
scan 1000 400 172 0 0 0 0 0 0 0 0 0
scan 1000 400 173 0 0 0 0 0 0 0 0 0
scan 1000 400 174 1.94689e-08 0 1.12404e-08 5.84066e-10 5.84066e-10 5.84066e-10 9.73444e-10 1.16813e-09 1.53199e-08
scan 1000 400 175 0 0 0 0 0 0 0 0 0
scan 1000 400 176 6.48962e-09 0 6.48962e-09 1.94689e-10 1.94689e-10 1.94689e-10 3.24481e-10 3.89377e-10 5.10663e-09
scan 1000 400 177 6.48962e-09 0 6.48962e-09 1.94689e-10 1.94689e-10 1.94689e-10 3.24481e-10 3.89377e-10 5.10663e-09
scan 1000 400 178 6.48962e-09 0 6.48962e-09 1.94689e-10 1.94689e-10 1.94689e-10 3.24481e-10 3.89377e-10 5.10663e-09
scan 1000 400 179 6.48962e-08 0 2.0522e-08 1.94689e-09 1.94689e-09 1.94689e-09 3.24481e-09 3.89377e-09 5.10663e-08
