800 350 0.000724721
scan 800 350 0 2.89903e-07 0 1.02496e-07 8.69709e-09 8.69709e-09 8.69709e-09 1.44952e-08 1.73942e-08 2.25747e-07
scan 800 350 1 3.26141e-07 0 1.08714e-07 9.78423e-09 9.78423e-09 9.78423e-09 1.6307e-08 1.95685e-08 2.53965e-07
scan 800 350 2 4.71093e-07 0 1.30658e-07 1.41328e-08 1.41328e-08 1.41328e-08 2.35546e-08 2.82656e-08 3.66839e-07
scan 800 350 3 3.62379e-07 0 1.14594e-07 1.08714e-08 1.08714e-08 1.08714e-08 1.81189e-08 2.17427e-08 2.82184e-07
scan 800 350 4 4.02241e-06 0 3.8179e-07 1.20672e-07 1.20672e-07 1.20672e-07 2.0112e-07 2.41344e-07 3.13224e-06
scan 800 350 5 7.24758e-08 0 5.12481e-08 2.17427e-09 2.17427e-09 2.17427e-09 3.62379e-09 4.34855e-09 5.64367e-08
scan 800 350 6 2.53665e-07 0 9.58764e-08 7.60996e-09 7.60996e-09 7.60996e-09 1.26833e-08 1.52199e-08 1.97529e-07
scan 800 350 7 1.81189e-07 0 8.10304e-08 5.43568e-09 5.43568e-09 5.43568e-09 9.05947e-09 1.08714e-08 1.41092e-07
scan 800 350 8 3.62379e-08 0 3.62379e-08 1.08714e-09 1.08714e-09 1.08714e-09 1.81189e-09 2.17427e-09 2.82184e-08
scan 800 350 9 8.33471e-07 0 1.73791e-07 2.50041e-08 2.50041e-08 2.50041e-08 4.16736e-08 5.00083e-08 6.49022e-07
scan 800 350 10 0 0 0 0 0 0 0 0 0
scan 800 350 11 6.8852e-07 0 1.57957e-07 2.06556e-08 2.06556e-08 2.06556e-08 3.4426e-08 4.13112e-08 5.36149e-07
scan 800 350 12 1.26833e-06 0 2.14386e-07 3.80498e-08 3.80498e-08 3.80498e-08 6.34163e-08 7.60996e-08 9.87643e-07
scan 800 350 13 1.92061e-06 0 2.63816e-07 5.76182e-08 5.76182e-08 5.76182e-08 9.60304e-08 1.15236e-07 1.49557e-06
scan 800 350 14 1.42415e-05 0 7.18388e-07 4.27245e-07 4.27245e-07 4.27245e-07 7.12074e-07 8.54489e-07 1.10898e-05
scan 800 350 15 1.81189e-07 0 8.10304e-08 5.43568e-09 5.43568e-09 5.43568e-09 9.05947e-09 1.08714e-08 1.41092e-07
scan 800 350 16 3.26141e-07 0 1.08714e-07 9.78423e-09 9.78423e-09 9.78423e-09 1.6307e-08 1.95685e-08 2.53965e-07
scan 800 350 17 1.01466e-06 0 1.91753e-07 3.04398e-08 3.04398e-08 3.04398e-08 5.0733e-08 6.08796e-08 7.90114e-07
scan 800 350 18 9.05947e-07 0 1.81189e-07 2.71784e-08 2.71784e-08 2.71784e-08 4.52974e-08 5.43568e-08 7.05459e-07
scan 800 350 19 3.98617e-06 0 3.80066e-07 1.19585e-07 1.19585e-07 1.19585e-07 1.99308e-07 2.3917e-07 3.10402e-06
scan 800 350 20 0 0 0 0 0 0 0 0 0
scan 800 350 21 1.44952e-07 0 7.24758e-08 4.34855e-09 4.34855e-09 4.34855e-09 7.24758e-09 8.69709e-09 1.12873e-07
scan 800 350 22 1.81189e-07 0 8.10304e-08 5.43568e-09 5.43568e-09 5.43568e-09 9.05947e-09 1.08714e-08 1.41092e-07
scan 800 350 23 1.44952e-07 0 7.24758e-08 4.34855e-09 4.34855e-09 4.34855e-09 7.24758e-09 8.69709e-09 1.12873e-07
scan 800 350 24 1.23209e-06 0 2.11301e-07 3.69626e-08 3.69626e-08 3.69626e-08 6.16044e-08 7.39253e-08 9.59424e-07
scan 800 350 25 0 0 0 0 0 0 0 0 0
scan 800 350 26 3.98617e-07 0 1.20187e-07 1.19585e-08 1.19585e-08 1.19585e-08 1.99308e-08 2.3917e-08 3.10402e-07
scan 800 350 27 1.01466e-06 0 1.91753e-07 3.04398e-08 3.04398e-08 3.04398e-08 5.0733e-08 6.08796e-08 7.90114e-07
scan 800 350 28 1.0509e-06 0 1.95147e-07 3.1527e-08 3.1527e-08 3.1527e-08 5.25449e-08 6.30539e-08 8.18333e-07
scan 800 350 29 9.92918e-06 0 5.99844e-07 2.97875e-07 2.97875e-07 2.97875e-07 4.96459e-07 5.95751e-07 7.73183e-06
scan 800 350 30 1.41328e-06 0 2.26306e-07 4.23983e-08 4.23983e-08 4.23983e-08 7.06639e-08 8.47967e-08 1.10052e-06
scan 800 350 31 2.42794e-06 0 2.9662e-07 7.28381e-08 7.28381e-08 7.28381e-08 1.21397e-07 1.45676e-07 1.89063e-06
scan 800 350 32 5.29073e-06 0 4.37864e-07 1.58722e-07 1.58722e-07 1.58722e-07 2.64537e-07 3.17444e-07 4.11988e-06
scan 800 350 33 5.79806e-06 0 4.58377e-07 1.73942e-07 1.73942e-07 1.73942e-07 2.89903e-07 3.47884e-07 4.51494e-06
scan 800 350 34 2.52578e-05 0 9.56708e-07 7.57734e-07 7.57734e-07 7.57734e-07 1.26289e-06 1.51547e-06 1.96682e-05
scan 800 350 35 4.71093e-07 0 1.30658e-07 1.41328e-08 1.41328e-08 1.41328e-08 2.35546e-08 2.82656e-08 3.66839e-07
scan 800 350 36 6.16044e-07 0 1.49413e-07 1.84813e-08 1.84813e-08 1.84813e-08 3.08022e-08 3.69626e-08 4.79712e-07
scan 800 350 37 6.52282e-07 0 1.53744e-07 1.95685e-08 1.95685e-08 1.95685e-08 3.26141e-08 3.91369e-08 5.07931e-07
scan 800 350 38 1.3408e-06 0 2.20426e-07 4.02241e-08 4.02241e-08 4.02241e-08 6.70401e-08 8.04481e-08 1.04408e-06
scan 800 350 39 7.82738e-06 0 5.32586e-07 2.34821e-07 2.34821e-07 2.34821e-07 3.91369e-07 4.69643e-07 6.09517e-06
scan 800 350 40 5.0733e-07 0 1.3559e-07 1.52199e-08 1.52199e-08 1.52199e-08 2.53665e-08 3.04398e-08 3.95057e-07
scan 800 350 41 3.08022e-06 0 3.34097e-07 9.24066e-08 9.24066e-08 9.24066e-08 1.54011e-07 1.84813e-07 2.39856e-06
scan 800 350 42 4.31231e-06 0 3.95309e-07 1.29369e-07 1.29369e-07 1.29369e-07 2.15615e-07 2.58739e-07 3.35799e-06
scan 800 350 43 7.13886e-06 0 5.08623e-07 2.14166e-07 2.14166e-07 2.14166e-07 3.56943e-07 4.28332e-07 5.55902e-06
scan 800 350 44 6.87795e-05 0 1.57874e-06 2.06339e-06 2.06339e-06 2.06339e-06 3.43898e-06 4.12677e-06 5.35585e-05
scan 800 350 45 7.24758e-08 0 5.12481e-08 2.17427e-09 2.17427e-09 2.17427e-09 3.62379e-09 4.34855e-09 5.64367e-08
scan 800 350 46 7.24758e-08 0 5.12481e-08 2.17427e-09 2.17427e-09 2.17427e-09 3.62379e-09 4.34855e-09 5.64367e-08
scan 800 350 47 3.62379e-08 0 3.62379e-08 1.08714e-09 1.08714e-09 1.08714e-09 1.81189e-09 2.17427e-09 2.82184e-08
scan 800 350 48 0 0 0 0 0 0 0 0 0
scan 800 350 49 3.62379e-08 0 3.62379e-08 1.08714e-09 1.08714e-09 1.08714e-09 1.81189e-09 2.17427e-09 2.82184e-08
scan 800 350 50 0 0 0 0 0 0 0 0 0
scan 800 350 51 0 0 0 0 0 0 0 0 0
scan 800 350 52 0 0 0 0 0 0 0 0 0
scan 800 350 53 0 0 0 0 0 0 0 0 0
scan 800 350 54 3.62379e-08 0 3.62379e-08 1.08714e-09 1.08714e-09 1.08714e-09 1.81189e-09 2.17427e-09 2.82184e-08
scan 800 350 55 0 0 0 0 0 0 0 0 0
scan 800 350 56 3.62379e-08 0 3.62379e-08 1.08714e-09 1.08714e-09 1.08714e-09 1.81189e-09 2.17427e-09 2.82184e-08
scan 800 350 57 7.24758e-08 0 5.12481e-08 2.17427e-09 2.17427e-09 2.17427e-09 3.62379e-09 4.34855e-09 5.64367e-08
scan 800 350 58 0 0 0 0 0 0 0 0 0
scan 800 350 59 2.53665e-07 0 9.58764e-08 7.60996e-09 7.60996e-09 7.60996e-09 1.26833e-08 1.52199e-08 1.97529e-07
scan 800 350 60 0 0 0 0 0 0 0 0
scan 800 350 61 0 0 0 0 0 0 0 0
scan 800 350 62 0 0 0 0 0 0 0 0
scan 800 350 63 0 0 0 0 0 0 0 0
scan 800 350 64 0 0 0 0 0 0 0 0
scan 800 350 65 0 0 0 0 0 0 0 0
scan 800 350 66 0 0 0 0 0 0 0 0
scan 800 350 67 0 0 0 0 0 0 0 0
scan 800 350 68 0 0 0 0 0 0 0 0
scan 800 350 69 0 0 0 0 0 0 0 0
scan 800 350 70 0 0 0 0 0 0 0 0
scan 800 350 71 0 0 0 0 0 0 0 0
scan 800 350 72 0 0 0 0 0 0 0 0
scan 800 350 73 0 0 0 0 0 0 0 0
scan 800 350 74 0 0 0 0 0 0 0 0
scan 800 350 75 0 0 0 0 0 0 0 0 0
scan 800 350 76 0 0 0 0 0 0 0 0 0
scan 800 350 77 3.62379e-08 0 3.62379e-08 1.08714e-09 1.08714e-09 1.08714e-09 1.81189e-09 2.17427e-09 2.82184e-08
scan 800 350 78 3.62379e-08 0 3.62379e-08 1.08714e-09 1.08714e-09 1.08714e-09 1.81189e-09 2.17427e-09 2.82184e-08
scan 800 350 79 0 0 0 0 0 0 0 0 0
scan 800 350 80 0 0 0 0 0 0 0 0 0
scan 800 350 81 0 0 0 0 0 0 0 0 0
scan 800 350 82 0 0 0 0 0 0 0 0 0
scan 800 350 83 0 0 0 0 0 0 0 0 0
scan 800 350 84 0 0 0 0 0 0 0 0 0
scan 800 350 85 0 0 0 0 0 0 0 0 0
scan 800 350 86 0 0 0 0 0 0 0 0 0
scan 800 350 87 0 0 0 0 0 0 0 0 0
scan 800 350 88 7.24758e-08 0 5.12481e-08 2.17427e-09 2.17427e-09 2.17427e-09 3.62379e-09 4.34855e-09 5.64367e-08
scan 800 350 89 3.98617e-07 0 1.20187e-07 1.19585e-08 1.19585e-08 1.19585e-08 1.99308e-08 2.3917e-08 3.10402e-07
scan 800 350 90 1.81189e-07 0 8.10304e-08 5.43568e-09 5.43568e-09 5.43568e-09 9.05947e-09 1.08714e-08 1.41092e-07
scan 800 350 91 2.89903e-07 0 1.02496e-07 8.69709e-09 8.69709e-09 8.69709e-09 1.44952e-08 1.73942e-08 2.25747e-07
scan 800 350 92 2.17427e-07 0 8.87643e-08 6.52282e-09 6.52282e-09 6.52282e-09 1.08714e-08 1.30456e-08 1.6931e-07
scan 800 350 93 1.08714e-07 0 6.27659e-08 3.26141e-09 3.26141e-09 3.26141e-09 5.43568e-09 6.52282e-09 8.46551e-08
scan 800 350 94 3.62379e-08 0 3.62379e-08 1.08714e-09 1.08714e-09 1.08714e-09 1.81189e-09 2.17427e-09 2.82184e-08
scan 800 350 95 0 0 0 0 0 0 0 0 0
scan 800 350 96 3.62379e-08 0 3.62379e-08 1.08714e-09 1.08714e-09 1.08714e-09 1.81189e-09 2.17427e-09 2.82184e-08
scan 800 350 97 7.24758e-08 0 5.12481e-08 2.17427e-09 2.17427e-09 2.17427e-09 3.62379e-09 4.34855e-09 5.64367e-08
scan 800 350 98 3.62379e-08 0 3.62379e-08 1.08714e-09 1.08714e-09 1.08714e-09 1.81189e-09 2.17427e-09 2.82184e-08
scan 800 350 99 0 0 0 0 0 0 0 0 0
scan 800 350 100 0 0 0 0 0 0 0 0 0
scan 800 350 101 1.44952e-07 0 7.24758e-08 4.34855e-09 4.34855e-09 4.34855e-09 7.24758e-09 8.69709e-09 1.12873e-07
scan 800 350 102 7.24758e-08 0 5.12481e-08 2.17427e-09 2.17427e-09 2.17427e-09 3.62379e-09 4.34855e-09 5.64367e-08
scan 800 350 103 3.26141e-07 0 1.08714e-07 9.78423e-09 9.78423e-09 9.78423e-09 1.6307e-08 1.95685e-08 2.53965e-07
scan 800 350 104 6.16044e-07 0 1.49413e-07 1.84813e-08 1.84813e-08 1.84813e-08 3.08022e-08 3.69626e-08 4.79712e-07
scan 800 350 60 0 0 0 0 0 0 0 0
scan 800 350 61 0 0 0 0 0 0 0 0
scan 800 350 62 0 0 0 0 0 0 0 0
scan 800 350 63 0 0 0 0 0 0 0 0
scan 800 350 64 0 0 0 0 0 0 0 0
scan 800 350 65 0 0 0 0 0 0 0 0
scan 800 350 66 0 0 0 0 0 0 0 0
scan 800 350 67 0 0 0 0 0 0 0 0
scan 800 350 68 0 0 0 0 0 0 0 0
scan 800 350 69 0 0 0 0 0 0 0 0
scan 800 350 70 0 0 0 0 0 0 0 0
scan 800 350 71 0 0 0 0 0 0 0 0
scan 800 350 72 0 0 0 0 0 0 0 0
scan 800 350 73 0 0 0 0 0 0 0 0
scan 800 350 74 0 0 0 0 0 0 0 0
scan 800 350 120 3.62379e-08 0 3.62379e-08 1.08714e-09 1.08714e-09 1.08714e-09 1.81189e-09 2.17427e-09 2.82184e-08
scan 800 350 121 0 0 0 0 0 0 0 0 0
scan 800 350 122 3.62379e-08 0 3.62379e-08 1.08714e-09 1.08714e-09 1.08714e-09 1.81189e-09 2.17427e-09 2.82184e-08
scan 800 350 123 0 0 0 0 0 0 0 0 0
scan 800 350 124 1.08714e-07 0 6.27659e-08 3.26141e-09 3.26141e-09 3.26141e-09 5.43568e-09 6.52282e-09 8.46551e-08
scan 800 350 125 0 0 0 0 0 0 0 0 0
scan 800 350 126 0 0 0 0 0 0 0 0 0
scan 800 350 127 0 0 0 0 0 0 0 0 0
scan 800 350 128 0 0 0 0 0 0 0 0 0
scan 800 350 129 7.24758e-08 0 5.12481e-08 2.17427e-09 2.17427e-09 2.17427e-09 3.62379e-09 4.34855e-09 5.64367e-08
scan 800 350 130 3.62379e-08 0 3.62379e-08 1.08714e-09 1.08714e-09 1.08714e-09 1.81189e-09 2.17427e-09 2.82184e-08
scan 800 350 131 1.08714e-07 0 6.27659e-08 3.26141e-09 3.26141e-09 3.26141e-09 5.43568e-09 6.52282e-09 8.46551e-08
scan 800 350 132 7.24758e-08 0 5.12481e-08 2.17427e-09 2.17427e-09 2.17427e-09 3.62379e-09 4.34855e-09 5.64367e-08
scan 800 350 133 7.24758e-08 0 5.12481e-08 2.17427e-09 2.17427e-09 2.17427e-09 3.62379e-09 4.34855e-09 5.64367e-08
scan 800 350 134 6.16044e-07 0 1.49413e-07 1.84813e-08 1.84813e-08 1.84813e-08 3.08022e-08 3.69626e-08 4.79712e-07
scan 800 350 135 3.62379e-08 0 3.62379e-08 1.08714e-09 1.08714e-09 1.08714e-09 1.81189e-09 2.17427e-09 2.82184e-08
scan 800 350 136 3.62379e-08 0 3.62379e-08 1.08714e-09 1.08714e-09 1.08714e-09 1.81189e-09 2.17427e-09 2.82184e-08
scan 800 350 137 7.24758e-08 0 5.12481e-08 2.17427e-09 2.17427e-09 2.17427e-09 3.62379e-09 4.34855e-09 5.64367e-08
scan 800 350 138 3.62379e-08 0 3.62379e-08 1.08714e-09 1.08714e-09 1.08714e-09 1.81189e-09 2.17427e-09 2.82184e-08
scan 800 350 139 2.17427e-07 0 8.87643e-08 6.52282e-09 6.52282e-09 6.52282e-09 1.08714e-08 1.30456e-08 1.6931e-07
scan 800 350 140 0 0 0 0 0 0 0 0 0
scan 800 350 141 3.62379e-08 0 3.62379e-08 1.08714e-09 1.08714e-09 1.08714e-09 1.81189e-09 2.17427e-09 2.82184e-08
scan 800 350 142 0 0 0 0 0 0 0 0 0
scan 800 350 143 3.62379e-08 0 3.62379e-08 1.08714e-09 1.08714e-09 1.08714e-09 1.81189e-09 2.17427e-09 2.82184e-08
scan 800 350 144 1.08714e-07 0 6.27659e-08 3.26141e-09 3.26141e-09 3.26141e-09 5.43568e-09 6.52282e-09 8.46551e-08
scan 800 350 145 0 0 0 0 0 0 0 0 0
scan 800 350 146 1.08714e-07 0 6.27659e-08 3.26141e-09 3.26141e-09 3.26141e-09 5.43568e-09 6.52282e-09 8.46551e-08
scan 800 350 147 7.24758e-08 0 5.12481e-08 2.17427e-09 2.17427e-09 2.17427e-09 3.62379e-09 4.34855e-09 5.64367e-08
scan 800 350 148 1.44952e-07 0 7.24758e-08 4.34855e-09 4.34855e-09 4.34855e-09 7.24758e-09 8.69709e-09 1.12873e-07
scan 800 350 149 2.89903e-07 0 1.02496e-07 8.69709e-09 8.69709e-09 8.69709e-09 1.44952e-08 1.73942e-08 2.25747e-07
scan 800 350 60 0 0 0 0 0 0 0 0
scan 800 350 61 0 0 0 0 0 0 0 0
scan 800 350 62 0 0 0 0 0 0 0 0
scan 800 350 63 0 0 0 0 0 0 0 0
scan 800 350 64 0 0 0 0 0 0 0 0
scan 800 350 65 0 0 0 0 0 0 0 0
scan 800 350 66 0 0 0 0 0 0 0 0
scan 800 350 67 0 0 0 0 0 0 0 0
scan 800 350 68 0 0 0 0 0 0 0 0
scan 800 350 69 0 0 0 0 0 0 0 0
scan 800 350 70 0 0 0 0 0 0 0 0
scan 800 350 71 0 0 0 0 0 0 0 0
scan 800 350 72 0 0 0 0 0 0 0 0
scan 800 350 73 0 0 0 0 0 0 0 0
scan 800 350 74 0 0 0 0 0 0 0 0
scan 800 350 165 0 0 0 0 0 0 0 0 0
scan 800 350 166 3.62379e-08 0 3.62379e-08 1.08714e-09 1.08714e-09 1.08714e-09 1.81189e-09 2.17427e-09 2.82184e-08
scan 800 350 167 3.62379e-08 0 3.62379e-08 1.08714e-09 1.08714e-09 1.08714e-09 1.81189e-09 2.17427e-09 2.82184e-08
scan 800 350 168 3.62379e-08 0 3.62379e-08 1.08714e-09 1.08714e-09 1.08714e-09 1.81189e-09 2.17427e-09 2.82184e-08
scan 800 350 169 3.62379e-08 0 3.62379e-08 1.08714e-09 1.08714e-09 1.08714e-09 1.81189e-09 2.17427e-09 2.82184e-08
scan 800 350 170 0 0 0 0 0 0 0 0 0
scan 800 350 171 0 0 0 0 0 0 0 0 0
scan 800 350 172 3.62379e-08 0 3.62379e-08 1.08714e-09 1.08714e-09 1.08714e-09 1.81189e-09 2.17427e-09 2.82184e-08
scan 800 350 173 3.62379e-08 0 3.62379e-08 1.08714e-09 1.08714e-09 1.08714e-09 1.81189e-09 2.17427e-09 2.82184e-08
scan 800 350 174 7.24758e-08 0 5.12481e-08 2.17427e-09 2.17427e-09 2.17427e-09 3.62379e-09 4.34855e-09 5.64367e-08
scan 800 350 175 0 0 0 0 0 0 0 0 0
scan 800 350 176 0 0 0 0 0 0 0 0 0
scan 800 350 177 3.62379e-08 0 3.62379e-08 1.08714e-09 1.08714e-09 1.08714e-09 1.81189e-09 2.17427e-09 2.82184e-08
scan 800 350 178 0 0 0 0 0 0 0 0 0
scan 800 350 179 2.17427e-07 0 8.87643e-08 6.52282e-09 6.52282e-09 6.52282e-09 1.08714e-08 1.30456e-08 1.6931e-07
