600 50 0.00474287
scan 600 50 0 1.89724e-06 0 6.70777e-07 5.69173e-08 5.69173e-08 5.69173e-08 9.48622e-08 1.13835e-07 1.44853e-06
scan 600 50 1 1.42293e-06 0 5.8091e-07 4.2688e-08 4.2688e-08 4.2688e-08 7.11466e-08 8.5376e-08 1.0864e-06
scan 600 50 2 1.89724e-06 0 6.70777e-07 5.69173e-08 5.69173e-08 5.69173e-08 9.48622e-08 1.13835e-07 1.44853e-06
scan 600 50 3 7.11466e-07 0 4.10765e-07 2.1344e-08 2.1344e-08 2.1344e-08 3.55733e-08 4.2688e-08 5.43199e-07
scan 600 50 4 4.98026e-06 0 1.08678e-06 1.49408e-07 1.49408e-07 1.49408e-07 2.49013e-07 2.98816e-07 3.8024e-06
scan 600 50 5 4.74311e-07 0 3.35388e-07 1.42293e-08 1.42293e-08 1.42293e-08 2.37155e-08 2.84587e-08 3.62133e-07
scan 600 50 6 9.48622e-07 0 4.74311e-07 2.84587e-08 2.84587e-08 2.84587e-08 4.74311e-08 5.69173e-08 7.24266e-07
scan 600 50 7 7.11466e-07 0 4.10765e-07 2.1344e-08 2.1344e-08 2.1344e-08 3.55733e-08 4.2688e-08 5.43199e-07
scan 600 50 8 7.11466e-07 0 4.10765e-07 2.1344e-08 2.1344e-08 2.1344e-08 3.55733e-08 4.2688e-08 5.43199e-07
scan 600 50 9 9.48622e-07 0 4.74311e-07 2.84587e-08 2.84587e-08 2.84587e-08 4.74311e-08 5.69173e-08 7.24266e-07
scan 600 50 10 4.74311e-07 0 3.35388e-07 1.42293e-08 1.42293e-08 1.42293e-08 2.37155e-08 2.84587e-08 3.62133e-07
scan 600 50 11 4.2688e-06 0 1.00617e-06 1.28064e-07 1.28064e-07 1.28064e-07 2.1344e-07 2.56128e-07 3.2592e-06
scan 600 50 12 4.50595e-06 0 1.03374e-06 1.35179e-07 1.35179e-07 1.35179e-07 2.25298e-07 2.70357e-07 3.44026e-06
scan 600 50 13 9.96053e-06 0 1.53694e-06 2.98816e-07 2.98816e-07 2.98816e-07 4.98026e-07 5.97632e-07 7.60479e-06
scan 600 50 14 3.48619e-05 0 2.87536e-06 1.04586e-06 1.04586e-06 1.04586e-06 1.74309e-06 2.09171e-06 2.66168e-05
scan 600 50 15 2.37155e-07 0 2.37155e-07 7.11466e-09 7.11466e-09 7.11466e-09 1.18578e-08 1.42293e-08 1.81066e-07
scan 600 50 16 2.37155e-06 0 7.49951e-07 7.11466e-08 7.11466e-08 7.11466e-08 1.18578e-07 1.42293e-07 1.81066e-06
scan 600 50 17 1.18578e-06 0 5.30296e-07 3.55733e-08 3.55733e-08 3.55733e-08 5.92889e-08 7.11466e-08 9.05332e-07
scan 600 50 18 1.89724e-06 0 6.70777e-07 5.69173e-08 5.69173e-08 5.69173e-08 9.48622e-08 1.13835e-07 1.44853e-06
scan 600 50 19 3.55733e-06 0 9.18499e-07 1.0672e-07 1.0672e-07 1.0672e-07 1.77867e-07 2.1344e-07 2.716e-06
scan 600 50 20 2.37155e-07 0 2.37155e-07 7.11466e-09 7.11466e-09 7.11466e-09 1.18578e-08 1.42293e-08 1.81066e-07
scan 600 50 21 2.37155e-06 0 7.49951e-07 7.11466e-08 7.11466e-08 7.11466e-08 1.18578e-07 1.42293e-07 1.81066e-06
scan 600 50 22 2.37155e-07 0 2.37155e-07 7.11466e-09 7.11466e-09 7.11466e-09 1.18578e-08 1.42293e-08 1.81066e-07
scan 600 50 23 0 0 0 0 0 0 0 0 0
scan 600 50 24 1.42293e-06 0 5.8091e-07 4.2688e-08 4.2688e-08 4.2688e-08 7.11466e-08 8.5376e-08 1.0864e-06
scan 600 50 25 4.74311e-07 0 3.35388e-07 1.42293e-08 1.42293e-08 1.42293e-08 2.37155e-08 2.84587e-08 3.62133e-07
scan 600 50 26 2.37155e-06 0 7.49951e-07 7.11466e-08 7.11466e-08 7.11466e-08 1.18578e-07 1.42293e-07 1.81066e-06
scan 600 50 27 5.45458e-06 0 1.13736e-06 1.63637e-07 1.63637e-07 1.63637e-07 2.72729e-07 3.27275e-07 4.16453e-06
scan 600 50 28 7.11466e-06 0 1.29895e-06 2.1344e-07 2.1344e-07 2.1344e-07 3.55733e-07 4.2688e-07 5.43199e-06
scan 600 50 29 3.65219e-05 0 2.94302e-06 1.09566e-06 1.09566e-06 1.09566e-06 1.8261e-06 2.19132e-06 2.78842e-05
scan 600 50 30 1.92096e-05 0 2.1344e-06 5.76288e-07 5.76288e-07 5.76288e-07 9.6048e-07 1.15258e-06 1.46664e-05
scan 600 50 31 4.05536e-05 0 3.10121e-06 1.21661e-06 1.21661e-06 1.21661e-06 2.02768e-06 2.43321e-06 3.09624e-05
scan 600 50 32 4.19765e-05 0 3.15515e-06 1.2593e-06 1.2593e-06 1.2593e-06 2.09883e-06 2.51859e-06 3.20488e-05
scan 600 50 33 4.31623e-05 0 3.1994e-06 1.29487e-06 1.29487e-06 1.29487e-06 2.15811e-06 2.58974e-06 3.29541e-05
scan 600 50 34 0.000135416 0 5.66697e-06 4.06247e-06 4.06247e-06 4.06247e-06 6.77079e-06 8.12495e-06 0.000103389
scan 600 50 35 4.2688e-06 0 1.00617e-06 1.28064e-07 1.28064e-07 1.28064e-07 2.1344e-07 2.56128e-07 3.2592e-06
scan 600 50 36 1.11463e-05 0 1.62586e-06 3.34389e-07 3.34389e-07 3.34389e-07 5.57315e-07 6.68778e-07 8.51012e-06
scan 600 50 37 1.42293e-05 0 1.837e-06 4.2688e-07 4.2688e-07 4.2688e-07 7.11466e-07 8.5376e-07 1.0864e-05
scan 600 50 38 9.72337e-06 0 1.51854e-06 2.91701e-07 2.91701e-07 2.91701e-07 4.86169e-07 5.83402e-07 7.42373e-06
scan 600 50 39 4.38738e-05 0 3.22566e-06 1.31621e-06 1.31621e-06 1.31621e-06 2.19369e-06 2.63243e-06 3.34973e-05
scan 600 50 40 5.69173e-06 0 1.16182e-06 1.70752e-07 1.70752e-07 1.70752e-07 2.84587e-07 3.41504e-07 4.3456e-06
scan 600 50 41 4.2688e-05 0 3.18177e-06 1.28064e-06 1.28064e-06 1.28064e-06 2.1344e-06 2.56128e-06 3.2592e-05
scan 600 50 42 8.60874e-05 0 4.51842e-06 2.58262e-06 2.58262e-06 2.58262e-06 4.30437e-06 5.16525e-06 6.57271e-05
scan 600 50 43 0.000115495 0 5.23356e-06 3.46484e-06 3.46484e-06 3.46484e-06 5.77474e-06 6.92968e-06 8.81794e-05
scan 600 50 44 0.000708383 0 1.29614e-05 2.12515e-05 2.12515e-05 2.12515e-05 3.54192e-05 4.2503e-05 0.000540846
scan 600 50 45 2.37155e-07 0 2.37155e-07 7.11466e-09 7.11466e-09 7.11466e-09 1.18578e-08 1.42293e-08 1.81066e-07
scan 600 50 46 1.18578e-06 0 5.30296e-07 3.55733e-08 3.55733e-08 3.55733e-08 5.92889e-08 7.11466e-08 9.05332e-07
scan 600 50 47 0 0 0 0 0 0 0 0 0
scan 600 50 48 0 0 0 0 0 0 0 0 0
scan 600 50 49 0 0 0 0 0 0 0 0 0
scan 600 50 50 0 0 0 0 0 0 0 0 0
scan 600 50 51 0 0 0 0 0 0 0 0 0
scan 600 50 52 0 0 0 0 0 0 0 0 0
scan 600 50 53 0 0 0 0 0 0 0 0 0
scan 600 50 54 2.37155e-07 0 2.37155e-07 7.11466e-09 7.11466e-09 7.11466e-09 1.18578e-08 1.42293e-08 1.81066e-07
scan 600 50 55 0 0 0 0 0 0 0 0 0
scan 600 50 56 2.37155e-07 0 2.37155e-07 7.11466e-09 7.11466e-09 7.11466e-09 1.18578e-08 1.42293e-08 1.81066e-07
scan 600 50 57 2.37155e-07 0 2.37155e-07 7.11466e-09 7.11466e-09 7.11466e-09 1.18578e-08 1.42293e-08 1.81066e-07
scan 600 50 58 1.42293e-06 0 5.8091e-07 4.2688e-08 4.2688e-08 4.2688e-08 7.11466e-08 8.5376e-08 1.0864e-06
scan 600 50 59 3.55733e-06 0 9.18499e-07 1.0672e-07 1.0672e-07 1.0672e-07 1.77867e-07 2.1344e-07 2.716e-06
scan 600 50 60 0 0 0 0 0 0 0 0
scan 600 50 61 0 0 0 0 0 0 0 0
scan 600 50 62 0 0 0 0 0 0 0 0
scan 600 50 63 0 0 0 0 0 0 0 0
scan 600 50 64 0 0 0 0 0 0 0 0
scan 600 50 65 0 0 0 0 0 0 0 0
scan 600 50 66 0 0 0 0 0 0 0 0
scan 600 50 67 0 0 0 0 0 0 0 0
scan 600 50 68 0 0 0 0 0 0 0 0
scan 600 50 69 0 0 0 0 0 0 0 0
scan 600 50 70 0 0 0 0 0 0 0 0
scan 600 50 71 0 0 0 0 0 0 0 0
scan 600 50 72 0 0 0 0 0 0 0 0
scan 600 50 73 0 0 0 0 0 0 0 0
scan 600 50 74 0 0 0 0 0 0 0 0
scan 600 50 75 2.37155e-07 0 2.37155e-07 7.11466e-09 7.11466e-09 7.11466e-09 1.18578e-08 1.42293e-08 1.81066e-07
scan 600 50 76 4.74311e-07 0 3.35388e-07 1.42293e-08 1.42293e-08 1.42293e-08 2.37155e-08 2.84587e-08 3.62133e-07
scan 600 50 77 1.18578e-06 0 5.30296e-07 3.55733e-08 3.55733e-08 3.55733e-08 5.92889e-08 7.11466e-08 9.05332e-07
scan 600 50 78 0 0 0 0 0 0 0 0 0
scan 600 50 79 1.18578e-06 0 5.30296e-07 3.55733e-08 3.55733e-08 3.55733e-08 5.92889e-08 7.11466e-08 9.05332e-07
scan 600 50 80 0 0 0 0 0 0 0 0 0
scan 600 50 81 0 0 0 0 0 0 0 0 0
scan 600 50 82 4.74311e-07 0 3.35388e-07 1.42293e-08 1.42293e-08 1.42293e-08 2.37155e-08 2.84587e-08 3.62133e-07
scan 600 50 83 0 0 0 0 0 0 0 0 0
scan 600 50 84 0 0 0 0 0 0 0 0 0
scan 600 50 85 0 0 0 0 0 0 0 0 0
scan 600 50 86 7.11466e-07 0 4.10765e-07 2.1344e-08 2.1344e-08 2.1344e-08 3.55733e-08 4.2688e-08 5.43199e-07
scan 600 50 87 1.18578e-06 0 5.30296e-07 3.55733e-08 3.55733e-08 3.55733e-08 5.92889e-08 7.11466e-08 9.05332e-07
scan 600 50 88 4.74311e-07 0 3.35388e-07 1.42293e-08 1.42293e-08 1.42293e-08 2.37155e-08 2.84587e-08 3.62133e-07
scan 600 50 89 2.84587e-06 0 8.21531e-07 8.5376e-08 8.5376e-08 8.5376e-08 1.42293e-07 1.70752e-07 2.1728e-06
scan 600 50 90 9.48622e-07 0 4.74311e-07 2.84587e-08 2.84587e-08 2.84587e-08 4.74311e-08 5.69173e-08 7.24266e-07
scan 600 50 91 1.18578e-06 0 5.30296e-07 3.55733e-08 3.55733e-08 3.55733e-08 5.92889e-08 7.11466e-08 9.05332e-07
scan 600 50 92 1.42293e-06 0 5.8091e-07 4.2688e-08 4.2688e-08 4.2688e-08 7.11466e-08 8.5376e-08 1.0864e-06
scan 600 50 93 9.48622e-07 0 4.74311e-07 2.84587e-08 2.84587e-08 2.84587e-08 4.74311e-08 5.69173e-08 7.24266e-07
scan 600 50 94 4.74311e-07 0 3.35388e-07 1.42293e-08 1.42293e-08 1.42293e-08 2.37155e-08 2.84587e-08 3.62133e-07
scan 600 50 95 0 0 0 0 0 0 0 0 0
scan 600 50 96 4.74311e-07 0 3.35388e-07 1.42293e-08 1.42293e-08 1.42293e-08 2.37155e-08 2.84587e-08 3.62133e-07
scan 600 50 97 0 0 0 0 0 0 0 0 0
scan 600 50 98 7.11466e-07 0 4.10765e-07 2.1344e-08 2.1344e-08 2.1344e-08 3.55733e-08 4.2688e-08 5.43199e-07
scan 600 50 99 0 0 0 0 0 0 0 0 0
scan 600 50 100 0 0 0 0 0 0 0 0 0
scan 600 50 101 4.74311e-07 0 3.35388e-07 1.42293e-08 1.42293e-08 1.42293e-08 2.37155e-08 2.84587e-08 3.62133e-07
scan 600 50 102 2.37155e-06 0 7.49951e-07 7.11466e-08 7.11466e-08 7.11466e-08 1.18578e-07 1.42293e-07 1.81066e-06
scan 600 50 103 9.48622e-07 0 4.74311e-07 2.84587e-08 2.84587e-08 2.84587e-08 4.74311e-08 5.69173e-08 7.24266e-07
scan 600 50 104 4.03164e-06 0 9.77817e-07 1.20949e-07 1.20949e-07 1.20949e-07 2.01582e-07 2.41899e-07 3.07813e-06
scan 600 50 60 0 0 0 0 0 0 0 0
scan 600 50 61 0 0 0 0 0 0 0 0
scan 600 50 62 0 0 0 0 0 0 0 0
scan 600 50 63 0 0 0 0 0 0 0 0
scan 600 50 64 0 0 0 0 0 0 0 0
scan 600 50 65 0 0 0 0 0 0 0 0
scan 600 50 66 0 0 0 0 0 0 0 0
scan 600 50 67 0 0 0 0 0 0 0 0
scan 600 50 68 0 0 0 0 0 0 0 0
scan 600 50 69 0 0 0 0 0 0 0 0
scan 600 50 70 0 0 0 0 0 0 0 0
scan 600 50 71 0 0 0 0 0 0 0 0
scan 600 50 72 0 0 0 0 0 0 0 0
scan 600 50 73 0 0 0 0 0 0 0 0
scan 600 50 74 0 0 0 0 0 0 0 0
scan 600 50 120 1.66009e-06 0 6.27454e-07 4.98026e-08 4.98026e-08 4.98026e-08 8.30044e-08 9.96053e-08 1.26747e-06
scan 600 50 121 1.66009e-06 0 6.27454e-07 4.98026e-08 4.98026e-08 4.98026e-08 8.30044e-08 9.96053e-08 1.26747e-06
scan 600 50 122 1.42293e-06 0 5.8091e-07 4.2688e-08 4.2688e-08 4.2688e-08 7.11466e-08 8.5376e-08 1.0864e-06
scan 600 50 123 7.11466e-07 0 4.10765e-07 2.1344e-08 2.1344e-08 2.1344e-08 3.55733e-08 4.2688e-08 5.43199e-07
scan 600 50 124 2.1344e-06 0 7.11466e-07 6.4032e-08 6.4032e-08 6.4032e-08 1.0672e-07 1.28064e-07 1.6296e-06
scan 600 50 125 2.37155e-07 0 2.37155e-07 7.11466e-09 7.11466e-09 7.11466e-09 1.18578e-08 1.42293e-08 1.81066e-07
scan 600 50 126 2.37155e-07 0 2.37155e-07 7.11466e-09 7.11466e-09 7.11466e-09 1.18578e-08 1.42293e-08 1.81066e-07
scan 600 50 127 7.11466e-07 0 4.10765e-07 2.1344e-08 2.1344e-08 2.1344e-08 3.55733e-08 4.2688e-08 5.43199e-07
scan 600 50 128 0 0 0 0 0 0 0 0 0
scan 600 50 129 4.74311e-07 0 3.35388e-07 1.42293e-08 1.42293e-08 1.42293e-08 2.37155e-08 2.84587e-08 3.62133e-07
scan 600 50 130 0 0 0 0 0 0 0 0 0
scan 600 50 131 1.42293e-06 0 5.8091e-07 4.2688e-08 4.2688e-08 4.2688e-08 7.11466e-08 8.5376e-08 1.0864e-06
scan 600 50 132 3.79449e-06 0 9.48622e-07 1.13835e-07 1.13835e-07 1.13835e-07 1.89724e-07 2.27669e-07 2.89706e-06
scan 600 50 133 4.03164e-06 0 9.77817e-07 1.20949e-07 1.20949e-07 1.20949e-07 2.01582e-07 2.41899e-07 3.07813e-06
scan 600 50 134 1.89724e-05 0 2.12118e-06 5.69173e-07 5.69173e-07 5.69173e-07 9.48622e-07 1.13835e-06 1.44853e-05
scan 600 50 135 7.11466e-07 0 4.10765e-07 2.1344e-08 2.1344e-08 2.1344e-08 3.55733e-08 4.2688e-08 5.43199e-07
scan 600 50 136 7.11466e-07 0 4.10765e-07 2.1344e-08 2.1344e-08 2.1344e-08 3.55733e-08 4.2688e-08 5.43199e-07
scan 600 50 137 1.42293e-06 0 5.8091e-07 4.2688e-08 4.2688e-08 4.2688e-08 7.11466e-08 8.5376e-08 1.0864e-06
scan 600 50 138 0 0 0 0 0 0 0 0 0
scan 600 50 139 7.11466e-07 0 4.10765e-07 2.1344e-08 2.1344e-08 2.1344e-08 3.55733e-08 4.2688e-08 5.43199e-07
scan 600 50 140 2.37155e-07 0 2.37155e-07 7.11466e-09 7.11466e-09 7.11466e-09 1.18578e-08 1.42293e-08 1.81066e-07
scan 600 50 141 4.74311e-07 0 3.35388e-07 1.42293e-08 1.42293e-08 1.42293e-08 2.37155e-08 2.84587e-08 3.62133e-07
scan 600 50 142 0 0 0 0 0 0 0 0 0
scan 600 50 143 0 0 0 0 0 0 0 0 0
scan 600 50 144 9.48622e-07 0 4.74311e-07 2.84587e-08 2.84587e-08 2.84587e-08 4.74311e-08 5.69173e-08 7.24266e-07
scan 600 50 145 0 0 0 0 0 0 0 0 0
scan 600 50 146 0 0 0 0 0 0 0 0 0
scan 600 50 147 7.11466e-07 0 4.10765e-07 2.1344e-08 2.1344e-08 2.1344e-08 3.55733e-08 4.2688e-08 5.43199e-07
scan 600 50 148 1.89724e-06 0 6.70777e-07 5.69173e-08 5.69173e-08 5.69173e-08 9.48622e-08 1.13835e-07 1.44853e-06
scan 600 50 149 2.60871e-06 0 7.86556e-07 7.82613e-08 7.82613e-08 7.82613e-08 1.30436e-07 1.56523e-07 1.99173e-06
scan 600 50 60 0 0 0 0 0 0 0 0
scan 600 50 61 0 0 0 0 0 0 0 0
scan 600 50 62 0 0 0 0 0 0 0 0
scan 600 50 63 0 0 0 0 0 0 0 0
scan 600 50 64 0 0 0 0 0 0 0 0
scan 600 50 65 0 0 0 0 0 0 0 0
scan 600 50 66 0 0 0 0 0 0 0 0
scan 600 50 67 0 0 0 0 0 0 0 0
scan 600 50 68 0 0 0 0 0 0 0 0
scan 600 50 69 0 0 0 0 0 0 0 0
scan 600 50 70 0 0 0 0 0 0 0 0
scan 600 50 71 0 0 0 0 0 0 0 0
scan 600 50 72 0 0 0 0 0 0 0 0
scan 600 50 73 0 0 0 0 0 0 0 0
scan 600 50 74 0 0 0 0 0 0 0 0
scan 600 50 165 4.74311e-07 0 3.35388e-07 1.42293e-08 1.42293e-08 1.42293e-08 2.37155e-08 2.84587e-08 3.62133e-07
scan 600 50 166 3.32018e-06 0 8.87354e-07 9.96053e-08 9.96053e-08 9.96053e-08 1.66009e-07 1.99211e-07 2.53493e-06
scan 600 50 167 1.66009e-06 0 6.27454e-07 4.98026e-08 4.98026e-08 4.98026e-08 8.30044e-08 9.96053e-08 1.26747e-06
scan 600 50 168 1.18578e-06 0 5.30296e-07 3.55733e-08 3.55733e-08 3.55733e-08 5.92889e-08 7.11466e-08 9.05332e-07
scan 600 50 169 2.1344e-06 0 7.11466e-07 6.4032e-08 6.4032e-08 6.4032e-08 1.0672e-07 1.28064e-07 1.6296e-06
scan 600 50 170 0 0 0 0 0 0 0 0 0
scan 600 50 171 2.37155e-07 0 2.37155e-07 7.11466e-09 7.11466e-09 7.11466e-09 1.18578e-08 1.42293e-08 1.81066e-07
scan 600 50 172 4.74311e-07 0 3.35388e-07 1.42293e-08 1.42293e-08 1.42293e-08 2.37155e-08 2.84587e-08 3.62133e-07
scan 600 50 173 7.11466e-07 0 4.10765e-07 2.1344e-08 2.1344e-08 2.1344e-08 3.55733e-08 4.2688e-08 5.43199e-07
scan 600 50 174 1.42293e-06 0 5.8091e-07 4.2688e-08 4.2688e-08 4.2688e-08 7.11466e-08 8.5376e-08 1.0864e-06
scan 600 50 175 0 0 0 0 0 0 0 0 0
scan 600 50 176 4.74311e-07 0 3.35388e-07 1.42293e-08 1.42293e-08 1.42293e-08 2.37155e-08 2.84587e-08 3.62133e-07
scan 600 50 177 1.18578e-06 0 5.30296e-07 3.55733e-08 3.55733e-08 3.55733e-08 5.92889e-08 7.11466e-08 9.05332e-07
scan 600 50 178 2.37155e-06 0 7.49951e-07 7.11466e-08 7.11466e-08 7.11466e-08 1.18578e-07 1.42293e-07 1.81066e-06
scan 600 50 179 6.4032e-06 0 1.2323e-06 1.92096e-07 1.92096e-07 1.92096e-07 3.2016e-07 3.84192e-07 4.88879e-06
