600 550 0.00474287
scan 600 550 0 3.38777e-07 0 3.38777e-07 1.01633e-08 1.01633e-08 1.01633e-08 1.69388e-08 2.03266e-08 2.58653e-07
scan 600 550 1 0 0 0 0 0 0 0 0 0
scan 600 550 2 0 0 0 0 0 0 0 0 0
scan 600 550 3 0 0 0 0 0 0 0 0 0
scan 600 550 4 0 0 0 0 0 0 0 0 0
scan 600 550 5 0 0 0 0 0 0 0 0 0
scan 600 550 6 0 0 0 0 0 0 0 0 0
scan 600 550 7 0 0 0 0 0 0 0 0 0
scan 600 550 8 0 0 0 0 0 0 0 0 0
scan 600 550 9 0 0 0 0 0 0 0 0 0
scan 600 550 10 0 0 0 0 0 0 0 0 0
scan 600 550 11 0 0 0 0 0 0 0 0 0
scan 600 550 12 0 0 0 0 0 0 0 0 0
scan 600 550 13 0 0 0 0 0 0 0 0 0
scan 600 550 14 0 0 0 0 0 0 0 0 0
scan 600 550 15 0 0 0 0 0 0 0 0 0
scan 600 550 16 0 0 0 0 0 0 0 0 0
scan 600 550 17 0 0 0 0 0 0 0 0 0
scan 600 550 18 0 0 0 0 0 0 0 0 0
scan 600 550 19 0 0 0 0 0 0 0 0 0
scan 600 550 20 0 0 0 0 0 0 0 0 0
scan 600 550 21 0 0 0 0 0 0 0 0 0
scan 600 550 22 0 0 0 0 0 0 0 0 0
scan 600 550 23 0 0 0 0 0 0 0 0 0
scan 600 550 24 0 0 0 0 0 0 0 0 0
scan 600 550 25 0 0 0 0 0 0 0 0 0
scan 600 550 26 0 0 0 0 0 0 0 0 0
scan 600 550 27 0 0 0 0 0 0 0 0 0
scan 600 550 28 0 0 0 0 0 0 0 0 0
scan 600 550 29 0 0 0 0 0 0 0 0 0
scan 600 550 30 0 0 0 0 0 0 0 0 0
scan 600 550 31 0 0 0 0 0 0 0 0 0
scan 600 550 32 0 0 0 0 0 0 0 0 0
scan 600 550 33 0 0 0 0 0 0 0 0 0
scan 600 550 34 3.38777e-07 0 3.38777e-07 1.01633e-08 1.01633e-08 1.01633e-08 1.69388e-08 2.03266e-08 2.58653e-07
scan 600 550 35 0 0 0 0 0 0 0 0 0
scan 600 550 36 0 0 0 0 0 0 0 0 0
scan 600 550 37 0 0 0 0 0 0 0 0 0
scan 600 550 38 0 0 0 0 0 0 0 0 0
scan 600 550 39 0 0 0 0 0 0 0 0 0
scan 600 550 40 0 0 0 0 0 0 0 0 0
scan 600 550 41 0 0 0 0 0 0 0 0 0
scan 600 550 42 0 0 0 0 0 0 0 0 0
scan 600 550 43 0 0 0 0 0 0 0 0 0
scan 600 550 44 0 0 0 0 0 0 0 0 0
scan 600 550 45 0 0 0 0 0 0 0 0 0
scan 600 550 46 0 0 0 0 0 0 0 0 0
scan 600 550 47 0 0 0 0 0 0 0 0 0
scan 600 550 48 0 0 0 0 0 0 0 0 0
scan 600 550 49 0 0 0 0 0 0 0 0 0
scan 600 550 50 0 0 0 0 0 0 0 0 0
scan 600 550 51 0 0 0 0 0 0 0 0 0
scan 600 550 52 0 0 0 0 0 0 0 0 0
scan 600 550 53 0 0 0 0 0 0 0 0 0
scan 600 550 54 0 0 0 0 0 0 0 0 0
scan 600 550 55 0 0 0 0 0 0 0 0 0
scan 600 550 56 0 0 0 0 0 0 0 0 0
scan 600 550 57 0 0 0 0 0 0 0 0 0
scan 600 550 58 0 0 0 0 0 0 0 0 0
scan 600 550 59 0 0 0 0 0 0 0 0 0
scan 600 550 60 0 0 0 0 0 0 0 0
scan 600 550 61 0 0 0 0 0 0 0 0
scan 600 550 62 0 0 0 0 0 0 0 0
scan 600 550 63 0 0 0 0 0 0 0 0
scan 600 550 64 0 0 0 0 0 0 0 0
scan 600 550 65 0 0 0 0 0 0 0 0
scan 600 550 66 0 0 0 0 0 0 0 0
scan 600 550 67 0 0 0 0 0 0 0 0
scan 600 550 68 0 0 0 0 0 0 0 0
scan 600 550 69 0 0 0 0 0 0 0 0
scan 600 550 70 0 0 0 0 0 0 0 0
scan 600 550 71 0 0 0 0 0 0 0 0
scan 600 550 72 0 0 0 0 0 0 0 0
scan 600 550 73 0 0 0 0 0 0 0 0
scan 600 550 74 0 0 0 0 0 0 0 0
scan 600 550 75 0 0 0 0 0 0 0 0 0
scan 600 550 76 0 0 0 0 0 0 0 0 0
scan 600 550 77 0 0 0 0 0 0 0 0 0
scan 600 550 78 0 0 0 0 0 0 0 0 0
scan 600 550 79 0 0 0 0 0 0 0 0 0
scan 600 550 80 0 0 0 0 0 0 0 0 0
scan 600 550 81 0 0 0 0 0 0 0 0 0
scan 600 550 82 0 0 0 0 0 0 0 0 0
scan 600 550 83 0 0 0 0 0 0 0 0 0
scan 600 550 84 0 0 0 0 0 0 0 0 0
scan 600 550 85 0 0 0 0 0 0 0 0 0
scan 600 550 86 0 0 0 0 0 0 0 0 0
scan 600 550 87 0 0 0 0 0 0 0 0 0
scan 600 550 88 0 0 0 0 0 0 0 0 0
scan 600 550 89 0 0 0 0 0 0 0 0 0
scan 600 550 90 0 0 0 0 0 0 0 0 0
scan 600 550 91 3.38777e-07 0 3.38777e-07 1.01633e-08 1.01633e-08 1.01633e-08 1.69388e-08 2.03266e-08 2.58653e-07
scan 600 550 92 0 0 0 0 0 0 0 0 0
scan 600 550 93 0 0 0 0 0 0 0 0 0
scan 600 550 94 3.38777e-07 0 3.38777e-07 1.01633e-08 1.01633e-08 1.01633e-08 1.69388e-08 2.03266e-08 2.58653e-07
scan 600 550 95 0 0 0 0 0 0 0 0 0
scan 600 550 96 0 0 0 0 0 0 0 0 0
scan 600 550 97 0 0 0 0 0 0 0 0 0
scan 600 550 98 0 0 0 0 0 0 0 0 0
scan 600 550 99 0 0 0 0 0 0 0 0 0
scan 600 550 100 0 0 0 0 0 0 0 0 0
scan 600 550 101 0 0 0 0 0 0 0 0 0
scan 600 550 102 0 0 0 0 0 0 0 0 0
scan 600 550 103 0 0 0 0 0 0 0 0 0
scan 600 550 104 0 0 0 0 0 0 0 0 0
scan 600 550 60 0 0 0 0 0 0 0 0
scan 600 550 61 0 0 0 0 0 0 0 0
scan 600 550 62 0 0 0 0 0 0 0 0
scan 600 550 63 0 0 0 0 0 0 0 0
scan 600 550 64 0 0 0 0 0 0 0 0
scan 600 550 65 0 0 0 0 0 0 0 0
scan 600 550 66 0 0 0 0 0 0 0 0
scan 600 550 67 0 0 0 0 0 0 0 0
scan 600 550 68 0 0 0 0 0 0 0 0
scan 600 550 69 0 0 0 0 0 0 0 0
scan 600 550 70 0 0 0 0 0 0 0 0
scan 600 550 71 0 0 0 0 0 0 0 0
scan 600 550 72 0 0 0 0 0 0 0 0
scan 600 550 73 0 0 0 0 0 0 0 0
scan 600 550 74 0 0 0 0 0 0 0 0
scan 600 550 120 0 0 0 0 0 0 0 0 0
scan 600 550 121 0 0 0 0 0 0 0 0 0
scan 600 550 122 0 0 0 0 0 0 0 0 0
scan 600 550 123 0 0 0 0 0 0 0 0 0
scan 600 550 124 0 0 0 0 0 0 0 0 0
scan 600 550 125 0 0 0 0 0 0 0 0 0
scan 600 550 126 0 0 0 0 0 0 0 0 0
scan 600 550 127 0 0 0 0 0 0 0 0 0
scan 600 550 128 0 0 0 0 0 0 0 0 0
scan 600 550 129 0 0 0 0 0 0 0 0 0
scan 600 550 130 0 0 0 0 0 0 0 0 0
scan 600 550 131 0 0 0 0 0 0 0 0 0
scan 600 550 132 0 0 0 0 0 0 0 0 0
scan 600 550 133 0 0 0 0 0 0 0 0 0
scan 600 550 134 0 0 0 0 0 0 0 0 0
scan 600 550 135 3.38777e-07 0 3.38777e-07 1.01633e-08 1.01633e-08 1.01633e-08 1.69388e-08 2.03266e-08 2.58653e-07
scan 600 550 136 0 0 0 0 0 0 0 0 0
scan 600 550 137 0 0 0 0 0 0 0 0 0
scan 600 550 138 0 0 0 0 0 0 0 0 0
scan 600 550 139 0 0 0 0 0 0 0 0 0
scan 600 550 140 0 0 0 0 0 0 0 0 0
scan 600 550 141 0 0 0 0 0 0 0 0 0
scan 600 550 142 0 0 0 0 0 0 0 0 0
scan 600 550 143 0 0 0 0 0 0 0 0 0
scan 600 550 144 0 0 0 0 0 0 0 0 0
scan 600 550 145 0 0 0 0 0 0 0 0 0
scan 600 550 146 0 0 0 0 0 0 0 0 0
scan 600 550 147 0 0 0 0 0 0 0 0 0
scan 600 550 148 0 0 0 0 0 0 0 0 0
scan 600 550 149 0 0 0 0 0 0 0 0 0
scan 600 550 60 0 0 0 0 0 0 0 0
scan 600 550 61 0 0 0 0 0 0 0 0
scan 600 550 62 0 0 0 0 0 0 0 0
scan 600 550 63 0 0 0 0 0 0 0 0
scan 600 550 64 0 0 0 0 0 0 0 0
scan 600 550 65 0 0 0 0 0 0 0 0
scan 600 550 66 0 0 0 0 0 0 0 0
scan 600 550 67 0 0 0 0 0 0 0 0
scan 600 550 68 0 0 0 0 0 0 0 0
scan 600 550 69 0 0 0 0 0 0 0 0
scan 600 550 70 0 0 0 0 0 0 0 0
scan 600 550 71 0 0 0 0 0 0 0 0
scan 600 550 72 0 0 0 0 0 0 0 0
scan 600 550 73 0 0 0 0 0 0 0 0
scan 600 550 74 0 0 0 0 0 0 0 0
scan 600 550 165 0 0 0 0 0 0 0 0 0
scan 600 550 166 3.38777e-07 0 3.38777e-07 1.01633e-08 1.01633e-08 1.01633e-08 1.69388e-08 2.03266e-08 2.58653e-07
scan 600 550 167 0 0 0 0 0 0 0 0 0
scan 600 550 168 0 0 0 0 0 0 0 0 0
scan 600 550 169 0 0 0 0 0 0 0 0 0
scan 600 550 170 0 0 0 0 0 0 0 0 0
scan 600 550 171 0 0 0 0 0 0 0 0 0
scan 600 550 172 0 0 0 0 0 0 0 0 0
scan 600 550 173 0 0 0 0 0 0 0 0 0
scan 600 550 174 0 0 0 0 0 0 0 0 0
scan 600 550 175 0 0 0 0 0 0 0 0 0
scan 600 550 176 0 0 0 0 0 0 0 0 0
scan 600 550 177 0 0 0 0 0 0 0 0 0
scan 600 550 178 0 0 0 0 0 0 0 0 0
scan 600 550 179 0 0 0 0 0 0 0 0 0
