xsec 360 0 0.0949369
scan  360 0 L4Tau0DY2ZVMET0to30 FedorID:-999 0 4.49629e-06 0 0 0 0 0 0 0 
scan  360 0 L4Tau0DY2ZVMET30to50 FedorID:-999 0 4.49629e-06 0 0 0 0 0 0 0 
scan  360 0 L4Tau0DY2ZVMET50to100 FedorID:-999 0 4.49629e-06 0 0 0 0 0 0 0 
scan  360 0 L4Tau0DY2ZVMETgt100 FedorID:-999 0 4.49629e-06 0 0 0 0 0 0 0 
scan  360 0 L4Tau0DY2MET0to30 FedorID:-999 2.84684e-06 3.58685e-06 1.8866e-06 -2.18582e-08 -2.55931e-07 0 0 5.05062e-07 0 
scan  360 0 L4Tau0DY2MET30to50 FedorID:-999 4.66344e-06 3.43331e-06 2.38645e-06 -1.14493e-07 -4.44718e-07 0 0 -9.09629e-07 0 
scan  360 0 L4Tau0DY2MET50to100 FedorID:-999 1.61945e-05 9.53263e-06 7.54731e-06 -2.7455e-07 -2.34916e-06 -7.65333e-09 0 -5.26817e-06 0 
scan  360 0 L4Tau0DY2METgt100 FedorID:-999 0.000124214 2.3319e-05 1.67448e-05 -3.25157e-06 -1.48548e-05 -2.9881e-07 0 5.66221e-06 0 
scan  360 0 L4Tau0DY1ZVMET0to30 FedorID:-999 0 7.49381e-06 0 0 0 0 0 0 0 
scan  360 0 L4Tau0DY1ZVMET30to50 FedorID:-999 0 7.49381e-06 0 0 0 0 0 0 0 
scan  360 0 L4Tau0DY1ZVMET50to100 FedorID:-999 0 7.49381e-06 0 0 0 0 0 0 0 
scan  360 0 L4Tau0DY1ZVMETgt100 FedorID:-999 7.00451e-07 6.78316e-06 7.00451e-07 0 -1.82326e-07 0 0 8.31981e-23 0 
scan  360 0 L4Tau0DY1MET0to30 FedorID:-999 0 7.49381e-06 0 0 0 0 0 0 0 
scan  360 0 L4Tau0DY1MET30to50 FedorID:-999 0 7.80747e-06 0 0 0 0 0 2.19072e-06 0 
scan  360 0 L4Tau0DY1MET50to100 FedorID:-999 2.7384e-06 7.61552e-06 2.7384e-06 -8.50819e-08 -4.50947e-07 0 0 -2.19072e-06 0 
scan  360 0 L4Tau0DY1METgt100 FedorID:-999 3.80501e-06 4.7653e-06 1.36382e-06 -9.28403e-08 -7.89237e-07 0 0 3.32792e-22 0 
scan  360 0 L4Tau0DY0MET0to30 FedorID:-999 0 7.49381e-06 0 0 0 0 0 0 0 
scan  360 0 L4Tau0DY0MET30to50 FedorID:-999 0 7.49381e-06 0 0 0 0 0 0 0 
scan  360 0 L4Tau0DY0MET50to100 FedorID:-999 0 7.49381e-06 0 0 0 0 0 0 0 
scan  360 0 L4Tau0DY0METgt100 FedorID:-999 0 7.49381e-06 0 0 0 0 0 0 0 
scan  360 0 L4Tau1DY1ZVMET0to30 FedorID:-999 0 5.99505e-06 0 0 0 0 0 0 0 
scan  360 0 L4Tau1DY1ZVMET30to50 FedorID:-999 0 5.99505e-06 0 0 0 0 0 0 0 
scan  360 0 L4Tau1DY1ZVMET50to100 FedorID:-999 0 5.99505e-06 0 0 0 0 0 0 0 
scan  360 0 L4Tau1DY1ZVMETgt100 FedorID:-999 1.49038e-06 4.58919e-06 9.05715e-07 -3.68774e-08 -1.13746e-08 -1.49038e-07 0 0 0 
scan  360 0 L4Tau1DY1MET0to30 FedorID:-999 6.30737e-07 4.52081e-06 4.50523e-07 -2.78595e-08 -1.59256e-09 -6.30737e-08 0 1.15682e-07 0 
scan  360 0 L4Tau1DY1MET30to50 FedorID:-999 5.7227e-07 5.27727e-06 4.04682e-07 -1.20108e-08 -3.65001e-08 -5.7227e-08 0 -4.05038e-07 0 
scan  360 0 L4Tau1DY1MET50to100 FedorID:-999 9.48056e-07 4.73148e-06 8.73445e-07 -3.1203e-08 -3.62318e-09 -9.48056e-08 0 1.18214e-06 0 
scan  360 0 L4Tau1DY1METgt100 FedorID:-999 1.1205e-05 5.69474e-06 4.35527e-06 -1.90382e-07 -1.40944e-06 -1.1205e-06 0 1.09462e-06 0 
scan  360 0 L4Tau1DY0MET0to30 FedorID:-999 0 5.99505e-06 0 0 0 0 0 0 0 
scan  360 0 L4Tau1DY0MET30to50 FedorID:-999 0 5.99505e-06 0 0 0 0 0 0 0 
scan  360 0 L4Tau1DY0MET50to100 FedorID:-999 0 5.99505e-06 0 0 0 0 0 0 0 
scan  360 0 L4Tau1DY0METgt100 FedorID:-999 0 5.99505e-06 0 0 0 0 0 0 0 
scan  360 0 L3Tau0DY1ZVZHMET0to50MTW0to120 FedorID:30 7.59315e-08 5.24623e-06 7.59315e-08 -7.92685e-10 -1.18074e-08 0 0 0 0 
scan  360 0 L3Tau0DY1ZVZHMET0to50MTW120to160 FedorID:35 0 5.99505e-06 0 0 0 0 0 0 0 
scan  360 0 L3Tau0DY1ZVZHMET0to50MTWgt160 FedorID:40 0 5.99505e-06 0 0 0 0 0 0 0 
scan  360 0 L3Tau0DY1ZVZHMET50to100MTW0to120 FedorID:31 1.16099e-06 3.89362e-06 7.99809e-07 -2.09307e-08 -2.27934e-08 0 0 -6.9303e-07 0 
scan  360 0 L3Tau0DY1ZVZHMET50to100MTW120to160 FedorID:36 0 5.99505e-06 0 0 0 0 0 0 0 
scan  360 0 L3Tau0DY1ZVZHMET50to100MTWgt160 FedorID:41 0 5.99591e-06 0 0 0 0 0 1.01612e-07 0 
scan  360 0 L3Tau0DY1ZVZHMET100to150MTW0to120 FedorID:32 0 5.99505e-06 0 0 0 0 0 0 0 
scan  360 0 L3Tau0DY1ZVZHMET100to150MTW120to160 FedorID:37 1.2197e-06 5.52603e-06 1.2197e-06 0 -2.11134e-07 0 0 -1.2197e-06 0 
scan  360 0 L3Tau0DY1ZVZHMET100to150MTWgt160 FedorID:42 1.56277e-06 3.89177e-06 1.00245e-06 -5.13155e-08 -7.00747e-08 0 0 -3.06713e-07 0 
scan  360 0 L3Tau0DY1ZVZHMET150to200MTW0to120 FedorID:33 0 6.03498e-06 0 0 0 0 0 6.9303e-07 0 
scan  360 0 L3Tau0DY1ZVZHMET150to200MTW120to160 FedorID:38 0 6.07394e-06 0 0 0 0 0 9.75762e-07 0 
scan  360 0 L3Tau0DY1ZVZHMET150to200MTWgt160 FedorID:43 8.10263e-08 5.25652e-06 8.10263e-08 0 -2.66385e-09 0 0 3.27601e-07 0 
scan  360 0 L3Tau0DY1ZVZHMETgt200MTW0to120 FedorID:34 7.62185e-08 5.24622e-06 7.62185e-08 -1.59967e-09 -4.10372e-10 0 0 0 0 
scan  360 0 L3Tau0DY1ZVZHMETgt200MTW120to160 FedorID:39 0 5.99505e-06 0 0 0 0 0 0 0 
scan  360 0 L3Tau0DY1ZVZHMETgt200MTWgt160 FedorID:44 7.20102e-06 8.40852e-06 7.04958e-06 -7.6741e-08 -8.85539e-07 0 0 0 0 
scan  360 0 L3Tau0DY1ZVZLMET0to50MTW0to120 FedorID:0 7.05552e-08 5.24615e-06 7.05552e-08 -3.16914e-09 -4.69526e-10 0 0 1.03998e-23 0 
scan  360 0 L3Tau0DY1ZVZLMET0to50MTW120to160 FedorID:5 0 5.99505e-06 0 0 0 0 0 0 0 
scan  360 0 L3Tau0DY1ZVZLMET0to50MTWgt160 FedorID:10 0 5.99505e-06 0 0 0 0 0 0 0 
scan  360 0 L3Tau0DY1ZVZLMET50to100MTW0to120 FedorID:1 2.79185e-07 4.51659e-06 2.18247e-07 -6.66322e-09 -2.48375e-08 0 0 3.66994e-07 0 
scan  360 0 L3Tau0DY1ZVZLMET50to100MTW120to160 FedorID:6 0 5.99505e-06 0 0 0 0 0 0 0 
scan  360 0 L3Tau0DY1ZVZLMET50to100MTWgt160 FedorID:11 0 5.99505e-06 0 0 0 0 0 0 0 
scan  360 0 L3Tau0DY1ZVZLMET100to150MTW0to120 FedorID:2 4.56294e-06 5.80176e-06 3.94271e-06 -5.63851e-08 -1.9503e-06 0 0 5.19008e-07 0 
scan  360 0 L3Tau0DY1ZVZLMET100to150MTW120to160 FedorID:7 0 5.99505e-06 0 0 0 0 0 0 0 
scan  360 0 L3Tau0DY1ZVZLMET100to150MTWgt160 FedorID:12 5.07846e-07 5.27022e-06 5.07846e-07 -1.62085e-08 0 0 0 8.31981e-23 0 
scan  360 0 L3Tau0DY1ZVZLMET150to200MTW0to120 FedorID:3 6.06377e-08 5.2462e-06 6.06377e-08 0 -3.55851e-08 0 0 -2.42551e-08 0 
scan  360 0 L3Tau0DY1ZVZLMET150to200MTW120to160 FedorID:8 0 5.99505e-06 0 0 0 0 0 0 0 
scan  360 0 L3Tau0DY1ZVZLMET150to200MTWgt160 FedorID:13 0 5.99505e-06 0 0 0 0 0 0 0 
scan  360 0 L3Tau0DY1ZVZLMETgt200MTW0to120 FedorID:4 1.47589e-07 5.24677e-06 1.04361e-07 -4.67067e-09 0 0 0 2.42551e-08 0 
scan  360 0 L3Tau0DY1ZVZLMETgt200MTW120to160 FedorID:9 0 5.99505e-06 0 0 0 0 0 0 0 
scan  360 0 L3Tau0DY1ZVZLMETgt200MTWgt160 FedorID:14 3.5817e-06 6.03249e-06 2.97738e-06 -7.59949e-08 -5.79248e-08 0 0 0 0 
scan  360 0 L3Tau0DY1MET0to50MTW0to120 FedorID:15 9.49262e-06 5.25005e-06 3.92055e-06 -1.61903e-07 -1.49281e-06 0 0 9.75948e-07 0 
scan  360 0 L3Tau0DY1MET0to50MTW120to160 FedorID:20 0 5.99505e-06 0 0 0 0 0 0 0 
scan  360 0 L3Tau0DY1MET0to50MTWgt160 FedorID:25 5.08063e-07 5.27518e-06 5.08063e-07 -1.60784e-08 0 0 0 -2.28175e-07 0 
scan  360 0 L3Tau0DY1MET50to100MTW0to120 FedorID:16 2.68281e-05 8.71157e-06 7.33652e-06 -6.07033e-07 -2.36286e-06 0 0 -4.01433e-06 0 
scan  360 0 L3Tau0DY1MET50to100MTW120to160 FedorID:21 1.54753e-07 4.68998e-06 1.09451e-07 -7.90981e-10 -2.24518e-08 0 0 1.3292e-06 0 
scan  360 0 L3Tau0DY1MET50to100MTWgt160 FedorID:26 1.74403e-06 4.75699e-06 9.87702e-07 -1.26197e-08 -2.49263e-07 0 0 1.17237e-06 0 
scan  360 0 L3Tau0DY1MET100to150MTW0to120 FedorID:17 2.07297e-05 9.0841e-06 7.9573e-06 -2.62318e-07 -3.84294e-06 0 0 2.089e-06 0 
scan  360 0 L3Tau0DY1MET100to150MTW120to160 FedorID:22 7.5507e-06 5.14495e-06 3.51308e-06 -2.29364e-07 -1.72779e-07 0 0 8.37263e-08 0 
scan  360 0 L3Tau0DY1MET100to150MTWgt160 FedorID:27 9.52667e-06 3.59657e-06 2.81326e-06 -1.30023e-07 -8.52982e-07 0 0 -1.4248e-06 0 
scan  360 0 L3Tau0DY1MET150to200MTW0to120 FedorID:18 8.47764e-06 3.11949e-06 2.58165e-06 -1.68295e-07 -8.79034e-07 0 0 1.30049e-07 0 
scan  360 0 L3Tau0DY1MET150to200MTW120to160 FedorID:23 1.76422e-06 2.5072e-06 1.06376e-06 -3.94072e-08 -1.06781e-07 0 0 -2.95594e-07 0 
scan  360 0 L3Tau0DY1MET150to200MTWgt160 FedorID:28 1.46057e-05 4.92702e-06 4.18647e-06 -2.9065e-07 -4.40121e-07 0 0 1.19024e-06 0 
scan  360 0 L3Tau0DY1METgt200MTW0to120 FedorID:19 3.42122e-05 1.01464e-05 9.55201e-06 -1.02405e-06 -3.16794e-06 0 0 7.89481e-07 0 
scan  360 0 L3Tau0DY1METgt200MTW120to160 FedorID:24 7.04891e-06 4.3702e-06 3.77373e-06 -2.3703e-07 -6.48617e-07 0 0 1.46094e-06 0 
scan  360 0 L3Tau0DY1METgt200MTWgt160 FedorID:29 6.39574e-05 1.13976e-05 1.05401e-05 -1.01569e-06 -3.32417e-06 0 0 -2.59302e-06 0 
scan  360 0 L3Tau0DY0SSOFHMET0to50MTW0to120 FedorID:75 0 2.99753e-06 0 0 0 0 0 0 0 
scan  360 0 L3Tau0DY0SSOFHMET0to50MTW120to160 FedorID:80 0 2.99753e-06 0 0 0 0 0 0 0 
scan  360 0 L3Tau0DY0SSOFHMET0to50MTWgt160 FedorID:85 0 2.99753e-06 0 0 0 0 0 0 0 
scan  360 0 L3Tau0DY0SSOFHMET50to100MTW0to120 FedorID:76 0 2.99753e-06 0 0 0 0 0 0 0 
scan  360 0 L3Tau0DY0SSOFHMET50to100MTW120to160 FedorID:81 0 2.99753e-06 0 0 0 0 0 0 0 
scan  360 0 L3Tau0DY0SSOFHMET50to100MTWgt160 FedorID:86 0 2.99753e-06 0 0 0 0 0 0 0 
scan  360 0 L3Tau0DY0SSOFHMET100to150MTW0to120 FedorID:77 0 2.99753e-06 0 0 0 0 0 0 0 
scan  360 0 L3Tau0DY0SSOFHMET100to150MTW120to160 FedorID:82 0 2.99753e-06 0 0 0 0 0 0 0 
scan  360 0 L3Tau0DY0SSOFHMET100to150MTWgt160 FedorID:87 0 2.99753e-06 0 0 0 0 0 0 0 
scan  360 0 L3Tau0DY0SSOFHMET150to200MTW0to120 FedorID:78 0 2.99753e-06 0 0 0 0 0 0 0 
scan  360 0 L3Tau0DY0SSOFHMET150to200MTW120to160 FedorID:83 0 2.99753e-06 0 0 0 0 0 0 0 
scan  360 0 L3Tau0DY0SSOFHMET150to200MTWgt160 FedorID:88 0 2.99753e-06 0 0 0 0 0 0 0 
scan  360 0 L3Tau0DY0SSOFHMETgt200MTW0to120 FedorID:79 0 2.99753e-06 0 0 0 0 0 0 0 
scan  360 0 L3Tau0DY0SSOFHMETgt200MTW120to160 FedorID:84 0 2.99753e-06 0 0 0 0 0 0 0 
scan  360 0 L3Tau0DY0SSOFHMETgt200MTWgt160 FedorID:89 0 2.99753e-06 0 0 0 0 0 0 0 
scan  360 0 L3Tau0DY0SSMET0to50MTW0to120 FedorID:45 0 2.99753e-06 0 0 0 0 0 0 0 
scan  360 0 L3Tau0DY0SSMET0to50MTW120to160 FedorID:50 0 2.99753e-06 0 0 0 0 0 0 0 
scan  360 0 L3Tau0DY0SSMET0to50MTWgt160 FedorID:55 0 2.99753e-06 0 0 0 0 0 0 0 
scan  360 0 L3Tau0DY0SSMET50to100MTW0to120 FedorID:46 0 3.00308e-06 0 0 0 0 0 1.82508e-07 0 
scan  360 0 L3Tau0DY0SSMET50to100MTW120to160 FedorID:51 0 2.99753e-06 0 0 0 0 0 0 0 
scan  360 0 L3Tau0DY0SSMET50to100MTWgt160 FedorID:56 0 3.11557e-06 0 0 0 0 0 8.49468e-07 0 
scan  360 0 L3Tau0DY0SSMET100to150MTW0to120 FedorID:47 4.56271e-07 2.30232e-06 4.56271e-07 -2.46194e-08 -6.66564e-08 0 0 -1.82508e-07 0 
scan  360 0 L3Tau0DY0SSMET100to150MTW120to160 FedorID:52 0 2.99753e-06 0 0 0 0 0 0 0 
scan  360 0 L3Tau0DY0SSMET100to150MTWgt160 FedorID:57 1.49077e-06 2.81087e-06 1.41776e-06 -4.98557e-08 -3.35722e-07 0 0 -8.49468e-07 0 
scan  360 0 L3Tau0DY0SSMET150to200MTW0to120 FedorID:48 0 2.99753e-06 0 0 0 0 0 0 0 
scan  360 0 L3Tau0DY0SSMET150to200MTW120to160 FedorID:53 0 2.99753e-06 0 0 0 0 0 0 0 
scan  360 0 L3Tau0DY0SSMET150to200MTWgt160 FedorID:58 7.28179e-08 2.24936e-06 7.28179e-08 -1.57679e-09 -1.24306e-08 0 0 1.03998e-23 0 
scan  360 0 L3Tau0DY0SSMETgt200MTW0to120 FedorID:49 1.63993e-06 2.7831e-06 1.63993e-06 -3.44188e-08 -1.02226e-08 0 0 3.32792e-22 0 
scan  360 0 L3Tau0DY0SSMETgt200MTW120to160 FedorID:54 0 2.99753e-06 0 0 0 0 0 0 0 
scan  360 0 L3Tau0DY0SSMETgt200MTWgt160 FedorID:59 0 2.99753e-06 0 0 0 0 0 0 0 
scan  360 0 L3Tau1DY1ZVZHMET0to50MTW0to120 FedorID:-999 0 2.99753e-06 0 0 0 0 0 0 0 
scan  360 0 L3Tau1DY1ZVZHMET0to50MTW120to160 FedorID:-999 0 2.99753e-06 0 0 0 0 0 0 0 
scan  360 0 L3Tau1DY1ZVZHMET0to50MTWgt160 FedorID:-999 0 2.99753e-06 0 0 0 0 0 0 0 
scan  360 0 L3Tau1DY1ZVZHMET50to100MTW0to120 FedorID:-999 0 2.99753e-06 0 0 0 0 0 0 0 
scan  360 0 L3Tau1DY1ZVZHMET50to100MTW120to160 FedorID:-999 0 2.99753e-06 0 0 0 0 0 0 0 
scan  360 0 L3Tau1DY1ZVZHMET50to100MTWgt160 FedorID:-999 0 2.99753e-06 0 0 0 0 0 0 0 
scan  360 0 L3Tau1DY1ZVZHMET100to150MTW0to120 FedorID:-999 0 2.99753e-06 0 0 0 0 0 0 0 
scan  360 0 L3Tau1DY1ZVZHMET100to150MTW120to160 FedorID:-999 0 2.99753e-06 0 0 0 0 0 0 0 
scan  360 0 L3Tau1DY1ZVZHMET100to150MTWgt160 FedorID:-999 0 2.99753e-06 0 0 0 0 0 0 0 
scan  360 0 L3Tau1DY1ZVZHMET150to200MTW0to120 FedorID:-999 0 2.99753e-06 0 0 0 0 0 0 0 
scan  360 0 L3Tau1DY1ZVZHMET150to200MTW120to160 FedorID:-999 0 2.99753e-06 0 0 0 0 0 0 0 
scan  360 0 L3Tau1DY1ZVZHMET150to200MTWgt160 FedorID:-999 0 2.99753e-06 0 0 0 0 0 0 0 
scan  360 0 L3Tau1DY1ZVZHMETgt200MTW0to120 FedorID:-999 5.52596e-07 2.31573e-06 5.52596e-07 0 -6.03486e-09 -5.52596e-08 0 0 0 
scan  360 0 L3Tau1DY1ZVZHMETgt200MTW120to160 FedorID:-999 3.75795e-07 2.27966e-06 3.75795e-07 -8.12614e-09 0 -3.75795e-08 0 0 0 
scan  360 0 L3Tau1DY1ZVZHMETgt200MTWgt160 FedorID:-999 0 2.99753e-06 0 0 0 0 0 0 0 
scan  360 0 L3Tau1DY1ZVZLMET0to50MTW0to120 FedorID:-999 0 2.99753e-06 0 0 0 0 0 0 0 
scan  360 0 L3Tau1DY1ZVZLMET0to50MTW120to160 FedorID:-999 0 2.99753e-06 0 0 0 0 0 0 0 
scan  360 0 L3Tau1DY1ZVZLMET0to50MTWgt160 FedorID:-999 0 2.99753e-06 0 0 0 0 0 0 0 
scan  360 0 L3Tau1DY1ZVZLMET50to100MTW0to120 FedorID:-999 0 2.99753e-06 0 0 0 0 0 0 0 
scan  360 0 L3Tau1DY1ZVZLMET50to100MTW120to160 FedorID:-999 7.29253e-07 2.40475e-06 7.29253e-07 0 -9.97884e-09 -7.29253e-08 0 -4.37552e-07 0 
scan  360 0 L3Tau1DY1ZVZLMET50to100MTWgt160 FedorID:-999 0 2.99753e-06 0 0 0 0 0 0 0 
scan  360 0 L3Tau1DY1ZVZLMET100to150MTW0to120 FedorID:-999 2.08116e-07 2.26042e-06 2.08116e-07 -4.36794e-09 0 -2.08116e-08 0 1.07586e-07 0 
scan  360 0 L3Tau1DY1ZVZLMET100to150MTW120to160 FedorID:-999 0 3.01169e-06 0 0 0 0 0 2.91701e-07 0 
scan  360 0 L3Tau1DY1ZVZLMET100to150MTWgt160 FedorID:-999 0 3.00107e-06 0 0 0 0 0 1.45851e-07 0 
scan  360 0 L3Tau1DY1ZVZLMET150to200MTW0to120 FedorID:-999 2.24874e-06 2.35112e-06 1.79339e-06 0 -7.92827e-08 -2.24874e-07 0 -9.15429e-08 0 
scan  360 0 L3Tau1DY1ZVZLMET150to200MTW120to160 FedorID:-999 0 2.99753e-06 0 0 0 0 0 0 0 
scan  360 0 L3Tau1DY1ZVZLMET150to200MTWgt160 FedorID:-999 7.99591e-08 2.24958e-06 7.99591e-08 0 -2.36946e-09 -7.99591e-09 0 1.03998e-23 0 
scan  360 0 L3Tau1DY1ZVZLMETgt200MTW0to120 FedorID:-999 1.54803e-07 1.50293e-06 1.09535e-07 -1.7143e-09 -1.07566e-09 -1.54803e-08 0 -1.60436e-08 0 
scan  360 0 L3Tau1DY1ZVZLMETgt200MTW120to160 FedorID:-999 3.42928e-06 3.27211e-06 2.88749e-06 -7.2e-08 0 -3.42928e-07 0 7.07183e-22 0 
scan  360 0 L3Tau1DY1ZVZLMETgt200MTWgt160 FedorID:-999 7.56875e-07 1.64928e-06 6.83928e-07 -1.46126e-08 -1.15271e-08 -7.56875e-08 0 0 0 
scan  360 0 L3Tau1DY1MET0to50MTW0to120 FedorID:-999 3.09036e-06 1.6776e-06 1.23006e-06 -6.19039e-08 -5.82302e-08 -3.09036e-07 0 7.981e-07 0 
scan  360 0 L3Tau1DY1MET0to50MTW120to160 FedorID:-999 7.51723e-08 2.25067e-06 7.51723e-08 -1.57771e-09 0 -7.51723e-09 0 -7.51723e-08 0 
scan  360 0 L3Tau1DY1MET0to50MTWgt160 FedorID:-999 0 2.99753e-06 0 0 0 0 0 0 0 
scan  360 0 L3Tau1DY1MET50to100MTW0to120 FedorID:-999 1.91917e-05 8.2109e-06 7.72218e-06 -2.11845e-07 -8.41021e-07 -1.91917e-06 0 1.82281e-06 0 
scan  360 0 L3Tau1DY1MET50to100MTW120to160 FedorID:-999 0 3.00298e-06 0 0 0 0 0 1.80859e-07 0 
scan  360 0 L3Tau1DY1MET50to100MTWgt160 FedorID:-999 0 3.00187e-06 0 0 0 0 0 1.61403e-07 0 
scan  360 0 L3Tau1DY1MET100to150MTW0to120 FedorID:-999 1.0986e-05 4.98205e-06 4.79124e-06 -1.97477e-07 -2.00916e-07 -1.0986e-06 0 7.60635e-07 0 
scan  360 0 L3Tau1DY1MET100to150MTW120to160 FedorID:-999 2.49928e-06 3.30677e-06 1.35235e-06 -3.85255e-08 -2.47385e-07 -2.49928e-07 0 2.99676e-06 0 
scan  360 0 L3Tau1DY1MET100to150MTWgt160 FedorID:-999 1.24221e-06 1.64752e-06 6.40255e-07 -2.1325e-08 -2.86417e-08 -1.24221e-07 0 -2.03466e-07 0 
scan  360 0 L3Tau1DY1MET150to200MTW0to120 FedorID:-999 1.49735e-05 8.13831e-06 7.76477e-06 -2.59861e-07 -5.69531e-07 -1.49735e-06 0 -1.65678e-06 0 
scan  360 0 L3Tau1DY1MET150to200MTW120to160 FedorID:-999 5.05453e-06 3.53906e-06 1.87713e-06 -9.36913e-08 -6.41657e-08 -5.05453e-07 0 -2.54146e-06 0 
scan  360 0 L3Tau1DY1MET150to200MTWgt160 FedorID:-999 1.36036e-05 5.88232e-06 5.29283e-06 -1.57242e-07 -5.83288e-07 -1.36036e-06 0 -1.458e-06 0 
scan  360 0 L3Tau1DY1METgt200MTW0to120 FedorID:-999 1.23751e-05 4.68698e-06 4.16741e-06 -1.90677e-07 -1.44205e-07 -1.23751e-06 0 1.73536e-06 0 
scan  360 0 L3Tau1DY1METgt200MTW120to160 FedorID:-999 7.72203e-06 4.46766e-06 3.27403e-06 -8.67233e-08 -6.30343e-07 -7.72203e-07 0 -2.86959e-06 0 
scan  360 0 L3Tau1DY1METgt200MTWgt160 FedorID:-999 2.20652e-05 6.38863e-06 5.72312e-06 -3.46578e-07 -1.23949e-06 -2.20652e-06 0 -1.23833e-06 0 
scan  360 0 L3Tau1DY0OFHMET0to50MTW0to120 FedorID:165 0 1.49876e-06 0 0 0 0 0 0 0 
scan  360 0 L3Tau1DY0OFHMET0to50MTW120to160 FedorID:170 0 1.49876e-06 0 0 0 0 0 0 0 
scan  360 0 L3Tau1DY0OFHMET0to50MTWgt160 FedorID:175 0 1.49876e-06 0 0 0 0 0 0 0 
scan  360 0 L3Tau1DY0OFHMET50to100MTW0to120 FedorID:166 0 1.49876e-06 0 0 0 0 0 0 0 
scan  360 0 L3Tau1DY0OFHMET50to100MTW120to160 FedorID:171 0 1.49876e-06 0 0 0 0 0 0 0 
scan  360 0 L3Tau1DY0OFHMET50to100MTWgt160 FedorID:176 0 1.49876e-06 0 0 0 0 0 0 0 
scan  360 0 L3Tau1DY0OFHMET100to150MTW0to120 FedorID:167 0 1.49876e-06 0 0 0 0 0 0 0 
scan  360 0 L3Tau1DY0OFHMET100to150MTW120to160 FedorID:172 0 1.49876e-06 0 0 0 0 0 0 0 
scan  360 0 L3Tau1DY0OFHMET100to150MTWgt160 FedorID:177 0 1.49876e-06 0 0 0 0 0 0 0 
scan  360 0 L3Tau1DY0OFHMET150to200MTW0to120 FedorID:168 0 1.49876e-06 0 0 0 0 0 0 0 
scan  360 0 L3Tau1DY0OFHMET150to200MTW120to160 FedorID:173 0 1.49876e-06 0 0 0 0 0 0 0 
scan  360 0 L3Tau1DY0OFHMET150to200MTWgt160 FedorID:178 0 1.49876e-06 0 0 0 0 0 0 0 
scan  360 0 L3Tau1DY0OFHMETgt200MTW0to120 FedorID:169 0 1.49876e-06 0 0 0 0 0 0 0 
scan  360 0 L3Tau1DY0OFHMETgt200MTW120to160 FedorID:174 0 1.49876e-06 0 0 0 0 0 0 0 
scan  360 0 L3Tau1DY0OFHMETgt200MTWgt160 FedorID:179 0 1.49876e-06 0 0 0 0 0 0 0 
scan  360 0 L3Tau1DY0MET0to50MTW0to120 FedorID:135 0 1.49876e-06 0 0 0 0 0 0 0 
scan  360 0 L3Tau1DY0MET0to50MTW120to160 FedorID:140 0 1.49876e-06 0 0 0 0 0 0 0 
scan  360 0 L3Tau1DY0MET0to50MTWgt160 FedorID:145 0 1.49876e-06 0 0 0 0 0 0 0 
scan  360 0 L3Tau1DY0MET50to100MTW0to120 FedorID:136 0 1.49876e-06 0 0 0 0 0 0 0 
scan  360 0 L3Tau1DY0MET50to100MTW120to160 FedorID:141 0 1.50075e-06 0 0 0 0 0 7.71529e-08 0 
scan  360 0 L3Tau1DY0MET50to100MTWgt160 FedorID:146 0 1.49876e-06 0 0 0 0 0 0 0 
scan  360 0 L3Tau1DY0MET100to150MTW0to120 FedorID:137 4.96777e-07 9.12006e-07 4.96777e-07 -5.18609e-09 -1.05019e-07 -4.96777e-08 0 -9.93553e-08 0 
scan  360 0 L3Tau1DY0MET100to150MTW120to160 FedorID:142 0 1.50075e-06 0 0 0 0 0 7.71529e-08 0 
scan  360 0 L3Tau1DY0MET100to150MTWgt160 FedorID:147 3.85764e-07 8.57827e-07 3.85764e-07 -4.02718e-09 -1.28116e-08 -3.85764e-08 0 -1.54306e-07 0 
scan  360 0 L3Tau1DY0MET150to200MTW0to120 FedorID:138 4.50125e-07 3.99168e-07 3.83811e-07 -4.74552e-09 -5.29663e-08 -4.50125e-08 0 8.46757e-08 0 
scan  360 0 L3Tau1DY0MET150to200MTW120to160 FedorID:143 0 1.49876e-06 0 0 0 0 0 0 0 
scan  360 0 L3Tau1DY0MET150to200MTWgt160 FedorID:148 0 1.49876e-06 0 0 0 0 0 0 0 
scan  360 0 L3Tau1DY0METgt200MTW0to120 FedorID:139 0 1.49883e-06 0 0 0 0 0 1.46796e-08 0 
scan  360 0 L3Tau1DY0METgt200MTW120to160 FedorID:144 0 1.49876e-06 0 0 0 0 0 0 0 
scan  360 0 L3Tau1DY0METgt200MTWgt160 FedorID:149 0 1.49876e-06 0 0 0 0 0 0 0 
scan  360 0 L3Tau1DY0SSOFHMET0to50MTW0to120 FedorID:120 0 4.49629e-06 0 0 0 0 0 0 0 
scan  360 0 L3Tau1DY0SSOFHMET0to50MTW120to160 FedorID:125 0 4.49629e-06 0 0 0 0 0 0 0 
scan  360 0 L3Tau1DY0SSOFHMET0to50MTWgt160 FedorID:130 0 4.49629e-06 0 0 0 0 0 0 0 
scan  360 0 L3Tau1DY0SSOFHMET50to100MTW0to120 FedorID:121 0 4.49629e-06 0 0 0 0 0 0 0 
scan  360 0 L3Tau1DY0SSOFHMET50to100MTW120to160 FedorID:126 0 4.49629e-06 0 0 0 0 0 0 0 
scan  360 0 L3Tau1DY0SSOFHMET50to100MTWgt160 FedorID:131 0 4.49629e-06 0 0 0 0 0 0 0 
scan  360 0 L3Tau1DY0SSOFHMET100to150MTW0to120 FedorID:122 0 4.49629e-06 0 0 0 0 0 0 0 
scan  360 0 L3Tau1DY0SSOFHMET100to150MTW120to160 FedorID:127 0 4.49629e-06 0 0 0 0 0 0 0 
scan  360 0 L3Tau1DY0SSOFHMET100to150MTWgt160 FedorID:132 0 4.49629e-06 0 0 0 0 0 0 0 
scan  360 0 L3Tau1DY0SSOFHMET150to200MTW0to120 FedorID:123 0 4.49629e-06 0 0 0 0 0 0 0 
scan  360 0 L3Tau1DY0SSOFHMET150to200MTW120to160 FedorID:128 0 4.49629e-06 0 0 0 0 0 0 0 
scan  360 0 L3Tau1DY0SSOFHMET150to200MTWgt160 FedorID:133 0 4.49629e-06 0 0 0 0 0 0 0 
scan  360 0 L3Tau1DY0SSOFHMETgt200MTW0to120 FedorID:124 0 4.49629e-06 0 0 0 0 0 0 0 
scan  360 0 L3Tau1DY0SSOFHMETgt200MTW120to160 FedorID:129 0 4.49629e-06 0 0 0 0 0 0 0 
scan  360 0 L3Tau1DY0SSOFHMETgt200MTWgt160 FedorID:134 0 4.49629e-06 0 0 0 0 0 0 0 
scan  360 0 L3Tau1DY0SSMET0to50MTW0to120 FedorID:90 6.49024e-08 3.74775e-06 6.49024e-08 -1.59661e-09 -3.68503e-09 -6.49024e-09 0 4.55245e-08 0 
scan  360 0 L3Tau1DY0SSMET0to50MTW120to160 FedorID:95 0 4.49629e-06 0 0 0 0 0 0 0 
scan  360 0 L3Tau1DY0SSMET0to50MTWgt160 FedorID:100 0 4.49629e-06 0 0 0 0 0 0 0 
scan  360 0 L3Tau1DY0SSMET50to100MTW0to120 FedorID:91 7.58742e-08 3.75209e-06 7.58742e-08 -7.92087e-10 -5.99043e-09 -7.58742e-09 0 1.81612e-07 0 
scan  360 0 L3Tau1DY0SSMET50to100MTW120to160 FedorID:96 0 4.49629e-06 0 0 0 0 0 0 0 
scan  360 0 L3Tau1DY0SSMET50to100MTWgt160 FedorID:101 7.51723e-08 3.74767e-06 7.51723e-08 -1.57771e-09 0 -7.51723e-09 0 1.03998e-23 0 
scan  360 0 L3Tau1DY0SSMET100to150MTW0to120 FedorID:92 2.12059e-06 4.00355e-06 1.37473e-06 -5.15175e-08 0 -2.12059e-07 0 -2.27136e-07 0 
scan  360 0 L3Tau1DY0SSMET100to150MTW120to160 FedorID:97 0 4.49629e-06 0 0 0 0 0 0 0 
scan  360 0 L3Tau1DY0SSMET100to150MTWgt160 FedorID:102 7.00609e-07 3.06393e-06 6.28026e-07 -3.23359e-08 -4.14699e-10 -7.00609e-08 0 -4.642e-08 0 
scan  360 0 L3Tau1DY0SSMET150to200MTW0to120 FedorID:93 0 4.49629e-06 0 0 0 0 0 0 0 
scan  360 0 L3Tau1DY0SSMET150to200MTW120to160 FedorID:98 0 4.49629e-06 0 0 0 0 0 0 0 
scan  360 0 L3Tau1DY0SSMET150to200MTWgt160 FedorID:103 5.15288e-06 6.00239e-06 5.08117e-06 -7.5394e-10 -9.72252e-07 -5.15288e-07 0 1.20266e-07 0 
scan  360 0 L3Tau1DY0SSMETgt200MTW0to120 FedorID:94 0 4.49629e-06 0 0 0 0 0 0 0 
scan  360 0 L3Tau1DY0SSMETgt200MTW120to160 FedorID:99 0 4.49629e-06 0 0 0 0 0 0 0 
scan  360 0 L3Tau1DY0SSMETgt200MTWgt160 FedorID:104 1.30791e-07 2.99993e-06 9.32524e-08 -1.80865e-09 -8.84904e-09 -1.30791e-08 0 -7.3846e-08 0 
