xsec 380 0 0.0728988
scan  380 0 L4Tau0DY2ZVMET0to30 FedorID:-999 0 3.07698e-06 0 0 0 0 0 0 0 
scan  380 0 L4Tau0DY2ZVMET30to50 FedorID:-999 0 3.07698e-06 0 0 0 0 0 0 0 
scan  380 0 L4Tau0DY2ZVMET50to100 FedorID:-999 1.06225e-06 2.7815e-06 1.06225e-06 -2.22944e-08 -1.8169e-07 0 0 0 0 
scan  380 0 L4Tau0DY2ZVMETgt100 FedorID:-999 3.97331e-08 2.56452e-06 3.97331e-08 -8.33917e-10 -1.81847e-08 0 0 0 0 
scan  380 0 L4Tau0DY2MET0to30 FedorID:-999 3.20363e-06 2.43328e-06 1.70445e-06 -8.96874e-08 -1.31028e-07 0 0 -7.89651e-07 0 
scan  380 0 L4Tau0DY2MET30to50 FedorID:-999 2.07406e-06 1.43787e-06 1.06035e-06 -2.43223e-08 -1.26356e-07 0 0 8.14597e-07 0 
scan  380 0 L4Tau0DY2MET50to100 FedorID:-999 1.7044e-05 7.0548e-06 6.41165e-06 -2.41233e-07 -2.16651e-06 0 0 -1.69025e-06 0 
scan  380 0 L4Tau0DY2METgt100 FedorID:-999 0.000110585 1.82069e-05 1.3218e-05 -2.75767e-06 -1.20588e-05 -2.98897e-07 0 1.91514e-06 0 
scan  380 0 L4Tau0DY1ZVMET0to30 FedorID:-999 0 5.1283e-06 0 0 0 0 0 0 0 
scan  380 0 L4Tau0DY1ZVMET30to50 FedorID:-999 0 5.1283e-06 0 0 0 0 0 0 0 
scan  380 0 L4Tau0DY1ZVMET50to100 FedorID:-999 0 5.1283e-06 0 0 0 0 0 0 0 
scan  380 0 L4Tau0DY1ZVMETgt100 FedorID:-999 2.14453e-06 5.10588e-06 2.14453e-06 -1.40907e-07 -3.85456e-07 0 0 0 0 
scan  380 0 L4Tau0DY1MET0to30 FedorID:-999 0 5.12855e-06 0 0 0 0 0 5.04957e-08 0 
scan  380 0 L4Tau0DY1MET30to50 FedorID:-999 5.04957e-08 4.61584e-06 5.04957e-08 -1.63536e-09 -3.68699e-09 0 0 -2.92964e-08 0 
scan  380 0 L4Tau0DY1MET50to100 FedorID:-999 1.05996e-07 4.11245e-06 7.49939e-08 -2.20968e-09 -1.85523e-09 0 0 2.73847e-07 0 
scan  380 0 L4Tau0DY1METgt100 FedorID:-999 5.61541e-06 5.0178e-06 2.66408e-06 -1.09077e-07 -1.07258e-06 0 0 -2.95046e-07 0 
scan  380 0 L4Tau0DY0MET0to30 FedorID:-999 0 5.1283e-06 0 0 0 0 0 0 0 
scan  380 0 L4Tau0DY0MET30to50 FedorID:-999 0 5.1283e-06 0 0 0 0 0 0 0 
scan  380 0 L4Tau0DY0MET50to100 FedorID:-999 0 5.1283e-06 0 0 0 0 0 0 0 
scan  380 0 L4Tau0DY0METgt100 FedorID:-999 0 5.1283e-06 0 0 0 0 0 0 0 
scan  380 0 L4Tau1DY1ZVMET0to30 FedorID:-999 0 4.10264e-06 0 0 0 0 0 0 0 
scan  380 0 L4Tau1DY1ZVMET30to50 FedorID:-999 0 4.10264e-06 0 0 0 0 0 0 0 
scan  380 0 L4Tau1DY1ZVMET50to100 FedorID:-999 0 4.10264e-06 0 0 0 0 0 0 0 
scan  380 0 L4Tau1DY1ZVMETgt100 FedorID:-999 0 4.10264e-06 0 0 0 0 0 0 0 
scan  380 0 L4Tau1DY1MET0to30 FedorID:-999 0 4.10299e-06 0 0 0 0 0 5.35655e-08 0 
scan  380 0 L4Tau1DY1MET30to50 FedorID:-999 5.35655e-08 3.59087e-06 5.35655e-08 -5.59196e-10 -2.94087e-09 -5.35655e-09 0 -6.85973e-08 0 
scan  380 0 L4Tau1DY1MET50to100 FedorID:-999 3.16914e-06 4.29505e-06 2.36854e-06 -1.48793e-07 -1.92931e-08 -3.16914e-07 0 -1.80186e-06 0 
scan  380 0 L4Tau1DY1METgt100 FedorID:-999 9.53242e-06 4.93341e-06 3.93782e-06 -2.56606e-07 -4.99599e-07 -9.53242e-07 0 1.84392e-06 0 
scan  380 0 L4Tau1DY0MET0to30 FedorID:-999 0 4.10264e-06 0 0 0 0 0 0 0 
scan  380 0 L4Tau1DY0MET30to50 FedorID:-999 0 4.10264e-06 0 0 0 0 0 0 0 
scan  380 0 L4Tau1DY0MET50to100 FedorID:-999 0 4.10264e-06 0 0 0 0 0 0 0 
scan  380 0 L4Tau1DY0METgt100 FedorID:-999 0 4.10264e-06 0 0 0 0 0 0 0 
scan  380 0 L3Tau0DY1ZVZHMET0to50MTW0to120 FedorID:30 0 4.10264e-06 0 0 0 0 0 0 0 
scan  380 0 L3Tau0DY1ZVZHMET0to50MTW120to160 FedorID:35 0 4.10264e-06 0 0 0 0 0 0 0 
scan  380 0 L3Tau0DY1ZVZHMET0to50MTWgt160 FedorID:40 0 4.10264e-06 0 0 0 0 0 0 0 
scan  380 0 L3Tau0DY1ZVZHMET50to100MTW0to120 FedorID:31 0 4.10264e-06 0 0 0 0 0 0 0 
scan  380 0 L3Tau0DY1ZVZHMET50to100MTW120to160 FedorID:36 0 4.10264e-06 0 0 0 0 0 0 0 
scan  380 0 L3Tau0DY1ZVZHMET50to100MTWgt160 FedorID:41 0 4.10264e-06 0 0 0 0 0 0 0 
scan  380 0 L3Tau0DY1ZVZHMET100to150MTW0to120 FedorID:32 0 4.10264e-06 0 0 0 0 0 0 0 
scan  380 0 L3Tau0DY1ZVZHMET100to150MTW120to160 FedorID:37 0 4.10264e-06 0 0 0 0 0 0 0 
scan  380 0 L3Tau0DY1ZVZHMET100to150MTWgt160 FedorID:42 0 4.10264e-06 0 0 0 0 0 0 0 
scan  380 0 L3Tau0DY1ZVZHMET150to200MTW0to120 FedorID:33 0 4.10647e-06 0 0 0 0 0 1.77251e-07 0 
scan  380 0 L3Tau0DY1ZVZHMET150to200MTW120to160 FedorID:38 0 4.10264e-06 0 0 0 0 0 0 0 
scan  380 0 L3Tau0DY1ZVZHMET150to200MTWgt160 FedorID:43 4.69026e-07 3.62233e-06 4.69026e-07 -9.84388e-09 -3.45742e-09 0 0 1.20123e-07 0 
scan  380 0 L3Tau0DY1ZVZHMETgt200MTW0to120 FedorID:34 2.95419e-07 3.60667e-06 2.95419e-07 -6.20023e-09 -5.08992e-08 0 0 -1.77251e-07 0 
scan  380 0 L3Tau0DY1ZVZHMETgt200MTW120to160 FedorID:39 0 4.10264e-06 0 0 0 0 0 0 0 
scan  380 0 L3Tau0DY1ZVZHMETgt200MTWgt160 FedorID:44 8.00194e-07 3.14877e-06 6.19504e-07 -2.40497e-08 -3.25481e-09 0 0 -1.20123e-07 0 
scan  380 0 L3Tau0DY1ZVZLMET0to50MTW0to120 FedorID:0 4.72198e-08 3.59013e-06 4.72198e-08 -1.29247e-09 -1.05148e-08 0 0 7.11694e-24 0 
scan  380 0 L3Tau0DY1ZVZLMET0to50MTW120to160 FedorID:5 0 4.10449e-06 0 0 0 0 0 1.2334e-07 0 
scan  380 0 L3Tau0DY1ZVZLMET0to50MTWgt160 FedorID:10 0 4.10449e-06 0 0 0 0 0 1.2334e-07 0 
scan  380 0 L3Tau0DY1ZVZLMET50to100MTW0to120 FedorID:1 6.95369e-07 3.66191e-06 6.95369e-07 -7.27062e-09 -1.98178e-07 0 0 0 0 
scan  380 0 L3Tau0DY1ZVZLMET50to100MTW120to160 FedorID:6 2.53686e-06 5.65942e-06 2.53686e-06 -5.32435e-08 -7.3327e-08 0 0 3.56348e-06 0 
scan  380 0 L3Tau0DY1ZVZLMET50to100MTWgt160 FedorID:11 6.16701e-07 3.65342e-06 6.16701e-07 0 -1.39887e-07 0 0 -2.4668e-07 0 
scan  380 0 L3Tau0DY1ZVZLMET100to150MTW0to120 FedorID:2 1.385e-06 2.79024e-06 9.79232e-07 -1.58737e-08 -1.22736e-07 0 0 -4.86147e-07 0 
scan  380 0 L3Tau0DY1ZVZLMET100to150MTW120to160 FedorID:7 2.51976e-06 5.65203e-06 2.51976e-06 -6.21928e-08 -8.52746e-08 0 0 3.56348e-06 0 
scan  380 0 L3Tau0DY1ZVZLMET100to150MTWgt160 FedorID:12 0 4.10482e-06 0 0 0 0 0 1.3391e-07 0 
scan  380 0 L3Tau0DY1ZVZLMET150to200MTW0to120 FedorID:3 2.99323e-07 2.57573e-06 2.14611e-07 -1.86345e-09 -2.56784e-08 0 0 1.13058e-07 0 
scan  380 0 L3Tau0DY1ZVZLMET150to200MTW120to160 FedorID:8 0 4.11957e-06 0 0 0 0 0 3.73089e-07 0 
scan  380 0 L3Tau0DY1ZVZLMET150to200MTWgt160 FedorID:13 1.10576e-06 2.67835e-06 7.32887e-07 -1.67276e-08 -1.4292e-08 0 0 -2.47203e-07 0 
scan  380 0 L3Tau0DY1ZVZLMETgt200MTW0to120 FedorID:4 1.38224e-06 2.82476e-06 1.13487e-06 -1.14429e-08 -2.61303e-07 0 0 2.19236e-07 0 
scan  380 0 L3Tau0DY1ZVZLMETgt200MTW120to160 FedorID:9 0 4.10264e-06 0 0 0 0 0 0 0 
scan  380 0 L3Tau0DY1ZVZLMETgt200MTWgt160 FedorID:14 3.41595e-07 2.57512e-06 2.07567e-07 -8.63894e-09 -1.99952e-08 0 0 1.13292e-07 0 
scan  380 0 L3Tau0DY1MET0to50MTW0to120 FedorID:15 3.80388e-06 2.66132e-06 1.76548e-06 -3.33224e-08 -8.27833e-07 0 0 -9.54988e-07 0 
scan  380 0 L3Tau0DY1MET0to50MTW120to160 FedorID:20 1.38245e-06 4.01548e-06 1.38245e-06 -1.44321e-08 -3.20627e-07 0 0 -1.10596e-06 0 
scan  380 0 L3Tau0DY1MET0to50MTWgt160 FedorID:25 0 4.10264e-06 0 0 0 0 0 0 0 
scan  380 0 L3Tau0DY1MET50to100MTW0to120 FedorID:16 1.29442e-05 4.19392e-06 3.22087e-06 -2.2715e-07 -2.13331e-06 0 0 1.24909e-06 0 
scan  380 0 L3Tau0DY1MET50to100MTW120to160 FedorID:21 3.93432e-06 2.78732e-06 1.83833e-06 -7.65765e-08 -2.42357e-07 0 0 3.4233e-07 0 
scan  380 0 L3Tau0DY1MET50to100MTWgt160 FedorID:26 7.1788e-06 5.13304e-06 4.64632e-06 -9.74753e-09 -7.42603e-07 0 0 -1.70096e-08 0 
scan  380 0 L3Tau0DY1MET100to150MTW0to120 FedorID:17 1.11869e-05 5.0499e-06 4.95517e-06 -1.91366e-07 -5.44807e-07 0 0 5.92573e-07 0 
scan  380 0 L3Tau0DY1MET100to150MTW120to160 FedorID:22 2.86336e-06 2.42213e-06 1.24792e-06 -4.10172e-08 -3.25349e-07 0 0 1.3546e-06 0 
scan  380 0 L3Tau0DY1MET100to150MTWgt160 FedorID:27 1.1189e-05 4.7355e-06 4.01019e-06 -1.37779e-07 -5.15868e-07 0 0 -2.40734e-06 0 
scan  380 0 L3Tau0DY1MET150to200MTW0to120 FedorID:18 1.36027e-05 7.23213e-06 6.79034e-06 -2.69514e-07 -1.59993e-06 0 0 1.0915e-06 0 
scan  380 0 L3Tau0DY1MET150to200MTW120to160 FedorID:23 2.40229e-06 2.73924e-06 1.34521e-06 -4.49905e-08 -4.32799e-07 0 0 1.13859e-06 0 
scan  380 0 L3Tau0DY1MET150to200MTWgt160 FedorID:28 2.18335e-05 7.00386e-06 6.21512e-06 -4.09574e-07 -1.27337e-06 0 0 2.89382e-06 0 
scan  380 0 L3Tau0DY1METgt200MTW0to120 FedorID:19 1.26325e-05 5.0234e-06 3.84763e-06 -2.9483e-07 -1.49703e-06 0 0 -2.7991e-06 0 
scan  380 0 L3Tau0DY1METgt200MTW120to160 FedorID:24 5.24053e-06 2.6502e-06 2.07916e-06 -1.1732e-07 -5.16831e-07 0 0 -2.22526e-07 0 
scan  380 0 L3Tau0DY1METgt200MTWgt160 FedorID:29 4.31278e-05 9.21205e-06 8.24415e-06 -5.54737e-07 -2.8287e-06 0 0 -2.88503e-06 0 
scan  380 0 L3Tau0DY0SSOFHMET0to50MTW0to120 FedorID:75 0 2.05132e-06 0 0 0 0 0 0 0 
scan  380 0 L3Tau0DY0SSOFHMET0to50MTW120to160 FedorID:80 0 2.05132e-06 0 0 0 0 0 0 0 
scan  380 0 L3Tau0DY0SSOFHMET0to50MTWgt160 FedorID:85 0 2.05132e-06 0 0 0 0 0 0 0 
scan  380 0 L3Tau0DY0SSOFHMET50to100MTW0to120 FedorID:76 0 2.05132e-06 0 0 0 0 0 0 0 
scan  380 0 L3Tau0DY0SSOFHMET50to100MTW120to160 FedorID:81 0 2.05132e-06 0 0 0 0 0 0 0 
scan  380 0 L3Tau0DY0SSOFHMET50to100MTWgt160 FedorID:86 0 2.05132e-06 0 0 0 0 0 0 0 
scan  380 0 L3Tau0DY0SSOFHMET100to150MTW0to120 FedorID:77 0 2.05132e-06 0 0 0 0 0 0 0 
scan  380 0 L3Tau0DY0SSOFHMET100to150MTW120to160 FedorID:82 0 2.05132e-06 0 0 0 0 0 0 0 
scan  380 0 L3Tau0DY0SSOFHMET100to150MTWgt160 FedorID:87 0 2.05132e-06 0 0 0 0 0 0 0 
scan  380 0 L3Tau0DY0SSOFHMET150to200MTW0to120 FedorID:78 0 2.05132e-06 0 0 0 0 0 0 0 
scan  380 0 L3Tau0DY0SSOFHMET150to200MTW120to160 FedorID:83 0 2.05132e-06 0 0 0 0 0 0 0 
scan  380 0 L3Tau0DY0SSOFHMET150to200MTWgt160 FedorID:88 0 2.05132e-06 0 0 0 0 0 0 0 
scan  380 0 L3Tau0DY0SSOFHMETgt200MTW0to120 FedorID:79 0 2.05132e-06 0 0 0 0 0 0 0 
scan  380 0 L3Tau0DY0SSOFHMETgt200MTW120to160 FedorID:84 0 2.05132e-06 0 0 0 0 0 0 0 
scan  380 0 L3Tau0DY0SSOFHMETgt200MTWgt160 FedorID:89 0 2.05132e-06 0 0 0 0 0 0 0 
scan  380 0 L3Tau0DY0SSMET0to50MTW0to120 FedorID:45 0 2.05132e-06 0 0 0 0 0 0 0 
scan  380 0 L3Tau0DY0SSMET0to50MTW120to160 FedorID:50 0 2.05132e-06 0 0 0 0 0 0 0 
scan  380 0 L3Tau0DY0SSMET0to50MTWgt160 FedorID:55 0 2.05132e-06 0 0 0 0 0 0 0 
scan  380 0 L3Tau0DY0SSMET50to100MTW0to120 FedorID:46 2.40505e-06 2.63292e-06 2.35995e-06 -2.5603e-08 -5.56928e-07 0 0 -9.1078e-09 0 
scan  380 0 L3Tau0DY0SSMET50to100MTW120to160 FedorID:51 0 2.05134e-06 0 0 0 0 0 9.1078e-09 0 
scan  380 0 L3Tau0DY0SSMET50to100MTWgt160 FedorID:56 0 2.05132e-06 0 0 0 0 0 0 0 
scan  380 0 L3Tau0DY0SSMET100to150MTW0to120 FedorID:47 0 2.05132e-06 0 0 0 0 0 0 0 
scan  380 0 L3Tau0DY0SSMET100to150MTW120to160 FedorID:52 0 2.05132e-06 0 0 0 0 0 0 0 
scan  380 0 L3Tau0DY0SSMET100to150MTWgt160 FedorID:57 0 2.05132e-06 0 0 0 0 0 0 0 
scan  380 0 L3Tau0DY0SSMET150to200MTW0to120 FedorID:48 1.87176e-07 1.55404e-06 1.87176e-07 -3.92843e-09 -2.07633e-08 0 0 -1.12305e-07 0 
scan  380 0 L3Tau0DY0SSMET150to200MTW120to160 FedorID:53 0 2.05166e-06 0 0 0 0 0 3.74352e-08 0 
scan  380 0 L3Tau0DY0SSMET150to200MTWgt160 FedorID:58 2.43693e-07 1.55823e-06 2.43693e-07 -9.50339e-09 -4.06881e-08 0 0 0 0 
scan  380 0 L3Tau0DY0SSMETgt200MTW0to120 FedorID:49 0 2.05269e-06 0 0 0 0 0 7.48703e-08 0 
scan  380 0 L3Tau0DY0SSMETgt200MTW120to160 FedorID:54 0 2.05132e-06 0 0 0 0 0 0 0 
scan  380 0 L3Tau0DY0SSMETgt200MTWgt160 FedorID:59 1.83667e-07 1.54947e-06 1.83667e-07 -6.12215e-09 -1.10693e-08 0 0 2.84678e-23 0 
scan  380 0 L3Tau1DY1ZVZHMET0to50MTW0to120 FedorID:-999 0 2.08356e-06 0 0 0 0 0 3.65091e-07 0 
scan  380 0 L3Tau1DY1ZVZHMET0to50MTW120to160 FedorID:-999 0 2.05132e-06 0 0 0 0 0 0 0 
scan  380 0 L3Tau1DY1ZVZHMET0to50MTWgt160 FedorID:-999 0 2.05132e-06 0 0 0 0 0 0 0 
scan  380 0 L3Tau1DY1ZVZHMET50to100MTW0to120 FedorID:-999 1.51428e-07 1.546e-06 1.51428e-07 0 -2.27073e-09 -1.51428e-08 0 0 0 
scan  380 0 L3Tau1DY1ZVZHMET50to100MTW120to160 FedorID:-999 3.65091e-07 1.62429e-06 3.65091e-07 0 -5.86675e-08 -3.65091e-08 0 -3.65091e-07 0 
scan  380 0 L3Tau1DY1ZVZHMET50to100MTWgt160 FedorID:-999 0 2.05132e-06 0 0 0 0 0 0 0 
scan  380 0 L3Tau1DY1ZVZHMET100to150MTW0to120 FedorID:-999 0 2.05132e-06 0 0 0 0 0 0 0 
scan  380 0 L3Tau1DY1ZVZHMET100to150MTW120to160 FedorID:-999 0 2.05132e-06 0 0 0 0 0 0 0 
scan  380 0 L3Tau1DY1ZVZHMET100to150MTWgt160 FedorID:-999 0 2.05132e-06 0 0 0 0 0 0 0 
scan  380 0 L3Tau1DY1ZVZHMET150to200MTW0to120 FedorID:-999 0 2.05132e-06 0 0 0 0 0 0 0 
scan  380 0 L3Tau1DY1ZVZHMET150to200MTW120to160 FedorID:-999 0 2.05132e-06 0 0 0 0 0 0 0 
scan  380 0 L3Tau1DY1ZVZHMET150to200MTWgt160 FedorID:-999 0 2.05256e-06 0 0 0 0 0 7.12312e-08 0 
scan  380 0 L3Tau1DY1ZVZHMETgt200MTW0to120 FedorID:-999 0 2.05132e-06 0 0 0 0 0 0 0 
scan  380 0 L3Tau1DY1ZVZHMETgt200MTW120to160 FedorID:-999 0 2.05132e-06 0 0 0 0 0 0 0 
scan  380 0 L3Tau1DY1ZVZHMETgt200MTWgt160 FedorID:-999 7.33542e-07 7.18902e-07 4.86467e-07 -7.47498e-09 -8.1641e-08 -7.33542e-08 0 -7.12312e-08 0 
scan  380 0 L3Tau1DY1ZVZLMET0to50MTW0to120 FedorID:-999 0 2.10585e-06 0 0 0 0 0 4.76129e-07 0 
scan  380 0 L3Tau1DY1ZVZLMET0to50MTW120to160 FedorID:-999 0 2.05132e-06 0 0 0 0 0 0 0 
scan  380 0 L3Tau1DY1ZVZLMET0to50MTWgt160 FedorID:-999 0 2.05132e-06 0 0 0 0 0 0 0 
scan  380 0 L3Tau1DY1ZVZLMET50to100MTW0to120 FedorID:-999 7.93548e-07 1.79803e-06 7.93548e-07 -5.67975e-08 0 -7.93548e-08 0 -4.76129e-07 0 
scan  380 0 L3Tau1DY1ZVZLMET50to100MTW120to160 FedorID:-999 5.42387e-08 1.54007e-06 5.42387e-08 0 -4.13902e-09 -5.42387e-09 0 -4.3391e-08 0 
scan  380 0 L3Tau1DY1ZVZLMET50to100MTWgt160 FedorID:-999 0 2.05135e-06 0 0 0 0 0 1.08477e-08 0 
scan  380 0 L3Tau1DY1ZVZLMET100to150MTW0to120 FedorID:-999 0 2.05132e-06 0 0 0 0 0 0 0 
scan  380 0 L3Tau1DY1ZVZLMET100to150MTW120to160 FedorID:-999 4.83056e-08 1.53929e-06 4.83056e-08 0 -1.08141e-08 -4.83056e-09 0 7.11694e-24 0 
scan  380 0 L3Tau1DY1ZVZLMET100to150MTWgt160 FedorID:-999 0 2.05158e-06 0 0 0 0 0 3.25432e-08 0 
scan  380 0 L3Tau1DY1ZVZLMET150to200MTW0to120 FedorID:-999 1.33616e-06 2.01065e-06 1.28565e-06 -7.08848e-08 0 -1.33616e-07 0 0 0 
scan  380 0 L3Tau1DY1ZVZLMET150to200MTW120to160 FedorID:-999 0 2.05132e-06 0 0 0 0 0 0 0 
scan  380 0 L3Tau1DY1ZVZLMET150to200MTWgt160 FedorID:-999 0 2.0527e-06 0 0 0 0 0 7.53381e-08 0 
scan  380 0 L3Tau1DY1ZVZLMETgt200MTW0to120 FedorID:-999 4.48658e-07 1.6065e-06 4.48658e-07 0 -1.02894e-07 -4.48658e-08 0 5.69355e-23 0 
scan  380 0 L3Tau1DY1ZVZLMETgt200MTW120to160 FedorID:-999 0 2.05135e-06 0 0 0 0 0 1.088e-08 0 
scan  380 0 L3Tau1DY1ZVZLMETgt200MTWgt160 FedorID:-999 4.03488e-07 1.05758e-06 2.25982e-07 -1.12406e-09 -7.98434e-08 -4.03488e-08 0 -8.62181e-08 0 
scan  380 0 L3Tau1DY1MET0to50MTW0to120 FedorID:-999 1.12746e-06 1.31323e-06 6.83195e-07 -7.67885e-09 -4.62839e-08 -1.12746e-07 0 4.3695e-07 0 
scan  380 0 L3Tau1DY1MET0to50MTW120to160 FedorID:-999 4.92327e-08 1.54007e-06 4.92327e-08 -1.68867e-09 0 -4.92327e-09 0 -4.92327e-08 0 
scan  380 0 L3Tau1DY1MET0to50MTWgt160 FedorID:-999 0 2.05132e-06 0 0 0 0 0 0 0 
scan  380 0 L3Tau1DY1MET50to100MTW0to120 FedorID:-999 6.65272e-06 2.87119e-06 2.63569e-06 -1.3524e-07 -7.49348e-08 -6.65272e-07 0 -8.75836e-07 0 
scan  380 0 L3Tau1DY1MET50to100MTW120to160 FedorID:-999 0 2.07043e-06 0 0 0 0 0 2.80684e-07 0 
scan  380 0 L3Tau1DY1MET50to100MTWgt160 FedorID:-999 1.35501e-06 2.11045e-06 1.11381e-06 -2.2648e-08 -3.10193e-08 -1.35501e-07 0 -1.46343e-06 0 
scan  380 0 L3Tau1DY1MET100to150MTW0to120 FedorID:-999 1.65444e-05 5.63024e-06 4.90325e-06 -2.57197e-07 -8.5986e-07 -1.65444e-06 0 -1.96257e-06 0 
scan  380 0 L3Tau1DY1MET100to150MTW120to160 FedorID:-999 1.08211e-06 9.35293e-07 5.7764e-07 -2.65944e-09 -1.86529e-07 -1.08211e-07 0 7.03135e-07 0 
scan  380 0 L3Tau1DY1MET100to150MTWgt160 FedorID:-999 3.14553e-06 3.13713e-06 1.78731e-06 -6.17797e-09 -6.28987e-07 -3.14553e-07 0 2.25843e-06 0 
scan  380 0 L3Tau1DY1MET150to200MTW0to120 FedorID:-999 6.41358e-06 4.1638e-06 2.74577e-06 -8.99083e-08 -1.42873e-07 -6.41358e-07 0 3.0158e-06 0 
scan  380 0 L3Tau1DY1MET150to200MTW120to160 FedorID:-999 3.79231e-06 2.51002e-06 2.1447e-06 -5.73691e-08 -1.33648e-07 -3.79231e-07 0 -6.95314e-07 0 
scan  380 0 L3Tau1DY1MET150to200MTWgt160 FedorID:-999 8.42005e-06 4.71939e-06 4.30104e-06 -2.13298e-08 -4.32329e-07 -8.42005e-07 0 -1.35107e-06 0 
scan  380 0 L3Tau1DY1METgt200MTW0to120 FedorID:-999 8.48357e-06 3.44201e-06 2.86259e-06 -1.15507e-07 -2.20126e-07 -8.48357e-07 0 1.69434e-06 0 
scan  380 0 L3Tau1DY1METgt200MTW120to160 FedorID:-999 1.12998e-05 4.36183e-06 4.20037e-06 -1.60257e-07 -2.48358e-07 -1.12998e-06 0 1.24317e-07 0 
scan  380 0 L3Tau1DY1METgt200MTWgt160 FedorID:-999 2.72777e-05 8.43253e-06 7.71352e-06 -4.61974e-07 -1.9526e-06 -2.72777e-06 0 3.40162e-07 0 
scan  380 0 L3Tau1DY0OFHMET0to50MTW0to120 FedorID:165 0 1.02566e-06 0 0 0 0 0 0 0 
scan  380 0 L3Tau1DY0OFHMET0to50MTW120to160 FedorID:170 0 1.02566e-06 0 0 0 0 0 0 0 
scan  380 0 L3Tau1DY0OFHMET0to50MTWgt160 FedorID:175 0 1.02566e-06 0 0 0 0 0 0 0 
scan  380 0 L3Tau1DY0OFHMET50to100MTW0to120 FedorID:166 0 1.02566e-06 0 0 0 0 0 0 0 
scan  380 0 L3Tau1DY0OFHMET50to100MTW120to160 FedorID:171 0 1.02566e-06 0 0 0 0 0 0 0 
scan  380 0 L3Tau1DY0OFHMET50to100MTWgt160 FedorID:176 0 1.02566e-06 0 0 0 0 0 0 0 
scan  380 0 L3Tau1DY0OFHMET100to150MTW0to120 FedorID:167 0 1.02566e-06 0 0 0 0 0 0 0 
scan  380 0 L3Tau1DY0OFHMET100to150MTW120to160 FedorID:172 0 1.02566e-06 0 0 0 0 0 0 0 
scan  380 0 L3Tau1DY0OFHMET100to150MTWgt160 FedorID:177 0 1.02566e-06 0 0 0 0 0 0 0 
scan  380 0 L3Tau1DY0OFHMET150to200MTW0to120 FedorID:168 0 1.02566e-06 0 0 0 0 0 0 0 
scan  380 0 L3Tau1DY0OFHMET150to200MTW120to160 FedorID:173 0 1.02566e-06 0 0 0 0 0 0 0 
scan  380 0 L3Tau1DY0OFHMET150to200MTWgt160 FedorID:178 0 1.02566e-06 0 0 0 0 0 0 0 
scan  380 0 L3Tau1DY0OFHMETgt200MTW0to120 FedorID:169 0 1.02566e-06 0 0 0 0 0 0 0 
scan  380 0 L3Tau1DY0OFHMETgt200MTW120to160 FedorID:174 0 1.02566e-06 0 0 0 0 0 0 0 
scan  380 0 L3Tau1DY0OFHMETgt200MTWgt160 FedorID:179 0 1.02566e-06 0 0 0 0 0 0 0 
scan  380 0 L3Tau1DY0MET0to50MTW0to120 FedorID:135 2.63125e-07 6.35282e-07 2.63125e-07 -2.74689e-09 -3.76723e-08 -2.63125e-08 0 -2.63125e-07 0 
scan  380 0 L3Tau1DY0MET0to50MTW120to160 FedorID:140 0 1.02566e-06 0 0 0 0 0 0 0 
scan  380 0 L3Tau1DY0MET0to50MTWgt160 FedorID:145 0 1.02566e-06 0 0 0 0 0 0 0 
scan  380 0 L3Tau1DY0MET50to100MTW0to120 FedorID:136 1.00801e-07 5.81151e-07 7.12806e-08 -1.05284e-09 -1.79768e-08 -1.00801e-08 0 2.63125e-07 0 
scan  380 0 L3Tau1DY0MET50to100MTW120to160 FedorID:141 3.44466e-07 7.87565e-07 3.44466e-07 -1.02381e-08 -1.8464e-09 -3.44466e-08 0 4.87148e-07 0 
scan  380 0 L3Tau1DY0MET50to100MTWgt160 FedorID:146 0 1.11602e-06 0 0 0 0 0 4.39917e-07 0 
scan  380 0 L3Tau1DY0MET100to150MTW0to120 FedorID:137 0 1.02566e-06 0 0 0 0 0 0 0 
scan  380 0 L3Tau1DY0MET100to150MTW120to160 FedorID:142 5.30758e-08 6.20081e-07 5.30758e-08 -5.54084e-10 -1.81816e-09 -5.30758e-09 0 3.44466e-07 0 
scan  380 0 L3Tau1DY0MET100to150MTWgt160 FedorID:147 4.93286e-08 5.1704e-07 4.93286e-08 -1.61153e-09 -7.88634e-10 -4.93286e-09 0 4.32997e-08 0 
scan  380 0 L3Tau1DY0MET150to200MTW0to120 FedorID:138 1.97271e-07 5.49825e-07 1.97271e-07 -2.05941e-09 -1.89798e-09 -1.97271e-08 0 0 0 
scan  380 0 L3Tau1DY0MET150to200MTW120to160 FedorID:143 0 1.02566e-06 0 0 0 0 0 0 0 
scan  380 0 L3Tau1DY0MET150to200MTWgt160 FedorID:148 5.4635e-07 8.22331e-07 4.46309e-07 -1.68489e-08 -3.37931e-09 -5.4635e-08 0 -4.59089e-07 0 
scan  380 0 L3Tau1DY0METgt200MTW0to120 FedorID:139 0 1.02566e-06 0 0 0 0 0 0 0 
scan  380 0 L3Tau1DY0METgt200MTW120to160 FedorID:144 0 1.02566e-06 0 0 0 0 0 0 0 
scan  380 0 L3Tau1DY0METgt200MTWgt160 FedorID:149 3.14505e-07 2.83746e-07 2.67749e-07 -6.87151e-09 -6.68936e-09 -3.14505e-08 0 8.79835e-08 0 
scan  380 0 L3Tau1DY0SSOFHMET0to50MTW0to120 FedorID:120 0 3.07698e-06 0 0 0 0 0 0 0 
scan  380 0 L3Tau1DY0SSOFHMET0to50MTW120to160 FedorID:125 0 3.07698e-06 0 0 0 0 0 0 0 
scan  380 0 L3Tau1DY0SSOFHMET0to50MTWgt160 FedorID:130 0 3.07698e-06 0 0 0 0 0 0 0 
scan  380 0 L3Tau1DY0SSOFHMET50to100MTW0to120 FedorID:121 0 3.07698e-06 0 0 0 0 0 0 0 
scan  380 0 L3Tau1DY0SSOFHMET50to100MTW120to160 FedorID:126 0 3.077e-06 0 0 0 0 0 1.03318e-08 0 
scan  380 0 L3Tau1DY0SSOFHMET50to100MTWgt160 FedorID:131 5.16592e-08 2.5647e-06 5.16592e-08 -1.08422e-09 0 -5.16592e-09 0 -1.03318e-08 0 
scan  380 0 L3Tau1DY0SSOFHMET100to150MTW0to120 FedorID:122 0 3.07698e-06 0 0 0 0 0 0 0 
scan  380 0 L3Tau1DY0SSOFHMET100to150MTW120to160 FedorID:127 0 3.07698e-06 0 0 0 0 0 0 0 
scan  380 0 L3Tau1DY0SSOFHMET100to150MTWgt160 FedorID:132 0 3.07698e-06 0 0 0 0 0 0 0 
scan  380 0 L3Tau1DY0SSOFHMET150to200MTW0to120 FedorID:123 0 3.07698e-06 0 0 0 0 0 0 0 
scan  380 0 L3Tau1DY0SSOFHMET150to200MTW120to160 FedorID:128 0 3.07698e-06 0 0 0 0 0 0 0 
scan  380 0 L3Tau1DY0SSOFHMET150to200MTWgt160 FedorID:133 0 3.07698e-06 0 0 0 0 0 0 0 
scan  380 0 L3Tau1DY0SSOFHMETgt200MTW0to120 FedorID:124 0 3.07698e-06 0 0 0 0 0 0 0 
scan  380 0 L3Tau1DY0SSOFHMETgt200MTW120to160 FedorID:129 0 3.07698e-06 0 0 0 0 0 0 0 
scan  380 0 L3Tau1DY0SSOFHMETgt200MTWgt160 FedorID:134 0 3.07698e-06 0 0 0 0 0 0 0 
scan  380 0 L3Tau1DY0SSMET0to50MTW0to120 FedorID:90 5.37842e-08 2.56493e-06 5.37842e-08 0 -5.96836e-09 -5.37842e-09 0 3.19856e-08 0 
scan  380 0 L3Tau1DY0SSMET0to50MTW120to160 FedorID:95 5.33094e-08 2.56479e-06 5.33094e-08 -5.56522e-10 -6.91896e-10 -5.33094e-09 0 1.99573e-08 0 
scan  380 0 L3Tau1DY0SSMET0to50MTWgt160 FedorID:100 0 3.07698e-06 0 0 0 0 0 0 0 
scan  380 0 L3Tau1DY0SSMET50to100MTW0to120 FedorID:91 0 3.07698e-06 0 0 0 0 0 0 0 
scan  380 0 L3Tau1DY0SSMET50to100MTW120to160 FedorID:96 1.05926e-06 2.78458e-06 1.05926e-06 -2.98361e-08 0 -1.05926e-07 0 -2.11853e-07 0 
scan  380 0 L3Tau1DY0SSMET50to100MTWgt160 FedorID:101 5.99124e-07 2.08492e-06 3.55798e-07 -7.752e-09 -4.80193e-08 -5.99124e-08 0 -8.03324e-08 0 
scan  380 0 L3Tau1DY0SSMET100to150MTW0to120 FedorID:92 5.13556e-08 2.56527e-06 5.13556e-08 -1.1082e-09 0 -5.13556e-09 0 5.53116e-08 0 
scan  380 0 L3Tau1DY0SSMET100to150MTW120to160 FedorID:97 0 3.07698e-06 0 0 0 0 0 0 0 
scan  380 0 L3Tau1DY0SSMET100to150MTWgt160 FedorID:102 0 3.08634e-06 0 0 0 0 0 2.40242e-07 0 
scan  380 0 L3Tau1DY0SSMET150to200MTW0to120 FedorID:93 0 3.07705e-06 0 0 0 0 0 2.05422e-08 0 
scan  380 0 L3Tau1DY0SSMET150to200MTW120to160 FedorID:98 0 3.07698e-06 0 0 0 0 0 0 0 
scan  380 0 L3Tau1DY0SSMET150to200MTWgt160 FedorID:103 0 3.07698e-06 0 0 0 0 0 0 0 
scan  380 0 L3Tau1DY0SSMETgt200MTW0to120 FedorID:94 0 3.07698e-06 0 0 0 0 0 0 0 
scan  380 0 L3Tau1DY0SSMETgt200MTW120to160 FedorID:99 0 3.07698e-06 0 0 0 0 0 0 0 
scan  380 0 L3Tau1DY0SSMETgt200MTWgt160 FedorID:104 1.1901e-06 1.69115e-06 6.91356e-07 -1.8806e-08 -2.36948e-08 -1.1901e-07 0 1.70807e-22 0 
