xsec 145 0 4.04353
scan  145 0 L4Tau0DY2ZVMET0to30 FedorID:-999 0 0.00014736 0 0 0 0 0 0 0 
scan  145 0 L4Tau0DY2ZVMET30to50 FedorID:-999 0 0.00014736 0 0 0 0 0 0 0 
scan  145 0 L4Tau0DY2ZVMET50to100 FedorID:-999 0 0.00014736 0 0 0 0 0 0 0 
scan  145 0 L4Tau0DY2ZVMETgt100 FedorID:-999 0 0.00014736 0 0 0 0 0 0 0 
scan  145 0 L4Tau0DY2MET0to30 FedorID:-999 0.00146762 0.000394525 0.000355913 -5.75295e-05 -0.000150987 -1.52683e-05 0 -1.49189e-05 0 
scan  145 0 L4Tau0DY2MET30to50 FedorID:-999 0.00102838 0.000277269 0.000207075 -2.80785e-05 -0.000148621 -7.76839e-06 0 9.29956e-05 0 
scan  145 0 L4Tau0DY2MET50to100 FedorID:-999 0.00281611 0.000628636 0.00047922 -7.76097e-05 -0.000380916 -4.44818e-06 0 -0.000117424 0 
scan  145 0 L4Tau0DY2METgt100 FedorID:-999 0.000259242 0.000117949 9.56644e-05 -8.18173e-06 -1.65611e-05 0 0 4.47912e-05 0 
scan  145 0 L4Tau0DY1ZVMET0to30 FedorID:-999 0 0.0002456 0 0 0 0 0 0 0 
scan  145 0 L4Tau0DY1ZVMET30to50 FedorID:-999 0 0.0002456 0 0 0 0 0 0 0 
scan  145 0 L4Tau0DY1ZVMET50to100 FedorID:-999 0 0.0002456 0 0 0 0 0 0 0 
scan  145 0 L4Tau0DY1ZVMETgt100 FedorID:-999 0 0.0002456 0 0 0 0 0 0 0 
scan  145 0 L4Tau0DY1MET0to30 FedorID:-999 5.43862e-05 0.000203532 5.03188e-05 -1.31476e-07 -1.60492e-05 0 0 5.60653e-06 0 
scan  145 0 L4Tau0DY1MET30to50 FedorID:-999 1.5963e-05 0.000196904 1.1382e-05 -4.49941e-07 -2.2278e-06 -6.94687e-07 0 -5.60653e-06 0 
scan  145 0 L4Tau0DY1MET50to100 FedorID:-999 7.48031e-05 0.000202076 4.46813e-05 -2.84637e-06 -1.50034e-05 0 0 -7.4883e-07 0 
scan  145 0 L4Tau0DY1METgt100 FedorID:-999 0 0.000245601 0 0 0 0 0 7.4883e-07 0 
scan  145 0 L4Tau0DY0MET0to30 FedorID:-999 0 0.0002456 0 0 0 0 0 0 0 
scan  145 0 L4Tau0DY0MET30to50 FedorID:-999 0 0.0002456 0 0 0 0 0 0 0 
scan  145 0 L4Tau0DY0MET50to100 FedorID:-999 0 0.0002456 0 0 0 0 0 0 0 
scan  145 0 L4Tau0DY0METgt100 FedorID:-999 0 0.0002456 0 0 0 0 0 0 0 
scan  145 0 L4Tau1DY1ZVMET0to30 FedorID:-999 0 0.00019648 0 0 0 0 0 0 0 
scan  145 0 L4Tau1DY1ZVMET30to50 FedorID:-999 0 0.00019648 0 0 0 0 0 0 0 
scan  145 0 L4Tau1DY1ZVMET50to100 FedorID:-999 2.12619e-06 0.000171935 2.12619e-06 -7.54571e-08 -8.40737e-07 -2.12619e-07 0 0 0 
scan  145 0 L4Tau1DY1ZVMETgt100 FedorID:-999 0 0.00019648 0 0 0 0 0 0 0 
scan  145 0 L4Tau1DY1MET0to30 FedorID:-999 0.00011204 0.000145781 7.00752e-05 -4.62415e-06 -1.72542e-05 -1.1204e-05 0 -2.85854e-05 0 
scan  145 0 L4Tau1DY1MET30to50 FedorID:-999 9.91649e-05 0.000181188 9.495e-05 -3.72487e-06 -2.72316e-07 -9.91649e-06 0 -4.45676e-05 0 
scan  145 0 L4Tau1DY1MET50to100 FedorID:-999 7.28442e-05 0.000129469 4.09406e-05 -1.87614e-06 -1.10162e-05 -7.28442e-06 0 7.25051e-05 0 
scan  145 0 L4Tau1DY1METgt100 FedorID:-999 2.42165e-06 0.000171957 2.42165e-06 -5.08254e-08 -2.17177e-07 -2.42165e-07 0 2.5854e-06 0 
scan  145 0 L4Tau1DY0MET0to30 FedorID:-999 0 0.00019648 0 0 0 0 0 0 0 
scan  145 0 L4Tau1DY0MET30to50 FedorID:-999 0 0.00019648 0 0 0 0 0 0 0 
scan  145 0 L4Tau1DY0MET50to100 FedorID:-999 4.6425e-05 0.000178441 4.6425e-05 -1.73367e-06 -1.02329e-05 -4.6425e-06 0 0 0 
scan  145 0 L4Tau1DY0METgt100 FedorID:-999 0 0.00019648 0 0 0 0 0 0 0 
scan  145 0 L3Tau0DY1ZVZHMET0to50MTW0to120 FedorID:30 2.55272e-06 0.000171945 2.55272e-06 -2.66491e-08 -2.86611e-08 0 0 1.44302e-06 0 
scan  145 0 L3Tau0DY1ZVZHMET0to50MTW120to160 FedorID:35 0 0.000196491 0 0 0 0 0 2.04218e-06 0 
scan  145 0 L3Tau0DY1ZVZHMET0to50MTWgt160 FedorID:40 0 0.00019648 0 0 0 0 0 0 0 
scan  145 0 L3Tau0DY1ZVZHMET50to100MTW0to120 FedorID:31 3.99254e-05 0.000151838 2.84586e-05 -2.7286e-07 -8.25711e-06 0 0 -2.14847e-05 0 
scan  145 0 L3Tau0DY1ZVZHMET50to100MTW120to160 FedorID:36 0 0.00019648 0 0 0 0 0 0 0 
scan  145 0 L3Tau0DY1ZVZHMET50to100MTWgt160 FedorID:41 0 0.00019648 0 0 0 0 0 0 0 
scan  145 0 L3Tau0DY1ZVZHMET100to150MTW0to120 FedorID:32 7.55306e-05 0.000188658 7.55306e-05 0 -2.57979e-06 0 0 1.79995e-05 0 
scan  145 0 L3Tau0DY1ZVZHMET100to150MTW120to160 FedorID:37 0 0.00019648 0 0 0 0 0 0 0 
scan  145 0 L3Tau0DY1ZVZHMET100to150MTWgt160 FedorID:42 0 0.00019648 0 0 0 0 0 0 0 
scan  145 0 L3Tau0DY1ZVZHMET150to200MTW0to120 FedorID:33 0 0.00019648 0 0 0 0 0 0 0 
scan  145 0 L3Tau0DY1ZVZHMET150to200MTW120to160 FedorID:38 0 0.00019648 0 0 0 0 0 0 0 
scan  145 0 L3Tau0DY1ZVZHMET150to200MTWgt160 FedorID:43 0 0.00019648 0 0 0 0 0 0 0 
scan  145 0 L3Tau0DY1ZVZHMETgt200MTW0to120 FedorID:34 0 0.00019648 0 0 0 0 0 0 0 
scan  145 0 L3Tau0DY1ZVZHMETgt200MTW120to160 FedorID:39 0 0.00019648 0 0 0 0 0 0 0 
scan  145 0 L3Tau0DY1ZVZHMETgt200MTWgt160 FedorID:44 0 0.00019648 0 0 0 0 0 0 0 
scan  145 0 L3Tau0DY1ZVZLMET0to50MTW0to120 FedorID:0 0.000257471 0.000233539 0.000181996 -1.66075e-06 -5.98575e-05 0 0 5.24658e-05 0 
scan  145 0 L3Tau0DY1ZVZLMET0to50MTW120to160 FedorID:5 0 0.000196485 0 0 0 0 0 1.37e-06 0 
scan  145 0 L3Tau0DY1ZVZLMET0to50MTWgt160 FedorID:10 0 0.00019648 0 0 0 0 0 0 0 
scan  145 0 L3Tau0DY1ZVZLMET50to100MTW0to120 FedorID:1 0.000346742 0.000271934 0.000224431 -1.11673e-05 -1.05796e-05 0 0 -9.08933e-05 0 
scan  145 0 L3Tau0DY1ZVZLMET50to100MTW120to160 FedorID:6 2.39319e-06 0.000177577 2.39319e-06 -7.57496e-08 0 0 0 4.43997e-05 0 
scan  145 0 L3Tau0DY1ZVZLMET50to100MTWgt160 FedorID:11 5.31742e-05 0.000180393 5.31742e-05 -5.5511e-07 -6.6534e-06 0 0 -1.06348e-05 0 
scan  145 0 L3Tau0DY1ZVZLMET100to150MTW0to120 FedorID:2 1.6239e-06 0.000171959 1.6239e-06 -8.37486e-08 -1.94798e-07 0 0 3.29259e-06 0 
scan  145 0 L3Tau0DY1ZVZLMET100to150MTW120to160 FedorID:7 0 0.00019648 0 0 0 0 0 0 0 
scan  145 0 L3Tau0DY1ZVZLMET100to150MTWgt160 FedorID:12 0 0.00019648 0 0 0 0 0 0 0 
scan  145 0 L3Tau0DY1ZVZLMET150to200MTW0to120 FedorID:3 0 0.00019648 0 0 0 0 0 0 0 
scan  145 0 L3Tau0DY1ZVZLMET150to200MTW120to160 FedorID:8 0 0.00019648 0 0 0 0 0 0 0 
scan  145 0 L3Tau0DY1ZVZLMET150to200MTWgt160 FedorID:13 0 0.00019648 0 0 0 0 0 0 0 
scan  145 0 L3Tau0DY1ZVZLMETgt200MTW0to120 FedorID:4 0 0.00019648 0 0 0 0 0 0 0 
scan  145 0 L3Tau0DY1ZVZLMETgt200MTW120to160 FedorID:9 0 0.00019648 0 0 0 0 0 0 0 
scan  145 0 L3Tau0DY1ZVZLMETgt200MTWgt160 FedorID:14 0 0.00019648 0 0 0 0 0 0 0 
scan  145 0 L3Tau0DY1MET0to50MTW0to120 FedorID:15 0.00310682 0.000708863 0.000531862 -5.92629e-05 -0.000400245 0 0 0.00023514 0 
scan  145 0 L3Tau0DY1MET0to50MTW120to160 FedorID:20 0.000303426 0.000227403 0.000191721 -3.87343e-06 -2.37114e-05 0 0 -6.8753e-05 0 
scan  145 0 L3Tau0DY1MET0to50MTWgt160 FedorID:25 0.000209163 0.00026059 0.000201982 -6.38783e-06 -1.39877e-07 0 0 -7.31747e-05 0 
scan  145 0 L3Tau0DY1MET50to100MTW0to120 FedorID:16 0.00264168 0.000573626 0.00042635 -5.91618e-05 -0.00031412 0 0 -0.000206576 0 
scan  145 0 L3Tau0DY1MET50to100MTW120to160 FedorID:21 0.000573152 0.000210149 0.000179238 -1.2206e-05 -3.40294e-05 0 0 3.28335e-05 0 
scan  145 0 L3Tau0DY1MET50to100MTWgt160 FedorID:26 0.0001839 0.000270966 9.69659e-05 -2.68158e-06 -5.08801e-06 0 0 0.000241989 0 
scan  145 0 L3Tau0DY1MET100to150MTW0to120 FedorID:17 0.0008873 0.000360791 0.000350567 -2.98584e-05 -6.45888e-05 0 0 4.00764e-05 0 
scan  145 0 L3Tau0DY1MET100to150MTW120to160 FedorID:22 0.000448006 0.000322859 0.000268492 -7.22148e-06 -5.27966e-05 0 0 -0.000140212 0 
scan  145 0 L3Tau0DY1MET100to150MTWgt160 FedorID:27 8.11551e-05 0.000112242 4.47493e-05 -7.69791e-07 -1.35324e-05 0 0 -2.75859e-05 0 
scan  145 0 L3Tau0DY1MET150to200MTW0to120 FedorID:18 8.20947e-05 0.0001152 5.75875e-05 -1.32049e-06 -3.60168e-06 0 0 1.69987e-05 0 
scan  145 0 L3Tau0DY1MET150to200MTW120to160 FedorID:23 0 0.000196481 0 0 0 0 0 5.10287e-07 0 
scan  145 0 L3Tau0DY1MET150to200MTWgt160 FedorID:28 0 0.00019648 0 0 0 0 0 0 0 
scan  145 0 L3Tau0DY1METgt200MTW0to120 FedorID:19 6.39585e-06 0.000172079 6.39585e-06 0 -2.48321e-06 0 0 -2.77654e-06 0 
scan  145 0 L3Tau0DY1METgt200MTW120to160 FedorID:24 0 0.00019648 0 0 0 0 0 0 0 
scan  145 0 L3Tau0DY1METgt200MTWgt160 FedorID:29 0 0.00019648 0 0 0 0 0 0 0 
scan  145 0 L3Tau0DY0SSOFHMET0to50MTW0to120 FedorID:75 0 9.824e-05 0 0 0 0 0 0 0 
scan  145 0 L3Tau0DY0SSOFHMET0to50MTW120to160 FedorID:80 0 9.824e-05 0 0 0 0 0 0 0 
scan  145 0 L3Tau0DY0SSOFHMET0to50MTWgt160 FedorID:85 0 9.824e-05 0 0 0 0 0 0 0 
scan  145 0 L3Tau0DY0SSOFHMET50to100MTW0to120 FedorID:76 0 9.824e-05 0 0 0 0 0 0 0 
scan  145 0 L3Tau0DY0SSOFHMET50to100MTW120to160 FedorID:81 0 9.824e-05 0 0 0 0 0 0 0 
scan  145 0 L3Tau0DY0SSOFHMET50to100MTWgt160 FedorID:86 0 9.824e-05 0 0 0 0 0 0 0 
scan  145 0 L3Tau0DY0SSOFHMET100to150MTW0to120 FedorID:77 0 9.824e-05 0 0 0 0 0 0 0 
scan  145 0 L3Tau0DY0SSOFHMET100to150MTW120to160 FedorID:82 0 9.824e-05 0 0 0 0 0 0 0 
scan  145 0 L3Tau0DY0SSOFHMET100to150MTWgt160 FedorID:87 0 9.824e-05 0 0 0 0 0 0 0 
scan  145 0 L3Tau0DY0SSOFHMET150to200MTW0to120 FedorID:78 0 9.824e-05 0 0 0 0 0 0 0 
scan  145 0 L3Tau0DY0SSOFHMET150to200MTW120to160 FedorID:83 0 9.824e-05 0 0 0 0 0 0 0 
scan  145 0 L3Tau0DY0SSOFHMET150to200MTWgt160 FedorID:88 0 9.824e-05 0 0 0 0 0 0 0 
scan  145 0 L3Tau0DY0SSOFHMETgt200MTW0to120 FedorID:79 0 9.824e-05 0 0 0 0 0 0 0 
scan  145 0 L3Tau0DY0SSOFHMETgt200MTW120to160 FedorID:84 0 9.824e-05 0 0 0 0 0 0 0 
scan  145 0 L3Tau0DY0SSOFHMETgt200MTWgt160 FedorID:89 0 9.824e-05 0 0 0 0 0 0 0 
scan  145 0 L3Tau0DY0SSMET0to50MTW0to120 FedorID:45 1.77737e-05 5.09306e-05 1.25689e-05 -4.75085e-07 -4.43961e-06 0 0 -1.79961e-06 0 
scan  145 0 L3Tau0DY0SSMET0to50MTW120to160 FedorID:50 0 9.824e-05 0 0 0 0 0 0 0 
scan  145 0 L3Tau0DY0SSMET0to50MTWgt160 FedorID:55 0 9.824e-05 0 0 0 0 0 0 0 
scan  145 0 L3Tau0DY0SSMET50to100MTW0to120 FedorID:46 0 9.82565e-05 0 0 0 0 0 1.79961e-06 0 
scan  145 0 L3Tau0DY0SSMET50to100MTW120to160 FedorID:51 0 9.824e-05 0 0 0 0 0 0 0 
scan  145 0 L3Tau0DY0SSMET50to100MTWgt160 FedorID:56 0 9.824e-05 0 0 0 0 0 0 0 
scan  145 0 L3Tau0DY0SSMET100to150MTW0to120 FedorID:47 0 9.824e-05 0 0 0 0 0 0 0 
scan  145 0 L3Tau0DY0SSMET100to150MTW120to160 FedorID:52 0 9.824e-05 0 0 0 0 0 0 0 
scan  145 0 L3Tau0DY0SSMET100to150MTWgt160 FedorID:57 0 9.824e-05 0 0 0 0 0 0 0 
scan  145 0 L3Tau0DY0SSMET150to200MTW0to120 FedorID:48 0 9.824e-05 0 0 0 0 0 0 0 
scan  145 0 L3Tau0DY0SSMET150to200MTW120to160 FedorID:53 0 9.824e-05 0 0 0 0 0 0 0 
scan  145 0 L3Tau0DY0SSMET150to200MTWgt160 FedorID:58 0 9.824e-05 0 0 0 0 0 0 0 
scan  145 0 L3Tau0DY0SSMETgt200MTW0to120 FedorID:49 0 9.824e-05 0 0 0 0 0 0 0 
scan  145 0 L3Tau0DY0SSMETgt200MTW120to160 FedorID:54 0 9.824e-05 0 0 0 0 0 0 0 
scan  145 0 L3Tau0DY0SSMETgt200MTWgt160 FedorID:59 0 9.824e-05 0 0 0 0 0 0 0 
scan  145 0 L3Tau1DY1ZVZHMET0to50MTW0to120 FedorID:-999 7.33136e-05 0.000104417 7.33136e-05 0 -6.75052e-06 -7.33136e-06 0 0 0 
scan  145 0 L3Tau1DY1ZVZHMET0to50MTW120to160 FedorID:-999 0 9.824e-05 0 0 0 0 0 0 0 
scan  145 0 L3Tau1DY1ZVZHMET0to50MTWgt160 FedorID:-999 0 9.824e-05 0 0 0 0 0 0 0 
scan  145 0 L3Tau1DY1ZVZHMET50to100MTW0to120 FedorID:-999 2.33871e-06 7.37175e-05 2.33871e-06 -7.38938e-08 0 -2.33871e-07 0 0 0 
scan  145 0 L3Tau1DY1ZVZHMET50to100MTW120to160 FedorID:-999 0 9.824e-05 0 0 0 0 0 0 0 
scan  145 0 L3Tau1DY1ZVZHMET50to100MTWgt160 FedorID:-999 0 9.824e-05 0 0 0 0 0 0 0 
scan  145 0 L3Tau1DY1ZVZHMET100to150MTW0to120 FedorID:-999 0 9.824e-05 0 0 0 0 0 0 0 
scan  145 0 L3Tau1DY1ZVZHMET100to150MTW120to160 FedorID:-999 0 9.824e-05 0 0 0 0 0 0 0 
scan  145 0 L3Tau1DY1ZVZHMET100to150MTWgt160 FedorID:-999 0 9.824e-05 0 0 0 0 0 0 0 
scan  145 0 L3Tau1DY1ZVZHMET150to200MTW0to120 FedorID:-999 0 9.824e-05 0 0 0 0 0 0 0 
scan  145 0 L3Tau1DY1ZVZHMET150to200MTW120to160 FedorID:-999 0 9.824e-05 0 0 0 0 0 0 0 
scan  145 0 L3Tau1DY1ZVZHMET150to200MTWgt160 FedorID:-999 0 9.824e-05 0 0 0 0 0 0 0 
scan  145 0 L3Tau1DY1ZVZHMETgt200MTW0to120 FedorID:-999 1.93962e-06 7.37062e-05 1.93962e-06 0 -2.4904e-07 -1.93962e-07 0 0 0 
scan  145 0 L3Tau1DY1ZVZHMETgt200MTW120to160 FedorID:-999 0 9.824e-05 0 0 0 0 0 0 0 
scan  145 0 L3Tau1DY1ZVZHMETgt200MTWgt160 FedorID:-999 0 9.824e-05 0 0 0 0 0 0 0 
scan  145 0 L3Tau1DY1ZVZLMET0to50MTW0to120 FedorID:-999 0.000146073 0.00015586 9.18443e-05 -4.37177e-06 -9.32121e-06 -1.46073e-05 0 -0.000114564 0 
scan  145 0 L3Tau1DY1ZVZLMET0to50MTW120to160 FedorID:-999 0 9.824e-05 0 0 0 0 0 0 0 
scan  145 0 L3Tau1DY1ZVZLMET0to50MTWgt160 FedorID:-999 0 9.824e-05 0 0 0 0 0 0 0 
scan  145 0 L3Tau1DY1ZVZLMET50to100MTW0to120 FedorID:-999 6.10954e-05 0.000129584 4.21273e-05 -1.54483e-06 0 -6.10954e-06 0 0.000111974 0 
scan  145 0 L3Tau1DY1ZVZLMET50to100MTW120to160 FedorID:-999 0 9.824e-05 0 0 0 0 0 0 0 
scan  145 0 L3Tau1DY1ZVZLMET50to100MTWgt160 FedorID:-999 0 9.824e-05 0 0 0 0 0 0 0 
scan  145 0 L3Tau1DY1ZVZLMET100to150MTW0to120 FedorID:-999 2.53668e-06 7.37246e-05 2.53668e-06 0 -2.76288e-07 -2.53668e-07 0 3.40839e-22 0 
scan  145 0 L3Tau1DY1ZVZLMET100to150MTW120to160 FedorID:-999 0 9.824e-05 0 0 0 0 0 0 0 
scan  145 0 L3Tau1DY1ZVZLMET100to150MTWgt160 FedorID:-999 0 9.824e-05 0 0 0 0 0 0 0 
scan  145 0 L3Tau1DY1ZVZLMET150to200MTW0to120 FedorID:-999 0 9.824e-05 0 0 0 0 0 0 0 
scan  145 0 L3Tau1DY1ZVZLMET150to200MTW120to160 FedorID:-999 0 9.824e-05 0 0 0 0 0 0 0 
scan  145 0 L3Tau1DY1ZVZLMET150to200MTWgt160 FedorID:-999 0 9.824e-05 0 0 0 0 0 0 0 
scan  145 0 L3Tau1DY1ZVZLMETgt200MTW0to120 FedorID:-999 0 9.824e-05 0 0 0 0 0 0 0 
scan  145 0 L3Tau1DY1ZVZLMETgt200MTW120to160 FedorID:-999 0 9.824e-05 0 0 0 0 0 0 0 
scan  145 0 L3Tau1DY1ZVZLMETgt200MTWgt160 FedorID:-999 0 9.824e-05 0 0 0 0 0 0 0 
scan  145 0 L3Tau1DY1MET0to50MTW0to120 FedorID:-999 0.0018347 0.000519783 0.000397313 -2.41615e-05 -0.000174239 -0.00018347 0 -0.000217008 0 
scan  145 0 L3Tau1DY1MET0to50MTW120to160 FedorID:-999 4.99474e-06 7.38524e-05 3.53444e-06 0 -5.82359e-07 -4.99474e-07 0 -3.51557e-06 0 
scan  145 0 L3Tau1DY1MET0to50MTWgt160 FedorID:-999 0 9.82596e-05 0 0 0 0 0 1.95941e-06 0 
scan  145 0 L3Tau1DY1MET50to100MTW0to120 FedorID:-999 0.00209405 0.000567905 0.000376457 -3.08798e-05 -0.000151305 -0.000209405 0 -0.000336264 0 
scan  145 0 L3Tau1DY1MET50to100MTW120to160 FedorID:-999 0.000218184 0.000134884 0.000122033 -3.33914e-06 -1.55982e-05 -2.18184e-05 0 -1.25865e-05 0 
scan  145 0 L3Tau1DY1MET50to100MTWgt160 FedorID:-999 0 9.82523e-05 0 0 0 0 0 1.55616e-06 0 
scan  145 0 L3Tau1DY1MET100to150MTW0to120 FedorID:-999 0.000207796 0.000359511 0.000113464 -8.01834e-07 -1.63161e-05 -2.07796e-05 0 0.000339223 0 
scan  145 0 L3Tau1DY1MET100to150MTW120to160 FedorID:-999 0 9.82576e-05 0 0 0 0 0 1.85864e-06 0 
scan  145 0 L3Tau1DY1MET100to150MTWgt160 FedorID:-999 0 9.824e-05 0 0 0 0 0 0 0 
scan  145 0 L3Tau1DY1MET150to200MTW0to120 FedorID:-999 0.000154693 0.000239385 0.000137942 -1.98794e-07 -2.22703e-05 -1.54693e-05 0 -0.000192194 0 
scan  145 0 L3Tau1DY1MET150to200MTW120to160 FedorID:-999 0 9.824e-05 0 0 0 0 0 0 0 
scan  145 0 L3Tau1DY1MET150to200MTWgt160 FedorID:-999 0 9.824e-05 0 0 0 0 0 0 0 
scan  145 0 L3Tau1DY1METgt200MTW0to120 FedorID:-999 7.48081e-05 0.00017527 7.48081e-05 0 -9.02081e-07 -7.48081e-06 0 0.000140135 0 
scan  145 0 L3Tau1DY1METgt200MTW120to160 FedorID:-999 0 9.824e-05 0 0 0 0 0 0 0 
scan  145 0 L3Tau1DY1METgt200MTWgt160 FedorID:-999 0 9.824e-05 0 0 0 0 0 0 0 
scan  145 0 L3Tau1DY0OFHMET0to50MTW0to120 FedorID:165 0 4.912e-05 0 0 0 0 0 0 0 
scan  145 0 L3Tau1DY0OFHMET0to50MTW120to160 FedorID:170 0 4.912e-05 0 0 0 0 0 0 0 
scan  145 0 L3Tau1DY0OFHMET0to50MTWgt160 FedorID:175 0 4.912e-05 0 0 0 0 0 0 0 
scan  145 0 L3Tau1DY0OFHMET50to100MTW0to120 FedorID:166 0 4.912e-05 0 0 0 0 0 0 0 
scan  145 0 L3Tau1DY0OFHMET50to100MTW120to160 FedorID:171 0 4.912e-05 0 0 0 0 0 0 0 
scan  145 0 L3Tau1DY0OFHMET50to100MTWgt160 FedorID:176 0 4.912e-05 0 0 0 0 0 0 0 
scan  145 0 L3Tau1DY0OFHMET100to150MTW0to120 FedorID:167 0 4.912e-05 0 0 0 0 0 0 0 
scan  145 0 L3Tau1DY0OFHMET100to150MTW120to160 FedorID:172 0 4.912e-05 0 0 0 0 0 0 0 
scan  145 0 L3Tau1DY0OFHMET100to150MTWgt160 FedorID:177 0 4.912e-05 0 0 0 0 0 0 0 
scan  145 0 L3Tau1DY0OFHMET150to200MTW0to120 FedorID:168 0 4.912e-05 0 0 0 0 0 0 0 
scan  145 0 L3Tau1DY0OFHMET150to200MTW120to160 FedorID:173 0 4.912e-05 0 0 0 0 0 0 0 
scan  145 0 L3Tau1DY0OFHMET150to200MTWgt160 FedorID:178 0 4.912e-05 0 0 0 0 0 0 0 
scan  145 0 L3Tau1DY0OFHMETgt200MTW0to120 FedorID:169 0 4.912e-05 0 0 0 0 0 0 0 
scan  145 0 L3Tau1DY0OFHMETgt200MTW120to160 FedorID:174 0 4.912e-05 0 0 0 0 0 0 0 
scan  145 0 L3Tau1DY0OFHMETgt200MTWgt160 FedorID:179 0 4.912e-05 0 0 0 0 0 0 0 
scan  145 0 L3Tau1DY0MET0to50MTW0to120 FedorID:135 0.000174695 0.000138584 0.000134798 -2.08924e-06 -1.06626e-05 -1.74695e-05 0 -2.94014e-06 0 
scan  145 0 L3Tau1DY0MET0to50MTW120to160 FedorID:140 0 4.912e-05 0 0 0 0 0 0 0 
scan  145 0 L3Tau1DY0MET0to50MTWgt160 FedorID:145 0 4.912e-05 0 0 0 0 0 0 0 
scan  145 0 L3Tau1DY0MET50to100MTW0to120 FedorID:136 0.000320702 0.000224882 0.000212133 -3.42382e-06 -6.26458e-05 -3.20702e-05 0 1.56716e-06 0 
scan  145 0 L3Tau1DY0MET50to100MTW120to160 FedorID:141 8.49909e-06 2.60059e-05 8.49909e-06 -2.83757e-07 -2.71521e-07 -8.49909e-07 0 0 0 
scan  145 0 L3Tau1DY0MET50to100MTWgt160 FedorID:146 0 4.912e-05 0 0 0 0 0 0 0 
scan  145 0 L3Tau1DY0MET100to150MTW0to120 FedorID:137 0 4.91392e-05 0 0 0 0 0 1.37297e-06 0 
scan  145 0 L3Tau1DY0MET100to150MTW120to160 FedorID:142 0 4.912e-05 0 0 0 0 0 0 0 
scan  145 0 L3Tau1DY0MET100to150MTWgt160 FedorID:147 0 4.912e-05 0 0 0 0 0 0 0 
scan  145 0 L3Tau1DY0MET150to200MTW0to120 FedorID:138 0 4.912e-05 0 0 0 0 0 0 0 
scan  145 0 L3Tau1DY0MET150to200MTW120to160 FedorID:143 0 4.912e-05 0 0 0 0 0 0 0 
scan  145 0 L3Tau1DY0MET150to200MTWgt160 FedorID:148 0 4.912e-05 0 0 0 0 0 0 0 
scan  145 0 L3Tau1DY0METgt200MTW0to120 FedorID:139 0 4.912e-05 0 0 0 0 0 0 0 
scan  145 0 L3Tau1DY0METgt200MTW120to160 FedorID:144 0 4.912e-05 0 0 0 0 0 0 0 
scan  145 0 L3Tau1DY0METgt200MTWgt160 FedorID:149 0 4.912e-05 0 0 0 0 0 0 0 
scan  145 0 L3Tau1DY0SSOFHMET0to50MTW0to120 FedorID:120 0 0.00014736 0 0 0 0 0 0 0 
scan  145 0 L3Tau1DY0SSOFHMET0to50MTW120to160 FedorID:125 0 0.00014736 0 0 0 0 0 0 0 
scan  145 0 L3Tau1DY0SSOFHMET0to50MTWgt160 FedorID:130 0 0.00014736 0 0 0 0 0 0 0 
scan  145 0 L3Tau1DY0SSOFHMET50to100MTW0to120 FedorID:121 0 0.00014736 0 0 0 0 0 0 0 
scan  145 0 L3Tau1DY0SSOFHMET50to100MTW120to160 FedorID:126 0 0.00014736 0 0 0 0 0 0 0 
scan  145 0 L3Tau1DY0SSOFHMET50to100MTWgt160 FedorID:131 0 0.00014736 0 0 0 0 0 0 0 
scan  145 0 L3Tau1DY0SSOFHMET100to150MTW0to120 FedorID:122 0 0.00014736 0 0 0 0 0 0 0 
scan  145 0 L3Tau1DY0SSOFHMET100to150MTW120to160 FedorID:127 0 0.00014736 0 0 0 0 0 0 0 
scan  145 0 L3Tau1DY0SSOFHMET100to150MTWgt160 FedorID:132 0 0.00014736 0 0 0 0 0 0 0 
scan  145 0 L3Tau1DY0SSOFHMET150to200MTW0to120 FedorID:123 0 0.00014736 0 0 0 0 0 0 0 
scan  145 0 L3Tau1DY0SSOFHMET150to200MTW120to160 FedorID:128 0 0.00014736 0 0 0 0 0 0 0 
scan  145 0 L3Tau1DY0SSOFHMET150to200MTWgt160 FedorID:133 0 0.00014736 0 0 0 0 0 0 0 
scan  145 0 L3Tau1DY0SSOFHMETgt200MTW0to120 FedorID:124 0 0.00014736 0 0 0 0 0 0 0 
scan  145 0 L3Tau1DY0SSOFHMETgt200MTW120to160 FedorID:129 0 0.00014736 0 0 0 0 0 0 0 
scan  145 0 L3Tau1DY0SSOFHMETgt200MTWgt160 FedorID:134 0 0.00014736 0 0 0 0 0 0 0 
scan  145 0 L3Tau1DY0SSMET0to50MTW0to120 FedorID:90 6.47082e-05 8.30974e-05 3.64983e-05 -1.12779e-06 -7.53587e-06 -6.47082e-06 0 -6.66129e-06 0 
scan  145 0 L3Tau1DY0SSMET0to50MTW120to160 FedorID:95 0 0.00014736 0 0 0 0 0 0 0 
scan  145 0 L3Tau1DY0SSMET0to50MTWgt160 FedorID:100 0 0.00014736 0 0 0 0 0 0 0 
scan  145 0 L3Tau1DY0SSMET50to100MTW0to120 FedorID:91 2.07858e-05 0.000124745 2.07858e-05 -9.13128e-07 -1.26639e-07 -2.07858e-06 0 6.66129e-06 0 
scan  145 0 L3Tau1DY0SSMET50to100MTW120to160 FedorID:96 0 0.00014736 0 0 0 0 0 0 0 
scan  145 0 L3Tau1DY0SSMET50to100MTWgt160 FedorID:101 2.63379e-05 0.00012716 2.63379e-05 -1.43926e-06 0 -2.63379e-06 0 -1.96742e-05 0 
scan  145 0 L3Tau1DY0SSMET100to150MTW0to120 FedorID:92 0 0.00014736 0 0 0 0 0 0 0 
scan  145 0 L3Tau1DY0SSMET100to150MTW120to160 FedorID:97 0 0.00014736 0 0 0 0 0 0 0 
scan  145 0 L3Tau1DY0SSMET100to150MTWgt160 FedorID:102 3.75825e-05 0.00010506 3.13879e-05 -3.95836e-07 -2.01639e-07 -3.75825e-06 0 1.96742e-05 0 
scan  145 0 L3Tau1DY0SSMET150to200MTW0to120 FedorID:93 0 0.00014736 0 0 0 0 0 0 0 
scan  145 0 L3Tau1DY0SSMET150to200MTW120to160 FedorID:98 0 0.00014736 0 0 0 0 0 0 0 
scan  145 0 L3Tau1DY0SSMET150to200MTWgt160 FedorID:103 0 0.00014736 0 0 0 0 0 0 0 
scan  145 0 L3Tau1DY0SSMETgt200MTW0to120 FedorID:94 0 0.00014736 0 0 0 0 0 0 0 
scan  145 0 L3Tau1DY0SSMETgt200MTW120to160 FedorID:99 0 0.00014736 0 0 0 0 0 0 0 
scan  145 0 L3Tau1DY0SSMETgt200MTWgt160 FedorID:104 0 0.00014736 0 0 0 0 0 0 0 
