xsec 225 0 0.726853
scan  225 0 L4Tau0DY2ZVMET0to30 FedorID:-999 0 2.95537e-05 0 0 0 0 0 0 0 
scan  225 0 L4Tau0DY2ZVMET30to50 FedorID:-999 0 2.95537e-05 0 0 0 0 0 0 0 
scan  225 0 L4Tau0DY2ZVMET50to100 FedorID:-999 0 2.95537e-05 0 0 0 0 0 0 0 
scan  225 0 L4Tau0DY2ZVMETgt100 FedorID:-999 4.26483e-07 2.4632e-05 4.26483e-07 -2.38623e-08 -9.35204e-08 0 0 6.83566e-23 0 
scan  225 0 L4Tau0DY2MET0to30 FedorID:-999 2.98509e-05 2.16244e-05 1.37849e-05 -5.88649e-07 -1.44708e-06 0 0 7.53636e-06 0 
scan  225 0 L4Tau0DY2MET30to50 FedorID:-999 2.10528e-05 1.94647e-05 7.86551e-06 -4.21099e-07 -4.44409e-06 0 0 8.87267e-06 0 
scan  225 0 L4Tau0DY2MET50to100 FedorID:-999 0.000420229 0.000107414 9.26113e-05 -8.93437e-06 -5.17958e-05 -2.07392e-06 0 -1.3929e-05 0 
scan  225 0 L4Tau0DY2METgt100 FedorID:-999 0.000693027 0.000142689 9.9529e-05 -1.68875e-05 -0.000100688 -6.31087e-07 0 -2.47901e-06 0 
scan  225 0 L4Tau0DY1ZVMET0to30 FedorID:-999 0 4.92562e-05 0 0 0 0 0 0 0 
scan  225 0 L4Tau0DY1ZVMET30to50 FedorID:-999 0 4.92562e-05 0 0 0 0 0 0 0 
scan  225 0 L4Tau0DY1ZVMET50to100 FedorID:-999 0 4.92562e-05 0 0 0 0 0 0 0 
scan  225 0 L4Tau0DY1ZVMETgt100 FedorID:-999 0 4.92562e-05 0 0 0 0 0 0 0 
scan  225 0 L4Tau0DY1MET0to30 FedorID:-999 0 4.92979e-05 0 0 0 0 0 2.02948e-06 0 
scan  225 0 L4Tau0DY1MET30to50 FedorID:-999 1.01474e-05 4.55875e-05 1.01474e-05 -1.19784e-07 -2.43331e-06 0 0 -2.02948e-06 0 
scan  225 0 L4Tau0DY1MET50to100 FedorID:-999 0 4.92562e-05 0 0 0 0 0 0 0 
scan  225 0 L4Tau0DY1METgt100 FedorID:-999 1.90747e-05 4.10016e-05 1.11448e-05 -7.88069e-07 -1.88605e-06 0 0 6.83566e-23 0 
scan  225 0 L4Tau0DY0MET0to30 FedorID:-999 0 4.92562e-05 0 0 0 0 0 0 0 
scan  225 0 L4Tau0DY0MET30to50 FedorID:-999 0 4.92562e-05 0 0 0 0 0 0 0 
scan  225 0 L4Tau0DY0MET50to100 FedorID:-999 0 4.92562e-05 0 0 0 0 0 0 0 
scan  225 0 L4Tau0DY0METgt100 FedorID:-999 0 4.92562e-05 0 0 0 0 0 0 0 
scan  225 0 L4Tau1DY1ZVMET0to30 FedorID:-999 0 3.94049e-05 0 0 0 0 0 0 0 
scan  225 0 L4Tau1DY1ZVMET30to50 FedorID:-999 5.08882e-07 3.44855e-05 5.08882e-07 -5.91736e-09 -3.87976e-08 -5.08882e-08 0 -4.07106e-07 0 
scan  225 0 L4Tau1DY1ZVMET50to100 FedorID:-999 5.58319e-06 3.4936e-05 5.58319e-06 -2.24988e-07 -2.99291e-08 -5.58319e-07 0 4.07106e-07 0 
scan  225 0 L4Tau1DY1ZVMETgt100 FedorID:-999 0 3.94049e-05 0 0 0 0 0 0 0 
scan  225 0 L4Tau1DY1MET0to30 FedorID:-999 6.45558e-06 3.56583e-05 6.45558e-06 -1.3549e-07 -1.15421e-06 -6.45558e-07 0 -6.26498e-06 0 
scan  225 0 L4Tau1DY1MET30to50 FedorID:-999 4.82276e-07 3.50479e-05 4.82276e-07 -9.36684e-09 -1.04691e-07 -4.82276e-08 0 6.26813e-06 0 
scan  225 0 L4Tau1DY1MET50to100 FedorID:-999 6.21862e-05 5.55687e-05 4.65825e-05 -8.39656e-07 -2.22294e-06 -6.21862e-06 0 4.68808e-07 0 
scan  225 0 L4Tau1DY1METgt100 FedorID:-999 6.20465e-05 3.90594e-05 3.21073e-05 -2.31369e-06 -7.91963e-06 -6.20465e-06 0 4.37483e-21 0 
scan  225 0 L4Tau1DY0MET0to30 FedorID:-999 0 3.94049e-05 0 0 0 0 0 0 0 
scan  225 0 L4Tau1DY0MET30to50 FedorID:-999 0 3.94049e-05 0 0 0 0 0 0 0 
scan  225 0 L4Tau1DY0MET50to100 FedorID:-999 0 3.94049e-05 0 0 0 0 0 0 0 
scan  225 0 L4Tau1DY0METgt100 FedorID:-999 0 3.94049e-05 0 0 0 0 0 0 0 
scan  225 0 L3Tau0DY1ZVZHMET0to50MTW0to120 FedorID:30 9.69445e-07 3.48281e-05 6.85501e-07 -3.11339e-08 0 0 0 4.86864e-06 0 
scan  225 0 L3Tau0DY1ZVZHMET0to50MTW120to160 FedorID:35 0 3.94049e-05 0 0 0 0 0 0 0 
scan  225 0 L3Tau0DY1ZVZHMET0to50MTWgt160 FedorID:40 0 3.94395e-05 0 0 0 0 0 1.65014e-06 0 
scan  225 0 L3Tau0DY1ZVZHMET50to100MTW0to120 FedorID:31 2.48256e-05 4.24866e-05 2.4348e-05 -8.49296e-07 0 0 0 -4.76924e-06 0 
scan  225 0 L3Tau0DY1ZVZHMET50to100MTW120to160 FedorID:36 8.25069e-06 3.64039e-05 8.25069e-06 0 -5.24483e-07 0 0 -8.25069e-06 0 
scan  225 0 L3Tau0DY1ZVZHMET50to100MTWgt160 FedorID:41 0 3.99539e-05 0 0 0 0 0 6.60056e-06 0 
scan  225 0 L3Tau0DY1ZVZHMET100to150MTW0to120 FedorID:32 0 3.94051e-05 0 0 0 0 0 9.94024e-08 0 
scan  225 0 L3Tau0DY1ZVZHMET100to150MTW120to160 FedorID:37 4.97012e-07 3.44836e-05 4.97012e-07 -5.1891e-09 -8.48526e-08 0 0 -1.98805e-07 0 
scan  225 0 L3Tau0DY1ZVZHMET100to150MTWgt160 FedorID:42 0 3.94903e-05 0 0 0 0 0 2.59573e-06 0 
scan  225 0 L3Tau0DY1ZVZHMET150to200MTW0to120 FedorID:33 0 3.94049e-05 0 0 0 0 0 0 0 
scan  225 0 L3Tau0DY1ZVZHMET150to200MTW120to160 FedorID:38 4.69226e-07 3.44826e-05 4.69226e-07 -1.14008e-08 -9.52271e-08 0 0 0 0 
scan  225 0 L3Tau0DY1ZVZHMET150to200MTWgt160 FedorID:43 4.32622e-06 3.48468e-05 4.32622e-06 -1.39207e-07 0 0 0 -2.59573e-06 0 
scan  225 0 L3Tau0DY1ZVZHMETgt200MTW0to120 FedorID:34 4.99603e-07 3.4483e-05 4.99603e-07 -5.2156e-09 -8.02212e-08 0 0 6.83566e-23 0 
scan  225 0 L3Tau0DY1ZVZHMETgt200MTW120to160 FedorID:39 0 3.94049e-05 0 0 0 0 0 0 0 
scan  225 0 L3Tau0DY1ZVZHMETgt200MTWgt160 FedorID:44 0 3.94049e-05 0 0 0 0 0 0 0 
scan  225 0 L3Tau0DY1ZVZLMET0to50MTW0to120 FedorID:0 1.63705e-05 3.89117e-05 1.63705e-05 -1.09842e-06 0 0 0 7.48998e-06 0 
scan  225 0 L3Tau0DY1ZVZLMET0to50MTW120to160 FedorID:5 0 3.94049e-05 0 0 0 0 0 0 0 
scan  225 0 L3Tau0DY1ZVZLMET0to50MTWgt160 FedorID:10 0 3.94049e-05 0 0 0 0 0 0 0 
scan  225 0 L3Tau0DY1ZVZLMET50to100MTW0to120 FedorID:1 2.28604e-05 2.56377e-05 1.38496e-05 -4.37248e-07 -4.58262e-06 0 0 -7.48998e-06 0 
scan  225 0 L3Tau0DY1ZVZLMET50to100MTW120to160 FedorID:6 1.46163e-05 3.27883e-05 1.41395e-05 -3.64448e-07 -2.92937e-07 0 0 1.2269e-06 0 
scan  225 0 L3Tau0DY1ZVZLMET50to100MTWgt160 FedorID:11 3.30978e-06 3.46742e-05 3.30978e-06 0 -8.75669e-07 0 0 -1.32391e-06 0 
scan  225 0 L3Tau0DY1ZVZLMET100to150MTW0to120 FedorID:2 1.2816e-05 3.1412e-05 1.05132e-05 -2.13583e-07 -1.64919e-06 0 0 0 0 
scan  225 0 L3Tau0DY1ZVZLMET100to150MTW120to160 FedorID:7 0 3.9405e-05 0 0 0 0 0 9.7009e-08 0 
scan  225 0 L3Tau0DY1ZVZLMET100to150MTWgt160 FedorID:12 4.63767e-07 3.44836e-05 4.63767e-07 -2.08871e-08 -2.48574e-09 0 0 -2.7826e-07 0 
scan  225 0 L3Tau0DY1ZVZLMET150to200MTW0to120 FedorID:3 7.76601e-06 3.07191e-05 6.07616e-06 -1.20094e-07 -7.50416e-07 0 0 -5.72207e-06 0 
scan  225 0 L3Tau0DY1ZVZLMET150to200MTW120to160 FedorID:8 0 3.94049e-05 0 0 0 0 0 0 0 
scan  225 0 L3Tau0DY1ZVZLMET150to200MTWgt160 FedorID:13 1.54309e-05 3.2872e-05 1.36273e-05 -1.83735e-07 -3.87433e-06 0 0 -2.52967e-06 0 
scan  225 0 L3Tau0DY1ZVZLMETgt200MTW0to120 FedorID:4 2.49528e-06 3.50857e-05 2.49528e-06 -5.57429e-08 -1.33752e-08 0 0 5.99627e-06 0 
scan  225 0 L3Tau0DY1ZVZLMETgt200MTW120to160 FedorID:9 4.48137e-06 3.48225e-05 4.48137e-06 -1.47939e-07 -6.83876e-07 0 0 -1.79255e-06 0 
scan  225 0 L3Tau0DY1ZVZLMETgt200MTWgt160 FedorID:14 4.97537e-07 3.45971e-05 4.97537e-07 -5.19402e-09 -7.45332e-08 0 0 2.80793e-06 0 
scan  225 0 L3Tau0DY1MET0to50MTW0to120 FedorID:15 0.000220327 5.81033e-05 4.12014e-05 -5.48053e-06 -2.36659e-05 0 0 -2.94953e-05 0 
scan  225 0 L3Tau0DY1MET0to50MTW120to160 FedorID:20 1.20784e-05 3.04659e-05 7.2985e-06 -9.76438e-08 -1.17735e-06 0 0 -2.95498e-07 0 
scan  225 0 L3Tau0DY1MET0to50MTWgt160 FedorID:25 0 3.94109e-05 0 0 0 0 0 6.87468e-07 0 
scan  225 0 L3Tau0DY1MET50to100MTW0to120 FedorID:16 0.00034147 8.13054e-05 6.98198e-05 -8.23715e-06 -3.90055e-05 0 0 1.09157e-05 0 
scan  225 0 L3Tau0DY1MET50to100MTW120to160 FedorID:21 9.89271e-05 4.29114e-05 3.06192e-05 -1.75423e-06 -1.11598e-05 0 0 1.9699e-05 0 
scan  225 0 L3Tau0DY1MET50to100MTWgt160 FedorID:26 6.3211e-05 4.36824e-05 3.74999e-05 -1.65916e-06 -2.0403e-06 0 0 1.03349e-05 0 
scan  225 0 L3Tau0DY1MET100to150MTW0to120 FedorID:17 0.000347258 9.46088e-05 8.09399e-05 -8.01818e-06 -4.63591e-05 0 0 -1.24795e-05 0 
scan  225 0 L3Tau0DY1MET100to150MTW120to160 FedorID:22 0.000125 6.16398e-05 4.94892e-05 -1.53614e-06 -2.19228e-05 0 0 -2.77537e-05 0 
scan  225 0 L3Tau0DY1MET100to150MTWgt160 FedorID:27 0.000104236 3.93175e-05 3.16802e-05 -1.59953e-06 -6.93228e-06 0 0 1.65306e-05 0 
scan  225 0 L3Tau0DY1MET150to200MTW0to120 FedorID:18 6.22088e-05 3.10993e-05 2.01884e-05 -1.69076e-06 -7.24169e-06 0 0 1.69097e-05 0 
scan  225 0 L3Tau0DY1MET150to200MTW120to160 FedorID:23 2.04764e-05 1.35409e-05 8.97262e-06 -3.59557e-07 -2.30192e-06 0 0 -6.10972e-07 0 
scan  225 0 L3Tau0DY1MET150to200MTWgt160 FedorID:28 0.000105598 5.03195e-05 4.17707e-05 -9.78292e-07 -1.12965e-05 0 0 -2.09841e-05 0 
scan  225 0 L3Tau0DY1METgt200MTW0to120 FedorID:19 4.58336e-05 2.21693e-05 1.59912e-05 -1.07022e-06 -4.71291e-06 0 0 -1.07403e-05 0 
scan  225 0 L3Tau0DY1METgt200MTW120to160 FedorID:24 1.0558e-05 3.06299e-05 7.54915e-06 -8.69897e-08 -1.36957e-06 0 0 -2.42832e-06 0 
scan  225 0 L3Tau0DY1METgt200MTWgt160 FedorID:29 1.08543e-05 3.56543e-05 7.73624e-06 -6.94163e-08 -1.90045e-06 0 0 2.45199e-05 0 
scan  225 0 L3Tau0DY0SSOFHMET0to50MTW0to120 FedorID:75 0 1.97025e-05 0 0 0 0 0 0 0 
scan  225 0 L3Tau0DY0SSOFHMET0to50MTW120to160 FedorID:80 0 1.97025e-05 0 0 0 0 0 0 0 
scan  225 0 L3Tau0DY0SSOFHMET0to50MTWgt160 FedorID:85 0 1.97025e-05 0 0 0 0 0 0 0 
scan  225 0 L3Tau0DY0SSOFHMET50to100MTW0to120 FedorID:76 0 1.97025e-05 0 0 0 0 0 0 0 
scan  225 0 L3Tau0DY0SSOFHMET50to100MTW120to160 FedorID:81 0 1.97025e-05 0 0 0 0 0 0 0 
scan  225 0 L3Tau0DY0SSOFHMET50to100MTWgt160 FedorID:86 0 1.97025e-05 0 0 0 0 0 0 0 
scan  225 0 L3Tau0DY0SSOFHMET100to150MTW0to120 FedorID:77 0 1.97025e-05 0 0 0 0 0 0 0 
scan  225 0 L3Tau0DY0SSOFHMET100to150MTW120to160 FedorID:82 0 1.97025e-05 0 0 0 0 0 0 0 
scan  225 0 L3Tau0DY0SSOFHMET100to150MTWgt160 FedorID:87 0 1.97025e-05 0 0 0 0 0 0 0 
scan  225 0 L3Tau0DY0SSOFHMET150to200MTW0to120 FedorID:78 0 1.97025e-05 0 0 0 0 0 0 0 
scan  225 0 L3Tau0DY0SSOFHMET150to200MTW120to160 FedorID:83 0 1.97025e-05 0 0 0 0 0 0 0 
scan  225 0 L3Tau0DY0SSOFHMET150to200MTWgt160 FedorID:88 0 1.97025e-05 0 0 0 0 0 0 0 
scan  225 0 L3Tau0DY0SSOFHMETgt200MTW0to120 FedorID:79 0 1.97025e-05 0 0 0 0 0 0 0 
scan  225 0 L3Tau0DY0SSOFHMETgt200MTW120to160 FedorID:84 0 1.97025e-05 0 0 0 0 0 0 0 
scan  225 0 L3Tau0DY0SSOFHMETgt200MTWgt160 FedorID:89 0 1.97025e-05 0 0 0 0 0 0 0 
scan  225 0 L3Tau0DY0SSMET0to50MTW0to120 FedorID:45 0 1.97025e-05 0 0 0 0 0 0 0 
scan  225 0 L3Tau0DY0SSMET0to50MTW120to160 FedorID:50 0 1.97025e-05 0 0 0 0 0 0 0 
scan  225 0 L3Tau0DY0SSMET0to50MTWgt160 FedorID:55 0 1.97025e-05 0 0 0 0 0 0 0 
scan  225 0 L3Tau0DY0SSMET50to100MTW0to120 FedorID:46 4.07435e-07 1.47825e-05 4.07435e-07 -2.99145e-08 -4.07942e-08 0 0 0 0 
scan  225 0 L3Tau0DY0SSMET50to100MTW120to160 FedorID:51 0 1.97025e-05 0 0 0 0 0 0 0 
scan  225 0 L3Tau0DY0SSMET50to100MTWgt160 FedorID:56 0 1.97025e-05 0 0 0 0 0 0 0 
scan  225 0 L3Tau0DY0SSMET100to150MTW0to120 FedorID:47 0 1.97025e-05 0 0 0 0 0 0 0 
scan  225 0 L3Tau0DY0SSMET100to150MTW120to160 FedorID:52 0 1.97025e-05 0 0 0 0 0 0 0 
scan  225 0 L3Tau0DY0SSMET100to150MTWgt160 FedorID:57 0 1.97025e-05 0 0 0 0 0 0 0 
scan  225 0 L3Tau0DY0SSMET150to200MTW0to120 FedorID:48 4.16294e-07 1.4783e-05 4.16294e-07 -1.36703e-08 -8.49322e-08 0 0 0 0 
scan  225 0 L3Tau0DY0SSMET150to200MTW120to160 FedorID:53 0 1.97025e-05 0 0 0 0 0 0 0 
scan  225 0 L3Tau0DY0SSMET150to200MTWgt160 FedorID:58 0 1.97025e-05 0 0 0 0 0 0 0 
scan  225 0 L3Tau0DY0SSMETgt200MTW0to120 FedorID:49 0 1.97025e-05 0 0 0 0 0 0 0 
scan  225 0 L3Tau0DY0SSMETgt200MTW120to160 FedorID:54 0 1.97025e-05 0 0 0 0 0 0 0 
scan  225 0 L3Tau0DY0SSMETgt200MTWgt160 FedorID:59 0 1.97025e-05 0 0 0 0 0 0 0 
scan  225 0 L3Tau1DY1ZVZHMET0to50MTW0to120 FedorID:-999 5.09212e-07 1.47859e-05 5.09212e-07 0 -7.59638e-08 -5.09212e-08 0 0 0 
scan  225 0 L3Tau1DY1ZVZHMET0to50MTW120to160 FedorID:-999 0 1.97025e-05 0 0 0 0 0 0 0 
scan  225 0 L3Tau1DY1ZVZHMET0to50MTWgt160 FedorID:-999 0 1.97025e-05 0 0 0 0 0 0 0 
scan  225 0 L3Tau1DY1ZVZHMET50to100MTW0to120 FedorID:-999 0 2.54697e-05 0 0 0 0 0 1.61406e-05 0 
scan  225 0 L3Tau1DY1ZVZHMET50to100MTW120to160 FedorID:-999 0 1.97025e-05 0 0 0 0 0 0 0 
scan  225 0 L3Tau1DY1ZVZHMET50to100MTWgt160 FedorID:-999 0 1.97025e-05 0 0 0 0 0 0 0 
scan  225 0 L3Tau1DY1ZVZHMET100to150MTW0to120 FedorID:-999 2.91975e-05 3.23081e-05 2.59821e-05 -7.22975e-08 -1.62749e-06 -2.91975e-06 0 -1.61406e-05 0 
scan  225 0 L3Tau1DY1ZVZHMET100to150MTW120to160 FedorID:-999 7.70841e-06 1.66852e-05 7.70841e-06 -1.62296e-07 0 -7.70841e-07 0 1.09371e-21 0 
scan  225 0 L3Tau1DY1ZVZHMET100to150MTWgt160 FedorID:-999 0 1.97025e-05 0 0 0 0 0 0 0 
scan  225 0 L3Tau1DY1ZVZHMET150to200MTW0to120 FedorID:-999 0 1.97025e-05 0 0 0 0 0 0 0 
scan  225 0 L3Tau1DY1ZVZHMET150to200MTW120to160 FedorID:-999 0 1.97025e-05 0 0 0 0 0 0 0 
scan  225 0 L3Tau1DY1ZVZHMET150to200MTWgt160 FedorID:-999 0 1.97025e-05 0 0 0 0 0 0 0 
scan  225 0 L3Tau1DY1ZVZHMETgt200MTW0to120 FedorID:-999 3.66855e-06 1.52299e-05 3.66855e-06 0 -3.95258e-08 -3.66855e-07 0 5.46853e-22 0 
scan  225 0 L3Tau1DY1ZVZHMETgt200MTW120to160 FedorID:-999 0 1.97025e-05 0 0 0 0 0 0 0 
scan  225 0 L3Tau1DY1ZVZHMETgt200MTWgt160 FedorID:-999 0 1.97025e-05 0 0 0 0 0 0 0 
scan  225 0 L3Tau1DY1ZVZLMET0to50MTW0to120 FedorID:-999 9.4674e-06 1.75075e-05 9.01868e-06 0 -2.43195e-06 -9.4674e-07 0 -9.2097e-08 0 
scan  225 0 L3Tau1DY1ZVZLMET0to50MTW120to160 FedorID:-999 0 1.97025e-05 0 0 0 0 0 0 0 
scan  225 0 L3Tau1DY1ZVZLMET0to50MTWgt160 FedorID:-999 0 1.97025e-05 0 0 0 0 0 0 0 
scan  225 0 L3Tau1DY1ZVZLMET50to100MTW0to120 FedorID:-999 6.38106e-06 1.0687e-05 4.05356e-06 -2.13892e-07 -4.94902e-07 -6.38106e-07 0 1.90917e-07 0 
scan  225 0 L3Tau1DY1ZVZLMET50to100MTW120to160 FedorID:-999 0 1.97025e-05 0 0 0 0 0 0 0 
scan  225 0 L3Tau1DY1ZVZLMET50to100MTWgt160 FedorID:-999 0 1.97025e-05 0 0 0 0 0 0 0 
scan  225 0 L3Tau1DY1ZVZLMET100to150MTW0to120 FedorID:-999 1.31273e-05 1.82571e-05 1.06257e-05 -3.40122e-07 -4.57407e-07 -1.31273e-06 0 -9.88201e-08 0 
scan  225 0 L3Tau1DY1ZVZLMET100to150MTW120to160 FedorID:-999 0 1.97657e-05 0 0 0 0 0 1.57993e-06 0 
scan  225 0 L3Tau1DY1ZVZLMET100to150MTWgt160 FedorID:-999 0 1.97025e-05 0 0 0 0 0 0 0 
scan  225 0 L3Tau1DY1ZVZLMET150to200MTW0to120 FedorID:-999 8.63991e-06 1.69463e-05 8.24236e-06 0 -1.4829e-07 -8.63991e-07 0 -3.44096e-07 0 
scan  225 0 L3Tau1DY1ZVZLMET150to200MTW120to160 FedorID:-999 5.96321e-06 1.55525e-05 4.45049e-06 0 -9.31359e-07 -5.96321e-07 0 -1.57993e-06 0 
scan  225 0 L3Tau1DY1ZVZLMET150to200MTWgt160 FedorID:-999 0 1.97025e-05 0 0 0 0 0 0 0 
scan  225 0 L3Tau1DY1ZVZLMETgt200MTW0to120 FedorID:-999 3.75002e-06 1.51487e-05 3.29318e-06 -1.38378e-07 0 -3.75002e-07 0 3.44096e-07 0 
scan  225 0 L3Tau1DY1ZVZLMETgt200MTW120to160 FedorID:-999 0 1.97025e-05 0 0 0 0 0 0 0 
scan  225 0 L3Tau1DY1ZVZLMETgt200MTWgt160 FedorID:-999 0 1.97025e-05 0 0 0 0 0 0 0 
scan  225 0 L3Tau1DY1MET0to50MTW0to120 FedorID:-999 0.000141611 5.87534e-05 4.36879e-05 -1.47415e-06 -1.66729e-05 -1.41611e-05 0 3.22226e-05 0 
scan  225 0 L3Tau1DY1MET0to50MTW120to160 FedorID:-999 0 1.97025e-05 0 0 0 0 0 0 0 
scan  225 0 L3Tau1DY1MET0to50MTWgt160 FedorID:-999 0 1.97025e-05 0 0 0 0 0 0 0 
scan  225 0 L3Tau1DY1MET50to100MTW0to120 FedorID:-999 0.000215994 7.27886e-05 5.6201e-05 -2.97741e-06 -1.55975e-05 -2.15994e-05 0 -3.76887e-05 0 
scan  225 0 L3Tau1DY1MET50to100MTW120to160 FedorID:-999 1.65001e-05 1.86217e-05 1.09379e-05 -3.38816e-07 -4.31735e-07 -1.65001e-06 0 1.1272e-05 0 
scan  225 0 L3Tau1DY1MET50to100MTWgt160 FedorID:-999 4.77083e-06 1.0864e-05 4.30981e-06 -1.2107e-08 -9.90716e-07 -4.77083e-07 0 1.09342e-06 0 
scan  225 0 L3Tau1DY1MET100to150MTW0to120 FedorID:-999 0.000169991 5.62953e-05 5.25334e-05 -2.04943e-06 -7.83118e-06 -1.69991e-05 0 5.52242e-06 0 
scan  225 0 L3Tau1DY1MET100to150MTW120to160 FedorID:-999 2.90486e-05 2.08023e-05 1.25357e-05 -4.51507e-07 -3.54512e-06 -2.90486e-06 0 1.51697e-05 0 
scan  225 0 L3Tau1DY1MET100to150MTWgt160 FedorID:-999 5.17776e-05 3.30466e-05 2.71363e-05 -4.77981e-07 -7.15099e-06 -5.17776e-06 0 -1.34341e-05 0 
scan  225 0 L3Tau1DY1MET150to200MTW0to120 FedorID:-999 0.000105728 5.53442e-05 5.16464e-05 -8.69985e-07 -6.45298e-06 -1.05728e-05 0 -1.4737e-05 0 
scan  225 0 L3Tau1DY1MET150to200MTW120to160 FedorID:-999 7.1607e-05 4.73998e-05 3.83193e-05 -1.45566e-06 -3.46284e-07 -7.1607e-06 0 -2.64685e-05 0 
scan  225 0 L3Tau1DY1MET150to200MTWgt160 FedorID:-999 6.95909e-05 4.80732e-05 4.68344e-05 -2.22569e-07 -6.69474e-06 -6.95909e-06 0 -6.16024e-08 0 
scan  225 0 L3Tau1DY1METgt200MTW0to120 FedorID:-999 7.38075e-05 5.3193e-05 5.11432e-05 -4.76189e-07 -3.76462e-06 -7.38075e-06 0 1.09834e-05 0 
scan  225 0 L3Tau1DY1METgt200MTW120to160 FedorID:-999 4.92972e-07 1.92825e-05 4.92972e-07 -1.03465e-08 0 -4.92972e-08 0 1.2378e-05 0 
scan  225 0 L3Tau1DY1METgt200MTWgt160 FedorID:-999 3.46013e-06 1.0234e-05 2.56885e-06 -7.27016e-08 0 -3.46013e-07 0 9.8138e-07 0 
scan  225 0 L3Tau1DY0OFHMET0to50MTW0to120 FedorID:165 0 9.85123e-06 0 0 0 0 0 0 0 
scan  225 0 L3Tau1DY0OFHMET0to50MTW120to160 FedorID:170 0 9.85123e-06 0 0 0 0 0 0 0 
scan  225 0 L3Tau1DY0OFHMET0to50MTWgt160 FedorID:175 0 9.85123e-06 0 0 0 0 0 0 0 
scan  225 0 L3Tau1DY0OFHMET50to100MTW0to120 FedorID:166 5.10733e-07 4.95229e-06 5.10733e-07 -5.33178e-09 -2.73762e-09 -5.10733e-08 0 0 0 
scan  225 0 L3Tau1DY0OFHMET50to100MTW120to160 FedorID:171 0 9.85123e-06 0 0 0 0 0 0 0 
scan  225 0 L3Tau1DY0OFHMET50to100MTWgt160 FedorID:176 0 9.85123e-06 0 0 0 0 0 0 0 
scan  225 0 L3Tau1DY0OFHMET100to150MTW0to120 FedorID:167 0 9.85123e-06 0 0 0 0 0 0 0 
scan  225 0 L3Tau1DY0OFHMET100to150MTW120to160 FedorID:172 0 9.85123e-06 0 0 0 0 0 0 0 
scan  225 0 L3Tau1DY0OFHMET100to150MTWgt160 FedorID:177 0 9.85123e-06 0 0 0 0 0 0 0 
scan  225 0 L3Tau1DY0OFHMET150to200MTW0to120 FedorID:168 0 9.85123e-06 0 0 0 0 0 0 0 
scan  225 0 L3Tau1DY0OFHMET150to200MTW120to160 FedorID:173 0 9.85123e-06 0 0 0 0 0 0 0 
scan  225 0 L3Tau1DY0OFHMET150to200MTWgt160 FedorID:178 0 9.85123e-06 0 0 0 0 0 0 0 
scan  225 0 L3Tau1DY0OFHMETgt200MTW0to120 FedorID:169 0 9.85123e-06 0 0 0 0 0 0 0 
scan  225 0 L3Tau1DY0OFHMETgt200MTW120to160 FedorID:174 0 9.85123e-06 0 0 0 0 0 0 0 
scan  225 0 L3Tau1DY0OFHMETgt200MTWgt160 FedorID:179 0 9.85123e-06 0 0 0 0 0 0 0 
scan  225 0 L3Tau1DY0MET0to50MTW0to120 FedorID:135 5.30072e-06 6.35536e-06 3.89462e-06 -1.32391e-07 -8.13862e-07 -5.30072e-07 0 0 0 
scan  225 0 L3Tau1DY0MET0to50MTW120to160 FedorID:140 0 9.85123e-06 0 0 0 0 0 0 0 
scan  225 0 L3Tau1DY0MET0to50MTWgt160 FedorID:145 0 9.85123e-06 0 0 0 0 0 0 0 
scan  225 0 L3Tau1DY0MET50to100MTW0to120 FedorID:136 3.43921e-06 5.77546e-06 2.98876e-06 -1.48992e-07 -1.44089e-07 -3.43921e-07 0 5.46853e-22 0 
scan  225 0 L3Tau1DY0MET50to100MTW120to160 FedorID:141 0 9.85123e-06 0 0 0 0 0 0 0 
scan  225 0 L3Tau1DY0MET50to100MTWgt160 FedorID:146 0 9.85123e-06 0 0 0 0 0 0 0 
scan  225 0 L3Tau1DY0MET100to150MTW0to120 FedorID:137 0 9.85123e-06 0 0 0 0 0 0 0 
scan  225 0 L3Tau1DY0MET100to150MTW120to160 FedorID:142 0 9.85123e-06 0 0 0 0 0 0 0 
scan  225 0 L3Tau1DY0MET100to150MTWgt160 FedorID:147 0 9.85123e-06 0 0 0 0 0 0 0 
scan  225 0 L3Tau1DY0MET150to200MTW0to120 FedorID:138 0 9.85123e-06 0 0 0 0 0 0 0 
scan  225 0 L3Tau1DY0MET150to200MTW120to160 FedorID:143 0 9.85123e-06 0 0 0 0 0 0 0 
scan  225 0 L3Tau1DY0MET150to200MTWgt160 FedorID:148 0 9.85123e-06 0 0 0 0 0 0 0 
scan  225 0 L3Tau1DY0METgt200MTW0to120 FedorID:139 0 9.85123e-06 0 0 0 0 0 0 0 
scan  225 0 L3Tau1DY0METgt200MTW120to160 FedorID:144 0 9.85123e-06 0 0 0 0 0 0 0 
scan  225 0 L3Tau1DY0METgt200MTWgt160 FedorID:149 0 9.85123e-06 0 0 0 0 0 0 0 
scan  225 0 L3Tau1DY0SSOFHMET0to50MTW0to120 FedorID:120 0 2.95537e-05 0 0 0 0 0 0 0 
scan  225 0 L3Tau1DY0SSOFHMET0to50MTW120to160 FedorID:125 0 2.95537e-05 0 0 0 0 0 0 0 
scan  225 0 L3Tau1DY0SSOFHMET0to50MTWgt160 FedorID:130 0 2.95537e-05 0 0 0 0 0 0 0 
scan  225 0 L3Tau1DY0SSOFHMET50to100MTW0to120 FedorID:121 0 2.95537e-05 0 0 0 0 0 0 0 
scan  225 0 L3Tau1DY0SSOFHMET50to100MTW120to160 FedorID:126 0 2.95537e-05 0 0 0 0 0 0 0 
scan  225 0 L3Tau1DY0SSOFHMET50to100MTWgt160 FedorID:131 0 2.95537e-05 0 0 0 0 0 0 0 
scan  225 0 L3Tau1DY0SSOFHMET100to150MTW0to120 FedorID:122 0 2.95537e-05 0 0 0 0 0 0 0 
scan  225 0 L3Tau1DY0SSOFHMET100to150MTW120to160 FedorID:127 0 2.95537e-05 0 0 0 0 0 0 0 
scan  225 0 L3Tau1DY0SSOFHMET100to150MTWgt160 FedorID:132 0 2.95537e-05 0 0 0 0 0 0 0 
scan  225 0 L3Tau1DY0SSOFHMET150to200MTW0to120 FedorID:123 0 2.95537e-05 0 0 0 0 0 0 0 
scan  225 0 L3Tau1DY0SSOFHMET150to200MTW120to160 FedorID:128 0 2.95537e-05 0 0 0 0 0 0 0 
scan  225 0 L3Tau1DY0SSOFHMET150to200MTWgt160 FedorID:133 0 2.95537e-05 0 0 0 0 0 0 0 
scan  225 0 L3Tau1DY0SSOFHMETgt200MTW0to120 FedorID:124 0 2.95537e-05 0 0 0 0 0 0 0 
scan  225 0 L3Tau1DY0SSOFHMETgt200MTW120to160 FedorID:129 0 2.95537e-05 0 0 0 0 0 0 0 
scan  225 0 L3Tau1DY0SSOFHMETgt200MTWgt160 FedorID:134 0 2.95537e-05 0 0 0 0 0 0 0 
scan  225 0 L3Tau1DY0SSMET0to50MTW0to120 FedorID:90 8.27141e-06 2.56607e-05 6.64879e-06 0 -2.32658e-06 -8.27141e-07 0 -1.27432e-06 0 
scan  225 0 L3Tau1DY0SSMET0to50MTW120to160 FedorID:95 0 2.95537e-05 0 0 0 0 0 0 0 
scan  225 0 L3Tau1DY0SSMET0to50MTWgt160 FedorID:100 0 2.95537e-05 0 0 0 0 0 0 0 
scan  225 0 L3Tau1DY0SSMET50to100MTW0to120 FedorID:91 4.41071e-06 2.52675e-05 4.41071e-06 -4.60455e-08 -4.97592e-07 -4.41071e-07 0 3.46458e-06 0 
scan  225 0 L3Tau1DY0SSMET50to100MTW120to160 FedorID:96 1.14454e-05 2.27052e-05 1.09624e-05 -1.03706e-08 -7.83963e-07 -1.14454e-06 0 -2.28909e-06 0 
scan  225 0 L3Tau1DY0SSMET50to100MTWgt160 FedorID:101 0 2.95538e-05 0 0 0 0 0 8.94786e-08 0 
scan  225 0 L3Tau1DY0SSMET100to150MTW0to120 FedorID:92 0 2.95537e-05 0 0 0 0 0 0 0 
scan  225 0 L3Tau1DY0SSMET100to150MTW120to160 FedorID:97 0 2.95537e-05 0 0 0 0 0 0 0 
scan  225 0 L3Tau1DY0SSMET100to150MTWgt160 FedorID:102 9.56562e-07 1.97207e-05 6.77801e-07 -3.01259e-08 -2.74128e-09 -9.56562e-08 0 -4.99824e-07 0 
scan  225 0 L3Tau1DY0SSMET150to200MTW0to120 FedorID:93 0 2.95537e-05 0 0 0 0 0 0 0 
scan  225 0 L3Tau1DY0SSMET150to200MTW120to160 FedorID:98 0 2.95537e-05 0 0 0 0 0 0 0 
scan  225 0 L3Tau1DY0SSMET150to200MTWgt160 FedorID:103 4.5328e-07 2.46378e-05 4.5328e-07 -4.73201e-09 -9.9124e-08 -4.5328e-08 0 5.09169e-07 0 
scan  225 0 L3Tau1DY0SSMETgt200MTW0to120 FedorID:94 0 2.95537e-05 0 0 0 0 0 0 0 
scan  225 0 L3Tau1DY0SSMETgt200MTW120to160 FedorID:99 0 2.95537e-05 0 0 0 0 0 0 0 
scan  225 0 L3Tau1DY0SSMETgt200MTWgt160 FedorID:104 0 2.95537e-05 0 0 0 0 0 0 0 
