xsec 205 0 1.05567
scan  205 0 L4Tau0DY2ZVMET0to30 FedorID:-999 0 4.72119e-05 0 0 0 0 0 0 0 
scan  205 0 L4Tau0DY2ZVMET30to50 FedorID:-999 0 4.72119e-05 0 0 0 0 0 0 0 
scan  205 0 L4Tau0DY2ZVMET50to100 FedorID:-999 0 4.72119e-05 0 0 0 0 0 0 0 
scan  205 0 L4Tau0DY2ZVMETgt100 FedorID:-999 3.67652e-05 4.59797e-05 3.33756e-05 -3.06744e-06 -3.74684e-07 0 0 0 0 
scan  205 0 L4Tau0DY2MET0to30 FedorID:-999 0.000250498 0.000121132 8.48023e-05 -6.21946e-06 -3.64639e-05 0 0 -7.45385e-05 0 
scan  205 0 L4Tau0DY2MET30to50 FedorID:-999 0.000277744 0.000130702 9.70368e-05 -4.81229e-06 -6.57854e-05 -5.4812e-06 0 5.22359e-05 0 
scan  205 0 L4Tau0DY2MET50to100 FedorID:-999 0.000732085 0.000182734 0.000157131 -2.58889e-05 -6.34619e-05 -7.83078e-08 0 5.87093e-05 0 
scan  205 0 L4Tau0DY2METgt100 FedorID:-999 0.000998485 0.000226946 0.000173537 -2.53946e-05 -0.000143649 -1.56951e-06 0 -6.71033e-06 0 
scan  205 0 L4Tau0DY1ZVMET0to30 FedorID:-999 0 7.86865e-05 0 0 0 0 0 0 0 
scan  205 0 L4Tau0DY1ZVMET30to50 FedorID:-999 0 7.86865e-05 0 0 0 0 0 0 0 
scan  205 0 L4Tau0DY1ZVMET50to100 FedorID:-999 3.17808e-05 7.81518e-05 3.17808e-05 -3.32116e-07 -9.0773e-06 0 0 0 0 
scan  205 0 L4Tau0DY1ZVMETgt100 FedorID:-999 0 7.86865e-05 0 0 0 0 0 0 0 
scan  205 0 L4Tau0DY1MET0to30 FedorID:-999 0 7.86865e-05 0 0 0 0 0 0 0 
scan  205 0 L4Tau0DY1MET30to50 FedorID:-999 0 7.86865e-05 0 0 0 0 0 0 0 
scan  205 0 L4Tau0DY1MET50to100 FedorID:-999 8.38623e-06 7.10966e-05 6.02351e-06 -2.6656e-07 -1.7882e-06 0 0 1.74719e-21 0 
scan  205 0 L4Tau0DY1METgt100 FedorID:-999 1.64204e-05 6.40148e-05 1.11597e-05 -5.11545e-07 -3.23922e-06 0 0 3.60358e-21 0 
scan  205 0 L4Tau0DY0MET0to30 FedorID:-999 0 7.86865e-05 0 0 0 0 0 0 0 
scan  205 0 L4Tau0DY0MET30to50 FedorID:-999 0 7.86865e-05 0 0 0 0 0 0 0 
scan  205 0 L4Tau0DY0MET50to100 FedorID:-999 0 7.86865e-05 0 0 0 0 0 0 0 
scan  205 0 L4Tau0DY0METgt100 FedorID:-999 0 7.86865e-05 0 0 0 0 0 0 0 
scan  205 0 L4Tau1DY1ZVMET0to30 FedorID:-999 0 6.29492e-05 0 0 0 0 0 0 0 
scan  205 0 L4Tau1DY1ZVMET30to50 FedorID:-999 0 6.29492e-05 0 0 0 0 0 0 0 
scan  205 0 L4Tau1DY1ZVMET50to100 FedorID:-999 0 6.29492e-05 0 0 0 0 0 0 0 
scan  205 0 L4Tau1DY1ZVMETgt100 FedorID:-999 0 6.29492e-05 0 0 0 0 0 0 0 
scan  205 0 L4Tau1DY1MET0to30 FedorID:-999 9.10352e-06 6.29164e-05 9.10352e-06 -2.11588e-07 -1.68758e-06 -9.10352e-07 0 2.89484e-05 0 
scan  205 0 L4Tau1DY1MET30to50 FedorID:-999 5.81715e-05 7.61202e-05 4.879e-05 -2.75214e-06 -8.64494e-07 -5.81715e-06 0 -3.38038e-05 0 
scan  205 0 L4Tau1DY1MET50to100 FedorID:-999 0.000103092 7.17734e-05 6.12073e-05 -3.34447e-06 -1.66296e-05 -1.03092e-05 0 4.51974e-06 0 
scan  205 0 L4Tau1DY1METgt100 FedorID:-999 5.01485e-05 3.56263e-05 2.60027e-05 -1.59177e-06 -2.83858e-06 -5.01485e-06 0 3.35689e-07 0 
scan  205 0 L4Tau1DY0MET0to30 FedorID:-999 0 6.29492e-05 0 0 0 0 0 0 0 
scan  205 0 L4Tau1DY0MET30to50 FedorID:-999 0 6.29492e-05 0 0 0 0 0 0 0 
scan  205 0 L4Tau1DY0MET50to100 FedorID:-999 0 6.29492e-05 0 0 0 0 0 0 0 
scan  205 0 L4Tau1DY0METgt100 FedorID:-999 0 6.29492e-05 0 0 0 0 0 0 0 
scan  205 0 L3Tau0DY1ZVZHMET0to50MTW0to120 FedorID:30 1.5338e-06 5.50918e-05 1.08458e-06 -3.21914e-08 -2.49304e-07 0 0 0 0 
scan  205 0 L3Tau0DY1ZVZHMET0to50MTW120to160 FedorID:35 0 6.29492e-05 0 0 0 0 0 0 0 
scan  205 0 L3Tau0DY1ZVZHMET0to50MTWgt160 FedorID:40 0 6.29492e-05 0 0 0 0 0 0 0 
scan  205 0 L3Tau0DY1ZVZHMET50to100MTW0to120 FedorID:31 1.57047e-06 4.7232e-05 1.11059e-06 -2.45411e-08 -1.7996e-07 0 0 -7.95989e-07 0 
scan  205 0 L3Tau0DY1ZVZHMET50to100MTW120to160 FedorID:36 0 6.29543e-05 0 0 0 0 0 7.95989e-07 0 
scan  205 0 L3Tau0DY1ZVZHMET50to100MTWgt160 FedorID:41 0 6.29492e-05 0 0 0 0 0 0 0 
scan  205 0 L3Tau0DY1ZVZHMET100to150MTW0to120 FedorID:32 0 6.29492e-05 0 0 0 0 0 0 0 
scan  205 0 L3Tau0DY1ZVZHMET100to150MTW120to160 FedorID:37 0 6.29492e-05 0 0 0 0 0 0 0 
scan  205 0 L3Tau0DY1ZVZHMET100to150MTWgt160 FedorID:42 0 6.29492e-05 0 0 0 0 0 0 0 
scan  205 0 L3Tau0DY1ZVZHMET150to200MTW0to120 FedorID:33 1.66112e-05 4.92656e-05 1.25305e-05 -4.74754e-07 -3.08758e-06 0 0 -5.60056e-06 0 
scan  205 0 L3Tau0DY1ZVZHMET150to200MTW120to160 FedorID:38 0 6.29579e-05 0 0 0 0 0 1.0439e-06 0 
scan  205 0 L3Tau0DY1ZVZHMET150to200MTWgt160 FedorID:43 0 6.29492e-05 0 0 0 0 0 0 0 
scan  205 0 L3Tau0DY1ZVZHMETgt200MTW0to120 FedorID:34 0 6.31139e-05 0 0 0 0 0 4.55667e-06 0 
scan  205 0 L3Tau0DY1ZVZHMETgt200MTW120to160 FedorID:39 0 6.29492e-05 0 0 0 0 0 0 0 
scan  205 0 L3Tau0DY1ZVZHMETgt200MTWgt160 FedorID:44 0 6.29492e-05 0 0 0 0 0 0 0 
scan  205 0 L3Tau0DY1ZVZLMET0to50MTW0to120 FedorID:0 1.76483e-06 6.81722e-05 1.76483e-06 0 -7.30095e-07 0 0 4.0124e-05 0 
scan  205 0 L3Tau0DY1ZVZLMET0to50MTW120to160 FedorID:5 0 6.29492e-05 0 0 0 0 0 0 0 
scan  205 0 L3Tau0DY1ZVZLMET0to50MTWgt160 FedorID:10 0 6.29492e-05 0 0 0 0 0 0 0 
scan  205 0 L3Tau0DY1ZVZLMET50to100MTW0to120 FedorID:1 6.05606e-05 7.67328e-05 4.47784e-05 -2.66051e-06 -8.19067e-06 0 0 3.96322e-05 0 
scan  205 0 L3Tau0DY1ZVZLMET50to100MTW120to160 FedorID:6 2.03952e-05 5.88099e-05 2.03952e-05 -1.0475e-06 -3.485e-07 0 0 -2.74859e-06 0 
scan  205 0 L3Tau0DY1ZVZLMET50to100MTWgt160 FedorID:11 5.91097e-06 5.57777e-05 5.22254e-06 -2.30316e-07 -1.03815e-07 0 0 -7.06682e-06 0 
scan  205 0 L3Tau0DY1ZVZLMET100to150MTW0to120 FedorID:2 7.43538e-07 5.94397e-05 7.43538e-07 -1.74625e-08 -1.58314e-07 0 0 2.23301e-05 0 
scan  205 0 L3Tau0DY1ZVZLMET100to150MTW120to160 FedorID:7 2.2408e-05 5.30666e-05 2.16422e-05 -7.05635e-07 -8.05164e-08 0 0 -1.08726e-05 0 
scan  205 0 L3Tau0DY1ZVZLMET100to150MTWgt160 FedorID:12 5.89695e-05 7.75521e-05 5.31795e-05 -1.29044e-06 -7.24813e-07 0 0 1.22564e-05 0 
scan  205 0 L3Tau0DY1ZVZLMET150to200MTW0to120 FedorID:3 2.23301e-05 6.34932e-05 2.23301e-05 -4.68667e-07 -1.86654e-07 0 0 -2.23301e-05 0 
scan  205 0 L3Tau0DY1ZVZLMET150to200MTW120to160 FedorID:8 0 6.29492e-05 0 0 0 0 0 0 0 
scan  205 0 L3Tau0DY1ZVZLMET150to200MTWgt160 FedorID:13 0 6.32037e-05 0 0 0 0 0 5.66585e-06 0 
scan  205 0 L3Tau0DY1ZVZLMETgt200MTW0to120 FedorID:4 7.74549e-07 5.5086e-05 7.74549e-07 -2.45117e-08 0 0 0 0 0 
scan  205 0 L3Tau0DY1ZVZLMETgt200MTW120to160 FedorID:9 0 6.29492e-05 0 0 0 0 0 0 0 
scan  205 0 L3Tau0DY1ZVZLMETgt200MTWgt160 FedorID:14 0 6.29492e-05 0 0 0 0 0 0 0 
scan  205 0 L3Tau0DY1MET0to50MTW0to120 FedorID:15 0.000332521 8.35541e-05 6.71442e-05 -7.08035e-06 -4.32145e-05 0 0 1.75401e-05 0 
scan  205 0 L3Tau0DY1MET0to50MTW120to160 FedorID:20 1.97571e-05 4.29434e-05 1.14998e-05 -3.71313e-07 -7.23563e-07 0 0 -1.27804e-05 0 
scan  205 0 L3Tau0DY1MET0to50MTWgt160 FedorID:25 0 6.29524e-05 0 0 0 0 0 6.32764e-07 0 
scan  205 0 L3Tau0DY1MET50to100MTW0to120 FedorID:16 0.000508679 0.000135966 0.000110763 -1.13517e-05 -7.02932e-05 0 0 2.43077e-05 0 
scan  205 0 L3Tau0DY1MET50to100MTW120to160 FedorID:21 0.000164862 8.12471e-05 7.13255e-05 -3.60222e-06 -1.53935e-05 0 0 -1.65281e-05 0 
scan  205 0 L3Tau0DY1MET50to100MTWgt160 FedorID:26 8.22222e-05 4.60554e-05 3.27536e-05 -1.32832e-06 -4.67477e-06 0 0 5.83344e-06 0 
scan  205 0 L3Tau0DY1MET100to150MTW0to120 FedorID:17 0.000309371 9.96232e-05 9.53375e-05 -6.6723e-06 -2.67907e-05 0 0 -3.37101e-06 0 
scan  205 0 L3Tau0DY1MET100to150MTW120to160 FedorID:22 9.58121e-05 4.56655e-05 3.13403e-05 -2.15426e-06 -8.47182e-06 0 0 2.16672e-05 0 
scan  205 0 L3Tau0DY1MET100to150MTWgt160 FedorID:27 0.000314084 0.000104345 9.19507e-05 -5.50509e-06 -2.4185e-05 0 0 -2.87585e-05 0 
scan  205 0 L3Tau0DY1MET150to200MTW0to120 FedorID:18 5.37197e-05 3.70389e-05 2.46578e-05 -1.88197e-06 -3.95236e-06 0 0 1.36919e-05 0 
scan  205 0 L3Tau0DY1MET150to200MTW120to160 FedorID:23 7.74548e-07 5.50869e-05 7.74548e-07 -2.45117e-08 0 0 0 3.03019e-07 0 
scan  205 0 L3Tau0DY1MET150to200MTWgt160 FedorID:28 3.75936e-05 3.65701e-05 1.47625e-05 -7.02358e-07 -2.05069e-06 0 0 1.11398e-05 0 
scan  205 0 L3Tau0DY1METgt200MTW0to120 FedorID:19 0.000100317 6.57247e-05 4.56144e-05 -1.05547e-06 -1.42099e-05 0 0 -4.22891e-05 0 
scan  205 0 L3Tau0DY1METgt200MTW120to160 FedorID:24 1.56878e-06 6.21431e-05 1.10949e-06 -3.11596e-08 -1.48872e-07 0 0 4.03924e-05 0 
scan  205 0 L3Tau0DY1METgt200MTWgt160 FedorID:29 3.10844e-06 3.9378e-05 1.55498e-06 -5.79972e-08 -2.30058e-07 0 0 5.10496e-07 0 
scan  205 0 L3Tau0DY0SSOFHMET0to50MTW0to120 FedorID:75 0 3.14746e-05 0 0 0 0 0 0 0 
scan  205 0 L3Tau0DY0SSOFHMET0to50MTW120to160 FedorID:80 0 3.14746e-05 0 0 0 0 0 0 0 
scan  205 0 L3Tau0DY0SSOFHMET0to50MTWgt160 FedorID:85 0 3.14746e-05 0 0 0 0 0 0 0 
scan  205 0 L3Tau0DY0SSOFHMET50to100MTW0to120 FedorID:76 0 3.14746e-05 0 0 0 0 0 0 0 
scan  205 0 L3Tau0DY0SSOFHMET50to100MTW120to160 FedorID:81 0 3.14746e-05 0 0 0 0 0 0 0 
scan  205 0 L3Tau0DY0SSOFHMET50to100MTWgt160 FedorID:86 0 3.14746e-05 0 0 0 0 0 0 0 
scan  205 0 L3Tau0DY0SSOFHMET100to150MTW0to120 FedorID:77 0 3.14746e-05 0 0 0 0 0 0 0 
scan  205 0 L3Tau0DY0SSOFHMET100to150MTW120to160 FedorID:82 0 3.14746e-05 0 0 0 0 0 0 0 
scan  205 0 L3Tau0DY0SSOFHMET100to150MTWgt160 FedorID:87 0 3.14746e-05 0 0 0 0 0 0 0 
scan  205 0 L3Tau0DY0SSOFHMET150to200MTW0to120 FedorID:78 0 3.14746e-05 0 0 0 0 0 0 0 
scan  205 0 L3Tau0DY0SSOFHMET150to200MTW120to160 FedorID:83 0 3.14746e-05 0 0 0 0 0 0 0 
scan  205 0 L3Tau0DY0SSOFHMET150to200MTWgt160 FedorID:88 0 3.14746e-05 0 0 0 0 0 0 0 
scan  205 0 L3Tau0DY0SSOFHMETgt200MTW0to120 FedorID:79 0 3.14746e-05 0 0 0 0 0 0 0 
scan  205 0 L3Tau0DY0SSOFHMETgt200MTW120to160 FedorID:84 0 3.14746e-05 0 0 0 0 0 0 0 
scan  205 0 L3Tau0DY0SSOFHMETgt200MTWgt160 FedorID:89 0 3.14746e-05 0 0 0 0 0 0 0 
scan  205 0 L3Tau0DY0SSMET0to50MTW0to120 FedorID:45 3.0366e-06 2.40077e-05 3.0366e-06 -3.17005e-08 -5.61362e-07 0 0 -3.09674e-06 0 
scan  205 0 L3Tau0DY0SSMET0to50MTW120to160 FedorID:50 0 3.14746e-05 0 0 0 0 0 0 0 
scan  205 0 L3Tau0DY0SSMET0to50MTWgt160 FedorID:55 0 3.14746e-05 0 0 0 0 0 0 0 
scan  205 0 L3Tau0DY0SSMET50to100MTW0to120 FedorID:46 0 3.16266e-05 0 0 0 0 0 3.09674e-06 0 
scan  205 0 L3Tau0DY0SSMET50to100MTW120to160 FedorID:51 0 3.14746e-05 0 0 0 0 0 0 0 
scan  205 0 L3Tau0DY0SSMET50to100MTWgt160 FedorID:56 0 3.14746e-05 0 0 0 0 0 0 0 
scan  205 0 L3Tau0DY0SSMET100to150MTW0to120 FedorID:47 0 3.14746e-05 0 0 0 0 0 0 0 
scan  205 0 L3Tau0DY0SSMET100to150MTW120to160 FedorID:52 0 3.14746e-05 0 0 0 0 0 0 0 
scan  205 0 L3Tau0DY0SSMET100to150MTWgt160 FedorID:57 4.44168e-06 1.62195e-05 3.81356e-06 -1.2884e-07 -9.22376e-07 0 0 5.45997e-22 0 
scan  205 0 L3Tau0DY0SSMET150to200MTW0to120 FedorID:48 0 3.14746e-05 0 0 0 0 0 0 0 
scan  205 0 L3Tau0DY0SSMET150to200MTW120to160 FedorID:53 0 3.14746e-05 0 0 0 0 0 0 0 
scan  205 0 L3Tau0DY0SSMET150to200MTWgt160 FedorID:58 0 3.14746e-05 0 0 0 0 0 0 0 
scan  205 0 L3Tau0DY0SSMETgt200MTW0to120 FedorID:49 0 3.14746e-05 0 0 0 0 0 0 0 
scan  205 0 L3Tau0DY0SSMETgt200MTW120to160 FedorID:54 0 3.14746e-05 0 0 0 0 0 0 0 
scan  205 0 L3Tau0DY0SSMETgt200MTWgt160 FedorID:59 0 3.14746e-05 0 0 0 0 0 0 0 
scan  205 0 L3Tau1DY1ZVZHMET0to50MTW0to120 FedorID:-999 6.55602e-06 2.43179e-05 5.79965e-06 0 -2.30177e-07 -6.55602e-07 0 8.73596e-22 0 
scan  205 0 L3Tau1DY1ZVZHMET0to50MTW120to160 FedorID:-999 0 3.14746e-05 0 0 0 0 0 0 0 
scan  205 0 L3Tau1DY1ZVZHMET0to50MTWgt160 FedorID:-999 0 3.14746e-05 0 0 0 0 0 0 0 
scan  205 0 L3Tau1DY1ZVZHMET50to100MTW0to120 FedorID:-999 0 3.14746e-05 0 0 0 0 0 0 0 
scan  205 0 L3Tau1DY1ZVZHMET50to100MTW120to160 FedorID:-999 3.07299e-06 2.40108e-05 3.07299e-06 0 -5.42486e-07 -3.07299e-07 0 -3.07299e-06 0 
scan  205 0 L3Tau1DY1ZVZHMET50to100MTWgt160 FedorID:-999 0 3.14746e-05 0 0 0 0 0 0 0 
scan  205 0 L3Tau1DY1ZVZHMET100to150MTW0to120 FedorID:-999 7.77051e-07 2.36194e-05 7.77051e-07 -2.09086e-08 0 -7.77051e-08 0 -1.5541e-07 0 
scan  205 0 L3Tau1DY1ZVZHMET100to150MTW120to160 FedorID:-999 0 3.16243e-05 0 0 0 0 0 3.07299e-06 0 
scan  205 0 L3Tau1DY1ZVZHMET100to150MTWgt160 FedorID:-999 0 3.14746e-05 0 0 0 0 0 0 0 
scan  205 0 L3Tau1DY1ZVZHMET150to200MTW0to120 FedorID:-999 0 3.1475e-05 0 0 0 0 0 1.5541e-07 0 
scan  205 0 L3Tau1DY1ZVZHMET150to200MTW120to160 FedorID:-999 0 3.14746e-05 0 0 0 0 0 0 0 
scan  205 0 L3Tau1DY1ZVZHMET150to200MTWgt160 FedorID:-999 0 3.14746e-05 0 0 0 0 0 0 0 
scan  205 0 L3Tau1DY1ZVZHMETgt200MTW0to120 FedorID:-999 0 3.14746e-05 0 0 0 0 0 0 0 
scan  205 0 L3Tau1DY1ZVZHMETgt200MTW120to160 FedorID:-999 0 3.14746e-05 0 0 0 0 0 0 0 
scan  205 0 L3Tau1DY1ZVZHMETgt200MTWgt160 FedorID:-999 0 3.14746e-05 0 0 0 0 0 0 0 
scan  205 0 L3Tau1DY1ZVZLMET0to50MTW0to120 FedorID:-999 8.34227e-06 1.84367e-05 6.93632e-06 -2.99313e-08 -1.77745e-06 -8.34227e-07 0 -6.34651e-06 0 
scan  205 0 L3Tau1DY1ZVZLMET0to50MTW120to160 FedorID:-999 0 3.14746e-05 0 0 0 0 0 0 0 
scan  205 0 L3Tau1DY1ZVZLMET0to50MTWgt160 FedorID:-999 0 3.14746e-05 0 0 0 0 0 0 0 
scan  205 0 L3Tau1DY1ZVZLMET50to100MTW0to120 FedorID:-999 6.60513e-07 2.45369e-05 6.60513e-07 0 -1.01106e-07 -6.60513e-08 0 6.66106e-06 0 
scan  205 0 L3Tau1DY1ZVZLMET50to100MTW120to160 FedorID:-999 0 3.14762e-05 0 0 0 0 0 3.12424e-07 0 
scan  205 0 L3Tau1DY1ZVZLMET50to100MTWgt160 FedorID:-999 7.81059e-07 2.36237e-05 7.81059e-07 -1.90637e-08 0 -7.81059e-08 0 -4.68636e-07 0 
scan  205 0 L3Tau1DY1ZVZLMET100to150MTW0to120 FedorID:-999 1.49528e-06 2.36317e-05 1.05874e-06 -5.19059e-08 0 -1.49528e-07 0 2.64396e-07 0 
scan  205 0 L3Tau1DY1ZVZLMET100to150MTW120to160 FedorID:-999 0 3.14746e-05 0 0 0 0 0 0 0 
scan  205 0 L3Tau1DY1ZVZLMET100to150MTWgt160 FedorID:-999 0 3.1475e-05 0 0 0 0 0 1.56212e-07 0 
scan  205 0 L3Tau1DY1ZVZLMET150to200MTW0to120 FedorID:-999 7.23675e-07 2.36243e-05 7.23675e-07 -3.47447e-08 0 -7.23675e-08 0 -5.7894e-07 0 
scan  205 0 L3Tau1DY1ZVZLMET150to200MTW120to160 FedorID:-999 6.97037e-07 2.36167e-05 6.97037e-07 0 -1.29882e-07 -6.97037e-08 0 0 0 
scan  205 0 L3Tau1DY1ZVZLMET150to200MTWgt160 FedorID:-999 0 3.14746e-05 0 0 0 0 0 0 0 
scan  205 0 L3Tau1DY1ZVZLMETgt200MTW0to120 FedorID:-999 0 3.14746e-05 0 0 0 0 0 0 0 
scan  205 0 L3Tau1DY1ZVZLMETgt200MTW120to160 FedorID:-999 0 3.14746e-05 0 0 0 0 0 0 0 
scan  205 0 L3Tau1DY1ZVZLMETgt200MTWgt160 FedorID:-999 6.92595e-06 2.46119e-05 6.92595e-06 -2.36051e-07 0 -6.92595e-07 0 0 0 
scan  205 0 L3Tau1DY1MET0to50MTW0to120 FedorID:-999 0.000357519 0.000131658 0.000117484 -3.78926e-06 -4.16863e-05 -3.57519e-05 0 -2.09415e-05 0 
scan  205 0 L3Tau1DY1MET0to50MTW120to160 FedorID:-999 7.80354e-07 2.37732e-05 7.80354e-07 -1.94367e-08 0 -7.80354e-08 0 2.70342e-06 0 
scan  205 0 L3Tau1DY1MET0to50MTWgt160 FedorID:-999 0 3.14746e-05 0 0 0 0 0 0 0 
scan  205 0 L3Tau1DY1MET50to100MTW0to120 FedorID:-999 0.000300632 0.000140503 8.01451e-05 -3.7994e-06 -1.90156e-05 -3.00632e-05 0 0.000109717 0 
scan  205 0 L3Tau1DY1MET50to100MTW120to160 FedorID:-999 5.93082e-05 3.2666e-05 2.64226e-05 -5.3046e-07 -6.67478e-06 -5.93082e-06 0 -1.50662e-05 0 
scan  205 0 L3Tau1DY1MET50to100MTWgt160 FedorID:-999 0 3.23832e-05 0 0 0 0 0 7.61718e-06 0 
scan  205 0 L3Tau1DY1MET100to150MTW0to120 FedorID:-999 0.000210217 5.39122e-05 4.32156e-05 -2.69577e-06 -5.32125e-06 -2.10217e-05 0 -2.23497e-05 0 
scan  205 0 L3Tau1DY1MET100to150MTW120to160 FedorID:-999 8.40371e-05 0.000106329 7.93333e-05 -6.23039e-08 -1.04156e-05 -8.40371e-06 0 -6.77144e-05 0 
scan  205 0 L3Tau1DY1MET100to150MTWgt160 FedorID:-999 1.58786e-05 1.43865e-05 9.61501e-06 -4.91734e-08 -4.13068e-06 -1.58786e-06 0 -5.74633e-06 0 
scan  205 0 L3Tau1DY1MET150to200MTW0to120 FedorID:-999 0.000114713 5.7654e-05 5.55214e-05 -1.04201e-06 -2.08194e-06 -1.14713e-05 0 6.51257e-06 0 
scan  205 0 L3Tau1DY1MET150to200MTW120to160 FedorID:-999 1.58682e-06 2.58186e-05 1.12207e-06 -3.33071e-08 0 -1.58682e-07 0 1.03958e-05 0 
scan  205 0 L3Tau1DY1MET150to200MTWgt160 FedorID:-999 1.66266e-05 2.06144e-05 1.24173e-05 -8.11747e-08 -2.77078e-06 -1.66266e-06 0 3.55692e-06 0 
scan  205 0 L3Tau1DY1METgt200MTW0to120 FedorID:-999 9.17573e-06 1.70461e-05 6.21348e-06 -1.9258e-07 0 -9.17573e-07 0 1.84885e-06 0 
scan  205 0 L3Tau1DY1METgt200MTW120to160 FedorID:-999 0 3.14746e-05 0 0 0 0 0 0 0 
scan  205 0 L3Tau1DY1METgt200MTWgt160 FedorID:-999 1.96479e-05 2.66378e-05 1.68198e-05 -3.46887e-07 -4.18088e-07 -1.96479e-06 0 -1.32223e-05 0 
scan  205 0 L3Tau1DY0OFHMET0to50MTW0to120 FedorID:165 0 1.57373e-05 0 0 0 0 0 0 0 
scan  205 0 L3Tau1DY0OFHMET0to50MTW120to160 FedorID:170 0 1.57373e-05 0 0 0 0 0 0 0 
scan  205 0 L3Tau1DY0OFHMET0to50MTWgt160 FedorID:175 0 1.57373e-05 0 0 0 0 0 0 0 
scan  205 0 L3Tau1DY0OFHMET50to100MTW0to120 FedorID:166 0 1.57373e-05 0 0 0 0 0 0 0 
scan  205 0 L3Tau1DY0OFHMET50to100MTW120to160 FedorID:171 0 1.57373e-05 0 0 0 0 0 0 0 
scan  205 0 L3Tau1DY0OFHMET50to100MTWgt160 FedorID:176 0 1.57373e-05 0 0 0 0 0 0 0 
scan  205 0 L3Tau1DY0OFHMET100to150MTW0to120 FedorID:167 0 1.57373e-05 0 0 0 0 0 0 0 
scan  205 0 L3Tau1DY0OFHMET100to150MTW120to160 FedorID:172 0 1.57373e-05 0 0 0 0 0 0 0 
scan  205 0 L3Tau1DY0OFHMET100to150MTWgt160 FedorID:177 0 1.57373e-05 0 0 0 0 0 0 0 
scan  205 0 L3Tau1DY0OFHMET150to200MTW0to120 FedorID:168 0 1.57373e-05 0 0 0 0 0 0 0 
scan  205 0 L3Tau1DY0OFHMET150to200MTW120to160 FedorID:173 0 1.57373e-05 0 0 0 0 0 0 0 
scan  205 0 L3Tau1DY0OFHMET150to200MTWgt160 FedorID:178 0 1.57373e-05 0 0 0 0 0 0 0 
scan  205 0 L3Tau1DY0OFHMETgt200MTW0to120 FedorID:169 0 1.57373e-05 0 0 0 0 0 0 0 
scan  205 0 L3Tau1DY0OFHMETgt200MTW120to160 FedorID:174 0 1.57373e-05 0 0 0 0 0 0 0 
scan  205 0 L3Tau1DY0OFHMETgt200MTWgt160 FedorID:179 0 1.57373e-05 0 0 0 0 0 0 0 
scan  205 0 L3Tau1DY0MET0to50MTW0to120 FedorID:135 1.26227e-05 1.84681e-05 9.78097e-06 -2.17816e-07 -1.54162e-06 -1.26227e-06 0 1.33967e-05 0 
scan  205 0 L3Tau1DY0MET0to50MTW120to160 FedorID:140 0 1.57373e-05 0 0 0 0 0 0 0 
scan  205 0 L3Tau1DY0MET0to50MTWgt160 FedorID:145 0 1.57373e-05 0 0 0 0 0 0 0 
scan  205 0 L3Tau1DY0MET50to100MTW0to120 FedorID:136 1.33967e-05 2.05848e-05 1.33967e-05 -6.03864e-07 -8.45663e-07 -1.33967e-06 0 1.33967e-05 0 
scan  205 0 L3Tau1DY0MET50to100MTW120to160 FedorID:141 0 1.57373e-05 0 0 0 0 0 0 0 
scan  205 0 L3Tau1DY0MET50to100MTWgt160 FedorID:146 5.45205e-06 9.589e-06 5.45205e-06 -1.00903e-07 -2.9224e-08 -5.45205e-07 0 0 0 
scan  205 0 L3Tau1DY0MET100to150MTW0to120 FedorID:137 0 1.57373e-05 0 0 0 0 0 0 0 
scan  205 0 L3Tau1DY0MET100to150MTW120to160 FedorID:142 0 1.57373e-05 0 0 0 0 0 0 0 
scan  205 0 L3Tau1DY0MET100to150MTWgt160 FedorID:147 0 1.57373e-05 0 0 0 0 0 0 0 
scan  205 0 L3Tau1DY0MET150to200MTW0to120 FedorID:138 0 1.57373e-05 0 0 0 0 0 0 0 
scan  205 0 L3Tau1DY0MET150to200MTW120to160 FedorID:143 0 1.61938e-05 0 0 0 0 0 3.81795e-06 0 
scan  205 0 L3Tau1DY0MET150to200MTWgt160 FedorID:148 1.90898e-05 2.86924e-05 1.90898e-05 -1.99287e-07 -3.77299e-06 -1.90898e-06 0 -1.94678e-05 0 
scan  205 0 L3Tau1DY0METgt200MTW0to120 FedorID:139 0 1.57373e-05 0 0 0 0 0 0 0 
scan  205 0 L3Tau1DY0METgt200MTW120to160 FedorID:144 0 1.57373e-05 0 0 0 0 0 0 0 
scan  205 0 L3Tau1DY0METgt200MTWgt160 FedorID:149 0 2.47403e-05 0 0 0 0 0 1.90898e-05 0 
scan  205 0 L3Tau1DY0SSOFHMET0to50MTW0to120 FedorID:120 0 4.72119e-05 0 0 0 0 0 0 0 
scan  205 0 L3Tau1DY0SSOFHMET0to50MTW120to160 FedorID:125 0 4.72119e-05 0 0 0 0 0 0 0 
scan  205 0 L3Tau1DY0SSOFHMET0to50MTWgt160 FedorID:130 0 4.72119e-05 0 0 0 0 0 0 0 
scan  205 0 L3Tau1DY0SSOFHMET50to100MTW0to120 FedorID:121 0 4.72119e-05 0 0 0 0 0 0 0 
scan  205 0 L3Tau1DY0SSOFHMET50to100MTW120to160 FedorID:126 0 4.72119e-05 0 0 0 0 0 0 0 
scan  205 0 L3Tau1DY0SSOFHMET50to100MTWgt160 FedorID:131 0 4.72119e-05 0 0 0 0 0 0 0 
scan  205 0 L3Tau1DY0SSOFHMET100to150MTW0to120 FedorID:122 0 4.72119e-05 0 0 0 0 0 0 0 
scan  205 0 L3Tau1DY0SSOFHMET100to150MTW120to160 FedorID:127 0 4.72119e-05 0 0 0 0 0 0 0 
scan  205 0 L3Tau1DY0SSOFHMET100to150MTWgt160 FedorID:132 0 4.72119e-05 0 0 0 0 0 0 0 
scan  205 0 L3Tau1DY0SSOFHMET150to200MTW0to120 FedorID:123 0 4.72119e-05 0 0 0 0 0 0 0 
scan  205 0 L3Tau1DY0SSOFHMET150to200MTW120to160 FedorID:128 0 4.72119e-05 0 0 0 0 0 0 0 
scan  205 0 L3Tau1DY0SSOFHMET150to200MTWgt160 FedorID:133 0 4.72119e-05 0 0 0 0 0 0 0 
scan  205 0 L3Tau1DY0SSOFHMETgt200MTW0to120 FedorID:124 0 4.72119e-05 0 0 0 0 0 0 0 
scan  205 0 L3Tau1DY0SSOFHMETgt200MTW120to160 FedorID:129 0 4.72119e-05 0 0 0 0 0 0 0 
scan  205 0 L3Tau1DY0SSOFHMETgt200MTWgt160 FedorID:134 0 4.72119e-05 0 0 0 0 0 0 0 
scan  205 0 L3Tau1DY0SSMET0to50MTW0to120 FedorID:90 7.61847e-07 3.93584e-05 7.61847e-07 -7.95328e-09 -1.56025e-07 -7.61847e-08 0 -7.61864e-07 0 
scan  205 0 L3Tau1DY0SSMET0to50MTW120to160 FedorID:95 3.10623e-06 3.9589e-05 3.10623e-06 -4.00666e-08 -1.6656e-08 -3.10623e-07 0 -3.10623e-06 0 
scan  205 0 L3Tau1DY0SSMET0to50MTWgt160 FedorID:100 0 4.72119e-05 0 0 0 0 0 0 0 
scan  205 0 L3Tau1DY0SSMET50to100MTW0to120 FedorID:91 5.19939e-06 3.18129e-05 4.52317e-06 -1.93078e-07 -2.48845e-07 -5.19939e-07 0 7.61864e-07 0 
scan  205 0 L3Tau1DY0SSMET50to100MTW120to160 FedorID:96 0 4.72552e-05 0 0 0 0 0 2.02154e-06 0 
scan  205 0 L3Tau1DY0SSMET50to100MTWgt160 FedorID:101 0 4.72283e-05 0 0 0 0 0 1.24249e-06 0 
scan  205 0 L3Tau1DY0SSMET100to150MTW0to120 FedorID:92 1.54553e-06 3.93744e-05 1.54553e-06 -2.37735e-08 -1.86921e-07 -1.54553e-07 0 0 0 
scan  205 0 L3Tau1DY0SSMET100to150MTW120to160 FedorID:97 7.89004e-07 3.93516e-05 7.89004e-07 -1.65615e-08 0 -7.89004e-08 0 -1.57801e-07 0 
scan  205 0 L3Tau1DY0SSMET100to150MTWgt160 FedorID:102 7.70123e-07 3.93512e-05 7.70123e-07 -2.10846e-08 -4.13387e-09 -7.70123e-08 0 1.60458e-07 0 
scan  205 0 L3Tau1DY0SSMET150to200MTW0to120 FedorID:93 0 4.72119e-05 0 0 0 0 0 0 0 
scan  205 0 L3Tau1DY0SSMET150to200MTW120to160 FedorID:98 0 4.72119e-05 0 0 0 0 0 0 0 
scan  205 0 L3Tau1DY0SSMET150to200MTWgt160 FedorID:103 8.0229e-07 3.93521e-05 8.0229e-07 0 -1.4737e-07 -8.0229e-08 0 -1.60458e-07 0 
scan  205 0 L3Tau1DY0SSMETgt200MTW0to120 FedorID:94 5.95583e-07 3.93479e-05 5.95583e-07 0 -9.62788e-08 -5.95583e-08 0 0 0 
scan  205 0 L3Tau1DY0SSMETgt200MTW120to160 FedorID:99 0 4.72119e-05 0 0 0 0 0 0 0 
scan  205 0 L3Tau1DY0SSMETgt200MTWgt160 FedorID:104 0 4.72119e-05 0 0 0 0 0 0 0 
